3566.32585359 1.58403357522e-16
3568.5025053 1.53056386284e-16
3570.67915702 1.3296839607e-16
3572.85580873 1.42977503626e-16
3575.03246045 1.7710892722e-16
3577.20911217 1.97480408979e-16
3579.38576388 1.23257593613e-16
3581.5624156 1.06545629833e-16
3583.73906732 1.19190330442e-16
3585.91571903 1.3684251e-16
3588.09237075 1.79984486047e-16
3590.26902246 1.77386245036e-16
3592.44567418 1.55773649623e-16
3594.6223259 1.63468341523e-16
3596.79897761 1.22957239778e-16
3598.97562933 1.45039090213e-16
3601.15228105 1.48965535025e-16
3603.32893276 1.23208135121e-16
3605.50558448 1.52878762978e-16
3607.68223619 1.97864514851e-16
3609.85888791 1.29369491944e-16
3612.03553963 9.75585526954e-17
3614.21219134 1.86403391066e-16
3616.38884306 1.74413407214e-16
3618.56549478 1.56925415733e-16
3620.74214649 2.02563145674e-16
3622.91879821 1.87580110552e-16
3625.09544992 1.4131393934e-16
3627.27210164 1.75499319955e-16
3629.44875336 1.84349718742e-16
3631.62540507 1.91294635392e-16
3633.80205679 1.73202029016e-16
3635.97870851 1.77094283452e-16
3638.15536022 1.8002463124e-16
3640.33201194 1.15654649541e-16
3642.50866365 1.25691015125e-16
3644.68531537 2.00255817354e-16
3646.86196709 2.21259950792e-16
3649.0386188 1.79196294828e-16
3651.21527052 1.87454275876e-16
3653.39192224 1.97811084866e-16
3655.56857395 1.39975018822e-16
3657.74522567 1.64606630201e-16
3659.92187738 2.03572283308e-16
3662.0985291 1.56597022834e-16
3664.27518082 1.21012457261e-16
3666.45183253 1.02782979623e-16
3668.62848425 1.49573998714e-16
3670.80513597 1.64317150001e-16
3672.98178768 1.52097191505e-16
3675.1584394 1.50081715296e-16
3677.33509111 1.33221901697e-16
3679.51174283 1.44762452296e-16
3681.68839455 1.58860116391e-16
3683.86504626 9.9399803663e-17
3686.04169798 1.2614645076e-16
3688.2183497 1.3744311924e-16
3690.39500141 1.6615667773e-16
3692.57165313 1.31103532118e-16
3694.74830484 7.8669706175e-17
3696.92495656 1.58136120037e-16
3699.10160828 1.04715791278e-16
3701.27825999 1.7487980543e-16
3703.45491171 1.31710424869e-16
3705.63156343 9.28053415523e-17
3707.80821514 1.15958167601e-16
3709.98486686 1.4789358659e-16
3712.16151857 1.24978025136e-16
3714.33817029 1.3642646926e-16
3716.51482201 1.53365358845e-16
3718.69147372 1.48717150472e-16
3720.86812544 1.21342528078e-16
3723.04477715 1.43772221312e-16
3725.22142887 1.2414848133e-16
3727.39808059 1.516561608e-16
3729.5747323 1.18028646156e-16
3731.75138402 9.63279590827e-17
3733.92803574 1.55647854862e-16
3736.10468745 1.49667771291e-16
3738.28133917 1.40410658147e-16
3740.45799088 1.78421045524e-16
3742.6346426 1.74525298707e-16
3744.81129432 1.40324518874e-16
3746.98794603 1.01739364181e-16
3749.16459775 1.44809736926e-16
3751.34124947 1.28485125183e-16
3753.51790118 1.78098192495e-16
3755.6945529 1.68512894487e-16
3757.87120461 1.17940827886e-16
3760.04785633 1.08003836542e-16
3762.22450805 1.3626183362e-16
3764.40115976 1.28590721006e-16
3766.57781148 1.24595518105e-16
3768.7544632 1.13443259894e-16
3770.93111491 1.90116725928e-16
3773.10776663 1.67183234459e-16
3775.28441834 1.71415277165e-16
3777.46107006 1.7792522835e-16
3779.63772178 1.71986658022e-16
3781.81437349 1.23906415959e-16
3783.99102521 1.3536238989e-16
3786.16767693 1.61025690356e-16
3788.34432864 1.42455500929e-16
3790.52098036 1.3612475783e-16
3792.69763207 1.51304183856e-16
3794.87428379 1.49358576004e-16
3797.05093551 1.61080107851e-16
3799.22758722 1.49760284196e-16
3801.40423894 1.35808345386e-16
3803.58089066 1.63015736673e-16
3805.75754237 1.66013671078e-16
3807.93419409 1.61753643239e-16
3810.1108458 1.59152981803e-16
3812.28749752 1.37219998899e-16
3814.46414924 1.42707971055e-16
3816.64080095 1.55458057128e-16
3818.81745267 1.61420571931e-16
3820.99410439 1.54563397098e-16
3823.1707561 1.59586915042e-16
3825.34740782 1.4181247427e-16
3827.52405953 1.33321372475e-16
3829.70071125 1.28168555167e-16
3831.87736297 1.36866855235e-16
3834.05401468 1.49350814914e-16
3836.2306664 1.38847704085e-16
3838.40731812 1.26881319549e-16
3840.58396983 1.40968251006e-16
3842.76062155 1.29720679832e-16
3844.93727326 1.23969675153e-16
3847.11392498 1.6272904631e-16
3849.2905767 1.3339327688e-16
3851.46722841 1.49343803006e-16
3853.64388013 1.55797456482e-16
3855.82053185 1.80104619792e-16
3857.99718356 1.49634937789e-16
3860.17383528 1.64195724893e-16
3862.35048699 1.54285923266e-16
3864.52713871 1.69562491123e-16
3866.70379043 1.65393845581e-16
3868.88044214 1.06012757137e-16
3871.05709386 1.37358423557e-16
3873.23374557 1.38770642709e-16
3875.41039729 1.4009023654e-16
3877.58704901 1.2350596918e-16
3879.76370072 1.02604252573e-16
3881.94035244 8.63372431917e-17
3884.11700416 1.29439006411e-16
3886.29365587 1.30395174613e-16
3888.47030759 1.02744990221e-16
3890.6469593 9.63554007702e-17
3892.82361102 1.36525109415e-16
3895.00026274 1.14710984451e-16
3897.17691445 1.31541510535e-16
3899.35356617 1.48122113768e-16
3901.53021789 1.13186135887e-16
3903.7068696 1.18055599955e-16
3905.88352132 1.44429317674e-16
3908.06017303 1.29881050761e-16
3910.23682475 8.11759395607e-17
3912.41347647 1.19800739011e-16
3914.59012818 1.25383917928e-16
3916.7667799 9.4417959175e-17
3918.94343162 1.37017808857e-16
3921.12008333 1.07898864179e-16
3923.29673505 1.06598793911e-16
3925.47338676 1.43737263294e-16
3927.65003848 1.14691138618e-16
3929.8266902 9.43576662894e-17
3932.00334191 1.24955503654e-16
3934.17999363 1.17706887226e-16
3936.35664535 9.62575940901e-17
3938.53329706 1.20387407009e-16
3940.70994878 9.98562338004e-17
3942.88660049 7.83366297463e-17
3945.06325221 1.08020185425e-16
3947.23990393 1.09862192267e-16
3949.41655564 1.13084009992e-16
3951.59320736 9.09030061749e-17
3953.76985908 9.36276731153e-17
3955.94651079 1.27453356483e-16
3958.12316251 1.17246951399e-16
3960.29981422 1.06672251995e-16
3962.47646594 1.30331592578e-16
3964.65311766 1.37547012739e-16
3966.82976937 1.34075940671e-16
3969.00642109 9.31946236229e-17
3971.18307281 1.08726269462e-16
3973.35972452 1.02388211342e-16
3975.53637624 9.69894318954e-17
3977.71302795 1.5720230838e-16
3979.88967967 1.54462629599e-16
3982.06633139 1.35984978617e-16
3984.2429831 1.35867421156e-16
3986.41963482 1.44293008836e-16
3988.59628654 1.62541944524e-16
3990.77293825 1.29796140848e-16
3992.94958997 1.28164416198e-16
3995.12624168 1.47475018158e-16
3997.3028934 1.33011016928e-16
3999.47954512 1.28267839703e-16
4001.65619683 1.11086714521e-16
4003.83284855 7.45374174803e-17
4006.00950027 1.12751218568e-16
4008.18615198 1.35975356787e-16
4010.3628037 1.5931008442e-16
4012.53945541 1.35116448867e-16
4014.71610713 1.19476332373e-16
4016.89275885 1.14088012561e-16
4019.06941056 1.40440436343e-16
4021.24606228 1.42225974524e-16
4023.42271399 1.19701309361e-16
4025.59936571 9.52481008615e-17
4027.77601743 1.2025030471e-16
4029.95266914 1.50168665675e-16
4032.12932086 9.28677598668e-17
4034.30597258 9.47039331829e-17
4036.48262429 1.27294680936e-16
4038.65927601 1.21094845226e-16
4040.83592772 1.43760490829e-16
4043.01257944 1.28748926384e-16
4045.18923116 1.21000841722e-16
4047.36588287 1.23239301473e-16
4049.54253459 1.29388206674e-16
4051.71918631 1.28013750011e-16
4053.89583802 9.35281758765e-17
4056.07248974 1.11772463932e-16
4058.24914145 1.09063325046e-16
4060.42579317 9.4927126158e-17
4062.60244489 1.1033716646e-16
4064.7790966 1.1928308897e-16
4066.95574832 1.12656785344e-16
4069.13240004 1.32924442945e-16
4071.30905175 1.48235753465e-16
4073.48570347 1.16435476959e-16
4075.66235518 9.67433761912e-17
4077.8390069 1.21563086626e-16
4080.01565862 1.16451581314e-16
4082.19231033 8.72229363724e-17
4084.36896205 9.50869887275e-17
4086.54561377 9.10487396724e-17
4088.72226548 1.31588100571e-16
4090.8989172 1.32596554523e-16
4093.07556891 1.21575224964e-16
4095.25222063 1.13963986557e-16
4097.42887235 1.5343770569e-16
4099.60552406 1.72820331616e-16
4101.78217578 2.03971014129e-16
4103.9588275 2.15672363515e-16
4106.13547921 2.1005228064e-16
4108.31213093 1.58385109636e-16
4110.48878264 1.39164085358e-16
4112.66543436 1.25759915895e-16
4114.84208608 1.53161970596e-16
4117.01873779 1.16728535224e-16
4119.19538951 1.10547975852e-16
4121.37204123 1.42441091553e-16
4123.54869294 1.03876563294e-16
4125.72534466 1.25514982102e-16
4127.90199637 1.28352173763e-16
4130.07864809 1.14767360704e-16
4132.25529981 1.44676336814e-16
4134.43195152 1.52493274284e-16
4136.60860324 1.21647193691e-16
4138.78525496 1.34550774098e-16
4140.96190667 1.42331952717e-16
4143.13855839 1.10226625959e-16
4145.3152101 1.09334822874e-16
4147.49186182 1.23970413139e-16
4149.66851354 1.36951820434e-16
4151.84516525 1.27104660359e-16
4154.02181697 1.07802104572e-16
4156.19846869 1.19645276513e-16
4158.3751204 1.3216386299e-16
4160.55177212 1.59860796654e-16
4162.72842383 1.5757324728e-16
4164.90507555 1.60209622152e-16
4167.08172727 1.67505964053e-16
4169.25837898 1.65998589346e-16
4171.4350307 1.76049790494e-16
4173.61168242 1.08079994813e-16
4175.78833413 9.56596491088e-17
4177.96498585 1.15797094851e-16
4180.14163756 1.06985161723e-16
4182.31828928 1.15054374534e-16
4184.494941 1.22254904364e-16
4186.67159271 1.5459968359e-16
4188.84824443 1.52642527424e-16
4191.02489614 1.43816998028e-16
4193.20154786 1.27026042822e-16
4195.37819958 1.485105065e-16
4197.55485129 1.32849780596e-16
4199.73150301 1.36655595068e-16
4201.90815473 1.38598615049e-16
4204.08480644 1.40313963471e-16
4206.26145816 1.25748562889e-16
4208.43810987 1.03005940143e-16
4210.61476159 1.3949279337e-16
4212.79141331 1.38948929204e-16
4214.96806502 1.32669564533e-16
4217.14471674 1.49161835441e-16
4219.32136846 1.15536633722e-16
4221.49802017 9.75100134331e-17
4223.67467189 9.94681849098e-17
4225.8513236 1.10290294561e-16
4228.02797532 1.24866315574e-16
4230.20462704 1.35555694583e-16
4232.38127875 1.25594377201e-16
4234.55793047 1.40895714503e-16
4236.73458219 1.26372898789e-16
4238.9112339 1.49321883906e-16
4241.08788562 1.31387030963e-16
4243.26453733 1.43615521886e-16
4245.44118905 1.6853228227e-16
4247.61784077 1.21655271109e-16
4249.79449248 1.31778675017e-16
4251.9711442 1.50906622763e-16
4254.14779592 1.6969461423e-16
4256.32444763 1.92448696996e-16
4258.50109935 1.76886366992e-16
4260.67775106 1.59321746321e-16
4262.85440278 1.55992742177e-16
4265.0310545 1.55906653692e-16
4267.20770621 1.45310000031e-16
4269.38435793 1.57388115282e-16
4271.56100965 1.42785235225e-16
4273.73766136 1.18366372314e-16
4275.91431308 1.06630046604e-16
4278.09096479 1.11510310533e-16
4280.26761651 1.25428243586e-16
4282.44426823 1.3052603008e-16
4284.62091994 1.22895649144e-16
4286.79757166 1.34644679928e-16
4288.97422338 1.57505778756e-16
4291.15087509 1.55104040447e-16
4293.32752681 1.40209124131e-16
4295.50417852 1.55399834896e-16
4297.68083024 1.45907725722e-16
4299.85748196 1.51441803201e-16
4302.03413367 1.50857789279e-16
4304.21078539 1.41038215657e-16
4306.38743711 1.70120944413e-16
4308.56408882 1.63847237351e-16
4310.74074054 1.85589861452e-16
4312.91739225 1.51013843287e-16
4315.09404397 1.37239146851e-16
4317.27069569 1.54328314315e-16
4319.4473474 1.45231541582e-16
4321.62399912 1.35350289857e-16
4323.80065084 1.30957710853e-16
4325.97730255 1.27630923864e-16
4328.15395427 1.268675784e-16
4330.33060598 1.31402624177e-16
4332.5072577 1.26546031835e-16
4334.68390942 1.28821902332e-16
4336.86056113 1.33056077486e-16
4339.03721285 1.49130058379e-16
4341.21386456 1.85409642621e-16
4343.39051628 1.51288434964e-16
4345.567168 1.28787114827e-16
4347.74381971 1.29843052913e-16
4349.92047143 1.58773975323e-16
4352.09712315 1.59347720761e-16
4354.27377486 1.65468079202e-16
4356.45042658 1.6585736966e-16
4358.62707829 1.33104138139e-16
4360.80373001 1.05362133587e-16
4362.98038173 1.30230800307e-16
4365.15703344 1.41548632278e-16
4367.33368516 1.35572260327e-16
4369.51033688 1.12080663765e-16
4371.68698859 9.98605445222e-17
4373.86364031 9.58277431671e-17
4376.04029202 1.36952686441e-16
4378.21694374 1.30459679585e-16
4380.39359546 1.1880014629e-16
4382.57024717 1.51098210498e-16
4384.74689889 1.87493580926e-16
4386.92355061 1.94592967343e-16
4389.10020232 1.7524174694e-16
4391.27685404 1.66945697322e-16
4393.45350575 1.94848445268e-16
4395.63015747 1.90049719234e-16
4397.80680919 1.67076675504e-16
4399.9834609 1.68905082668e-16
4402.16011262 1.78179371513e-16
4404.33676434 1.7047148912e-16
4406.51341605 1.51539512866e-16
4408.69006777 1.56277388813e-16
4410.86671948 1.51387493565e-16
4413.0433712 1.790794123e-16
4415.22002292 1.69583817594e-16
4417.39667463 1.67919388891e-16
4419.57332635 1.61433334094e-16
4421.74997807 1.69346228693e-16
4423.92662978 1.86036554347e-16
4426.1032815 1.8160308446e-16
4428.27993321 1.94460190565e-16
4430.45658493 1.63028916626e-16
4432.63323665 1.48051020144e-16
4434.80988836 1.67733162364e-16
4436.98654008 1.50463144578e-16
4439.1631918 1.54703235249e-16
4441.33984351 1.52484763869e-16
4443.51649523 1.54044475393e-16
4445.69314694 1.59591523369e-16
4447.86979866 1.85671064541e-16
4450.04645038 1.90605088982e-16
4452.22310209 1.7681251279e-16
4454.39975381 1.96828863255e-16
4456.57640553 1.90257579715e-16
4458.75305724 1.5871236155e-16
4460.92970896 1.68391406658e-16
4463.10636067 1.46700864519e-16
4465.28301239 1.38984410061e-16
4467.45966411 1.50088713115e-16
4469.63631582 1.69343529885e-16
4471.81296754 1.65587900179e-16
4473.98961926 1.34696372442e-16
4476.16627097 1.6348059539e-16
4478.34292269 1.69126479093e-16
4480.5195744 1.72529129314e-16
4482.69622612 1.51248450414e-16
4484.87287784 1.73785317406e-16
4487.04952955 1.78361821066e-16
4489.22618127 1.88270578551e-16
4491.40283298 1.81621732722e-16
4493.5794847 1.74207227675e-16
4495.75613642 1.50671377738e-16
4497.93278813 1.66684633317e-16
4500.10943985 1.80335618606e-16
4502.28609157 1.66611974611e-16
4504.46274328 1.68776723517e-16
4506.639395 1.47766230896e-16
4508.81604671 1.25450846016e-16
4510.99269843 1.53991094568e-16
4513.16935015 1.52182616885e-16
4515.34600186 1.47778780562e-16
4517.52265358 1.67046378175e-16
4519.6993053 1.49906033868e-16
4521.87595701 1.42215433549e-16
4524.05260873 1.56014667242e-16
4526.22926044 1.65895435567e-16
4528.40591216 1.96649846576e-16
4530.58256388 1.7058723089e-16
4532.75921559 1.78214405144e-16
4534.93586731 1.8567974998e-16
4537.11251903 1.87331055619e-16
4539.28917074 1.63897212754e-16
4541.46582246 1.60389916297e-16
4543.64247417 1.94010844504e-16
4545.81912589 1.88385503003e-16
4547.99577761 1.7476739954e-16
4550.17242932 1.56698366295e-16
4552.34908104 1.77958731373e-16
4554.52573276 1.73748484405e-16
4556.70238447 1.69407916042e-16
4558.87903619 1.63737694004e-16
4561.0556879 1.46838210542e-16
4563.23233962 1.63596623064e-16
4565.40899134 1.59070804392e-16
4567.58564305 1.54778360379e-16
4569.76229477 1.82143686926e-16
4571.93894649 1.81087486097e-16
4574.1155982 1.57793402588e-16
4576.29224992 1.65669061284e-16
4578.46890163 1.63769316788e-16
4580.64555335 1.65822757496e-16
4582.82220507 1.76670792059e-16
4584.99885678 1.65386844117e-16
4587.1755085 1.77131294011e-16
4589.35216022 1.76115046291e-16
4591.52881193 1.84160078839e-16
4593.70546365 1.5678116984e-16
4595.88211536 1.77124880085e-16
4598.05876708 1.68040025132e-16
4600.2354188 1.6153461247e-16
4602.41207051 1.49703185089e-16
4604.58872223 1.75569448237e-16
4606.76537395 1.88412161485e-16
4608.94202566 1.76553076694e-16
4611.11867738 1.74464730772e-16
4613.29532909 1.67036600343e-16
4615.47198081 1.85058400756e-16
4617.64863253 1.81988744617e-16
4619.82528424 1.7747473902e-16
4622.00193596 1.59681566716e-16
4624.17858768 1.44343700399e-16
4626.35523939 1.63895140404e-16
4628.53189111 1.88416344343e-16
4630.70854282 1.97615973524e-16
4632.88519454 1.68601940039e-16
4635.06184626 1.71710905343e-16
4637.23849797 2.02627384443e-16
4639.41514969 1.92198008021e-16
4641.5918014 1.71972748866e-16
4643.76845312 1.52599258926e-16
4645.94510484 1.58832244842e-16
4648.12175655 1.57750683382e-16
4650.29840827 1.72559707892e-16
4652.47505999 1.73014444325e-16
4654.6517117 1.7863940004e-16
4656.82836342 1.6355695179e-16
4659.00501513 1.67407871987e-16
4661.18166685 1.69752079356e-16
4663.35831857 1.78152788981e-16
4665.53497028 1.81035871989e-16
4667.711622 1.72988882041e-16
4669.88827372 1.85011185061e-16
4672.06492543 1.75883976229e-16
4674.24157715 1.52149101055e-16
4676.41822886 1.6895262253e-16
4678.59488058 1.84918850455e-16
4680.7715323 1.74907917271e-16
4682.94818401 1.60573551041e-16
4685.12483573 1.8355890682e-16
4687.30148745 1.78289593814e-16
4689.47813916 1.8079688842e-16
4691.65479088 1.80724980256e-16
4693.83144259 1.89964353703e-16
4696.00809431 1.85317061144e-16
4698.18474603 1.5215484413e-16
4700.36139774 1.69114087337e-16
4702.53804946 1.53208262409e-16
4704.71470118 1.5218585462e-16
4706.89135289 1.54185567104e-16
4709.06800461 1.59809207129e-16
4711.24465632 1.73684983839e-16
4713.42130804 1.65688027435e-16
4715.59795976 1.84871294693e-16
4717.77461147 1.53184348585e-16
4719.95126319 1.5382385348e-16
4722.12791491 1.76441999245e-16
4724.30456662 1.58615955816e-16
4726.48121834 1.62915221562e-16
4728.65787005 1.66931499868e-16
4730.83452177 1.63679202812e-16
4733.01117349 1.45454585261e-16
4735.1878252 1.50841165573e-16
4737.36447692 1.5336428508e-16
4739.54112864 1.4274475067e-16
4741.71778035 1.48297803541e-16
4743.89443207 1.55748959306e-16
4746.07108378 1.72134717238e-16
4748.2477355 1.61319607645e-16
4750.42438722 1.6019885873e-16
4752.60103893 1.93230442987e-16
4754.77769065 1.86262135993e-16
4756.95434237 1.6522561947e-16
4759.13099408 1.74164602554e-16
4761.3076458 1.51486291175e-16
4763.48429751 1.58901778509e-16
4765.66094923 1.57518307346e-16
4767.83760095 1.56789214484e-16
4770.01425266 1.63617807425e-16
4772.19090438 1.65349706465e-16
4774.3675561 1.75866746159e-16
4776.54420781 1.87139085389e-16
4778.72085953 1.91712533332e-16
4780.89751124 1.8219818175e-16
4783.07416296 1.83203894882e-16
4785.25081468 1.52147868443e-16
4787.42746639 1.79749107815e-16
4789.60411811 1.79597824673e-16
4791.78076982 1.57110483224e-16
4793.95742154 1.59704014055e-16
4796.13407326 1.7309375434e-16
4798.31072497 1.75693369794e-16
4800.48737669 1.87578383688e-16
4802.66402841 1.93905302583e-16
4804.84068012 1.84532853616e-16
4807.01733184 1.89211351455e-16
4809.19398355 1.86552320859e-16
4811.37063527 1.85102547768e-16
4813.54728699 1.65168326053e-16
4815.7239387 1.6342607368e-16
4817.90059042 1.79989923011e-16
4820.07724214 1.72032064171e-16
4822.25389385 1.69401837584e-16
4824.43054557 1.68395465728e-16
4826.60719728 1.70455533514e-16
4828.783849 1.71474983116e-16
4830.96050072 1.52165853994e-16
4833.13715243 1.4825897921e-16
4835.31380415 1.59096114274e-16
4837.49045587 1.59955657559e-16
4839.66710758 1.5845221884e-16
4841.8437593 1.7298509761e-16
4844.02041101 1.7918262626e-16
4846.19706273 1.74345445743e-16
4848.37371445 1.69179032577e-16
4850.55036616 1.81713879024e-16
4852.72701788 1.79689961753e-16
4854.9036696 1.72459096486e-16
4857.08032131 1.8000339101e-16
4859.25697303 1.88050715843e-16
4861.43362474 1.62542562943e-16
4863.61027646 1.51811229622e-16
4865.78692818 1.85885403117e-16
4867.96357989 1.86606286427e-16
4870.14023161 1.67523118188e-16
4872.31688333 1.60533709392e-16
4874.49353504 1.72217190562e-16
4876.67018676 1.85356469995e-16
4878.84683847 1.82633091594e-16
4881.02349019 1.8272568895e-16
4883.20014191 1.63008410513e-16
4885.37679362 1.45782096011e-16
4887.55344534 1.81956414821e-16
4889.73009706 1.72205009653e-16
4891.90674877 1.83110383885e-16
4894.08340049 1.71729675106e-16
4896.2600522 1.54983235606e-16
4898.43670392 1.703231384e-16
4900.61335564 1.78543723168e-16
4902.79000735 1.71137328696e-16
4904.96665907 1.57958289658e-16
4907.14331079 1.61858887884e-16
4909.3199625 1.62198976349e-16
4911.49661422 1.56683087085e-16
4913.67326593 1.57586430999e-16
4915.84991765 1.70835333606e-16
4918.02656937 1.79813417833e-16
4920.20322108 1.77429146918e-16
4922.3798728 1.77225430517e-16
4924.55652452 1.89690680229e-16
4926.73317623 1.90430928213e-16
4928.90982795 1.76279467327e-16
4931.08647966 1.68108279025e-16
4933.26313138 1.66580007588e-16
4935.4397831 1.84518379815e-16
4937.61643481 1.73595661593e-16
4939.79308653 1.81090342828e-16
4941.96973825 1.80801227145e-16
4944.14638996 1.81634845755e-16
4946.32304168 1.82393374328e-16
4948.49969339 1.79735613212e-16
4950.67634511 2.05468774311e-16
4952.85299683 1.99375583832e-16
4955.02964854 1.98323088585e-16
4957.20630026 1.93550711635e-16
4959.38295197 1.92503373688e-16
4961.55960369 1.88900564041e-16
4963.73625541 1.92671352285e-16
4965.91290712 1.88345931053e-16
4968.08955884 1.92004459988e-16
4970.26621056 1.92829126126e-16
4972.44286227 1.88403238447e-16
4974.61951399 1.67678479459e-16
4976.7961657 1.87947662759e-16
4978.97281742 1.80931243417e-16
4981.14946914 1.98114707171e-16
4983.32612085 2.08861611568e-16
4985.50277257 1.88370358049e-16
4987.67942429 1.77152554092e-16
4989.856076 1.6421571073e-16
4992.03272772 1.80776298345e-16
4994.20937943 1.63139565183e-16
4996.38603115 1.82530604376e-16
4998.56268287 1.72878118592e-16
5000.73933458 1.66610918694e-16
5002.9159863 1.80785752436e-16
5005.09263802 1.76597620374e-16
5007.26928973 1.82470145882e-16
5009.44594145 1.76013975153e-16
5011.62259316 1.76702065049e-16
5013.79924488 1.79706524245e-16
5015.9758966 1.7637113042e-16
5018.15254831 1.90698655194e-16
5020.32920003 1.74787612633e-16
5022.50585175 1.71075779023e-16
5024.68250346 1.77127894229e-16
5026.85915518 1.85279958859e-16
5029.03580689 1.98643001489e-16
5031.21245861 1.6923447774e-16
5033.38911033 1.81240419004e-16
5035.56576204 1.87406411921e-16
5037.74241376 1.96349035733e-16
5039.91906548 1.96103315281e-16
5042.09571719 1.81350504388e-16
5044.27236891 1.68111818899e-16
5046.44902062 1.59679052891e-16
5048.62567234 1.72732420867e-16
5050.80232406 1.70576565407e-16
5052.97897577 1.82080197187e-16
5055.15562749 1.76922399442e-16
5057.33227921 1.91237775891e-16
5059.50893092 1.90215214891e-16
5061.68558264 1.81534977028e-16
5063.86223435 1.74387635096e-16
5066.03888607 1.58418688702e-16
5068.21553779 1.72774296036e-16
5070.3921895 1.62373458053e-16
5072.56884122 1.76849902254e-16
5074.74549294 1.74495942117e-16
5076.92214465 1.78100460815e-16
5079.09879637 1.65426518823e-16
5081.27544808 1.88396790619e-16
5083.4520998 1.9179510008e-16
5085.62875152 2.05751569062e-16
5087.80540323 1.91742334225e-16
5089.98205495 1.76858263239e-16
5092.15870667 1.86217097374e-16
5094.33535838 1.9165651259e-16
5096.5120101 1.72904869772e-16
5098.68866181 1.81902419554e-16
5100.86531353 1.71588933226e-16
5103.04196525 1.79763216128e-16
5105.21861696 2.09438084521e-16
5107.39526868 1.96129372065e-16
5109.57192039 1.89892683254e-16
5111.74857211 1.90108225152e-16
5113.92522383 1.64553604949e-16
5116.10187554 1.7469359599e-16
5118.27852726 1.72574902266e-16
5120.45517898 1.68588231472e-16
5122.63183069 1.7967098821e-16
5124.80848241 1.73800936854e-16
5126.98513412 1.84642795921e-16
5129.16178584 1.8555723689e-16
5131.33843756 1.93332599254e-16
5133.51508927 1.94914171254e-16
5135.69174099 1.83237273291e-16
5137.86839271 1.69578088324e-16
5140.04504442 1.93042543065e-16
5142.22169614 1.92004892962e-16
5144.39834785 1.8557554078e-16
5146.57499957 1.82339179269e-16
5148.75165129 1.88188445884e-16
5150.928303 1.60460690054e-16
5153.10495472 1.70258130546e-16
5155.28160644 1.95758672105e-16
5157.45825815 2.00066834979e-16
5159.63490987 1.98169172662e-16
5161.81156158 1.9222190672e-16
5163.9882133 1.90464264766e-16
5166.16486502 1.94048096736e-16
5168.34151673 1.70337141579e-16
5170.51816845 1.77538108353e-16
5172.69482017 1.6628169845e-16
5174.87147188 1.86304936527e-16
5177.0481236 1.78725149716e-16
5179.22477531 1.6911681523e-16
5181.40142703 1.83639044975e-16
5183.57807875 1.8200562018e-16
5185.75473046 1.62629118579e-16
5187.93138218 1.8871519982e-16
5190.1080339 1.90722850978e-16
5192.28468561 1.79467405919e-16
5194.46133733 1.96020933003e-16
5196.63798904 1.95108050519e-16
5198.81464076 1.87191082448e-16
5200.99129248 1.87664152417e-16
5203.16794419 1.78746392213e-16
5205.34459591 1.82010529998e-16
5207.52124763 1.70958514758e-16
5209.69789934 1.78171340874e-16
5211.87455106 1.65477552222e-16
5214.05120277 1.78473688537e-16
5216.22785449 1.82257756191e-16
5218.40450621 1.87359245244e-16
5220.58115792 1.80252529093e-16
5222.75780964 1.87785672926e-16
5224.93446136 1.84305659306e-16
5227.11111307 2.05142643886e-16
5229.28776479 1.85563970924e-16
5231.4644165 1.68055089898e-16
5233.64106822 1.75418031661e-16
5235.81771994 1.83016580807e-16
5237.99437165 1.78091917584e-16
5240.17102337 1.74326891913e-16
5242.34767509 1.79856788471e-16
5244.5243268 1.84744875932e-16
5246.70097852 1.65859461768e-16
5248.87763023 1.71823793796e-16
5251.05428195 1.7377104386e-16
5253.23093367 1.78630103724e-16
5255.40758538 1.76930973218e-16
5257.5842371 1.61589756305e-16
5259.76088881 1.68384506849e-16
5261.93754053 1.7598551948e-16
5264.11419225 1.85339597137e-16
5266.29084396 1.73647559667e-16
5268.46749568 1.7398372206e-16
5270.6441474 1.72646101906e-16
5272.82079911 1.76635446145e-16
5274.99745083 1.75122526631e-16
5277.17410254 1.80910384096e-16
5279.35075426 1.78652480976e-16
5281.52740598 1.71007352119e-16
5283.70405769 1.99267284948e-16
5285.88070941 1.79837420629e-16
5288.05736113 1.69482589857e-16
5290.23401284 1.65731712016e-16
5292.41066456 1.592165685e-16
5294.58731627 1.84684290758e-16
5296.76396799 1.75870371093e-16
5298.94061971 1.80934987056e-16
5301.11727142 1.91363349022e-16
5303.29392314 1.88978760768e-16
5305.47057486 1.76906385191e-16
5307.64722657 1.79571249405e-16
5309.82387829 1.85966599223e-16
5312.00053 1.73900988388e-16
5314.17718172 1.80883029738e-16
5316.35383344 1.8693947581e-16
5318.53048515 1.74808875816e-16
5320.70713687 1.81653050536e-16
5322.88378859 1.84583545654e-16
5325.0604403 1.79268173251e-16
5327.23709202 1.71380449252e-16
5329.41374373 1.81331162703e-16
5331.59039545 1.80441522827e-16
5333.76704717 1.64476595306e-16
5335.94369888 1.73612578705e-16
5338.1203506 1.87991450286e-16
5340.29700232 1.8647090677e-16
5342.47365403 2.01307236493e-16
5344.65030575 2.03908026111e-16
5346.82695746 2.21554433075e-16
5349.00360918 2.76204117513e-16
5351.1802609 3.11481743523e-16
5353.35691261 3.15233502072e-16
5355.53356433 2.84588894728e-16
5357.71021605 2.41019066771e-16
5359.88686776 2.21753657097e-16
5362.06351948 2.1005781866e-16
5364.24017119 2.08487126235e-16
5366.41682291 1.99737868359e-16
5368.59347463 1.98545942222e-16
5370.77012634 2.00225031624e-16
5372.94677806 1.99769917561e-16
5375.12342978 1.81494102265e-16
5377.30008149 1.81840672596e-16
5379.47673321 1.93608190128e-16
5381.65338492 1.88533903706e-16
5383.83003664 1.99784668224e-16
5386.00668836 1.91583422726e-16
5388.18334007 1.73444412722e-16
5390.35999179 1.92281744193e-16
5392.53664351 2.10417603709e-16
5394.71329522 1.78640584466e-16
5396.88994694 1.77193776133e-16
5399.06659865 1.8492688539e-16
5401.24325037 1.83383533915e-16
5403.41990209 1.93276892619e-16
5405.5965538 1.83563193043e-16
5407.77320552 1.76753207392e-16
5409.94985723 1.83168778779e-16
5412.12650895 1.72753421075e-16
5414.30316067 1.83296523867e-16
5416.47981238 1.87076998629e-16
5418.6564641 1.7236026126e-16
5420.83311582 1.63948858704e-16
5423.00976753 1.81785132603e-16
5425.18641925 1.88861471438e-16
5427.36307096 1.84911867802e-16
5429.53972268 1.75282992522e-16
5431.7163744 1.80602131885e-16
5433.89302611 1.77505683967e-16
5436.06967783 1.86297700605e-16
5438.24632955 1.91848181649e-16
5440.42298126 1.78288337047e-16
5442.59963298 1.77596633515e-16
5444.77628469 1.72030920756e-16
5446.95293641 1.82397691597e-16
5449.12958813 1.94148147504e-16
5451.30623984 1.8643100526e-16
5453.48289156 1.82487719364e-16
5455.65954328 1.99634855492e-16
5457.83619499 2.03442466507e-16
5460.01284671 2.08642552485e-16
5462.18949842 2.0419909816e-16
5464.36615014 1.82446253039e-16
5466.54280186 1.84553825296e-16
5468.71945357 1.92194275071e-16
5470.89610529 1.79255581494e-16
5473.07275701 1.78659599062e-16
5475.24940872 1.83512084521e-16
5477.42606044 1.79273626825e-16
5479.60271215 1.81605851531e-16
5481.77936387 1.74321817733e-16
5483.95601559 1.78062585344e-16
5486.1326673 1.72233947908e-16
5488.30931902 1.56130152511e-16
5490.48597074 1.57174118984e-16
5492.66262245 1.70239416648e-16
5494.83927417 1.68540102084e-16
5497.01592588 1.73562197538e-16
5499.1925776 1.76898761381e-16
5501.36922932 1.78360288017e-16
5503.54588103 1.96852030808e-16
5505.72253275 2.06973027676e-16
5507.89918447 2.30251609385e-16
5510.07583618 2.8066319809e-16
5512.2524879 2.95781327153e-16
5514.42913961 2.82063619563e-16
5516.60579133 2.47134024202e-16
5518.78244305 1.84974500556e-16
5520.95909476 1.54648304627e-16
5523.13574648 1.62580778425e-16
5525.3123982 1.47130194484e-16
5527.48904991 1.64756935492e-16
5529.66570163 1.84718822831e-16
5531.84235334 1.78968362327e-16
5534.01900506 1.71420468056e-16
5536.19565678 1.74732876045e-16
5538.37230849 1.84616058881e-16
5540.54896021 1.79722351686e-16
5542.72561193 1.77266037674e-16
5544.90226364 1.67215502082e-16
5547.07891536 1.60866638296e-16
5549.25556707 1.52057977474e-16
5551.43221879 1.63323448468e-16
5553.60887051 1.74627654679e-16
5555.78552222 1.68555142411e-16
5557.96217394 1.65454563859e-16
5560.13882565 1.71184881363e-16
5562.31547737 1.53748976513e-16
5564.49212909 1.79218599294e-16
5566.6687808 1.86630328311e-16
5568.84543252 1.74179176862e-16
5571.02208424 1.86299268332e-16
5573.19873595 2.03116758278e-16
5575.37538767 1.99369435318e-16
5577.55203938 2.07694703931e-16
5579.7286911 1.83872991332e-16
5581.90534282 1.45912416489e-16
5584.08199453 1.54413863839e-16
5586.25864625 1.52276273861e-16
5588.43529797 1.56715774305e-16
5590.61194968 1.63963605814e-16
5592.7886014 1.7396482051e-16
5594.96525311 1.67259503534e-16
5597.14190483 1.5608297507e-16
5599.31855655 1.56482867251e-16
5601.49520826 1.74974325059e-16
5603.67185998 1.76869401684e-16
5605.8485117 1.85389778344e-16
5608.02516341 1.78390050976e-16
5610.20181513 1.75664056451e-16
5612.37846684 1.79374145882e-16
5614.55511856 1.67086043003e-16
5616.73177028 1.62595258608e-16
5618.90842199 1.72460290684e-16
5621.08507371 1.67760633217e-16
5623.26172543 1.65155136878e-16
5625.43837714 1.72036309077e-16
5627.61502886 1.64511066237e-16
5629.79168057 1.50589077619e-16
5631.96833229 1.75854587105e-16
5634.14498401 1.72934511435e-16
5636.32163572 1.5012510207e-16
5638.49828744 1.44085120495e-16
5640.67493916 1.58370192947e-16
5642.85159087 1.64072542084e-16
5645.02824259 1.66971806781e-16
5647.2048943 1.66041433726e-16
5649.38154602 1.83169221611e-16
5651.55819774 1.71744784194e-16
5653.73484945 1.67809875783e-16
5655.91150117 1.71260100611e-16
5658.08815289 1.65964263067e-16
5660.2648046 1.63351642464e-16
5662.44145632 1.54373473365e-16
5664.61810803 1.62968671616e-16
5666.79475975 1.77491050004e-16
5668.97141147 1.78114229956e-16
5671.14806318 1.53641129832e-16
5673.3247149 1.6298949177e-16
5675.50136662 1.63564971324e-16
5677.67801833 1.69515164531e-16
5679.85467005 1.88312977512e-16
5682.03132176 1.81763482553e-16
5684.20797348 1.75057770978e-16
5686.3846252 1.59543290061e-16
5688.56127691 1.46429735095e-16
5690.73792863 1.45048919672e-16
5692.91458035 1.47974351415e-16
5695.09123206 1.56354872589e-16
5697.26788378 1.53379555479e-16
5699.44453549 1.55490847727e-16
5701.62118721 1.68425576831e-16
5703.79783893 1.67835403512e-16
5705.97449064 1.5879135928e-16
5708.15114236 1.58484207422e-16
5710.32779408 1.75345527923e-16
5712.50444579 1.70875742079e-16
5714.68109751 1.67328002482e-16
5716.85774922 1.74121945527e-16
5719.03440094 1.79339301769e-16
5721.21105266 1.69746705899e-16
5723.38770437 1.67068277468e-16
5725.56435609 1.80939843106e-16
5727.7410078 1.69590252583e-16
5729.91765952 1.64212614449e-16
5732.09431124 1.65239780597e-16
5734.27096295 1.53806851142e-16
5736.44761467 1.60958135833e-16
5738.62426639 1.80171293692e-16
5740.8009181 1.8658688842e-16
5742.97756982 1.73477777458e-16
5745.15422153 1.79940722128e-16
5747.33087325 1.74269696606e-16
5749.50752497 1.59271862214e-16
5751.68417668 1.67445491528e-16
5753.8608284 1.64577975331e-16
5756.03748012 1.77457133327e-16
5758.21413183 1.72580860696e-16
5760.39078355 1.62152720763e-16
5762.56743526 1.68151449089e-16
5764.74408698 1.76401499438e-16
5766.9207387 1.68986109342e-16
5769.09739041 1.61811810872e-16
5771.27404213 1.71395399628e-16
5773.45069385 1.82629092022e-16
5775.62734556 1.5259822661e-16
5777.80399728 1.56890825907e-16
5779.98064899 1.72659979794e-16
5782.15730071 1.7294869764e-16
5784.33395243 1.75057188391e-16
5786.51060414 1.64699538173e-16
5788.68725586 1.82594769653e-16
5790.86390758 1.70277058323e-16
5793.04055929 1.59406206255e-16
5795.21721101 1.6585246117e-16
5797.39386272 1.59487482318e-16
5799.57051444 1.57896892207e-16
5801.74716616 1.51204951189e-16
5803.92381787 1.55266380126e-16
5806.10046959 1.66309744403e-16
5808.27712131 1.52994263793e-16
5810.45377302 1.60159216764e-16
5812.63042474 1.64312490049e-16
5814.80707645 1.67500280544e-16
5816.98372817 1.53607103296e-16
5819.16037989 1.55860101096e-16
5821.3370316 1.90864193235e-16
5823.51368332 1.93554134252e-16
5825.69033504 1.70277758626e-16
5827.86698675 1.86084681798e-16
5830.04363847 1.849811172e-16
5832.22029018 1.6362707758e-16
5834.3969419 1.61403592744e-16
5836.57359362 1.73558157349e-16
5838.75024533 1.80537429273e-16
5840.92689705 1.87493375143e-16
5843.10354877 1.77049712727e-16
5845.28020048 1.69580370362e-16
5847.4568522 1.7443247348e-16
5849.63350391 1.73884339949e-16
5851.81015563 1.75269727669e-16
5853.98680735 1.70690621448e-16
5856.16345906 1.97336165059e-16
5858.34011078 1.89355529781e-16
5860.5167625 1.71809110505e-16
5862.69341421 1.76933706344e-16
5864.87006593 1.69282043949e-16
5867.04671764 1.65911472355e-16
5869.22336936 1.76011702e-16
5871.40002108 1.77156583152e-16
5873.57667279 1.6782119394e-16
5875.75332451 1.64763035715e-16
5877.92997622 1.73786556168e-16
5880.10662794 1.70799235791e-16
5882.28327966 1.73143539098e-16
5884.45993137 1.78735211535e-16
5886.63658309 1.96481304903e-16
5888.81323481 1.79842571235e-16
5890.98988652 1.86531822285e-16
5893.16653824 1.90714524794e-16
5895.34318995 1.74380868128e-16
5897.51984167 1.69156860386e-16
5899.69649339 1.80163312886e-16
5901.8731451 1.85571141534e-16
5904.04979682 1.74459553602e-16
5906.22644854 1.69395040424e-16
5908.40310025 1.59600739924e-16
5910.57975197 1.76405814772e-16
5912.75640368 1.80626900901e-16
5914.9330554 1.69246962623e-16
5917.10970712 1.82492738616e-16
5919.28635883 1.88922847479e-16
5921.46301055 1.80232423535e-16
5923.63966227 1.87709422354e-16
5925.81631398 1.75532150524e-16
5927.9929657 1.68756205303e-16
5930.16961741 1.76823301504e-16
5932.34626913 1.79651142292e-16
5934.52292085 1.76528609017e-16
5936.69957256 1.72680790578e-16
5938.87622428 1.76989815958e-16
5941.052876 1.84492989886e-16
5943.22952771 1.70017502491e-16
5945.40617943 1.66531461196e-16
5947.58283114 1.66161844787e-16
5949.75948286 1.75122046696e-16
5951.93613458 1.76192081781e-16
5954.11278629 1.65673310199e-16
5956.28943801 1.67152986568e-16
5958.46608973 1.70288078648e-16
5960.64274144 1.73116240531e-16
5962.81939316 1.73255427246e-16
5964.99604487 1.86432759107e-16
5967.17269659 1.80927775337e-16
5969.34934831 1.80066435048e-16
5971.52600002 1.81457960723e-16
5973.70265174 1.81165042226e-16
5975.87930346 1.70962241924e-16
5978.05595517 1.79919113125e-16
5980.23260689 1.75438925367e-16
5982.4092586 1.75966355845e-16
5984.58591032 1.79177607568e-16
5986.76256204 1.65639350975e-16
5988.93921375 1.73554282282e-16
5991.11586547 1.76681794623e-16
5993.29251719 1.70031990581e-16
5995.4691689 1.80637661304e-16
5997.64582062 1.7152531938e-16
5999.82247233 1.78698732134e-16
6001.99912405 1.73629009623e-16
6004.17577577 1.57959615932e-16
6006.35242748 1.60572046368e-16
6008.5290792 1.52097322237e-16
6010.70573092 1.66873766864e-16
6012.88238263 1.75218592538e-16
6015.05903435 1.59951545633e-16
6017.23568606 1.62535867232e-16
6019.41233778 1.761372966e-16
6021.5889895 1.75138460289e-16
6023.76564121 1.59719129781e-16
6025.94229293 1.57727407434e-16
6028.11894464 1.59198266678e-16
6030.29559636 1.58752966459e-16
6032.47224808 1.55137942932e-16
6034.64889979 1.64361329018e-16
6036.82555151 1.75256100124e-16
6039.00220323 1.87297614717e-16
6041.17885494 1.67695901838e-16
6043.35550666 1.59915117524e-16
6045.53215837 1.62395151975e-16
6047.70881009 1.62804948896e-16
6049.88546181 1.76071493461e-16
6052.06211352 1.66407551496e-16
6054.23876524 1.62356969906e-16
6056.41541696 1.64271508588e-16
6058.59206867 1.62351096587e-16
6060.76872039 1.6573807796e-16
6062.9453721 1.6325453357e-16
6065.12202382 1.63269594369e-16
6067.29867554 1.62917348697e-16
6069.47532725 1.68947231862e-16
6071.65197897 1.74265710954e-16
6073.82863069 1.68576364607e-16
6076.0052824 1.72403726862e-16
6078.18193412 1.76523500276e-16
6080.35858583 1.6670518309e-16
6082.53523755 1.66331022681e-16
6084.71188927 1.66706654841e-16
6086.88854098 1.7242602364e-16
6089.0651927 1.74412598164e-16
6091.24184442 1.72851925614e-16
6093.41849613 1.731565138e-16
6095.59514785 1.75503960661e-16
6097.77179956 1.88208839852e-16
6099.94845128 1.8662311487e-16
6102.125103 1.70350575279e-16
6104.30175471 1.73554741195e-16
6106.47840643 1.74554505423e-16
6108.65505815 1.69794172414e-16
6110.83170986 1.68239340995e-16
6113.00836158 1.69536279416e-16
6115.18501329 1.67464010581e-16
6117.36166501 1.73342149914e-16
6119.53831673 1.76397825364e-16
6121.71496844 1.59531394131e-16
6123.89162016 1.66459936375e-16
6126.06827188 1.64690672603e-16
6128.24492359 1.62738170317e-16
6130.42157531 1.6202093124e-16
6132.59822702 1.59257837993e-16
6134.77487874 1.62868785575e-16
6136.95153046 1.65640229204e-16
6139.12818217 1.71397900768e-16
6141.30483389 1.67182551267e-16
6143.48148561 1.65736310486e-16
6145.65813732 1.61073855463e-16
6147.83478904 1.61820278659e-16
6150.01144075 1.61779302669e-16
6152.18809247 1.58772263504e-16
6154.36474419 1.61512679561e-16
6156.5413959 1.6169394159e-16
6158.71804762 1.65056683927e-16
6160.89469934 1.57998310355e-16
6163.07135105 1.55779092952e-16
6165.24800277 1.50036655493e-16
6167.42465448 1.52903678179e-16
6169.6013062 1.59907729417e-16
6171.77795792 1.580280838e-16
6173.95460963 1.69371939221e-16
6176.13126135 1.75091813228e-16
6178.30791306 1.59973945669e-16
6180.48456478 1.58400808175e-16
6182.6612165 1.71219367341e-16
6184.83786821 1.65340455664e-16
6187.01451993 1.6283819711e-16
6189.19117165 1.60084250847e-16
6191.36782336 1.47567955995e-16
6193.54447508 1.3553780376e-16
6195.72112679 1.54583870687e-16
6197.89777851 1.69197656271e-16
6200.07443023 1.60440543115e-16
6202.25108194 1.60601960504e-16
6204.42773366 1.60388991994e-16
6206.60438538 1.54311118265e-16
6208.78103709 1.53235612595e-16
6210.95768881 1.53279213687e-16
6213.13434052 1.5405304326e-16
6215.31099224 1.60393560512e-16
6217.48764396 1.69217664313e-16
6219.66429567 1.73673762754e-16
6221.84094739 1.63216633349e-16
6224.01759911 1.6492941449e-16
6226.19425082 1.65681505958e-16
6228.37090254 1.59845644047e-16
6230.54755425 1.57482726729e-16
6232.72420597 1.59649564845e-16
6234.90085769 1.53900864793e-16
6237.0775094 1.58108535312e-16
6239.25416112 1.71978281561e-16
6241.43081284 1.5955874265e-16
6243.60746455 1.5914917129e-16
6245.78411627 1.65660555519e-16
6247.96076798 1.63350999025e-16
6250.1374197 1.68086468763e-16
6252.31407142 1.68111240987e-16
6254.49072313 1.53776682486e-16
6256.66737485 1.68161127702e-16
6258.84402657 1.61004579798e-16
6261.02067828 1.55974167738e-16
6263.19733 1.59849526284e-16
6265.37398171 1.58253170093e-16
6267.55063343 1.69400154893e-16
6269.72728515 1.63136892391e-16
6271.90393686 1.60238510369e-16
6274.08058858 1.59346420941e-16
6276.2572403 1.44034924059e-16
6278.43389201 1.62991970966e-16
6280.61054373 1.63741643521e-16
6282.78719544 1.47282369565e-16
6284.96384716 1.55077597181e-16
6287.14049888 1.53875578032e-16
6289.31715059 1.5335001794e-16
6291.49380231 1.57236823291e-16
6293.67045403 1.61687666818e-16
6295.84710574 1.71702276509e-16
6298.02375746 1.52039776823e-16
6300.20040917 1.62878556046e-16
6302.37706089 1.83608081496e-16
6304.55371261 1.57324300068e-16
6306.73036432 1.59763169824e-16
6308.90701604 1.66350692096e-16
6311.08366776 1.738901864e-16
6313.26031947 1.75892093725e-16
6315.43697119 1.6644814972e-16
6317.6136229 1.68894982515e-16
6319.79027462 1.65933323115e-16
6321.96692634 1.67430475952e-16
6324.14357805 1.6466952526e-16
6326.32022977 1.65592625337e-16
6328.49688148 1.6991716026e-16
6330.6735332 1.58609170256e-16
6332.85018492 1.60095517087e-16
6335.02683663 1.67022060602e-16
6337.20348835 1.61246430573e-16
6339.38014007 1.54625920729e-16
6341.55679178 1.54286347081e-16
6343.7334435 1.50542544605e-16
6345.91009521 1.43824588551e-16
6348.08674693 1.62852732435e-16
6350.26339865 1.66941358071e-16
6352.44005036 1.54108814905e-16
6354.61670208 1.60148690635e-16
6356.7933538 1.6175255732e-16
6358.97000551 1.5629128994e-16
6361.14665723 1.79515495783e-16
6363.32330894 1.66523698925e-16
6365.49996066 1.61743956767e-16
6367.67661238 1.57683753235e-16
6369.85326409 1.65051470883e-16
6372.02991581 1.55763492419e-16
6374.20656753 1.56780332181e-16
6376.38321924 1.60282329727e-16
6378.55987096 1.63683432957e-16
6380.73652267 1.55273150433e-16
6382.91317439 1.56731068076e-16
6385.08982611 1.64480527977e-16
6387.26647782 1.70427051556e-16
6389.44312954 1.61141724625e-16
6391.61978126 1.5563653765e-16
6393.79643297 1.5993903498e-16
6395.97308469 1.64655000718e-16
6398.1497364 1.59412016826e-16
6400.32638812 1.60840094205e-16
6402.50303984 1.60885805571e-16
6404.67969155 1.55038925099e-16
6406.85634327 1.62350497318e-16
6409.03299499 1.4801962331e-16
6411.2096467 1.56801565824e-16
6413.38629842 1.59982746756e-16
6415.56295013 1.53391283163e-16
6417.73960185 1.69663290237e-16
6419.91625357 1.70077743737e-16
6422.09290528 1.66401943725e-16
6424.269557 1.63628373836e-16
6426.44620872 1.57412173646e-16
6428.62286043 1.606902296e-16
6430.79951215 1.6667680851e-16
6432.97616386 1.6141883019e-16
6435.15281558 1.55217374074e-16
6437.3294673 1.65280507928e-16
6439.50611901 1.65545230741e-16
6441.68277073 1.48184531467e-16
6443.85942245 1.55447003857e-16
6446.03607416 1.44521100229e-16
6448.21272588 1.57795987036e-16
6450.38937759 1.65108157768e-16
6452.56602931 1.57550683318e-16
6454.74268103 1.62100283146e-16
6456.91933274 1.62881844359e-16
6459.09598446 1.69914547154e-16
6461.27263618 1.71166253142e-16
6463.44928789 1.64045241641e-16
6465.62593961 1.73838114674e-16
6467.80259132 1.72869326867e-16
6469.97924304 1.67553151845e-16
6472.15589476 1.55716771712e-16
6474.33254647 1.63643967821e-16
6476.50919819 1.58516292304e-16
6478.68584991 1.56030350322e-16
6480.86250162 1.6233645892e-16
6483.03915334 1.49875023353e-16
6485.21580505 1.35539890853e-16
6487.39245677 1.39881432587e-16
6489.56910849 1.40799851336e-16
6491.7457602 1.44813070323e-16
6493.92241192 1.53062620363e-16
6496.09906363 1.5129174522e-16
6498.27571535 1.62517568202e-16
6500.45236707 1.61051698171e-16
6502.62901878 1.62893923997e-16
6504.8056705 1.59700752893e-16
6506.98232222 1.65013900079e-16
6509.15897393 1.67412188881e-16
6511.33562565 1.50918893693e-16
6513.51227736 1.52402312728e-16
6515.68892908 1.67513063017e-16
6517.8655808 1.59154157457e-16
6520.04223251 1.49408394656e-16
6522.21888423 1.56803115303e-16
6524.39553595 1.59194050187e-16
6526.57218766 1.57108450086e-16
6528.74883938 1.50424312864e-16
6530.92549109 1.42818650653e-16
6533.10214281 1.63171495017e-16
6535.27879453 1.67074575105e-16
6537.45544624 1.50221685379e-16
6539.63209796 1.47957825169e-16
6541.80874968 1.53027590495e-16
6543.98540139 1.56132389685e-16
6546.16205311 1.5377839029e-16
6548.33870482 1.62107726767e-16
6550.51535654 1.54870080481e-16
6552.69200826 1.48335198288e-16
6554.86865997 1.60526262389e-16
6557.04531169 1.61817982712e-16
6559.22196341 1.55631387943e-16
6561.39861512 1.51494335836e-16
6563.57526684 1.60235282244e-16
6565.75191855 1.63572538269e-16
6567.92857027 1.54853365267e-16
6570.10522199 1.52486476871e-16
6572.2818737 1.55100202755e-16
6574.45852542 1.57749311016e-16
6576.63517714 1.58734760029e-16
6578.81182885 1.61172093915e-16
6580.98848057 1.55718774479e-16
6583.16513228 1.52863460666e-16
6585.341784 1.60833655181e-16
6587.51843572 1.58862092865e-16
6589.69508743 1.50628660389e-16
6591.87173915 1.51256676772e-16
6594.04839087 1.541778481e-16
6596.22504258 1.60517469815e-16
6598.4016943 1.53194786805e-16
6600.57834601 1.5498534532e-16
6602.75499773 1.57827584062e-16
6604.93164945 1.56526877717e-16
6607.10830116 1.60730786205e-16
6609.28495288 1.60141360183e-16
6611.4616046 1.58021758813e-16
6613.63825631 1.61171700065e-16
6615.81490803 1.56356584196e-16
6617.99155974 1.49468140056e-16
6620.16821146 1.54059126741e-16
6622.34486318 1.5872814132e-16
6624.52151489 1.56814620479e-16
6626.69816661 1.52496832356e-16
6628.87481833 1.56721101756e-16
6631.05147004 1.63472897746e-16
6633.22812176 1.59760010643e-16
6635.40477347 1.63223096884e-16
6637.58142519 1.50295210327e-16
6639.75807691 1.61496573323e-16
6641.93472862 1.61610523568e-16
6644.11138034 1.70854142137e-16
6646.28803205 1.61694754579e-16
6648.46468377 1.54101373805e-16
6650.64133549 1.58491134653e-16
6652.8179872 1.57186256317e-16
6654.99463892 1.70431166765e-16
6657.17129064 1.58624670183e-16
6659.34794235 1.50282882843e-16
6661.52459407 1.4995304641e-16
6663.70124578 1.62316129896e-16
6665.8778975 1.60742166616e-16
6668.05454922 1.54945627082e-16
6670.23120093 1.56885243253e-16
6672.40785265 1.59528854373e-16
6674.58450437 1.58751795021e-16
6676.76115608 1.56779816803e-16
6678.9378078 1.55667378161e-16
6681.11445951 1.64112635307e-16
6683.29111123 1.61401462757e-16
6685.46776295 1.56318874724e-16
6687.64441466 1.6674201168e-16
6689.82106638 1.60578845519e-16
6691.9977181 1.57350407364e-16
6694.17436981 1.54720499e-16
6696.35102153 1.50243504933e-16
6698.52767324 1.60473718563e-16
6700.70432496 1.61965512236e-16
6702.88097668 1.62428913609e-16
6705.05762839 1.64040968005e-16
6707.23428011 1.73716219532e-16
6709.41093183 1.77353914742e-16
6711.58758354 1.50486624925e-16
6713.76423526 1.50998744939e-16
6715.94088697 1.55282483436e-16
6718.11753869 1.51505452973e-16
6720.29419041 1.49133172668e-16
6722.47084212 1.50770986634e-16
6724.64749384 1.478629669e-16
6726.82414556 1.62594374834e-16
6729.00079727 1.65016255627e-16
6731.17744899 1.53763336942e-16
6733.3541007 1.56345950679e-16
6735.53075242 1.55266387878e-16
6737.70740414 1.57309437984e-16
6739.88405585 1.56614198343e-16
6742.06070757 1.64918446817e-16
6744.23735929 1.61466279789e-16
6746.414011 1.69844818808e-16
6748.59066272 1.69616346985e-16
6750.76731443 1.70062166961e-16
6752.94396615 1.6041343629e-16
6755.12061787 1.53804317736e-16
6757.29726958 1.60539348661e-16
6759.4739213 1.56963599089e-16
6761.65057302 1.60969074191e-16
6763.82722473 1.58977043062e-16
6766.00387645 1.55436257975e-16
6768.18052816 1.49914939124e-16
6770.35717988 1.58395903904e-16
6772.5338316 1.68330511333e-16
6774.71048331 1.74472740074e-16
6776.88713503 1.61208023308e-16
6779.06378675 1.56479516871e-16
6781.24043846 1.66586261937e-16
6783.41709018 1.50873647466e-16
6785.59374189 1.3866781289e-16
6787.77039361 1.56999004867e-16
6789.94704533 1.66786566985e-16
6792.12369704 1.56440439672e-16
6794.30034876 1.52171567415e-16
6796.47700047 1.60705911963e-16
6798.65365219 1.5982904634e-16
6800.83030391 1.54454628801e-16
6803.00695562 1.59162584926e-16
6805.18360734 1.68676931451e-16
6807.36025906 1.64897489521e-16
6809.53691077 1.46958459441e-16
6811.71356249 1.54891021962e-16
6813.8902142 1.63855328679e-16
6816.06686592 1.64654966367e-16
6818.24351764 1.58566432111e-16
6820.42016935 1.48547072703e-16
6822.59682107 1.58957164106e-16
6824.77347279 1.57845182186e-16
6826.9501245 1.43838181039e-16
6829.12677622 1.56403996671e-16
6831.30342793 1.67772160965e-16
6833.48007965 1.52070999603e-16
6835.65673137 1.53238379989e-16
6837.83338308 1.57124565756e-16
6840.0100348 1.39789731211e-16
6842.18668652 1.324577671e-16
6844.36333823 1.55483762762e-16
6846.53998995 1.5849657387e-16
6848.71664166 1.41010313441e-16
6850.89329338 1.5177982105e-16
6853.0699451 1.62077064349e-16
6855.24659681 1.5537067703e-16
6857.42324853 1.54582266723e-16
6859.59990025 1.6125975368e-16
6861.77655196 1.63181775543e-16
6863.95320368 1.49295761019e-16
6866.12985539 1.37223160064e-16
6868.30650711 1.45604144152e-16
6870.48315883 1.4335096876e-16
6872.65981054 1.58347859688e-16
6874.83646226 1.60136307172e-16
6877.01311398 1.62638867843e-16
6879.18976569 1.6328696079e-16
6881.36641741 1.54196015029e-16
6883.54306912 1.63592484767e-16
6885.71972084 1.54366982594e-16
6887.89637256 1.51361823085e-16
6890.07302427 1.42324535106e-16
6892.24967599 1.48206776165e-16
6894.42632771 1.50358925882e-16
6896.60297942 1.56800744482e-16
6898.77963114 1.58383533205e-16
6900.95628285 1.47692387136e-16
6903.13293457 1.63561423004e-16
6905.30958629 1.47807405858e-16
6907.486238 1.42854406918e-16
6909.66288972 1.57176135221e-16
6911.83954144 1.49778583217e-16
6914.01619315 1.58536083906e-16
6916.19284487 1.63945648691e-16
6918.36949658 1.58052477957e-16
6920.5461483 1.58716292916e-16
6922.72280002 1.54259899147e-16
6924.89945173 1.61835166605e-16
6927.07610345 1.56947098453e-16
6929.25275517 1.7226366497e-16
6931.42940688 1.65642231584e-16
6933.6060586 1.6547198493e-16
6935.78271031 1.82267749906e-16
6937.95936203 1.73937791317e-16
6940.13601375 1.68870221184e-16
6942.31266546 1.61867665779e-16
6944.48931718 1.56761761392e-16
6946.66596889 1.6295777064e-16
6948.84262061 1.66658556183e-16
6951.01927233 1.5447484195e-16
6953.19592404 1.56027310106e-16
6955.37257576 1.6470511346e-16
6957.54922748 1.61427499789e-16
6959.72587919 1.65765117871e-16
6961.90253091 1.55251191406e-16
6964.07918262 1.56559925709e-16
6966.25583434 1.49624940163e-16
6968.43248606 1.54664857757e-16
6970.60913777 1.5134470464e-16
6972.78578949 1.59082218575e-16
6974.96244121 1.54643212566e-16
6977.13909292 1.58648375615e-16
6979.31574464 1.55311088789e-16
6981.49239635 1.56158524907e-16
6983.66904807 1.63181446991e-16
6985.84569979 1.60911893275e-16
6988.0223515 1.7032694805e-16
6990.19900322 1.67692783939e-16
6992.37565494 1.58363074142e-16
6994.55230665 1.69584746407e-16
6996.72895837 1.71524669375e-16
6998.90561008 1.76992196006e-16
7001.0822618 1.5684163446e-16
7003.25891352 1.62240623678e-16
7005.43556523 1.74474405718e-16
7007.61221695 1.69674967417e-16
7009.78886867 1.6066471201e-16
7011.96552038 1.68050483885e-16
7014.1421721 1.7612455176e-16
7016.31882381 1.77149893784e-16
7018.49547553 1.7512720771e-16
7020.67212725 1.73021328599e-16
7022.84877896 1.758599232e-16
7025.02543068 1.68898418118e-16
7027.2020824 1.55493425796e-16
7029.37873411 1.53492104369e-16
7031.55538583 1.66584753326e-16
7033.73203754 1.6376724388e-16
7035.90868926 1.62296629262e-16
7038.08534098 1.61915776131e-16
7040.26199269 1.58587904506e-16
7042.43864441 1.64385431779e-16
7044.61529613 1.57108467002e-16
7046.79194784 1.61444347907e-16
7048.96859956 1.80174163391e-16
7051.14525127 1.7310429137e-16
7053.32190299 1.59948254055e-16
7055.49855471 1.66226186452e-16
7057.67520642 1.642840078e-16
7059.85185814 1.50132343968e-16
7062.02850986 1.47166522313e-16
7064.20516157 1.58123750269e-16
7066.38181329 1.57961248528e-16
7068.558465 1.56657058528e-16
7070.73511672 1.65388879813e-16
7072.91176844 1.60815126414e-16
7075.08842015 1.65328311239e-16
7077.26507187 1.5355295648e-16
7079.44172359 1.51264961033e-16
7081.6183753 1.57763289726e-16
7083.79502702 1.54072226081e-16
7085.97167873 1.71561987363e-16
7088.14833045 1.6350193668e-16
7090.32498217 1.5196975622e-16
7092.50163388 1.55606632822e-16
7094.6782856 1.60619238676e-16
7096.85493731 1.55492807143e-16
7099.03158903 1.51437563103e-16
7101.20824075 1.55696775141e-16
7103.38489246 1.61251006079e-16
7105.56154418 1.62402163561e-16
7107.7381959 1.58278707354e-16
7109.91484761 1.6750766957e-16
7112.09149933 1.62769345542e-16
7114.26815104 1.58792274674e-16
7116.44480276 1.56917099625e-16
7118.62145448 1.5771098589e-16
7120.79810619 1.53174625522e-16
7122.97475791 1.60106254577e-16
7125.15140963 1.59519994025e-16
7127.32806134 1.55725620654e-16
7129.50471306 1.60240731986e-16
7131.68136477 1.53418509659e-16
7133.85801649 1.47841253453e-16
7136.03466821 1.59731481978e-16
7138.21131992 1.55336043567e-16
7140.38797164 1.55717449836e-16
7142.56462336 1.60760896226e-16
7144.74127507 1.48267315678e-16
7146.91792679 1.55768236408e-16
7149.0945785 1.5380647503e-16
7151.27123022 1.53440402639e-16
7153.44788194 1.53113619798e-16
7155.62453365 1.45864048965e-16
7157.80118537 1.71939450778e-16
7159.97783709 1.81116392711e-16
7162.1544888 1.76570538667e-16
7164.33114052 1.71783440645e-16
7166.50779223 1.76741990658e-16
7168.68444395 1.77971485668e-16
7170.86109567 1.98359684321e-16
7173.03774738 2.1303679282e-16
7175.2143991 2.1461830432e-16
7177.39105082 2.18684461078e-16
7179.56770253 2.08791340922e-16
7181.74435425 2.12345613228e-16
7183.92100596 2.2603230248e-16
7186.09765768 2.35505604383e-16
7188.2743094 2.35231397779e-16
7190.45096111 2.40618796024e-16
7192.62761283 2.50969558784e-16
7194.80426455 2.37461385847e-16
7196.98091626 2.61096372653e-16
7199.15756798 2.70838656926e-16
7201.33421969 2.81112472744e-16
7203.51087141 2.8401123911e-16
7205.68752313 3.11321091047e-16
7207.86417484 3.25585477766e-16
7210.04082656 3.1703872111e-16
7212.21747828 3.12111349964e-16
7214.39412999 2.90115880904e-16
7216.57078171 2.89170568164e-16
7218.74743342 3.35172393302e-16
7220.92408514 4.57308286844e-16
7223.10073686 6.58933135422e-16
7225.27738857 8.45065047251e-16
7227.45404029 8.29985556347e-16
7229.63069201 7.09880871762e-16
7231.80734372 5.73454661603e-16
7233.98399544 4.47195741518e-16
7236.16064715 3.86160088204e-16
7238.33729887 3.68516690966e-16
7240.51395059 3.64864244533e-16
7242.6906023 3.84780537096e-16
7244.86725402 4.66385959626e-16
7247.04390574 5.42301966643e-16
7249.22055745 5.43034329894e-16
7251.39720917 4.83796375088e-16
7253.57386088 3.81943032489e-16
7255.7505126 2.97397848303e-16
7257.92716432 2.62777500907e-16
7260.10381603 2.40793998844e-16
7262.28046775 2.32274090513e-16
7264.45711946 2.26346600262e-16
7266.63377118 2.17718518335e-16
7268.8104229 2.13701264277e-16
7270.98707461 1.9756571709e-16
7273.16372633 2.05162528675e-16
7275.34037805 2.2155249231e-16
7277.51702976 2.00512655881e-16
7279.69368148 1.9003739712e-16
7281.87033319 1.79146676356e-16
7284.04698491 1.61773369113e-16
7286.22363663 1.83632101092e-16
7288.40028834 1.87944030569e-16
7290.57694006 1.78852759958e-16
7292.75359178 2.0141368511e-16
7294.93024349 1.87764434657e-16
7297.10689521 1.66876541367e-16
7299.28354692 1.80798410743e-16
7301.46019864 1.76614724008e-16
7303.63685036 1.86977584335e-16
7305.81350207 1.82972252244e-16
7307.99015379 1.65299831999e-16
7310.16680551 1.76903566876e-16
7312.34345722 1.68903662227e-16
7314.52010894 1.93774414822e-16
7316.69676065 1.7272075462e-16
7318.87341237 1.66683437351e-16
7321.05006409 1.55490954763e-16
7323.2267158 1.4990413782e-16
7325.40336752 1.69796220359e-16
7327.58001924 1.60454191869e-16
7329.75667095 1.71037532088e-16
7331.93332267 1.56415772296e-16
7334.10997438 1.49807929736e-16
7336.2866261 1.55109410846e-16
7338.46327782 1.48922124631e-16
7340.63992953 1.54709365445e-16
7342.81658125 1.55106383252e-16
7344.99323297 1.51434923857e-16
7347.16988468 1.53247085554e-16
7349.3465364 1.61956159288e-16
7351.52318811 1.51789737703e-16
7353.69983983 1.29734426734e-16
7355.87649155 1.56814101968e-16
7358.05314326 1.55376284762e-16
7360.22979498 1.61595163201e-16
7362.4064467 1.61584481025e-16
7364.58309841 1.5516738822e-16
7366.75975013 1.46669394952e-16
7368.93640184 1.46260000963e-16
7371.11305356 1.52146216435e-16
7373.28970528 1.5443384107e-16
7375.46635699 1.55084644431e-16
7377.64300871 1.40023407378e-16
7379.81966043 1.4799451065e-16
7381.99631214 1.55735635214e-16
7384.17296386 1.57955622376e-16
7386.34961557 1.57527430125e-16
7388.52626729 1.64796526884e-16
7390.70291901 1.90942992639e-16
7392.87957072 2.12708809851e-16
7395.05622244 2.09389725617e-16
7397.23287416 1.9779893218e-16
7399.40952587 1.76305676546e-16
7401.58617759 1.56415422657e-16
7403.7628293 1.55573551527e-16
7405.93948102 1.77429614701e-16
7408.11613274 1.94283957586e-16
7410.29278445 1.98516328767e-16
7412.46943617 2.01964471783e-16
7414.64608788 1.79702691474e-16
7416.8227396 1.61772450403e-16
7418.99939132 1.61159781727e-16
7421.17604303 1.52634132853e-16
7423.35269475 1.50695182463e-16
7425.52934647 1.56236119755e-16
7427.70599818 1.40571346763e-16
7429.8826499 1.5096036144e-16
7432.05930161 1.49342683885e-16
7434.23595333 1.38525498038e-16
7436.41260505 1.53926481801e-16
7438.58925676 1.5310360907e-16
7440.76590848 1.50864599474e-16
7442.9425602 1.53357497845e-16
7445.11921191 1.54550316604e-16
7447.29586363 1.5399908687e-16
7449.47251534 1.52679749993e-16
7451.64916706 1.4454691047e-16
7453.82581878 1.53055913086e-16
7456.00247049 1.54142520969e-16
7458.17912221 1.47412438654e-16
7460.35577393 1.6786619963e-16
7462.53242564 1.61863478717e-16
7464.70907736 1.49662151769e-16
7466.88572907 1.42242526571e-16
7469.06238079 1.53517422762e-16
7471.23903251 1.59704584545e-16
7473.41568422 1.59555689341e-16
7475.59233594 1.60229822843e-16
7477.76898766 1.68138176765e-16
7479.94563937 1.53285172458e-16
7482.12229109 1.47898879992e-16
7484.2989428 1.5092345617e-16
7486.47559452 1.54767064089e-16
7488.65224624 1.48002993109e-16
7490.82889795 1.53888984499e-16
7493.00554967 1.4762134341e-16
7495.18220139 1.37980124638e-16
7497.3588531 1.45523773342e-16
7499.53550482 1.47840789787e-16
7501.71215653 1.48224222643e-16
7503.88880825 1.4690277945e-16
7506.06545997 1.49863847555e-16
7508.24211168 1.53465143006e-16
7510.4187634 1.65558076891e-16
7512.59541512 1.47225205684e-16
7514.77206683 1.52403301246e-16
7516.94871855 1.56788922093e-16
7519.12537026 1.62182452658e-16
7521.30202198 1.64686643116e-16
7523.4786737 1.5713498043e-16
7525.65532541 1.55377153012e-16
7527.83197713 1.53719017494e-16
7530.00862885 1.59482455491e-16
7532.18528056 1.45983097944e-16
7534.36193228 1.476938524e-16
7536.53858399 1.45224915234e-16
7538.71523571 1.4596550253e-16
7540.89188743 1.46345127172e-16
7543.06853914 1.43164400836e-16
7545.24519086 1.33404052414e-16
7547.42184258 1.4808931964e-16
7549.59849429 1.56605389413e-16
7551.77514601 1.40833628135e-16
7553.95179772 1.46786068328e-16
7556.12844944 1.45793574757e-16
7558.30510116 1.63382994968e-16
7560.48175287 1.58015589589e-16
7562.65840459 1.57378770579e-16
7564.8350563 1.61333327316e-16
7567.01170802 1.54994314113e-16
7569.18835974 1.59683356493e-16
7571.36501145 1.61677486147e-16
7573.54166317 1.56299060143e-16
7575.71831489 1.54007077492e-16
7577.8949666 1.41210708528e-16
7580.07161832 1.47852510911e-16
7582.24827003 1.56574741512e-16
7584.42492175 1.59212720421e-16
7586.60157347 1.60420701022e-16
7588.77822518 1.5006084204e-16
7590.9548769 1.52229293671e-16
7593.13152862 1.66073407238e-16
7595.30818033 1.74870536306e-16
7597.48483205 1.75774581026e-16
7599.66148376 1.91594426337e-16
7601.83813548 2.13227693207e-16
7604.0147872 1.85003463741e-16
7606.19143891 2.01123068526e-16
7608.36809063 1.93276869752e-16
7610.54474235 2.0293612106e-16
7612.72139406 2.2007348319e-16
7614.89804578 1.95509170667e-16
7617.07469749 1.52864089657e-16
7619.25134921 1.39424840393e-16
7621.42800093 1.4909915083e-16
7623.60465264 1.78533008305e-16
7625.78130436 1.84674641411e-16
7627.95795608 1.76792686342e-16
7630.13460779 1.97837715517e-16
7632.31125951 2.05605705269e-16
7634.48791122 1.9749657122e-16
7636.66456294 1.96126715088e-16
7638.84121466 1.96546979481e-16
7641.01786637 1.84031323765e-16
7643.19451809 1.70611167321e-16
7645.37116981 1.56199200806e-16
7647.54782152 1.55715130668e-16
7649.72447324 1.88382410787e-16
7651.90112495 1.78866699928e-16
7654.07777667 1.63569255677e-16
7656.25442839 1.69113975284e-16
7658.4310801 1.74722350502e-16
7660.60773182 1.65603448462e-16
7662.78438354 1.68988077228e-16
7664.96103525 1.6542245105e-16
7667.13768697 1.70282227978e-16
7669.31433868 1.5560326601e-16
7671.4909904 1.74214766542e-16
7673.66764212 1.71710000813e-16
7675.84429383 1.58912792846e-16
7678.02094555 1.65387310047e-16
7680.19759727 1.59397170019e-16
7682.37424898 1.72783854601e-16
7684.5509007 1.60513044583e-16
7686.72755241 1.5666889258e-16
7688.90420413 1.62554000766e-16
7691.08085585 1.76886650047e-16
7693.25750756 1.74554547768e-16
7695.43415928 1.68034470824e-16
7697.610811 1.61081590164e-16
7699.78746271 1.66380034909e-16
7701.96411443 1.54438723536e-16
7704.14076614 1.59481710097e-16
7706.31741786 1.76788533139e-16
7708.49406958 1.69678083293e-16
7710.67072129 1.52043958402e-16
7712.84737301 1.6734753118e-16
7715.02402472 1.73710599609e-16
7717.20067644 1.76413049116e-16
7719.37732816 1.78558962222e-16
7721.55397987 1.72658377642e-16
7723.73063159 1.63417209142e-16
7725.90728331 1.51728421826e-16
7728.08393502 1.54092054501e-16
7730.26058674 1.5693355858e-16
7732.43723845 1.50813624719e-16
7734.61389017 1.58535976432e-16
7736.79054189 1.66538632382e-16
7738.9671936 1.67182527903e-16
7741.14384532 1.73574783743e-16
7743.32049704 1.64709978721e-16
7745.49714875 1.6445231475e-16
7747.67380047 1.66600744008e-16
7749.85045218 1.6181070005e-16
7752.0271039 1.74196773459e-16
7754.20375562 1.6581379931e-16
7756.38040733 1.55791047281e-16
7758.55705905 1.60372489704e-16
7760.73371077 1.62824758255e-16
7762.91036248 1.54838772498e-16
7765.0870142 1.42794720674e-16
7767.26366591 1.38720013533e-16
7769.44031763 1.6999651994e-16
7771.61696935 1.70860369325e-16
7773.79362106 1.63035790051e-16
7775.97027278 1.6861991139e-16
7778.1469245 1.69016737149e-16
7780.32357621 1.66413984744e-16
7782.50022793 1.53781910155e-16
7784.67687964 1.56557149433e-16
7786.85353136 1.56431673201e-16
7789.03018308 1.56974281527e-16
7791.20683479 1.62395371055e-16
7793.38348651 1.37967514923e-16
7795.56013823 1.43826010343e-16
7797.73678994 1.613860961e-16
7799.91344166 1.60601086085e-16
7802.09009337 1.53141231115e-16
7804.26674509 1.43909359595e-16
7806.44339681 1.38258804341e-16
7808.62004852 1.51871998299e-16
7810.79670024 1.48065632061e-16
7812.97335196 1.49321634524e-16
7815.15000367 1.47806403402e-16
7817.32665539 1.40696657885e-16
7819.5033071 1.41317470561e-16
7821.67995882 1.57066020957e-16
7823.85661054 1.65559638876e-16
7826.03326225 1.42574875069e-16
7828.20991397 1.30216996586e-16
7830.38656569 1.52343740025e-16
7832.5632174 1.5630527074e-16
7834.73986912 1.43102951287e-16
7836.91652083 1.43300711398e-16
7839.09317255 1.46345072117e-16
7841.26982427 1.55205858377e-16
7843.44647598 1.59701781693e-16
7845.6231277 1.50454415018e-16
7847.79977942 1.38412084455e-16
7849.97643113 1.62061263514e-16
7852.15308285 1.54719740274e-16
7854.32973456 1.68901738605e-16
7856.50638628 1.63385308258e-16
7858.683038 1.57371079967e-16
7860.85968971 1.64080919699e-16
7863.03634143 1.44848231443e-16
7865.21299314 1.46352628452e-16
7867.38964486 1.68859634455e-16
7869.56629658 1.76387572732e-16
7871.74294829 1.64609009986e-16
7873.91960001 1.41292765682e-16
7876.09625173 1.37998329472e-16
7878.27290344 1.51609921616e-16
7880.44955516 1.49980557702e-16
7882.62620687 1.52132993659e-16
7884.80285859 1.48635756719e-16
7886.97951031 1.45474025704e-16
7889.15616202 1.57847920641e-16
7891.33281374 1.36509824847e-16
7893.50946546 1.29372587865e-16
7895.68611717 1.59319897424e-16
7897.86276889 1.52192887827e-16
7900.0394206 1.58123533581e-16
7902.21607232 1.43459798653e-16
7904.39272404 1.40167616657e-16
7906.56937575 1.39831430269e-16
7908.74602747 1.41361212534e-16
7910.92267919 1.69323548244e-16
7913.0993309 1.83546729134e-16
7915.27598262 1.37860701052e-16
7917.45263433 1.30342187709e-16
7919.62928605 1.1592050442e-16
7921.80593777 1.35134198695e-16
7923.98258948 1.51490452736e-16
7926.1592412 1.50598805194e-16
7928.33589292 1.45574416953e-16
7930.51254463 1.47376115585e-16
7932.68919635 1.53883128492e-16
7934.86584806 1.59647590457e-16
7937.04249978 1.63256318741e-16
7939.2191515 1.42203672023e-16
7941.39580321 1.35973837042e-16
7943.57245493 1.38731650928e-16
7945.74910665 1.46155383373e-16
7947.92575836 1.48591163998e-16
7950.10241008 1.41007334972e-16
7952.27906179 1.30500803556e-16
7954.45571351 1.38298688633e-16
7956.63236523 1.47455496816e-16
7958.80901694 1.45638183846e-16
7960.98566866 1.46439881776e-16
7963.16232038 1.41533969375e-16
7965.33897209 1.28824232697e-16
7967.51562381 1.4101355066e-16
7969.69227552 1.43504056995e-16
7971.86892724 1.37413754071e-16
7974.04557896 1.53679296623e-16
7976.22223067 1.54478088517e-16
7978.39888239 1.60913272991e-16
7980.57553411 1.67241465366e-16
7982.75218582 1.46744350225e-16
7984.92883754 1.47089823029e-16
7987.10548925 1.5317828483e-16
7989.28214097 1.42993115351e-16
7991.45879269 1.4385401641e-16
7993.6354444 1.63533274144e-16
7995.81209612 1.42134194452e-16
7997.98874784 1.28841534006e-16
8000.16539955 1.58063454829e-16
8002.34205127 1.53441077161e-16
8004.51870298 1.52161969277e-16
8006.6953547 1.48476471754e-16
8008.87200642 1.14841056406e-16
