3400.0 1.2095e-16
3401.532046 9.2401e-17
3403.064092 1.1634e-16
3404.596138 1.4848e-16
3406.128184 1.3628e-16
3407.66023 1.3629e-16
3409.192276 1.8489e-16
3410.724322 1.3988e-16
3412.256368 1.5868e-16
3413.788414 1.8034e-16
3415.32046 1.212e-16
3416.852506 1.0192e-16
3418.384552 1.2895e-16
3419.916598 8.7784e-17
3421.448644 1.1135e-16
3422.98069 1.7593e-16
3424.512736 1.3492e-16
3426.044782 1.4454e-16
3427.576828 7.6589e-17
3429.108874 8.5138e-17
3430.64092 1.4351e-16
3432.172966 1.133e-16
3433.705012 1.0817e-16
3435.237058 1.169e-16
3436.769104 1.0381e-16
3438.30115 9.6261e-17
3439.833196 8.257e-17
3441.365242 1.1798e-16
3442.897288 1.1957e-16
3444.429334 9.9558e-17
3445.96138 6.4757e-17
3447.493426 1.0333e-16
3449.025472 9.3281e-17
3450.557518 8.2667e-17
3452.089564 9.7437e-17
3453.62161 7.8157e-17
3455.153656 1.3755e-16
3456.685702 1.2807e-16
3458.217748 1.2257e-16
3459.749794 8.6065e-17
3461.28184 9.8794e-17
3462.813886 1.0539e-16
3464.345932 1.0862e-16
3465.877978 9.9536e-17
3467.410024 9.823e-17
3468.94207 1.2913e-16
3470.474116 1.2158e-16
3472.006162 9.8276e-17
3473.538208 8.4368e-17
3475.070254 5.124e-17
3476.6023 7.7475e-17
3478.134346 9.6137e-17
3479.666392 8.3523e-17
3481.198438 1.5026e-16
3482.730484 1.0217e-16
3484.26253 1.1578e-16
3485.794576 1.2801e-16
3487.326622 1.1277e-16
3488.858668 9.255e-17
3490.390714 1.0282e-16
3491.92276 1.1381e-16
3493.454806 1.4711e-16
3494.986852 1.4218e-16
3496.518898 1.4447e-16
3498.050944 1.435e-16
3499.58299 1.1076e-16
3501.115036 9.8875e-17
3502.647082 1.1602e-16
3504.179128 1.1339e-16
3505.711174 1.076e-16
3507.24322 1.4006e-16
3508.775266 1.3446e-16
3510.307312 1.4197e-16
3511.839358 1.0878e-16
3513.371404 1.4512e-16
3514.90345 1.1922e-16
3516.435496 1.2768e-16
3517.967542 1.237e-16
3519.499588 1.1769e-16
3521.031634 1.3311e-16
3522.56368 1.5107e-16
3524.095726 1.6787e-16
3525.627772 1.4919e-16
3527.159818 1.5247e-16
3528.691864 1.727e-16
3530.22391 1.372e-16
3531.755956 1.3958e-16
3533.288002 1.3571e-16
3534.820048 1.2998e-16
3536.352094 1.7817e-16
3537.88414 1.6454e-16
3539.416186 1.6497e-16
3540.948232 1.6574e-16
3542.480278 1.7123e-16
3544.012324 1.7765e-16
3545.54437 1.717e-16
3547.076416 1.4947e-16
3548.608462 1.5511e-16
3550.140508 1.7323e-16
3551.672554 1.4534e-16
3553.2046 1.5233e-16
3554.736646 1.6053e-16
3556.268692 1.7447e-16
3557.800738 1.6292e-16
3559.332784 1.3324e-16
3560.86483 1.2805e-16
3562.396876 1.4738e-16
3563.928922 1.2733e-16
3565.460968 1.385e-16
3566.993014 1.485e-16
3568.52506 8.4491e-17
3570.057106 1.1779e-16
3571.589152 1.2457e-16
3573.121198 1.3265e-16
3574.653244 1.2523e-16
3576.18529 1.0563e-16
3577.717336 1.3144e-16
3579.249382 1.5849e-16
3580.781428 1.6077e-16
3582.313474 1.6597e-16
3583.84552 1.4585e-16
3585.377566 1.125e-16
3586.909612 1.2349e-16
3588.441658 1.2055e-16
3589.973704 1.4631e-16
3591.50575 1.3774e-16
3593.037796 1.6971e-16
3594.569842 1.4246e-16
3596.101888 1.5993e-16
3597.633934 1.7305e-16
3599.16598 1.4655e-16
3600.698026 1.7607e-16
3602.230072 1.5513e-16
3603.762118 1.6951e-16
3605.294164 1.65e-16
3606.82621 1.6856e-16
3608.358256 1.876e-16
3609.890302 1.8018e-16
3611.422348 1.7298e-16
3612.954394 1.7829e-16
3614.48644 1.7141e-16
3616.018486 1.644e-16
3617.550532 1.7128e-16
3619.082578 1.5479e-16
3620.614624 1.6669e-16
3622.14667 1.6141e-16
3623.678716 1.5357e-16
3625.210762 1.6607e-16
3626.742808 1.7507e-16
3628.274854 1.4363e-16
3629.8069 1.187e-16
3631.338946 1.6945e-16
3632.870992 1.6072e-16
3634.403038 1.7247e-16
3635.935084 1.1804e-16
3637.46713 1.5811e-16
3638.999176 1.7062e-16
3640.531222 1.8596e-16
3642.063268 1.857e-16
3643.595314 1.7431e-16
3645.12736 1.592e-16
3646.659406 1.6677e-16
3648.191452 1.4006e-16
3649.723498 1.5795e-16
3651.255544 1.6235e-16
3652.78759 1.4581e-16
3654.319636 1.266e-16
3655.851682 1.9715e-16
3657.383728 1.7609e-16
3658.915774 1.3126e-16
3660.44782 1.733e-16
3661.979866 1.8072e-16
3663.511912 1.8331e-16
3665.043958 1.7594e-16
3666.576004 1.6477e-16
3668.10805 1.76e-16
3669.640096 1.8863e-16
3671.172142 1.9526e-16
3672.704188 2.0593e-16
3674.236234 2.3214e-16
3675.76828 2.4114e-16
3677.300326 2.0126e-16
3678.832372 2.1732e-16
3680.364418 2.3493e-16
3681.896464 2.1618e-16
3683.42851 2.1046e-16
3684.960556 2.2796e-16
3686.492602 2.3798e-16
3688.024648 2.4503e-16
3689.556694 2.4501e-16
3691.08874 2.3055e-16
3692.620786 2.2697e-16
3694.152832 2.0341e-16
3695.684878 2.4627e-16
3697.216924 2.6024e-16
3698.74897 2.1178e-16
3700.281016 2.334e-16
3701.813062 2.397e-16
3703.345108 2.4127e-16
3704.877154 2.1315e-16
3706.4092 2.2845e-16
3707.941246 2.276e-16
3709.473292 1.9947e-16
3711.005338 1.9017e-16
3712.537384 2.0933e-16
3714.06943 2.0992e-16
3715.601476 2.1006e-16
3717.133522 2.1627e-16
3718.665568 2.4273e-16
3720.197614 2.2803e-16
3721.72966 2.2211e-16
3723.261706 2.4326e-16
3724.793752 2.1057e-16
3726.325798 2.2012e-16
3727.857844 2.1322e-16
3729.38989 2.2968e-16
3730.921936 2.1385e-16
3732.453982 2.1737e-16
3733.986028 2.2089e-16
3735.518074 2.145e-16
3737.05012 2.2194e-16
3738.582166 2.3656e-16
3740.114212 2.2328e-16
3741.646258 2.5208e-16
3743.178304 2.5999e-16
3744.71035 2.4804e-16
3746.242396 2.5499e-16
3747.774442 2.6292e-16
3749.306488 2.3274e-16
3750.838534 2.4472e-16
3752.37058 2.4753e-16
3753.902626 2.6378e-16
3755.434672 2.6601e-16
3756.966718 2.8997e-16
3758.498764 2.9489e-16
3760.03081 2.8262e-16
3761.562856 2.7802e-16
3763.094902 2.6673e-16
3764.626948 2.9586e-16
3766.158994 2.7737e-16
3767.69104 3.2638e-16
3769.223086 3.2748e-16
3770.755132 3.1291e-16
3772.287178 3.3539e-16
3773.819224 3.1431e-16
3775.35127 3.215e-16
3776.883316 3.1947e-16
3778.415362 3.4697e-16
3779.947408 3.4901e-16
3781.479454 3.3018e-16
3783.0115 3.5175e-16
3784.543546 3.5694e-16
3786.075592 3.4496e-16
3787.607638 3.4858e-16
3789.139684 3.3683e-16
3790.67173 3.796e-16
3792.203776 3.7344e-16
3793.735822 3.3642e-16
3795.267868 3.5163e-16
3796.799914 3.3644e-16
3798.33196 3.1385e-16
3799.864006 3.2799e-16
3801.396052 3.475e-16
3802.928098 3.3838e-16
3804.460144 3.4293e-16
3805.99219 3.5046e-16
3807.524236 3.3267e-16
3809.056282 3.161e-16
3810.588328 3.3367e-16
3812.120374 3.3046e-16
3813.65242 3.1863e-16
3815.184466 3.1629e-16
3816.716512 3.252e-16
3818.248558 3.0904e-16
3819.780604 2.8068e-16
3821.31265 2.8806e-16
3822.844696 3.1474e-16
3824.376742 3.1443e-16
3825.908788 3.0319e-16
3827.440834 3.0771e-16
3828.97288 3.1878e-16
3830.504926 3.0961e-16
3832.036972 3.1533e-16
3833.569018 2.8807e-16
3835.101064 3.0548e-16
3836.63311 3.0122e-16
3838.165156 2.6996e-16
3839.697202 2.6011e-16
3841.229248 2.7457e-16
3842.761294 2.9354e-16
3844.29334 2.8727e-16
3845.825386 2.4513e-16
3847.357432 2.4306e-16
3848.889478 2.6997e-16
3850.421524 2.6123e-16
3851.95357 2.6572e-16
3853.485616 2.5344e-16
3855.017662 2.5331e-16
3856.549708 2.2317e-16
3858.081754 2.4823e-16
3859.6138 2.467e-16
3861.145846 2.3937e-16
3862.677892 2.2684e-16
3864.209938 2.4772e-16
3865.741984 2.5445e-16
3867.27403 2.2819e-16
3868.806076 2.1074e-16
3870.338122 2.3423e-16
3871.870168 2.0439e-16
3873.402214 2.2303e-16
3874.93426 2.0756e-16
3876.466306 1.9868e-16
3877.998352 2.0634e-16
3879.530398 2.051e-16
3881.062444 1.8653e-16
3882.59449 1.7401e-16
3884.126536 1.7414e-16
3885.658582 1.9326e-16
3887.190628 1.7659e-16
3888.722674 1.6041e-16
3890.25472 1.8558e-16
3891.786766 1.8058e-16
3893.318812 1.8096e-16
3894.850858 1.5349e-16
3896.382904 1.5272e-16
3897.91495 1.4724e-16
3899.446996 1.6607e-16
3900.979042 1.5799e-16
3902.511088 1.4243e-16
3904.043134 1.2932e-16
3905.57518 1.4213e-16
3907.107226 1.2925e-16
3908.639272 1.4183e-16
3910.171318 1.391e-16
3911.703364 1.2819e-16
3913.23541 1.343e-16
3914.767456 1.2531e-16
3916.299502 1.2392e-16
3917.831548 1.178e-16
3919.363594 9.4768e-17
3920.89564 9.5476e-17
3922.427686 1.0713e-16
3923.959732 1.0663e-16
3925.491778 1.0948e-16
3927.023824 1.0632e-16
3928.55587 1.0519e-16
3930.087916 9.0375e-17
3931.619962 8.9021e-17
3933.152008 8.3752e-17
3934.684054 8.0922e-17
3936.2161 9.1164e-17
3937.748146 9.9127e-17
3939.280192 9.9191e-17
3940.812238 9.4456e-17
3942.344284 7.8269e-17
3943.87633 7.5812e-17
3945.408376 8.1955e-17
3946.940422 8.7506e-17
3948.472468 8.959e-17
3950.004514 7.6462e-17
3951.53656 8.7962e-17
3953.068606 8.9157e-17
3954.600652 8.2401e-17
3956.132698 8.604e-17
3957.664744 8.5005e-17
3959.19679 8.6082e-17
3960.728836 8.8537e-17
3962.260882 1.0516e-16
3963.792928 9.7618e-17
3965.324974 8.877e-17
3966.85702 8.6816e-17
3968.389066 9.3832e-17
3969.921112 9.2445e-17
3971.453158 9.4196e-17
3972.985204 1.0726e-16
3974.51725 1.0595e-16
3976.049296 9.4055e-17
3977.581342 1.1372e-16
3979.113388 1.1199e-16
3980.645434 1.0086e-16
3982.17748 1.0671e-16
3983.709526 9.7926e-17
3985.241572 1.171e-16
3986.773618 1.1697e-16
3988.305664 1.2061e-16
3989.83771 1.1701e-16
3991.369756 1.2495e-16
3992.901802 1.1222e-16
3994.433848 9.7057e-17
3995.965894 1.136e-16
3997.49794 1.2682e-16
3999.029986 1.2376e-16
4000.562032 1.314e-16
4002.094078 1.2189e-16
4003.626124 1.3203e-16
4005.15817 1.284e-16
4006.690216 1.3574e-16
4008.222262 1.4576e-16
4009.754308 1.5233e-16
4011.286354 1.5489e-16
4012.8184 1.1771e-16
4014.350446 1.5018e-16
4015.882492 1.3468e-16
4017.414538 1.4062e-16
4018.946584 1.6006e-16
4020.47863 1.5742e-16
4022.010676 1.465e-16
4023.542722 1.4133e-16
4025.074768 1.4792e-16
4026.606814 1.5251e-16
4028.13886 1.45e-16
4029.670906 1.5186e-16
4031.202952 1.5472e-16
4032.734998 1.6916e-16
4034.267044 1.6342e-16
4035.79909 1.6614e-16
4037.331136 1.8009e-16
4038.863182 1.9644e-16
4040.395228 1.9512e-16
4041.927274 1.6929e-16
4043.45932 1.7103e-16
4044.991366 1.8522e-16
4046.523412 2.221e-16
4048.055458 2.0669e-16
4049.587504 1.9105e-16
4051.11955 1.8817e-16
4052.651596 1.9409e-16
4054.183642 1.8878e-16
4055.715688 2.2174e-16
4057.247734 2.1563e-16
4058.77978 2.2097e-16
4060.311826 2.1168e-16
4061.843872 2.0645e-16
4063.375918 2.2435e-16
4064.907964 2.4351e-16
4066.44001 2.3912e-16
4067.972056 2.3803e-16
4069.504102 2.4295e-16
4071.036148 2.4345e-16
4072.568194 2.5696e-16
4074.10024 2.6869e-16
4075.632286 2.6493e-16
4077.164332 2.6726e-16
4078.696378 2.8122e-16
4080.228424 2.768e-16
4081.76047 2.8451e-16
4083.292516 2.9736e-16
4084.824562 2.8382e-16
4086.356608 2.9083e-16
4087.888654 3.1886e-16
4089.4207 3.1117e-16
4090.952746 3.1381e-16
4092.484792 3.0172e-16
4094.016838 3.2175e-16
4095.548884 3.1277e-16
4097.08093 3.2075e-16
4098.612976 3.1448e-16
4100.145022 3.4708e-16
4101.677068 3.6107e-16
4103.209114 3.6965e-16
4104.74116 3.75e-16
4106.273206 3.7811e-16
4107.805252 3.8329e-16
4109.337298 3.6243e-16
4110.869344 3.8244e-16
4112.40139 3.7341e-16
4113.933436 4.1413e-16
4115.465482 4.1731e-16
4116.997528 4.0991e-16
4118.529574 3.9135e-16
4120.06162 3.8353e-16
4121.593666 3.8779e-16
4123.125712 4.1111e-16
4124.657758 4.0044e-16
4126.189804 4.0297e-16
4127.72185 4.1817e-16
4129.253896 4.2204e-16
4130.785942 4.0417e-16
4132.317988 4.1671e-16
4133.850034 4.1489e-16
4135.38208 4.2246e-16
4136.914126 4.3646e-16
4138.446172 4.0829e-16
4139.978218 4.2763e-16
4141.510264 4.3291e-16
4143.04231 4.2672e-16
4144.574356 4.1792e-16
4146.106402 4.2784e-16
4147.638448 4.3253e-16
4149.170494 4.4038e-16
4150.70254 4.5124e-16
4152.234586 4.3005e-16
4153.766632 4.2447e-16
4155.298678 4.3431e-16
4156.830724 4.3907e-16
4158.36277 4.3046e-16
4159.894816 4.3055e-16
4161.426862 4.0708e-16
4162.958908 4.2385e-16
4164.490954 4.3623e-16
4166.023 4.171e-16
4167.555046 4.3621e-16
4169.087092 4.396e-16
4170.619138 4.3535e-16
4172.151184 4.3128e-16
4173.68323 4.5082e-16
4175.215276 4.6846e-16
4176.747322 4.4797e-16
4178.279368 4.5237e-16
4179.811414 4.4117e-16
4181.34346 4.2772e-16
4182.875506 4.2698e-16
4184.407552 4.2807e-16
4185.939598 4.4972e-16
4187.471644 4.4492e-16
4189.00369 4.2727e-16
4190.535736 4.2336e-16
4192.067782 4.3131e-16
4193.599828 4.3577e-16
4195.131874 4.2104e-16
4196.66392 4.2814e-16
4198.195966 4.3982e-16
4199.728012 4.1575e-16
4201.260058 4.0601e-16
4202.792104 4.0931e-16
4204.32415 4.05e-16
4205.856196 3.9751e-16
4207.388242 3.8362e-16
4208.920288 4.0317e-16
4210.452334 3.9583e-16
4211.98438 3.7166e-16
4213.516426 3.8422e-16
4215.048472 3.6469e-16
4216.580518 3.7966e-16
4218.112564 3.5172e-16
4219.64461 3.5565e-16
4221.176656 3.5546e-16
4222.708702 3.3487e-16
4224.240748 3.4166e-16
4225.772794 3.3879e-16
4227.30484 3.3861e-16
4228.836886 3.4166e-16
4230.368932 3.5508e-16
4231.900978 3.3137e-16
4233.433024 3.2118e-16
4234.96507 3.332e-16
4236.497116 3.3134e-16
4238.029162 3.5032e-16
4239.561208 3.4275e-16
4241.093254 3.321e-16
4242.6253 3.4207e-16
4244.157346 3.3488e-16
4245.689392 3.2187e-16
4247.221438 3.329e-16
4248.753484 3.3221e-16
4250.28553 3.514e-16
4251.817576 3.6677e-16
4253.349622 3.6081e-16
4254.881668 3.4757e-16
4256.413714 3.473e-16
4257.94576 3.3042e-16
4259.477806 3.4919e-16
4261.009852 3.6981e-16
4262.541898 3.4507e-16
4264.073944 3.5778e-16
4265.60599 3.7167e-16
4267.138036 3.7265e-16
4268.670082 3.8104e-16
4270.202128 3.8971e-16
4271.734174 3.8729e-16
4273.26622 4.1263e-16
4274.798266 3.9292e-16
4276.330312 3.8621e-16
4277.862358 4.0534e-16
4279.394404 4.2167e-16
4280.92645 4.222e-16
4282.458496 3.9651e-16
4283.990542 4.0789e-16
4285.522588 3.9936e-16
4287.054634 4.2253e-16
4288.58668 4.3633e-16
4290.118726 4.296e-16
4291.650772 4.2626e-16
4293.182818 4.3017e-16
4294.714864 4.3614e-16
4296.24691 4.5422e-16
4297.778956 4.5382e-16
4299.311002 4.6569e-16
4300.843048 4.4464e-16
4302.375094 4.3364e-16
4303.90714 4.6074e-16
4305.439186 4.3075e-16
4306.971232 4.2001e-16
4308.503278 4.229e-16
4310.035324 4.6084e-16
4311.56737 4.551e-16
4313.099416 4.4789e-16
4314.631462 4.4472e-16
4316.163508 4.6057e-16
4317.695554 4.5325e-16
4319.2276 4.4868e-16
4320.759646 4.4095e-16
4322.291692 4.208e-16
4323.823738 4.4623e-16
4325.355784 4.5582e-16
4326.88783 4.173e-16
4328.419876 4.3471e-16
4329.951922 4.3719e-16
4331.483968 4.3225e-16
4333.016014 4.2617e-16
4334.54806 4.0517e-16
4336.080106 4.2226e-16
4337.612152 4.0398e-16
4339.144198 3.9939e-16
4340.676244 4.0363e-16
4342.20829 4.2114e-16
4343.740336 4.1646e-16
4345.272382 4.0817e-16
4346.804428 3.9901e-16
4348.336474 3.9579e-16
4349.86852 4.1505e-16
4351.400566 4.153e-16
4352.932612 4.0179e-16
4354.464658 3.7369e-16
4355.996704 3.9407e-16
4357.52875 4.1209e-16
4359.060796 4.1366e-16
4360.592842 3.8515e-16
4362.124888 3.9444e-16
4363.656934 3.7309e-16
4365.18898 3.6583e-16
4366.721026 3.8897e-16
4368.253072 3.7692e-16
4369.785118 3.7871e-16
4371.317164 3.857e-16
4372.84921 3.6149e-16
4374.381256 3.8126e-16
4375.913302 3.7209e-16
4377.445348 3.7454e-16
4378.977394 3.5488e-16
4380.50944 3.6828e-16
4382.041486 3.6424e-16
4383.573532 3.7707e-16
4385.105578 3.5783e-16
4386.637624 3.5507e-16
4388.16967 3.4482e-16
4389.701716 3.383e-16
4391.233762 3.405e-16
4392.765808 3.6454e-16
4394.297854 3.6379e-16
4395.8299 3.718e-16
4397.361946 3.6099e-16
4398.893992 3.3826e-16
4400.426038 3.6656e-16
4401.958084 3.5931e-16
4403.49013 3.6804e-16
4405.022176 3.5784e-16
4406.554222 3.7187e-16
4408.086268 3.7885e-16
4409.618314 3.5753e-16
4411.15036 3.8858e-16
4412.682406 3.8764e-16
4414.214452 3.5702e-16
4415.746498 3.7078e-16
4417.278544 3.7308e-16
4418.81059 3.5191e-16
4420.342636 3.5915e-16
4421.874682 3.6747e-16
4423.406728 3.5594e-16
4424.938774 3.6143e-16
4426.47082 3.5722e-16
4428.002866 3.6126e-16
4429.534912 3.6858e-16
4431.066958 3.6371e-16
4432.599004 3.6402e-16
4434.13105 3.6967e-16
4435.663096 3.6788e-16
4437.195142 3.6843e-16
4438.727188 3.5679e-16
4440.259234 3.7264e-16
4441.79128 3.902e-16
4443.323326 3.633e-16
4444.855372 3.7169e-16
4446.387418 3.6877e-16
4447.919464 3.5414e-16
4449.45151 3.585e-16
4450.983556 3.5533e-16
4452.515602 3.629e-16
4454.047648 3.6354e-16
4455.579694 3.5116e-16
4457.11174 3.5953e-16
4458.643786 3.5262e-16
4460.175832 3.4105e-16
4461.707878 3.325e-16
4463.239924 3.3012e-16
4464.77197 3.4774e-16
4466.304016 3.3619e-16
4467.836062 3.3194e-16
4469.368108 3.4509e-16
4470.900154 3.4782e-16
4472.4322 3.3043e-16
4473.964246 3.3436e-16
4475.496292 3.2555e-16
4477.028338 3.2073e-16
4478.560384 3.1837e-16
4480.09243 3.1228e-16
4481.624476 3.0712e-16
4483.156522 3.2516e-16
4484.688568 2.9647e-16
4486.220614 3.1579e-16
4487.75266 3.2552e-16
4489.284706 3.2496e-16
4490.816752 3.2143e-16
4492.348798 2.9787e-16
4493.880844 3.2117e-16
4495.41289 3.2417e-16
4496.944936 3.1761e-16
4498.476982 3.0647e-16
4500.009028 2.9267e-16
4501.541074 2.8459e-16
4503.07312 2.9929e-16
4504.605166 2.892e-16
4506.137212 2.8867e-16
4507.669258 2.9354e-16
4509.201304 2.9222e-16
4510.73335 2.8951e-16
4512.265396 2.8634e-16
4513.797442 2.8346e-16
4515.329488 2.8171e-16
4516.861534 2.7621e-16
4518.39358 2.9127e-16
4519.925626 2.922e-16
4521.457672 2.6958e-16
4522.989718 2.5112e-16
4524.521764 2.6501e-16
4526.05381 2.6646e-16
4527.585856 2.4608e-16
4529.117902 2.6652e-16
4530.649948 2.7627e-16
4532.181994 2.7448e-16
4533.71404 2.7453e-16
4535.246086 2.6393e-16
4536.778132 2.6327e-16
4538.310178 2.724e-16
4539.842224 2.4612e-16
4541.37427 2.4494e-16
4542.906316 2.5777e-16
4544.438362 2.529e-16
4545.970408 2.449e-16
4547.502454 2.2981e-16
4549.0345 2.2217e-16
4550.566546 2.4779e-16
4552.098592 2.4069e-16
4553.630638 2.2144e-16
4555.162684 2.3805e-16
4556.69473 2.447e-16
4558.226776 2.3601e-16
4559.758822 2.2828e-16
4561.290868 2.308e-16
4562.822914 2.4051e-16
4564.35496 2.2766e-16
4565.887006 2.1204e-16
4567.419052 2.3082e-16
4568.951098 2.1843e-16
4570.483144 2.2962e-16
4572.01519 2.3095e-16
4573.547236 2.3457e-16
4575.079282 2.2958e-16
4576.611328 2.2163e-16
4578.143374 2.3292e-16
4579.67542 2.3458e-16
4581.207466 2.3407e-16
4582.739512 2.1303e-16
4584.271558 2.3986e-16
4585.803604 2.3509e-16
4587.33565 2.5651e-16
4588.867696 2.2481e-16
4590.399742 2.2606e-16
4591.931788 2.2487e-16
4593.463834 2.4291e-16
4594.99588 2.442e-16
4596.527926 2.3471e-16
4598.059972 2.3749e-16
4599.592018 2.2667e-16
4601.124064 2.3043e-16
4602.65611 2.3441e-16
4604.188156 2.3996e-16
4605.720202 2.3909e-16
4607.252248 2.2407e-16
4608.784294 2.4281e-16
4610.31634 2.5874e-16
4611.848386 2.6145e-16
4613.380432 2.6105e-16
4614.912478 2.4469e-16
4616.444524 2.5122e-16
4617.97657 2.5225e-16
4619.508616 2.5966e-16
4621.040662 2.541e-16
4622.572708 2.5105e-16
4624.104754 2.4494e-16
4625.6368 2.5264e-16
4627.168846 2.4657e-16
4628.700892 2.2862e-16
4630.232938 2.395e-16
4631.764984 2.5708e-16
4633.29703 2.5189e-16
4634.829076 2.4449e-16
4636.361122 2.5234e-16
4637.893168 2.6145e-16
4639.425214 2.7122e-16
4640.95726 2.4969e-16
4642.489306 2.4942e-16
4644.021352 2.4788e-16
4645.553398 2.5498e-16
4647.085444 2.4879e-16
4648.61749 2.5542e-16
4650.149536 2.4382e-16
4651.681582 2.5581e-16
4653.213628 2.4549e-16
4654.745674 2.6629e-16
4656.27772 2.676e-16
4657.809766 2.7322e-16
4659.341812 2.5379e-16
4660.873858 2.6267e-16
4662.405904 2.6961e-16
4663.93795 2.7292e-16
4665.469996 2.7801e-16
4667.002042 2.6507e-16
4668.534088 2.6161e-16
4670.066134 2.6547e-16
4671.59818 2.6956e-16
4673.130226 2.7333e-16
4674.662272 2.777e-16
4676.194318 2.7122e-16
4677.726364 2.8198e-16
4679.25841 2.6691e-16
4680.790456 2.9037e-16
4682.322502 2.6996e-16
4683.854548 2.8396e-16
4685.386594 2.7659e-16
4686.91864 2.7548e-16
4688.450686 2.9313e-16
4689.982732 2.9996e-16
4691.514778 2.9237e-16
4693.046824 2.8844e-16
4694.57887 2.9769e-16
4696.110916 2.9595e-16
4697.642962 2.9203e-16
4699.175008 2.9372e-16
4700.707054 3.0509e-16
4702.2391 2.9407e-16
4703.771146 2.9852e-16
4705.303192 2.9103e-16
4706.835238 3.015e-16
4708.367284 2.9848e-16
4709.89933 3.0829e-16
4711.431376 2.9798e-16
4712.963422 3.0101e-16
4714.495468 3.0581e-16
4716.027514 3.2193e-16
4717.55956 3.1031e-16
4719.091606 3.1435e-16
4720.623652 3.2734e-16
4722.155698 3.0233e-16
4723.687744 3.0164e-16
4725.21979 3.1334e-16
4726.751836 3.0062e-16
4728.283882 3.0883e-16
4729.815928 3.162e-16
4731.347974 3.0955e-16
4732.88002 3.0463e-16
4734.412066 3.1703e-16
4735.944112 3.2238e-16
4737.476158 3.0782e-16
4739.008204 3.1288e-16
4740.54025 2.9341e-16
4742.072296 3.0796e-16
4743.604342 3.1984e-16
4745.136388 3.1729e-16
4746.668434 2.9002e-16
4748.20048 3.1246e-16
4749.732526 3.4338e-16
4751.264572 3.2361e-16
4752.796618 3.0772e-16
4754.328664 3.0552e-16
4755.86071 3.451e-16
4757.392756 3.2886e-16
4758.924802 3.1827e-16
4760.456848 3.3109e-16
4761.988894 3.35e-16
4763.52094 3.2401e-16
4765.052986 3.2568e-16
4766.585032 3.2464e-16
4768.117078 3.36e-16
4769.649124 3.2128e-16
4771.18117 3.3736e-16
4772.713216 3.3965e-16
4774.245262 3.295e-16
4775.777308 3.3904e-16
4777.309354 3.2775e-16
4778.8414 3.5106e-16
4780.373446 3.1928e-16
4781.905492 3.4663e-16
4783.437538 3.3884e-16
4784.969584 3.1587e-16
4786.50163 3.4919e-16
4788.033676 3.5325e-16
4789.565722 3.3008e-16
4791.097768 3.3093e-16
4792.629814 3.3448e-16
4794.16186 3.3323e-16
4795.693906 3.3306e-16
4797.225952 3.4684e-16
4798.757998 3.4191e-16
4800.290044 3.4377e-16
4801.82209 3.5255e-16
4803.354136 3.3767e-16
4804.886182 3.2895e-16
4806.418228 3.4078e-16
4807.950274 3.2717e-16
4809.48232 3.322e-16
4811.014366 3.3182e-16
4812.546412 3.4635e-16
4814.078458 3.4438e-16
4815.610504 3.2311e-16
4817.14255 3.377e-16
4818.674596 3.1699e-16
4820.206642 3.1514e-16
4821.738688 3.2693e-16
4823.270734 3.2786e-16
4824.80278 3.3884e-16
4826.334826 3.1765e-16
4827.866872 3.0961e-16
4829.398918 3.2556e-16
4830.930964 3.2517e-16
4832.46301 3.24e-16
4833.995056 3.2857e-16
4835.527102 3.1057e-16
4837.059148 3.2225e-16
4838.591194 3.2573e-16
4840.12324 3.2558e-16
4841.655286 3.2513e-16
4843.187332 3.3732e-16
4844.719378 3.1701e-16
4846.251424 3.14e-16
4847.78347 3.2494e-16
4849.315516 3.2283e-16
4850.847562 3.0358e-16
4852.379608 2.9341e-16
4853.911654 3.1966e-16
4855.4437 3.1044e-16
4856.975746 3.085e-16
4858.507792 3.1251e-16
4860.039838 3.152e-16
4861.571884 3.3546e-16
4863.10393 3.4075e-16
4864.635976 3.2094e-16
4866.168022 3.1635e-16
4867.700068 3.1745e-16
4869.232114 3.1738e-16
4870.76416 3.0545e-16
4872.296206 3.0406e-16
4873.828252 3.1991e-16
4875.360298 3.1322e-16
4876.892344 3.2267e-16
4878.42439 3.1768e-16
4879.956436 3.337e-16
4881.488482 3.3993e-16
4883.020528 3.2277e-16
4884.552574 3.1743e-16
4886.08462 3.2849e-16
4887.616666 3.3281e-16
4889.148712 3.4317e-16
4890.680758 3.2633e-16
4892.212804 3.2135e-16
4893.74485 3.1748e-16
4895.276896 3.2019e-16
4896.808942 3.2989e-16
4898.340988 3.1071e-16
4899.873034 3.0757e-16
4901.40508 3.2697e-16
4902.937126 3.2956e-16
4904.469172 3.0629e-16
4906.001218 3.3604e-16
4907.533264 3.0505e-16
4909.06531 3.0317e-16
4910.597356 3.0437e-16
4912.129402 3.1049e-16
4913.661448 3.059e-16
4915.193494 3.0938e-16
4916.72554 3.0534e-16
4918.257586 3.2075e-16
4919.789632 2.9127e-16
4921.321678 2.9768e-16
4922.853724 3.0603e-16
4924.38577 2.891e-16
4925.917816 2.7611e-16
4927.449862 2.7988e-16
4928.981908 2.9034e-16
4930.513954 2.7469e-16
4932.046 2.7036e-16
4933.578046 2.7679e-16
4935.110092 2.592e-16
4936.642138 2.4778e-16
4938.174184 2.6886e-16
4939.70623 2.5927e-16
4941.238276 2.5037e-16
4942.770322 2.5704e-16
4944.302368 2.6451e-16
4945.834414 2.7273e-16
4947.36646 2.7229e-16
4948.898506 2.7297e-16
4950.430552 2.7224e-16
4951.962598 2.9175e-16
4953.494644 2.7856e-16
4955.02669 2.5637e-16
4956.558736 2.7105e-16
4958.090782 2.5527e-16
4959.622828 2.7696e-16
4961.154874 2.981e-16
4962.68692 2.8032e-16
4964.218966 2.8434e-16
4965.751012 2.7949e-16
4967.283058 2.8102e-16
4968.815104 2.8555e-16
4970.34715 2.6722e-16
4971.879196 2.7378e-16
4973.411242 2.6905e-16
4974.943288 2.7086e-16
4976.475334 2.7899e-16
4978.00738 2.8782e-16
4979.539426 2.8594e-16
4981.071472 2.804e-16
4982.603518 2.7863e-16
4984.135564 2.8237e-16
4985.66761 2.7338e-16
4987.199656 2.7613e-16
4988.731702 2.6504e-16
4990.263748 2.5016e-16
4991.795794 2.5734e-16
4993.32784 2.5476e-16
4994.859886 2.6187e-16
4996.391932 2.6448e-16
4997.923978 2.6053e-16
4999.456024 2.4753e-16
5000.98807 2.3115e-16
5002.520116 2.6305e-16
5004.052162 2.5514e-16
5005.584208 2.4802e-16
5007.116254 2.5361e-16
5008.6483 2.4309e-16
5010.180346 2.4863e-16
5011.712392 2.5073e-16
5013.244438 2.2849e-16
5014.776484 2.4447e-16
5016.30853 2.6058e-16
5017.840576 2.4136e-16
5019.372622 2.3236e-16
5020.904668 2.414e-16
5022.436714 2.3123e-16
5023.96876 2.3543e-16
5025.500806 2.2198e-16
5027.032852 2.1764e-16
5028.564898 2.1775e-16
5030.096944 2.3497e-16
5031.62899 2.2812e-16
5033.161036 2.2622e-16
5034.693082 2.2568e-16
5036.225128 2.2947e-16
5037.757174 2.1723e-16
5039.28922 2.1286e-16
5040.821266 2.0971e-16
5042.353312 2.4055e-16
5043.885358 2.2405e-16
5045.417404 2.1397e-16
5046.94945 2.2732e-16
5048.481496 2.1315e-16
5050.013542 2.2217e-16
5051.545588 2.2101e-16
5053.077634 2.0945e-16
5054.60968 2.2501e-16
5056.141726 2.1991e-16
5057.673772 2.2467e-16
5059.205818 2.3837e-16
5060.737864 2.2677e-16
5062.26991 2.3232e-16
5063.801956 2.3747e-16
5065.334002 2.2319e-16
5066.866048 2.2903e-16
5068.398094 2.359e-16
5069.93014 2.239e-16
5071.462186 2.311e-16
5072.994232 2.2905e-16
5074.526278 2.4126e-16
5076.058324 2.307e-16
5077.59037 2.3373e-16
5079.122416 2.3159e-16
5080.654462 2.4247e-16
5082.186508 2.4792e-16
5083.718554 2.6042e-16
5085.2506 2.4687e-16
5086.782646 2.5024e-16
5088.314692 2.486e-16
5089.846738 2.3427e-16
5091.378784 2.4512e-16
5092.91083 2.5096e-16
5094.442876 2.3537e-16
5095.974922 2.1135e-16
5097.506968 2.142e-16
5099.039014 2.302e-16
5100.57106 2.1914e-16
5102.103106 2.2535e-16
5103.635152 2.2655e-16
5105.167198 2.0978e-16
5106.699244 2.2614e-16
5108.23129 2.181e-16
5109.763336 2.1647e-16
5111.295382 2.1602e-16
5112.827428 2.139e-16
5114.359474 2.0504e-16
5115.89152 2.2227e-16
5117.423566 2.1985e-16
5118.955612 2.1483e-16
5120.487658 2.1488e-16
5122.019704 2.0317e-16
5123.55175 2.0187e-16
5125.083796 2.0581e-16
5126.615842 1.8847e-16
5128.147888 1.9673e-16
5129.679934 2.0954e-16
5131.21198 1.6809e-16
5132.744026 1.6238e-16
5134.276072 1.7231e-16
5135.808118 1.9513e-16
5137.340164 1.7703e-16
5138.87221 1.7561e-16
5140.404256 1.815e-16
5141.936302 1.6919e-16
5143.468348 1.6135e-16
5145.000394 1.7917e-16
5146.53244 1.8328e-16
5148.064486 1.8133e-16
5149.596532 1.7731e-16
5151.128578 1.8119e-16
5152.660624 1.7116e-16
5154.19267 1.8131e-16
5155.724716 1.5796e-16
5157.256762 1.753e-16
5158.788808 1.8177e-16
5160.320854 1.8485e-16
5161.8529 1.7925e-16
5163.384946 1.8962e-16
5164.916992 1.8796e-16
5166.449038 1.712e-16
5167.981084 1.6303e-16
5169.51313 1.8384e-16
5171.045176 1.947e-16
5172.577222 2.0326e-16
5174.109268 2.0134e-16
5175.641314 2.0332e-16
5177.17336 2.0475e-16
5178.705406 1.858e-16
5180.237452 2.0299e-16
5181.769498 2.0838e-16
5183.301544 2.1009e-16
5184.83359 2.0601e-16
5186.365636 1.9984e-16
5187.897682 2.1418e-16
5189.429728 2.0543e-16
5190.961774 2.0059e-16
5192.49382 1.9752e-16
5194.025866 2.0486e-16
5195.557912 2.2107e-16
5197.089958 2.2256e-16
5198.622004 2.0596e-16
5200.15405 2.0049e-16
5201.686096 2.1398e-16
5203.218142 2.0958e-16
5204.750188 2.2008e-16
5206.282234 2.1751e-16
5207.81428 2.1533e-16
5209.346326 2.0493e-16
5210.878372 2.1525e-16
5212.410418 2.219e-16
5213.942464 1.9819e-16
5215.47451 2.0394e-16
5217.006556 2.118e-16
5218.538602 2.1244e-16
5220.070648 2.1823e-16
5221.602694 2.1505e-16
5223.13474 1.9795e-16
5224.666786 1.8582e-16
5226.198832 2.0117e-16
5227.730878 2.0235e-16
5229.262924 2.0357e-16
5230.79497 1.9777e-16
5232.327016 1.9358e-16
5233.859062 1.875e-16
5235.391108 1.8765e-16
5236.923154 1.9564e-16
5238.4552 1.8272e-16
5239.987246 1.939e-16
5241.519292 1.7623e-16
5243.051338 1.8765e-16
5244.583384 1.8604e-16
5246.11543 1.8779e-16
5247.647476 1.7292e-16
5249.179522 1.668e-16
5250.711568 1.7346e-16
5252.243614 1.8188e-16
5253.77566 1.881e-16
5255.307706 1.7341e-16
5256.839752 1.9789e-16
5258.371798 1.874e-16
5259.903844 1.6352e-16
5261.43589 1.7961e-16
5262.967936 1.8749e-16
5264.499982 1.7255e-16
5266.032028 1.7639e-16
5267.564074 1.7838e-16
5269.09612 1.7166e-16
5270.628166 1.7155e-16
5272.160212 1.7322e-16
5273.692258 1.7161e-16
5275.224304 1.7258e-16
5276.75635 1.7888e-16
5278.288396 1.7639e-16
5279.820442 1.8404e-16
5281.352488 1.8055e-16
5282.884534 1.783e-16
5284.41658 1.7883e-16
5285.948626 1.749e-16
5287.480672 1.7021e-16
5289.012718 1.8503e-16
5290.544764 1.6928e-16
5292.07681 1.8466e-16
5293.608856 1.7519e-16
5295.140902 1.8231e-16
5296.672948 1.745e-16
5298.204994 1.911e-16
5299.73704 1.8693e-16
5301.269086 1.809e-16
5302.801132 1.5814e-16
5304.333178 1.7752e-16
5305.865224 1.8074e-16
5307.39727 1.8524e-16
5308.929316 1.7825e-16
5310.461362 1.7376e-16
5311.993408 1.864e-16
5313.525454 1.8165e-16
5315.0575 1.8359e-16
5316.589546 1.746e-16
5318.121592 1.8832e-16
5319.653638 1.8356e-16
5321.185684 2.067e-16
5322.71773 2.0067e-16
5324.249776 2.0041e-16
5325.781822 1.8358e-16
5327.313868 1.8039e-16
5328.845914 1.88e-16
5330.37796 1.9187e-16
5331.910006 1.9532e-16
5333.442052 1.797e-16
5334.974098 1.8985e-16
5336.506144 2.0412e-16
5338.03819 1.8617e-16
5339.570236 1.7153e-16
5341.102282 1.9303e-16
5342.634328 1.7906e-16
5344.166374 2.0387e-16
5345.69842 1.9648e-16
5347.230466 1.9307e-16
5348.762512 1.9576e-16
5350.294558 2.0929e-16
5351.826604 1.867e-16
5353.35865 1.9245e-16
5354.890696 1.888e-16
5356.422742 1.964e-16
5357.954788 1.8709e-16
5359.486834 2.1052e-16
5361.01888 1.9673e-16
5362.550926 1.9887e-16
5364.082972 2.0967e-16
5365.615018 1.9457e-16
5367.147064 2.0952e-16
5368.67911 2.0981e-16
5370.211156 2.0136e-16
5371.743202 1.7796e-16
5373.275248 1.9891e-16
5374.807294 2.2375e-16
5376.33934 2.1641e-16
5377.871386 1.96e-16
5379.403432 2.1128e-16
5380.935478 2.0066e-16
5382.467524 1.8809e-16
5383.99957 1.8328e-16
5385.531616 2.0395e-16
5387.063662 2.0549e-16
5388.595708 1.9272e-16
5390.127754 2.1405e-16
5391.6598 2.2687e-16
5393.191846 2.164e-16
5394.723892 2.2583e-16
5396.255938 2.3594e-16
5397.787984 2.2523e-16
5399.32003 2.2606e-16
5400.852076 2.1643e-16
5402.384122 2.0497e-16
5403.916168 2.0868e-16
5405.448214 1.8415e-16
5406.98026 2.0347e-16
5408.512306 2.1524e-16
5410.044352 2.1875e-16
5411.576398 2.1814e-16
5413.108444 2.0151e-16
5414.64049 2.1029e-16
5416.172536 2.3991e-16
5417.704582 2.5016e-16
5419.236628 2.4815e-16
5420.768674 2.4156e-16
5422.30072 2.2698e-16
5423.832766 2.131e-16
5425.364812 2.2903e-16
5426.896858 2.4588e-16
5428.428904 2.4491e-16
5429.96095 2.0623e-16
5431.492996 2.181e-16
5433.025042 2.5732e-16
5434.557088 2.2024e-16
5436.089134 2.1025e-16
5437.62118 2.3629e-16
5439.153226 2.4403e-16
5440.685272 2.3077e-16
5442.217318 2.2255e-16
5443.749364 2.1767e-16
5445.28141 2.197e-16
5446.813456 2.1575e-16
5448.345502 2.1888e-16
5449.877548 2.4545e-16
5451.409594 2.3469e-16
5452.94164 2.4691e-16
5454.473686 2.6513e-16
5456.005732 2.521e-16
5457.537778 2.7895e-16
5459.069824 2.2961e-16
5460.60187 2.4682e-16
5462.133916 2.5635e-16
5463.665962 2.7055e-16
5465.198008 2.6509e-16
5466.730054 2.5008e-16
5468.2621 2.3966e-16
5469.794146 2.6777e-16
5471.326192 2.5906e-16
5472.858238 2.6426e-16
5474.390284 2.5015e-16
5475.92233 2.5608e-16
5477.454376 2.5342e-16
5478.986422 2.3451e-16
5480.518468 2.6607e-16
5482.050514 2.499e-16
5483.58256 2.2978e-16
5485.114606 2.6984e-16
5486.646652 2.7895e-16
5488.178698 2.3868e-16
5489.710744 2.5585e-16
5491.24279 2.6667e-16
5492.774836 2.46e-16
5494.306882 2.3879e-16
5495.838928 2.4581e-16
5497.370974 2.6282e-16
5498.90302 2.0892e-16
5500.435066 2.0353e-16
5501.967112 2.1315e-16
5503.499158 2.1571e-16
5505.031204 2.3123e-16
5506.56325 2.3175e-16
5508.095296 2.1667e-16
5509.627342 2.1554e-16
5511.159388 2.0853e-16
5512.691434 2.1078e-16
5514.22348 2.2872e-16
5515.755526 2.3476e-16
5517.287572 2.2657e-16
5518.819618 2.1448e-16
5520.351664 2.2302e-16
5521.88371 2.2556e-16
5523.415756 2.3724e-16
5524.947802 2.2855e-16
5526.479848 2.2063e-16
5528.011894 2.2086e-16
5529.54394 2.1432e-16
5531.075986 2.267e-16
5532.608032 2.3149e-16
5534.140078 2.1103e-16
5535.672124 2.1071e-16
5537.20417 2.2954e-16
5538.736216 2.1811e-16
5540.268262 1.9798e-16
5541.800308 2.039e-16
5543.332354 2.1049e-16
5544.8644 2.048e-16
5546.396446 2.1363e-16
5547.928492 2.1091e-16
5549.460538 2.1394e-16
5550.992584 2.0664e-16
5552.52463 1.8649e-16
5554.056676 2.0018e-16
5555.588722 2.0092e-16
5557.120768 1.9025e-16
5558.652814 1.8372e-16
5560.18486 1.838e-16
5561.716906 1.8097e-16
5563.248952 1.7965e-16
5564.780998 1.83e-16
5566.313044 1.6839e-16
5567.84509 1.5843e-16
5569.377136 1.6026e-16
5570.909182 1.6808e-16
5572.441228 1.9081e-16
5573.973274 1.7258e-16
5575.50532 1.5181e-16
5577.037366 1.5984e-16
5578.569412 1.4248e-16
5580.101458 1.5351e-16
5581.633504 1.6505e-16
5583.16555 1.4407e-16
5584.697596 1.5363e-16
5586.229642 1.5767e-16
5587.761688 1.7038e-16
5589.293734 1.5937e-16
5590.82578 1.4922e-16
5592.357826 1.4895e-16
5593.889872 1.5469e-16
5595.421918 1.5697e-16
5596.953964 1.6238e-16
5598.48601 1.6643e-16
5600.018056 1.613e-16
5601.550102 1.5314e-16
5603.082148 1.5356e-16
5604.614194 1.6088e-16
5606.14624 1.6288e-16
5607.678286 1.6935e-16
5609.210332 1.7746e-16
5610.742378 1.7831e-16
5612.274424 1.6128e-16
5613.80647 1.6355e-16
5615.338516 1.696e-16
5616.870562 1.6298e-16
5618.402608 1.5719e-16
5619.934654 1.6569e-16
5621.4667 1.5893e-16
5622.998746 1.6492e-16
5624.530792 1.7509e-16
5626.062838 1.6639e-16
5627.594884 1.68e-16
5629.12693 1.6803e-16
5630.658976 1.5588e-16
5632.191022 1.5689e-16
5633.723068 1.6632e-16
5635.255114 1.6852e-16
5636.78716 1.6807e-16
5638.319206 1.7101e-16
5639.851252 1.6384e-16
5641.383298 1.6595e-16
5642.915344 1.6844e-16
5644.44739 1.5878e-16
5645.979436 1.6241e-16
5647.511482 1.7705e-16
5649.043528 1.6972e-16
5650.575574 1.652e-16
5652.10762 1.6713e-16
5653.639666 1.6645e-16
5655.171712 1.7112e-16
5656.703758 1.7009e-16
5658.235804 1.6843e-16
5659.76785 1.6014e-16
5661.299896 1.6336e-16
5662.831942 1.5723e-16
5664.363988 1.4566e-16
5665.896034 1.6316e-16
5667.42808 1.7153e-16
5668.960126 1.6777e-16
5670.492172 1.6595e-16
5672.024218 1.6594e-16
5673.556264 1.7995e-16
5675.08831 1.7764e-16
5676.620356 1.6924e-16
5678.152402 1.6035e-16
5679.684448 1.5708e-16
5681.216494 1.6527e-16
5682.74854 1.6979e-16
5684.280586 1.7558e-16
5685.812632 1.8128e-16
5687.344678 1.7712e-16
5688.876724 1.6952e-16
5690.40877 1.7175e-16
5691.940816 1.6785e-16
5693.472862 1.674e-16
5695.004908 1.6285e-16
5696.536954 1.6136e-16
5698.069 1.6724e-16
5699.601046 1.7487e-16
5701.133092 1.8788e-16
5702.665138 1.8489e-16
5704.197184 1.7509e-16
5705.72923 1.7335e-16
5707.261276 1.7867e-16
5708.793322 1.7683e-16
5710.325368 1.7688e-16
5711.857414 1.7836e-16
5713.38946 1.7533e-16
5714.921506 1.748e-16
5716.453552 1.8051e-16
5717.985598 1.8167e-16
5719.517644 1.8124e-16
5721.04969 1.8347e-16
5722.581736 1.8155e-16
5724.113782 1.7692e-16
5725.645828 1.7259e-16
5727.177874 1.754e-16
5728.70992 1.7796e-16
5730.241966 1.715e-16
5731.774012 1.7101e-16
5733.306058 1.7077e-16
5734.838104 1.7093e-16
5736.37015 1.7545e-16
5737.902196 1.7051e-16
5739.434242 1.6618e-16
5740.966288 1.6279e-16
5742.498334 1.654e-16
5744.03038 1.6226e-16
5745.562426 1.623e-16
5747.094472 1.7076e-16
5748.626518 1.6964e-16
5750.158564 1.5983e-16
5751.69061 1.55e-16
5753.222656 1.5988e-16
5754.754702 1.6349e-16
5756.286748 1.6285e-16
5757.818794 1.5934e-16
5759.35084 1.4592e-16
5760.882886 1.4806e-16
5762.414932 1.5656e-16
5763.946978 1.548e-16
5765.479024 1.601e-16
5767.01107 1.6008e-16
5768.543116 1.4729e-16
5770.075162 1.4092e-16
5771.607208 1.4365e-16
5773.139254 1.4721e-16
5774.6713 1.5123e-16
5776.203346 1.552e-16
5777.735392 1.5124e-16
5779.267438 1.4131e-16
5780.799484 1.4375e-16
5782.33153 1.4764e-16
5783.863576 1.464e-16
5785.395622 1.4665e-16
5786.927668 1.4486e-16
5788.459714 1.4269e-16
5789.99176 1.4273e-16
5791.523806 1.5521e-16
5793.055852 1.537e-16
5794.587898 1.4323e-16
5796.119944 1.4004e-16
5797.65199 1.4656e-16
5799.184036 1.5045e-16
5800.716082 1.4611e-16
5802.248128 1.3584e-16
5803.780174 1.4267e-16
5805.31222 1.5092e-16
5806.844266 1.4767e-16
5808.376312 1.5219e-16
5809.908358 1.557e-16
5811.440404 1.5893e-16
5812.97245 1.5924e-16
5814.504496 1.5919e-16
5816.036542 1.5589e-16
5817.568588 1.5462e-16
5819.100634 1.6151e-16
5820.63268 1.5868e-16
5822.164726 1.6003e-16
5823.696772 1.7278e-16
5825.228818 1.7484e-16
5826.760864 1.6972e-16
5828.29291 1.6514e-16
5829.824956 1.6832e-16
5831.357002 1.6981e-16
5832.889048 1.6989e-16
5834.421094 1.6591e-16
5835.95314 1.6618e-16
5837.485186 1.7082e-16
5839.017232 1.7894e-16
5840.549278 1.8011e-16
5842.081324 1.7721e-16
5843.61337 1.8162e-16
5845.145416 1.8963e-16
5846.677462 1.9573e-16
5848.209508 1.8953e-16
5849.741554 1.8474e-16
5851.2736 1.9002e-16
5852.805646 1.9233e-16
5854.337692 1.9748e-16
5855.869738 1.9667e-16
5857.401784 1.9179e-16
5858.93383 1.9603e-16
5860.465876 2.0306e-16
5861.997922 2.0276e-16
5863.529968 1.9274e-16
5865.062014 1.885e-16
5866.59406 1.8618e-16
5868.126106 1.8657e-16
5869.658152 1.9313e-16
5871.190198 1.9621e-16
5872.722244 1.9398e-16
5874.25429 1.941e-16
5875.786336 1.94e-16
5877.318382 1.9513e-16
5878.850428 1.9572e-16
5880.382474 1.9864e-16
5881.91452 2.0378e-16
5883.446566 2.0249e-16
5884.978612 1.9528e-16
5886.510658 1.8734e-16
5888.042704 1.934e-16
5889.57475 1.9839e-16
5891.106796 1.9387e-16
5892.638842 1.8842e-16
5894.170888 1.9738e-16
5895.702934 2.0662e-16
5897.23498 1.993e-16
5898.767026 2.0346e-16
5900.299072 2.0389e-16
5901.831118 1.9496e-16
5903.363164 1.9564e-16
5904.89521 2.0158e-16
5906.427256 1.9548e-16
5907.959302 1.9491e-16
5909.491348 2.0852e-16
5911.023394 2.1525e-16
5912.55544 2.145e-16
5914.087486 2.0726e-16
5915.619532 1.9861e-16
5917.151578 2.0229e-16
5918.683624 2.0742e-16
5920.21567 2.0528e-16
5921.747716 2.03e-16
5923.279762 1.9608e-16
5924.811808 2.0012e-16
5926.343854 2.1103e-16
5927.8759 2.106e-16
5929.407946 2.0913e-16
5930.939992 2.0965e-16
5932.472038 2.0783e-16
5934.004084 2.0084e-16
5935.53613 2.0076e-16
5937.068176 2.094e-16
5938.600222 2.149e-16
5940.132268 2.1657e-16
5941.664314 2.1318e-16
5943.19636 2.0537e-16
5944.728406 1.9747e-16
5946.260452 1.9731e-16
5947.792498 2.0195e-16
5949.324544 1.9911e-16
5950.85659 1.9579e-16
5952.388636 2.0006e-16
5953.920682 2.0281e-16
5955.452728 2.0084e-16
5956.984774 2.0647e-16
5958.51682 2.0232e-16
5960.048866 2.0082e-16
5961.580912 2.0113e-16
5963.112958 1.976e-16
5964.645004 1.9723e-16
5966.17705 2.0188e-16
5967.709096 1.9748e-16
5969.241142 1.9008e-16
5970.773188 1.9826e-16
5972.305234 2.0097e-16
5973.83728 2.0187e-16
5975.369326 2.0372e-16
5976.901372 2.0145e-16
5978.433418 2.0027e-16
5979.965464 2.0105e-16
5981.49751 2.1027e-16
5983.029556 2.0731e-16
5984.561602 2.0304e-16
5986.093648 2.0561e-16
5987.625694 2.0186e-16
5989.15774 1.9931e-16
5990.689786 1.9573e-16
5992.221832 1.9761e-16
5993.753878 2.0121e-16
5995.285924 2.0137e-16
5996.81797 2.05e-16
5998.350016 2.1094e-16
5999.882062 2.0917e-16
6001.414108 2.0379e-16
6002.946154 1.9878e-16
6004.4782 1.987e-16
6006.010246 1.9614e-16
6007.542292 1.9768e-16
6009.074338 2.0342e-16
6010.606384 2.0203e-16
6012.13843 1.9871e-16
6013.670476 2.0165e-16
6015.202522 2.0126e-16
6016.734568 2.022e-16
6018.266614 1.9578e-16
6019.79866 1.9485e-16
6021.330706 2.0029e-16
6022.862752 1.9883e-16
6024.394798 1.9918e-16
6025.926844 2.0462e-16
6027.45889 2.0193e-16
6028.990936 2.026e-16
6030.522982 2.0756e-16
6032.055028 2.0172e-16
6033.587074 1.9688e-16
6035.11912 1.9374e-16
6036.651166 1.9227e-16
6038.183212 1.9858e-16
6039.715258 1.9851e-16
6041.247304 1.9452e-16
6042.77935 1.8565e-16
6044.311396 1.8418e-16
6045.843442 1.9324e-16
6047.375488 1.898e-16
6048.907534 1.9052e-16
6050.43958 1.9533e-16
6051.971626 1.9018e-16
6053.503672 1.8659e-16
6055.035718 1.8552e-16
6056.567764 1.9084e-16
6058.09981 1.9399e-16
6059.631856 1.9252e-16
6061.163902 1.9052e-16
6062.695948 1.8331e-16
6064.227994 1.8246e-16
6065.76004 1.8772e-16
6067.292086 1.8821e-16
6068.824132 1.8791e-16
6070.356178 1.8786e-16
6071.888224 1.869e-16
6073.42027 1.8574e-16
6074.952316 1.8601e-16
6076.484362 1.8589e-16
6078.016408 1.8933e-16
6079.548454 1.8632e-16
6081.0805 1.7663e-16
6082.612546 1.798e-16
6084.144592 1.8753e-16
6085.676638 1.819e-16
6087.208684 1.783e-16
6088.74073 1.8039e-16
6090.272776 1.8388e-16
6091.804822 1.7985e-16
6093.336868 1.7156e-16
6094.868914 1.7563e-16
6096.40096 1.8007e-16
6097.933006 1.7677e-16
6099.465052 1.7779e-16
6100.997098 1.8096e-16
6102.529144 1.7919e-16
6104.06119 1.8208e-16
6105.593236 1.8653e-16
6107.125282 1.802e-16
6108.657328 1.7479e-16
6110.189374 1.8226e-16
6111.72142 1.8829e-16
6113.253466 1.8773e-16
6114.785512 1.8286e-16
6116.317558 1.804e-16
6117.849604 1.818e-16
6119.38165 1.8826e-16
6120.913696 1.8815e-16
6122.445742 1.8198e-16
6123.977788 1.9157e-16
6125.509834 1.9791e-16
6127.04188 1.8511e-16
6128.573926 1.7464e-16
6130.105972 1.7487e-16
6131.638018 1.797e-16
6133.170064 1.8369e-16
6134.70211 1.8198e-16
6136.234156 1.8188e-16
6137.766202 1.851e-16
6139.298248 1.845e-16
6140.830294 1.7957e-16
6142.36234 1.8077e-16
6143.894386 1.864e-16
6145.426432 1.8521e-16
6146.958478 1.8269e-16
6148.490524 1.8652e-16
6150.02257 1.8813e-16
6151.554616 1.855e-16
6153.086662 1.8714e-16
6154.618708 1.9033e-16
6156.150754 1.9045e-16
6157.6828 1.8904e-16
6159.214846 1.9409e-16
6160.746892 1.8887e-16
6162.278938 1.7808e-16
6163.810984 1.8075e-16
6165.34303 1.8199e-16
6166.875076 1.782e-16
6168.407122 1.8711e-16
6169.939168 1.8962e-16
6171.471214 1.8532e-16
6173.00326 1.8825e-16
6174.535306 1.8979e-16
6176.067352 1.9166e-16
6177.599398 2.0441e-16
6179.131444 2.0812e-16
6180.66349 1.9475e-16
6182.195536 1.8656e-16
6183.727582 1.9355e-16
6185.259628 1.8778e-16
6186.791674 1.7941e-16
6188.32372 1.8829e-16
6189.855766 1.9675e-16
6191.387812 1.9772e-16
6192.919858 1.9646e-16
6194.451904 1.954e-16
6195.98395 2.0162e-16
6197.515996 1.9965e-16
6199.048042 1.9235e-16
6200.580088 1.9022e-16
6202.112134 1.85e-16
6203.64418 1.9198e-16
6205.176226 1.9661e-16
6206.708272 1.8819e-16
6208.240318 1.9004e-16
6209.772364 1.9359e-16
6211.30441 1.9116e-16
6212.836456 1.9498e-16
6214.368502 1.9197e-16
6215.900548 1.9354e-16
6217.432594 2.001e-16
6218.96464 1.8777e-16
6220.496686 1.868e-16
6222.028732 1.9334e-16
6223.560778 1.9154e-16
6225.092824 1.8725e-16
6226.62487 1.919e-16
6228.156916 2.0082e-16
6229.688962 1.9559e-16
6231.221008 1.9174e-16
6232.753054 1.8369e-16
6234.2851 1.8917e-16
6235.817146 1.9797e-16
6237.349192 1.959e-16
6238.881238 1.9303e-16
6240.413284 1.8735e-16
6241.94533 1.8406e-16
6243.477376 1.8315e-16
6245.009422 1.8164e-16
6246.541468 1.9073e-16
6248.073514 1.9392e-16
6249.60556 1.8566e-16
6251.137606 1.7784e-16
6252.669652 1.8352e-16
6254.201698 1.8773e-16
6255.733744 1.8055e-16
6257.26579 1.8156e-16
6258.797836 1.878e-16
6260.329882 1.862e-16
6261.861928 1.8253e-16
6263.393974 1.7874e-16
6264.92602 1.8347e-16
6266.458066 1.8593e-16
6267.990112 1.8384e-16
6269.522158 1.831e-16
6271.054204 1.8053e-16
6272.58625 1.7888e-16
6274.118296 1.7559e-16
6275.650342 1.7662e-16
6277.182388 1.8479e-16
6278.714434 1.8277e-16
6280.24648 1.8027e-16
6281.778526 1.7805e-16
6283.310572 1.786e-16
6284.842618 1.8222e-16
6286.374664 1.8632e-16
6287.90671 1.7716e-16
6289.438756 1.7527e-16
6290.970802 1.7484e-16
6292.502848 1.7465e-16
6294.034894 1.8086e-16
6295.56694 1.8595e-16
6297.098986 1.9266e-16
6298.631032 2.0152e-16
6300.163078 2.0577e-16
6301.695124 1.8945e-16
6303.22717 1.7002e-16
6304.759216 1.7751e-16
6306.291262 1.8436e-16
6307.823308 1.796e-16
6309.355354 1.8017e-16
6310.8874 1.8107e-16
6312.419446 1.8718e-16
6313.951492 1.9316e-16
6315.483538 1.9186e-16
6317.015584 1.84e-16
6318.54763 1.8108e-16
6320.079676 1.8271e-16
6321.611722 1.8237e-16
6323.143768 1.8254e-16
6324.675814 1.8582e-16
6326.20786 1.8605e-16
6327.739906 1.8612e-16
6329.271952 1.9104e-16
6330.803998 1.9171e-16
6332.336044 1.8548e-16
6333.86809 1.8407e-16
6335.400136 1.8894e-16
6336.932182 1.8592e-16
6338.464228 1.8427e-16
6339.996274 1.8524e-16
6341.52832 1.8473e-16
6343.060366 1.821e-16
6344.592412 1.7821e-16
6346.124458 1.7538e-16
6347.656504 1.7599e-16
6349.18855 1.8176e-16
6350.720596 1.8383e-16
6352.252642 1.798e-16
6353.784688 1.7366e-16
6355.316734 1.71e-16
6356.84878 1.7849e-16
6358.380826 1.8603e-16
6359.912872 1.8841e-16
6361.444918 1.7662e-16
6362.976964 1.7207e-16
6364.50901 1.7794e-16
6366.041056 1.8231e-16
6367.573102 1.8287e-16
6369.105148 1.7671e-16
6370.637194 1.6994e-16
6372.16924 1.6603e-16
6373.701286 1.6669e-16
6375.233332 1.6578e-16
6376.765378 1.6657e-16
6378.297424 1.6821e-16
6379.82947 1.6653e-16
6381.361516 1.7061e-16
6382.893562 1.7133e-16
6384.425608 1.7081e-16
6385.957654 1.6702e-16
6387.4897 1.6274e-16
6389.021746 1.6376e-16
6390.553792 1.6561e-16
6392.085838 1.6728e-16
6393.617884 1.6584e-16
6395.14993 1.5925e-16
6396.681976 1.5759e-16
6398.214022 1.6155e-16
6399.746068 1.6509e-16
6401.278114 1.6426e-16
6402.81016 1.7037e-16
6404.342206 1.7364e-16
6405.874252 1.6569e-16
6407.406298 1.5918e-16
6408.938344 1.5585e-16
6410.47039 1.5158e-16
6412.002436 1.5313e-16
6413.534482 1.5865e-16
6415.066528 1.6046e-16
6416.598574 1.5689e-16
6418.13062 1.4831e-16
6419.662666 1.4055e-16
6421.194712 1.3783e-16
6422.726758 1.3649e-16
6424.258804 1.391e-16
6425.79085 1.4236e-16
6427.322896 1.3851e-16
6428.854942 1.3287e-16
6430.386988 1.2925e-16
6431.919034 1.2738e-16
6433.45108 1.3095e-16
6434.983126 1.2945e-16
6436.515172 1.2266e-16
6438.047218 1.1715e-16
6439.579264 1.1766e-16
6441.11131 1.2178e-16
6442.643356 1.1294e-16
6444.175402 9.9931e-17
6445.707448 1.0118e-16
6447.239494 1.0847e-16
6448.77154 1.0873e-16
6450.303586 1.0878e-16
6451.835632 1.0872e-16
6453.367678 1.0201e-16
6454.899724 1.011e-16
6456.43177 1.0141e-16
6457.963816 9.4739e-17
6459.495862 9.1462e-17
6461.027908 9.5767e-17
6462.559954 9.521e-17
6464.092 9.0037e-17
6465.624046 8.9894e-17
6467.156092 8.2871e-17
6468.688138 7.6907e-17
6470.220184 8.2203e-17
6471.75223 8.6012e-17
6473.284276 8.1238e-17
6474.816322 7.9841e-17
6476.348368 8.2187e-17
6477.880414 7.5298e-17
6479.41246 6.8169e-17
6480.944506 7.1438e-17
6482.476552 7.5783e-17
6484.008598 7.722e-17
6485.540644 7.616e-17
6487.07269 7.5741e-17
6488.604736 7.5241e-17
6490.136782 7.0234e-17
6491.668828 6.3992e-17
6493.200874 6.5249e-17
6494.73292 7.0312e-17
6496.264966 6.8616e-17
6497.797012 6.4949e-17
6499.329058 6.4182e-17
6500.861104 6.6992e-17
6502.39315 6.9601e-17
6503.925196 6.9524e-17
6505.457242 6.7517e-17
6506.989288 6.7886e-17
6508.521334 6.6527e-17
6510.05338 6e-17
6511.585426 6.6614e-17
6513.117472 7.6118e-17
6514.649518 7.1489e-17
6516.181564 6.9644e-17
6517.71361 7.438e-17
6519.245656 7.846e-17
6520.777702 7.7194e-17
6522.309748 7.3344e-17
6523.841794 7.5088e-17
6525.37384 7.5107e-17
6526.905886 7.4074e-17
6528.437932 7.4016e-17
6529.969978 7.6918e-17
6531.502024 7.9832e-17
6533.03407 7.4966e-17
6534.566116 7.5997e-17
6536.098162 8.4297e-17
6537.630208 8.4705e-17
6539.162254 8.269e-17
6540.6943 8.8945e-17
6542.226346 9.5011e-17
6543.758392 9.156e-17
6545.290438 9.2283e-17
6546.822484 9.9449e-17
6548.35453 1.0097e-16
6549.886576 1.0882e-16
6551.418622 1.1532e-16
6552.950668 1.1531e-16
6554.482714 1.1956e-16
6556.01476 1.2668e-16
6557.546806 1.2966e-16
6559.078852 1.2856e-16
6560.610898 1.325e-16
6562.142944 1.3529e-16
6563.67499 1.3266e-16
6565.207036 1.2664e-16
6566.739082 1.2989e-16
6568.271128 1.3286e-16
6569.803174 1.2892e-16
6571.33522 1.3132e-16
6572.867266 1.3044e-16
6574.399312 1.2601e-16
6575.931358 1.2382e-16
6577.463404 1.2455e-16
6578.99545 1.2786e-16
6580.527496 1.2559e-16
6582.059542 1.2478e-16
6583.591588 1.3073e-16
6585.123634 1.3146e-16
6586.65568 1.2821e-16
6588.187726 1.3044e-16
6589.719772 1.376e-16
6591.251818 1.3907e-16
6592.783864 1.3772e-16
6594.31591 1.3723e-16
6595.847956 1.3641e-16
6597.380002 1.3343e-16
6598.912048 1.3941e-16
6600.444094 1.418e-16
6601.97614 1.3543e-16
6603.508186 1.3326e-16
6605.040232 1.381e-16
6606.572278 1.4073e-16
6608.104324 1.3809e-16
6609.63637 1.4034e-16
6611.168416 1.4119e-16
6612.700462 1.3805e-16
6614.232508 1.3811e-16
6615.764554 1.4177e-16
6617.2966 1.4583e-16
6618.828646 1.4766e-16
6620.360692 1.4896e-16
6621.892738 1.4497e-16
6623.424784 1.4058e-16
6624.95683 1.425e-16
6626.488876 1.4207e-16
6628.020922 1.4248e-16
6629.552968 1.4399e-16
6631.085014 1.4347e-16
6632.61706 1.449e-16
6634.149106 1.4669e-16
6635.681152 1.4387e-16
6637.213198 1.4574e-16
6638.745244 1.5421e-16
6640.27729 1.5606e-16
6641.809336 1.5227e-16
6643.341382 1.5509e-16
6644.873428 1.595e-16
6646.405474 1.5503e-16
6647.93752 1.503e-16
6649.469566 1.5031e-16
6651.001612 1.5325e-16
6652.533658 1.5579e-16
6654.065704 1.5509e-16
6655.59775 1.5582e-16
6657.129796 1.6085e-16
6658.661842 1.6599e-16
6660.193888 1.6208e-16
6661.725934 1.5618e-16
6663.25798 1.5577e-16
6664.790026 1.5837e-16
6666.322072 1.5848e-16
6667.854118 1.5459e-16
6669.386164 1.5802e-16
6670.91821 1.6423e-16
6672.450256 1.5772e-16
6673.982302 1.5473e-16
6675.514348 1.5435e-16
6677.046394 1.5509e-16
6678.57844 1.5442e-16
6680.110486 1.547e-16
6681.642532 1.5833e-16
6683.174578 1.5849e-16
6684.706624 1.563e-16
6686.23867 1.5073e-16
6687.770716 1.4791e-16
6689.302762 1.5106e-16
6690.834808 1.5141e-16
6692.366854 1.5303e-16
6693.8989 1.5716e-16
6695.430946 1.5942e-16
6696.962992 1.5814e-16
6698.495038 1.522e-16
6700.027084 1.5538e-16
6701.55913 1.5741e-16
6703.091176 1.5083e-16
6704.623222 1.4871e-16
6706.155268 1.5171e-16
6707.687314 1.5505e-16
6709.21936 1.5755e-16
6710.751406 1.5728e-16
6712.283452 1.5748e-16
6713.815498 1.5986e-16
6715.347544 1.6366e-16
6716.87959 1.576e-16
6718.411636 1.5087e-16
6719.943682 1.5094e-16
6721.475728 1.5288e-16
6723.007774 1.4888e-16
6724.53982 1.4752e-16
6726.071866 1.526e-16
6727.603912 1.5475e-16
6729.135958 1.517e-16
6730.668004 1.5149e-16
6732.20005 1.5496e-16
6733.732096 1.5659e-16
6735.264142 1.5704e-16
6736.796188 1.5968e-16
6738.328234 1.5602e-16
6739.86028 1.4498e-16
6741.392326 1.4199e-16
6742.924372 1.493e-16
6744.456418 1.5435e-16
6745.988464 1.5314e-16
6747.52051 1.5576e-16
6749.052556 1.5909e-16
6750.584602 1.589e-16
6752.116648 1.519e-16
6753.648694 1.4684e-16
6755.18074 1.4781e-16
6756.712786 1.4883e-16
6758.244832 1.5148e-16
6759.776878 1.5491e-16
6761.308924 1.496e-16
6762.84097 1.4844e-16
6764.373016 1.5495e-16
6765.905062 1.5482e-16
6767.437108 1.4652e-16
6768.969154 1.4103e-16
6770.5012 1.4234e-16
6772.033246 1.4731e-16
6773.565292 1.4909e-16
6775.097338 1.4558e-16
6776.629384 1.4178e-16
6778.16143 1.4371e-16
6779.693476 1.5005e-16
6781.225522 1.4914e-16
6782.757568 1.4756e-16
6784.289614 1.5098e-16
6785.82166 1.4653e-16
6787.353706 1.3781e-16
6788.885752 1.4391e-16
6790.417798 1.4642e-16
6791.949844 1.4324e-16
6793.48189 1.4793e-16
6795.013936 1.5127e-16
6796.545982 1.5723e-16
6798.078028 1.649e-16
6799.610074 1.5827e-16
6801.14212 1.4668e-16
6802.674166 1.4119e-16
6804.206212 1.436e-16
6805.738258 1.4635e-16
6807.270304 1.472e-16
6808.80235 1.5152e-16
6810.334396 1.4997e-16
6811.866442 1.4129e-16
6813.398488 1.353e-16
6814.930534 1.3498e-16
6816.46258 1.4072e-16
6817.994626 1.4255e-16
6819.526672 1.4378e-16
6821.058718 1.4181e-16
6822.590764 1.4045e-16
6824.12281 1.457e-16
6825.654856 1.4439e-16
6827.186902 1.4421e-16
6828.718948 1.4651e-16
6830.250994 1.4072e-16
6831.78304 1.3407e-16
6833.315086 1.3874e-16
6834.847132 1.4127e-16
6836.379178 1.3702e-16
6837.911224 1.3339e-16
6839.44327 1.3332e-16
6840.975316 1.3091e-16
6842.507362 1.3451e-16
6844.039408 1.3817e-16
6845.571454 1.3562e-16
6847.1035 1.373e-16
6848.635546 1.3692e-16
6850.167592 1.3207e-16
6851.699638 1.3065e-16
6853.231684 1.2893e-16
6854.76373 1.2883e-16
6856.295776 1.3604e-16
6857.827822 1.3226e-16
6859.359868 1.2831e-16
6860.891914 1.3678e-16
6862.42396 1.3488e-16
6863.956006 1.2709e-16
6865.488052 1.2958e-16
6867.020098 1.3699e-16
6868.552144 1.417e-16
6870.08419 1.4211e-16
6871.616236 1.3958e-16
6873.148282 1.3149e-16
6874.680328 1.2505e-16
6876.212374 1.2705e-16
6877.74442 1.3009e-16
6879.276466 1.2972e-16
6880.808512 1.2608e-16
6882.340558 1.2915e-16
6883.872604 1.3165e-16
6885.40465 1.2555e-16
6886.936696 1.2176e-16
6888.468742 1.2211e-16
6890.000788 1.2336e-16
6891.532834 1.2219e-16
6893.06488 1.2294e-16
6894.596926 1.2594e-16
6896.128972 1.2355e-16
6897.661018 1.2382e-16
6899.193064 1.2409e-16
6900.72511 1.201e-16
6902.257156 1.2179e-16
6903.789202 1.2541e-16
6905.321248 1.2438e-16
6906.853294 1.184e-16
6908.38534 1.1672e-16
6909.917386 1.1878e-16
6911.449432 1.1463e-16
6912.981478 1.1516e-16
6914.513524 1.1915e-16
6916.04557 1.1881e-16
6917.577616 1.1911e-16
6919.109662 1.1953e-16
6920.641708 1.218e-16
6922.173754 1.1963e-16
6923.7058 1.0942e-16
6925.237846 1.0906e-16
6926.769892 1.1579e-16
6928.301938 1.1977e-16
6929.833984 1.1973e-16
6931.36603 1.1362e-16
6932.898076 1.1373e-16
6934.430122 1.1775e-16
6935.962168 1.1613e-16
6937.494214 1.0963e-16
6939.02626 1.0499e-16
6940.558306 1.0737e-16
6942.090352 1.1058e-16
6943.622398 1.1338e-16
6945.154444 1.192e-16
6946.68649 1.1642e-16
6948.218536 1.0555e-16
6949.750582 1.0689e-16
6951.282628 1.0924e-16
6952.814674 1.1138e-16
6954.34672 1.1552e-16
6955.878766 1.1073e-16
6957.410812 1.1953e-16
6958.942858 1.4301e-16
6960.474904 1.5129e-16
6962.00695 1.3482e-16
6963.538996 1.1377e-16
6965.071042 1.0731e-16
6966.603088 1.0939e-16
6968.135134 1.0655e-16
6969.66718 1.0209e-16
6971.199226 1.0577e-16
6972.731272 1.101e-16
6974.263318 1.1868e-16
6975.795364 1.3471e-16
6977.32741 1.2714e-16
6978.859456 1.082e-16
6980.391502 1.0236e-16
6981.923548 1.0395e-16
6983.455594 1.0713e-16
6984.98764 1.0546e-16
6986.519686 1.074e-16
6988.051732 1.0774e-16
6989.583778 1.066e-16
6991.115824 1.1096e-16
6992.64787 1.1333e-16
6994.179916 1.2168e-16
6995.711962 1.3928e-16
6997.244008 1.4689e-16
6998.776054 1.2951e-16
7000.3081 1.0905e-16
7001.840146 1.0607e-16
7003.372192 1.058e-16
7004.904238 1.0576e-16
7006.436284 1.0826e-16
7007.96833 1.078e-16
7009.500376 1.0131e-16
7011.032422 9.9154e-17
7012.564468 1.0418e-16
7014.096514 1.0423e-16
7015.62856 9.7553e-17
7017.160606 9.7273e-17
7018.692652 1.0382e-16
7020.224698 1.0588e-16
7021.756744 1.0368e-16
7023.28879 1.0303e-16
7024.820836 1.0521e-16
7026.352882 1.0603e-16
7027.884928 1.0523e-16
7029.416974 1.0344e-16
7030.94902 9.996e-17
7032.481066 1.006e-16
7034.013112 1.035e-16
7035.545158 1.0455e-16
7037.077204 1.0263e-16
7038.60925 1.0547e-16
7040.141296 1.1936e-16
7041.673342 1.2641e-16
7043.205388 1.1066e-16
7044.737434 1.0143e-16
7046.26948 1.0825e-16
7047.801526 1.2577e-16
7049.333572 1.2847e-16
7050.865618 1.1594e-16
7052.397664 1.1771e-16
7053.92971 1.1042e-16
7055.461756 1.065e-16
7056.993802 1.0578e-16
7058.525848 9.9302e-17
7060.057894 1.016e-16
7061.58994 1.0427e-16
7063.121986 9.8028e-17
7064.654032 9.6042e-17
7066.186078 9.6682e-17
7067.718124 9.3536e-17
7069.25017 9.3107e-17
7070.782216 9.4059e-17
7072.314262 9.6847e-17
7073.846308 1.0349e-16
7075.378354 1.0192e-16
7076.9104 1.023e-16
7078.442446 1.0315e-16
7079.974492 1.0074e-16
7081.506538 9.9331e-17
7083.038584 9.4226e-17
7084.57063 9.1364e-17
7086.102676 9.4152e-17
7087.634722 9.9095e-17
7089.166768 9.8928e-17
7090.698814 9.593e-17
7092.23086 9.7212e-17
7093.762906 9.4944e-17
7095.294952 9.2695e-17
7096.826998 9.265e-17
7098.359044 9.3735e-17
7099.89109 9.8672e-17
7101.423136 1.0395e-16
7102.955182 1.032e-16
7104.487228 1.0119e-16
7106.019274 1.0271e-16
7107.55132 1.0129e-16
7109.083366 9.998e-17
7110.615412 1.0051e-16
7112.147458 9.8771e-17
7113.679504 9.415e-17
7115.21155 9.7309e-17
7116.743596 9.9508e-17
7118.275642 9.6212e-17
7119.807688 9.3351e-17
7121.339734 9.3093e-17
7122.87178 9.3643e-17
7124.403826 9.3491e-17
7125.935872 9.5009e-17
7127.467918 9.3796e-17
7128.999964 9.5162e-17
7130.53201 9.8712e-17
7132.064056 9.475e-17
7133.596102 8.9205e-17
7135.128148 9.0072e-17
7136.660194 9.1662e-17
7138.19224 9.1774e-17
7139.724286 9.0856e-17
7141.256332 9.1249e-17
7142.788378 9.5074e-17
7144.320424 9.4852e-17
7145.85247 9.3383e-17
7147.384516 9.2631e-17
7148.916562 9.2932e-17
7150.448608 9.2502e-17
7151.980654 9.1423e-17
7153.5127 9.0561e-17
7155.044746 8.8373e-17
7156.576792 8.9295e-17
7158.108838 9.1892e-17
7159.640884 9.2388e-17
7161.17293 9.0725e-17
7162.704976 9.1203e-17
7164.237022 9.3494e-17
7165.769068 9.1348e-17
7167.301114 9.3735e-17
7168.83316 9.9292e-17
7170.365206 1.0062e-16
7171.897252 9.488e-17
7173.429298 9.1584e-17
7174.961344 9.4651e-17
7176.49339 9.5368e-17
7178.025436 9.5709e-17
7179.557482 9.3292e-17
7181.089528 8.7284e-17
7182.621574 8.8516e-17
7184.15362 9.4021e-17
7185.685666 9.4593e-17
7187.217712 9.351e-17
7188.749758 9.3661e-17
7190.281804 9.0535e-17
7191.81385 8.8558e-17
7193.345896 8.9257e-17
7194.877942 8.6209e-17
7196.409988 8.5358e-17
7197.942034 9.1783e-17
7199.47408 9.1027e-17
7201.006126 8.8308e-17
7202.538172 9.0983e-17
7204.070218 8.7397e-17
7205.602264 8.4657e-17
7207.13431 8.6173e-17
7208.666356 8.808e-17
7210.198402 8.5876e-17
7211.730448 8.3277e-17
7213.262494 8.6977e-17
7214.79454 8.8251e-17
7216.326586 8.7405e-17
7217.858632 8.7119e-17
7219.390678 8.341e-17
7220.922724 8.0638e-17
7222.45477 7.6815e-17
7223.986816 7.8703e-17
7225.518862 8.6902e-17
7227.050908 8.7119e-17
7228.582954 8.4225e-17
7230.115 8.6654e-17
7231.647046 8.9025e-17
7233.179092 8.6375e-17
7234.711138 8.7579e-17
7236.243184 9.1322e-17
7237.77523 8.7589e-17
7239.307276 8.6275e-17
7240.839322 9.0048e-17
7242.371368 8.4661e-17
7243.903414 7.9166e-17
7245.43546 8.573e-17
7246.967506 8.4791e-17
7248.499552 8.7253e-17
7250.031598 9.0264e-17
7251.563644 8.9673e-17
7253.09569 8.4297e-17
7254.627736 8.2514e-17
7256.159782 8.4145e-17
7257.691828 8.4009e-17
7259.223874 8.122e-17
7260.75592 7.759e-17
7262.287966 7.8649e-17
7263.820012 8.1301e-17
7265.352058 8.4287e-17
7266.884104 8.3926e-17
7268.41615 7.8168e-17
7269.948196 7.9925e-17
7271.480242 8.7678e-17
7273.012288 8.6135e-17
7274.544334 8.0549e-17
7276.07638 7.7363e-17
7277.608426 7.4202e-17
7279.140472 7.4371e-17
7280.672518 7.7583e-17
7282.204564 7.6424e-17
7283.73661 7.5525e-17
7285.268656 7.85e-17
7286.800702 7.7561e-17
7288.332748 8.2146e-17
7289.864794 8.0249e-17
7291.39684 7.5513e-17
7292.928886 7.2968e-17
7294.460932 6.945e-17
7295.992978 7.5237e-17
7297.525024 7.7643e-17
7299.05707 7.6278e-17
7300.589116 7.9402e-17
7302.121162 8.0359e-17
7303.653208 7.7078e-17
7305.185254 7.2278e-17
7306.7173 7.861e-17
7308.249346 8.1157e-17
7309.781392 7.7976e-17
7311.313438 8.1162e-17
7312.845484 8.2217e-17
7314.37753 7.8939e-17
7315.909576 7.858e-17
7317.441622 6.9372e-17
7318.973668 6.3467e-17
7320.505714 7.175e-17
7322.03776 7.8717e-17
7323.569806 7.5957e-17
7325.101852 7.4256e-17
7326.633898 7.556e-17
7328.165944 7.2852e-17
7329.69799 7.029e-17
7331.230036 6.9573e-17
7332.762082 7.2362e-17
7334.294128 7.8061e-17
7335.826174 8.1237e-17
7337.35822 8.116e-17
7338.890266 7.8142e-17
7340.422312 7.7513e-17
7341.954358 7.9585e-17
7343.486404 8.1148e-17
7345.01845 7.7546e-17
7346.550496 7.4635e-17
7348.082542 7.0623e-17
7349.614588 6.939e-17
7351.146634 7.4676e-17
7352.67868 7.7869e-17
7354.210726 7.357e-17
7355.742772 6.9528e-17
7357.274818 7.0536e-17
7358.806864 7.4275e-17
7360.33891 7.2972e-17
7361.870956 6.9341e-17
7363.403002 7.035e-17
7364.935048 7.174e-17
7366.467094 7.4191e-17
7367.99914 7.6252e-17
7369.531186 7.5983e-17
7371.063232 7.3872e-17
7372.595278 7.3795e-17
7374.127324 7.3825e-17
7375.65937 7.4806e-17
7377.191416 7.5931e-17
7378.723462 7.3161e-17
7380.255508 7.4035e-17
7381.787554 7.5018e-17
7383.3196 7.4076e-17
7384.851646 7.8076e-17
7386.383692 9.187e-17
7387.915738 1.0603e-16
7389.447784 9.2861e-17
7390.97983 7.2691e-17
7392.511876 6.967e-17
7394.043922 7.3736e-17
7395.575968 7.5609e-17
7397.108014 7.5044e-17
7398.64006 7.6444e-17
7400.172106 7.4614e-17
7401.704152 6.8915e-17
7403.236198 6.6887e-17
7404.768244 7.0362e-17
7406.30029 7.3278e-17
7407.832336 7.2574e-17
7409.364382 7.3661e-17
7410.896428 7.5191e-17
7412.428474 7.4471e-17
7413.96052 7.136e-17
7415.492566 6.6665e-17
7417.024612 6.748e-17
7418.556658 7.1698e-17
7420.088704 7.3704e-17
7421.62075 7.2597e-17
7423.152796 6.9829e-17
7424.684842 6.8613e-17
7426.216888 6.885e-17
7427.748934 7.0118e-17
7429.28098 7.1494e-17
7430.813026 7.0456e-17
7432.345072 6.811e-17
7433.877118 6.7397e-17
7435.409164 6.5744e-17
7436.94121 7.0001e-17
7438.473256 7.4997e-17
7440.005302 7.5809e-17
7441.537348 7.4986e-17
7443.069394 7.2446e-17
7444.60144 6.9367e-17
7446.133486 6.9374e-17
7447.665532 7.3519e-17
7449.197578 7.2266e-17
7450.729624 7.2427e-17
7452.26167 7.6486e-17
7453.793716 7.2606e-17
7455.325762 6.7097e-17
7456.857808 6.7091e-17
7458.389854 7.1773e-17
7459.9219 7.1035e-17
7461.453946 7.0632e-17
7462.985992 7.3311e-17
7464.518038 6.9909e-17
7466.050084 6.6039e-17
7467.58213 6.7087e-17
7469.114176 7.0242e-17
7470.646222 6.8952e-17
7472.178268 7.1995e-17
7473.710314 7.2109e-17
7475.24236 6.7784e-17
7476.774406 7.0017e-17
7478.306452 7.4856e-17
7479.838498 7.2961e-17
7481.370544 7.0665e-17
7482.90259 6.6236e-17
7484.434636 6.8347e-17
7485.966682 7.2776e-17
7487.498728 7.0011e-17
7489.030774 6.7685e-17
7490.56282 7.4118e-17
7492.094866 7.9498e-17
7493.626912 8.0221e-17
7495.158958 9.4599e-17
7496.691004 9.5002e-17
7498.22305 8.5251e-17
7499.755096 9.4147e-17
7501.287142 9.4039e-17
7502.819188 7.666e-17
7504.351234 6.8588e-17
7505.88328 7.7418e-17
7507.415326 8.3784e-17
7508.947372 8.4014e-17
7510.479418 9.0941e-17
7512.011464 1.0394e-16
7513.54351 9.9026e-17
7515.075556 8.5218e-17
7516.607602 9.1696e-17
7518.139648 9.8079e-17
7519.671694 8.5979e-17
7521.20374 7.5683e-17
7522.735786 7.5402e-17
7524.267832 7.4199e-17
7525.799878 6.7153e-17
7527.331924 6.1922e-17
7528.86397 6.4306e-17
7530.396016 8.0222e-17
7531.928062 9.9774e-17
7533.460108 1.0085e-16
7534.992154 8.788e-17
7536.5242 7.1165e-17
7538.056246 6.8497e-17
7539.588292 6.9047e-17
7541.120338 6.679e-17
7542.652384 7.1102e-17
7544.18443 7.0747e-17
7545.716476 6.9621e-17
7547.248522 7.101e-17
7548.780568 7.3357e-17
7550.312614 7.2899e-17
7551.84466 7.3147e-17
7553.376706 7.662e-17
7554.908752 7.4924e-17
7556.440798 7.4929e-17
7557.972844 7.4403e-17
7559.50489 7.5993e-17
7561.036936 7.6936e-17
7562.568982 7.2073e-17
7564.101028 6.8517e-17
7565.633074 6.7348e-17
7567.16512 6.9022e-17
7568.697166 6.7202e-17
7570.229212 6.3145e-17
7571.761258 6.2136e-17
7573.293304 6.6475e-17
7574.82535 6.3484e-17
7576.357396 6.081e-17
7577.889442 6.2563e-17
7579.421488 7.0009e-17
7580.953534 8.4341e-17
7582.48558 8.2298e-17
7584.017626 6.8623e-17
7585.549672 6.5892e-17
7587.081718 6.6315e-17
7588.613764 6.9983e-17
7590.14581 7.1857e-17
7591.677856 7.5222e-17
7593.209902 8.9835e-17
7594.741948 9.0803e-17
7596.273994 7.9037e-17
7597.80604 8.0489e-17
7599.338086 8.8367e-17
7600.870132 1.0357e-16
7602.402178 9.7444e-17
7603.934224 8.7584e-17
7605.46627 7.8003e-17
7606.998316 7.4395e-17
7608.530362 6.4227e-17
7610.062408 5.5658e-17
7611.594454 4.9838e-17
7613.1265 5.018e-17
7614.658546 5.9451e-17
7616.190592 6.979e-17
7617.722638 7.7187e-17
7619.254684 8.0481e-17
7620.78673 7.539e-17
7622.318776 7.5762e-17
7623.850822 8.1494e-17
7625.382868 7.5897e-17
7626.914914 7.0609e-17
7628.44696 7.0028e-17
7629.979006 7.5267e-17
7631.511052 7.7482e-17
7633.043098 7.6432e-17
7634.575144 7.3161e-17
7636.10719 6.4318e-17
7637.639236 5.8956e-17
7639.171282 5.9905e-17
7640.703328 6.3055e-17
7642.235374 6.7359e-17
7643.76742 7.15e-17
7645.299466 6.921e-17
7646.831512 6.8707e-17
7648.363558 6.9224e-17
7649.895604 6.7299e-17
7651.42765 6.8792e-17
7652.959696 6.7977e-17
7654.491742 6.1486e-17
7656.023788 6.2369e-17
7657.555834 7.033e-17
7659.08788 6.8378e-17
7660.619926 5.7775e-17
7662.151972 5.5701e-17
7663.684018 6.4807e-17
7665.216064 6.6846e-17
7666.74811 5.8881e-17
7668.280156 5.6412e-17
7669.812202 6.0476e-17
7671.344248 5.9671e-17
7672.876294 5.7402e-17
7674.40834 5.8813e-17
7675.940386 6.3176e-17
7677.472432 6.6279e-17
7679.004478 6.4656e-17
7680.536524 6.5632e-17
7682.06857 6.4052e-17
7683.600616 5.6636e-17
7685.132662 5.7578e-17
7686.664708 6.2025e-17
7688.196754 6.2205e-17
7689.7288 6.2921e-17
7691.260846 6.3285e-17
7692.792892 6.1508e-17
7694.324938 6.1332e-17
7695.856984 6.1135e-17
7697.38903 5.8936e-17
7698.921076 5.9833e-17
7700.453122 6.1062e-17
7701.985168 6.0043e-17
7703.517214 5.8933e-17
7705.04926 5.9144e-17
7706.581306 6.2401e-17
7708.113352 6.4916e-17
7709.645398 6.1695e-17
7711.177444 6.0781e-17
7712.70949 5.9698e-17
7714.241536 6.0879e-17
7715.773582 6.3029e-17
7717.305628 6.0549e-17
7718.837674 6.0313e-17
7720.36972 6.2385e-17
7721.901766 6.3323e-17
7723.433812 6.2833e-17
7724.965858 6.3028e-17
7726.497904 5.9223e-17
7728.02995 5.6959e-17
7729.561996 6.0609e-17
7731.094042 6.4295e-17
7732.626088 6.3199e-17
7734.158134 5.9646e-17
7735.69018 5.837e-17
7737.222226 5.863e-17
7738.754272 5.6295e-17
7740.286318 5.4383e-17
7741.818364 5.4667e-17
7743.35041 5.6248e-17
7744.882456 6.5116e-17
7746.414502 6.4984e-17
7747.946548 5.7122e-17
7749.478594 6.29e-17
7751.01064 6.1386e-17
7752.542686 5.7498e-17
7754.074732 6.1016e-17
7755.606778 6.2734e-17
7757.138824 5.9866e-17
7758.67087 6.1138e-17
7760.202916 5.7951e-17
7761.734962 4.8425e-17
7763.267008 5.186e-17
7764.799054 5.4954e-17
7766.3311 5.3889e-17
7767.863146 5.5968e-17
7769.395192 6.1081e-17
7770.927238 5.875e-17
7772.459284 5.3463e-17
7773.99133 5.4393e-17
7775.523376 5.6861e-17
7777.055422 5.8735e-17
7778.587468 5.624e-17
7780.119514 5.3467e-17
7781.65156 5.6392e-17
7783.183606 5.7596e-17
7784.715652 5.6548e-17
7786.247698 5.4745e-17
7787.779744 5.707e-17
7789.31179 6.3715e-17
7790.843836 6.1297e-17
7792.375882 5.9101e-17
7793.907928 5.9664e-17
7795.439974 5.8217e-17
7796.97202 5.5578e-17
7798.504066 5.3765e-17
7800.036112 5.539e-17
7801.568158 5.939e-17
7803.100204 6.1016e-17
7804.63225 5.9944e-17
7806.164296 5.4785e-17
7807.696342 5.2203e-17
7809.228388 4.9292e-17
7810.760434 5.0545e-17
7812.29248 5.0221e-17
7813.824526 5.1722e-17
7815.356572 5.2733e-17
7816.888618 5.4404e-17
7818.420664 4.9058e-17
7819.95271 5.3578e-17
7821.484756 6.2258e-17
7823.016802 5.2752e-17
7824.548848 5.173e-17
7826.080894 5.1685e-17
7827.61294 4.781e-17
7829.144986 4.8336e-17
7830.677032 5.2589e-17
7832.209078 5.3977e-17
7833.741124 4.9531e-17
7835.27317 4.7728e-17
7836.805216 5.288e-17
7838.337262 5.2203e-17
7839.869308 4.8185e-17
7841.401354 5.0603e-17
7842.9334 5.3313e-17
7844.465446 5.2905e-17
7845.997492 4.7512e-17
7847.529538 5.0134e-17
7849.061584 5.9514e-17
7850.59363 5.7732e-17
7852.125676 5.5065e-17
7853.657722 5.1522e-17
7855.189768 5.2402e-17
7856.721814 6.0101e-17
7858.25386 5.873e-17
7859.785906 4.9777e-17
7861.317952 5.2111e-17
7862.849998 5.2054e-17
7864.382044 4.9491e-17
7865.91409 5.2981e-17
7867.446136 5.1918e-17
7868.978182 4.3341e-17
7870.510228 4.5019e-17
7872.042274 4.6884e-17
7873.57432 4.9327e-17
7875.106366 4.9666e-17
7876.638412 4.9541e-17
7878.170458 5.2779e-17
7879.702504 5.5752e-17
7881.23455 5.9967e-17
7882.766596 6.6858e-17
7884.298642 7.0491e-17
7885.830688 6.0339e-17
7887.362734 5.0514e-17
7888.89478 5.414e-17
7890.426826 6.4629e-17
7891.958872 5.4898e-17
7893.490918 4.5776e-17
7895.022964 4.8632e-17
7896.55501 4.7264e-17
7898.087056 4.8981e-17
7899.619102 4.7283e-17
7901.151148 4.4888e-17
7902.683194 4.9239e-17
7904.21524 4.7172e-17
7905.747286 4.2704e-17
7907.279332 4.5283e-17
7908.811378 4.9408e-17
7910.343424 4.0867e-17
7911.87547 3.5866e-17
7913.407516 4.8482e-17
7914.939562 5.4749e-17
7916.471608 5.2589e-17
7918.003654 4.6413e-17
7919.5357 4.2752e-17
7921.067746 4.7927e-17
7922.599792 4.3472e-17
7924.131838 4.3548e-17
7925.663884 5.4254e-17
7927.19593 4.9222e-17
7928.727976 4.1723e-17
7930.260022 4.383e-17
7931.792068 4.4244e-17
7933.324114 4.3503e-17
7934.85616 4.4662e-17
7936.388206 4.6327e-17
7937.920252 4.6972e-17
7939.452298 4.5997e-17
7940.984344 4.47e-17
7942.51639 4.2942e-17
7944.048436 4.2407e-17
7945.580482 4.2484e-17
7947.112528 4.3592e-17
7948.644574 4.8483e-17
7950.17662 5.261e-17
7951.708666 4.9532e-17
7953.240712 4.4143e-17
7954.772758 4.3567e-17
7956.304804 4.3229e-17
7957.83685 4.5801e-17
7959.368896 5.126e-17
7960.900942 4.9703e-17
7962.432988 4.1116e-17
7963.965034 4.0549e-17
7965.49708 4.4924e-17
7967.029126 4.5502e-17
7968.561172 4.866e-17
7970.093218 4.8377e-17
7971.625264 4.4686e-17
7973.15731 4.7027e-17
7974.689356 4.7357e-17
7976.221402 4.7489e-17
7977.753448 4.5739e-17
7979.285494 4.4781e-17
7980.81754 4.6728e-17
7982.349586 4.5831e-17
7983.881632 5.0253e-17
7985.413678 4.6395e-17
7986.945724 4.1862e-17
7988.47777 4.3308e-17
7990.009816 4.19e-17
7991.541862 4.6585e-17
7993.073908 4.6599e-17
7994.605954 4.1649e-17
7996.138 4.081e-17
7997.670046 4.3249e-17
7999.202092 4.0396e-17
8000.734138 4.0858e-17
8002.266184 4.3661e-17
8003.79823 4.3225e-17
8005.330276 4.0166e-17
8006.862322 4.1877e-17
8008.394368 4.6601e-17
8009.926414 4.6706e-17
8011.45846 4.3192e-17
8012.990506 4.1182e-17
8014.522552 4.1296e-17
8016.054598 4.4177e-17
8017.586644 4.4236e-17
8019.11869 4.4584e-17
8020.650736 5.0179e-17
8022.182782 4.8613e-17
8023.714828 4.6946e-17
8025.246874 4.8308e-17
8026.77892 4.377e-17
8028.310966 4.2647e-17
8029.843012 4.0127e-17
8031.375058 4.0214e-17
8032.907104 4.1557e-17
8034.43915 4.1129e-17
8035.971196 4.2327e-17
8037.503242 4.2687e-17
8039.035288 3.8801e-17
8040.567334 3.992e-17
8042.09938 4.2881e-17
8043.631426 4.1188e-17
8045.163472 4.3768e-17
8046.695518 4.3425e-17
8048.227564 4.2902e-17
8049.75961 3.9969e-17
8051.291656 3.9737e-17
8052.823702 4.4039e-17
8054.355748 4.3915e-17
8055.887794 4.2402e-17
8057.41984 4.4354e-17
8058.951886 4.2686e-17
8060.483932 3.9379e-17
8062.015978 3.9579e-17
8063.548024 4.5327e-17
8065.08007 4.5616e-17
8066.612116 3.9579e-17
8068.144162 3.7158e-17
8069.676208 4.0032e-17
8071.208254 4.2228e-17
8072.7403 4.2702e-17
8074.272346 4.2109e-17
8075.804392 4.2879e-17
8077.336438 4.5333e-17
8078.868484 4.8181e-17
8080.40053 4.3574e-17
8081.932576 4.2543e-17
8083.464622 4.2973e-17
8084.996668 4.4085e-17
8086.528714 4.3395e-17
8088.06076 4.1781e-17
8089.592806 4.3465e-17
8091.124852 4.3376e-17
8092.656898 4.522e-17
8094.188944 4.5713e-17
8095.72099 4.5782e-17
8097.253036 4.5339e-17
8098.785082 4.3509e-17
8100.317128 4.5462e-17
8101.849174 4.6562e-17
8103.38122 4.4141e-17
8104.913266 4.0391e-17
8106.445312 3.797e-17
8107.977358 4.0764e-17
8109.509404 4.1558e-17
8111.04145 4.0137e-17
8112.573496 4.1863e-17
8114.105542 4.0218e-17
8115.637588 3.9633e-17
8117.169634 4.1174e-17
8118.70168 4.1417e-17
8120.233726 4.336e-17
8121.765772 4.3477e-17
8123.297818 4.0295e-17
8124.829864 3.9036e-17
8126.36191 4.3023e-17
8127.893956 4.5111e-17
8129.426002 4.3351e-17
8130.958048 4.0803e-17
8132.490094 3.8116e-17
8134.02214 3.9685e-17
8135.554186 3.9778e-17
8137.086232 4.1814e-17
8138.618278 5.0972e-17
8140.150324 5.7568e-17
8141.68237 5.7795e-17
8143.214416 5.3305e-17
8144.746462 4.8291e-17
8146.278508 4.2264e-17
8147.810554 4.1119e-17
8149.3426 4.2938e-17
8150.874646 4.2298e-17
8152.406692 3.9708e-17
8153.938738 3.8257e-17
8155.470784 4.048e-17
8157.00283 3.8159e-17
8158.534876 4.0879e-17
8160.066922 4.9336e-17
8161.598968 4.7457e-17
8163.131014 4.1889e-17
8164.66306 3.9165e-17
8166.195106 3.8855e-17
8167.727152 3.9515e-17
8169.259198 3.9873e-17
8170.791244 4.1413e-17
8172.32329 3.835e-17
8173.855336 4.0695e-17
8175.387382 4.5218e-17
8176.919428 4.4252e-17
8178.451474 4.5028e-17
8179.98352 4.7799e-17
8181.515566 4.5671e-17
8183.047612 4.5588e-17
8184.579658 4.7936e-17
8186.111704 5.0298e-17
8187.64375 4.3915e-17
8189.175796 4.2984e-17
8190.707842 4.3315e-17
8192.239888 3.8201e-17
8193.771934 4.0407e-17
8195.30398 4.6408e-17
8196.836026 3.9735e-17
8198.368072 3.8246e-17
8199.900118 4.0964e-17
8201.432164 4.3607e-17
8202.96421 4.2345e-17
8204.496256 4.2467e-17
8206.028302 4.3448e-17
8207.560348 4.4897e-17
8209.092394 4.5308e-17
8210.62444 4.4943e-17
8212.156486 4.4287e-17
8213.688532 4.4134e-17
8215.220578 4.3385e-17
8216.752624 4.4248e-17
8218.28467 4.7704e-17
8219.816716 4.478e-17
8221.348762 4.283e-17
8222.880808 4.7645e-17
8224.412854 4.9625e-17
8225.9449 4.683e-17
8227.476946 4.2654e-17
8229.008992 4.0717e-17
8230.541038 4.1968e-17
8232.073084 4.2366e-17
8233.60513 4.0269e-17
8235.137176 3.9732e-17
8236.669222 4.4259e-17
8238.201268 5.1225e-17
8239.733314 5.1528e-17
8241.26536 4.7711e-17
8242.797406 4.3662e-17
8244.329452 4.3465e-17
8245.861498 4.5581e-17
8247.393544 4.2615e-17
8248.92559 4.2849e-17
8250.457636 4.3568e-17
8251.989682 4.088e-17
8253.521728 4.3519e-17
8255.053774 4.9414e-17
8256.58582 4.776e-17
8258.117866 4.3564e-17
8259.649912 4.4962e-17
8261.181958 4.3554e-17
8262.714004 4.4e-17
8264.24605 4.6628e-17
8265.778096 4.752e-17
8267.310142 5.1702e-17
8268.842188 5.2729e-17
8270.374234 4.7539e-17
8271.90628 4.6453e-17
8273.438326 4.8409e-17
8274.970372 5.0252e-17
8276.502418 5.1347e-17
8278.034464 4.4512e-17
8279.56651 3.7623e-17
8281.098556 3.572e-17
8282.630602 3.8427e-17
8284.162648 3.8308e-17
8285.694694 3.88e-17
8287.22674 4.2595e-17
8288.758786 4.2038e-17
8290.290832 4.5226e-17
8291.822878 4.8662e-17
8293.354924 4.8114e-17
8294.88697 4.5253e-17
8296.419016 4.7451e-17
8297.951062 5.402e-17
8299.483108 5.9555e-17
8301.015154 5.6425e-17
8302.5472 4.9367e-17
8304.079246 4.8579e-17
8305.611292 4.8885e-17
8307.143338 4.7128e-17
8308.675384 4.8776e-17
8310.20743 4.8368e-17
8311.739476 4.894e-17
8313.271522 5.2265e-17
8314.803568 5.1742e-17
8316.335614 5.3312e-17
8317.86766 5.5141e-17
8319.399706 5.1614e-17
8320.931752 4.6233e-17
8322.463798 4.7023e-17
8323.995844 4.685e-17
8325.52789 4.349e-17
8327.059936 4.7085e-17
8328.591982 5.0978e-17
8330.124028 4.7837e-17
8331.656074 4.7047e-17
8333.18812 4.7177e-17
8334.720166 4.6844e-17
8336.252212 4.9095e-17
8337.784258 5.2942e-17
8339.316304 6.1557e-17
8340.84835 5.2867e-17
8342.380396 3.7864e-17
8343.912442 3.8696e-17
8345.444488 3.6439e-17
8346.976534 4.1844e-17
8348.50858 5.065e-17
8350.040626 4.7671e-17
8351.572672 4.661e-17
8353.104718 4.5441e-17
8354.636764 4.4744e-17
8356.16881 4.9331e-17
8357.700856 4.7824e-17
8359.232902 4.2978e-17
8360.764948 4.5656e-17
8362.296994 5.2144e-17
8363.82904 5.2524e-17
8365.361086 4.9608e-17
8366.893132 4.7274e-17
8368.425178 4.6317e-17
8369.957224 4.77e-17
8371.48927 4.8037e-17
8373.021316 4.4103e-17
8374.553362 4.2769e-17
8376.085408 4.5468e-17
8377.617454 4.9459e-17
8379.1495 4.6951e-17
8380.681546 3.9298e-17
8382.213592 4.198e-17
8383.745638 4.3702e-17
8385.277684 4.2511e-17
8386.80973 4.709e-17
8388.341776 5.1175e-17
8389.873822 4.98e-17
8391.405868 4.8895e-17
8392.937914 5.0358e-17
8394.46996 5.613e-17
8396.002006 5.3287e-17
8397.534052 4.6749e-17
8399.066098 4.2573e-17
8400.598144 4.1315e-17
8402.13019 4.6191e-17
8403.662236 4.4729e-17
8405.194282 4.5413e-17
8406.726328 4.6917e-17
8408.258374 4.811e-17
8409.79042 5.0444e-17
8411.322466 4.7801e-17
8412.854512 4.1773e-17
8414.386558 4.1357e-17
8415.918604 4.4416e-17
8417.45065 4.342e-17
8418.982696 4.4292e-17
8420.514742 4.5167e-17
8422.046788 4.6112e-17
8423.578834 4.7644e-17
8425.11088 4.7234e-17
8426.642926 4.2235e-17
8428.174972 4.1707e-17
8429.707018 5.0105e-17
8431.239064 4.7897e-17
8432.77111 4.9407e-17
8434.303156 5.1775e-17
8435.835202 4.7509e-17
8437.367248 4.2439e-17
8438.899294 4.2675e-17
8440.43134 4.3528e-17
8441.963386 4.5462e-17
8443.495432 4.6246e-17
8445.027478 4.4445e-17
8446.559524 4.605e-17
8448.09157 4.6431e-17
8449.623616 4.5422e-17
8451.155662 4.7719e-17
8452.687708 4.9385e-17
8454.219754 4.8617e-17
8455.7518 4.4821e-17
8457.283846 4.4109e-17
8458.815892 4.595e-17
8460.347938 4.4149e-17
8461.879984 4.4166e-17
8463.41203 4.9388e-17
8464.944076 4.6865e-17
8466.476122 3.8626e-17
8468.008168 4.2142e-17
8469.540214 4.4257e-17
8471.07226 3.9203e-17
8472.604306 3.781e-17
8474.136352 3.9567e-17
8475.668398 3.9071e-17
8477.200444 3.7146e-17
8478.73249 3.9462e-17
8480.264536 4.0814e-17
8481.796582 3.8802e-17
8483.328628 3.9371e-17
8484.860674 4.1556e-17
8486.39272 4.0824e-17
8487.924766 3.907e-17
8489.456812 4.0928e-17
8490.988858 4.0225e-17
8492.520904 3.6543e-17
8494.05295 3.8841e-17
8495.584996 4.2454e-17
8497.117042 3.8835e-17
8498.649088 3.5305e-17
8500.181134 4.0887e-17
8501.71318 4.4641e-17
8503.245226 4.0852e-17
8504.777272 3.6268e-17
8506.309318 3.211e-17
8507.841364 3.4613e-17
8509.37341 3.8932e-17
8510.905456 3.7491e-17
8512.437502 3.7387e-17
8513.969548 3.6896e-17
8515.501594 3.4787e-17
8517.03364 3.3959e-17
8518.565686 3.4327e-17
8520.097732 3.4397e-17
8521.629778 3.354e-17
8523.161824 3.3319e-17
8524.69387 3.6484e-17
8526.225916 3.6843e-17
8527.757962 3.2519e-17
8529.290008 3.4607e-17
8530.822054 3.8493e-17
8532.3541 3.9077e-17
8533.886146 3.7991e-17
8535.418192 3.4857e-17
8536.950238 4.0225e-17
8538.482284 3.9089e-17
8540.01433 3.5852e-17
8541.546376 3.8674e-17
8543.078422 3.9057e-17
8544.610468 3.6441e-17
8546.142514 3.5513e-17
8547.67456 3.7755e-17
8549.206606 3.9314e-17
8550.738652 3.9916e-17
8552.270698 3.72e-17
8553.802744 3.4498e-17
8555.33479 3.5295e-17
8556.866836 3.5929e-17
8558.398882 3.7607e-17
8559.930928 3.955e-17
8561.462974 3.7126e-17
8562.99502 3.7379e-17
8564.527066 3.9713e-17
8566.059112 4.1981e-17
8567.591158 3.856e-17
8569.123204 3.6395e-17
8570.65525 3.9345e-17
8572.187296 3.7467e-17
8573.719342 3.445e-17
8575.251388 4.2408e-17
8576.783434 4.266e-17
8578.31548 3.6307e-17
8579.847526 3.357e-17
8581.379572 3.475e-17
8582.911618 3.6069e-17
8584.443664 3.9562e-17
8585.97571 4.248e-17
8587.507756 3.7693e-17
8589.039802 3.5125e-17
8590.571848 3.4438e-17
8592.103894 3.7557e-17
8593.63594 3.9091e-17
8595.167986 3.796e-17
8596.700032 3.96e-17
8598.232078 4.0498e-17
8599.764124 3.9437e-17
8601.29617 3.4315e-17
8602.828216 3.1451e-17
8604.360262 3.2828e-17
8605.892308 3.5586e-17
8607.424354 3.7697e-17
8608.9564 3.9615e-17
8610.488446 3.5085e-17
8612.020492 3.3937e-17
8613.552538 3.8076e-17
8615.084584 3.8565e-17
8616.61663 3.6247e-17
8618.148676 3.5683e-17
8619.680722 3.7819e-17
8621.212768 4.1144e-17
8622.744814 3.9692e-17
8624.27686 3.2754e-17
8625.808906 3.3079e-17
8627.340952 3.7767e-17
8628.872998 3.7862e-17
8630.405044 3.5017e-17
8631.93709 3.7604e-17
8633.469136 3.4909e-17
8635.001182 3.0658e-17
8636.533228 3.2386e-17
8638.065274 3.1611e-17
8639.59732 2.9645e-17
8641.129366 3.5462e-17
8642.661412 3.7766e-17
8644.193458 3.297e-17
8645.725504 3.5575e-17
8647.25755 3.9285e-17
8648.789596 3.569e-17
8650.321642 3.2172e-17
8651.853688 3.257e-17
8653.385734 3.029e-17
8654.91778 3.0445e-17
8656.449826 3.8003e-17
8657.981872 3.8625e-17
8659.513918 3.5474e-17
8661.045964 3.5072e-17
8662.57801 3.2407e-17
8664.110056 2.9383e-17
8665.642102 2.4416e-17
8667.174148 2.4175e-17
8668.706194 3.1469e-17
8670.23824 3.3703e-17
8671.770286 3.1785e-17
8673.302332 3.086e-17
8674.834378 3.1197e-17
8676.366424 3.1523e-17
8677.89847 2.9758e-17
8679.430516 3.0315e-17
8680.962562 3.0611e-17
8682.494608 3.0354e-17
8684.026654 3.1819e-17
8685.5587 2.7894e-17
8687.090746 2.4938e-17
8688.622792 2.7852e-17
8690.154838 2.6046e-17
8691.686884 2.3613e-17
8693.21893 2.9352e-17
8694.750976 3.3751e-17
8696.283022 3.4586e-17
8697.815068 3.1552e-17
8699.347114 3.0436e-17
8700.87916 2.833e-17
8702.411206 2.6121e-17
8703.943252 3.0974e-17
8705.475298 2.6926e-17
8707.007344 2.6457e-17
8708.53939 2.9876e-17
8710.071436 2.8161e-17
8711.603482 2.5971e-17
8713.135528 2.6497e-17
8714.667574 2.8918e-17
8716.19962 2.6471e-17
8717.731666 2.4144e-17
8719.263712 2.8222e-17
8720.795758 3.0413e-17
8722.327804 2.9932e-17
8723.85985 2.8687e-17
8725.391896 2.8971e-17
8726.923942 3.0887e-17
8728.455988 2.9377e-17
8729.988034 2.8623e-17
8731.52008 2.659e-17
8733.052126 2.6221e-17
8734.584172 2.9145e-17
8736.116218 2.8326e-17
8737.648264 2.6158e-17
8739.18031 2.706e-17
8740.712356 2.8206e-17
8742.244402 2.7929e-17
8743.776448 2.6882e-17
8745.308494 2.583e-17
8746.84054 2.6522e-17
8748.372586 2.6937e-17
8749.904632 3.0747e-17
8751.436678 3.4024e-17
8752.968724 3.2715e-17
8754.50077 3.3894e-17
8756.032816 3.9716e-17
8757.564862 4.0746e-17
8759.096908 3.1459e-17
8760.628954 3.0934e-17
8762.161 3.803e-17
8763.693046 3.2773e-17
8765.225092 2.7966e-17
8766.757138 3.3135e-17
8768.289184 2.9551e-17
8769.82123 3.3621e-17
8771.353276 4.166e-17
8772.885322 4.4505e-17
8774.417368 4.4604e-17
8775.949414 4.0915e-17
8777.48146 4.4626e-17
8779.013506 3.6791e-17
8780.545552 3.3046e-17
8782.077598 3.8837e-17
8783.609644 3.7486e-17
8785.14169 3.0336e-17
8786.673736 3.367e-17
8788.205782 4.434e-17
8789.737828 4.0481e-17
8791.269874 3.4886e-17
8792.80192 3.2376e-17
8794.333966 3.5369e-17
8795.866012 3.8387e-17
8797.398058 3.8642e-17
8798.930104 4.0162e-17
8800.46215 3.8891e-17
8801.994196 3.7988e-17
8803.526242 3.872e-17
8805.058288 4.025e-17
8806.590334 4.1805e-17
8808.12238 4.0122e-17
8809.654426 3.9925e-17
8811.186472 4.0222e-17
8812.718518 3.9119e-17
8814.250564 3.7181e-17
8815.78261 3.7863e-17
8817.314656 3.8991e-17
8818.846702 3.9881e-17
8820.378748 4.4443e-17
8821.910794 4.6427e-17
8823.44284 3.5202e-17
8824.974886 2.4484e-17
8826.506932 3.3503e-17
8828.038978 4.2454e-17
8829.571024 4.635e-17
8831.10307 4.9378e-17
8832.635116 4.5101e-17
8834.167162 4.231e-17
8835.699208 4.22e-17
8837.231254 4.4686e-17
8838.7633 4.3565e-17
8840.295346 3.889e-17
8841.827392 3.8071e-17
8843.359438 3.8046e-17
8844.891484 3.5235e-17
8846.42353 3.7042e-17
8847.955576 4.2061e-17
8849.487622 3.7413e-17
8851.019668 3.6754e-17
8852.551714 4.0883e-17
8854.08376 3.9066e-17
8855.615806 3.4879e-17
8857.147852 3.1338e-17
8858.679898 3.359e-17
8860.211944 3.8392e-17
8861.74399 3.6356e-17
8863.276036 3.428e-17
8864.808082 3.4158e-17
8866.340128 3.2804e-17
8867.872174 3.1956e-17
8869.40422 3.2541e-17
8870.936266 2.9395e-17
8872.468312 3.1167e-17
8874.000358 3.7687e-17
8875.532404 3.8605e-17
8877.06445 3.9544e-17
8878.596496 4.5131e-17
8880.128542 3.9333e-17
8881.660588 2.7007e-17
8883.192634 1.9617e-17
8884.72468 1.6691e-17
8886.256726 2.8671e-17
8887.788772 3.8477e-17
8889.320818 4.3251e-17
8890.852864 4.5371e-17
8892.38491 4.6058e-17
8893.916956 4.2031e-17
8895.449002 4.4877e-17
8896.981048 4.9805e-17
8898.513094 4.7508e-17
8900.04514 4.4992e-17
8901.577186 4.5883e-17
8903.109232 4.5205e-17
8904.641278 4.5821e-17
8906.173324 4.496e-17
8907.70537 3.9016e-17
8909.237416 3.979e-17
8910.769462 4.6188e-17
8912.301508 4.9764e-17
8913.833554 5.0044e-17
8915.3656 4.9993e-17
8916.897646 5.7914e-17
8918.429692 6.108e-17
8919.961738 4.5381e-17
8921.493784 4.0612e-17
8923.02583 5.0733e-17
8924.557876 5.2262e-17
8926.089922 4.8608e-17
8927.621968 4.9576e-17
8929.154014 5.0227e-17
8930.68606 4.863e-17
8932.218106 4.8584e-17
8933.750152 4.7559e-17
8935.282198 4.862e-17
8936.814244 5.2573e-17
8938.34629 5.859e-17
8939.878336 5.9784e-17
8941.410382 5.5149e-17
8942.942428 5.3681e-17
8944.474474 5.1395e-17
8946.00652 5.0452e-17
8947.538566 5.1575e-17
8949.070612 5.4221e-17
8950.602658 5.7127e-17
8952.134704 6.1495e-17
8953.66675 6.2442e-17
8955.198796 5.1068e-17
8956.730842 4.7231e-17
8958.262888 5.1273e-17
8959.794934 5.7321e-17
8961.32698 5.9088e-17
8962.859026 5.6732e-17
8964.391072 5.8725e-17
8965.923118 5.6767e-17
8967.455164 5.4082e-17
8968.98721 5.1786e-17
8970.519256 5.245e-17
8972.051302 5.4042e-17
8973.583348 5.0741e-17
8975.115394 5.1643e-17
8976.64744 5.5145e-17
8978.179486 5.6107e-17
8979.711532 5.6383e-17
8981.243578 5.5137e-17
8982.775624 5.27e-17
8984.30767 5.8155e-17
8985.839716 6.5401e-17
8987.371762 5.1962e-17
8988.903808 4.4699e-17
8990.435854 5.0969e-17
8991.9679 4.7131e-17
8993.499946 4.6313e-17
8995.031992 5.1646e-17
8996.564038 5.6667e-17
8998.096084 5.4881e-17
8999.62813 4.9523e-17
9001.160176 4.9648e-17
9002.692222 5.0856e-17
9004.224268 5.3473e-17
9005.756314 5.259e-17
9007.28836 5.0207e-17
9008.820406 5.4606e-17
9010.352452 5.5713e-17
9011.884498 5.3282e-17
9013.416544 5.1467e-17
9014.94859 4.9861e-17
9016.480636 5.0145e-17
9018.012682 5.1047e-17
9019.544728 5.3472e-17
9021.076774 5.5197e-17
9022.60882 5.2575e-17
9024.140866 5.0417e-17
9025.672912 5.341e-17
9027.204958 5.3147e-17
9028.737004 4.7701e-17
9030.26905 4.7684e-17
9031.801096 4.9807e-17
9033.333142 5.0108e-17
9034.865188 5.0454e-17
9036.397234 4.8619e-17
9037.92928 4.6683e-17
9039.461326 5.2079e-17
9040.993372 5.5385e-17
9042.525418 4.7959e-17
9044.057464 4.828e-17
9045.58951 5.245e-17
9047.121556 4.9993e-17
9048.653602 4.9454e-17
9050.185648 4.9147e-17
9051.717694 4.6662e-17
9053.24974 4.643e-17
9054.781786 4.6806e-17
9056.313832 4.7488e-17
9057.845878 4.7348e-17
9059.377924 4.7506e-17
9060.90997 4.7195e-17
9062.442016 4.8788e-17
9063.974062 4.7859e-17
9065.506108 5.1184e-17
9067.038154 5.4116e-17
9068.5702 4.8929e-17
9070.102246 4.8159e-17
9071.634292 5.0106e-17
9073.166338 4.9172e-17
9074.698384 4.6924e-17
9076.23043 4.6203e-17
9077.762476 4.8908e-17
9079.294522 5.1483e-17
9080.826568 5.1257e-17
9082.358614 5.1003e-17
9083.89066 5.307e-17
9085.422706 5.4656e-17
9086.954752 5.0286e-17
9088.486798 4.6988e-17
9090.018844 4.6687e-17
9091.55089 4.6593e-17
9093.082936 4.9195e-17
9094.614982 5.2431e-17
9096.147028 4.7282e-17
9097.679074 4.7798e-17
9099.21112 5.2829e-17
9100.743166 5.2964e-17
9102.275212 4.2895e-17
9103.807258 4.5939e-17
9105.339304 5.4174e-17
9106.87135 5.224e-17
9108.403396 4.7275e-17
9109.935442 4.6478e-17
9111.467488 4.8837e-17
9112.999534 4.9312e-17
9114.53158 5.137e-17
9116.063626 5.1297e-17
9117.595672 4.7941e-17
9119.127718 4.5994e-17
9120.659764 4.4184e-17
9122.19181 4.6212e-17
9123.723856 4.9475e-17
9125.255902 5.0715e-17
9126.787948 5.0954e-17
9128.319994 4.7684e-17
9129.85204 4.8955e-17
9131.384086 4.9354e-17
9132.916132 4.4951e-17
9134.448178 4.6217e-17
9135.980224 4.5471e-17
9137.51227 4.376e-17
9139.044316 4.7526e-17
9140.576362 4.7126e-17
9142.108408 4.5619e-17
9143.640454 4.7529e-17
9145.1725 5.0713e-17
9146.704546 5.2706e-17
9148.236592 5.3187e-17
9149.768638 4.9404e-17
9151.300684 5.1139e-17
9152.83273 5.5695e-17
9154.364776 5.3536e-17
9155.896822 4.9431e-17
9157.428868 4.6686e-17
9158.960914 4.3296e-17
9160.49296 4.5209e-17
9162.025006 4.961e-17
9163.557052 4.7466e-17
9165.089098 4.6934e-17
9166.621144 4.8636e-17
9168.15319 4.7394e-17
9169.685236 4.7644e-17
9171.217282 4.7999e-17
9172.749328 4.8248e-17
9174.281374 5.0611e-17
9175.81342 5.1328e-17
9177.345466 4.9906e-17
9178.877512 4.5305e-17
9180.409558 4.2714e-17
9181.941604 4.5334e-17
9183.47365 4.5488e-17
9185.005696 4.7363e-17
9186.537742 5.1112e-17
9188.069788 5.0088e-17
9189.601834 4.7206e-17
9191.13388 4.2098e-17
9192.665926 4.2657e-17
9194.197972 5.0098e-17
9195.730018 5.1118e-17
9197.262064 4.7753e-17
9198.79411 4.6492e-17
9200.326156 4.8283e-17
9201.858202 4.9935e-17
9203.390248 5.0325e-17
9204.922294 4.7407e-17
9206.45434 4.4433e-17
9207.986386 4.5765e-17
9209.518432 4.4457e-17
9211.050478 4.4144e-17
9212.582524 4.7449e-17
9214.11457 5.0419e-17
9215.646616 4.7847e-17
9217.178662 4.5844e-17
9218.710708 4.6819e-17
9220.242754 5.0817e-17
9221.7748 4.8739e-17
9223.306846 4.8407e-17
9224.838892 5.0901e-17
9226.370938 4.7583e-17
9227.902984 4.4732e-17
9229.43503 4.7854e-17
9230.967076 4.8734e-17
9232.499122 4.9414e-17
9234.031168 4.9642e-17
9235.563214 5.0375e-17
9237.09526 5.0851e-17
9238.627306 5.1615e-17
9240.159352 5.0963e-17
9241.691398 5.0534e-17
9243.223444 5.183e-17
9244.75549 5.0503e-17
9246.287536 4.8351e-17
9247.819582 4.723e-17
9249.351628 4.5191e-17
9250.883674 4.4275e-17
9252.41572 4.4262e-17
9253.947766 4.6221e-17
9255.479812 4.8849e-17
9257.011858 4.488e-17
9258.543904 4.5959e-17
9260.07595 4.8791e-17
9261.607996 4.5293e-17
9263.140042 4.4638e-17
9264.672088 4.2892e-17
9266.204134 4.3424e-17
9267.73618 4.6858e-17
9269.268226 4.5443e-17
9270.800272 4.4349e-17
9272.332318 4.4609e-17
9273.864364 4.7125e-17
9275.39641 4.9016e-17
9276.928456 5.116e-17
9278.460502 5.2057e-17
9279.992548 4.7522e-17
9281.524594 4.39e-17
9283.05664 4.6213e-17
9284.588686 4.5608e-17
9286.120732 4.6971e-17
9287.652778 4.8699e-17
9289.184824 4.9106e-17
9290.71687 4.8307e-17
9292.248916 4.8286e-17
9293.780962 5.1658e-17
9295.313008 5.208e-17
9296.845054 4.5437e-17
9298.3771 3.6964e-17
9299.909146 4.2898e-17
9301.441192 4.9567e-17
9302.973238 5.4372e-17
9304.505284 4.946e-17
9306.03733 4.5419e-17
9307.569376 6.7682e-17
9309.101422 8.0536e-17
9310.633468 6.1024e-17
9312.165514 4.5327e-17
9313.69756 3.6543e-17
9315.229606 4.1821e-17
9316.761652 5.8236e-17
9318.293698 6.9211e-17
9319.825744 6.9935e-17
9321.35779 5.4209e-17
9322.889836 3.8678e-17
9324.421882 3.5418e-17
9325.953928 4.4192e-17
9327.485974 4.9741e-17
9329.01802 4.6215e-17
9330.550066 5.1777e-17
9332.082112 5.8876e-17
9333.614158 6.0529e-17
9335.146204 7.9064e-17
9336.67825 9.247e-17
9338.210296 6.0381e-17
9339.742342 2.3178e-17
9341.274388 3.1857e-17
9342.806434 5.029e-17
9344.33848 6.3233e-17
9345.870526 6.0089e-17
9347.402572 4.9336e-17
9348.934618 3.8502e-17
9350.466664 3.8694e-17
9351.99871 5.1658e-17
9353.530756 6.032e-17
9355.062802 4.9406e-17
9356.594848 3.368e-17
9358.126894 4.0782e-17
9359.65894 4.8244e-17
9361.190986 4.1132e-17
9362.723032 3.9562e-17
9364.255078 3.9907e-17
9365.787124 3.4319e-17
9367.31917 2.5951e-17
9368.851216 1.286e-17
9370.383262 3.1322e-17
9371.915308 7.5339e-17
9373.447354 7.7517e-17
9374.9794 4.4785e-17
9376.511446 1.7481e-17
9378.043492 3.0449e-17
9379.575538 5.0984e-17
9381.107584 4.4927e-17
9382.63963 3.6071e-17
9384.171676 3.1057e-17
9385.703722 3.2202e-17
9387.235768 3.1533e-17
9388.767814 3.0192e-17
9390.29986 3.0453e-17
9391.831906 3e-17
9393.363952 3.1738e-17
9394.895998 3.2426e-17
9396.428044 3.2097e-17
9397.96009 3.5862e-17
9399.492136 3.568e-17
9401.024182 3.3194e-17
9402.556228 3.2184e-17
9404.088274 3.1351e-17
9405.62032 2.8508e-17
9407.152366 2.62e-17
9408.684412 2.6342e-17
9410.216458 2.5538e-17
9411.748504 2.7078e-17
9413.28055 3.5422e-17
9414.812596 4.062e-17
9416.344642 3.908e-17
9417.876688 3.3827e-17
9419.408734 3.061e-17
9420.94078 2.6299e-17
9422.472826 2.7227e-17
9424.004872 2.5726e-17
9425.536918 2.9696e-17
9427.068964 4.0098e-17
9428.60101 3.3359e-17
9430.133056 2.299e-17
9431.665102 2.1514e-17
9433.197148 2.1344e-17
9434.729194 3.0015e-17
9436.26124 4.1668e-17
9437.793286 4.1415e-17
9439.325332 4.3104e-17
9440.857378 4.8849e-17
9442.389424 3.8162e-17
9443.92147 2.9505e-17
9445.453516 2.3339e-17
9446.985562 2.2242e-17
9448.517608 2.0842e-17
9450.049654 2.6443e-17
9451.5817 2.8286e-17
9453.113746 2.0144e-17
9454.645792 2.1212e-17
9456.177838 2.3131e-17
9457.709884 1.6228e-17
9459.24193 2.2033e-17
9460.773976 3.1169e-17
9462.306022 3.2697e-17
9463.838068 2.6651e-17
9465.370114 2.1615e-17
9466.90216 1.7075e-17
9468.434206 1.9928e-17
9469.966252 2.7266e-17
9471.498298 3.0798e-17
9473.030344 3.2997e-17
9474.56239 2.8569e-17
9476.094436 2.315e-17
9477.626482 1.7912e-17
9479.158528 1.7898e-17
9480.690574 2.3108e-17
9482.22262 2.2922e-17
9483.754666 2.2875e-17
9485.286712 2.4203e-17
9486.818758 2.1857e-17
9488.350804 2.0468e-17
9489.88285 2.2929e-17
9491.414896 2.5923e-17
9492.946942 2.736e-17
9494.478988 2.4564e-17
9496.011034 2.4448e-17
9497.54308 2.3469e-17
9499.075126 2.1686e-17
9500.607172 2.4355e-17
9502.139218 1.9398e-17
9503.671264 1.9393e-17
9505.20331 2.0879e-17
9506.735356 2.0616e-17
9508.267402 2.2369e-17
9509.799448 2.2244e-17
9511.331494 2.009e-17
9512.86354 2.1078e-17
9514.395586 2.1195e-17
9515.927632 2.0772e-17
9517.459678 1.585e-17
9518.991724 1.4154e-17
9520.52377 1.8486e-17
9522.055816 2.3824e-17
9523.587862 2.8816e-17
9525.119908 2.7969e-17
9526.651954 2.2646e-17
9528.184 1.8653e-17
9529.716046 2.3415e-17
9531.248092 2.9198e-17
9532.780138 2.9204e-17
9534.312184 2.7007e-17
9535.84423 2.5303e-17
9537.376276 3.1616e-17
9538.908322 3.4827e-17
9540.440368 2.6739e-17
9541.972414 2.2476e-17
9543.50446 1.9087e-17
9545.036506 1.918e-17
9546.568552 2.4733e-17
9548.100598 2.9341e-17
9549.632644 2.5383e-17
9551.16469 2.0498e-17
9552.696736 3.0999e-17
9554.228782 3.3301e-17
9555.760828 2.8371e-17
9557.292874 2.7034e-17
9558.82492 2.324e-17
9560.356966 2.6629e-17
9561.889012 3.605e-17
9563.421058 3.334e-17
9564.953104 2.1313e-17
9566.48515 1.5658e-17
9568.017196 1.3329e-17
9569.549242 2.2258e-17
9571.081288 2.9414e-17
9572.613334 2.7e-17
9574.14538 2.6701e-17
9575.677426 2.6315e-17
9577.209472 2.5174e-17
9578.741518 2.8037e-17
9580.273564 3.2826e-17
9581.80561 3.613e-17
9583.337656 3.4665e-17
9584.869702 2.5814e-17
9586.401748 2.9933e-17
9587.933794 3.0341e-17
9589.46584 2.6353e-17
9590.997886 3.569e-17
9592.529932 4.1184e-17
9594.061978 3.2054e-17
9595.594024 2.4586e-17
9597.12607 2.6502e-17
9598.658116 2.4883e-17
9600.190162 2.6531e-17
9601.722208 2.493e-17
9603.254254 2.6279e-17
9604.7863 2.8703e-17
9606.318346 3.3941e-17
9607.850392 3.2738e-17
9609.382438 2.9057e-17
9610.914484 2.9231e-17
9612.44653 3.0558e-17
9613.978576 2.6523e-17
9615.510622 2.5458e-17
9617.042668 3.5095e-17
9618.574714 4.5815e-17
9620.10676 3.5603e-17
9621.638806 3.0277e-17
9623.170852 3.9906e-17
9624.702898 4.2246e-17
9626.234944 2.9164e-17
9627.76699 2.8437e-17
9629.299036 3.4363e-17
9630.831082 3.8389e-17
9632.363128 4.2428e-17
9633.895174 4.273e-17
9635.42722 3.0363e-17
9636.959266 2.7791e-17
9638.491312 3.7722e-17
9640.023358 4.0971e-17
9641.555404 4.0087e-17
9643.08745 3.1162e-17
9644.619496 2.9745e-17
9646.151542 3.3539e-17
9647.683588 3.3352e-17
9649.215634 3.0969e-17
9650.74768 3.432e-17
9652.279726 3.9176e-17
9653.811772 4.092e-17
9655.343818 4.4472e-17
9656.875864 5.1892e-17
9658.40791 4.2677e-17
9659.939956 3.1278e-17
9661.472002 2.6575e-17
9663.004048 3.5685e-17
9664.536094 3.6069e-17
9666.06814 2.5685e-17
9667.600186 2.7863e-17
9669.132232 3.7956e-17
9670.664278 3.7031e-17
9672.196324 3.6973e-17
9673.72837 4.1392e-17
9675.260416 4.7571e-17
9676.792462 4.8769e-17
9678.324508 3.7655e-17
9679.856554 3.0364e-17
9681.3886 3.4352e-17
9682.920646 3.4944e-17
9684.452692 3.4709e-17
9685.984738 3.6815e-17
9687.516784 3.1867e-17
9689.04883 2.8261e-17
9690.580876 3.0569e-17
9692.112922 2.8606e-17
9693.644968 2.6387e-17
9695.177014 3.3241e-17
9696.70906 4.0943e-17
9698.241106 3.435e-17
9699.773152 3.3381e-17
9701.305198 3.6846e-17
9702.837244 3.2091e-17
9704.36929 3.5037e-17
9705.901336 4.4564e-17
9707.433382 4.9907e-17
9708.965428 4.8063e-17
9710.497474 3.3972e-17
9712.02952 2.4154e-17
9713.561566 3.1964e-17
9715.093612 4.7688e-17
9716.625658 5.7302e-17
9718.157704 5.3947e-17
9719.68975 4.814e-17
9721.221796 4.6927e-17
9722.753842 4.3043e-17
9724.285888 3.5712e-17
9725.817934 3.4646e-17
9727.34998 4.0616e-17
9728.882026 4.1581e-17
9730.414072 3.7833e-17
9731.946118 3.8406e-17
9733.478164 4.2404e-17
9735.01021 3.992e-17
9736.542256 3.1609e-17
9738.074302 2.4849e-17
9739.606348 2.6698e-17
9741.138394 3.7336e-17
9742.67044 3.6435e-17
9744.202486 3.8867e-17
9745.734532 4.3368e-17
9747.266578 4.0175e-17
9748.798624 3.4118e-17
9750.33067 3.6541e-17
9751.862716 3.3729e-17
9753.394762 3.2134e-17
9754.926808 3.7428e-17
9756.458854 3.7844e-17
9757.9909 4.0404e-17
9759.522946 3.9653e-17
9761.054992 3.3075e-17
9762.587038 3.5076e-17
9764.119084 3.4024e-17
9765.65113 3.0259e-17
9767.183176 3.4774e-17
9768.715222 3.7237e-17
9770.247268 3.0371e-17
9771.779314 3.1566e-17
9773.31136 3.6528e-17
9774.843406 3.2823e-17
9776.375452 3.0959e-17
9777.907498 3.2647e-17
9779.439544 3.4359e-17
9780.97159 3.6407e-17
9782.503636 4.2078e-17
9784.035682 5.5032e-17
9785.567728 5.5963e-17
9787.099774 4.4771e-17
9788.63182 3.8833e-17
9790.163866 3.8309e-17
9791.695912 2.851e-17
9793.227958 2.938e-17
9794.760004 3.6491e-17
9796.29205 4.297e-17
9797.824096 4.1378e-17
9799.356142 3.5726e-17
9800.888188 3.3402e-17
9802.420234 3.9167e-17
9803.95228 3.276e-17
9805.484326 3.4066e-17
9807.016372 4.4389e-17
9808.548418 4.0586e-17
9810.080464 3.1832e-17
9811.61251 4.2058e-17
9813.144556 4.8791e-17
9814.676602 4.2574e-17
9816.208648 3.5715e-17
9817.740694 4.2438e-17
9819.27274 4.1477e-17
9820.804786 3.9375e-17
9822.336832 4.3391e-17
9823.868878 3.7611e-17
9825.400924 3.5264e-17
9826.93297 3.0556e-17
9828.465016 3.6765e-17
9829.997062 4.3217e-17
9831.529108 3.2765e-17
9833.061154 2.6804e-17
9834.5932 2.8848e-17
9836.125246 3.2123e-17
9837.657292 3.3351e-17
9839.189338 3.4054e-17
9840.721384 3.4111e-17
9842.25343 2.7484e-17
9843.785476 3.4327e-17
9845.317522 3.7865e-17
9846.849568 3.7127e-17
9848.381614 2.9434e-17
9849.91366 2.5608e-17
9851.445706 3.219e-17
9852.977752 3.4889e-17
9854.509798 2.7223e-17
9856.041844 2.8219e-17
9857.57389 4.1213e-17
9859.105936 4.5199e-17
9860.637982 3.5655e-17
9862.170028 3.4094e-17
9863.702074 3.1622e-17
9865.23412 3.1977e-17
9866.766166 3.1796e-17
9868.298212 2.8275e-17
9869.830258 3.4206e-17
9871.362304 3.3488e-17
9872.89435 3.2609e-17
9874.426396 2.6002e-17
9875.958442 3.4118e-17
9877.490488 4.1621e-17
9879.022534 4.2106e-17
9880.55458 3.661e-17
9882.086626 3.3777e-17
9883.618672 3.7393e-17
9885.150718 2.8123e-17
9886.682764 2.6326e-17
9888.21481 3.7519e-17
9889.746856 4.0164e-17
9891.278902 4.2199e-17
9892.810948 4.1108e-17
9894.342994 3.1441e-17
9895.87504 2.3378e-17
9897.407086 2.9461e-17
9898.939132 5.0099e-17
9900.471178 5.1712e-17
9902.003224 3.9698e-17
9903.53527 4.3784e-17
9905.067316 4.6432e-17
9906.599362 3.8779e-17
9908.131408 4.1975e-17
9909.663454 5.1645e-17
9911.1955 3.5644e-17
9912.727546 3.1217e-17
9914.259592 4.9879e-17
9915.791638 3.698e-17
9917.323684 2.2947e-17
9918.85573 3.8289e-17
9920.387776 4.1696e-17
9921.919822 3.1873e-17
9923.451868 3.6741e-17
9924.983914 4.0657e-17
9926.51596 3.7404e-17
9928.048006 3.8188e-17
9929.580052 3.9102e-17
9931.112098 3.5286e-17
9932.644144 3.2786e-17
9934.17619 4.0384e-17
9935.708236 3.8235e-17
9937.240282 2.516e-17
9938.772328 1.9208e-17
9940.304374 2.1806e-17
9941.83642 4.6544e-17
9943.368466 6.6521e-17
9944.900512 4.8274e-17
9946.432558 3.3963e-17
9947.964604 3.529e-17
9949.49665 3.4421e-17
9951.028696 3.5264e-17
9952.560742 4.0353e-17
9954.092788 3.2963e-17
9955.624834 2.2178e-17
9957.15688 2.2739e-17
9958.688926 3.6143e-17
9960.220972 5.2391e-17
9961.753018 4.1473e-17
9963.285064 2.87e-17
9964.81711 3.2772e-17
9966.349156 2.9482e-17
9967.881202 2.6905e-17
9969.413248 2.9603e-17
9970.945294 2.5405e-17
9972.47734 2.5379e-17
9974.009386 3.237e-17
9975.541432 2.9859e-17
9977.073478 3.5754e-17
9978.605524 3.472e-17
9980.13757 2.3616e-17
9981.669616 2.7059e-17
9983.201662 3.0306e-17
9984.733708 2.9512e-17
9986.265754 3.3165e-17
9987.7978 3.6173e-17
9989.329846 2.9323e-17
9990.861892 2.7265e-17
9992.393938 3.0388e-17
9993.925984 3.0667e-17
9995.45803 3.204e-17
9996.990076 3.3862e-17
9998.522122 2.3897e-17
10000.054168 2.3744e-17
