3200.0 1.5716e-17
3201.525 -1.0486e-17
3203.05 -1.9812e-17
3204.575 1.0069e-16
3206.1 -1.9942e-16
3207.625 2.2302e-16
3209.15 4.1423e-16
3210.675 2.5004e-16
3212.2 1.8312e-16
3213.725 -7.5124e-17
3215.25 -6.032e-17
3216.775 4.295e-18
3218.3 1.4117e-16
3219.825 -8.8278e-17
3221.35 1.2281e-16
3222.875 9.5122e-17
3224.4 2.2748e-16
3225.925 9.7772e-17
3227.45 4.4464e-17
3228.975 2.6193e-16
3230.5 1.1967e-16
3232.025 -8.11e-17
3233.55 2.7677e-17
3235.075 1.7659e-16
3236.6 1.4573e-16
3238.125 2.0389e-16
3239.65 2.1411e-16
3241.175 1.443e-16
3242.7 1.493e-16
3244.225 1.6814e-16
3245.75 -1.2203e-16
3247.275 5.7912e-17
3248.8 -7.5512e-17
3250.325 -4.6842e-17
3251.85 -2.4398e-16
3253.375 -9.6295e-17
3254.9 1.2001e-16
3256.425 -2.4245e-16
3257.95 -4.9501e-17
3259.475 2.7079e-17
3261.0 -1.149e-16
3262.525 2.0179e-16
3264.05 4.9593e-17
3265.575 5.7644e-17
3267.1 6.5403e-18
3268.625 9.8362e-17
3270.15 1.2754e-17
3271.675 9.2863e-17
3273.2 1.0679e-16
3274.725 3.5566e-17
3276.25 9.8315e-18
3277.775 6.7747e-17
3279.3 3.6214e-17
3280.825 6.853e-17
3282.35 2.4194e-16
3283.875 1.177e-16
3285.4 4.0907e-17
3286.925 1.7827e-17
3288.45 -1.1089e-16
3289.975 -8.047e-17
3291.5 -2.3605e-17
3293.025 1.3715e-16
3294.55 1.7023e-16
3296.075 7.5551e-17
3297.6 1.0316e-17
3299.125 4.4748e-18
3300.65 -7.6034e-17
3302.175 -1.0829e-16
3303.7 1.7812e-16
3305.225 2.9035e-16
3306.75 1.0077e-16
3308.275 5.4986e-17
3309.8 1.2738e-17
3311.325 1.0292e-17
3312.85 -4.9755e-17
3314.375 5.1255e-17
3315.9 1.7826e-16
3317.425 -1.9755e-17
3318.95 3.8052e-17
3320.475 -1.5096e-17
3322.0 1.1469e-16
3323.525 1.5065e-16
3325.05 1.4999e-16
3326.575 1.664e-17
3328.1 2.21e-17
3329.625 1.1708e-17
3331.15 1.5012e-17
3332.675 8.6911e-17
3334.2 6.7546e-17
3335.725 -2.2743e-17
3337.25 2.838e-18
3338.775 1.294e-16
3340.3 1.8427e-16
3341.825 1.3401e-16
3343.35 6.0587e-17
3344.875 -2.8517e-17
3346.4 1.4786e-17
3347.925 -4.9714e-18
3349.45 5.5818e-17
3350.975 9.2038e-17
3352.5 4.3187e-17
3354.025 9.2276e-17
3355.55 -2.1148e-18
3357.075 1.4547e-17
3358.6 5.1299e-17
3360.125 1.4284e-16
3361.65 1.6698e-16
3363.175 1.0373e-16
3364.7 2.5061e-16
3366.225 8.7578e-17
3367.75 7.1762e-17
3369.275 7.7352e-17
3370.8 8.3305e-17
3372.325 -2.7292e-17
3373.85 7.9475e-17
3375.375 8.7665e-17
3376.9 -9.1798e-17
3378.425 -5.7321e-18
3379.95 2.7623e-17
3381.475 1.1909e-16
3383.0 5.9652e-17
3384.525 -7.1819e-18
3386.05 8.341e-17
3387.575 2.4382e-17
3389.1 -4.2583e-17
3390.625 4.6401e-17
3392.15 3.9853e-17
3393.675 -7.726e-19
3395.2 4.3514e-17
3396.725 2.0298e-16
3398.25 4.8418e-17
3399.775 6.4231e-17
3401.3 4.0154e-17
3402.825 5.1765e-17
3404.35 8.8158e-17
3405.875 1.4608e-16
3407.4 9.6261e-17
3408.925 5.6699e-17
3410.45 1.221e-16
3411.975 9.2355e-17
3413.5 4.0837e-17
3415.025 8.5616e-17
3416.55 3.4683e-17
3418.075 1.3219e-16
3419.6 1.168e-16
3421.125 2.2401e-17
3422.65 3.1177e-17
3424.175 -1.219e-16
3425.7 5.2831e-17
3427.225 8.4451e-17
3428.75 -1.2955e-19
3430.275 -3.4039e-17
3431.8 -5.5992e-17
3433.325 -6.1257e-17
3434.85 3.9618e-17
3436.375 8.0434e-17
3437.9 4.0189e-17
3439.425 5.1086e-17
3440.95 1.2671e-16
3442.475 7.8061e-17
3444.0 8.5322e-17
3445.525 1.3741e-17
3447.05 -3.5311e-17
3448.575 -1.6418e-17
3450.1 -6.916e-17
3451.625 6.6936e-18
3453.15 3.9429e-17
3454.675 1.2302e-16
3456.2 2.5301e-17
3457.725 2.4373e-17
3459.25 6.9832e-17
3460.775 6.4992e-17
3462.3 3.7011e-17
3463.825 5.8092e-17
3465.35 1.9765e-17
3466.875 1.4832e-17
3468.4 5.2977e-17
3469.925 1.9668e-17
3471.45 -3.9524e-17
3472.975 5.2986e-17
3474.5 6.1953e-18
3476.025 7.4812e-17
3477.55 6.2204e-17
3479.075 1.5908e-16
3480.6 1.4347e-16
3482.125 3.6149e-17
3483.65 3.5707e-17
3485.175 -6.6351e-17
3486.7 -8.0752e-18
3488.225 7.2423e-17
3489.75 4.2165e-17
3491.275 7.8993e-17
3492.8 1.0567e-16
3494.325 7.2671e-17
3495.85 -5.0345e-17
3497.375 8.3208e-17
3498.9 6.5755e-17
3500.425 6.0711e-17
3501.95 1.3494e-17
3503.475 8.4423e-17
3505.0 4.2066e-17
3506.525 -1.9361e-17
3508.05 -1.1422e-17
3509.575 5.1695e-18
3511.1 2.5192e-17
3512.625 7.0547e-17
3514.15 1.0526e-16
3515.675 3.2487e-18
3517.2 3.6418e-17
3518.725 4.6222e-17
3520.25 8.1687e-17
3521.775 8.7928e-17
3523.3 2.6525e-17
3524.825 2.8304e-17
3526.35 8.4812e-17
3527.875 4.9849e-17
3529.4 1.4918e-17
3530.925 2.5359e-17
3532.45 5.8616e-17
3533.975 8.1297e-17
3535.5 4.735e-17
3537.025 1.6408e-17
3538.55 6.5064e-17
3540.075 7.9335e-17
3541.6 4.8874e-17
3543.125 2.2815e-17
3544.65 5.8145e-17
3546.175 5.636e-17
3547.7 9.6444e-17
3549.225 1.0992e-16
3550.75 1.4189e-16
3552.275 1.1994e-16
3553.8 8.6221e-17
3555.325 1.3887e-16
3556.85 5.3263e-17
3558.375 -6.5556e-17
3559.9 7.2495e-18
3561.425 7.054e-17
3562.95 7.1855e-17
3564.475 2.3178e-17
3566.0 4.6994e-17
3567.525 6.1775e-17
3569.05 7.3773e-17
3570.575 4.6016e-17
3572.1 6.2989e-17
3573.625 4.8892e-17
3575.15 5.6332e-17
3576.675 1.5782e-18
3578.2 7.1208e-18
3579.725 4.755e-17
3581.25 2.2659e-17
3582.775 2.6642e-17
3584.3 3.8932e-17
3585.825 6.2788e-17
3587.35 3.9802e-17
3588.875 4.3439e-17
3590.4 5.2667e-17
3591.925 7.5977e-17
3593.45 5.7316e-17
3594.975 2.9224e-17
3596.5 6.4527e-17
3598.025 7.3657e-17
3599.55 5.2803e-17
3601.075 5.1051e-17
3602.6 9.7788e-17
3604.125 1.0051e-16
3605.65 8.6838e-17
3607.175 7.4808e-17
3608.7 2.0298e-17
3610.225 2.3122e-17
3611.75 5.0934e-17
3613.275 1.7206e-17
3614.8 6.0624e-18
3616.325 3.2167e-17
3617.85 2.459e-17
3619.375 3.2944e-17
3620.9 -4.5171e-18
3622.425 5.9616e-17
3623.95 3.2295e-17
3625.475 8.7894e-17
3627.0 7.717e-17
3628.525 6.9709e-17
3630.05 1.3499e-16
3631.575 3.2994e-17
3633.1 1.6506e-17
3634.625 5.8316e-17
3636.15 1.9065e-17
3637.675 4.4697e-17
3639.2 4.3015e-17
3640.725 -1.1266e-17
3642.25 6.5211e-17
3643.775 4.0366e-17
3645.3 3.8718e-17
3646.825 9.308e-17
3648.35 1.2749e-16
3649.875 9.0705e-17
3651.4 2.8458e-17
3652.925 4.5478e-17
3654.45 2.7058e-17
3655.975 1.5204e-17
3657.5 6.2068e-17
3659.025 7.1441e-17
3660.55 1.294e-16
3662.075 8.1726e-17
3663.6 5.1301e-17
3665.125 1.002e-16
3666.65 7.1084e-17
3668.175 -6.9054e-18
3669.7 2.143e-17
3671.225 6.5826e-17
3672.75 7.5794e-17
3674.275 4.5318e-17
3675.8 4.0085e-17
3677.325 6.0626e-17
3678.85 5.2708e-17
3680.375 6.4133e-17
3681.9 4.4749e-17
3683.425 4.5946e-17
3684.95 5.3125e-17
3686.475 5.2604e-17
3688.0 7.351e-17
3689.525 7.2201e-17
3691.05 4.9483e-17
3692.575 6.1814e-17
3694.1 6.585e-17
3695.625 5.0247e-17
3697.15 7.1386e-17
3698.675 4.3059e-17
3700.2 -7.3792e-18
3701.725 4.9506e-17
3703.25 5.005e-17
3704.775 7.2802e-17
3706.3 4.8761e-17
3707.825 3.2771e-18
3709.35 1.8965e-17
3710.875 7.05e-17
3712.4 8.3654e-17
3713.925 5.1666e-17
3715.45 9.877e-17
3716.975 9.9998e-17
3718.5 3.9962e-17
3720.025 2.7625e-17
3721.55 1.6133e-17
3723.075 1.2852e-17
3724.6 2.8999e-17
3726.125 7.1307e-17
3727.65 9.2354e-17
3729.175 9.3119e-17
3730.7 1.1165e-16
3732.225 5.2883e-17
3733.75 8.239e-17
3735.275 4.8018e-17
3736.8 3.7485e-17
3738.325 4.5835e-17
3739.85 5.7458e-17
3741.375 2.2585e-17
3742.9 4.3583e-17
3744.425 6.7654e-17
3745.95 3.2386e-17
3747.475 7.052e-17
3749.0 3.8458e-17
3750.525 5.7685e-17
3752.05 1.8288e-17
3753.575 6.2558e-18
3755.1 1.8408e-17
3756.625 3.5871e-17
3758.15 5.0015e-17
3759.675 3.1415e-17
3761.2 4.2639e-17
3762.725 5.9075e-17
3764.25 1.2302e-16
3765.775 9.8876e-17
3767.3 3.2707e-17
3768.825 4.4474e-17
3770.35 4.2783e-17
3771.875 3.0543e-17
3773.4 -1.4605e-17
3774.925 -1.1104e-17
3776.45 3.3225e-17
3777.975 5.1285e-17
3779.5 2.543e-17
3781.025 1.7082e-17
3782.55 7.723e-17
3784.075 5.4228e-17
3785.6 6.902e-17
3787.125 4.5916e-17
3788.65 3.1176e-18
3790.175 6.9772e-17
3791.7 1.1704e-16
3793.225 7.6203e-17
3794.75 5.4566e-17
3796.275 2.201e-17
3797.8 2.7655e-17
3799.325 4.0818e-17
3800.85 3.7083e-17
3802.375 1.0163e-17
3803.9 9.5903e-18
3805.425 3.7646e-17
3806.95 5.8182e-17
3808.475 1.4027e-17
3810.0 5.0991e-17
3811.525 9.5138e-17
3813.05 7.4818e-17
3814.575 3.0194e-17
3816.1 6.2364e-17
3817.625 5.5581e-17
3819.15 5.4085e-17
3820.675 2.948e-17
3822.2 4.7296e-17
3823.725 5.4203e-17
3825.25 1.8801e-17
3826.775 4.4968e-17
3828.3 6.9973e-17
3829.825 6.6945e-17
3831.35 3.2557e-17
3832.875 2.3631e-17
3834.4 7.1216e-18
3835.925 5.5964e-17
3837.45 4.372e-17
3838.975 5.1496e-17
3840.5 2.7867e-17
3842.025 3.2788e-17
3843.55 1.7358e-17
3845.075 4.0695e-17
3846.6 3.1979e-17
3848.125 5.7482e-17
3849.65 6.233e-17
3851.175 7.2257e-17
3852.7 7.7757e-17
3854.225 1.2148e-16
3855.75 4.2711e-17
3857.275 4.3907e-17
3858.8 4.115e-17
3860.325 5.4401e-17
3861.85 1.0364e-16
3863.375 5.5683e-17
3864.9 3.8549e-17
3866.425 6.209e-17
3867.95 4.5496e-17
3869.475 4.754e-17
3871.0 5.8943e-17
3872.525 6.2588e-17
3874.05 6.1983e-17
3875.575 6.1274e-17
3877.1 6.058e-17
3878.625 3.0705e-17
3880.15 6.7601e-17
3881.675 5.239e-17
3883.2 3.0876e-17
3884.725 7.1017e-17
3886.25 6.5685e-17
3887.775 6.3275e-17
3889.3 5.3203e-17
3890.825 3.5613e-17
3892.35 3.6548e-17
3893.875 3.3383e-17
3895.4 5.4519e-17
3896.925 9.4708e-17
3898.45 2.1809e-16
3899.975 3.579e-16
3901.5 4.4526e-16
3903.025 3.8619e-16
3904.55 2.3131e-16
3906.075 1.1295e-16
3907.6 6.9148e-17
3909.125 5.1248e-17
3910.65 2.2319e-17
3912.175 6.1796e-17
3913.7 9.6708e-17
3915.225 8.1751e-17
3916.75 9.019e-17
3918.275 9.7257e-17
3919.8 5.371e-17
3921.325 8.1518e-17
3922.85 6.4856e-17
3924.375 3.5102e-17
3925.9 1.0301e-17
3927.425 3.3402e-17
3928.95 1.5524e-17
3930.475 5.8298e-17
3932.0 6.6108e-17
3933.525 5.3006e-17
3935.05 7.26e-17
3936.575 5.4168e-17
3938.1 4.231e-17
3939.625 5.2986e-17
3941.15 5.2232e-17
3942.675 8.099e-17
3944.2 8.8054e-17
3945.725 5.3269e-17
3947.25 5.9586e-17
3948.775 8.8923e-17
3950.3 9.1951e-17
3951.825 5.8509e-17
3953.35 1.1018e-16
3954.875 9.1873e-17
3956.4 7.2086e-17
3957.925 9.1243e-17
3959.45 1.1949e-16
3960.975 8.2056e-17
3962.5 5.2137e-17
3964.025 7.0456e-17
3965.55 5.039e-17
3967.075 7.6168e-17
3968.6 7.1743e-17
3970.125 4.6876e-17
3971.65 6.8837e-17
3973.175 7.9913e-17
3974.7 5.5757e-17
3976.225 2.9976e-17
3977.75 5.452e-17
3979.275 6.4928e-17
3980.8 3.6947e-17
3982.325 5.8784e-17
3983.85 7.5176e-17
3985.375 7.0897e-17
3986.9 7.9583e-17
3988.425 7.1759e-17
3989.95 6.2497e-17
3991.475 3.6357e-17
3993.0 6.2212e-17
3994.525 7.2462e-17
3996.05 6.5428e-17
3997.575 7.4179e-17
3999.1 4.7696e-17
4000.625 8.5565e-17
4002.15 8.5485e-17
4003.675 6.0889e-17
4005.2 8.1989e-17
4006.725 5.9924e-17
4008.25 4.0709e-17
4009.775 2.0837e-17
4011.3 7.0285e-17
4012.825 5.1382e-17
4014.35 4.9013e-17
4015.875 5.115e-17
4017.4 4.0963e-17
4018.925 4.428e-17
4020.45 1.2497e-16
4021.975 1.2584e-16
4023.5 9.8848e-17
4025.025 7.9728e-17
4026.55 8.3264e-17
4028.075 1.5365e-16
4029.6 1.0142e-16
4031.125 1.0817e-16
4032.65 1.1144e-16
4034.175 1.151e-16
4035.7 7.0895e-17
4037.225 5.9202e-17
4038.75 3.8568e-17
4040.275 5.8513e-17
4041.8 8.4373e-17
4043.325 7.3341e-17
4044.85 6.8045e-17
4046.375 8.1824e-17
4047.9 1.1063e-16
4049.425 1.0208e-16
4050.95 8.3162e-17
4052.475 9.1258e-17
4054.0 1.0081e-16
4055.525 1.2248e-16
4057.05 1.1411e-16
4058.575 1.0897e-16
4060.1 7.9729e-17
4061.625 9.8997e-17
4063.15 8.525e-17
4064.675 4.4726e-17
4066.2 4.4094e-17
4067.725 5.1687e-17
4069.25 4.7088e-17
4070.775 8.0205e-17
4072.3 1.1624e-16
4073.825 1.2259e-16
4075.35 8.4835e-17
4076.875 7.4809e-17
4078.4 5.3081e-17
4079.925 8.2696e-17
4081.45 1.4077e-16
4082.975 9.8451e-17
4084.5 1.5092e-17
4086.025 4.6429e-17
4087.55 7.8387e-17
4089.075 7.6932e-17
4090.6 8.5114e-17
4092.125 8.7259e-17
4093.65 1.0156e-16
4095.175 9.8535e-17
4096.7 7.5427e-17
4098.225 7.7466e-17
4099.75 6.0876e-17
4101.275 6.4559e-17
4102.8 7.3608e-17
4104.325 9.2739e-17
4105.85 6.6456e-17
4107.375 6.6229e-17
4108.9 8.7258e-17
4110.425 1.093e-16
4111.95 7.3167e-17
4113.475 5.3053e-17
4115.0 4.1955e-17
4116.525 2.972e-17
4118.05 3.7374e-17
4119.575 1.0788e-16
4121.1 1.1803e-16
4122.625 5.6225e-17
4124.15 4.9304e-17
4125.675 6.5893e-17
4127.2 7.6395e-17
4128.725 9.4465e-17
4130.25 1.24e-16
4131.775 8.6972e-17
4133.3 1.2292e-16
4134.825 1.0864e-16
4136.35 6.4423e-17
4137.875 7.92e-17
4139.4 8.214e-17
4140.925 9.6364e-17
4142.45 8.1793e-17
4143.975 1.1389e-16
4145.5 7.1925e-17
4147.025 6.8979e-17
4148.55 7.6581e-17
4150.075 5.2861e-17
4151.6 5.9543e-17
4153.125 6.1564e-17
4154.65 7.5679e-17
4156.175 7.773e-17
4157.7 7.6045e-17
4159.225 7.1297e-17
4160.75 7.881e-17
4162.275 8.3664e-17
4163.8 7.1704e-17
4165.325 9.9046e-17
4166.85 1.1592e-16
4168.375 7.9588e-17
4169.9 7.1126e-17
4171.425 6.5851e-17
4172.95 8.073e-17
4174.475 7.6038e-17
4176.0 6.8713e-17
4177.525 4.3654e-17
4179.05 4.4194e-17
4180.575 8.1116e-17
4182.1 9.4774e-17
4183.625 1.2403e-16
4185.15 1.1949e-16
4186.675 1.4986e-16
4188.2 1.07e-16
4189.725 6.6578e-17
4191.25 5.1641e-17
4192.775 4.9078e-17
4194.3 8.1959e-17
4195.825 1.3004e-16
4197.35 1.3553e-16
4198.875 1.2225e-16
4200.4 1.0247e-16
4201.925 9.8908e-17
4203.45 1.6916e-16
4204.975 9.8452e-17
4206.5 7.6301e-17
4208.025 9.164e-17
4209.55 1.1617e-16
4211.075 1.3797e-16
4212.6 8.4157e-17
4214.125 1.026e-16
4215.65 7.4332e-17
4217.175 8.0255e-17
4218.7 9.2319e-17
4220.225 9.7164e-17
4221.75 1.016e-16
4223.275 6.5528e-17
4224.8 1.1062e-16
4226.325 1.6604e-16
4227.85 1.7298e-16
4229.375 1.3076e-16
4230.9 9.1848e-17
4232.425 1.2083e-16
4233.95 7.7262e-17
4235.475 6.1779e-17
4237.0 8.5139e-17
4238.525 1.0093e-16
4240.05 7.0184e-17
4241.575 5.222e-17
4243.1 9.4536e-17
4244.625 8.0308e-17
4246.15 7.3146e-17
4247.675 1.2497e-16
4249.2 1.3086e-16
4250.725 1.1642e-16
4252.25 1.1779e-16
4253.775 9.8883e-17
4255.3 7.9517e-17
4256.825 8.699e-17
4258.35 7.6378e-17
4259.875 1.3677e-16
4261.4 1.2035e-16
4262.925 9.6915e-17
4264.45 7.6659e-17
4265.975 6.4134e-17
4267.5 6.8484e-17
4269.025 8.7913e-17
4270.55 5.8441e-17
4272.075 9.8274e-17
4273.6 8.1113e-17
4275.125 9.0909e-17
4276.65 1.1038e-16
4278.175 1.3563e-16
4279.7 9.9878e-17
4281.225 7.6639e-17
4282.75 9.4115e-17
4284.275 8.609e-17
4285.8 7.7961e-17
4287.325 9.6386e-17
4288.85 8.8658e-17
4290.375 5.983e-17
4291.9 5.9245e-17
4293.425 5.4341e-17
4294.95 8.2413e-17
4296.475 8.8074e-17
4298.0 7.7003e-17
4299.525 8.4153e-17
4301.05 1.2261e-16
4302.575 1.1473e-16
4304.1 6.9955e-17
4305.625 1.0248e-16
4307.15 1.27e-16
4308.675 8.0097e-17
4310.2 8.2788e-17
4311.725 1.3161e-16
4313.25 1.3395e-16
4314.775 7.1233e-17
4316.3 1.0064e-16
4317.825 1.1609e-16
4319.35 9.3893e-17
4320.875 1.2638e-16
4322.4 1.2138e-16
4323.925 1.2103e-16
4325.45 1.071e-16
4326.975 1.1352e-16
4328.5 7.3572e-17
4330.025 8.7918e-17
4331.55 1.0008e-16
4333.075 8.4559e-17
4334.6 1.0199e-16
4336.125 1.1767e-16
4337.65 1.1788e-16
4339.175 4.4589e-17
4340.7 1.2321e-16
4342.225 9.3902e-17
4343.75 7.7127e-17
4345.275 1.1104e-16
4346.8 8.8298e-17
4348.325 8.1307e-17
4349.85 5.4629e-17
4351.375 8.3213e-17
4352.9 9.3183e-17
4354.425 6.0245e-17
4355.95 8.5635e-17
4357.475 4.5828e-17
4359.0 7.5826e-17
4360.525 1.1182e-16
4362.05 1.3389e-16
4363.575 1.1829e-16
4365.1 1.2635e-16
4366.625 6.4623e-17
4368.15 1.1503e-16
4369.675 1.294e-16
4371.2 9.6343e-17
4372.725 4.3477e-17
4374.25 -6.1811e-18
4375.775 7.6971e-17
4377.3 1.1353e-16
4378.825 8.5566e-17
4380.35 1.0992e-16
4381.875 1.1152e-16
4383.4 7.8682e-17
4384.925 7.7909e-17
4386.45 1.2557e-16
4387.975 8.39e-17
4389.5 1.2479e-16
4391.025 1.5717e-16
4392.55 8.2352e-17
4394.075 7.3803e-17
4395.6 9.941e-17
4397.125 4.5793e-17
4398.65 9.1183e-17
4400.175 8.8743e-17
4401.7 6.6557e-17
4403.225 1.0552e-16
4404.75 1.6022e-17
4406.275 2.8439e-17
4407.8 1.261e-16
4409.325 1.3122e-16
4410.85 1.3583e-16
4412.375 1.2566e-16
4413.9 1.1539e-16
4415.425 1.4443e-16
4416.95 1.5152e-16
4418.475 1.1991e-16
4420.0 1.5528e-16
4421.525 8.9009e-17
4423.05 1.1403e-16
4424.575 1.2024e-16
4426.1 1.2037e-16
4427.625 1.6345e-16
4429.15 1.6728e-16
4430.675 1.5627e-16
4432.2 1.3391e-16
4433.725 1.0461e-16
4435.25 8.0548e-17
4436.775 8.9173e-17
4438.3 9.4082e-17
4439.825 1.156e-16
4441.35 8.8129e-17
4442.875 1.1029e-16
4444.4 1.2934e-16
4445.925 1.5489e-16
4447.45 1.2978e-16
4448.975 1.3353e-16
4450.5 1.209e-16
4452.025 8.7511e-17
4453.55 6.7388e-17
4455.075 1.2108e-16
4456.6 1.0859e-16
4458.125 1.1989e-16
4459.65 9.6729e-17
4461.175 1.4058e-16
4462.7 9.7261e-17
4464.225 7.5655e-17
4465.75 8.4982e-17
4467.275 9.57e-17
4468.8 9.0838e-17
4470.325 5.2773e-17
4471.85 4.2685e-17
4473.375 4.9069e-17
4474.9 1.034e-16
4476.425 1.1642e-16
4477.95 8.3733e-17
4479.475 1.2188e-16
4481.0 1.0074e-16
4482.525 1.2994e-16
4484.05 1.5637e-16
4485.575 1.1385e-16
4487.1 3.4435e-17
4488.625 1.2245e-16
4490.15 1.2747e-16
4491.675 9.7509e-17
4493.2 1.1629e-16
4494.725 4.6786e-17
4496.25 6.0645e-17
4497.775 6.6378e-17
4499.3 7.9846e-17
4500.825 5.7185e-17
4502.35 1.0841e-16
4503.875 9.4243e-17
4505.4 8.6713e-17
4506.925 1.6198e-16
4508.45 7.9516e-17
4509.975 1.0714e-16
4511.5 9.8431e-17
4513.025 6.9553e-17
4514.55 9.3902e-17
4516.075 1.2691e-16
4517.6 1.1829e-16
4519.125 6.9966e-17
4520.65 7.6828e-17
4522.175 1.2217e-16
4523.7 9.3278e-17
4525.225 8.3438e-17
4526.75 5.7293e-17
4528.275 2.1309e-17
4529.8 3.6301e-17
4531.325 7.0978e-17
4532.85 1.2537e-16
4534.375 8.1558e-17
4535.9 4.7699e-17
4537.425 9.5584e-17
4538.95 1.0683e-16
4540.475 8.9418e-17
4542.0 8.9744e-17
4543.525 8.9254e-17
4545.05 1.3314e-16
4546.575 1.2332e-16
4548.1 6.5137e-17
4549.625 5.5211e-17
4551.15 1.0231e-16
4552.675 2.0089e-17
4554.2 3.1707e-17
4555.725 5.9658e-17
4557.25 4.3948e-17
4558.775 6.7022e-17
4560.3 9.7899e-17
4561.825 4.2827e-17
4563.35 1.0181e-16
4564.875 7.9886e-17
4566.4 1.4006e-16
4567.925 1.6406e-16
4569.45 9.9603e-17
4570.975 1.2031e-16
4572.5 8.9055e-17
4574.025 1.0771e-16
4575.55 1.0798e-16
4577.075 1.1519e-16
4578.6 9.7785e-17
4580.125 8.576e-17
4581.65 1.4935e-16
4583.175 1.1373e-16
4584.7 7.0496e-17
4586.225 7.695e-17
4587.75 6.7018e-17
4589.275 6.9189e-18
4590.8 7.0162e-17
4592.325 9.1064e-17
4593.85 1.2206e-16
4595.375 1.0019e-16
4596.9 7.0029e-17
4598.425 8.9359e-17
4599.95 8.0962e-17
4601.475 8.924e-17
4603.0 1.4155e-16
4604.525 1.2624e-16
4606.05 9.8243e-17
4607.575 1.1404e-16
4609.1 1.1824e-16
4610.625 1.0667e-16
4612.15 5.3289e-17
4613.675 4.2511e-17
4615.2 6.8374e-17
4616.725 1.0481e-16
4618.25 6.4321e-17
4619.775 7.2311e-17
4621.3 6.8837e-17
4622.825 2.5643e-17
4624.35 7.9942e-17
4625.875 1.1014e-16
4627.4 4.9768e-17
4628.925 4.9265e-17
4630.45 1.223e-19
4631.975 5.7095e-17
4633.5 8.656e-17
4635.025 8.0066e-17
4636.55 1.1981e-16
4638.075 1.0646e-16
4639.6 5.7679e-17
4641.125 8.2799e-17
4642.65 6.835e-17
4644.175 7.8377e-17
4645.7 7.5161e-17
4647.225 1.2325e-16
4648.75 1.0518e-16
4650.275 8.093e-17
4651.8 7.9697e-17
4653.325 4.2775e-17
4654.85 9.5708e-17
4656.375 1.0914e-16
4657.9 9.3131e-17
4659.425 5.9563e-17
4660.95 2.0196e-17
4662.475 1.5718e-17
4664.0 9.6803e-17
4665.525 1.1665e-16
4667.05 9.639e-17
4668.575 1.0455e-16
4670.1 1.3156e-16
4671.625 9.4485e-17
4673.15 9.2243e-17
4674.675 9.0282e-17
4676.2 5.1311e-17
4677.725 5.0659e-17
4679.25 1.0243e-16
4680.775 5.7198e-17
4682.3 8.2746e-17
4683.825 1.2395e-16
4685.35 8.9084e-17
4686.875 9.8354e-17
4688.4 9.8133e-17
4689.925 1.2101e-16
4691.45 1.0301e-16
4692.975 1.0416e-16
4694.5 1.1394e-16
4696.025 6.5853e-17
4697.55 9.7055e-17
4699.075 9.848e-17
4700.6 1.2707e-16
4702.125 1.24e-16
4703.65 1.3301e-16
4705.175 1.3946e-16
4706.7 1.4137e-16
4708.225 1.0048e-16
4709.75 6.7164e-17
4711.275 1.1729e-16
4712.8 1.2402e-16
4714.325 9.2346e-17
4715.85 1.1227e-16
4717.375 6.6188e-17
4718.9 1.136e-16
4720.425 1.2281e-16
4721.95 1.5095e-16
4723.475 1.3612e-16
4725.0 9.464e-17
4726.525 5.6894e-17
4728.05 9.1756e-17
4729.575 9.1644e-17
4731.1 1.2957e-16
4732.625 1.3549e-16
4734.15 1.174e-16
4735.675 1.032e-16
4737.2 9.7514e-17
4738.725 1.4624e-16
4740.25 1.0779e-16
4741.775 1.0415e-16
4743.3 7.4267e-17
4744.825 1.0213e-16
4746.35 1.2281e-16
4747.875 1.154e-16
4749.4 7.8469e-17
4750.925 8.6677e-17
4752.45 5.4314e-17
4753.975 1.0755e-16
4755.5 8.1244e-17
4757.025 9.4848e-17
4758.55 6.6581e-17
4760.075 5.383e-17
4761.6 1.1659e-16
4763.125 1.0083e-16
4764.65 6.4911e-17
4766.175 8.4749e-17
4767.7 1.0986e-16
4769.225 9.9004e-17
4770.75 1.1097e-16
4772.275 7.2611e-17
4773.8 1.0299e-16
4775.325 1.3549e-16
4776.85 1.371e-16
4778.375 1.1728e-16
4779.9 1.2701e-16
4781.425 5.9881e-17
4782.95 8.3654e-17
4784.475 6.5246e-17
4786.0 7.288e-17
4787.525 1.1058e-16
4789.05 1.1461e-16
4790.575 1.0738e-16
4792.1 1.3255e-16
4793.625 1.6289e-16
4795.15 8.7206e-17
4796.675 8.3881e-17
4798.2 7.8148e-17
4799.725 9.7546e-17
4801.25 9.8671e-17
4802.775 9.1519e-17
4804.3 9.4824e-17
4805.825 9.8903e-17
4807.35 6.8793e-17
4808.875 9.5711e-17
4810.4 1.4864e-16
4811.925 1.4927e-16
4813.45 1.4239e-16
4814.975 1.2467e-16
4816.5 9.2818e-17
4818.025 1.08e-16
4819.55 9.9763e-17
4821.075 9.2553e-17
4822.6 5.992e-17
4824.125 6.4271e-17
4825.65 9.9518e-17
4827.175 1.1164e-16
4828.7 1.3558e-16
4830.225 1.5351e-16
4831.75 8.6284e-17
4833.275 1.0927e-16
4834.8 1.3887e-16
4836.325 9.3771e-17
4837.85 4.9263e-17
4839.375 1.0904e-16
4840.9 1.3557e-16
4842.425 1.0093e-16
4843.95 1.0252e-16
4845.475 9.6401e-17
4847.0 9.14e-17
4848.525 1.1372e-16
4850.05 1.5569e-16
4851.575 9.0229e-17
4853.1 9.0313e-17
4854.625 1.1903e-16
4856.15 1.2307e-16
4857.675 1.1145e-16
4859.2 1.0888e-16
4860.725 1.2151e-16
4862.25 1.1044e-16
4863.775 9.4695e-17
4865.3 1.0057e-16
4866.825 1.0663e-16
4868.35 1.0806e-16
4869.875 1.0044e-16
4871.4 1.1368e-16
4872.925 1.1111e-16
4874.45 1.162e-16
4875.975 1.2061e-16
4877.5 9.1222e-17
4879.025 5.2646e-17
4880.55 1.0334e-16
4882.075 1.4144e-16
4883.6 1.119e-16
4885.125 1.1171e-16
4886.65 1.1434e-16
4888.175 7.852e-17
4889.7 1.0328e-16
4891.225 4.1678e-17
4892.75 7.4852e-17
4894.275 1.1084e-16
4895.8 1.1119e-16
4897.325 7.4326e-17
4898.85 1.0841e-16
4900.375 1.0629e-16
4901.9 7.5045e-17
4903.425 6.3099e-17
4904.95 8.0118e-17
4906.475 1.2281e-16
4908.0 9.8812e-17
4909.525 6.2349e-17
4911.05 9.7253e-17
4912.575 1.027e-16
4914.1 1.1485e-16
4915.625 1.1808e-16
4917.15 1.2767e-16
4918.675 1.2048e-16
4920.2 1.0208e-16
4921.725 1.1901e-16
4923.25 1.1383e-16
4924.775 1.1405e-16
4926.3 8.7553e-17
4927.825 7.0084e-17
4929.35 7.3877e-17
4930.875 4.983e-17
4932.4 3.4383e-17
4933.925 9.698e-17
4935.45 7.973e-17
4936.975 9.608e-17
4938.5 7.0791e-17
4940.025 9.1689e-17
4941.55 1.0637e-16
4943.075 1.023e-16
4944.6 1.2613e-16
4946.125 1.423e-16
4947.65 8.453e-17
4949.175 8.8237e-17
4950.7 7.5479e-17
4952.225 5.8007e-17
4953.75 1.3514e-16
4955.275 1.4462e-16
4956.8 1.0711e-16
4958.325 9.2832e-17
4959.85 1.1615e-16
4961.375 1.1222e-16
4962.9 9.4702e-17
4964.425 1.0483e-16
4965.95 1.3481e-16
4967.475 1.3924e-16
4969.0 1.1385e-16
4970.525 5.3336e-17
4972.05 3.1652e-17
4973.575 8.3728e-17
4975.1 9.774e-17
4976.625 1.1709e-16
4978.15 8.7946e-17
4979.675 6.3837e-17
4981.2 5.7471e-17
4982.725 7.7868e-17
4984.25 1.4811e-16
4985.775 6.5879e-17
4987.3 3.0584e-17
4988.825 8.8731e-17
4990.35 1.3061e-16
4991.875 8.9246e-17
4993.4 1.2104e-16
4994.925 1.2651e-16
4996.45 6.9443e-17
4997.975 9.0851e-17
4999.5 7.2976e-17
5001.025 1.3301e-16
5002.55 6.876e-17
5004.075 6.957e-17
5005.6 1.3092e-16
5007.125 8.4494e-17
5008.65 1.3992e-16
5010.175 1.1259e-16
5011.7 1.0146e-16
5013.225 1.099e-16
5014.75 1.1179e-16
5016.275 9.4822e-17
5017.8 5.9674e-17
5019.325 1.0088e-16
5020.85 1.2101e-16
5022.375 1.0515e-16
5023.9 8.2495e-17
5025.425 4.0447e-17
5026.95 7.4369e-17
5028.475 1.0871e-16
5030.0 1.1376e-16
5031.525 1.2663e-16
5033.05 8.688e-17
5034.575 1.0119e-16
5036.1 1.3257e-16
5037.625 9.3247e-17
5039.15 1.2479e-16
5040.675 1.5194e-16
5042.2 1.1768e-16
5043.725 1.26e-16
5045.25 1.0521e-16
5046.775 1.179e-16
5048.3 1.3431e-16
5049.825 1.0484e-16
5051.35 1.3606e-16
5052.875 1.3145e-16
5054.4 6.3493e-17
5055.925 8.2213e-17
5057.45 6.3996e-17
5058.975 8.9307e-17
5060.5 1.3139e-16
5062.025 1.117e-16
5063.55 1.212e-16
5065.075 9.4804e-17
5066.6 1.0789e-16
5068.125 9.244e-17
5069.65 1.2651e-16
5071.175 1.1456e-16
5072.7 1.0735e-16
5074.225 9.1854e-17
5075.75 8.5952e-17
5077.275 1.0938e-16
5078.8 1.3269e-16
5080.325 1.0936e-16
5081.85 1.0166e-16
5083.375 1.2239e-16
5084.9 1.2952e-16
5086.425 1.0325e-16
5087.95 2.5098e-16
5089.475 2.1234e-16
5091.0 8.9404e-17
5092.525 1.1032e-16
5094.05 1.2594e-16
5095.575 7.1195e-17
5097.1 1.1158e-16
5098.625 8.2615e-17
5100.15 4.4551e-17
5101.675 1.1825e-16
5103.2 8.2377e-17
5104.725 7.0864e-17
5106.25 9.8991e-17
5107.775 1.1665e-16
5109.3 1.1153e-16
5110.825 1.5609e-16
5112.35 1.1849e-16
5113.875 1.0815e-16
5115.4 1.0857e-16
5116.925 1.0891e-16
5118.45 6.6559e-17
5119.975 8.4494e-17
5121.5 7.7195e-17
5123.025 1.0384e-16
5124.55 9.1705e-17
5126.075 1.0936e-16
5127.6 1.4549e-16
5129.125 9.8538e-17
5130.65 7.7159e-17
5132.175 1.3569e-16
5133.7 8.596e-17
5135.225 6.5444e-17
5136.75 8.8521e-17
5138.275 1.1209e-16
5139.8 1.0037e-16
5141.325 7.3909e-17
5142.85 8.2003e-17
5144.375 9.9671e-17
5145.9 4.2284e-17
5147.425 8.5629e-17
5148.95 1.3055e-16
5150.475 1.0704e-16
5152.0 1.3669e-16
5153.525 1.4754e-16
5155.05 1.3068e-16
5156.575 7.0781e-17
5158.1 9.8105e-17
5159.625 1.0075e-16
5161.15 1.3198e-16
5162.675 7.4895e-17
5164.2 1.341e-16
5165.725 9.4842e-17
5167.25 9.8473e-17
5168.775 9.5873e-17
5170.3 7.8351e-17
5171.825 1.3161e-16
5173.35 1.1794e-16
5174.875 7.339e-17
5176.4 8.6445e-17
5177.925 9.9244e-17
5179.45 6.9039e-17
5180.975 8.9081e-17
5182.5 1.0441e-16
5184.025 9.0023e-17
5185.55 1.4643e-16
5187.075 1.1191e-16
5188.6 1.9215e-16
5190.125 2.4968e-16
5191.65 1.7665e-16
5193.175 1.3914e-16
5194.7 1.1366e-16
5196.225 8.9488e-17
5197.75 6.6802e-17
5199.275 1.0996e-16
5200.8 1.0443e-16
5202.325 1.1497e-16
5203.85 1.1883e-16
5205.375 8.6888e-17
5206.9 8.9813e-17
5208.425 1.0807e-16
5209.95 1.2814e-16
5211.475 1.2886e-16
5213.0 1.537e-16
5214.525 7.6668e-17
5216.05 8.8811e-17
5217.575 1.4082e-16
5219.1 1.1203e-16
5220.625 9.8718e-17
5222.15 1.1708e-16
5223.675 8.0246e-17
5225.2 9.0302e-17
5226.725 9.435e-17
5228.25 7.0809e-17
5229.775 7.1264e-17
5231.3 8.6585e-17
5232.825 1.1878e-16
5234.35 1.1262e-16
5235.875 8.7273e-17
5237.4 1.2372e-16
5238.925 2.2634e-16
5240.45 3.0222e-16
5241.975 3.201e-16
5243.5 1.795e-16
5245.025 1.8026e-16
5246.55 1.8402e-16
5248.075 1.605e-16
5249.6 7.5608e-17
5251.125 5.5317e-17
5252.65 7.8081e-17
5254.175 1.0929e-16
5255.7 9.6482e-17
5257.225 9.3842e-17
5258.75 1.1719e-16
5260.275 1.0556e-16
5261.8 6.3936e-17
5263.325 9.4534e-17
5264.85 8.0117e-17
5266.375 1.2345e-16
5267.9 1.1251e-16
5269.425 1.2862e-16
5270.95 1.1681e-16
5272.475 1.0316e-16
5274.0 1.0138e-16
5275.525 8.6343e-17
5277.05 8.9988e-17
5278.575 5.9823e-17
5280.1 4.9801e-17
5281.625 7.0637e-17
5283.15 9.9397e-17
5284.675 6.6873e-17
5286.2 1.3427e-16
5287.725 1.1084e-16
5289.25 5.3447e-17
5290.775 1.1306e-16
5292.3 1.3521e-16
5293.825 1.4927e-16
5295.35 1.0709e-16
5296.875 6.7096e-17
5298.4 5.1219e-17
5299.925 2.9852e-17
5301.45 9.6518e-17
5302.975 1.3861e-16
5304.5 1.8054e-17
5306.025 6.8269e-17
5307.55 1.6115e-16
5309.075 9.2821e-17
5310.6 7.9571e-17
5312.125 3.9926e-17
5313.65 5.7378e-17
5315.175 1.3684e-16
5316.7 1.3002e-16
5318.225 9.2401e-17
5319.75 6.5893e-17
5321.275 6.2799e-17
5322.8 1.0062e-16
5324.325 1.2538e-16
5325.85 1.1061e-16
5327.375 8.2791e-17
5328.9 9.0987e-17
5330.425 8.8267e-17
5331.95 8.8642e-17
5333.475 1.516e-16
5335.0 1.0984e-16
5336.525 9.1028e-17
5338.05 4.2722e-17
5339.575 1.2743e-16
5341.1 1.1937e-16
5342.625 9.8402e-17
5344.15 1.2987e-16
5345.675 1.0965e-16
5347.2 4.9818e-17
5348.725 3.4815e-17
5350.25 1.1357e-16
5351.775 9.8729e-17
5353.3 1.219e-16
5354.825 1.4524e-16
5356.35 8.614e-17
5357.875 9.6375e-17
5359.4 1.2106e-16
5360.925 9.2477e-17
5362.45 9.397e-18
5363.975 2.9478e-17
5365.5 1.0209e-16
5367.025 7.5575e-17
5368.55 5.9625e-17
5370.075 3.9012e-17
5371.6 1.2546e-16
5373.125 1.2551e-16
5374.65 9.9289e-17
5376.175 1.3179e-16
5377.7 1.1048e-16
5379.225 3.1499e-17
5380.75 9.27e-17
5382.275 5.5726e-17
5383.8 5.9612e-17
5385.325 1.6553e-16
5386.85 9.5487e-17
5388.375 1.3128e-18
5389.9 7.6591e-17
5391.425 1.1537e-16
5392.95 1.6821e-16
5394.475 9.3445e-17
5396.0 1.2905e-16
5397.525 1.0887e-16
5399.05 7.6473e-17
5400.575 -1.4376e-17
5402.1 1.3502e-16
5403.625 1.2403e-16
5405.15 1.3469e-16
5406.675 6.4296e-17
5408.2 2.8691e-17
5409.725 -1.4886e-17
5411.25 1.1028e-16
5412.775 1.5808e-16
5414.3 4.2533e-17
5415.825 4.9572e-17
5417.35 8.9203e-17
5418.875 9.5243e-17
5420.4 1.1808e-16
5421.925 7.6938e-17
5423.45 5.8148e-17
5424.975 1.0353e-16
5426.5 7.6275e-17
5428.025 8.2202e-17
5429.55 1.3793e-16
5431.075 1.6745e-16
5432.6 6.6547e-17
5434.125 1.4964e-17
5435.65 4.9411e-17
5437.175 8.116e-18
5438.7 -1.4035e-17
5440.225 4.0846e-17
5441.75 2.0601e-16
5443.275 1.9941e-16
5444.8 1.6055e-16
5446.325 1.0697e-16
5447.85 1.5415e-16
5449.375 1.2649e-16
5450.9 1.4234e-16
5452.425 5.8567e-17
5453.95 1.6119e-16
5455.475 1.9234e-16
5457.0 2.3617e-16
5458.525 1.2292e-16
5460.05 1.4294e-16
5461.575 1.1566e-16
5463.1 8.734e-17
5464.625 1.1388e-16
5466.15 1.422e-16
5467.675 1.1653e-16
5469.2 1.706e-17
5470.725 1.1372e-17
5472.25 1.094e-16
5473.775 1.2309e-16
5475.3 1.2472e-16
5476.825 9.0156e-17
5478.35 1.1997e-16
5479.875 1.2503e-16
5481.4 1.0408e-16
5482.925 2.0069e-16
5484.45 1.8922e-16
5485.975 6.099e-17
5487.5 1.9745e-16
5489.025 1.4264e-16
5490.55 1.8819e-16
5492.075 9.6126e-17
5493.6 9.8221e-17
5495.125 1.4731e-16
5496.65 -7.1503e-18
5498.175 1.7926e-18
5499.7 -1.1161e-17
5501.225 1.6682e-17
5502.75 1.8473e-17
5504.275 1.0155e-16
5505.8 9.5546e-17
5507.325 -8.4394e-18
5508.85 6.2912e-17
5510.375 1.552e-16
5511.9 1.2962e-16
5513.425 4.8091e-17
5514.95 1.3087e-16
5516.475 1.6537e-16
5518.0 2.0389e-16
5519.525 1.461e-16
5521.05 6.1994e-17
5522.575 7.0399e-17
5524.1 8.5541e-17
5525.625 1.5653e-16
5527.15 1.1885e-16
5528.675 6.9645e-17
5530.2 1.4718e-16
5531.725 1.1583e-16
5533.25 1.11e-16
5534.775 1.794e-16
5536.3 1.6186e-16
5537.825 1.343e-16
5539.35 7.5763e-17
5540.875 3.8334e-17
5542.4 1.1726e-16
5543.925 1.1083e-16
5545.45 1.0267e-16
5546.975 1.0447e-16
5548.5 4.3066e-17
5550.025 3.6633e-17
5551.55 1.3942e-18
5553.075 6.0998e-18
5554.6 -2.5485e-17
5556.125 3.1019e-17
5557.65 1.1812e-16
5559.175 3.8548e-17
5560.7 5.3558e-17
5562.225 1.0635e-16
5563.75 7.592e-17
5565.275 1.0072e-16
5566.8 2.6774e-17
5568.325 1.1875e-17
5569.85 4.1821e-17
5571.375 5.7316e-17
5572.9 6.3802e-17
5574.425 7.3039e-17
5575.95 6.8717e-17
5577.475 1.0149e-16
5579.0 2.8066e-17
5580.525 -6.3915e-18
5582.05 7.0215e-17
5583.575 7.103e-17
5585.1 6.6942e-17
5586.625 6.7519e-17
5588.15 1.1082e-16
5589.675 4.3052e-17
5591.2 -8.7045e-18
5592.725 5.8617e-17
5594.25 8.8029e-17
5595.775 1.0147e-16
5597.3 7.0279e-17
5598.825 -3.0483e-17
5600.35 -3.0504e-17
5601.875 6.4368e-17
5603.4 8.7683e-17
5604.925 5.9206e-17
5606.45 7.1916e-17
5607.975 2.8909e-17
5609.5 9.389e-17
5611.025 1.2064e-16
5612.55 1.5464e-16
5614.075 1.4e-16
5615.6 9.4657e-17
5617.125 1.0069e-16
5618.65 7.5198e-17
5620.175 8.7662e-17
5621.7 4.4362e-17
5623.225 7.556e-17
5624.75 1.1785e-16
5626.275 8.1172e-17
5627.8 6.6494e-17
5629.325 1.0508e-16
5630.85 5.4782e-17
5632.375 -3.6713e-18
5633.9 4.8457e-17
5635.425 5.3917e-17
5636.95 7.1472e-17
5638.475 4.8744e-17
5640.0 4.3755e-17
5641.525 6.6558e-17
5643.05 9.0218e-17
5644.575 4.2303e-17
5646.1 3.5653e-17
5647.625 2.1659e-17
5649.15 -1.1065e-17
5650.675 6.8231e-17
5652.2 6.9474e-17
5653.725 3.4542e-17
5655.25 1.9678e-17
5656.775 3.8762e-17
5658.3 5.3651e-17
5659.825 1.1428e-16
5661.35 1.1173e-16
5662.875 9.6232e-17
5664.4 6.1285e-17
5665.925 -2.9467e-17
5667.45 -2.3635e-17
5668.975 3.8184e-17
5670.5 1.5811e-17
5672.025 3.5074e-17
5673.55 8.4344e-17
5675.075 1.0068e-16
5676.6 7.7882e-17
5678.125 3.3474e-17
5679.65 4.0679e-17
5681.175 5.7336e-17
5682.7 3.7882e-17
5684.225 2.2073e-17
5685.75 6.9027e-17
5687.275 3.9131e-17
5688.8 9.231e-17
5690.325 1.1449e-16
5691.85 1.0751e-16
5693.375 4.8598e-17
5694.9 -5.2315e-18
5696.425 3.2552e-17
5697.95 7.9431e-17
5699.475 5.1783e-17
5701.0 4.1946e-17
5702.525 6.9388e-17
5704.05 5.204e-17
5705.575 1.1214e-18
5707.1 3.0716e-17
5708.625 2.1009e-17
5710.15 2.6817e-17
5711.675 7.7588e-17
5713.2 1.2834e-16
5714.725 1.141e-16
5716.25 7.5811e-17
5717.775 4.7033e-17
5719.3 2.6778e-17
5720.825 -2.8634e-18
5722.35 8.5241e-18
5723.875 2.9492e-17
5725.4 7.3335e-17
5726.925 6.0572e-17
5728.45 5.5384e-17
5729.975 4.6437e-17
5731.5 4.8064e-17
5733.025 6.6212e-17
5734.55 5.1673e-17
5736.075 5.5163e-17
5737.6 6.586e-17
5739.125 6.197e-17
5740.65 5.791e-17
5742.175 5.2335e-17
5743.7 6.4548e-17
5745.225 7.5336e-17
5746.75 9.3058e-17
5748.275 6.2292e-17
5749.8 -1.2569e-18
5751.325 9.2296e-18
5752.85 9.0045e-17
5754.375 1.2102e-16
5755.9 1.0036e-16
5757.425 5.9721e-17
5758.95 4.1601e-17
5760.475 5.9236e-17
5762.0 1.1526e-16
5763.525 8.6641e-17
5765.05 3.1136e-17
5766.575 5.0238e-17
5768.1 2.1556e-17
5769.625 -1.6136e-17
5771.15 3.4343e-17
5772.675 -7.7137e-18
5774.2 -3.4983e-17
5775.725 2.3496e-17
5777.25 1.8731e-17
5778.775 8.8705e-17
5780.3 1.0904e-16
5781.825 7.2759e-17
5783.35 4.9682e-17
5784.875 -8.9911e-18
5786.4 1.0623e-17
5787.925 3.67e-17
5789.45 1.293e-17
5790.975 4.5595e-17
5792.5 7.3126e-17
5794.025 5.4085e-17
5795.55 4.7731e-17
5797.075 5.1205e-17
5798.6 4.5269e-17
5800.125 4.2709e-17
5801.65 4.768e-17
5803.175 8.0881e-17
5804.7 8.707e-17
5806.225 8.0046e-17
5807.75 6.1531e-17
5809.275 7.8207e-17
5810.8 6.7172e-17
5812.325 4.7273e-17
5813.85 9.2464e-17
5815.375 1.1937e-16
5816.9 8.9663e-17
5818.425 5.0501e-17
5819.95 2.3352e-17
5821.475 3.4373e-17
5823.0 9.264e-17
5824.525 1.1867e-16
5826.05 7.4441e-17
5827.575 3.532e-17
5829.1 4.5775e-17
5830.625 2.1296e-17
5832.15 2.7927e-17
5833.675 4.6056e-17
5835.2 6.8404e-17
5836.725 4.2306e-17
5838.25 3.0233e-17
5839.775 4.5787e-18
5841.3 -1.7401e-17
5842.825 6.2141e-17
5844.35 1.2127e-16
5845.875 1.0497e-16
5847.4 8.6296e-17
5848.925 4.5252e-17
5850.45 5.9651e-17
5851.975 1.11e-16
5853.5 4.5636e-17
5855.025 -1.664e-17
5856.55 5.1739e-17
5858.075 1.09e-16
5859.6 7.641e-17
5861.125 7.9597e-17
5862.65 8.8017e-17
5864.175 6.9172e-17
5865.7 4.6931e-17
5867.225 -8.2959e-18
5868.75 -5.06e-17
5870.275 4.4974e-18
5871.8 3.7831e-17
5873.325 4.3939e-17
5874.85 2.7265e-17
5876.375 2.2504e-18
5877.9 9.0582e-18
5879.425 4.4744e-17
5880.95 8.0768e-17
5882.475 8.9247e-17
5884.0 5.7432e-17
5885.525 -1.4347e-18
5887.05 -1.586e-17
5888.575 6.4899e-17
5890.1 1.2868e-16
5891.625 1.7557e-16
5893.15 1.4703e-16
5894.675 6.3187e-17
5896.2 4.4734e-17
5897.725 4.4749e-17
5899.25 5.3946e-17
5900.775 5.9917e-17
5902.3 3.8369e-17
5903.825 4.8646e-17
5905.35 7.9794e-17
5906.875 1.1222e-16
5908.4 1.1924e-16
5909.925 8.125e-17
5911.45 7.8403e-17
5912.975 3.8418e-17
5914.5 2.1109e-17
5916.025 5.5652e-17
5917.55 1.4017e-17
5919.075 -5.8224e-17
5920.6 -5.1544e-17
5922.125 1.1854e-17
5923.65 3.8601e-17
5925.175 4.7679e-17
5926.7 6.8043e-17
5928.225 3.6311e-17
5929.75 8.4962e-18
5931.275 1.9776e-17
5932.8 4.5477e-17
5934.325 5.4379e-17
5935.85 7.8139e-17
5937.375 3.684e-17
5938.9 -2.9128e-19
5940.425 6.4229e-17
5941.95 4.9517e-17
5943.475 -1.7677e-17
5945.0 -5.6839e-17
5946.525 5.5235e-19
5948.05 7.9207e-17
5949.575 5.18e-17
5951.1 4.0205e-17
5952.625 1.0429e-16
5954.15 9.8327e-17
5955.675 5.2045e-17
5957.2 4.5876e-17
5958.725 3.2191e-17
5960.25 2.2789e-17
5961.775 1.1858e-16
5963.3 1.3372e-16
5964.825 1.1426e-17
5966.35 1.5233e-19
5967.875 6.0069e-17
5969.4 6.0599e-17
5970.925 5.0656e-17
5972.45 9.0538e-17
5973.975 7.5346e-17
5975.5 6.9603e-17
5977.025 7.264e-17
5978.55 6.3635e-17
5980.075 1.173e-16
5981.6 7.1779e-17
5983.125 8.4361e-18
5984.65 5.1074e-17
5986.175 6.2393e-17
5987.7 2.5961e-17
5989.225 2.3653e-17
5990.75 5.5279e-17
5992.275 1.1146e-16
5993.8 9.6323e-17
5995.325 5.1242e-17
5996.85 8.3121e-17
5998.375 8.8564e-17
5999.9 7.1926e-17
6001.425 1.006e-16
6002.95 1.3816e-16
6004.475 1.1316e-16
6006.0 -1.2498e-18
6007.525 -3.0581e-17
6009.05 2.4213e-17
6010.575 3.901e-17
6012.1 9.4571e-17
6013.625 9.7312e-17
6015.15 1.0143e-16
6016.675 1.274e-16
6018.2 8.0271e-17
6019.725 3.6715e-17
6021.25 -2.7283e-18
6022.775 1.0183e-17
6024.3 8.7417e-17
6025.825 1.2894e-16
6027.35 7.4516e-17
6028.875 6.3075e-17
6030.4 1.1345e-16
6031.925 9.2561e-17
6033.45 3.9089e-17
6034.975 3.9988e-18
6036.5 7.2314e-18
6038.025 5.6935e-17
6039.55 6.6118e-17
6041.075 7.1799e-17
6042.6 1.2063e-16
6044.125 8.0991e-17
6045.65 1.9714e-17
6047.175 6.783e-17
6048.7 7.0642e-17
6050.225 2.6008e-17
6051.75 1.5203e-17
6053.275 -1.0109e-18
6054.8 2.7122e-17
6056.325 7.9106e-17
6057.85 9.0138e-17
6059.375 4.3375e-17
6060.9 1.3909e-17
6062.425 5.2604e-17
6063.95 4.6032e-17
6065.475 6.4218e-17
6067.0 1.3403e-16
6068.525 6.207e-17
6070.05 9.643e-18
6071.575 4.7039e-17
6073.1 1.5313e-17
6074.625 2.4819e-17
6076.15 9.9068e-17
6077.675 6.737e-17
6079.2 2.4645e-17
6080.725 4.8729e-17
6082.25 7.3816e-17
6083.775 6.7078e-17
6085.3 4.1521e-17
6086.825 4.7445e-17
6088.35 1.9671e-17
6089.875 -4.0433e-17
6091.4 -1.5062e-17
6092.925 7.2358e-17
6094.45 1.1806e-16
6095.975 8.4919e-17
6097.5 3.7515e-17
6099.025 6.3787e-17
6100.55 6.421e-17
6102.075 1.8271e-17
6103.6 1.4519e-17
6105.125 8.1858e-18
6106.65 5.9835e-17
6108.175 7.3588e-17
6109.7 5.1143e-17
6111.225 7.0519e-17
6112.75 4.1499e-17
6114.275 1.4352e-17
6115.8 3.2357e-17
6117.325 5.2452e-17
6118.85 2.0146e-17
6120.375 2.8715e-17
6121.9 6.3733e-17
6123.425 3.1535e-17
6124.95 1.0191e-17
6126.475 1.3625e-18
6128.0 -1.3848e-17
6129.525 5.813e-17
6131.05 9.6085e-17
6132.575 1.2138e-16
6134.1 5.7705e-17
6135.625 -1.4936e-17
6137.15 1.0318e-17
6138.675 -2.1191e-17
6140.2 -3.9839e-17
6141.725 -9.132e-18
6143.25 4.5601e-17
6144.775 5.9863e-17
6146.3 4.096e-17
6147.825 6.8648e-17
6149.35 1.1169e-16
6150.875 1.2164e-16
6152.4 5.452e-17
6153.925 2.4793e-18
6155.45 2.331e-17
6156.975 4.7182e-17
6158.5 7.5201e-17
6160.025 6.5965e-17
6161.55 3.9486e-17
6163.075 7.3413e-17
6164.6 6.6205e-17
6166.125 4.2059e-17
6167.65 2.7694e-17
6169.175 2.0675e-18
6170.7 -1.6779e-18
6172.225 5.8408e-17
6173.75 6.0596e-17
6175.275 3.678e-17
6176.8 4.1379e-17
6178.325 3.9255e-17
6179.85 4.4158e-17
6181.375 5.1289e-17
6182.9 2.5668e-17
6184.425 2.8383e-17
6185.95 6.8927e-17
6187.475 6.0673e-17
6189.0 1.0479e-17
6190.525 -1.6825e-17
6192.05 -1.1368e-18
6193.575 4.2816e-17
6195.1 4.6493e-17
6196.625 2.3493e-17
6198.15 4.8221e-17
6199.675 6.7865e-17
6201.2 6.4631e-17
6202.725 2.0044e-17
6204.25 8.0362e-18
6205.775 7.7804e-17
6207.3 1.1742e-16
6208.825 9.8789e-17
6210.35 7.7961e-17
6211.875 5.4945e-17
6213.4 5.1351e-17
6214.925 3.8299e-17
6216.45 6.8291e-17
6217.975 9.9907e-17
6219.5 7.6384e-17
6221.025 3.9814e-17
6222.55 2.9564e-17
6224.075 6.4392e-17
6225.6 6.5012e-17
6227.125 6.2494e-17
6228.65 9.4785e-17
6230.175 8.7413e-17
6231.7 4.8017e-17
6233.225 3.5043e-17
6234.75 4.117e-17
6236.275 -6.9106e-18
6237.8 -2.2996e-17
6239.325 3.8445e-18
6240.85 -3.1282e-18
6242.375 4.3683e-17
6243.9 6.1485e-17
6245.425 6.0141e-18
6246.95 -4.1027e-18
6248.475 3.465e-17
6250.0 9.0149e-17
6251.525 9.147e-17
6253.05 3.5881e-17
6254.575 2.6591e-17
6256.1 7.0507e-17
6257.625 8.5644e-17
6259.15 4.3307e-17
6260.675 2.6315e-17
6262.2 5.9956e-17
6263.725 5.6725e-17
6265.25 6.187e-17
6266.775 3.3815e-17
6268.3 1.8991e-17
6269.825 5.2956e-17
6271.35 5.6887e-17
6272.875 6.441e-17
6274.4 3.7384e-17
6275.925 1.1108e-17
6277.45 5.6312e-17
6278.975 6.4276e-17
6280.5 2.1617e-17
6282.025 1.9368e-17
6283.55 5.6614e-17
6285.075 4.3524e-17
6286.6 2.1472e-17
6288.125 6.3708e-17
6289.65 6.8257e-17
6291.175 3.3509e-17
6292.7 5.3911e-17
6294.225 4.4572e-17
6295.75 2.2991e-17
6297.275 2.6869e-17
6298.8 9.4593e-18
6300.325 8.8302e-17
6301.85 6.8201e-17
6303.375 1.7338e-17
6304.9 1.2851e-17
6306.425 -3.0838e-18
6307.95 3.8158e-17
6309.475 7.438e-17
6311.0 5.8997e-17
6312.525 3.6673e-17
6314.05 5.4193e-18
6315.575 3.5389e-18
6317.1 3.5235e-17
6318.625 2.7163e-17
6320.15 4.2555e-17
6321.675 4.3732e-17
6323.2 5.6735e-17
6324.725 1.0493e-16
6326.25 4.4577e-17
6327.775 2.7668e-17
6329.3 3.9969e-17
6330.825 2.0001e-17
6332.35 4.9418e-17
6333.875 3.9807e-17
6335.4 2.1346e-17
6336.925 6.841e-17
6338.45 1.1439e-16
6339.975 9.0639e-17
6341.5 4.7681e-17
6343.025 5.1089e-17
6344.55 8.7309e-17
6346.075 8.2844e-17
6347.6 3.6396e-17
6349.125 4.8201e-17
6350.65 3.398e-17
6352.175 8.6035e-18
6353.7 3.2567e-17
6355.225 8.2022e-17
6356.75 1.0573e-16
6358.275 8.1746e-17
6359.8 5.34e-17
6361.325 4.3242e-17
6362.85 2.3186e-17
6364.375 -2.0805e-17
6365.9 -2.2757e-18
6367.425 7.7212e-17
6368.95 1.0188e-16
6370.475 5.7769e-17
6372.0 3.2122e-17
6373.525 8.13e-17
6375.05 5.7672e-17
6376.575 1.1865e-17
6378.1 5.1227e-18
6379.625 2.1544e-17
6381.15 3.7143e-17
6382.675 3.0063e-17
6384.2 3.1099e-17
6385.725 2.5291e-17
6387.25 1.3584e-17
6388.775 3.4085e-17
6390.3 3.4231e-17
6391.825 7.1324e-17
6393.35 9.0917e-17
6394.875 5.5851e-17
6396.4 3.2958e-17
6397.925 3.4705e-17
6399.45 5.2614e-17
6400.975 5.6815e-17
6402.5 1.837e-17
6404.025 2.8764e-17
6405.55 4.2512e-17
6407.075 4.0177e-17
6408.6 3.0525e-17
6410.125 -3.4925e-18
6411.65 5.7503e-18
6413.175 4.1613e-17
6414.7 3.971e-17
6416.225 4.053e-17
6417.75 2.5407e-17
6419.275 2.7812e-17
6420.8 5.5702e-17
6422.325 7.3675e-17
6423.85 4.1551e-17
6425.375 7.2089e-17
6426.9 7.3643e-17
6428.425 6.9208e-17
6429.95 5.4875e-17
6431.475 4.0536e-17
6433.0 3.1091e-17
6434.525 2.6386e-17
6436.05 4.3108e-17
6437.575 5.0189e-17
6439.1 8.135e-17
6440.625 1.1452e-16
6442.15 1.0151e-16
6443.675 2.6024e-17
6445.2 8.5868e-18
6446.725 -5.2898e-18
6448.25 -4.5496e-17
6449.775 1.0615e-17
6451.3 5.3429e-17
6452.825 2.3672e-18
6454.35 2.9299e-17
6455.875 3.9506e-17
6457.4 1.001e-17
6458.925 4.413e-17
6460.45 6.7107e-17
6461.975 6.936e-17
6463.5 5.8215e-17
6465.025 2.7345e-18
6466.55 -2.2019e-18
6468.075 1.5452e-17
6469.6 3.1999e-17
6471.125 4.2717e-17
6472.65 3.74e-17
6474.175 5.1377e-17
6475.7 7.0174e-17
6477.225 5.6289e-17
6478.75 3.1608e-17
6480.275 4.5277e-17
6481.8 9.7489e-17
6483.325 7.777e-17
6484.85 5.1217e-17
6486.375 4.151e-17
6487.9 8.8185e-18
6489.425 1.2101e-18
6490.95 -4.2903e-18
6492.475 -2.3486e-17
6494.0 -5.3686e-17
6495.525 -4.8439e-17
6497.05 1.3573e-17
6498.575 6.1269e-17
6500.1 5.8828e-17
6501.625 2.0203e-17
6503.15 1.006e-17
6504.675 1.4023e-18
6506.2 1.6056e-18
6507.725 1.36e-17
6509.25 2.1933e-17
6510.775 3.2573e-17
6512.3 2.5698e-17
6513.825 1.7268e-17
6515.35 2.7703e-17
6516.875 6.2592e-17
6518.4 7.7973e-17
6519.925 4.1179e-17
6521.45 7.3634e-17
6522.975 1.0183e-16
6524.5 7.345e-17
6526.025 6.528e-17
6527.55 7.3268e-17
6529.075 9.17e-17
6530.6 5.532e-17
6532.125 6.3669e-17
6533.65 8.2085e-17
6535.175 6.0501e-17
6536.7 4.3057e-17
6538.225 5.9475e-17
6539.75 7.2173e-17
6541.275 4.2231e-17
6542.8 4.1693e-17
6544.325 4.4604e-17
6545.85 4.1257e-17
6547.375 4.0996e-17
6548.9 5.8853e-17
6550.425 6.0028e-17
6551.95 3.5108e-17
6553.475 5.0332e-17
6555.0 3.6989e-17
6556.525 -9.1404e-19
6558.05 2.2303e-17
6559.575 3.9915e-17
6561.1 6.3086e-18
6562.625 -1.7552e-17
6564.15 3.3386e-17
6565.675 5.411e-17
6567.2 3.3169e-17
6568.725 5.5282e-17
6570.25 4.6652e-17
6571.775 4.0874e-17
6573.3 5.817e-17
6574.825 1.4467e-17
6576.35 -7.446e-18
6577.875 5.6942e-17
6579.4 8.3149e-17
6580.925 4.3082e-17
6582.45 2.5237e-17
6583.975 3.3245e-18
6585.5 -6.1768e-19
6587.025 1.001e-17
6588.55 -9.844e-19
6590.075 2.9812e-17
6591.6 7.7816e-17
6593.125 8.2443e-17
6594.65 4.5365e-17
6596.175 -2.3607e-18
6597.7 -2.103e-17
6599.225 8.4788e-18
6600.75 5.142e-17
6602.275 4.8811e-17
6603.8 3.3007e-18
6605.325 1.3882e-18
6606.85 4.983e-17
6608.375 8.4237e-17
6609.9 7.2013e-17
6611.425 1.8727e-17
6612.95 -6.4624e-19
6614.475 3.8597e-17
6616.0 4.7069e-17
6617.525 3.0747e-17
6619.05 3.9277e-17
6620.575 2.3501e-17
6622.1 3.7654e-17
6623.625 4.2703e-17
6625.15 3.2086e-17
6626.675 5.0064e-17
6628.2 5.9078e-17
6629.725 6.2551e-17
6631.25 6.3073e-17
6632.775 7.8531e-18
6634.3 -2.4065e-17
6635.825 6.781e-18
6637.35 3.5136e-17
6638.875 3.139e-17
6640.4 5.5127e-17
6641.925 5.3546e-17
6643.45 2.9327e-17
6644.975 4.825e-17
6646.5 6.4846e-17
6648.025 4.9296e-17
6649.55 1.4598e-17
6651.075 2.3378e-17
6652.6 2.6945e-17
6654.125 3.3444e-17
6655.65 3.1286e-17
6657.175 1.4242e-17
6658.7 1.6123e-17
6660.225 2.8876e-17
6661.75 1.9787e-17
6663.275 2.3296e-17
6664.8 1.6862e-17
6666.325 9.676e-18
6667.85 3.8e-17
6669.375 4.7324e-17
6670.9 3.064e-17
6672.425 2.4916e-17
6673.95 4.9918e-17
6675.475 7.0752e-17
6677.0 8.3579e-17
6678.525 6.5091e-17
6680.05 3.4031e-17
6681.575 3.5391e-17
6683.1 3.3429e-17
6684.625 1.02e-17
6686.15 4.2143e-17
6687.675 7.9981e-17
6689.2 6.194e-17
6690.725 5.0408e-17
6692.25 5.6058e-17
6693.775 3.1839e-17
6695.3 5.457e-17
6696.825 6.1065e-17
6698.35 4.9341e-17
6699.875 3.7785e-17
6701.4 4.5309e-17
6702.925 6.8788e-17
6704.45 7.0849e-17
6705.975 2.1205e-17
6707.5 -1.1758e-17
6709.025 3.7345e-17
6710.55 6.2258e-17
6712.075 7.0251e-17
6713.6 5.3378e-17
6715.125 6.0355e-17
6716.65 7.9109e-17
6718.175 7.4626e-17
6719.7 6.6556e-17
6721.225 2.5911e-17
6722.75 3.1114e-17
6724.275 4.3914e-17
6725.8 3.2847e-17
6727.325 2.9344e-17
6728.85 3.5237e-17
6730.375 5.4209e-17
6731.9 6.9288e-17
6733.425 5.9023e-17
6734.95 4.0825e-17
6736.475 4.7116e-17
6738.0 7.4579e-17
6739.525 6.8023e-17
6741.05 3.6662e-17
6742.575 4.9756e-17
6744.1 7.6421e-17
6745.625 6.5655e-17
6747.15 3.9304e-17
6748.675 1.8704e-17
6750.2 4.8557e-17
6751.725 7.7639e-17
6753.25 7.5814e-17
6754.775 6.9526e-17
6756.3 6.4133e-17
6757.825 5.5045e-17
6759.35 3.8163e-17
6760.875 7.1401e-17
6762.4 9.5587e-17
6763.925 9.2692e-17
6765.45 6.6359e-17
6766.975 4.8193e-17
6768.5 5.0386e-17
6770.025 6.2177e-17
6771.55 5.3349e-17
6773.075 4.024e-17
6774.6 3.551e-17
6776.125 3.8951e-17
6777.65 4.0264e-17
6779.175 4.1096e-17
6780.7 6.5317e-17
6782.225 8.2846e-17
6783.75 6.8122e-17
6785.275 6.5519e-17
6786.8 6.6583e-17
6788.325 5.7153e-17
6789.85 4.1431e-17
6791.375 2.9452e-17
6792.9 6.298e-17
6794.425 6.8697e-17
6795.95 4.0908e-17
6797.475 5.1116e-17
6799.0 4.5237e-17
6800.525 2.6179e-17
6802.05 2.7337e-17
6803.575 3.3255e-17
6805.1 3.0575e-17
6806.625 3.6863e-17
6808.15 4.9188e-17
6809.675 2.534e-17
6811.2 1.7112e-17
6812.725 5.4513e-17
6814.25 6.6727e-17
6815.775 6.485e-17
6817.3 6.6939e-17
6818.825 6.6228e-17
6820.35 6.3472e-17
6821.875 7.1137e-17
6823.4 6.7467e-17
6824.925 3.7405e-17
6826.45 3.8844e-17
6827.975 7.1899e-17
6829.5 5.8136e-17
6831.025 3.9612e-17
6832.55 6.0682e-17
6834.075 9.8139e-17
6835.6 9.7037e-17
6837.125 8.6361e-17
6838.65 9.7675e-17
6840.175 7.2622e-17
6841.7 4.7841e-17
6843.225 4.0001e-17
6844.75 3.3156e-17
6846.275 4.8002e-17
6847.8 7.2192e-17
6849.325 7.4514e-17
6850.85 5.7612e-17
6852.375 5.7955e-17
6853.9 7.6523e-17
6855.425 8.1576e-17
6856.95 7.0327e-17
6858.475 4.2152e-17
6860.0 1.6662e-17
6861.525 3.1786e-17
6863.05 8.3733e-17
6864.575 1.172e-16
6866.1 1.5363e-16
6867.625 1.851e-16
6869.15 1.6222e-16
6870.675 9.774e-17
6872.2 7.1646e-17
6873.725 5.0648e-17
6875.25 1.5741e-17
6876.775 1.7393e-17
6878.3 4.1906e-17
6879.825 5.1669e-17
6881.35 5.0222e-17
6882.875 6.141e-17
6884.4 5.1611e-17
6885.925 4.5121e-17
6887.45 7.1633e-17
6888.975 8.2079e-17
6890.5 7.4655e-17
6892.025 5.9933e-17
6893.55 5.2068e-17
6895.075 6.587e-17
6896.6 5.0874e-17
6898.125 2.917e-17
6899.65 4.8268e-17
6901.175 4.8744e-17
6902.7 5.5563e-17
6904.225 6.5587e-17
6905.75 5.7904e-17
6907.275 2.9518e-17
6908.8 2.6603e-17
6910.325 3.3906e-17
6911.85 4.5072e-18
6913.375 -5.44e-18
6914.9 3.6451e-17
6916.425 6.2026e-17
6917.95 6.907e-17
6919.475 1.1104e-16
6921.0 1.3943e-16
6922.525 9.8558e-17
6924.05 6.2197e-17
6925.575 5.6131e-17
6927.1 5.5446e-17
6928.625 5.7913e-17
6930.15 4.7218e-17
6931.675 5.8898e-17
6933.2 4.8626e-17
6934.725 3.5755e-17
6936.25 8.8052e-17
6937.775 1.0618e-16
6939.3 6.3501e-17
6940.825 5.2126e-17
6942.35 5.9137e-17
6943.875 4.5414e-17
6945.4 2.1159e-18
6946.925 -1.0971e-17
6948.45 2.8848e-17
6949.975 6.2065e-17
6951.5 4.6916e-17
6953.025 3.9145e-17
6954.55 6.9922e-17
6956.075 6.5932e-17
6957.6 3.2547e-17
6959.125 4.0917e-17
6960.65 5.9496e-17
6962.175 4.9475e-17
6963.7 6.2884e-17
6965.225 6.2208e-17
6966.75 4.8423e-17
6968.275 3.6337e-17
6969.8 3.1775e-17
6971.325 5.6681e-17
6972.85 7.1862e-17
6974.375 7.2079e-17
6975.9 5.1962e-17
6977.425 5.4322e-17
6978.95 9.6495e-17
6980.475 6.736e-17
6982.0 3.3954e-17
6983.525 4.4851e-17
6985.05 3.5647e-17
6986.575 2.0409e-17
6988.1 4.7861e-17
6989.625 6.6345e-17
6991.15 5.0821e-17
6992.675 4.5227e-17
6994.2 4.8755e-17
6995.725 4.3911e-17
6997.25 3.1187e-17
6998.775 1.4115e-17
7000.3 1.1077e-17
7001.825 4.8292e-17
7003.35 3.3848e-17
7004.875 3.2606e-17
7006.4 5.1741e-17
7007.925 5.9491e-17
7009.45 8.7146e-17
7010.975 6.5951e-17
7012.5 3.6457e-17
7014.025 3.9839e-17
7015.55 4.2555e-17
7017.075 2.6841e-17
7018.6 1.4399e-17
7020.125 1.6312e-17
7021.65 2.6113e-17
7023.175 2.898e-17
7024.7 4.015e-17
7026.225 8.3184e-17
7027.75 1.0601e-16
7029.275 9.016e-17
7030.8 7.5066e-17
7032.325 7.2334e-17
7033.85 6.288e-17
7035.375 5.6875e-17
7036.9 6.9069e-17
7038.425 6.8558e-17
7039.95 6.9205e-17
7041.475 7.3109e-17
7043.0 7.7122e-17
7044.525 9.1928e-17
7046.05 7.7214e-17
7047.575 6.9811e-17
7049.1 7.0337e-17
7050.625 3.9451e-17
7052.15 3.4328e-17
7053.675 4.4399e-17
7055.2 5.2066e-17
7056.725 6.3671e-17
7058.25 5.1448e-17
7059.775 4.2472e-17
7061.3 5.0786e-17
7062.825 6.2707e-17
7064.35 5.2922e-17
7065.875 5.5615e-17
7067.4 5.361e-17
7068.925 3.4517e-17
7070.45 4.5834e-17
7071.975 5.9316e-17
7073.5 5.5229e-17
7075.025 6.3021e-17
7076.55 8.2243e-17
7078.075 5.6642e-17
7079.6 3.5665e-17
7081.125 4.9567e-17
7082.65 4.1439e-17
7084.175 3.534e-17
7085.7 5.6118e-17
7087.225 6.2774e-17
7088.75 6.5174e-17
7090.275 5.2196e-17
7091.8 4.7583e-17
7093.325 6.4449e-17
7094.85 4.0864e-17
7096.375 5.1986e-17
7097.9 6.8269e-17
7099.425 3.7747e-17
7100.95 4.5885e-17
7102.475 3.2552e-17
7104.0 1.7165e-17
7105.525 5.6334e-17
7107.05 6.5843e-17
7108.575 6.6569e-17
7110.1 8.1944e-17
7111.625 8.8446e-17
7113.15 7.0309e-17
7114.675 3.7072e-17
7116.2 2.6376e-17
7117.725 3.184e-17
7119.25 4.947e-17
7120.775 2.0332e-17
7122.3 2.455e-18
7123.825 4.0012e-17
7125.35 5.674e-17
7126.875 4.6163e-17
7128.4 4.8821e-17
7129.925 3.8942e-17
7131.45 2.8303e-17
7132.975 1.5787e-17
7134.5 4.7696e-17
7136.025 3.4486e-17
7137.55 2.7181e-17
7139.075 6.2058e-17
7140.6 6.3784e-17
7142.125 6.0663e-17
7143.65 7.154e-17
7145.175 5.8397e-17
7146.7 5.5869e-17
7148.225 3.7903e-17
7149.75 3.7857e-17
7151.275 4.4228e-17
7152.8 5.4775e-17
7154.325 5.3107e-17
7155.85 3.7336e-17
7157.375 5.3181e-17
7158.9 7.5734e-17
7160.425 4.6228e-17
7161.95 2.0474e-17
7163.475 1.3666e-17
7165.0 4.3468e-17
7166.525 3.7736e-17
7168.05 2.8649e-17
7169.575 2.9599e-17
7171.1 1.9955e-17
7172.625 4.0835e-17
7174.15 5.9548e-17
7175.675 5.8e-17
7177.2 4.0984e-17
7178.725 2.8498e-17
7180.25 1.5227e-17
7181.775 3.0206e-17
7183.3 3.6634e-17
7184.825 2.5473e-17
7186.35 3.9691e-17
7187.875 5.3168e-17
7189.4 3.9922e-17
7190.925 5.5585e-17
7192.45 6.8433e-17
7193.975 3.7594e-17
7195.5 3.4904e-17
7197.025 4.2742e-17
7198.55 1.7625e-17
7200.075 -7.1101e-18
7201.6 1.5789e-17
7203.125 2.8052e-17
7204.65 1.6289e-17
7206.175 3.3289e-17
7207.7 4.0527e-17
7209.225 5.5853e-17
7210.75 7.5426e-17
7212.275 7.0372e-17
7213.8 4.7733e-17
7215.325 2.2659e-17
7216.85 3.391e-17
7218.375 4.4874e-17
7219.9 2.4363e-17
7221.425 3.3301e-17
7222.95 7.8863e-17
7224.475 8.1718e-17
7226.0 6.5113e-17
7227.525 5.611e-17
7229.05 4.1579e-17
7230.575 3.4064e-17
7232.1 5.0176e-17
7233.625 4.4185e-17
7235.15 2.7745e-17
7236.675 4.2309e-17
7238.2 6.8931e-17
7239.725 1.0445e-16
7241.25 1.116e-16
7242.775 8.8868e-17
7244.3 3.4865e-17
7245.825 5.9813e-17
7247.35 7.1755e-17
7248.875 3.6933e-17
7250.4 4.3297e-17
7251.925 5.5998e-17
7253.45 5.7789e-17
7254.975 5.8085e-17
7256.5 2.4661e-17
7258.025 1.2729e-17
7259.55 2.3806e-17
7261.075 4.7387e-17
7262.6 4.8356e-17
7264.125 1.2022e-17
7265.65 1.7346e-17
7267.175 4.0292e-17
7268.7 5.3156e-17
7270.225 5.5381e-17
7271.75 2.1847e-18
7273.275 -1.6965e-17
7274.8 -6.1683e-18
7276.325 7.3598e-17
7277.85 9.8403e-17
7279.375 1.0357e-16
7280.9 9.7368e-17
7282.425 6.4528e-17
7283.95 4.5604e-17
7285.475 1.389e-17
7287.0 8.8842e-18
7288.525 4.5103e-17
7290.05 4.6654e-17
7291.575 2.3652e-17
7293.1 2.873e-17
7294.625 3.5722e-17
7296.15 2.4292e-17
7297.675 4.9844e-17
7299.2 5.859e-17
7300.725 4.5035e-17
7302.25 2.9245e-17
7303.775 2.7879e-17
7305.3 4.5844e-17
7306.825 3.1177e-17
7308.35 1.6734e-17
7309.875 2.4261e-17
7311.4 2.4341e-17
7312.925 4.249e-17
7314.45 8.242e-17
7315.975 4.9801e-17
7317.5 3.5994e-17
7319.025 2.3051e-17
7320.55 2.7858e-17
7322.075 3.4447e-17
7323.6 4.6153e-17
7325.125 6.6546e-17
7326.65 4.2698e-17
7328.175 3.7098e-17
7329.7 4.6604e-17
7331.225 2.651e-17
7332.75 2.3279e-17
7334.275 3.7872e-17
7335.8 5.2839e-17
7337.325 2.2303e-17
7338.85 7.3623e-18
7340.375 3.8999e-17
7341.9 3.1469e-17
7343.425 1.6102e-17
7344.95 1.843e-17
7346.475 2.7665e-17
7348.0 3.6768e-17
7349.525 3.5008e-17
7351.05 1.6465e-17
7352.575 1.1279e-17
7354.1 3.5886e-17
7355.625 5.8005e-17
7357.15 4.3689e-17
7358.675 2.5608e-17
7360.2 3.2218e-17
7361.725 2.9174e-17
7363.25 3.7843e-17
7364.775 5.3924e-17
7366.3 4.649e-17
7367.825 3.4982e-17
7369.35 3.1839e-17
7370.875 4.5714e-17
7372.4 4.6887e-17
7373.925 2.0608e-17
7375.45 2.4475e-17
7376.975 4.5106e-17
7378.5 4.4956e-17
7380.025 5.3471e-17
7381.55 5.4854e-17
7383.075 2.3599e-17
7384.6 1.3294e-17
7386.125 2.8484e-17
7387.65 2.106e-17
7389.175 2.7782e-17
7390.7 2.457e-17
7392.225 1.9757e-17
7393.75 3.1815e-17
7395.275 3.8454e-17
7396.8 3.5202e-17
7398.325 3.734e-17
7399.85 2.0431e-17
7401.375 1.7443e-17
7402.9 4.2406e-17
7404.425 1.3138e-17
7405.95 5.6352e-18
7407.475 1.607e-17
7409.0 1.7563e-17
7410.525 1.1657e-17
7412.05 3.414e-17
7413.575 6.0891e-17
7415.1 4.7484e-17
7416.625 6.2711e-17
7418.15 6.8633e-17
7419.675 3.4028e-17
7421.2 8.9249e-18
7422.725 6.1904e-17
7424.25 8.319e-17
7425.775 2.3522e-17
7427.3 -3.6759e-18
7428.825 2.191e-17
7430.35 3.3821e-17
7431.875 2.3593e-17
7433.4 2.6815e-17
7434.925 2.5217e-17
7436.45 3.7427e-17
7437.975 4.4545e-17
7439.5 3.1359e-17
7441.025 2.788e-17
7442.55 2.0991e-17
7444.075 4.7877e-17
7445.6 5.9422e-17
7447.125 4.1671e-17
7448.65 1.6333e-17
7450.175 7.8546e-18
7451.7 3.1559e-17
7453.225 6.8044e-17
7454.75 6.0591e-17
7456.275 5.8156e-17
7457.8 4.9861e-17
7459.325 4.6045e-17
7460.85 3.7214e-17
7462.375 2.425e-17
7463.9 2.19e-17
7465.425 3.9271e-17
7466.95 2.8167e-17
7468.475 3.363e-17
7470.0 5.5765e-17
7471.525 6.2755e-17
7473.05 3.0406e-17
7474.575 1.7484e-17
7476.1 4.6835e-17
7477.625 5.889e-17
7479.15 4.6235e-17
7480.675 3.4998e-17
7482.2 3.4551e-17
7483.725 4.2456e-17
7485.25 5.0892e-17
7486.775 3.2883e-17
7488.3 1.7383e-17
7489.825 4.9864e-17
7491.35 7.2075e-17
7492.875 4.3824e-17
7494.4 1.7942e-17
7495.925 3.2582e-17
7497.45 4.3658e-17
7498.975 3.7601e-17
7500.5 4.7835e-17
7502.025 5.7205e-17
7503.55 5.4282e-17
7505.075 4.6188e-17
7506.6 2.7703e-17
7508.125 2.9744e-17
7509.65 5.6825e-17
7511.175 5.4149e-17
7512.7 4.3208e-17
7514.225 3.4058e-17
7515.75 1.7631e-17
7517.275 2.3307e-17
7518.8 2.668e-17
7520.325 6.2305e-17
7521.85 9.3865e-17
7523.375 5.4327e-17
7524.9 2.7032e-17
7526.425 3.485e-17
7527.95 3e-17
7529.475 6.233e-17
7531.0 7.8681e-17
7532.525 4.781e-17
7534.05 3.8276e-17
7535.575 2.543e-17
7537.1 3.1585e-17
7538.625 3.4833e-17
7540.15 3.4985e-17
7541.675 4.6863e-17
7543.2 4.9701e-17
7544.725 4.2016e-17
7546.25 4.2821e-17
7547.775 3.525e-17
7549.3 5.0647e-17
7550.825 3.8041e-17
7552.35 4.902e-18
7553.875 1.5614e-17
7555.4 3.8861e-17
7556.925 2.1224e-17
7558.45 4.6499e-17
7559.975 6.0908e-17
7561.5 4.662e-17
7563.025 2.7654e-17
7564.55 2.7835e-17
7566.075 3.7572e-17
7567.6 7.7094e-18
7569.125 -1.0439e-17
7570.65 8.0297e-18
7572.175 8.5575e-18
7573.7 3.8194e-17
7575.225 7.3341e-17
7576.75 5.7878e-17
7578.275 4.7532e-17
7579.8 4.2015e-17
7581.325 4.178e-17
7582.85 5.4239e-17
7584.375 5.7363e-17
7585.9 5.7159e-17
7587.425 4.702e-17
7588.95 4.372e-17
7590.475 3.4956e-17
7592.0 3.8175e-17
7593.525 2.2826e-17
7595.05 2.9041e-17
7596.575 4.3503e-17
7598.1 2.0178e-17
7599.625 4.2571e-18
7601.15 2.1631e-17
7602.675 2.1764e-17
7604.2 1.0285e-17
7605.725 2.1461e-17
7607.25 2.1619e-17
7608.775 6.958e-18
7610.3 1.269e-17
7611.825 3.0145e-17
7613.35 2.9482e-17
7614.875 2.5972e-17
7616.4 2.32e-17
7617.925 2.0472e-17
7619.45 1.4937e-17
7620.975 3.3499e-18
7622.5 7.033e-18
7624.025 5.9225e-18
7625.55 1.5742e-19
7627.075 7.8894e-18
7628.6 -9.6731e-18
7630.125 -6.9801e-18
7631.65 3.3355e-17
7633.175 4.093e-17
7634.7 2.2485e-17
7636.225 9.5082e-18
7637.75 8.7014e-18
7639.275 7.0555e-18
7640.8 1.5647e-17
7642.325 4.0483e-17
7643.85 5.5985e-17
7645.375 5.2078e-17
7646.9 3.8085e-17
7648.425 3.8808e-17
7649.95 1.8406e-17
7651.475 -9.6677e-18
7653.0 -1.4035e-18
7654.525 2.2239e-17
7656.05 3.2935e-17
7657.575 4.4254e-17
7659.1 8.2246e-17
7660.625 6.3292e-17
7662.15 5.1534e-17
7663.675 2.41e-17
7665.2 7.9589e-18
7666.725 4.3475e-17
7668.25 5.7287e-17
7669.775 4.2475e-17
7671.3 1.6699e-17
7672.825 3.7169e-18
7674.35 1.7527e-17
7675.875 1.5859e-17
7677.4 4.6773e-17
7678.925 5.0379e-17
7680.45 5.2781e-17
7681.975 6.2366e-17
7683.5 3.9316e-17
7685.025 3.326e-17
7686.55 5.1688e-17
7688.075 6.0575e-17
7689.6 2.9871e-17
7691.125 3.128e-17
7692.65 5.8469e-17
7694.175 6.5073e-17
7695.7 6.9917e-17
7697.225 5.24e-17
7698.75 7.0152e-17
7700.275 6.2424e-17
7701.8 9.3821e-18
7703.325 -2.0398e-17
7704.85 -1.1617e-17
7706.375 1.5583e-17
7707.9 2.5064e-17
7709.425 2.9836e-17
7710.95 5.818e-17
7712.475 4.2754e-17
7714.0 4.3567e-17
7715.525 2.6299e-17
7717.05 1.0788e-17
7718.575 3.6542e-17
7720.1 2.2843e-17
7721.625 8.6778e-18
7723.15 -5.6565e-18
7724.675 8.098e-18
7726.2 5.0847e-17
7727.725 4.7578e-17
7729.25 2.1223e-17
7730.775 3.1172e-17
7732.3 3.9802e-17
7733.825 5.2883e-17
7735.35 5.6031e-17
7736.875 4.4999e-17
7738.4 5.386e-17
7739.925 4.6631e-17
7741.45 5.4301e-17
7742.975 6.1519e-17
7744.5 3.007e-17
7746.025 -6.1043e-18
7747.55 5.5575e-18
7749.075 1.1787e-17
7750.6 -4.4741e-18
7752.125 3.4841e-17
7753.65 5.9673e-17
7755.175 5.1713e-17
7756.7 1.9314e-17
7758.225 -1.8221e-17
7759.75 -5.1456e-18
7761.275 2.2979e-17
7762.8 2.2727e-17
7764.325 1.8377e-18
7765.85 4.5529e-18
7767.375 1.9813e-17
7768.9 4.3876e-17
7770.425 5.9615e-17
7771.95 1.8884e-17
7773.475 -1.0807e-17
7775.0 1.4023e-17
7776.525 3.878e-17
7778.05 4.6824e-17
7779.575 2.7349e-17
7781.1 2.5538e-17
7782.625 4.3785e-17
7784.15 4.6231e-17
7785.675 4.3595e-17
7787.2 5.8891e-17
7788.725 6.4713e-17
7790.25 7.7469e-17
7791.775 8.6596e-17
7793.3 1.1307e-16
7794.825 1.0206e-16
7796.35 5.4636e-17
7797.875 4.0159e-17
7799.4 3.5819e-17
7800.925 2.4704e-18
7802.45 1.5364e-17
7803.975 6.8422e-17
7805.5 6.3154e-17
7807.025 4.0078e-17
7808.55 6.8087e-17
7810.075 4.7348e-17
7811.6 -2.4001e-17
7813.125 2.708e-18
7814.65 3.697e-17
7816.175 5.0716e-17
7817.7 5.3805e-17
7819.225 5.2218e-17
7820.75 6.3088e-17
7822.275 -7.2817e-18
7823.8 1.6343e-17
7825.325 3.1937e-17
7826.85 1.6874e-17
7828.375 2.4951e-17
7829.9 3.5684e-17
7831.425 6.1228e-17
7832.95 2.6007e-17
7834.475 -6.6827e-19
7836.0 3.0065e-17
7837.525 2.0932e-17
7839.05 8.1956e-18
7840.575 1.2107e-17
7842.1 5.108e-17
7843.625 5.0082e-17
7845.15 3.7362e-17
7846.675 6.9898e-17
7848.2 1.058e-16
7849.725 8.5856e-17
7851.25 2.5752e-17
7852.775 2.7779e-17
7854.3 6.4216e-17
7855.825 5.9508e-17
7857.35 4.9059e-17
7858.875 6.6518e-17
7860.4 5.7878e-17
7861.925 -6.6743e-19
7863.45 -7.1453e-18
7864.975 2.1312e-17
7866.5 3.9328e-17
7868.025 6.7723e-17
7869.55 3.7677e-17
7871.075 4.963e-18
7872.6 8.2337e-18
7874.125 -3.3804e-18
7875.65 8.0147e-18
7877.175 1.3316e-17
7878.7 2.4386e-17
7880.225 2.3307e-17
7881.75 8.9844e-19
7883.275 -1.007e-17
7884.8 2.5287e-17
7886.325 8.0482e-17
7887.85 5.6346e-17
7889.375 1.9445e-17
7890.9 3.3123e-18
7892.425 1.5308e-17
7893.95 2.771e-17
7895.475 2.127e-17
7897.0 4.5174e-17
7898.525 5.543e-17
7900.05 2.5336e-17
7901.575 9.6533e-18
7903.1 1.7544e-17
7904.625 2.533e-17
7906.15 3.7114e-17
7907.675 2.3372e-17
7909.2 1.3924e-17
7910.725 3.9927e-17
7912.25 6.7531e-17
7913.775 -1.092e-17
7915.3 -3.1506e-17
7916.825 2.0991e-17
7918.35 3.2669e-18
7919.875 -3.6947e-18
7921.4 5.1029e-18
7922.925 3.3428e-17
7924.45 1.8512e-17
7925.975 2.3622e-17
7927.5 2.7125e-17
7929.025 2.5857e-18
7930.55 -9.8641e-18
7932.075 -5.9688e-18
7933.6 3.4312e-17
7935.125 4.6681e-17
7936.65 3.5829e-17
7938.175 5.4603e-17
7939.7 2.2841e-17
7941.225 -3.495e-17
7942.75 1.3436e-17
7944.275 6.2451e-17
7945.8 4.62e-17
7947.325 1.482e-17
7948.85 -4.923e-18
7950.375 7.3314e-18
7951.9 2.7726e-17
7953.425 4.4956e-17
7954.95 6.1257e-17
7956.475 3.6256e-17
7958.0 -5.5606e-18
7959.525 -1.2422e-17
7961.05 -1.0796e-17
7962.575 -1.4163e-17
7964.1 -1.2519e-17
7965.625 2.2904e-17
7967.15 6.2246e-17
7968.675 5.0748e-17
7970.2 3.3148e-17
7971.725 2.0452e-17
7973.25 3.5238e-17
7974.775 4.5063e-17
7976.3 2.3078e-17
7977.825 2.7464e-17
7979.35 1.7279e-17
7980.875 9.2163e-18
7982.4 3.6597e-17
7983.925 4.3979e-17
7985.45 5.4224e-17
7986.975 7.635e-17
7988.5 4.4333e-17
7990.025 8.8916e-18
7991.55 -2.822e-17
7993.075 -4.3696e-17
7994.6 4.4715e-18
7996.125 3.6048e-17
7997.65 3.6952e-17
7999.175 3.4696e-17
8000.7 3.8495e-17
8002.225 2.5924e-17
8003.75 2.1064e-17
8005.275 4.3582e-17
8006.8 3.687e-17
8008.325 4.6566e-17
8009.85 8.7958e-17
8011.375 6.5888e-17
8012.9 9.3194e-20
8014.425 5.5416e-18
8015.95 2.5827e-17
8017.475 1.1519e-17
8019.0 2.3574e-17
8020.525 4.8269e-17
8022.05 4.3659e-17
8023.575 5.4532e-17
8025.1 6.4621e-17
8026.625 8.0263e-17
8028.15 6.5731e-17
8029.675 4.208e-17
8031.2 3.5771e-17
8032.725 5.4324e-17
8034.25 4.3929e-17
8035.775 2.3861e-17
8037.3 4.2174e-17
8038.825 3.0124e-17
8040.35 3.3323e-17
8041.875 3.2632e-17
8043.4 2.1425e-17
8044.925 1.716e-17
8046.45 2.0344e-18
8047.975 2.1962e-17
8049.5 4.1669e-18
8051.025 1.9617e-17
8052.55 3.6586e-17
8054.075 1.6795e-17
8055.6 2.3377e-17
8057.125 7.7483e-18
8058.65 2.4933e-17
8060.175 2.4622e-17
8061.7 -5.5322e-18
8063.225 1.3429e-17
8064.75 2.4728e-17
8066.275 2.7679e-17
8067.8 1.6554e-17
8069.325 1.1146e-17
8070.85 3.9048e-17
8072.375 6.604e-17
8073.9 4.9601e-17
8075.425 1.432e-17
8076.95 -1.4303e-18
8078.475 1.6181e-17
8080.0 3.0914e-17
8081.525 2.9701e-17
8083.05 3.6451e-17
8084.575 4.1229e-17
8086.1 2.4738e-17
8087.625 2.5092e-17
8089.15 3.9006e-17
8090.675 1.6674e-17
8092.2 1.857e-17
8093.725 4.0419e-17
8095.25 4.4547e-17
8096.775 3.8531e-17
8098.3 3.3678e-17
8099.825 3.9161e-17
8101.35 4.1894e-17
8102.875 2.8e-17
8104.4 2.2412e-17
8105.925 3.4604e-17
8107.45 3.3363e-17
8108.975 2.9369e-17
8110.5 4.5353e-17
8112.025 5.5532e-17
8113.55 5.5855e-17
8115.075 6.3974e-17
8116.6 6.7192e-17
8118.125 4.9539e-17
8119.65 2.9095e-17
8121.175 2.9097e-17
8122.7 3.2705e-17
8124.225 2.7369e-17
8125.75 3.7304e-17
8127.275 4.541e-17
8128.8 3.2465e-17
8130.325 3.7411e-17
8131.85 3.8919e-17
8133.375 3.0895e-17
8134.9 1.6571e-17
8136.425 2.7931e-18
8137.95 1.1581e-17
8139.475 4.5387e-17
8141.0 4.6334e-17
8142.525 5.65e-17
8144.05 7.6567e-17
8145.575 5.7678e-17
8147.1 4.6742e-17
8148.625 6.2538e-17
8150.15 4.7e-17
8151.675 4.1082e-17
8153.2 5.0465e-17
8154.725 2.8803e-17
8156.25 4.0065e-17
8157.775 5.2733e-17
8159.3 3.0441e-17
8160.825 2.909e-17
8162.35 3.5524e-17
8163.875 3.8766e-17
8165.4 3.9825e-17
8166.925 2.141e-17
8168.45 1.9873e-17
8169.975 2.8967e-17
8171.5 4.4022e-17
8173.025 3.0276e-17
8174.55 4.4754e-17
8176.075 4.5515e-17
8177.6 1.9014e-17
8179.125 -3.1878e-17
8180.65 -1.3515e-19
8182.175 6.8784e-17
8183.7 4.7348e-17
8185.225 2.5345e-17
8186.75 6.9964e-18
8188.275 1.9543e-17
8189.8 3.4915e-17
8191.325 4.4972e-17
8192.85 9.7035e-17
8194.375 5.7371e-17
8195.9 3.3442e-17
8197.425 5.948e-17
8198.95 5.9451e-17
8200.475 5.0318e-17
8202.0 4.7723e-17
8203.525 3.3881e-17
8205.05 2.3702e-17
8206.575 -3.5378e-18
8208.1 1.7811e-17
8209.625 8.3278e-17
8211.15 6.294e-17
8212.675 3.1826e-17
8214.2 5.7138e-17
8215.725 6.411e-17
8217.25 6.0491e-17
8218.775 4.2493e-17
8220.3 3.5277e-17
8221.825 3.757e-17
8223.35 2.4455e-17
8224.875 3.3426e-17
8226.4 2.6166e-17
8227.925 1.3772e-17
8229.45 3.8444e-17
8230.975 5.8238e-17
8232.5 3.0252e-17
8234.025 9.2288e-18
8235.55 4.8378e-17
8237.075 5.1681e-17
8238.6 2.0384e-17
8240.125 2.5301e-17
8241.65 3.1522e-17
8243.175 2.7397e-17
8244.7 4.2602e-17
8246.225 7.1887e-17
8247.75 7.3559e-17
8249.275 2.2594e-17
8250.8 1.7363e-18
8252.325 6.6083e-18
8253.85 1.6101e-17
8255.375 1.9635e-17
8256.9 3.9442e-17
8258.425 4.8286e-17
8259.95 4.0643e-17
8261.475 3.7555e-17
8263.0 5.6439e-17
8264.525 5.6233e-17
8266.05 5.1462e-17
8267.575 4.1477e-17
8269.1 1.5422e-18
8270.625 1.7066e-17
8272.15 4.0557e-17
8273.675 4.5948e-17
8275.2 2.886e-17
8276.725 2.4501e-17
8278.25 -4.2305e-18
8279.775 -2.2993e-17
8281.3 1.6312e-17
8282.825 3.4174e-17
8284.35 6.8929e-17
8285.875 8.4508e-17
8287.4 9.6306e-17
8288.925 3.8349e-17
8290.45 1.8791e-17
8291.975 3.9536e-17
8293.5 3.872e-17
8295.025 5.4843e-17
8296.55 8.6537e-17
8298.075 9.88e-17
8299.6 4.0412e-17
8301.125 9.0855e-18
8302.65 4.2982e-17
8304.175 7.4144e-17
8305.7 2.887e-17
8307.225 -2.8905e-18
8308.75 3.9017e-17
8310.275 7.7184e-17
8311.8 5.6306e-17
8313.325 3.9233e-17
8314.85 3.1585e-17
8316.375 3.034e-17
8317.9 2.6432e-17
8319.425 2.5591e-17
8320.95 3.9716e-17
8322.475 3.9119e-17
8324.0 2.8544e-17
8325.525 3.685e-17
8327.05 3.3305e-17
8328.575 1.8567e-17
8330.1 1.8621e-17
8331.625 3.2327e-17
8333.15 4.7227e-17
8334.675 4.3578e-17
8336.2 2.9087e-17
8337.725 3.1719e-17
8339.25 7.2401e-17
8340.775 6.802e-17
8342.3 9.2942e-18
8343.825 4.3246e-17
8345.35 1.0939e-16
8346.875 8.4942e-17
8348.4 2.3323e-17
8349.925 -9.6417e-18
8351.45 6.8195e-18
8352.975 2.7409e-17
8354.5 5.0663e-17
8356.025 6.0216e-17
8357.55 4.1814e-17
8359.075 2.8423e-17
8360.6 4.634e-17
8362.125 6.6192e-17
8363.65 6.4754e-17
8365.175 5.0839e-17
8366.7 2.1614e-17
8368.225 3.6692e-17
8369.75 1.7564e-17
8371.275 1.0926e-18
8372.8 3.3663e-17
8374.325 6.6759e-17
8375.85 6.8727e-17
8377.375 6.65e-17
8378.9 5.4243e-17
8380.425 4.6758e-17
8381.95 4.3148e-17
8383.475 3.7151e-17
8385.0 2.9663e-17
8386.525 2.9499e-17
8388.05 1.2059e-17
8389.575 1.7725e-17
8391.1 4.632e-17
8392.625 5.9163e-17
8394.15 1.0297e-16
8395.675 5.4496e-17
8397.2 2.2967e-17
8398.725 3.5629e-18
8400.25 -2.5109e-17
8401.775 -1.8716e-17
8403.3 2.443e-17
8404.825 5.1213e-17
8406.35 3.3993e-17
8407.875 2.4404e-17
8409.4 3.8721e-17
8410.925 1.7618e-17
8412.45 2.9062e-17
8413.975 7.981e-17
8415.5 1.0612e-16
8417.025 5.4193e-17
8418.55 2.5574e-17
8420.075 4.8533e-17
8421.6 5.5851e-17
8423.125 5.2999e-17
8424.65 3.4434e-17
8426.175 3.8258e-17
8427.7 6.6192e-17
8429.225 8.3344e-17
8430.75 3.1756e-17
8432.275 -1.0293e-17
8433.8 1.8039e-17
8435.325 1.7043e-17
8436.85 1.9801e-17
8438.375 6.9854e-17
8439.9 7.2684e-17
8441.425 2.9967e-17
8442.95 2.0998e-17
8444.475 4.3982e-17
8446.0 2.7498e-17
8447.525 -1.0901e-17
8449.05 1.6262e-17
8450.575 2.2499e-17
8452.1 1.9258e-18
8453.625 4.2153e-17
8455.15 6.1812e-17
8456.675 2.8298e-17
8458.2 2.4845e-17
8459.725 2.9862e-17
8461.25 8.3903e-18
8462.775 1.5264e-17
8464.3 5.8278e-17
8465.825 8.1781e-17
8467.35 7.664e-17
8468.875 1.7738e-17
8470.4 4.0318e-17
8471.925 4.1008e-17
8473.45 1.5173e-18
8474.975 3.6434e-17
8476.5 4.2403e-17
8478.025 4.3606e-17
8479.55 5.154e-17
8481.075 4.49e-17
8482.6 3.4682e-17
8484.125 3.0606e-17
8485.65 2.7817e-17
8487.175 6.2192e-17
8488.7 4.3201e-17
8490.225 5.4679e-18
8491.75 -1.2488e-17
8493.275 -5.6356e-18
8494.8 1.0527e-17
8496.325 3.7114e-17
8497.85 5.2945e-17
8499.375 1.9595e-17
8500.9 -1.8851e-17
8502.425 -2.5051e-17
8503.95 5.1792e-17
8505.475 8.6152e-17
8507.0 3.0896e-17
8508.525 -1.2634e-18
8510.05 2.7149e-17
8511.575 4.5928e-17
8513.1 3.3203e-17
8514.625 3.6757e-17
8516.15 4.8609e-17
8517.675 1.9357e-17
8519.2 -8.3626e-18
8520.725 6.881e-18
8522.25 2.176e-17
8523.775 4.1732e-17
8525.3 3.8962e-17
8526.825 2.917e-17
8528.35 3.534e-17
8529.875 5.5035e-18
8531.4 -4.9494e-18
8532.925 2.4766e-17
8534.45 4.9923e-17
8535.975 6.6821e-17
8537.5 3.9014e-17
8539.025 1.2754e-17
8540.55 3.7941e-17
8542.075 6.0821e-17
8543.6 4.0872e-17
8545.125 2.2841e-17
8546.65 4.6522e-17
8548.175 6.4754e-17
8549.7 4.2651e-17
8551.225 9.5484e-18
8552.75 1.385e-17
8554.275 2.4328e-17
8555.8 2.4762e-17
8557.325 3.1458e-17
8558.85 2.7303e-17
8560.375 2.2188e-17
8561.9 -2.7073e-18
8563.425 1.3023e-17
8564.95 6.3221e-17
8566.475 4.1647e-17
8568.0 4.8268e-18
8569.525 7.3047e-18
8571.05 5.4254e-17
8572.575 7.6175e-17
8574.1 4.9272e-17
8575.625 2.5442e-17
8577.15 3.9685e-17
8578.675 5.4006e-17
8580.2 5.8014e-17
8581.725 3.7661e-17
8583.25 2.168e-17
8584.775 3.3347e-17
8586.3 9.7982e-18
8587.825 2.5263e-17
8589.35 7.3819e-17
8590.875 3.8068e-17
8592.4 1.2043e-17
8593.925 9.6444e-18
8595.45 4.2876e-17
8596.975 7.0637e-17
8598.5 5.1215e-17
8600.025 4.4204e-17
8601.55 4.9651e-17
8603.075 2.2753e-17
8604.6 3.4064e-17
8606.125 4.741e-17
8607.65 4.8579e-17
8609.175 2.3682e-17
8610.7 1.9256e-17
8612.225 3.6464e-17
8613.75 4.6338e-17
8615.275 2.4258e-17
8616.8 8.7151e-18
8618.325 1.6019e-17
8619.85 2.0455e-17
8621.375 5.7059e-17
8622.9 6.5648e-17
8624.425 6.849e-18
8625.95 5.5642e-18
8627.475 1.0528e-17
8629.0 3.7364e-17
8630.525 3.2856e-17
8632.05 4.5072e-18
8633.575 -3.8899e-17
8635.1 -3.8732e-17
8636.625 2.0229e-17
8638.15 3.6634e-18
8639.675 -3.0696e-17
8641.2 -8.1524e-19
8642.725 1.6443e-17
8644.25 1.6517e-17
8645.775 3.5106e-17
8647.3 6.861e-17
8648.825 8.1063e-17
8650.35 5.1358e-17
8651.875 1.741e-17
8653.4 1.8796e-17
8654.925 3.3917e-17
8656.45 2.8228e-17
8657.975 4.8358e-17
8659.5 4.494e-17
8661.025 7.2116e-18
8662.55 2.0448e-17
8664.075 2.9447e-17
8665.6 1.7787e-17
8667.125 1.282e-17
8668.65 7.1535e-18
8670.175 1.5823e-17
8671.7 3.5454e-17
8673.225 4.8376e-17
8674.75 5.0093e-17
8676.275 4.2651e-17
8677.8 2.9083e-17
8679.325 1.9363e-17
8680.85 9.8544e-18
8682.375 1.9243e-17
8683.9 4.7937e-17
8685.425 5.1437e-17
8686.95 4.8254e-17
8688.475 4.2563e-17
8690.0 1.4369e-17
8691.525 6.1372e-18
8693.05 1.6195e-17
8694.575 1.8515e-17
8696.1 2.9163e-17
8697.625 3.7736e-18
8699.15 -1.8778e-17
8700.675 8.1161e-18
8702.2 3.5865e-17
8703.725 3.5149e-17
8705.25 3.8519e-17
8706.775 2.1778e-17
8708.3 3.8766e-17
8709.825 3.3738e-17
8711.35 3.3591e-17
8712.875 3.6317e-17
8714.4 2.3574e-17
8715.925 3.9816e-17
8717.45 4.9024e-17
8718.975 4.5664e-17
8720.5 2.8269e-17
8722.025 -3.8115e-18
8723.55 1.5372e-17
8725.075 3.946e-17
8726.6 2.9076e-17
8728.125 1.6526e-18
8729.65 1.0899e-17
8731.175 5.4083e-17
8732.7 5.6561e-17
8734.225 3.0153e-17
8735.75 2.7598e-17
8737.275 3.5312e-17
8738.8 4.4302e-17
8740.325 2.6205e-17
8741.85 6.9375e-18
8743.375 1.8627e-17
8744.9 2.4194e-17
8746.425 2.6278e-17
8747.95 5.8182e-18
8749.475 -2.3088e-17
8751.0 1.7156e-17
8752.525 6.1685e-17
8754.05 3.3377e-17
8755.575 1.603e-17
8757.1 1.919e-17
8758.625 3.2703e-17
8760.15 5.9687e-17
8761.675 5.0262e-17
8763.2 4.53e-17
8764.725 1.8908e-17
8766.25 3.4935e-19
8767.775 7.8422e-19
8769.3 3.5679e-17
8770.825 4.9218e-17
8772.35 -2.0406e-17
8773.875 -5.1424e-17
8775.4 -2.8246e-17
8776.925 1.6075e-17
8778.45 4.4591e-18
8779.975 -2.1343e-18
8781.5 2.2073e-17
8783.025 3.123e-17
8784.55 2.9322e-17
8786.075 3.5117e-18
8787.6 1.1763e-17
8789.125 3.1342e-17
8790.65 -8.2922e-18
8792.175 3.42e-17
8793.7 6.7202e-17
8795.225 5.7439e-17
8796.75 3.7404e-17
8798.275 5.5384e-17
8799.8 5.1316e-17
8801.325 3.8797e-17
8802.85 5.546e-17
8804.375 4.0712e-17
8805.9 2.1529e-17
8807.425 8.9701e-18
8808.95 3.5226e-18
8810.475 1.5256e-17
8812.0 2.6936e-17
8813.525 2.4678e-17
8815.05 3.7045e-17
8816.575 3.5315e-17
8818.1 2.4285e-17
8819.625 2.7805e-17
8821.15 3.9267e-17
8822.675 5.4253e-17
8824.2 3.1369e-17
8825.725 1.62e-17
8827.25 3.0438e-17
8828.775 1.1951e-17
8830.3 1.1481e-17
8831.825 4.8255e-17
8833.35 1.9982e-17
8834.875 -1.0532e-17
8836.4 -3.4472e-17
8837.925 -3.0956e-17
8839.45 1.3573e-17
8840.975 3.591e-17
8842.5 4.4341e-17
8844.025 2.5049e-17
8845.55 1.5528e-18
8847.075 -6.8469e-18
8848.6 5.4484e-18
8850.125 4.1889e-17
8851.65 4.7356e-17
8853.175 1.6098e-17
8854.7 1.7714e-17
8856.225 4.7778e-17
8857.75 3.3823e-17
8859.275 1.1414e-17
8860.8 3.2247e-17
8862.325 6.0232e-17
8863.85 2.2016e-17
8865.375 -1.8218e-17
8866.9 1.5645e-17
8868.425 1.9615e-17
8869.95 2.2027e-17
8871.475 3.2341e-17
8873.0 2.2047e-17
8874.525 3.3567e-17
8876.05 4.7669e-17
8877.575 4.4387e-17
8879.1 3.0438e-18
8880.625 4.5473e-17
8882.15 1.3288e-16
8883.675 1.2057e-16
8885.2 1.3183e-17
8886.725 -7.3893e-17
8888.25 -3.848e-17
8889.775 2.0005e-17
8891.3 1.5618e-17
8892.825 6.2658e-18
8894.35 1.838e-17
8895.875 7.1436e-18
8897.4 3.3328e-17
8898.925 5.6835e-17
8900.45 1.2142e-17
8901.975 5.1048e-17
8903.5 4.2118e-17
8905.025 7.1071e-18
8906.55 3.2005e-17
8908.075 4.5365e-17
8909.6 4.7606e-17
8911.125 3.2066e-17
8912.65 5.6893e-17
8914.175 8.7174e-17
8915.7 5.8763e-17
8917.225 6.3518e-17
8918.75 6.4535e-17
8920.275 7.5137e-17
8921.8 4.3753e-17
8923.325 3.4656e-17
8924.85 3.5804e-17
8926.375 3.5227e-17
8927.9 6.3773e-17
8929.425 9.6653e-17
8930.95 8.5565e-17
8932.475 6.1671e-17
8934.0 4.9199e-17
8935.525 2.4199e-17
8937.05 2.4339e-17
8938.575 4.4298e-18
8940.1 -3.8336e-17
8941.625 -1.4906e-17
8943.15 5.6284e-17
8944.675 6.1195e-17
8946.2 2.6802e-17
8947.725 2.8212e-17
8949.25 5.0488e-17
8950.775 6.4272e-17
8952.3 9.2096e-17
8953.825 8.3891e-17
8955.35 3.5109e-17
8956.875 2.5207e-18
8958.4 1.8425e-17
8959.925 5.5313e-17
8961.45 2.5986e-17
8962.975 3.7064e-17
8964.5 7.1727e-17
8966.025 6.3322e-17
8967.55 5.2995e-17
8969.075 4.8274e-17
8970.6 6.6373e-17
8972.125 4.8808e-17
8973.65 1.5477e-17
8975.175 1.2848e-17
8976.7 4.7432e-17
8978.225 7.5779e-17
8979.75 6.1567e-17
8981.275 6.7184e-17
8982.8 5.5727e-17
8984.325 8.2453e-18
8985.85 -7.0658e-18
8987.375 1.7757e-17
8988.9 2.5337e-17
8990.425 3.9984e-17
8991.95 5.4117e-17
8993.475 4.6543e-17
8995.0 3.6602e-17
8996.525 4.9912e-17
8998.05 5.2263e-17
8999.575 2.1378e-17
9001.1 2.1617e-17
9002.625 1.6879e-17
9004.15 3.7842e-17
9005.675 4.8251e-17
9007.2 5.6028e-17
9008.725 4.4489e-17
9010.25 1.8088e-17
9011.775 3.6931e-17
9013.3 5.3395e-17
9014.825 2.1495e-17
9016.35 5.2902e-18
9017.875 8.1918e-18
9019.4 4.8586e-17
9020.925 6.8699e-17
9022.45 4.4808e-17
9023.975 3.927e-17
9025.5 4.1569e-17
9027.025 2.736e-17
9028.55 5.1916e-17
9030.075 6.1846e-17
9031.6 1.5354e-17
9033.125 1.6054e-17
9034.65 3.1223e-17
9036.175 2.4099e-17
9037.7 2.9547e-17
9039.225 3.5228e-17
9040.75 2.6062e-17
9042.275 3.203e-17
9043.8 3.8215e-17
9045.325 1.4062e-17
9046.85 8.2688e-18
9048.375 2.097e-18
9049.9 1.5105e-17
9051.425 4.7002e-17
9052.95 5.5086e-17
9054.475 5.3239e-17
9056.0 4.3062e-17
9057.525 3.8969e-17
9059.05 4.4105e-17
9060.575 3.3689e-17
9062.1 2.7117e-17
9063.625 4.1612e-17
9065.15 4.1074e-17
9066.675 4.6042e-17
9068.2 4.8215e-17
9069.725 6.225e-17
9071.25 8.4094e-17
9072.775 4.4353e-17
9074.3 2.1551e-17
9075.825 4.5937e-17
9077.35 4.8933e-17
9078.875 4.184e-17
9080.4 3.581e-17
9081.925 2.4797e-17
9083.45 1.9399e-17
9084.975 3.0778e-17
9086.5 5.2521e-17
9088.025 4.4848e-17
9089.55 3.3875e-17
9091.075 2.9801e-17
9092.6 2.6263e-17
9094.125 3.1152e-17
9095.65 3.4478e-17
9097.175 4.6611e-17
9098.7 2.8451e-17
9100.225 1.9939e-17
9101.75 1.0124e-17
9103.275 -1.3e-17
9104.8 1.6086e-17
9106.325 5.786e-17
9107.85 6.3995e-17
9109.375 5.7433e-17
9110.9 4.8676e-17
9112.425 4.2988e-17
9113.95 3.4638e-17
9115.475 2.8973e-17
9117.0 3.9707e-17
9118.525 5.412e-17
9120.05 3.2735e-17
9121.575 3.0877e-17
9123.1 4.2567e-17
9124.625 5.1707e-17
9126.15 5.6315e-17
9127.675 4.8568e-17
9129.2 2.6657e-17
9130.725 -2.6293e-18
9132.25 5.0559e-18
9133.775 2.9051e-17
9135.3 3.3835e-17
9136.825 2.4163e-17
9138.35 2.9897e-17
9139.875 2.1798e-17
9141.4 2.3026e-17
9142.925 2.0484e-17
9144.45 1.8833e-17
9145.975 2.8272e-17
9147.5 1.484e-17
9149.025 2.1447e-17
9150.55 4.9358e-17
9152.075 5.4909e-17
9153.6 5.3092e-17
9155.125 6.1417e-17
9156.65 4.397e-17
9158.175 1.5811e-17
9159.7 3.061e-17
9161.225 3.9974e-17
9162.75 1.3748e-17
9164.275 -1.5508e-17
9165.8 -3.0087e-17
9167.325 -1.5351e-17
9168.85 -2.4903e-18
9170.375 1.2332e-18
9171.9 4.2061e-17
9173.425 6.9002e-17
9174.95 5.3143e-17
9176.475 4.0713e-17
9178.0 4.2966e-17
9179.525 4.5473e-17
9181.05 1.8979e-17
9182.575 1.2212e-17
9184.1 5.3251e-17
9185.625 7.2014e-17
9187.15 4.4485e-17
9188.675 9.5976e-18
9190.2 6.0576e-18
9191.725 2.7409e-17
9193.25 5.3513e-17
9194.775 5.5689e-17
9196.3 5.7723e-17
9197.825 2.9124e-17
9199.35 1.4349e-17
9200.875 3.5333e-17
9202.4 3.2095e-17
9203.925 3.285e-17
9205.45 3.8908e-17
9206.975 1.091e-17
9208.5 -2.1828e-17
9210.025 -9.5452e-19
9211.55 2.3494e-17
9213.075 5.1534e-17
9214.6 4.3077e-17
9216.125 3.1369e-17
9217.65 4.4652e-17
9219.175 1.4067e-17
9220.7 2.6252e-17
9222.225 6.2926e-17
9223.75 3.942e-17
9225.275 2.4717e-17
9226.8 4.0942e-17
9228.325 3.3573e-17
9229.85 1.9802e-17
9231.375 5.2635e-17
9232.9 6.451e-17
9234.425 4.6528e-17
9235.95 2.5738e-17
9237.475 4.644e-17
9239.0 4.8466e-17
9240.525 1.5474e-17
9242.05 2.5956e-17
9243.575 4.289e-17
9245.1 4.3069e-17
9246.625 4.9324e-17
9248.15 5.4933e-17
9249.675 2.6667e-17
9251.2 -4.2277e-18
9252.725 2.9653e-17
9254.25 5.9515e-17
9255.775 3.0294e-17
9257.3 2.5087e-17
9258.825 4.4481e-17
9260.35 3.2854e-17
9261.875 -5.8099e-20
9263.4 -3.5062e-19
9264.925 4.0436e-17
9266.45 5.055e-17
9267.975 5.4301e-17
9269.5 7.799e-17
9271.025 6.7978e-17
9272.55 3.8059e-17
9274.075 3.4699e-17
9275.6 3.4651e-17
9277.125 4.1694e-17
9278.65 6.4477e-17
9280.175 6.2348e-17
9281.7 3.7202e-17
9283.225 2.0442e-17
9284.75 4.4476e-17
9286.275 5.9862e-17
9287.8 6.9137e-17
9289.325 3.9463e-17
9290.85 2.9392e-17
9292.375 3.9352e-18
9293.9 2.2445e-17
9295.425 5.7114e-17
9296.95 4.7535e-17
9298.475 1.7804e-17
9300.0 -2.1251e-17
9301.525 -1.9141e-17
9303.05 3.7353e-17
9304.575 5.3928e-17
9306.1 1.062e-16
9307.625 1.083e-16
9309.15 -2.9984e-17
9310.675 -2.6329e-17
9312.2 -2.8961e-17
9313.725 -7.9613e-17
9315.25 -1.0439e-17
9316.775 4.7462e-17
9318.3 4.5651e-17
9319.825 7.1314e-17
9321.35 7.9914e-17
9322.875 6.3711e-17
9324.4 4.5213e-17
9325.925 2.5822e-17
9327.45 -1.3077e-17
9328.975 -2.9336e-17
9330.5 2.5477e-17
9332.025 5.4767e-17
9333.55 5.5951e-17
9335.075 3.0735e-17
9336.6 1.4926e-17
9338.125 1.9914e-17
9339.65 2.1922e-17
9341.175 8.081e-18
9342.7 7.6485e-19
9344.225 3.6709e-18
9345.75 5.7185e-18
9347.275 1.0608e-17
9348.8 2.9221e-17
9350.325 4.4062e-17
9351.85 1.1624e-17
9353.375 2.9354e-18
9354.9 1.4041e-17
9356.425 1.5504e-17
9357.95 1.8307e-17
9359.475 8.993e-18
9361.0 1.4507e-17
9362.525 2.4195e-17
9364.05 2.9635e-17
9365.575 2.018e-17
9367.1 1.3362e-17
9368.625 2.8513e-17
9370.15 6.26e-17
9371.675 9.0025e-17
9373.2 3.4472e-17
9374.725 8.8985e-18
9376.25 5.0453e-17
9377.775 9.0328e-17
9379.3 1.1797e-16
9380.825 3.7758e-17
9382.35 -2.1404e-17
9383.875 -8.1388e-18
9385.4 2.8524e-17
9386.925 4.6398e-17
9388.45 1.2991e-17
9389.975 2.0047e-17
9391.5 2.6935e-17
9393.025 1.5504e-17
9394.55 2.5693e-17
9396.075 3.2627e-18
9397.6 -1.4116e-17
9399.125 2.5029e-17
9400.65 5.6055e-17
9402.175 4.502e-17
9403.7 2.6832e-17
9405.225 3.0891e-17
9406.75 2.7039e-17
9408.275 2.1328e-17
9409.8 2.6092e-17
9411.325 3.656e-17
9412.85 2.2478e-17
9414.375 1.3222e-17
9415.9 4.2225e-17
9417.425 1.0325e-16
9418.95 8.6351e-17
9420.475 6.9523e-17
9422.0 5.6617e-17
9423.525 1.6575e-17
9425.05 -2.1108e-17
9426.575 -1.3316e-17
9428.1 -9.6814e-20
9429.625 1.8123e-17
9431.15 4.1613e-17
9432.675 3.1327e-17
9434.2 4.9336e-18
9435.725 -1.1455e-17
9437.25 1.7892e-17
9438.775 -2.1735e-17
9440.3 4.9809e-17
9441.825 8.5996e-17
9443.35 4.9904e-17
9444.875 2.4035e-17
9446.4 -6.4134e-19
9447.925 6.7105e-18
9449.45 1.7018e-17
9450.975 2.6068e-17
9452.5 1.0476e-17
9454.025 -1.26e-17
9455.55 -2.1135e-17
9457.075 -1.0222e-17
9458.6 4.0592e-17
9460.125 5.5644e-17
9461.65 2.5081e-17
9463.175 1.2659e-17
9464.7 1.856e-17
9466.225 2.1246e-17
9467.75 1.4242e-17
9469.275 1.1925e-17
9470.8 3.3389e-17
9472.325 2.5258e-17
9473.85 1.8352e-17
9475.375 6.1328e-17
9476.9 7.1224e-17
9478.425 1.2164e-16
9479.95 1.1469e-16
9481.475 3.6849e-17
9483.0 -1.832e-17
9484.525 -1.8356e-17
9486.05 2.996e-17
9487.575 5.8376e-17
9489.1 3.6116e-17
9490.625 2.9358e-17
9492.15 9.0537e-19
9493.675 1.0521e-17
9495.2 2.8077e-17
9496.725 2.1097e-17
9498.25 1.719e-17
9499.775 1.6806e-17
9501.3 -6.5808e-18
9502.825 -4.5851e-18
9504.35 3.1343e-17
9505.875 6.6125e-17
9507.4 5.9258e-17
9508.925 4.5142e-17
9510.45 3.843e-17
9511.975 4.8894e-17
9513.5 5.1513e-17
9515.025 3.8201e-17
9516.55 2.8099e-17
9518.075 1.7899e-17
9519.6 1.9949e-17
9521.125 4.5841e-17
9522.65 2.2779e-17
9524.175 1.4281e-17
9525.7 1.189e-17
9527.225 1.255e-17
9528.75 8.2407e-18
9530.275 1.1215e-17
9531.8 2.0252e-17
9533.325 3.1622e-17
9534.85 4.0502e-17
9536.375 3.4156e-17
9537.9 2.2225e-17
9539.425 3.2767e-17
9540.95 3.7698e-17
9542.475 1.061e-17
9544.0 1.2471e-17
9545.525 2.8769e-17
9547.05 3.4985e-17
9548.575 4.4247e-17
9550.1 3.7103e-17
9551.625 4.8968e-17
9553.15 3.0927e-17
9554.675 8.8441e-18
9556.2 2.4257e-17
9557.725 6.6237e-19
9559.25 9.2825e-19
9560.775 4.9067e-17
9562.3 5.2739e-17
9563.825 -1.6199e-17
9565.35 -6.6526e-17
9566.875 -5.8711e-17
9568.4 -2.1394e-17
9569.925 7.9824e-18
9571.45 2.045e-17
9572.975 6.8245e-17
9574.5 5.1672e-17
9576.025 -1.4577e-17
9577.55 -3.7971e-19
9579.075 2.2665e-17
9580.6 6.0395e-18
9582.125 3.6157e-18
9583.65 1.7168e-17
9585.175 1.0407e-17
9586.7 1.2223e-18
9588.225 1.7241e-17
9589.75 1.7043e-17
9591.275 8.1722e-18
9592.8 1.6331e-17
9594.325 2.1231e-17
9595.85 7.1521e-18
9597.375 8.9775e-18
9598.9 2.3125e-17
9600.425 1.3552e-17
9601.95 1.6489e-17
9603.475 3.2203e-17
9605.0 3.9337e-17
9606.525 1.4911e-17
9608.05 2.5839e-17
9609.575 7.1364e-17
9611.1 3.6061e-17
9612.625 2.5404e-17
9614.15 5.2566e-17
9615.675 2.4913e-17
9617.2 3.5092e-17
9618.725 3.7668e-18
9620.25 2.0123e-17
9621.775 2.8846e-17
9623.3 -2.5989e-17
9624.825 -2.7979e-17
9626.35 3.0658e-17
9627.875 4.6514e-17
9629.4 3.0741e-17
9630.925 5.0839e-17
9632.45 4.181e-17
9633.975 3.4771e-17
9635.5 3.0975e-17
9637.025 -2.3687e-18
9638.55 5.3976e-18
9640.075 7.581e-17
9641.6 6.3353e-17
9643.125 1.0479e-17
9644.65 2.2284e-17
9646.175 3.7487e-17
9647.7 5.0628e-17
9649.225 5.2813e-17
9650.75 5.1661e-17
9652.275 2.5576e-17
9653.8 1.6262e-17
9655.325 4.8804e-17
9656.85 5.9866e-17
9658.375 5.5013e-17
9659.9 6.2502e-17
9661.425 3.3446e-17
9662.95 1.1692e-17
9664.475 1.4269e-17
9666.0 5.5624e-17
9667.525 1.1572e-16
9669.05 8.4043e-17
9670.575 3.2047e-17
9672.1 1.3459e-17
9673.625 -1.3626e-18
9675.15 -5.2245e-18
9676.675 3.6386e-17
9678.2 3.8235e-17
9679.725 -2.7422e-17
9681.25 -3.4617e-17
9682.775 -3.9557e-17
9684.3 2.9542e-17
9685.825 9.2619e-17
9687.35 5.6918e-17
9688.875 2.4726e-17
9690.4 3.3545e-17
9691.925 6.13e-17
9693.45 2.4063e-17
9694.975 9.1059e-19
9696.5 -6.113e-18
9698.025 -2.3982e-17
9699.55 -3.0599e-18
9701.075 3.7918e-17
9702.6 8.7624e-17
9704.125 8.4103e-17
9705.65 4.2278e-17
9707.175 4.0814e-17
9708.7 6.5265e-17
9710.225 1.7595e-17
9711.75 -1.2649e-17
9713.275 -8.6574e-18
9714.8 7.0728e-18
9716.325 -1.7984e-17
9717.85 -4.0096e-17
9719.375 -3.3643e-17
9720.9 1.0324e-17
9722.425 5.3951e-17
9723.95 1.5282e-17
9725.475 -1.2989e-17
9727.0 -9.4543e-18
9728.525 -1.8836e-17
9730.05 -1.222e-17
9731.575 2.4177e-17
9733.1 5.8899e-17
9734.625 8.1607e-17
9736.15 1.9235e-17
9737.675 2.0067e-17
9739.2 6.8073e-17
9740.725 4.79e-17
9742.25 2.0936e-17
9743.775 3.976e-17
9745.3 6.0574e-17
9746.825 6.4189e-17
9748.35 4.6984e-17
9749.875 4.8964e-17
9751.4 5.324e-17
9752.925 8.8857e-18
9754.45 3.385e-17
9755.975 9.8805e-17
9757.5 8.8422e-17
9759.025 6.2288e-17
9760.55 6.5617e-17
9762.075 5.622e-17
9763.6 2.0236e-17
9765.125 3.259e-18
9766.65 1.5151e-17
9768.175 4.6748e-17
9769.7 6.6424e-17
9771.225 6.4787e-17
9772.75 4.311e-17
9774.275 5.2376e-17
9775.8 4.8213e-17
9777.325 3.2912e-18
9778.85 3.7443e-18
9780.375 3.8003e-17
9781.9 4.3706e-17
9783.425 4.6849e-17
9784.95 6.8996e-17
9786.475 4.2991e-17
9788.0 -9.7084e-18
9789.525 -6.3179e-17
9791.05 -4.4445e-17
9792.575 3.6717e-17
9794.1 5.0953e-17
9795.625 -2.6365e-17
9797.15 -1.8554e-17
9798.675 7.0162e-17
9800.2 2.2674e-17
9801.725 1.0568e-17
9803.25 4.0948e-17
9804.775 6.9969e-17
9806.3 2.8783e-17
9807.825 1.5288e-17
9809.35 -8.3798e-18
9810.875 -2.0338e-17
9812.4 3.4269e-17
9813.925 6.2516e-17
9815.45 5.5614e-17
9816.975 4.2428e-17
9818.5 5.405e-17
9820.025 3.4265e-17
9821.55 1.9712e-17
9823.075 3.6383e-17
9824.6 5.6878e-17
9826.125 4.7128e-17
9827.65 1.7116e-17
9829.175 -3.5378e-18
9830.7 -4.2201e-18
9832.225 3.7918e-17
9833.75 5.669e-17
9835.275 5.4852e-17
9836.8 3.8087e-17
9838.325 6.6434e-18
9839.85 -1.6978e-17
9841.375 -5.8336e-17
9842.9 -6.5287e-17
9844.425 -3.956e-18
9845.95 1.3557e-16
9847.475 1.1081e-16
9849.0 1.1442e-17
9850.525 1.3151e-17
9852.05 1.5993e-17
9853.575 5.8951e-17
9855.1 8.9626e-17
9856.625 3.5722e-17
9858.15 1.6284e-17
9859.675 2.0014e-17
9861.2 2.003e-17
9862.725 3.9907e-17
9864.25 5.5275e-17
9865.775 4.8246e-17
9867.3 6.4557e-17
9868.825 6.6377e-17
9870.35 5.4982e-17
9871.875 -1.7122e-17
9873.4 -7.9568e-17
9874.925 3.0631e-18
9876.45 9.6901e-17
9877.975 3.1679e-17
9879.5 -1.7978e-17
9881.025 2.8298e-17
9882.55 3.4104e-17
9884.075 1.4726e-18
9885.6 -3.8897e-18
9887.125 3.2404e-17
9888.65 3.5178e-17
9890.175 -2.2291e-17
9891.7 -7.4178e-17
9893.225 -1.0973e-16
9894.75 -7.407e-17
9896.275 6.1227e-17
9897.8 1.1292e-16
9899.325 5.0166e-17
9900.85 1.845e-17
9902.375 1.9191e-17
9903.9 3.8923e-17
9905.425 5.4436e-17
9906.95 8.8097e-17
9908.475 1.0832e-16
9910.0 -2.2972e-19
9911.525 -1.1321e-16
9913.05 -7.5159e-17
9914.575 -4.3087e-17
9916.1 -8.787e-19
9917.625 8.225e-17
9919.15 7.2651e-17
9920.675 7.1358e-18
9922.2 1.1783e-17
9923.725 -5.2204e-19
9925.25 9.353e-18
9926.775 4.3526e-17
9928.3 5.0161e-17
9929.825 6.6073e-17
9931.35 5.1877e-17
9932.875 6.0005e-17
9934.4 4.4515e-17
9935.925 6.1919e-17
9937.45 4.3808e-17
9938.975 -3.7121e-17
9940.5 4.9003e-17
9942.025 7.6118e-17
9943.55 1.7337e-16
9945.075 2.7742e-16
9946.6 1.0028e-16
9948.125 7.0009e-17
9949.65 8.3286e-17
9951.175 1.6232e-16
9952.7 1.3909e-16
9954.225 1.2721e-17
9955.75 -3.7455e-17
9957.275 1.3511e-18
9958.8 -1.7646e-17
9960.325 3.4424e-18
9961.85 8.5686e-17
9963.375 1.0852e-16
9964.9 1.3436e-16
9966.425 1.0347e-16
9967.95 3.7799e-17
9969.475 3.9591e-17
9971.0 9.7837e-17
9972.525 7.307e-17
9974.05 -1.9342e-18
9975.575 2.7543e-17
9977.1 5.2569e-17
9978.625 4.8614e-17
9980.15 8.2438e-17
9981.675 6.1489e-17
9983.2 -2.8633e-18
9984.725 -7.17e-18
9986.25 3.9603e-17
9987.775 7.3586e-17
9989.3 7.1309e-17
9990.825 4.3161e-17
9992.35 1.2279e-17
9993.875 1.3018e-17
9995.4 8.2438e-17
9996.925 1.1885e-16
9998.45 7.9652e-17
9999.975 7.252e-17
