3400.0 3.7513e-17
3401.53393 1.2552e-17
3403.06786 3.2321e-17
3404.60179 9.136e-18
3406.13572 1.8668e-17
3407.66965 2.5763e-17
3409.20358 2.9887e-17
3410.73751 1.2745e-17
3412.27144 2.8469e-17
3413.80537 3.5993e-17
3415.3393 3.3451e-17
3416.87323 2.8601e-17
3418.40716 -9.1378e-18
3419.94109 1.79e-18
3421.47502 1.8852e-17
3423.00895 2.6168e-17
3424.54288 1.321e-17
3426.07681 3.4133e-17
3427.61074 4.7172e-17
3429.14467 4.9927e-17
3430.6786 4.5137e-17
3432.21253 3.2197e-17
3433.74646 3.738e-17
3435.28039 3.9144e-17
3436.81432 2.3568e-17
3438.34825 1.6997e-17
3439.88218 1.4638e-17
3441.41611 2.4552e-17
3442.95004 4.4617e-17
3444.48397 4.3389e-17
3446.0179 3.0061e-17
3447.55183 1.9152e-17
3449.08576 1.1018e-17
3450.61969 3.3622e-17
3452.15362 4.7123e-17
3453.68755 3.5807e-17
3455.22148 4.4531e-17
3456.75541 4.6861e-17
3458.28934 7.7603e-18
3459.82327 1.782e-17
3461.3572 1.1102e-17
3462.89113 2.6901e-17
3464.42506 3.4186e-17
3465.95899 4.1574e-17
3467.49292 2.4276e-17
3469.02685 3.0622e-17
3470.56078 1.8948e-17
3472.09471 3.5722e-17
3473.62864 2.0834e-17
3475.16257 3.4253e-17
3476.6965 4.7729e-17
3478.23043 4.2364e-17
3479.76436 -3.5187e-19
3481.29829 1.5719e-18
3482.83222 1.1856e-17
3484.36615 2.3684e-17
3485.90008 3.2284e-17
3487.43401 1.4352e-17
3488.96794 2.168e-17
3490.50187 3.2408e-17
3492.0358 3.3075e-17
3493.56973 2.4606e-17
3495.10366 2.6759e-17
3496.63759 2.0221e-17
3498.17152 2.2869e-17
3499.70545 2.8998e-17
3501.23938 5.286e-17
3502.77331 4.3884e-17
3504.30724 2.913e-17
3505.84117 3.6276e-17
3507.3751 4.3032e-17
3508.90903 4.9128e-17
3510.44296 5.0912e-17
3511.97689 4.0003e-17
3513.51082 4.9121e-17
3515.04475 3.4764e-17
3516.57868 3.239e-17
3518.11261 4.6446e-17
3519.64654 5.2345e-17
3521.18047 3.7457e-17
3522.7144 2.7345e-17
3524.24833 2.4551e-17
3525.78226 3.5439e-17
3527.31619 3.3553e-17
3528.85012 1.9607e-17
3530.38405 2.88e-17
3531.91798 3.1103e-17
3533.45191 1.9578e-17
3534.98584 5.1577e-18
3536.51977 3.001e-17
3538.0537 1.978e-17
3539.58763 2.4694e-17
3541.12156 3.3556e-17
3542.65549 2.0602e-17
3544.18942 2.6962e-17
3545.72335 2.8817e-17
3547.25728 2.1468e-17
3548.79121 2.9313e-17
3550.32514 4.47e-17
3551.85907 2.6382e-17
3553.393 2.8061e-17
3554.92693 1.9734e-17
3556.46086 3.1167e-17
3557.99479 4.1216e-17
3559.52872 3.569e-17
3561.06265 4.2713e-17
3562.59658 3.2879e-17
3564.13051 2.6348e-17
3565.66444 1.6005e-17
3567.19837 3.4107e-17
3568.7323 4.0891e-17
3570.26623 3.5872e-17
3571.80016 2.761e-17
3573.33409 2.6081e-17
3574.86802 2.0453e-17
3576.40195 2.3977e-17
3577.93588 3.5648e-17
3579.46981 4.0654e-17
3581.00374 5.148e-17
3582.53767 1.8513e-17
3584.0716 3.1046e-17
3585.60553 1.5335e-17
3587.13946 1.8926e-17
3588.67339 3.8558e-17
3590.20732 4.469e-17
3591.74125 2.8502e-17
3593.27518 2.5275e-17
3594.80911 2.2273e-17
3596.34304 2.8776e-17
3597.87697 3.1394e-17
3599.4109 3.436e-17
3600.94483 2.9154e-17
3602.47876 3.2852e-17
3604.01269 3.5711e-17
3605.54662 3.5727e-17
3607.08055 2.9409e-17
3608.61448 2.8462e-17
3610.14841 2.2474e-17
3611.68234 1.4108e-17
3613.21627 2.5212e-17
3614.7502 2.6402e-17
3616.28413 2.0508e-17
3617.81806 1.3823e-17
3619.35199 2.6198e-17
3620.88592 4.0378e-17
3622.41985 2.4382e-17
3623.95378 3.0899e-17
3625.48771 3.7833e-17
3627.02164 2.3814e-17
3628.55557 3.0887e-17
3630.0895 2.0782e-17
3631.62343 1.9997e-17
3633.15736 1.6598e-17
3634.69129 2.3554e-17
3636.22522 2.5484e-17
3637.75915 1.3295e-17
3639.29308 2.781e-17
3640.82701 2.7337e-17
3642.36094 3.423e-17
3643.89487 3.7008e-17
3645.4288 4.0357e-17
3646.96273 4.3066e-17
3648.49666 4.912e-17
3650.03059 3.1955e-17
3651.56452 2.6112e-17
3653.09845 4.2048e-17
3654.63238 2.5273e-17
3656.16631 2.7974e-17
3657.70024 3.9714e-17
3659.23417 3.4451e-17
3660.7681 2.5175e-17
3662.30203 3.0214e-17
3663.83596 3.4669e-17
3665.36989 3.9094e-17
3666.90382 4.0472e-17
3668.43775 3.2229e-17
3669.97168 3.0847e-17
3671.50561 3.4604e-17
3673.03954 2.9999e-17
3674.57347 3.1708e-17
3676.1074 3.2193e-17
3677.64133 2.9063e-17
3679.17526 3.1399e-17
3680.70919 3.7587e-17
3682.24312 3.9825e-17
3683.77705 4.4809e-17
3685.31098 3.5349e-17
3686.84491 2.3352e-17
3688.37884 3.9442e-17
3689.91277 3.515e-17
3691.4467 2.8685e-17
3692.98063 4.3916e-17
3694.51456 3.4947e-17
3696.04849 3.3952e-17
3697.58242 3.1216e-17
3699.11635 3.1025e-17
3700.65028 3.3512e-17
3702.18421 1.7301e-17
3703.71814 2.9184e-17
3705.25207 3.9505e-17
3706.786 1.9662e-17
3708.31993 2.8515e-17
3709.85386 1.6122e-17
3711.38779 2.875e-17
3712.92172 2.4035e-17
3714.45565 3.7773e-17
3715.98958 3.579e-17
3717.52351 2.3247e-17
3719.05744 3.485e-17
3720.59137 2.6165e-17
3722.1253 3.651e-17
3723.65923 3.0843e-17
3725.19316 2.6064e-17
3726.72709 2.5142e-17
3728.26102 3.0037e-17
3729.79495 3.4218e-17
3731.32888 3.032e-17
3732.86281 3.4997e-17
3734.39674 4.0804e-17
3735.93067 4.4672e-17
3737.4646 4.568e-17
3738.99853 3.4991e-17
3740.53246 3.987e-17
3742.06639 3.2398e-17
3743.60032 4.0889e-17
3745.13425 4.167e-17
3746.66818 3.4576e-17
3748.20211 4.8231e-17
3749.73604 4.609e-17
3751.26997 4.2696e-17
3752.8039 5.3899e-17
3754.33783 3.1242e-17
3755.87176 2.9694e-17
3757.40569 3.0873e-17
3758.93962 4.0862e-17
3760.47355 3.6637e-17
3762.00748 5.274e-17
3763.54141 5.3495e-17
3765.07534 3.0923e-17
3766.60927 4.3604e-17
3768.1432 4.3282e-17
3769.67713 2.9174e-17
3771.21106 4.646e-17
3772.74499 5.2859e-17
3774.27892 4.5635e-17
3775.81285 3.3185e-17
3777.34678 4.8233e-17
3778.88071 3.8718e-17
3780.41464 2.6495e-17
3781.94857 2.0441e-17
3783.4825 3.6703e-17
3785.01643 3.8361e-17
3786.55036 4.1338e-17
3788.08429 4.3027e-17
3789.61822 3.3033e-17
3791.15215 3.1862e-17
3792.68608 4.1791e-17
3794.22001 3.982e-17
3795.75394 3.6114e-17
3797.28787 3.3023e-17
3798.8218 3.7018e-17
3800.35573 3.1299e-17
3801.88966 3.3955e-17
3803.42359 3.7186e-17
3804.95752 4.5427e-17
3806.49145 3.6898e-17
3808.02538 2.9164e-17
3809.55931 3.7578e-17
3811.09324 3.8128e-17
3812.62717 4.3131e-17
3814.1611 3.5933e-17
3815.69503 2.9658e-17
3817.22896 3.4293e-17
3818.76289 3.6271e-17
3820.29682 3.8392e-17
3821.83075 3.4474e-17
3823.36468 3.4571e-17
3824.89861 3.1761e-17
3826.43254 3.9914e-17
3827.96647 5.0881e-17
3829.5004 4.2581e-17
3831.03433 2.7274e-17
3832.56826 2.8809e-17
3834.10219 2.7788e-17
3835.63612 2.9941e-17
3837.17005 2.6138e-17
3838.70398 3.5429e-17
3840.23791 4.3432e-17
3841.77184 4.4256e-17
3843.30577 4.6542e-17
3844.8397 4.3362e-17
3846.37363 3.4523e-17
3847.90756 3.8608e-17
3849.44149 3.3825e-17
3850.97542 2.9211e-17
3852.50935 3.1941e-17
3854.04328 3.785e-17
3855.57721 4.1623e-17
3857.11114 3.2926e-17
3858.64507 3.2752e-17
3860.179 2.96e-17
3861.71293 3.9665e-17
3863.24686 4.9626e-17
3864.78079 5.876e-17
3866.31472 6.9503e-17
3867.84865 6.9297e-17
3869.38258 5.5326e-17
3870.91651 4.3299e-17
3872.45044 4.4438e-17
3873.98437 4.3989e-17
3875.5183 5.4687e-17
3877.05223 4.8509e-17
3878.58616 4.5779e-17
3880.12009 4.0553e-17
3881.65402 4.2966e-17
3883.18795 3.8805e-17
3884.72188 4.8192e-17
3886.25581 4.8296e-17
3887.78974 4.2727e-17
3889.32367 4.7137e-17
3890.8576 4.9569e-17
3892.39153 4.3552e-17
3893.92546 4.49e-17
3895.45939 5.1533e-17
3896.99332 4.8217e-17
3898.52725 4.9143e-17
3900.06118 4.5711e-17
3901.59511 4.8084e-17
3903.12904 3.8519e-17
3904.66297 4.2195e-17
3906.1969 4.5019e-17
3907.73083 4.3682e-17
3909.26476 4.3457e-17
3910.79869 4.217e-17
3912.33262 4.1613e-17
3913.86655 4.3398e-17
3915.40048 4.0759e-17
3916.93441 4.1353e-17
3918.46834 4.2666e-17
3920.00227 4.8111e-17
3921.5362 4.4293e-17
3923.07013 4.3994e-17
3924.60406 3.9828e-17
3926.13799 4.1804e-17
3927.67192 4.6062e-17
3929.20585 3.8887e-17
3930.73978 3.7215e-17
3932.27371 4.0013e-17
3933.80764 4.0423e-17
3935.34157 4.2978e-17
3936.8755 3.84e-17
3938.40943 3.6106e-17
3939.94336 3.7695e-17
3941.47729 3.5254e-17
3943.01122 4.5642e-17
3944.54515 5.0548e-17
3946.07908 4.4979e-17
3947.61301 3.9407e-17
3949.14694 4.1488e-17
3950.68087 5.3295e-17
3952.2148 5.0609e-17
3953.74873 4.435e-17
3955.28266 4.1943e-17
3956.81659 5.1186e-17
3958.35052 4.5861e-17
3959.88445 4.4898e-17
3961.41838 3.6249e-17
3962.95231 4.7366e-17
3964.48624 4.3945e-17
3966.02017 4.6408e-17
3967.5541 4.3536e-17
3969.08803 4.56e-17
3970.62196 3.4059e-17
3972.15589 4.58e-17
3973.68982 3.8263e-17
3975.22375 4.499e-17
3976.75768 3.9362e-17
3978.29161 4.2497e-17
3979.82554 3.9778e-17
3981.35947 3.8577e-17
3982.8934 3.5802e-17
3984.42733 4.2579e-17
3985.96126 4.7473e-17
3987.49519 5.2371e-17
3989.02912 4.9689e-17
3990.56305 4.2056e-17
3992.09698 4.4855e-17
3993.63091 4.5554e-17
3995.16484 4.517e-17
3996.69877 4.8774e-17
3998.2327 4.4951e-17
3999.76663 4.6513e-17
4001.30056 5.0142e-17
4002.83449 4.971e-17
4004.36842 3.525e-17
4005.90235 4.5688e-17
4007.43628 4.8966e-17
4008.97021 4.7362e-17
4010.50414 5.0323e-17
4012.03807 4.105e-17
4013.572 5.1601e-17
4015.10593 5.6128e-17
4016.63986 5.2083e-17
4018.17379 5.2287e-17
4019.70772 4.8446e-17
4021.24165 6.0712e-17
4022.77558 6.0128e-17
4024.30951 5.378e-17
4025.84344 4.5035e-17
4027.37737 4.8273e-17
4028.9113 5.1209e-17
4030.44523 6.0524e-17
4031.97916 5.0283e-17
4033.51309 5.2599e-17
4035.04702 4.3782e-17
4036.58095 5.2776e-17
4038.11488 5.2091e-17
4039.64881 5.0382e-17
4041.18274 5.4152e-17
4042.71667 4.2124e-17
4044.2506 6.2781e-17
4045.78453 7.1785e-17
4047.31846 8.3309e-17
4048.85239 5.1664e-17
4050.38632 6.2911e-17
4051.92025 6.3296e-17
4053.45418 5.7296e-17
4054.98811 5.0648e-17
4056.52204 5.3264e-17
4058.05597 4.3695e-17
4059.5899 4.7403e-17
4061.12383 4.646e-17
4062.65776 5.3707e-17
4064.19169 5.5641e-17
4065.72562 4.3543e-17
4067.25955 4.4456e-17
4068.79348 4.937e-17
4070.32741 5.449e-17
4071.86134 5.0054e-17
4073.39527 3.9071e-17
4074.9292 4.3971e-17
4076.46313 6.0342e-17
4077.99706 4.749e-17
4079.53099 6.0566e-17
4081.06492 5.9957e-17
4082.59885 4.6023e-17
4084.13278 5.2483e-17
4085.66671 6.1622e-17
4087.20064 5.4225e-17
4088.73457 5.1055e-17
4090.2685 5.603e-17
4091.80243 5.2277e-17
4093.33636 4.0877e-17
4094.87029 5.1336e-17
4096.40422 5.7575e-17
4097.93815 4.5545e-17
4099.47208 5.0957e-17
4101.00601 5.0576e-17
4102.53994 5.5914e-17
4104.07387 5.9971e-17
4105.6078 5.5023e-17
4107.14173 5.6007e-17
4108.67566 5.4908e-17
4110.20959 5.6048e-17
4111.74352 5.137e-17
4113.27745 4.4434e-17
4114.81138 5.8955e-17
4116.34531 5.4414e-17
4117.87924 5.4805e-17
4119.41317 5.1667e-17
4120.9471 5.4673e-17
4122.48103 5.4395e-17
4124.01496 4.7947e-17
4125.54889 5.3602e-17
4127.08282 5.8724e-17
4128.61675 6.1116e-17
4130.15068 5.9068e-17
4131.68461 5.1093e-17
4133.21854 4.7462e-17
4134.75247 5.1474e-17
4136.2864 4.7557e-17
4137.82033 5.8106e-17
4139.35426 5.6788e-17
4140.88819 4.9171e-17
4142.42212 5.9918e-17
4143.95605 6.9663e-17
4145.48998 5.7077e-17
4147.02391 5.4264e-17
4148.55784 5.1641e-17
4150.09177 5.319e-17
4151.6257 5.3508e-17
4153.15963 6.0249e-17
4154.69356 6.2781e-17
4156.22749 6.0282e-17
4157.76142 4.9012e-17
4159.29535 4.4001e-17
4160.82928 5.7786e-17
4162.36321 5.6439e-17
4163.89714 6.3684e-17
4165.43107 5.1891e-17
4166.965 5.4551e-17
4168.49893 5.6332e-17
4170.03286 7.1333e-17
4171.56679 5.9819e-17
4173.10072 5.4939e-17
4174.63465 5.6902e-17
4176.16858 4.5638e-17
4177.70251 4.7314e-17
4179.23644 5.9111e-17
4180.77037 5.344e-17
4182.3043 5.1544e-17
4183.83823 5.0765e-17
4185.37216 4.4473e-17
4186.90609 3.9678e-17
4188.44002 4.8902e-17
4189.97395 5.5735e-17
4191.50788 5.1146e-17
4193.04181 5.2893e-17
4194.57574 5.1424e-17
4196.10967 4.8547e-17
4197.6436 4.9687e-17
4199.17753 4.7008e-17
4200.71146 4.4744e-17
4202.24539 4.7094e-17
4203.77932 5.2406e-17
4205.31325 4.6859e-17
4206.84718 4.5584e-17
4208.38111 5.1539e-17
4209.91504 4.8587e-17
4211.44897 4.1417e-17
4212.9829 4.604e-17
4214.51683 5.0678e-17
4216.05076 4.734e-17
4217.58469 4.7614e-17
4219.11862 4.9145e-17
4220.65255 5.5289e-17
4222.18648 4.8046e-17
4223.72041 4.6103e-17
4225.25434 5.2215e-17
4226.78827 5.6322e-17
4228.3222 5.6104e-17
4229.85613 5.6757e-17
4231.39006 5.0386e-17
4232.92399 5.4109e-17
4234.45792 5.4187e-17
4235.99185 4.7534e-17
4237.52578 4.9695e-17
4239.05971 5.3862e-17
4240.59364 4.7513e-17
4242.12757 5.4175e-17
4243.6615 4.7085e-17
4245.19543 5.2222e-17
4246.72936 5.8125e-17
4248.26329 6.1386e-17
4249.79722 5.8711e-17
4251.33115 5.5766e-17
4252.86508 5.5129e-17
4254.39901 5.486e-17
4255.93294 5.9227e-17
4257.46687 4.579e-17
4259.0008 5.2476e-17
4260.53473 5.8588e-17
4262.06866 4.4847e-17
4263.60259 4.5861e-17
4265.13652 4.916e-17
4266.67045 5.6058e-17
4268.20438 6.4157e-17
4269.73831 5.9257e-17
4271.27224 5.8994e-17
4272.80617 5.3668e-17
4274.3401 5.2116e-17
4275.87403 5.2545e-17
4277.40796 5.9639e-17
4278.94189 5.9058e-17
4280.47582 5.1289e-17
4282.00975 4.9778e-17
4283.54368 4.2128e-17
4285.07761 4.3895e-17
4286.61154 5.1532e-17
4288.14547 5.4173e-17
4289.6794 5.2371e-17
4291.21333 5.6442e-17
4292.74726 6.0339e-17
4294.28119 6.1606e-17
4295.81512 5.9616e-17
4297.34905 6.2849e-17
4298.88298 6.4971e-17
4300.41691 5.3592e-17
4301.95084 6.2968e-17
4303.48477 7.0242e-17
4305.0187 6.3691e-17
4306.55263 5.8946e-17
4308.08656 5.5895e-17
4309.62049 5.4414e-17
4311.15442 6.36e-17
4312.68835 5.8024e-17
4314.22228 5.1897e-17
4315.75621 4.6049e-17
4317.29014 4.8314e-17
4318.82407 4.7958e-17
4320.358 4.9239e-17
4321.89193 5.4687e-17
4323.42586 6.3276e-17
4324.95979 6.0633e-17
4326.49372 5.9642e-17
4328.02765 5.1826e-17
4329.56158 5.3074e-17
4331.09551 5.2186e-17
4332.62944 5.1536e-17
4334.16337 5.5715e-17
4335.6973 4.982e-17
4337.23123 5.5968e-17
4338.76516 4.85e-17
4340.29909 4.0456e-17
4341.83302 4.7943e-17
4343.36695 4.5703e-17
4344.90088 5.0933e-17
4346.43481 6.0282e-17
4347.96874 6.312e-17
4349.50267 5.371e-17
4351.0366 5.3635e-17
4352.57053 6.2385e-17
4354.10446 5.8247e-17
4355.63839 6.2344e-17
4357.17232 8.4362e-17
4358.70625 1.0023e-16
4360.24018 8.5492e-17
4361.77411 5.3842e-17
4363.30804 6.3608e-17
4364.84197 6.6225e-17
4366.3759 5.4864e-17
4367.90983 5.9274e-17
4369.44376 5.7428e-17
4370.97769 5.806e-17
4372.51162 5.6447e-17
4374.04555 5.2695e-17
4375.57948 4.7969e-17
4377.11341 5.5833e-17
4378.64734 6.5562e-17
4380.18127 6.0337e-17
4381.7152 5.7267e-17
4383.24913 6.3323e-17
4384.78306 5.6106e-17
4386.31699 5.5407e-17
4387.85092 6.3614e-17
4389.38485 6.1999e-17
4390.91878 6.873e-17
4392.45271 5.4339e-17
4393.98664 5.4085e-17
4395.52057 5.7092e-17
4397.0545 6.0481e-17
4398.58843 5.414e-17
4400.12236 5.5847e-17
4401.65629 5.7913e-17
4403.19022 6.4563e-17
4404.72415 6.4255e-17
4406.25808 5.4748e-17
4407.79201 5.5175e-17
4409.32594 5.6449e-17
4410.85987 5.8513e-17
4412.3938 6.103e-17
4413.92773 5.598e-17
4415.46166 4.303e-17
4416.99559 6.108e-17
4418.52952 6.993e-17
4420.06345 5.5944e-17
4421.59738 5.4701e-17
4423.13131 5.7366e-17
4424.66524 6.072e-17
4426.19917 6.2028e-17
4427.7331 5.5489e-17
4429.26703 5.8607e-17
4430.80096 6.4104e-17
4432.33489 5.0975e-17
4433.86882 6.4761e-17
4435.40275 6.1276e-17
4436.93668 5.4392e-17
4438.47061 5.5098e-17
4440.00454 5.6098e-17
4441.53847 5.4464e-17
4443.0724 5.4436e-17
4444.60633 5.6987e-17
4446.14026 6.3146e-17
4447.67419 6.368e-17
4449.20812 6.1112e-17
4450.74205 6.4307e-17
4452.27598 6.5828e-17
4453.80991 6.4343e-17
4455.34384 5.7004e-17
4456.87777 5.9262e-17
4458.4117 6.0408e-17
4459.94563 5.6583e-17
4461.47956 5.6836e-17
4463.01349 6.988e-17
4464.54742 7.0887e-17
4466.08135 6.161e-17
4467.61528 4.8239e-17
4469.14921 5.801e-17
4470.68314 5.7372e-17
4472.21707 6.9429e-17
4473.751 6.5763e-17
4475.28493 6.5735e-17
4476.81886 5.8015e-17
4478.35279 6.29e-17
4479.88672 6.7738e-17
4481.42065 6.0305e-17
4482.95458 6.1122e-17
4484.48851 5.8563e-17
4486.02244 5.2301e-17
4487.55637 6.0035e-17
4489.0903 7.0184e-17
4490.62423 6.5867e-17
4492.15816 5.1339e-17
4493.69209 4.8744e-17
4495.22602 5.0161e-17
4496.75995 5.5342e-17
4498.29388 6.6258e-17
4499.82781 6.463e-17
4501.36174 6.4611e-17
4502.89567 5.7175e-17
4504.4296 5.0945e-17
4505.96353 6.5511e-17
4507.49746 6.0596e-17
4509.03139 5.2698e-17
4510.56532 6.1006e-17
4512.09925 6.0065e-17
4513.63318 6.2587e-17
4515.16711 6.2204e-17
4516.70104 6.1479e-17
4518.23497 4.9112e-17
4519.7689 6.0068e-17
4521.30283 6.2846e-17
4522.83676 6.2276e-17
4524.37069 6.1513e-17
4525.90462 5.5871e-17
4527.43855 6.3297e-17
4528.97248 6.6119e-17
4530.50641 7.1012e-17
4532.04034 6.9069e-17
4533.57427 6.449e-17
4535.1082 6.6249e-17
4536.64213 6.848e-17
4538.17606 6.064e-17
4539.70999 6.6468e-17
4541.24392 7.1109e-17
4542.77785 6.9598e-17
4544.31178 6.3427e-17
4545.84571 6.6852e-17
4547.37964 7.0177e-17
4548.91357 5.4138e-17
4550.4475 5.5515e-17
4551.98143 5.7997e-17
4553.51536 5.4205e-17
4555.04929 6.379e-17
4556.58322 5.9363e-17
4558.11715 5.4689e-17
4559.65108 6.0811e-17
4561.18501 5.9651e-17
4562.71894 6.6079e-17
4564.25287 5.2166e-17
4565.7868 5.4584e-17
4567.32073 5.9118e-17
4568.85466 6.5172e-17
4570.38859 6.6833e-17
4571.92252 5.981e-17
4573.45645 6.0887e-17
4574.99038 5.4289e-17
4576.52431 6.0597e-17
4578.05824 6.7858e-17
4579.59217 6.9024e-17
4581.1261 5.6381e-17
4582.66003 5.339e-17
4584.19396 5.3708e-17
4585.72789 5.6362e-17
4587.26182 7.3088e-17
4588.79575 6.8604e-17
4590.32968 6.2244e-17
4591.86361 6.4742e-17
4593.39754 6.7097e-17
4594.93147 6.1951e-17
4596.4654 6.0695e-17
4597.99933 6.4346e-17
4599.53326 6.1318e-17
4601.06719 7.4794e-17
4602.60112 6.3233e-17
4604.13505 6.412e-17
4605.66898 6.6381e-17
4607.20291 6.3157e-17
4608.73684 6.0729e-17
4610.27077 5.1311e-17
4611.8047 5.3289e-17
4613.33863 6.572e-17
4614.87256 5.734e-17
4616.40649 6.1199e-17
4617.94042 6.9154e-17
4619.47435 7.6522e-17
4621.00828 6.983e-17
4622.54221 7.3653e-17
4624.07614 7.1801e-17
4625.61007 6.2473e-17
4627.144 6.5754e-17
4628.67793 6.4331e-17
4630.21186 6.272e-17
4631.74579 7.5712e-17
4633.27972 7.352e-17
4634.81365 6.5518e-17
4636.34758 7.8572e-17
4637.88151 7.403e-17
4639.41544 6.8586e-17
4640.94937 6.4488e-17
4642.4833 5.7681e-17
4644.01723 5.8972e-17
4645.55116 7.3453e-17
4647.08509 7.8445e-17
4648.61902 6.9715e-17
4650.15295 7.9798e-17
4651.68688 7.0174e-17
4653.22081 6.8632e-17
4654.75474 6.4208e-17
4656.28867 6.8985e-17
4657.8226 7.0554e-17
4659.35653 6.1706e-17
4660.89046 6.9522e-17
4662.42439 6.3209e-17
4663.95832 7.0044e-17
4665.49225 6.873e-17
4667.02618 7.3614e-17
4668.56011 8.0854e-17
4670.09404 7.4428e-17
4671.62797 7.1414e-17
4673.1619 5.8416e-17
4674.69583 5.8022e-17
4676.22976 6.1974e-17
4677.76369 6.0194e-17
4679.29762 6.9105e-17
4680.83155 6.6059e-17
4682.36548 6.365e-17
4683.89941 6.9836e-17
4685.43334 6.6262e-17
4686.96727 6.383e-17
4688.5012 7.071e-17
4690.03513 7.5365e-17
4691.56906 7.0022e-17
4693.10299 6.4645e-17
4694.63692 7.4924e-17
4696.17085 6.9569e-17
4697.70478 6.536e-17
4699.23871 6.3683e-17
4700.77264 7.5485e-17
4702.30657 6.6701e-17
4703.8405 7.1365e-17
4705.37443 6.7109e-17
4706.90836 6.8585e-17
4708.44229 7.1994e-17
4709.97622 6.9959e-17
4711.51015 6.8499e-17
4713.04408 6.2267e-17
4714.57801 6.0542e-17
4716.11194 7.2173e-17
4717.64587 6.9965e-17
4719.1798 6.2139e-17
4720.71373 7.3504e-17
4722.24766 7.0314e-17
4723.78159 6.5481e-17
4725.31552 5.9964e-17
4726.84945 5.5326e-17
4728.38338 6.5281e-17
4729.91731 6.7525e-17
4731.45124 6.2794e-17
4732.98517 6.6299e-17
4734.5191 6.3303e-17
4736.05303 7.2635e-17
4737.58696 7.127e-17
4739.12089 5.3697e-17
4740.65482 6.9742e-17
4742.18875 6.9092e-17
4743.72268 6.2965e-17
4745.25661 6.9181e-17
4746.79054 6.7827e-17
4748.32447 6.5858e-17
4749.8584 6.5587e-17
4751.39233 7.19e-17
4752.92626 6.4775e-17
4754.46019 6.6124e-17
4755.99412 6.0291e-17
4757.52805 6.2016e-17
4759.06198 6.0002e-17
4760.59591 6.2201e-17
4762.12984 6.4999e-17
4763.66377 6.699e-17
4765.1977 6.5377e-17
4766.73163 5.9923e-17
4768.26556 5.5842e-17
4769.79949 5.5356e-17
4771.33342 5.657e-17
4772.86735 5.3421e-17
4774.40128 6.2893e-17
4775.93521 5.9288e-17
4777.46914 5.7475e-17
4779.00307 6.6049e-17
4780.537 6.2349e-17
4782.07093 6.01e-17
4783.60486 6.1415e-17
4785.13879 6.2406e-17
4786.67272 6.4698e-17
4788.20665 5.8125e-17
4789.74058 6.3357e-17
4791.27451 5.7638e-17
4792.80844 5.8236e-17
4794.34237 5.1723e-17
4795.8763 5.9743e-17
4797.41023 6.4319e-17
4798.94416 5.8358e-17
4800.47809 5.7134e-17
4802.01202 5.5057e-17
4803.54595 6.0994e-17
4805.07988 5.5335e-17
4806.61381 5.6117e-17
4808.14774 5.8684e-17
4809.68167 5.9633e-17
4811.2156 5.5729e-17
4812.74953 5.1927e-17
4814.28346 4.1137e-17
4815.81739 5.7397e-17
4817.35132 6.2233e-17
4818.88525 5.6272e-17
4820.41918 5.2846e-17
4821.95311 5.7486e-17
4823.48704 5.8053e-17
4825.02097 5.5798e-17
4826.5549 6.2952e-17
4828.08883 6.0611e-17
4829.62276 5.2624e-17
4831.15669 4.4182e-17
4832.69062 4.5657e-17
4834.22455 5.0606e-17
4835.75848 6.0785e-17
4837.29241 5.2572e-17
4838.82634 4.8243e-17
4840.36027 6.072e-17
4841.8942 6.1923e-17
4843.42813 6.0371e-17
4844.96206 6.1988e-17
4846.49599 6.5951e-17
4848.02992 5.8813e-17
4849.56385 5.5e-17
4851.09778 4.8459e-17
4852.63171 4.4506e-17
4854.16564 5.9907e-17
4855.69957 5.612e-17
4857.2335 5.4476e-17
4858.76743 5.123e-17
4860.30136 5.7432e-17
4861.83529 5.2662e-17
4863.36922 5.7231e-17
4864.90315 5.746e-17
4866.43708 5.8438e-17
4867.97101 5.7795e-17
4869.50494 6.0816e-17
4871.03887 5.3299e-17
4872.5728 5.3357e-17
4874.10673 6.7881e-17
4875.64066 6.3451e-17
4877.17459 5.9357e-17
4878.70852 5.3439e-17
4880.24245 6.2633e-17
4881.77638 5.8307e-17
4883.31031 4.7711e-17
4884.84424 5.5008e-17
4886.37817 5.2194e-17
4887.9121 4.9813e-17
4889.44603 4.7708e-17
4890.97996 6.0304e-17
4892.51389 6.3903e-17
4894.04782 6.1163e-17
4895.58175 5.6956e-17
4897.11568 6.2722e-17
4898.64961 5.4526e-17
4900.18354 5.5751e-17
4901.71747 5.7767e-17
4903.2514 5.1342e-17
4904.78533 5.9206e-17
4906.31926 6.24e-17
4907.85319 5.6887e-17
4909.38712 6.2264e-17
4910.92105 6.3346e-17
4912.45498 5.2191e-17
4913.98891 6.046e-17
4915.52284 5.8695e-17
4917.05677 5.1444e-17
4918.5907 4.9721e-17
4920.12463 5.2878e-17
4921.65856 5.9901e-17
4923.19249 6.4608e-17
4924.72642 5.8463e-17
4926.26035 5.9177e-17
4927.79428 6.01e-17
4929.32821 6.201e-17
4930.86214 6.1705e-17
4932.39607 5.4605e-17
4933.93 6.3916e-17
4935.46393 6.666e-17
4936.99786 6.2407e-17
4938.53179 5.4358e-17
4940.06572 6.2166e-17
4941.59965 5.8878e-17
4943.13358 5.935e-17
4944.66751 5.5605e-17
4946.20144 4.4733e-17
4947.73537 5.5044e-17
4949.2693 5.5225e-17
4950.80323 5.48e-17
4952.33716 5.4901e-17
4953.87109 6.3801e-17
4955.40502 6.212e-17
4956.93895 5.8783e-17
4958.47288 5.91e-17
4960.00681 6.1861e-17
4961.54074 6.1496e-17
4963.07467 6.5911e-17
4964.6086 5.7341e-17
4966.14253 5.8076e-17
4967.67646 6.7126e-17
4969.21039 6.1024e-17
4970.74432 6.7131e-17
4972.27825 6.9872e-17
4973.81218 6.4081e-17
4975.34611 6.1047e-17
4976.88004 5.6939e-17
4978.41397 5.993e-17
4979.9479 6.7557e-17
4981.48183 7.0326e-17
4983.01576 7.7115e-17
4984.54969 6.9257e-17
4986.08362 5.78e-17
4987.61755 6.8341e-17
4989.15148 7.3776e-17
4990.68541 6.7246e-17
4992.21934 6.9836e-17
4993.75327 7.3863e-17
4995.2872 6.6264e-17
4996.82113 7.0009e-17
4998.35506 7.0049e-17
4999.88899 6.6346e-17
5001.42292 6.311e-17
5002.95685 6.2394e-17
5004.49078 6.2035e-17
5006.02471 6.6085e-17
5007.55864 6.9131e-17
5009.09257 7.1861e-17
5010.6265 6.9752e-17
5012.16043 5.9448e-17
5013.69436 6.2255e-17
5015.22829 6.6188e-17
5016.76222 6.5142e-17
5018.29615 7.073e-17
5019.83008 7.3251e-17
5021.36401 6.9834e-17
5022.89794 6.3787e-17
5024.43187 5.9361e-17
5025.9658 7.1417e-17
5027.49973 6.1044e-17
5029.03366 5.9485e-17
5030.56759 6.2175e-17
5032.10152 5.8367e-17
5033.63545 5.8433e-17
5035.16938 6.4217e-17
5036.70331 6.6695e-17
5038.23724 5.5716e-17
5039.77117 5.2586e-17
5041.3051 5.9709e-17
5042.83903 5.6029e-17
5044.37296 6.9805e-17
5045.90689 7.3674e-17
5047.44082 6.9743e-17
5048.97475 6.5911e-17
5050.50868 6.2735e-17
5052.04261 5.4755e-17
5053.57654 5.6491e-17
5055.11047 5.9341e-17
5056.6444 6.2735e-17
5058.17833 5.391e-17
5059.71226 6.2618e-17
5061.24619 6.3345e-17
5062.78012 6.3769e-17
5064.31405 6.1622e-17
5065.84798 5.8895e-17
5067.38191 6.7636e-17
5068.91584 7.0041e-17
5070.44977 6.6424e-17
5071.9837 6.0983e-17
5073.51763 6.0331e-17
5075.05156 7.7427e-17
5076.58549 7.0143e-17
5078.11942 6.6705e-17
5079.65335 6.8284e-17
5081.18728 6.8595e-17
5082.72121 7.8271e-17
5084.25514 8.2171e-17
5085.78907 6.4439e-17
5087.323 7.1909e-17
5088.85693 7.7318e-17
5090.39086 7.2644e-17
5091.92479 6.2658e-17
5093.45872 6.7969e-17
5094.99265 6.5143e-17
5096.52658 6.9384e-17
5098.06051 7.799e-17
5099.59444 6.9408e-17
5101.12837 6.4149e-17
5102.6623 6.1397e-17
5104.19623 6.9429e-17
5105.73016 7.1298e-17
5107.26409 6.812e-17
5108.79802 6.6676e-17
5110.33195 6.1854e-17
5111.86588 5.7974e-17
5113.39981 6.5984e-17
5114.93374 6.8958e-17
5116.46767 6.8024e-17
5118.0016 6.198e-17
5119.53553 6.8018e-17
5121.06946 7.3027e-17
5122.60339 7.3545e-17
5124.13732 7.1064e-17
5125.67125 7.1188e-17
5127.20518 7.0013e-17
5128.73911 7.1646e-17
5130.27304 6.3881e-17
5131.80697 6.0206e-17
5133.3409 7.1736e-17
5134.87483 8.154e-17
5136.40876 7.5862e-17
5137.94269 8.5332e-17
5139.47662 8.2035e-17
5141.01055 7.3753e-17
5142.54448 7.1839e-17
5144.07841 6.9865e-17
5145.61234 7.8371e-17
5147.14627 7.513e-17
5148.6802 6.8678e-17
5150.21413 6.7241e-17
5151.74806 6.5028e-17
5153.28199 7.1277e-17
5154.81592 7.0791e-17
5156.34985 6.2133e-17
5157.88378 6.3573e-17
5159.41771 7.3975e-17
5160.95164 7.2254e-17
5162.48557 7.776e-17
5164.0195 8.0616e-17
5165.55343 6.9513e-17
5167.08736 7.1015e-17
5168.62129 6.8927e-17
5170.15522 7.6789e-17
5171.68915 6.4292e-17
5173.22308 6.7943e-17
5174.75701 8.1923e-17
5176.29094 7.4684e-17
5177.82487 6.9101e-17
5179.3588 7.9667e-17
5180.89273 7.7024e-17
5182.42666 7.1622e-17
5183.96059 7.0169e-17
5185.49452 7.2333e-17
5187.02845 8.8909e-17
5188.56238 8.7626e-17
5190.09631 7.9561e-17
5191.63024 7.3297e-17
5193.16417 7.0711e-17
5194.6981 8.1177e-17
5196.23203 9.3313e-17
5197.76596 9.4788e-17
5199.29989 8.2012e-17
5200.83382 7.2745e-17
5202.36775 7.2178e-17
5203.90168 7.1147e-17
5205.43561 8.236e-17
5206.96954 8.1722e-17
5208.50347 7.2689e-17
5210.0374 7.8277e-17
5211.57133 7.428e-17
5213.10526 7.8778e-17
5214.63919 8.2256e-17
5216.17312 7.4337e-17
5217.70705 7.8392e-17
5219.24098 8.1704e-17
5220.77491 7.5283e-17
5222.30884 7.6699e-17
5223.84277 8.3123e-17
5225.3767 8.4464e-17
5226.91063 9.3949e-17
5228.44456 8.1282e-17
5229.97849 7.8496e-17
5231.51242 6.7861e-17
5233.04635 7.8906e-17
5234.58028 7.8766e-17
5236.11421 7.9694e-17
5237.64814 9.0086e-17
5239.18207 9.1803e-17
5240.716 8.3129e-17
5242.24993 8.2056e-17
5243.78386 7.5669e-17
5245.31779 7.9487e-17
5246.85172 7.2555e-17
5248.38565 8.5619e-17
5249.91958 9.0472e-17
5251.45351 8.2391e-17
5252.98744 8.6775e-17
5254.52137 9.5363e-17
5256.0553 9.6461e-17
5257.58923 9.7731e-17
5259.12316 8.4646e-17
5260.65709 8.4764e-17
5262.19102 9.3214e-17
5263.72495 8.1972e-17
5265.25888 9.4474e-17
5266.79281 1.0591e-16
5268.32674 9.2833e-17
5269.86067 8.1848e-17
5271.3946 7.9052e-17
5272.92853 8.9761e-17
5274.46246 8.6243e-17
5275.99639 9.1305e-17
5277.53032 7.8995e-17
5279.06425 9.0416e-17
5280.59818 9.2535e-17
5282.13211 9.0673e-17
5283.66604 9.0925e-17
5285.19997 8.1582e-17
5286.7339 8.8146e-17
5288.26783 9.7389e-17
5289.80176 9.5505e-17
5291.33569 9.6324e-17
5292.86962 1.0462e-16
5294.40355 9.1453e-17
5295.93748 9.4229e-17
5297.47141 1.068e-16
5299.00534 1.0074e-16
5300.53927 1.0455e-16
5302.0732 1.0143e-16
5303.60713 8.7753e-17
5305.14106 7.4217e-17
5306.67499 8.8001e-17
5308.20892 8.399e-17
5309.74285 9.2876e-17
5311.27678 9.8875e-17
5312.81071 9.9364e-17
5314.34464 9.2326e-17
5315.87857 9.5727e-17
5317.4125 1.0329e-16
5318.94643 9.6321e-17
5320.48036 8.187e-17
5322.01429 8.428e-17
5323.54822 9.2712e-17
5325.08215 8.6213e-17
5326.61608 9.0147e-17
5328.15001 8.4479e-17
5329.68394 8.9604e-17
5331.21787 8.3233e-17
5332.7518 8.703e-17
5334.28573 9.9196e-17
5335.81966 9.5778e-17
5337.35359 9.4132e-17
5338.88752 7.9202e-17
5340.42145 8.3243e-17
5341.95538 9.47e-17
5343.48931 7.997e-17
5345.02324 9.0726e-17
5346.55717 8.9133e-17
5348.0911 9.2589e-17
5349.62503 9.6448e-17
5351.15896 9.7435e-17
5352.69289 8.9671e-17
5354.22682 1.0005e-16
5355.76075 1.0199e-16
5357.29468 8.1789e-17
5358.82861 9.6508e-17
5360.36254 1.0117e-16
5361.89647 9.8168e-17
5363.4304 1.0052e-16
5364.96433 1.0425e-16
5366.49826 9.9403e-17
5368.03219 9.7143e-17
5369.56612 8.0515e-17
5371.10005 8.7245e-17
5372.63398 9.1446e-17
5374.16791 9.5603e-17
5375.70184 1.0512e-16
5377.23577 9.3492e-17
5378.7697 9.3717e-17
5380.30363 1.0478e-16
5381.83756 1.0064e-16
5383.37149 1.0091e-16
5384.90542 8.7595e-17
5386.43935 9.6914e-17
5387.97328 9.1131e-17
5389.50721 9.504e-17
5391.04114 1.0415e-16
5392.57507 1.0506e-16
5394.109 9.0077e-17
5395.64293 9.3498e-17
5397.17686 9.5611e-17
5398.71079 1.0025e-16
5400.24472 9.1766e-17
5401.77865 1.0125e-16
5403.31258 1.1186e-16
5404.84651 9.5177e-17
5406.38044 9.1392e-17
5407.91437 8.6447e-17
5409.4483 9.0631e-17
5410.98223 9.4792e-17
5412.51616 9.7933e-17
5414.05009 9.6915e-17
5415.58402 9.9543e-17
5417.11795 1.0257e-16
5418.65188 1.0643e-16
5420.18581 1.0479e-16
5421.71974 1.0246e-16
5423.25367 1.1222e-16
5424.7876 1.1633e-16
5426.32153 1.2089e-16
5427.85546 1.1717e-16
5429.38939 1.1462e-16
5430.92332 1.1136e-16
5432.45725 1.1396e-16
5433.99118 1.0768e-16
5435.52511 1.1054e-16
5437.05904 1.2739e-16
5438.59297 1.202e-16
5440.1269 1.1146e-16
5441.66083 1.0523e-16
5443.19476 1.0365e-16
5444.72869 1.2679e-16
5446.26262 1.1926e-16
5447.79655 1.2562e-16
5449.33048 1.3594e-16
5450.86441 1.254e-16
5452.39834 1.1608e-16
5453.93227 1.2771e-16
5455.4662 1.1883e-16
5457.00013 1.1065e-16
5458.53406 1.1736e-16
5460.06799 1.3238e-16
5461.60192 1.4187e-16
5463.13585 1.3012e-16
5464.66978 1.2385e-16
5466.20371 1.11e-16
5467.73764 1.2264e-16
5469.27157 1.2049e-16
5470.8055 1.1713e-16
5472.33943 1.1745e-16
5473.87336 1.3657e-16
5475.40729 1.2787e-16
5476.94122 1.2746e-16
5478.47515 1.3915e-16
5480.00908 1.1629e-16
5481.54301 1.1426e-16
5483.07694 1.4406e-16
5484.61087 1.322e-16
5486.1448 1.3213e-16
5487.67873 1.2216e-16
5489.21266 1.2013e-16
5490.74659 1.2411e-16
5492.28052 1.2574e-16
5493.81445 1.4333e-16
5495.34838 1.3812e-16
5496.88231 1.168e-16
5498.41624 1.3463e-16
5499.95017 1.1996e-16
5501.4841 1.1507e-16
5503.01803 1.1717e-16
5504.55196 1.1925e-16
5506.08589 1.1809e-16
5507.61982 1.1925e-16
5509.15375 1.217e-16
5510.68768 1.2543e-16
5512.22161 1.2624e-16
5513.75554 1.2662e-16
5515.28947 1.2172e-16
5516.8234 1.2266e-16
5518.35733 1.2421e-16
5519.89126 1.2402e-16
5521.42519 1.2363e-16
5522.95912 1.3146e-16
5524.49305 1.3667e-16
5526.02698 1.3241e-16
5527.56091 1.3455e-16
5529.09484 1.3587e-16
5530.62877 1.252e-16
5532.1627 1.2167e-16
5533.69663 1.2754e-16
5535.23056 1.3631e-16
5536.76449 1.3588e-16
5538.29842 1.2954e-16
5539.83235 1.1558e-16
5541.36628 1.2028e-16
5542.90021 1.3239e-16
5544.43414 1.3782e-16
5545.96807 1.2893e-16
5547.502 1.3047e-16
5549.03593 1.397e-16
5550.56986 1.39e-16
5552.10379 1.2495e-16
5553.63772 1.3053e-16
5555.17165 1.3358e-16
5556.70558 1.3588e-16
5558.23951 1.4973e-16
5559.77344 1.4125e-16
5561.30737 1.3299e-16
5562.8413 1.4475e-16
5564.37523 1.5019e-16
5565.90916 1.4138e-16
5567.44309 1.4519e-16
5568.97702 1.3359e-16
5570.51095 1.2956e-16
5572.04488 1.5129e-16
5573.57881 1.4863e-16
5575.11274 1.4519e-16
5576.64667 1.8015e-16
5578.1806 1.4898e-16
5579.71453 1.2569e-16
5581.24846 1.4463e-16
5582.78239 1.4689e-16
5584.31632 1.3037e-16
5585.85025 1.3206e-16
5587.38418 1.4114e-16
5588.91811 1.4935e-16
5590.45204 1.4805e-16
5591.98597 1.3978e-16
5593.5199 1.4552e-16
5595.05383 1.5095e-16
5596.58776 1.3942e-16
5598.12169 1.3052e-16
5599.65562 1.3649e-16
5601.18955 1.3886e-16
5602.72348 1.4557e-16
5604.25741 1.5275e-16
5605.79134 1.5342e-16
5607.32527 1.4753e-16
5608.8592 1.4093e-16
5610.39313 1.4522e-16
5611.92706 1.4081e-16
5613.46099 1.3488e-16
5614.99492 1.4214e-16
5616.52885 1.4277e-16
5618.06278 1.4004e-16
5619.59671 1.4817e-16
5621.13064 1.4605e-16
5622.66457 1.5192e-16
5624.1985 1.4571e-16
5625.73243 1.4404e-16
5627.26636 1.4463e-16
5628.80029 1.4585e-16
5630.33422 1.5119e-16
5631.86815 1.5113e-16
5633.40208 1.4403e-16
5634.93601 1.3011e-16
5636.46994 1.3686e-16
5638.00387 1.4573e-16
5639.5378 1.4225e-16
5641.07173 1.3963e-16
5642.60566 1.3203e-16
5644.13959 1.408e-16
5645.67352 1.4359e-16
5647.20745 1.4344e-16
5648.74138 1.4522e-16
5650.27531 1.4171e-16
5651.80924 1.4601e-16
5653.34317 1.4119e-16
5654.8771 1.4354e-16
5656.41103 1.4488e-16
5657.94496 1.419e-16
5659.47889 1.4015e-16
5661.01282 1.4488e-16
5662.54675 1.4928e-16
5664.08068 1.5096e-16
5665.61461 1.4307e-16
5667.14854 1.3738e-16
5668.68247 1.3706e-16
5670.2164 1.424e-16
5671.75033 1.5275e-16
5673.28426 1.4534e-16
5674.81819 1.3819e-16
5676.35212 1.3472e-16
5677.88605 1.4147e-16
5679.41998 1.4937e-16
5680.95391 1.5073e-16
5682.48784 1.4284e-16
5684.02177 1.4559e-16
5685.5557 1.3928e-16
5687.08963 1.2161e-16
5688.62356 1.2778e-16
5690.15749 1.4137e-16
5691.69142 1.4269e-16
5693.22535 1.4088e-16
5694.75928 1.3117e-16
5696.29321 1.284e-16
5697.82714 1.3496e-16
5699.36107 1.3494e-16
5700.895 1.3502e-16
5702.42893 1.3873e-16
5703.96286 1.4474e-16
5705.49679 1.3247e-16
5707.03072 1.2797e-16
5708.56465 1.3063e-16
5710.09858 1.3435e-16
5711.63251 1.4361e-16
5713.16644 1.3644e-16
5714.70037 1.2894e-16
5716.2343 1.3257e-16
5717.76823 1.3495e-16
5719.30216 1.3242e-16
5720.83609 1.3056e-16
5722.37002 1.2607e-16
5723.90395 1.2662e-16
5725.43788 1.2888e-16
5726.97181 1.2924e-16
5728.50574 1.2269e-16
5730.03967 1.3241e-16
5731.5736 1.3281e-16
5733.10753 1.3293e-16
5734.64146 1.2969e-16
5736.17539 1.3575e-16
5737.70932 1.2862e-16
5739.24325 1.3149e-16
5740.77718 1.3274e-16
5742.31111 1.2853e-16
5743.84504 1.3423e-16
5745.37897 1.3767e-16
5746.9129 1.3023e-16
5748.44683 1.265e-16
5749.98076 1.1585e-16
5751.51469 1.2648e-16
5753.04862 1.2722e-16
5754.58255 1.1737e-16
5756.11648 1.2308e-16
5757.65041 1.3268e-16
5759.18434 1.285e-16
5760.71827 1.2725e-16
5762.2522 1.2598e-16
5763.78613 1.2162e-16
5765.32006 1.1896e-16
5766.85399 1.2846e-16
5768.38792 1.1848e-16
5769.92185 1.1048e-16
5771.45578 1.1792e-16
5772.98971 1.1377e-16
5774.52364 1.1616e-16
5776.05757 1.1355e-16
5777.5915 1.1358e-16
5779.12543 1.1589e-16
5780.65936 1.1928e-16
5782.19329 1.218e-16
5783.72722 1.1567e-16
5785.26115 1.1084e-16
5786.79508 1.098e-16
5788.32901 1.0845e-16
5789.86294 1.1771e-16
5791.39687 1.1759e-16
5792.9308 1.1564e-16
5794.46473 1.1126e-16
5795.99866 1.1574e-16
5797.53259 1.1001e-16
5799.06652 1.0406e-16
5800.60045 1.0527e-16
5802.13438 1.193e-16
5803.66831 1.2462e-16
5805.20224 1.143e-16
5806.73617 1.0623e-16
5808.2701 1.0804e-16
5809.80403 1.0972e-16
5811.33796 1.0756e-16
5812.87189 1.1016e-16
5814.40582 1.0822e-16
5815.93975 1.0547e-16
5817.47368 1.0697e-16
5819.00761 1.0562e-16
5820.54154 1.1305e-16
5822.07547 1.1219e-16
5823.6094 1.0543e-16
5825.14333 1.1081e-16
5826.67726 1.1153e-16
5828.21119 1.0957e-16
5829.74512 1.0976e-16
5831.27905 1.0699e-16
5832.81298 1.0801e-16
5834.34691 1.0871e-16
5835.88084 1.0607e-16
5837.41477 1.0408e-16
5838.9487 1.038e-16
5840.48263 9.8391e-17
5842.01656 1.0177e-16
5843.55049 1.1071e-16
5845.08442 1.0637e-16
5846.61835 1.024e-16
5848.15228 1.098e-16
5849.68621 1.1553e-16
5851.22014 1.044e-16
5852.75407 9.8322e-17
5854.288 1.0583e-16
5855.82193 1.0218e-16
5857.35586 9.944e-17
5858.88979 1.0563e-16
5860.42372 1.0133e-16
5861.95765 9.4225e-17
5863.49158 9.704e-17
5865.02551 1.0499e-16
5866.55944 1.0682e-16
5868.09337 1.0688e-16
5869.6273 9.9052e-17
5871.16123 9.187e-17
5872.69516 9.8762e-17
5874.22909 1.0758e-16
5875.76302 1.0494e-16
5877.29695 9.8577e-17
5878.83088 1.0101e-16
5880.36481 1.1304e-16
5881.89874 9.7651e-17
5883.43267 8.6136e-17
5884.9666 8.7047e-17
5886.50053 8.5404e-17
5888.03446 7.9379e-17
5889.56839 9.6682e-17
5891.10232 9.3117e-17
5892.63625 7.9427e-17
5894.17018 9.1286e-17
5895.70411 1.0566e-16
5897.23804 8.9116e-17
5898.77197 8.8343e-17
5900.3059 9.3093e-17
5901.83983 9.5706e-17
5903.37376 1.0299e-16
5904.90769 9.681e-17
5906.44162 8.858e-17
5907.97555 8.8892e-17
5909.50948 9.2735e-17
5911.04341 9.2391e-17
5912.57734 9.2878e-17
5914.11127 9.8592e-17
5915.6452 9.5677e-17
5917.17913 9.4817e-17
5918.71306 9.2632e-17
5920.24699 9.4118e-17
5921.78092 1.0442e-16
5923.31485 1.047e-16
5924.84878 1.0071e-16
5926.38271 9.4864e-17
5927.91664 9.8108e-17
5929.45057 9.7614e-17
5930.9845 9.6403e-17
5932.51843 9.4579e-17
5934.05236 9.1663e-17
5935.58629 9.4467e-17
5937.12022 9.6244e-17
5938.65415 9.3893e-17
5940.18808 9.3998e-17
5941.72201 9.9745e-17
5943.25594 8.7755e-17
5944.78987 8.3532e-17
5946.3238 8.6176e-17
5947.85773 9.1776e-17
5949.39166 9.7853e-17
5950.92559 9.4431e-17
5952.45952 9.3457e-17
5953.99345 8.7818e-17
5955.52738 8.4143e-17
5957.06131 8.6587e-17
5958.59524 9.06e-17
5960.12917 9.1303e-17
5961.6631 8.787e-17
5963.19703 8.5466e-17
5964.73096 8.6861e-17
5966.26489 1.0088e-16
5967.79882 9.5493e-17
5969.33275 9.8134e-17
5970.86668 9.4582e-17
5972.40061 9.4917e-17
5973.93454 9.6429e-17
5975.46847 9.8592e-17
5977.0024 9.9457e-17
5978.53633 9.4615e-17
5980.07026 9.0366e-17
5981.60419 9.065e-17
5983.13812 9.6232e-17
5984.67205 1.0407e-16
5986.20598 9.4536e-17
5987.73991 9.1807e-17
5989.27384 9.7008e-17
5990.80777 9.4321e-17
5992.3417 8.8856e-17
5993.87563 9.2655e-17
5995.40956 9.3207e-17
5996.94349 8.9194e-17
5998.47742 9.6001e-17
6000.01135 9.266e-17
6001.54528 9.6033e-17
6003.07921 1.0107e-16
6004.61314 9.1011e-17
6006.14707 8.2202e-17
6007.681 8.9325e-17
6009.21493 8.7549e-17
6010.74886 8.6078e-17
6012.28279 9.0273e-17
6013.81672 9.8025e-17
6015.35065 9.6728e-17
6016.88458 9.2377e-17
6018.41851 8.6743e-17
6019.95244 8.9412e-17
6021.48637 9.1141e-17
6023.0203 8.8932e-17
6024.55423 8.7479e-17
6026.08816 9.4946e-17
6027.62209 9.6576e-17
6029.15602 9.1813e-17
6030.68995 9.4554e-17
6032.22388 9.0893e-17
6033.75781 8.903e-17
6035.29174 8.9014e-17
6036.82567 8.5582e-17
6038.3596 9.2431e-17
6039.89353 8.747e-17
6041.42746 8.8398e-17
6042.96139 9.5324e-17
6044.49532 9.7947e-17
6046.02925 9.5232e-17
6047.56318 9.0076e-17
6049.09711 8.8684e-17
6050.63104 9.4322e-17
6052.16497 9.04e-17
6053.6989 8.4468e-17
6055.23283 8.78e-17
6056.76676 9.2845e-17
6058.30069 9.4465e-17
6059.83462 9.3891e-17
6061.36855 9.3196e-17
6062.90248 9.1546e-17
6064.43641 8.7913e-17
6065.97034 8.6312e-17
6067.50427 9.1025e-17
6069.0382 9.5199e-17
6070.57213 9.7964e-17
6072.10606 9.1647e-17
6073.63999 8.6142e-17
6075.17392 8.819e-17
6076.70785 8.5747e-17
6078.24178 8.8824e-17
6079.77571 9.044e-17
6081.30964 8.7611e-17
6082.84357 8.2165e-17
6084.3775 8.1058e-17
6085.91143 8.537e-17
6087.44536 8.4723e-17
6088.97929 8.7729e-17
6090.51322 8.6358e-17
6092.04715 8.4672e-17
6093.58108 9.4099e-17
6095.11501 9.5995e-17
6096.64894 9.5071e-17
6098.18287 9.5048e-17
6099.7168 8.9862e-17
6101.25073 8.8045e-17
6102.78466 9.3062e-17
6104.31859 8.9318e-17
6105.85252 8.1213e-17
6107.38645 8.7763e-17
6108.92038 9.2039e-17
6110.45431 8.6707e-17
6111.98824 8.1997e-17
6113.52217 8.3171e-17
6115.0561 8.4547e-17
6116.59003 8.1887e-17
6118.12396 8.4208e-17
6119.65789 8.9347e-17
6121.19182 8.3799e-17
6122.72575 8.0878e-17
6124.25968 7.8035e-17
6125.79361 9.0648e-17
6127.32754 1.015e-16
6128.86147 9.5749e-17
6130.3954 8.7216e-17
6131.92933 8.9682e-17
6133.46326 9.0359e-17
6134.99719 8.4694e-17
6136.53112 8.2678e-17
6138.06505 8.7167e-17
6139.59898 8.8005e-17
6141.13291 8.9054e-17
6142.66684 8.6967e-17
6144.20077 8.9572e-17
6145.7347 8.6714e-17
6147.26863 7.8267e-17
6148.80256 8.8397e-17
6150.33649 8.835e-17
6151.87042 8.5478e-17
6153.40435 8.3642e-17
6154.93828 8.4566e-17
6156.47221 8.5662e-17
6158.00614 8.6527e-17
6159.54007 8.9509e-17
6161.074 8.9547e-17
6162.60793 8.2551e-17
6164.14186 8.2758e-17
6165.67579 8.2009e-17
6167.20972 9.0972e-17
6168.74365 7.9115e-17
6170.27758 7.5145e-17
6171.81151 8.8458e-17
6173.34544 8.7922e-17
6174.87937 8.174e-17
6176.4133 8.1146e-17
6177.94723 8.7451e-17
6179.48116 8.8891e-17
6181.01509 8.2386e-17
6182.54902 7.9754e-17
6184.08295 9.0521e-17
6185.61688 8.9375e-17
6187.15081 8.3232e-17
6188.68474 8.7584e-17
6190.21867 8.4485e-17
6191.7526 8.0394e-17
6193.28653 8.6445e-17
6194.82046 8.3758e-17
6196.35439 8.1521e-17
6197.88832 8.4887e-17
6199.42225 8.4706e-17
6200.95618 9.5032e-17
6202.49011 8.6604e-17
6204.02404 8.1058e-17
6205.55797 7.7964e-17
6207.0919 9.0723e-17
6208.62583 8.7737e-17
6210.15976 8.5518e-17
6211.69369 8.3984e-17
6213.22762 8.5587e-17
6214.76155 8.75e-17
6216.29548 9.0726e-17
6217.82941 8.5891e-17
6219.36334 8.2683e-17
6220.89727 8.1089e-17
6222.4312 8.0695e-17
6223.96513 8.4208e-17
6225.49906 7.7874e-17
6227.03299 7.8974e-17
6228.56692 8.1691e-17
6230.10085 8.7613e-17
6231.63478 8.4386e-17
6233.16871 8.2857e-17
6234.70264 8.7008e-17
6236.23657 8.3714e-17
6237.7705 7.838e-17
6239.30443 8.5058e-17
6240.83836 7.8536e-17
6242.37229 8.1556e-17
6243.90622 8.5087e-17
6245.44015 8.7531e-17
6246.97408 8.9539e-17
6248.50801 9.5593e-17
6250.04194 8.2629e-17
6251.57587 8.0805e-17
6253.1098 9.6941e-17
6254.64373 9.4673e-17
6256.17766 8.3743e-17
6257.71159 8.4262e-17
6259.24552 8.2026e-17
6260.77945 8.4141e-17
6262.31338 8.5002e-17
6263.84731 8.3956e-17
6265.38124 8.1287e-17
6266.91517 9.0614e-17
6268.4491 8.7106e-17
6269.98303 9.1727e-17
6271.51696 8.9527e-17
6273.05089 8.8115e-17
6274.58482 8.7943e-17
6276.11875 8.3487e-17
6277.65268 8.3233e-17
6279.18661 8.4432e-17
6280.72054 8.5664e-17
6282.25447 8.3999e-17
6283.7884 8.1664e-17
6285.32233 8.8465e-17
6286.85626 8.7224e-17
6288.39019 8.5015e-17
6289.92412 8.301e-17
6291.45805 8.7319e-17
6292.99198 8.785e-17
6294.52591 8.9545e-17
6296.05984 8.1386e-17
6297.59377 6.852e-17
6299.1277 7.7776e-17
6300.66163 8.5621e-17
6302.19556 8.0983e-17
6303.72949 7.9291e-17
6305.26342 7.8397e-17
6306.79735 8.7175e-17
6308.33128 9.2845e-17
6309.86521 9.0174e-17
6311.39914 9.289e-17
6312.93307 8.375e-17
6314.467 8.1762e-17
6316.00093 8.4969e-17
6317.53486 8.9948e-17
6319.06879 8.9348e-17
6320.60272 8.8556e-17
6322.13665 8.9985e-17
6323.67058 8.6176e-17
6325.20451 8.3962e-17
6326.73844 8.7785e-17
6328.27237 9.4205e-17
6329.8063 9.5032e-17
6331.34023 9.6144e-17
6332.87416 9.2932e-17
6334.40809 9.029e-17
6335.94202 8.9439e-17
6337.47595 8.7906e-17
6339.00988 9.1468e-17
6340.54381 9.3998e-17
6342.07774 9.3214e-17
6343.61167 9.2622e-17
6345.1456 8.9632e-17
6346.67953 8.3541e-17
6348.21346 8.9411e-17
6349.74739 8.86e-17
6351.28132 8.5744e-17
6352.81525 9.3631e-17
6354.34918 1.0275e-16
6355.88311 9.7403e-17
6357.41704 8.8927e-17
6358.95097 9.9516e-17
6360.4849 9.5866e-17
6362.01883 9.4441e-17
6363.55276 9.3656e-17
6365.08669 8.5168e-17
6366.62062 8.7552e-17
6368.15455 8.8558e-17
6369.68848 8.6566e-17
6371.22241 9.3432e-17
6372.75634 9.6969e-17
6374.29027 9.0983e-17
6375.8242 9.8169e-17
6377.35813 9.751e-17
6378.89206 9.014e-17
6380.42599 9.1004e-17
6381.95992 8.8819e-17
6383.49385 9.3783e-17
6385.02778 9.7119e-17
6386.56171 9.0613e-17
6388.09564 9.0881e-17
6389.62957 9.9221e-17
6391.1635 9.9276e-17
6392.69743 9.5509e-17
6394.23136 9.8423e-17
6395.76529 9.4568e-17
6397.29922 8.5592e-17
6398.83315 9.0514e-17
6400.36708 9.9224e-17
6401.90101 9.4262e-17
6403.43494 9.739e-17
6404.96887 9.9445e-17
6406.5028 9.5806e-17
6408.03673 9.4199e-17
6409.57066 9.6622e-17
6411.10459 9.2782e-17
6412.63852 9.4418e-17
6414.17245 9.4721e-17
6415.70638 9.7511e-17
6417.24031 1.0249e-16
6418.77424 9.7456e-17
6420.30817 9.6135e-17
6421.8421 9.2443e-17
6423.37603 9.0965e-17
6424.90996 9.835e-17
6426.44389 9.8673e-17
6427.97782 9.4452e-17
6429.51175 9.1603e-17
6431.04568 9.195e-17
6432.57961 9.8263e-17
6434.11354 1.0182e-16
6435.64747 9.8358e-17
6437.1814 9.4825e-17
6438.71533 9.2937e-17
6440.24926 9.263e-17
6441.78319 9.482e-17
6443.31712 9.7381e-17
6444.85105 9.5877e-17
6446.38498 9.2528e-17
6447.91891 9.4582e-17
6449.45284 9.859e-17
6450.98677 9.486e-17
6452.5207 9.6666e-17
6454.05463 1.0269e-16
6455.58856 9.592e-17
6457.12249 9.0589e-17
6458.65642 9.3597e-17
6460.19035 9.3104e-17
6461.72428 9.2533e-17
6463.25821 1.031e-16
6464.79214 1.0367e-16
6466.32607 9.7894e-17
6467.86 9.9155e-17
6469.39393 9.721e-17
6470.92786 9.8827e-17
6472.46179 9.8855e-17
6473.99572 9.8568e-17
6475.52965 9.9261e-17
6477.06358 1.0103e-16
6478.59751 9.8162e-17
6480.13144 9.1805e-17
6481.66537 9.4891e-17
6483.1993 9.7845e-17
6484.73323 9.9173e-17
6486.26716 1.0362e-16
6487.80109 1.0212e-16
6489.33502 1.0055e-16
6490.86895 1.0237e-16
6492.40288 1.0058e-16
6493.93681 9.8891e-17
6495.47074 1.0393e-16
6497.00467 1.0706e-16
6498.5386 1.0422e-16
6500.07253 1.008e-16
6501.60646 1.0202e-16
6503.14039 1.0277e-16
6504.67432 9.9643e-17
6506.20825 9.4033e-17
6507.74218 9.5854e-17
6509.27611 9.9995e-17
6510.81004 9.7582e-17
6512.34397 9.7902e-17
6513.8779 1.0319e-16
6515.41183 1.0505e-16
6516.94576 1.0676e-16
6518.47969 1.0541e-16
6520.01362 1.0268e-16
6521.54755 1.0302e-16
6523.08148 1.0459e-16
6524.61541 1.0963e-16
6526.14934 1.0944e-16
6527.68327 1.0655e-16
6529.2172 1.084e-16
6530.75113 1.1062e-16
6532.28506 1.0833e-16
6533.81899 1.0164e-16
6535.35292 1.0036e-16
6536.88685 1.0072e-16
6538.42078 1.0072e-16
6539.95471 1.073e-16
6541.48864 1.0912e-16
6543.02257 1.0971e-16
6544.5565 1.1198e-16
6546.09043 1.1177e-16
6547.62436 1.1267e-16
6549.15829 1.123e-16
6550.69222 1.1425e-16
6552.22615 1.193e-16
6553.76008 1.2045e-16
6555.29401 1.1381e-16
6556.82794 1.1329e-16
6558.36187 1.237e-16
6559.8958 1.2256e-16
6561.42973 1.2346e-16
6562.96366 1.3035e-16
6564.49759 1.263e-16
6566.03152 1.2088e-16
6567.56545 1.1836e-16
6569.09938 1.1914e-16
6570.63331 1.1448e-16
6572.16724 1.0972e-16
6573.70117 1.1761e-16
6575.2351 1.1355e-16
6576.76903 1.0741e-16
6578.30296 1.0999e-16
6579.83689 1.0991e-16
6581.37082 1.1144e-16
6582.90475 1.1389e-16
6584.43868 1.1329e-16
6585.97261 1.1556e-16
6587.50654 1.177e-16
6589.04047 1.1577e-16
6590.5744 1.1252e-16
6592.10833 1.0972e-16
6593.64226 1.1322e-16
6595.17619 1.1535e-16
6596.71012 1.1219e-16
6598.24405 1.1241e-16
6599.77798 1.1597e-16
6601.31191 1.2179e-16
6602.84584 1.2022e-16
6604.37977 1.1444e-16
6605.9137 1.1044e-16
6607.44763 1.1162e-16
6608.98156 1.1696e-16
6610.51549 1.1748e-16
6612.04942 1.1268e-16
6613.58335 1.158e-16
6615.11728 1.2276e-16
6616.65121 1.2148e-16
6618.18514 1.1845e-16
6619.71907 1.1191e-16
6621.253 1.1089e-16
6622.78693 1.1865e-16
6624.32086 1.1821e-16
6625.85479 1.1408e-16
6627.38872 1.1347e-16
6628.92265 1.1497e-16
6630.45658 1.1597e-16
6631.99051 1.1658e-16
6633.52444 1.1734e-16
6635.05837 1.2026e-16
6636.5923 1.24e-16
6638.12623 1.2108e-16
6639.66016 1.1691e-16
6641.19409 1.0744e-16
6642.72802 1.1104e-16
6644.26195 1.215e-16
6645.79588 1.2135e-16
6647.32981 1.1587e-16
6648.86374 1.0866e-16
6650.39767 1.1442e-16
6651.9316 1.2044e-16
6653.46553 1.2e-16
6654.99946 1.1902e-16
6656.53339 1.2057e-16
6658.06732 1.1793e-16
6659.60125 1.1541e-16
6661.13518 1.1462e-16
6662.66911 1.2341e-16
6664.20304 1.27e-16
6665.73697 1.2122e-16
6667.2709 1.1353e-16
6668.80483 1.1003e-16
6670.33876 1.1438e-16
6671.87269 1.1122e-16
6673.40662 1.1761e-16
6674.94055 1.2697e-16
6676.47448 1.2428e-16
6678.00841 1.2009e-16
6679.54234 1.2086e-16
6681.07627 1.1919e-16
6682.6102 1.146e-16
6684.14413 1.1489e-16
6685.67806 1.195e-16
6687.21199 1.1916e-16
6688.74592 1.1397e-16
6690.27985 1.1721e-16
6691.81378 1.1302e-16
6693.34771 1.0477e-16
6694.88164 1.1114e-16
6696.41557 1.1835e-16
6697.9495 1.2394e-16
6699.48343 1.1814e-16
6701.01736 1.1211e-16
6702.55129 1.1297e-16
6704.08522 1.1533e-16
6705.61915 1.209e-16
6707.15308 1.1876e-16
6708.68701 1.1881e-16
6710.22094 1.1833e-16
6711.75487 1.1317e-16
6713.2888 1.1292e-16
6714.82273 1.095e-16
6716.35666 1.076e-16
6717.89059 1.1094e-16
6719.42452 1.1644e-16
6720.95845 1.1854e-16
6722.49238 1.1175e-16
6724.02631 1.0851e-16
6725.56024 1.1616e-16
6727.09417 1.1379e-16
6728.6281 1.1086e-16
6730.16203 1.0976e-16
6731.69596 1.1048e-16
6733.22989 1.1181e-16
6734.76382 1.1362e-16
6736.29775 1.1444e-16
6737.83168 1.1234e-16
6739.36561 1.1303e-16
6740.89954 1.1256e-16
6742.43347 1.1757e-16
6743.9674 1.1376e-16
6745.50133 1.1018e-16
6747.03526 1.1248e-16
6748.56919 1.1333e-16
6750.10312 1.1453e-16
6751.63705 1.1343e-16
6753.17098 1.1111e-16
6754.70491 1.0538e-16
6756.23884 1.0696e-16
6757.77277 1.1142e-16
6759.3067 1.1255e-16
6760.84063 1.0963e-16
6762.37456 1.0726e-16
6763.90849 1.0919e-16
6765.44242 1.1241e-16
6766.97635 1.1464e-16
6768.51028 1.0848e-16
6770.04421 1.0619e-16
6771.57814 1.1116e-16
6773.11207 1.1581e-16
6774.646 1.1422e-16
6776.17993 1.0536e-16
6777.71386 1.0288e-16
6779.24779 1.1092e-16
6780.78172 1.102e-16
6782.31565 9.9088e-17
6783.84958 9.2652e-17
6785.38351 9.4283e-17
6786.91744 9.9034e-17
6788.45137 1.0578e-16
6789.9853 1.0953e-16
6791.51923 1.0601e-16
6793.05316 1.0511e-16
6794.58709 1.102e-16
6796.12102 1.1132e-16
6797.65495 1.0679e-16
6799.18888 1.0776e-16
6800.72281 1.0844e-16
6802.25674 1.0731e-16
6803.79067 1.0887e-16
6805.3246 1.2237e-16
6806.85853 1.256e-16
6808.39246 1.2301e-16
6809.92639 1.2893e-16
6811.46032 1.26e-16
6812.99425 1.1259e-16
6814.52818 1.0732e-16
6816.06211 1.0977e-16
6817.59604 1.06e-16
6819.12997 1.0045e-16
6820.6639 9.9803e-17
6822.19783 9.8862e-17
6823.73176 1.0583e-16
6825.26569 1.1208e-16
6826.79962 1.056e-16
6828.33355 1.023e-16
6829.86748 1.084e-16
6831.40141 1.0974e-16
6832.93534 1.1003e-16
6834.46927 1.0884e-16
6836.0032 1.0169e-16
6837.53713 9.7339e-17
6839.07106 1.0183e-16
6840.60499 1.0231e-16
6842.13892 1.0388e-16
6843.67285 1.0086e-16
6845.20678 9.8399e-17
6846.74071 1.0258e-16
6848.27464 1.0647e-16
6849.80857 1.0805e-16
6851.3425 1.0013e-16
6852.87643 9.3619e-17
6854.41036 9.7511e-17
6855.94429 9.7829e-17
6857.47822 9.9653e-17
6859.01215 9.6216e-17
6860.54608 9.3002e-17
6862.08001 9.4133e-17
6863.61394 9.1132e-17
6865.14787 8.9892e-17
6866.6818 8.6997e-17
6868.21573 8.633e-17
6869.74966 9.0964e-17
6871.28359 8.6135e-17
6872.81752 8.6286e-17
6874.35145 8.4816e-17
6875.88538 8.8806e-17
6877.41931 9.7012e-17
6878.95324 9.6602e-17
6880.48717 9.2466e-17
6882.0211 8.8298e-17
6883.55503 8.6735e-17
6885.08896 8.495e-17
6886.62289 8.465e-17
6888.15682 8.3119e-17
6889.69075 8.3638e-17
6891.22468 9.2919e-17
6892.75861 8.9701e-17
6894.29254 8.417e-17
6895.82647 8.4186e-17
6897.3604 8.5102e-17
6898.89433 8.8611e-17
6900.42826 8.549e-17
6901.96219 8.4295e-17
6903.49612 8.4513e-17
6905.03005 8.7288e-17
6906.56398 9.3654e-17
6908.09791 8.5956e-17
6909.63184 7.8363e-17
6911.16577 8.2318e-17
6912.6997 8.8726e-17
6914.23363 8.9466e-17
6915.76756 8.5898e-17
6917.30149 8.1919e-17
6918.83542 8.1054e-17
6920.36935 8.5806e-17
6921.90328 8.648e-17
6923.43721 8.4924e-17
6924.97114 8.4208e-17
6926.50507 7.8561e-17
6928.039 7.8888e-17
6929.57293 8.2421e-17
6931.10686 8.2778e-17
6932.64079 8.1062e-17
6934.17472 8.2977e-17
6935.70865 8.4336e-17
6937.24258 8.7992e-17
6938.77651 8.7157e-17
6940.31044 7.4451e-17
6941.84437 7.5795e-17
6943.3783 8.4804e-17
6944.91223 8.2643e-17
6946.44616 8.3084e-17
6947.98009 8.5407e-17
6949.51402 8.5597e-17
6951.04795 8.8057e-17
6952.58188 8.6163e-17
6954.11581 8.2987e-17
6955.64974 8.2704e-17
6957.18367 8.6766e-17
6958.7176 8.7181e-17
6960.25153 8.2881e-17
6961.78546 8.5217e-17
6963.31939 8.6462e-17
6964.85332 8.5977e-17
6966.38725 8.8084e-17
6967.92118 8.8897e-17
6969.45511 9.0036e-17
6970.98904 9.1836e-17
6972.52297 9.2091e-17
6974.0569 8.7744e-17
6975.59083 8.2193e-17
6977.12476 8.0704e-17
6978.65869 8.6956e-17
6980.19262 8.5138e-17
6981.72655 7.9015e-17
6983.26048 8.1761e-17
6984.79441 8.3898e-17
6986.32834 8.352e-17
6987.86227 8.1213e-17
6989.3962 7.9216e-17
6990.93013 7.8911e-17
6992.46406 7.806e-17
6993.99799 7.4562e-17
6995.53192 7.2369e-17
6997.06585 7.5266e-17
6998.59978 7.9598e-17
7000.13371 7.7316e-17
7001.66764 7.5783e-17
7003.20157 8.185e-17
7004.7355 8.6104e-17
7006.26943 8.673e-17
7007.80336 8.3522e-17
7009.33729 7.5379e-17
7010.87122 7.2966e-17
7012.40515 7.5523e-17
7013.93908 7.2904e-17
7015.47301 7.1556e-17
7017.00694 7.6695e-17
7018.54087 8.0093e-17
7020.0748 8.0203e-17
7021.60873 7.6782e-17
7023.14266 7.5842e-17
7024.67659 7.8908e-17
7026.21052 8.0742e-17
7027.74445 8.0604e-17
7029.27838 7.9141e-17
7030.81231 7.9701e-17
7032.34624 7.8752e-17
7033.88017 7.7908e-17
7035.4141 7.5636e-17
7036.94803 7.488e-17
7038.48196 7.2862e-17
7040.01589 7.2906e-17
7041.54982 7.8306e-17
7043.08375 8.5025e-17
7044.61768 8.2817e-17
7046.15161 7.7655e-17
7047.68554 7.5461e-17
7049.21947 7.4696e-17
7050.7534 7.7574e-17
7052.28733 7.6946e-17
7053.82126 8.0765e-17
7055.35519 7.3906e-17
7056.88912 6.9945e-17
7058.42305 7.5184e-17
7059.95698 7.6739e-17
7061.49091 8.2383e-17
7063.02484 7.8548e-17
7064.55877 7.1712e-17
7066.0927 7.8652e-17
7067.62663 7.9183e-17
7069.16056 7.3363e-17
7070.69449 7.5543e-17
7072.22842 7.5259e-17
7073.76235 7.0416e-17
7075.29628 7.0003e-17
7076.83021 6.7691e-17
7078.36414 6.6994e-17
7079.89807 7.3352e-17
7081.432 7.8607e-17
7082.96593 7.8281e-17
7084.49986 7.3632e-17
7086.03379 7.1428e-17
7087.56772 7.4891e-17
7089.10165 7.1574e-17
7090.63558 7.3507e-17
7092.16951 7.6144e-17
7093.70344 7.8379e-17
7095.23737 7.9403e-17
7096.7713 7.5114e-17
7098.30523 7.4446e-17
7099.83916 7.4006e-17
7101.37309 7.4574e-17
7102.90702 8.0124e-17
7104.44095 7.86e-17
7105.97488 7.0941e-17
7107.50881 6.9341e-17
7109.04274 7.5893e-17
7110.57667 7.4307e-17
7112.1106 7.4618e-17
7113.64453 7.4112e-17
7115.17846 7.0223e-17
7116.71239 6.8845e-17
7118.24632 7.2189e-17
7119.78025 7.7344e-17
7121.31418 7.7451e-17
7122.84811 7.6196e-17
7124.38204 7.4967e-17
7125.91597 7.5877e-17
7127.4499 7.4548e-17
7128.98383 7.0937e-17
7130.51776 7.381e-17
7132.05169 7.5613e-17
7133.58562 7.2599e-17
7135.11955 7.5301e-17
7136.65348 7.5516e-17
7138.18741 6.884e-17
7139.72134 7.1638e-17
7141.25527 7.646e-17
7142.7892 6.7789e-17
7144.32313 6.7246e-17
7145.85706 6.9301e-17
7147.39099 6.8889e-17
7148.92492 7.3551e-17
7150.45885 7.666e-17
7151.99278 7.5487e-17
7153.52671 7.2686e-17
7155.06064 6.7437e-17
7156.59457 7.0386e-17
7158.1285 7.4675e-17
7159.66243 7.3673e-17
7161.19636 7.5458e-17
7162.73029 7.4614e-17
7164.26422 7.2149e-17
7165.79815 7.0127e-17
7167.33208 6.7935e-17
7168.86601 6.634e-17
7170.39994 6.5938e-17
7171.93387 6.6703e-17
7173.4678 6.3991e-17
7175.00173 6.497e-17
7176.53566 6.9405e-17
7178.06959 7.4418e-17
7179.60352 7.1239e-17
7181.13745 7.1157e-17
7182.67138 7.1823e-17
7184.20531 7.26e-17
7185.73924 7.8158e-17
7187.27317 7.06e-17
7188.8071 6.1869e-17
7190.34103 6.7522e-17
7191.87496 6.7612e-17
7193.40889 6.216e-17
7194.94282 6.3318e-17
7196.47675 7.0038e-17
7198.01068 7.098e-17
7199.54461 6.5845e-17
7201.07854 7.1153e-17
7202.61247 7.8053e-17
7204.1464 7.7019e-17
7205.68033 7.2204e-17
7207.21426 7.1015e-17
7208.74819 7.5138e-17
7210.28212 7.4382e-17
7211.81605 6.7801e-17
7213.34998 6.9105e-17
7214.88391 6.7846e-17
7216.41784 6.9631e-17
7217.95177 7.1154e-17
7219.4857 7.0606e-17
7221.01963 7.6156e-17
7222.55356 7.5691e-17
7224.08749 6.9992e-17
7225.62142 6.7352e-17
7227.15535 6.7102e-17
7228.68928 6.1818e-17
7230.22321 6.4841e-17
7231.75714 6.8078e-17
7233.29107 7.2461e-17
7234.825 6.7644e-17
7236.35893 6.9073e-17
7237.89286 6.5364e-17
7239.42679 6.5779e-17
7240.96072 6.7254e-17
7242.49465 7.0079e-17
7244.02858 7.3966e-17
7245.56251 7.3646e-17
7247.09644 6.7167e-17
7248.63037 6.0928e-17
7250.1643 7.0766e-17
7251.69823 6.4949e-17
7253.23216 6.1516e-17
7254.76609 7.3068e-17
7256.30002 7.7879e-17
7257.83395 7.185e-17
7259.36788 7.1072e-17
7260.90181 6.7589e-17
7262.43574 7.0466e-17
7263.96967 7.1678e-17
7265.5036 7.2255e-17
7267.03753 7.0063e-17
7268.57146 7.2204e-17
7270.10539 7.316e-17
7271.63932 7.3058e-17
7273.17325 6.79e-17
7274.70718 7.4699e-17
7276.24111 6.9068e-17
7277.77504 6.1748e-17
7279.30897 6.7701e-17
7280.8429 7.6259e-17
7282.37683 7.8175e-17
7283.91076 7.3831e-17
7285.44469 6.8139e-17
7286.97862 6.5639e-17
7288.51255 6.2391e-17
7290.04648 6.5935e-17
7291.58041 7.3023e-17
7293.11434 7.1002e-17
7294.64827 7.1603e-17
7296.1822 7.1134e-17
7297.71613 6.6128e-17
7299.25006 6.4741e-17
7300.78399 6.9109e-17
7302.31792 7.2606e-17
7303.85185 7.091e-17
7305.38578 7.0274e-17
7306.91971 7.2668e-17
7308.45364 7.094e-17
7309.98757 7.8958e-17
7311.5215 8.4085e-17
7313.05543 8.4757e-17
7314.58936 7.1279e-17
7316.12329 6.6186e-17
7317.65722 6.6783e-17
7319.19115 7.0906e-17
7320.72508 6.7354e-17
7322.25901 6.9752e-17
7323.79294 7.7389e-17
7325.32687 7.9816e-17
7326.8608 7.4783e-17
7328.39473 7.0621e-17
7329.92866 6.6175e-17
7331.46259 7.0069e-17
7332.99652 6.8748e-17
7334.53045 6.9125e-17
7336.06438 7.5628e-17
7337.59831 7.7154e-17
7339.13224 7.7687e-17
7340.66617 7.5093e-17
7342.2001 7.3536e-17
7343.73403 6.9048e-17
7345.26796 6.7842e-17
7346.80189 7.3785e-17
7348.33582 7.0741e-17
7349.86975 6.9108e-17
7351.40368 7.4418e-17
7352.93761 7.9172e-17
7354.47154 7.7169e-17
7356.00547 7.658e-17
7357.5394 7.6367e-17
7359.07333 7.1794e-17
7360.60726 6.7866e-17
7362.14119 6.9951e-17
7363.67512 7.4706e-17
7365.20905 7.4764e-17
7366.74298 6.8038e-17
7368.27691 6.7095e-17
7369.81084 6.9549e-17
7371.34477 7.22e-17
7372.8787 6.8683e-17
7374.41263 6.7625e-17
7375.94656 7.0568e-17
7377.48049 7.2948e-17
7379.01442 7.8865e-17
7380.54835 7.2382e-17
7382.08228 7.1001e-17
7383.61621 7.6298e-17
7385.15014 7.5235e-17
7386.68407 7.3871e-17
7388.218 6.9181e-17
7389.75193 8.3016e-17
7391.28586 8.798e-17
7392.81979 7.8054e-17
7394.35372 7.5543e-17
7395.88765 7.3675e-17
7397.42158 7.9891e-17
7398.95551 7.7024e-17
7400.48944 7.4422e-17
7402.02337 7.8515e-17
7403.5573 7.5191e-17
7405.09123 7.4424e-17
7406.62516 8.0724e-17
7408.15909 7.7684e-17
7409.69302 7.2197e-17
7411.22695 7.7405e-17
7412.76088 7.9597e-17
7414.29481 8.0016e-17
7415.82874 7.9144e-17
7417.36267 7.3675e-17
7418.8966 7.4402e-17
7420.43053 7.7883e-17
7421.96446 7.6806e-17
7423.49839 7.5e-17
7425.03232 7.8307e-17
7426.56625 7.9656e-17
7428.10018 7.9176e-17
7429.63411 7.9355e-17
7431.16804 7.7179e-17
7432.70197 7.7273e-17
7434.2359 7.432e-17
7435.76983 7.2254e-17
7437.30376 7.6044e-17
7438.83769 7.5392e-17
7440.37162 7.4435e-17
7441.90555 7.8187e-17
7443.43948 7.796e-17
7444.97341 7.8076e-17
7446.50734 7.7926e-17
7448.04127 7.3729e-17
7449.5752 7.0472e-17
7451.10913 7.4157e-17
7452.64306 7.6597e-17
7454.17699 7.2462e-17
7455.71092 7.7087e-17
7457.24485 8.3342e-17
7458.77878 7.943e-17
7460.31271 7.636e-17
7461.84664 7.8365e-17
7463.38057 7.9508e-17
7464.9145 8.078e-17
7466.44843 8.028e-17
7467.98236 7.7907e-17
7469.51629 7.9012e-17
7471.05022 8.291e-17
7472.58415 8.3472e-17
7474.11808 7.9807e-17
7475.65201 7.7375e-17
7477.18594 7.7531e-17
7478.71987 8.0816e-17
7480.2538 8.0647e-17
7481.78773 7.2772e-17
7483.32166 7.1944e-17
7484.85559 7.7741e-17
7486.38952 7.5439e-17
7487.92345 7.7387e-17
7489.45738 8.4739e-17
7490.99131 8.2398e-17
7492.52524 7.8069e-17
7494.05917 7.8861e-17
7495.5931 7.9291e-17
7497.12703 8.3469e-17
7498.66096 8.3041e-17
7500.19489 7.8623e-17
7501.72882 8.0339e-17
7503.26275 8.1097e-17
7504.79668 8.1075e-17
7506.33061 7.9986e-17
7507.86454 7.911e-17
7509.39847 7.7229e-17
7510.9324 8.0864e-17
7512.46633 8.0574e-17
7514.00026 7.372e-17
7515.53419 7.3494e-17
7517.06812 7.887e-17
7518.60205 8.5286e-17
7520.13598 9.0475e-17
7521.66991 8.1665e-17
7523.20384 7.4293e-17
7524.73777 7.4851e-17
7526.2717 7.8238e-17
7527.80563 8.3032e-17
7529.33956 7.6736e-17
7530.87349 7.7763e-17
7532.40742 7.8985e-17
7533.94135 8.0815e-17
7535.47528 7.8071e-17
7537.00921 7.1696e-17
7538.54314 7.1075e-17
7540.07707 7.6339e-17
7541.611 7.5537e-17
7543.14493 7.8184e-17
7544.67886 7.5108e-17
7546.21279 7.2086e-17
7547.74672 7.377e-17
7549.28065 7.9037e-17
7550.81458 7.8068e-17
7552.34851 7.718e-17
7553.88244 8.013e-17
7555.41637 7.5011e-17
7556.9503 7.4347e-17
7558.48423 7.3452e-17
7560.01816 7.4408e-17
7561.55209 7.8304e-17
7563.08602 7.9356e-17
7564.61995 7.9977e-17
7566.15388 8.1666e-17
7567.68781 8.1734e-17
7569.22174 7.7848e-17
7570.75567 7.3239e-17
7572.2896 7.8295e-17
7573.82353 7.9052e-17
7575.35746 7.8158e-17
7576.89139 8.1122e-17
7578.42532 7.7267e-17
7579.95925 7.4377e-17
7581.49318 7.5333e-17
7583.02711 8.1141e-17
7584.56104 7.9468e-17
7586.09497 7.8958e-17
7587.6289 7.586e-17
7589.16283 7.7766e-17
7590.69676 7.451e-17
7592.23069 6.0835e-17
7593.76462 6.1175e-17
7595.29855 6.1458e-17
7596.83248 5.6301e-17
7598.36641 5.9929e-17
7599.90034 6.3749e-17
7601.43427 5.5939e-17
7602.9682 5.3018e-17
7604.50213 5.266e-17
7606.03606 4.8593e-17
7607.56999 4.6667e-17
7609.10392 5.3188e-17
7610.63785 5.7334e-17
7612.17178 5.8975e-17
7613.70571 6.7245e-17
7615.23964 6.8293e-17
7616.77357 7.2946e-17
7618.3075 7.1475e-17
7619.84143 6.9484e-17
7621.37536 7.214e-17
7622.90929 7.4367e-17
7624.44322 6.532e-17
7625.97715 5.845e-17
7627.51108 5.9243e-17
7629.04501 6.827e-17
7630.57894 7.1935e-17
7632.11287 7.2156e-17
7633.6468 6.617e-17
7635.18073 6.237e-17
7636.71466 6.6172e-17
7638.24859 6.9902e-17
7639.78252 6.3298e-17
7641.31645 6.4966e-17
7642.85038 6.4427e-17
7644.38431 6.3311e-17
7645.91824 6.187e-17
7647.45217 6.3529e-17
7648.9861 7.1142e-17
7650.52003 6.8278e-17
7652.05396 6.7138e-17
7653.58789 7.177e-17
7655.12182 6.841e-17
7656.65575 6.5199e-17
7658.18968 6.7553e-17
7659.72361 6.9854e-17
7661.25754 6.9824e-17
7662.79147 7.3292e-17
7664.3254 7.2647e-17
7665.85933 7.226e-17
7667.39326 7.0989e-17
7668.92719 6.8451e-17
7670.46112 6.8822e-17
7671.99505 6.8828e-17
7673.52898 6.7632e-17
7675.06291 6.7512e-17
7676.59684 7.13e-17
7678.13077 6.9911e-17
7679.6647 6.8148e-17
7681.19863 7.4352e-17
7682.73256 7.5933e-17
7684.26649 7.2444e-17
7685.80042 7.2066e-17
7687.33435 7.3298e-17
7688.86828 7.3058e-17
7690.40221 7.1129e-17
7691.93614 6.9785e-17
7693.47007 7.3251e-17
7695.004 7.3433e-17
7696.53793 6.7609e-17
7698.07186 6.7595e-17
7699.60579 7.0216e-17
7701.13972 7.432e-17
7702.67365 7.1975e-17
7704.20758 6.5462e-17
7705.74151 7.19e-17
7707.27544 8.0056e-17
7708.80937 7.237e-17
7710.3433 6.7612e-17
7711.87723 7.6262e-17
7713.41116 8.0863e-17
7714.94509 7.1712e-17
7716.47902 7.4055e-17
7718.01295 7.5339e-17
7719.54688 6.4525e-17
7721.08081 5.8989e-17
7722.61474 6.1764e-17
7724.14867 6.0421e-17
7725.6826 5.9714e-17
7727.21653 6.8543e-17
7728.75046 6.8978e-17
7730.28439 5.8828e-17
7731.81832 5.8836e-17
7733.35225 6.6173e-17
7734.88618 6.4961e-17
7736.42011 6.5443e-17
7737.95404 7.1004e-17
7739.48797 6.9738e-17
7741.0219 6.9676e-17
7742.55583 6.9377e-17
7744.08976 7.1984e-17
7745.62369 7.8425e-17
7747.15762 8.001e-17
7748.69155 7.1788e-17
7750.22548 6.3242e-17
7751.75941 6.2696e-17
7753.29334 6.8174e-17
7754.82727 7.1822e-17
7756.3612 6.8945e-17
7757.89513 6.5803e-17
7759.42906 6.4423e-17
7760.96299 6.5592e-17
7762.49692 6.517e-17
7764.03085 6.3748e-17
7765.56478 6.9141e-17
7767.09871 7.0154e-17
7768.63264 6.5468e-17
7770.16657 6.4611e-17
7771.7005 6.2284e-17
7773.23443 6.3873e-17
7774.76836 7.0152e-17
7776.30229 6.8639e-17
7777.83622 6.4125e-17
7779.37015 6.7171e-17
7780.90408 6.679e-17
7782.43801 6.1725e-17
7783.97194 5.9996e-17
7785.50587 6.3464e-17
7787.0398 6.7466e-17
7788.57373 6.5774e-17
7790.10766 6.6552e-17
7791.64159 6.4202e-17
7793.17552 6.4739e-17
7794.70945 7.2117e-17
7796.24338 6.6862e-17
7797.77731 6.3951e-17
7799.31124 6.3425e-17
7800.84517 6.637e-17
7802.3791 6.7438e-17
7803.91303 6.4406e-17
7805.44696 6.7997e-17
7806.98089 7.2694e-17
7808.51482 6.8061e-17
7810.04875 6.4881e-17
7811.58268 6.8593e-17
7813.11661 6.6137e-17
7814.65054 7.0479e-17
7816.18447 7.8375e-17
7817.7184 6.8925e-17
7819.25233 6.5718e-17
7820.78626 6.7837e-17
7822.32019 7.0945e-17
7823.85412 6.854e-17
7825.38805 6.9706e-17
7826.92198 6.8723e-17
7828.45591 6.9645e-17
7829.98984 7.4095e-17
7831.52377 6.7535e-17
7833.0577 6.5877e-17
7834.59163 6.8158e-17
7836.12556 6.5029e-17
7837.65949 6.9904e-17
7839.19342 7.2845e-17
7840.72735 6.9267e-17
7842.26128 6.3927e-17
7843.79521 6.7095e-17
7845.32914 6.6692e-17
7846.86307 6.6347e-17
7848.397 8.2738e-17
7849.93093 7.6939e-17
7851.46486 6.2556e-17
7852.99879 6.8195e-17
7854.53272 6.7015e-17
7856.06665 6.1992e-17
7857.60058 6.8754e-17
7859.13451 6.6184e-17
7860.66844 6.9504e-17
7862.20237 7.3107e-17
7863.7363 6.8007e-17
7865.27023 6.7263e-17
7866.80416 7.7927e-17
7868.33809 7.7244e-17
7869.87202 7.3902e-17
7871.40595 7.0891e-17
7872.93988 7.2763e-17
7874.47381 7.61e-17
7876.00774 7.6332e-17
7877.54167 6.0356e-17
7879.0756 5.7748e-17
7880.60953 7.2232e-17
7882.14346 7.665e-17
7883.67739 6.7419e-17
7885.21132 6.6544e-17
7886.74525 6.6024e-17
7888.27918 6.8503e-17
7889.81311 7.3967e-17
7891.34704 7.9448e-17
7892.88097 7.4764e-17
7894.4149 6.9559e-17
7895.94883 6.6281e-17
7897.48276 6.3425e-17
7899.01669 7.0491e-17
7900.55062 7.321e-17
7902.08455 7.7791e-17
7903.61848 7.5478e-17
7905.15241 6.9758e-17
7906.68634 7.4106e-17
7908.22027 7.1779e-17
7909.7542 6.8572e-17
7911.28813 6.7303e-17
7912.82206 6.3386e-17
7914.35599 6.6474e-17
7915.88992 7.308e-17
7917.42385 7.2758e-17
7918.95778 6.0449e-17
7920.49171 7.63e-17
7922.02564 7.6805e-17
7923.55957 6.7564e-17
7925.0935 6.7668e-17
7926.62743 6.7046e-17
7928.16136 6.7386e-17
7929.69529 6.3624e-17
7931.22922 6.7113e-17
7932.76315 7.2166e-17
7934.29708 7.2842e-17
7935.83101 7.4445e-17
7937.36494 7.2722e-17
7938.89887 7.3156e-17
7940.4328 7.0477e-17
7941.96673 6.4044e-17
7943.50066 6.8123e-17
7945.03459 7.5272e-17
7946.56852 7.9533e-17
7948.10245 8.0064e-17
7949.63638 7.2166e-17
7951.17031 6.8693e-17
7952.70424 7.0288e-17
7954.23817 6.8887e-17
7955.7721 7.4316e-17
7957.30603 7.3444e-17
7958.83996 8.1602e-17
7960.37389 8.29e-17
7961.90782 7.3288e-17
7963.44175 7.8716e-17
7964.97568 7.7736e-17
7966.50961 7.193e-17
7968.04354 6.7823e-17
7969.57747 7.0384e-17
7971.1114 7.4656e-17
7972.64533 7.7834e-17
7974.17926 7.165e-17
7975.71319 6.8002e-17
7977.24712 7.0472e-17
7978.78105 7.2971e-17
7980.31498 7.5986e-17
7981.84891 6.7978e-17
7983.38284 6.0079e-17
7984.91677 6.4857e-17
7986.4507 6.7868e-17
7987.98463 7.1875e-17
7989.51856 8.1202e-17
7991.05249 7.3329e-17
7992.58642 6.3258e-17
7994.12035 6.5428e-17
7995.65428 6.8163e-17
7997.18821 6.9161e-17
7998.72214 6.8947e-17
8000.25607 7.1038e-17
8001.79 7.3237e-17
8003.32393 6.9403e-17
8004.85786 6.6137e-17
8006.39179 7.0819e-17
8007.92572 7.2312e-17
8009.45965 6.9328e-17
8010.99358 7.0641e-17
8012.52751 7.1061e-17
8014.06144 7.0427e-17
8015.59537 6.9549e-17
8017.1293 6.8625e-17
8018.66323 6.7986e-17
8020.19716 6.4834e-17
8021.73109 6.6212e-17
8023.26502 7.485e-17
8024.79895 7.2377e-17
8026.33288 6.7443e-17
8027.86681 7.2629e-17
8029.40074 6.3969e-17
8030.93467 5.9687e-17
8032.4686 6.029e-17
8034.00253 6.4537e-17
8035.53646 6.6941e-17
8037.07039 6.8676e-17
8038.60432 6.6307e-17
8040.13825 6.5338e-17
8041.67218 6.5568e-17
8043.20611 6.3135e-17
8044.74004 5.7266e-17
8046.27397 6.0371e-17
8047.8079 6.2537e-17
8049.34183 6.2489e-17
8050.87576 6.6836e-17
8052.40969 6.1054e-17
8053.94362 6.1216e-17
8055.47755 6.4061e-17
8057.01148 6.6323e-17
8058.54541 6.5916e-17
8060.07934 6.0368e-17
8061.61327 6.1621e-17
8063.1472 6.2182e-17
8064.68113 5.7986e-17
8066.21506 6.3238e-17
8067.74899 6.1109e-17
8069.28292 5.7375e-17
8070.81685 6.2595e-17
8072.35078 5.6931e-17
8073.88471 5.8911e-17
8075.41864 6.5267e-17
8076.95257 6.1904e-17
8078.4865 5.8188e-17
8080.02043 5.9856e-17
8081.55436 5.8243e-17
8083.08829 5.6385e-17
8084.62222 5.7987e-17
8086.15615 5.6713e-17
8087.69008 6.2896e-17
8089.22401 5.9681e-17
8090.75794 5.3355e-17
8092.29187 5.2862e-17
8093.8258 5.5902e-17
8095.35973 6.2477e-17
8096.89366 6.2234e-17
8098.42759 5.7507e-17
8099.96152 5.1472e-17
8101.49545 4.7279e-17
8103.02938 4.8866e-17
8104.56331 5.3794e-17
8106.09724 5.9258e-17
8107.63117 5.4291e-17
8109.1651 5.0107e-17
8110.69903 4.7691e-17
8112.23296 5.1135e-17
8113.76689 5.0442e-17
8115.30082 5.2847e-17
8116.83475 5.0825e-17
8118.36868 5.2742e-17
8119.90261 5.2344e-17
8121.43654 5.0118e-17
8122.97047 5.2335e-17
8124.5044 5.6353e-17
8126.03833 5.8204e-17
8127.57226 5.4801e-17
8129.10619 5.4324e-17
8130.64012 5.256e-17
8132.17405 5.0233e-17
8133.70798 5.3561e-17
8135.24191 5.0563e-17
8136.77584 4.7003e-17
8138.30977 4.785e-17
8139.8437 4.5481e-17
8141.37763 4.2163e-17
8142.91156 4.0545e-17
8144.44549 4.7107e-17
8145.97942 5.0719e-17
8147.51335 4.92e-17
8149.04728 4.7834e-17
8150.58121 4.776e-17
8152.11514 4.9085e-17
8153.64907 4.8069e-17
8155.183 4.3079e-17
8156.71693 4.0241e-17
8158.25086 4.0828e-17
8159.78479 4.2786e-17
8161.31872 4.2224e-17
8162.85265 4.2898e-17
8164.38658 4.0558e-17
8165.92051 4.1263e-17
8167.45444 4.5598e-17
8168.98837 4.4523e-17
8170.5223 4.3758e-17
8172.05623 4.7273e-17
8173.59016 4.7791e-17
8175.12409 4.4256e-17
8176.65802 4.1381e-17
8178.19195 4.2427e-17
8179.72588 4.6694e-17
8181.25981 5.1914e-17
8182.79374 5.007e-17
8184.32767 4.2981e-17
8185.8616 4.0925e-17
8187.39553 4.6291e-17
8188.92946 5.1076e-17
8190.46339 4.1679e-17
8191.99732 4.0379e-17
8193.53125 4.7059e-17
8195.06518 4.5301e-17
8196.59911 4.386e-17
8198.13304 4.2081e-17
8199.66697 4.1179e-17
8201.2009 4.2564e-17
8202.73483 4.2604e-17
8204.26876 4.4643e-17
8205.80269 4.4067e-17
8207.33662 4.5858e-17
8208.87055 4.5162e-17
8210.40448 4.1463e-17
8211.93841 4.1127e-17
8213.47234 4.3386e-17
8215.00627 4.0766e-17
8216.5402 4.0871e-17
8218.07413 4.1635e-17
8219.60806 3.8916e-17
8221.14199 3.8382e-17
8222.67592 3.8537e-17
8224.20985 3.6996e-17
8225.74378 3.2742e-17
8227.27771 3.4612e-17
8228.81164 3.6761e-17
8230.34557 3.7475e-17
8231.8795 3.7035e-17
8233.41343 3.8318e-17
8234.94736 3.9093e-17
8236.48129 3.5629e-17
8238.01522 3.5206e-17
8239.54915 3.5511e-17
8241.08308 3.7321e-17
8242.61701 3.9573e-17
8244.15094 3.9013e-17
8245.68487 4.1287e-17
8247.2188 4.2858e-17
8248.75273 3.9665e-17
8250.28666 4.2317e-17
8251.82059 4.4695e-17
8253.35452 4.0308e-17
8254.88845 4.1206e-17
8256.42238 4.0362e-17
8257.95631 3.6448e-17
8259.49024 3.8742e-17
8261.02417 4.1849e-17
8262.5581 4.3361e-17
8264.09203 3.9802e-17
8265.62596 4.2939e-17
8267.15989 4.3714e-17
8268.69382 3.8326e-17
8270.22775 3.9741e-17
8271.76168 3.944e-17
8273.29561 3.5609e-17
8274.82954 3.5808e-17
8276.36347 4.4131e-17
8277.8974 4.2119e-17
8279.43133 4.0223e-17
8280.96526 4.2099e-17
8282.49919 4.1378e-17
8284.03312 4.102e-17
8285.56705 4.0703e-17
8287.10098 3.9699e-17
8288.63491 3.1257e-17
8290.16884 4.4125e-17
8291.70277 4.8041e-17
8293.2367 3.941e-17
8294.77063 3.653e-17
8296.30456 3.7863e-17
8297.83849 3.9133e-17
8299.37242 4.3461e-17
8300.90635 3.5681e-17
8302.44028 3.5112e-17
8303.97421 4.0089e-17
8305.50814 4.024e-17
8307.04207 4.0435e-17
8308.576 4.2806e-17
8310.10993 4.0651e-17
8311.64386 4.0299e-17
8313.17779 3.7367e-17
8314.71172 3.5504e-17
8316.24565 3.7421e-17
8317.77958 4.0694e-17
8319.31351 4.4098e-17
8320.84744 4.0245e-17
8322.38137 3.9786e-17
8323.9153 4.4339e-17
8325.44923 4.3729e-17
8326.98316 4.3856e-17
8328.51709 4.2187e-17
8330.05102 4.2823e-17
8331.58495 4.4718e-17
8333.11888 3.8889e-17
8334.65281 3.9415e-17
8336.18674 4.2352e-17
8337.72067 4.0098e-17
8339.2546 3.8941e-17
8340.78853 5.2314e-17
8342.32246 4.4252e-17
8343.85639 5.5123e-17
8345.39032 4.6863e-17
8346.92425 3.4383e-17
8348.45818 4.4085e-17
8349.99211 4.5069e-17
8351.52604 4.3221e-17
8353.05997 3.8671e-17
8354.5939 4.0864e-17
8356.12783 4.3987e-17
8357.66176 4.7119e-17
8359.19569 4.6748e-17
8360.72962 4.9095e-17
8362.26355 4.8635e-17
8363.79748 4.8014e-17
8365.33141 4.3322e-17
8366.86534 4.4336e-17
8368.39927 4.495e-17
8369.9332 4.3364e-17
8371.46713 4.2044e-17
8373.00106 4.6004e-17
8374.53499 4.3045e-17
8376.06892 3.8596e-17
8377.60285 4.347e-17
8379.13678 4.872e-17
8380.67071 4.1699e-17
8382.20464 4.0159e-17
8383.73857 5.1081e-17
8385.2725 4.761e-17
8386.80643 3.8462e-17
8388.34036 4.6048e-17
8389.87429 4.6499e-17
8391.40822 4.2827e-17
8392.94215 4.6718e-17
8394.47608 5.4601e-17
8396.01001 5.2686e-17
8397.54394 3.9347e-17
8399.07787 3.9722e-17
8400.6118 4.3141e-17
8402.14573 4.0621e-17
8403.67966 4.6772e-17
8405.21359 4.8001e-17
8406.74752 4.4534e-17
8408.28145 4.0985e-17
8409.81538 4.7866e-17
8411.34931 4.6545e-17
8412.88324 4.1571e-17
8414.41717 4.7679e-17
8415.9511 4.9245e-17
8417.48503 4.5729e-17
8419.01896 4.9225e-17
8420.55289 5.3122e-17
8422.08682 5.1565e-17
8423.62075 4.3044e-17
8425.15468 4.4967e-17
8426.68861 5.0176e-17
8428.22254 5.1403e-17
8429.75647 6.4865e-17
8431.2904 5.5195e-17
8432.82433 4.1105e-17
8434.35826 4.5821e-17
8435.89219 4.9177e-17
8437.42612 5.4069e-17
8438.96005 5.0798e-17
8440.49398 4.4566e-17
8442.02791 4.6334e-17
8443.56184 4.5631e-17
8445.09577 4.8243e-17
8446.6297 5.5781e-17
8448.16363 5.0866e-17
8449.69756 4.84e-17
8451.23149 5.0996e-17
8452.76542 5.262e-17
8454.29935 4.9841e-17
8455.83328 4.8948e-17
8457.36721 4.9464e-17
8458.90114 4.973e-17
8460.43507 4.8033e-17
8461.969 5.196e-17
8463.50293 5.7937e-17
8465.03686 4.7233e-17
8466.57079 3.9433e-17
8468.10472 5.0421e-17
8469.63865 5.0675e-17
8471.17258 5.1065e-17
8472.70651 5.3977e-17
8474.24044 6.0752e-17
8475.77437 5.8637e-17
8477.3083 4.9652e-17
8478.84223 5.2195e-17
8480.37616 5.5207e-17
8481.91009 5.0913e-17
8483.44402 4.8669e-17
8484.97795 5.4844e-17
8486.51188 4.8927e-17
8488.04581 4.7154e-17
8489.57974 5.6443e-17
8491.11367 5.6094e-17
8492.6476 5.4934e-17
8494.18153 5.276e-17
8495.71546 5.1691e-17
8497.24939 5.2846e-17
8498.78332 5.576e-17
8500.31725 6.1577e-17
8501.85118 5.6916e-17
8503.38511 5.3745e-17
8504.91904 5.8393e-17
8506.45297 5.2191e-17
8507.9869 5.3502e-17
8509.52083 5.145e-17
8511.05476 5.7435e-17
8512.58869 5.7125e-17
8514.12262 5.5862e-17
8515.65655 6.0801e-17
8517.19048 6.0697e-17
8518.72441 5.7065e-17
8520.25834 6.0094e-17
8521.79227 6.059e-17
8523.3262 6.0368e-17
8524.86013 6.1241e-17
8526.39406 5.8266e-17
8527.92799 5.9664e-17
8529.46192 5.9389e-17
8530.99585 6.048e-17
8532.52978 5.8369e-17
8534.06371 5.9711e-17
8535.59764 6.7648e-17
8537.13157 6.5457e-17
8538.6655 6.1054e-17
8540.19943 5.8294e-17
8541.73336 5.4654e-17
8543.26729 5.7734e-17
8544.80122 5.946e-17
8546.33515 6.2343e-17
8547.86908 6.0871e-17
8549.40301 5.6002e-17
8550.93694 5.5875e-17
8552.47087 5.8263e-17
8554.0048 5.4624e-17
8555.53873 5.8403e-17
8557.07266 6.2988e-17
8558.60659 6.3814e-17
8560.14052 6.1658e-17
8561.67445 6.3411e-17
8563.20838 6.7814e-17
8564.74231 6.7193e-17
8566.27624 5.917e-17
8567.81017 6.0925e-17
8569.3441 6.1383e-17
8570.87803 5.812e-17
8572.41196 5.9383e-17
8573.94589 6.2736e-17
8575.47982 6.1903e-17
8577.01375 5.7415e-17
8578.54768 6.0849e-17
8580.08161 6.656e-17
8581.61554 6.262e-17
8583.14947 6.4283e-17
8584.6834 6.6889e-17
8586.21733 6.8799e-17
8587.75126 6.8815e-17
8589.28519 6.5945e-17
8590.81912 6.426e-17
8592.35305 6.6172e-17
8593.88698 6.8289e-17
8595.42091 6.5217e-17
8596.95484 6.3063e-17
8598.48877 6.6042e-17
8600.0227 6.802e-17
8601.55663 6.4323e-17
8603.09056 6.5689e-17
8604.62449 6.7466e-17
8606.15842 6.8399e-17
8607.69235 7.0974e-17
8609.22628 6.803e-17
8610.76021 6.5418e-17
8612.29414 6.3227e-17
8613.82807 6.6947e-17
8615.362 6.7031e-17
8616.89593 6.1308e-17
8618.42986 6.7383e-17
8619.96379 7.1309e-17
8621.49772 7.2273e-17
8623.03165 7.444e-17
8624.56558 6.6472e-17
8626.09951 5.7209e-17
8627.63344 6.4512e-17
8629.16737 6.8711e-17
8630.7013 6.7743e-17
8632.23523 7.3758e-17
8633.76916 6.6872e-17
8635.30309 6.3663e-17
8636.83702 6.5503e-17
8638.37095 6.5394e-17
8639.90488 6.6801e-17
8641.43881 7.26e-17
8642.97274 7.6481e-17
8644.50667 7.4211e-17
8646.0406 7.1718e-17
8647.57453 7.0528e-17
8649.10846 6.9819e-17
8650.64239 7.32e-17
8652.17632 7.5127e-17
8653.71025 7.2056e-17
8655.24418 6.8647e-17
8656.77811 7.2313e-17
8658.31204 8.0809e-17
8659.84597 8.5164e-17
8661.3799 6.8916e-17
8662.91383 6.9446e-17
8664.44776 7.0741e-17
8665.98169 7.1141e-17
8667.51562 7.671e-17
8669.04955 7.8555e-17
8670.58348 7.7341e-17
8672.11741 7.4218e-17
8673.65134 7.1335e-17
8675.18527 7.1352e-17
8676.7192 7.6435e-17
8678.25313 8.23e-17
8679.78706 8.0695e-17
8681.32099 7.8412e-17
8682.85492 8.0621e-17
8684.38885 8.2431e-17
8685.92278 7.8348e-17
8687.45671 7.7419e-17
8688.99064 7.8965e-17
8690.52457 7.9698e-17
8692.0585 8.1761e-17
8693.59243 8.4206e-17
8695.12636 8.5049e-17
8696.66029 8.572e-17
8698.19422 8.5906e-17
8699.72815 8.3512e-17
8701.26208 7.9558e-17
8702.79601 8.4541e-17
8704.32994 8.352e-17
8705.86387 8.4553e-17
8707.3978 8.6366e-17
8708.93173 8.3325e-17
8710.46566 8.0146e-17
8711.99959 8.1261e-17
8713.53352 8.1268e-17
8715.06745 8.0753e-17
8716.60138 7.7855e-17
8718.13531 8.0679e-17
8719.66924 8.681e-17
8721.20317 8.8934e-17
8722.7371 8.2727e-17
8724.27103 7.8715e-17
8725.80496 8.3753e-17
8727.33889 8.5551e-17
8728.87282 8.5361e-17
8730.40675 8.6062e-17
8731.94068 8.8771e-17
8733.47461 8.67e-17
8735.00854 8.6206e-17
8736.54247 8.5281e-17
8738.0764 8.2096e-17
8739.61033 8.6977e-17
8741.14426 8.3417e-17
8742.67819 8.4283e-17
8744.21212 8.4364e-17
8745.74605 8.7986e-17
8747.27998 8.9068e-17
8748.81391 8.6592e-17
8750.34784 8.9298e-17
8751.88177 8.805e-17
8753.4157 8.9096e-17
8754.94963 8.8113e-17
8756.48356 8.4633e-17
8758.01749 8.2379e-17
8759.55142 9.2653e-17
8761.08535 9.6538e-17
8762.61928 8.6878e-17
8764.15321 9.0636e-17
8765.68714 8.7425e-17
8767.22107 9.5165e-17
8768.755 9.5659e-17
8770.28893 8.1562e-17
8771.82286 8.075e-17
8773.35679 9.6323e-17
8774.89072 1.003e-16
8776.42465 1.0238e-16
8777.95858 9.2416e-17
8779.49251 7.7919e-17
8781.02644 8.0312e-17
8782.56037 9.2146e-17
8784.0943 8.7648e-17
8785.62823 8.9949e-17
8787.16216 9.5916e-17
8788.69609 9.0323e-17
8790.23002 9.7577e-17
8791.76395 1.0603e-16
8793.29788 9.5771e-17
8794.83181 9.2912e-17
8796.36574 9.3556e-17
8797.89967 8.9531e-17
8799.4336 9.1452e-17
8800.96753 9.0196e-17
8802.50146 9.0118e-17
8804.03539 9.2898e-17
8805.56932 9.2891e-17
8807.10325 9.0484e-17
8808.63718 8.9431e-17
8810.17111 8.746e-17
8811.70504 8.9216e-17
8813.23897 9.7847e-17
8814.7729 9.3723e-17
8816.30683 8.805e-17
8817.84076 9.0203e-17
8819.37469 8.9724e-17
8820.90862 9.3806e-17
8822.44255 9.3156e-17
8823.97648 8.714e-17
8825.51041 1.0473e-16
8827.04434 1.031e-16
8828.57827 7.4323e-17
8830.1122 8.6292e-17
8831.64613 1.0437e-16
8833.18006 1.0999e-16
8834.71399 1.0131e-16
8836.24792 9.1502e-17
8837.78185 9.0783e-17
8839.31578 9.1322e-17
8840.84971 9.2227e-17
8842.38364 9.5053e-17
8843.91757 9.3913e-17
8845.4515 9.4528e-17
8846.98543 9.2312e-17
8848.51936 9.47e-17
8850.05329 9.5942e-17
8851.58722 8.6504e-17
8853.12115 8.6194e-17
8854.65508 8.8055e-17
8856.18901 9.4465e-17
8857.72294 9.5818e-17
8859.25687 9.3102e-17
8860.7908 9.2067e-17
8862.32473 9.5589e-17
8863.85866 8.7947e-17
8865.39259 9.3636e-17
8866.92652 9.7995e-17
8868.46045 9.029e-17
8869.99438 9.0624e-17
8871.52831 8.8622e-17
8873.06224 8.4686e-17
8874.59617 9.1435e-17
8876.1301 9.9214e-17
8877.66403 9.4966e-17
8879.19796 9.3305e-17
8880.73189 1.0004e-16
8882.26582 1.0588e-16
8883.79975 1.0173e-16
8885.33368 9.9919e-17
8886.86761 8.4974e-17
8888.40154 8.6812e-17
8889.93547 9.7362e-17
8891.4694 9.1989e-17
8893.00333 9.3438e-17
8894.53726 9.4159e-17
8896.07119 8.5283e-17
8897.60512 9.342e-17
8899.13905 9.4412e-17
8900.67298 9.3232e-17
8902.20691 9.6958e-17
8903.74084 9.7295e-17
8905.27477 8.6533e-17
8906.8087 8.9673e-17
8908.34263 9.094e-17
8909.87656 8.3012e-17
8911.41049 8.1162e-17
8912.94442 9.0066e-17
8914.47835 1.1268e-16
8916.01228 1.0779e-16
8917.54621 9.5367e-17
8919.08014 9.4266e-17
8920.61407 8.8084e-17
8922.148 8.5196e-17
8923.68193 8.1389e-17
8925.21586 8.3832e-17
8926.74979 8.3746e-17
8928.28372 8.7532e-17
8929.81765 8.6539e-17
8931.35158 8.7663e-17
8932.88551 8.4904e-17
8934.41944 8.3479e-17
8935.95337 8.7965e-17
8937.4873 8.5021e-17
8939.02123 8.6033e-17
8940.55516 9.2244e-17
8942.08909 8.6388e-17
8943.62302 8.3048e-17
8945.15695 7.9923e-17
8946.69088 8.1497e-17
8948.22481 8.7516e-17
8949.75874 8.3831e-17
8951.29267 7.9027e-17
8952.8266 9.5016e-17
8954.36053 9.2168e-17
8955.89446 8.5866e-17
8957.42839 8.8631e-17
8958.96232 8.1792e-17
8960.49625 7.5418e-17
8962.03018 7.9262e-17
8963.56411 7.8386e-17
8965.09804 8.0355e-17
8966.63197 8.407e-17
8968.1659 8.3786e-17
8969.69983 8.0228e-17
8971.23376 7.504e-17
8972.76769 7.7826e-17
8974.30162 8.5752e-17
8975.83555 7.9338e-17
8977.36948 8.0209e-17
8978.90341 8.8718e-17
8980.43734 8.5738e-17
8981.97127 8.2931e-17
8983.5052 7.4339e-17
8985.03913 6.7875e-17
8986.57306 7.0554e-17
8988.10699 6.9387e-17
8989.64092 6.914e-17
8991.17485 7.5496e-17
8992.70878 7.9632e-17
8994.24271 8.0985e-17
8995.77664 8.2472e-17
8997.31057 8.7174e-17
8998.8445 8.3404e-17
9000.37843 7.9017e-17
9001.91236 7.7863e-17
9003.44629 6.7588e-17
9004.98022 7.2571e-17
9006.51415 7.6839e-17
9008.04808 7.8069e-17
9009.58201 7.8964e-17
9011.11594 7.6638e-17
9012.64987 7.2993e-17
9014.1838 7.1379e-17
9015.71773 7.125e-17
9017.25166 7.7163e-17
9018.78559 8.2154e-17
9020.31952 7.9621e-17
9021.85345 7.0129e-17
9023.38738 7.2449e-17
9024.92131 7.8613e-17
9026.45524 7.4656e-17
9027.98917 7.1789e-17
9029.5231 7.5208e-17
9031.05703 7.4636e-17
9032.59096 7.7685e-17
9034.12489 7.3274e-17
9035.65882 6.7531e-17
9037.19275 7.5079e-17
9038.72668 7.8865e-17
9040.26061 7.4007e-17
9041.79454 7.3764e-17
9043.32847 7.3257e-17
9044.8624 8.0509e-17
9046.39633 7.9429e-17
9047.93026 7.5345e-17
9049.46419 7.173e-17
9050.99812 6.934e-17
9052.53205 7.1601e-17
9054.06598 7.2985e-17
9055.59991 7.1345e-17
9057.13384 7.1551e-17
9058.66777 7.0384e-17
9060.2017 6.7125e-17
9061.73563 6.7275e-17
9063.26956 7.15e-17
9064.80349 7.0851e-17
9066.33742 6.8143e-17
9067.87135 6.6086e-17
9069.40528 6.638e-17
9070.93921 6.7329e-17
9072.47314 6.4295e-17
9074.00707 6.6859e-17
9075.541 6.8193e-17
9077.07493 6.9057e-17
9078.60886 7.0475e-17
9080.14279 6.5289e-17
9081.67672 6.4782e-17
9083.21065 6.8353e-17
9084.74458 7.0918e-17
9086.27851 6.3549e-17
9087.81244 6.4761e-17
9089.34637 6.6974e-17
9090.8803 6.3463e-17
9092.41423 6.9475e-17
9093.94816 6.8965e-17
9095.48209 6.3619e-17
9097.01602 6.4871e-17
9098.54995 6.7559e-17
9100.08388 6.0478e-17
9101.61781 6.2843e-17
9103.15174 6.5783e-17
9104.68567 6.2505e-17
9106.2196 6.3929e-17
9107.75353 6.7266e-17
9109.28746 6.672e-17
9110.82139 6.5379e-17
9112.35532 6.2832e-17
9113.88925 6.3688e-17
9115.42318 6.6738e-17
9116.95711 7.0802e-17
9118.49104 6.7233e-17
9120.02497 6.4369e-17
9121.5589 6.4198e-17
9123.09283 6.5141e-17
9124.62676 6.3225e-17
9126.16069 6.2362e-17
9127.69462 6.055e-17
9129.22855 5.6077e-17
9130.76248 5.6269e-17
9132.29641 6.265e-17
9133.83034 6.4783e-17
9135.36427 6.2621e-17
9136.8982 6.3664e-17
9138.43213 6.5367e-17
9139.96606 6.4964e-17
9141.49999 6.6023e-17
9143.03392 6.4714e-17
9144.56785 6.0167e-17
9146.10178 6.0496e-17
9147.63571 6.1044e-17
9149.16964 6.0891e-17
9150.70357 5.84e-17
9152.2375 5.6642e-17
9153.77143 6.0168e-17
9155.30536 6.2125e-17
9156.83929 6.3187e-17
9158.37322 6.1338e-17
9159.90715 6.4926e-17
9161.44108 6.5535e-17
9162.97501 5.9067e-17
9164.50894 6.1917e-17
9166.04287 6.0567e-17
9167.5768 5.5293e-17
9169.11073 5.5233e-17
9170.64466 5.4625e-17
9172.17859 5.3231e-17
9173.71252 4.8891e-17
9175.24645 5.2535e-17
9176.78038 5.7951e-17
9178.31431 5.7041e-17
9179.84824 5.5028e-17
9181.38217 5.601e-17
9182.9161 5.8546e-17
9184.45003 6.0796e-17
9185.98396 6.5753e-17
9187.51789 6.2453e-17
9189.05182 5.7273e-17
9190.58575 5.6569e-17
9192.11968 5.7729e-17
9193.65361 6.2898e-17
9195.18754 6.1875e-17
9196.72147 5.4374e-17
9198.2554 5.4876e-17
9199.78933 6.0768e-17
9201.32326 6.2216e-17
9202.85719 6.1104e-17
9204.39112 6.2216e-17
9205.92505 6.2776e-17
9207.45898 5.939e-17
9208.99291 5.7716e-17
9210.52684 6.0004e-17
9212.06077 5.9938e-17
9213.5947 5.7104e-17
9215.12863 5.9955e-17
9216.66256 6.4309e-17
9218.19649 6.5766e-17
9219.73042 6.7489e-17
9221.26435 6.8527e-17
9222.79828 5.914e-17
9224.33221 6.0743e-17
9225.86614 6.2283e-17
9227.40007 5.5761e-17
9228.934 5.314e-17
9230.46793 5.7079e-17
9232.00186 5.7178e-17
9233.53579 5.9567e-17
9235.06972 6.1028e-17
9236.60365 6.0829e-17
9238.13758 6.0588e-17
9239.67151 5.4758e-17
9241.20544 5.7725e-17
9242.73937 6.2292e-17
9244.2733 5.9165e-17
9245.80723 6.1597e-17
9247.34116 5.4371e-17
9248.87509 5.6685e-17
9250.40902 5.396e-17
9251.94295 5.4304e-17
9253.47688 5.9443e-17
9255.01081 5.2379e-17
9256.54474 5.5631e-17
9258.07867 5.5761e-17
9259.6126 5.7073e-17
9261.14653 5.9991e-17
9262.68046 5.4852e-17
9264.21439 5.5759e-17
9265.74832 5.6579e-17
9267.28225 5.7525e-17
9268.81618 6.0761e-17
9270.35011 5.3855e-17
9271.88404 5.2298e-17
9273.41797 5.341e-17
9274.9519 5.3099e-17
9276.48583 5.3754e-17
9278.01976 5.772e-17
9279.55369 5.6975e-17
9281.08762 5.5403e-17
9282.62155 5.7207e-17
9284.15548 5.613e-17
9285.68941 5.6026e-17
9287.22334 5.5196e-17
9288.75727 5.5955e-17
9290.2912 5.2579e-17
9291.82513 4.6918e-17
9293.35906 4.77e-17
9294.89299 5.2491e-17
9296.42692 5.6971e-17
9297.96085 5.1635e-17
9299.49478 4.7528e-17
9301.02871 5.0603e-17
9302.56264 4.1866e-17
9304.09657 4.1669e-17
9305.6305 4.2258e-17
9307.16443 2.4298e-17
9308.69836 3.4211e-17
9310.23229 4.8179e-17
9311.76622 4.861e-17
9313.30015 2.9756e-17
9314.83408 2.3152e-17
9316.36801 3.0971e-17
9317.90194 4.1285e-17
9319.43587 5.2409e-17
9320.9698 4.8371e-17
9322.50373 4.5824e-17
9324.03766 4.0585e-17
9325.57159 4.2143e-17
9327.10552 4.5152e-17
9328.63945 4.4348e-17
9330.17338 4.8006e-17
9331.70731 5.0223e-17
9333.24124 5.441e-17
9334.77517 4.4589e-17
9336.3091 3.8555e-17
9337.84303 4.2473e-17
9339.37696 3.6073e-17
9340.91089 3.8942e-17
9342.44482 4.6144e-17
9343.97875 4.9383e-17
9345.51268 5.1583e-17
9347.04661 4.9506e-17
9348.58054 4.6991e-17
9350.11447 4.6958e-17
9351.6484 5.0475e-17
9353.18233 4.531e-17
9354.71626 4.4937e-17
9356.25019 4.8125e-17
9357.78412 4.7037e-17
9359.31805 4.8069e-17
9360.85198 4.1111e-17
9362.38591 4.1515e-17
9363.91984 4.5203e-17
9365.45377 4.2383e-17
9366.9877 4.6333e-17
9368.52163 2.6392e-17
9370.05556 2.6966e-17
9371.58949 4.8328e-17
9373.12342 4.5472e-17
9374.65735 4.2935e-17
9376.19128 3.0403e-17
9377.72521 1.6622e-17
9379.25914 3.1646e-17
9380.79307 4.2975e-17
9382.327 3.5313e-17
9383.86093 3.3604e-17
9385.39486 4.2077e-17
9386.92879 4.9233e-17
9388.46272 4.9156e-17
9389.99665 4.7603e-17
9391.53058 4.7733e-17
9393.06451 4.5533e-17
9394.59844 3.8752e-17
9396.13237 4.4962e-17
9397.6663 5.0779e-17
9399.20023 4.1437e-17
9400.73416 4.1642e-17
9402.26809 4.7845e-17
9403.80202 4.2334e-17
9405.33595 4.132e-17
9406.86988 3.8678e-17
9408.40381 4.2842e-17
9409.93774 4.3804e-17
9411.47167 4.4512e-17
9413.0056 4.2798e-17
9414.53953 4.3371e-17
9416.07346 4.8917e-17
9417.60739 4.7494e-17
9419.14132 4.1502e-17
9420.67525 3.3591e-17
9422.20918 3.8329e-17
9423.74311 3.6685e-17
9425.27704 2.9947e-17
9426.81097 3.4357e-17
9428.3449 4.5306e-17
9429.87883 5.0162e-17
9431.41276 4.6305e-17
9432.94669 4.0617e-17
9434.48062 4.2137e-17
9436.01455 3.435e-17
9437.54848 2.0693e-17
9439.08241 3.711e-17
9440.61634 3.2676e-17
9442.15027 3.3516e-17
9443.6842 3.9856e-17
9445.21813 3.9866e-17
9446.75206 4.024e-17
9448.28599 4.1947e-17
9449.81992 4.0228e-17
9451.35385 3.0264e-17
9452.88778 3.7606e-17
9454.42171 4.9054e-17
9455.95564 2.5045e-17
9457.48957 3.4715e-17
9459.0235 3.675e-17
9460.55743 2.691e-17
9462.09136 3.4807e-17
9463.62529 4.0556e-17
9465.15922 3.8333e-17
9466.69315 3.8631e-17
9468.22708 3.3337e-17
9469.76101 3.3887e-17
9471.29494 4.0158e-17
9472.82887 4.8637e-17
9474.3628 4.377e-17
9475.89673 2.5779e-17
9477.43066 2.9897e-17
9478.96459 3.1469e-17
9480.49852 3.8832e-17
9482.03245 4.5342e-17
9483.56638 4.2446e-17
9485.10031 4.5635e-17
9486.63424 4.2347e-17
9488.16817 4.5285e-17
9489.7021 4.2379e-17
9491.23603 3.5903e-17
9492.76996 3.5685e-17
9494.30389 3.226e-17
9495.83782 2.6279e-17
9497.37175 4.1711e-17
9498.90568 5.2184e-17
9500.43961 5.4109e-17
9501.97354 4.2171e-17
9503.50747 4.3244e-17
9505.0414 4.4739e-17
9506.57533 4.0712e-17
9508.10926 4.315e-17
9509.64319 4.1289e-17
9511.17712 3.8002e-17
9512.71105 3.45e-17
9514.24498 3.558e-17
9515.77891 4.0733e-17
9517.31284 4.1901e-17
9518.84677 4.2599e-17
9520.3807 4.1915e-17
9521.91463 4.0097e-17
9523.44856 3.4185e-17
9524.98249 3.5763e-17
9526.51642 3.9519e-17
9528.05035 4.0234e-17
9529.58428 4.5243e-17
9531.11821 4.7076e-17
9532.65214 4.625e-17
9534.18607 4.9282e-17
9535.72 4.7689e-17
9537.25393 3.9558e-17
9538.78786 3.5962e-17
9540.32179 3.6729e-17
9541.85572 4.0732e-17
9543.38965 3.9487e-17
9544.92358 4.3811e-17
9546.45751 4.6935e-17
9547.99144 4.0455e-17
9549.52537 4.4483e-17
9551.0593 5.4109e-17
9552.59323 4.4982e-17
9554.12716 3.6035e-17
9555.66109 4.1816e-17
9557.19502 4.4787e-17
9558.72895 4.3914e-17
9560.26288 4.7228e-17
9561.79681 4.456e-17
9563.33074 3.124e-17
9564.86467 2.6661e-17
9566.3986 3.5196e-17
9567.93253 4.7841e-17
9569.46646 4.1406e-17
9571.00039 3.8147e-17
9572.53432 4.6681e-17
9574.06825 4.7157e-17
9575.60218 4.2429e-17
9577.13611 4.3248e-17
9578.67004 4.1721e-17
9580.20397 3.908e-17
9581.7379 4.3113e-17
9583.27183 4.4232e-17
9584.80576 3.7181e-17
9586.33969 3.7776e-17
9587.87362 4.0767e-17
9589.40755 3.918e-17
9590.94148 4.3868e-17
9592.47541 4.1927e-17
9594.00934 4.2566e-17
9595.54327 4.7642e-17
9597.0772 4.7235e-17
9598.61113 4.2158e-17
9600.14506 4.3077e-17
9601.67899 4.7508e-17
9603.21292 4.4586e-17
9604.74685 4.7878e-17
9606.28078 4.8843e-17
9607.81471 5.1573e-17
9609.34864 4.3892e-17
9610.88257 4.3245e-17
9612.4165 4.6837e-17
9613.95043 4.2645e-17
9615.48436 4.4081e-17
9617.01829 4.2627e-17
9618.55222 4.8417e-17
9620.08615 5.2113e-17
9621.62008 4.6167e-17
9623.15401 4.5593e-17
9624.68794 4.7646e-17
9626.22187 4.7903e-17
9627.7558 4.852e-17
9629.28973 4.4235e-17
9630.82366 4.9297e-17
9632.35759 4.676e-17
9633.89152 4.5619e-17
9635.42545 5.2023e-17
9636.95938 4.6611e-17
9638.49331 4.7164e-17
9640.02724 4.8541e-17
9641.56117 4.476e-17
9643.0951 4.2485e-17
9644.62903 4.171e-17
9646.16296 4.4629e-17
9647.69689 4.8977e-17
9649.23082 4.9964e-17
9650.76475 4.8466e-17
9652.29868 4.9915e-17
9653.83261 4.8796e-17
9655.36654 4.6807e-17
9656.90047 4.9032e-17
9658.4344 4.5855e-17
9659.96833 4.025e-17
9661.50226 4.701e-17
9663.03619 4.7431e-17
9664.57012 5.085e-17
9666.10405 5.1368e-17
9667.63798 4.4719e-17
9669.17191 4.8202e-17
9670.70584 5.7104e-17
9672.23977 5.6793e-17
9673.7737 5.2543e-17
9675.30763 5.6471e-17
9676.84156 5.5663e-17
9678.37549 5.8527e-17
9679.90942 5.8672e-17
9681.44335 5.4787e-17
9682.97728 5.1112e-17
9684.51121 4.2705e-17
9686.04514 4.5308e-17
9687.57907 5.4532e-17
9689.113 4.6458e-17
9690.64693 4.1162e-17
9692.18086 4.8157e-17
9693.71479 5.0469e-17
9695.24872 4.9168e-17
9696.78265 4.6713e-17
9698.31658 4.0559e-17
9699.85051 4.4716e-17
9701.38444 5.3991e-17
9702.91837 5.6828e-17
9704.4523 4.8561e-17
9705.98623 4.7367e-17
9707.52016 5.1514e-17
9709.05409 5.1953e-17
9710.58802 4.1176e-17
9712.12195 4.2373e-17
9713.65588 5.1821e-17
9715.18981 5.9828e-17
9716.72374 5.4847e-17
9718.25767 6.3566e-17
9719.7916 5.5207e-17
9721.32553 4.7211e-17
9722.85946 4.4108e-17
9724.39339 4.808e-17
9725.92732 5.2443e-17
9727.46125 5.6598e-17
9728.99518 6.1302e-17
9730.52911 5.7046e-17
9732.06304 4.672e-17
9733.59697 5.4982e-17
9735.1309 4.7918e-17
9736.66483 3.7552e-17
9738.19876 3.9353e-17
9739.73269 3.9648e-17
9741.26662 4.7441e-17
9742.80055 4.8977e-17
9744.33448 4.5012e-17
9745.86841 4.7995e-17
9747.40234 5.1314e-17
9748.93627 4.6755e-17
9750.4702 4.6025e-17
9752.00413 4.5904e-17
9753.53806 4.4233e-17
9755.07199 4.6857e-17
9756.60592 4.8081e-17
9758.13985 4.9773e-17
9759.67378 4.5652e-17
9761.20771 4.6927e-17
9762.74164 4.898e-17
9764.27557 4.9067e-17
9765.8095 5.3989e-17
9767.34343 5.0721e-17
9768.87736 5.1778e-17
9770.41129 5.4331e-17
9771.94522 5.0271e-17
9773.47915 4.3691e-17
9775.01308 3.8229e-17
9776.54701 4.3351e-17
9778.08094 5.1755e-17
9779.61487 4.3351e-17
9781.1488 3.9059e-17
9782.68273 4.8618e-17
9784.21666 5.4556e-17
9785.75059 5.5017e-17
9787.28452 6.1291e-17
9788.81845 5.2362e-17
9790.35238 4.4583e-17
9791.88631 5.0256e-17
9793.42024 3.0705e-17
9794.95417 3.2566e-17
9796.4881 5.249e-17
9798.02203 5.0244e-17
9799.55596 4.5704e-17
9801.08989 4.0165e-17
9802.62382 4.5277e-17
9804.15775 4.838e-17
9805.69168 4.8568e-17
9807.22561 4.7498e-17
9808.75954 4.4194e-17
9810.29347 4.3466e-17
9811.8274 4.9452e-17
9813.36133 4.7159e-17
9814.89526 4.3523e-17
9816.42919 5.2012e-17
9817.96312 6.1756e-17
9819.49705 5.6799e-17
9821.03098 4.8627e-17
9822.56491 4.3351e-17
9824.09884 4.4528e-17
9825.63277 4.1427e-17
9827.1667 4.7205e-17
9828.70063 5.1318e-17
9830.23456 4.3882e-17
9831.76849 3.8577e-17
9833.30242 4.6735e-17
9834.83635 5.0111e-17
9836.37028 5.3679e-17
9837.90421 4.165e-17
9839.43814 4.4606e-17
9840.97207 4.4539e-17
9842.506 3.6891e-17
9844.03993 4.4108e-17
9845.57386 4.41e-17
9847.10779 4.9262e-17
9848.64172 3.9888e-17
9850.17565 3.3895e-17
9851.70958 3.661e-17
9853.24351 4.7526e-17
9854.77744 4.8277e-17
9856.31137 4.5255e-17
9857.8453 5.1449e-17
9859.37923 5.6469e-17
9860.91316 5.4919e-17
9862.44709 4.8515e-17
9863.98102 3.5998e-17
9865.51495 3.7902e-17
9867.04888 4.2958e-17
9868.58281 3.5502e-17
9870.11674 3.1046e-17
9871.65067 5.3459e-17
9873.1846 7.2514e-17
9874.71853 4.3648e-17
9876.25246 3.2823e-17
9877.78639 4.4672e-17
9879.32032 4.5341e-17
9880.85425 4.2306e-17
9882.38818 4.8025e-17
9883.92211 4.8665e-17
9885.45604 5.0924e-17
9886.98997 6.089e-17
9888.5239 5.8971e-17
9890.05783 6.3637e-17
9891.59176 5.4516e-17
9893.12569 4.7526e-17
9894.65962 4.2513e-17
9896.19355 3.0433e-17
9897.72748 3.7074e-17
9899.26141 5.1105e-17
9900.79534 5.2245e-17
9902.32927 4.7884e-17
9903.8632 4.5093e-17
9905.39713 5.2968e-17
9906.93106 5.0226e-17
9908.46499 6.1611e-17
9909.99892 6.1571e-17
9911.53285 6.0962e-17
9913.06678 4.857e-17
9914.60071 2.8014e-17
9916.13464 3.1079e-17
9917.66857 4.2893e-17
9919.2025 4.7332e-17
9920.73643 4.6501e-17
9922.27036 4.0542e-17
9923.80429 5.0834e-17
9925.33822 5.2931e-17
9926.87215 5.2837e-17
9928.40608 4.6929e-17
9929.94001 4.0788e-17
9931.47394 3.8867e-17
9933.00787 3.5173e-17
9934.5418 3.4029e-17
9936.07573 4.3505e-17
9937.60966 4.9101e-17
9939.14359 5.325e-17
9940.67752 5.5092e-17
9942.21145 5.2095e-17
9943.74538 4.3716e-17
9945.27931 4.0008e-17
9946.81324 4.0796e-17
9948.34717 3.9275e-17
9949.8811 3.6363e-17
9951.41503 4.3322e-17
9952.94896 6.0492e-17
9954.48289 4.771e-17
9956.01682 3.6223e-17
9957.55075 4.3245e-17
9959.08468 3.9665e-17
9960.61861 4.3153e-17
9962.15254 4.8296e-17
9963.68647 4.246e-17
9965.2204 4.3969e-17
9966.75433 4.561e-17
9968.28826 4.5331e-17
9969.82219 4.9305e-17
9971.35612 4.2047e-17
9972.89005 3.6462e-17
9974.42398 3.7596e-17
9975.95791 3.4207e-17
9977.49184 3.8445e-17
9979.02577 4.103e-17
9980.5597 3.6674e-17
9982.09363 3.9427e-17
9983.62756 4.2216e-17
9985.16149 3.7478e-17
9986.69542 3.2901e-17
9988.22935 3.9702e-17
9989.76328 3.9093e-17
9991.29721 3.2825e-17
9992.83114 3.5701e-17
9994.36507 3.9441e-17
9995.899 3.7874e-17
9997.43293 4.1285e-17
9998.96686 4.0306e-17
10000.50079 5.0226e-17
