3561.97255015 1.43076925585e-16
3564.14920187 1.36893413259e-16
3566.32585359 1.77985304031e-16
3568.5025053 1.76887118695e-16
3570.67915702 1.75558379152e-16
3572.85580873 1.71437421669e-16
3575.03246045 1.96190174392e-16
3577.20911217 1.86567346432e-16
3579.38576388 1.54025929942e-16
3581.5624156 1.85852734327e-16
3583.73906732 1.97336312154e-16
3585.91571903 1.75938427992e-16
3588.09237075 1.77972703061e-16
3590.26902246 1.60805906055e-16
3592.44567418 1.5761303976e-16
3594.6223259 1.7521045431e-16
3596.79897761 1.5525731848e-16
3598.97562933 1.50615909259e-16
3601.15228105 1.84467709746e-16
3603.32893276 1.87201584543e-16
3605.50558448 1.82332508307e-16
3607.68223619 1.74633365922e-16
3609.85888791 1.88182870397e-16
3612.03553963 1.71249268839e-16
3614.21219134 1.81069810046e-16
3616.38884306 1.8383337412e-16
3618.56549478 1.73036129583e-16
3620.74214649 1.83660006728e-16
3622.91879821 1.97637712199e-16
3625.09544992 1.83317322342e-16
3627.27210164 1.85848037467e-16
3629.44875336 2.09102448685e-16
3631.62540507 1.87478512854e-16
3633.80205679 1.77650844356e-16
3635.97870851 1.85265371323e-16
3638.15536022 1.67967701009e-16
3640.33201194 1.64580957227e-16
3642.50866365 1.74812397814e-16
3644.68531537 1.72384334242e-16
3646.86196709 1.63070047343e-16
3649.0386188 1.65035473272e-16
3651.21527052 1.74685636553e-16
3653.39192224 1.86781441546e-16
3655.56857395 1.70548629122e-16
3657.74522567 1.69254567692e-16
3659.92187738 1.95091014163e-16
3662.0985291 1.68351194878e-16
3664.27518082 2.09232009946e-16
3666.45183253 2.20281443133e-16
3668.62848425 1.97498569651e-16
3670.80513597 2.17251959187e-16
3672.98178768 2.04840441341e-16
3675.1584394 2.00996946797e-16
3677.33509111 2.03405467711e-16
3679.51174283 1.99508401679e-16
3681.68839455 1.96054661972e-16
3683.86504626 1.85123790835e-16
3686.04169798 1.79106151885e-16
3688.2183497 1.87865476055e-16
3690.39500141 1.67346035157e-16
3692.57165313 1.86155679055e-16
3694.74830484 1.82367720789e-16
3696.92495656 1.7376588339e-16
3699.10160828 1.99609114692e-16
3701.27825999 1.83197909711e-16
3703.45491171 1.66762032577e-16
3705.63156343 1.75662233651e-16
3707.80821514 1.74734855251e-16
3709.98486686 1.7497110442e-16
3712.16151857 1.72147636039e-16
3714.33817029 1.77224238625e-16
3716.51482201 1.92483877715e-16
3718.69147372 1.77779632222e-16
3720.86812544 1.6959752092e-16
3723.04477715 1.74492885325e-16
3725.22142887 1.81441349123e-16
3727.39808059 1.86851186601e-16
3729.5747323 1.92712398786e-16
3731.75138402 1.70576716775e-16
3733.92803574 1.72116871026e-16
3736.10468745 1.87616569807e-16
3738.28133917 2.00659744592e-16
3740.45799088 1.68537764763e-16
3742.6346426 1.84101573821e-16
3744.81129432 1.78414119485e-16
3746.98794603 1.84950136951e-16
3749.16459775 2.18321364236e-16
3751.34124947 2.36389980674e-16
3753.51790118 2.23886170665e-16
3755.6945529 2.33749254348e-16
3757.87120461 2.44497850104e-16
3760.04785633 2.44948045905e-16
3762.22450805 2.1996499273e-16
3764.40115976 1.90651432873e-16
3766.57781148 1.91007429883e-16
3768.7544632 1.84967526368e-16
3770.93111491 1.88259987504e-16
3773.10776663 1.72073809648e-16
3775.28441834 1.66400591306e-16
3777.46107006 1.834300162e-16
3779.63772178 1.72678211027e-16
3781.81437349 1.81217149499e-16
3783.99102521 1.84144920922e-16
3786.16767693 1.64309415371e-16
3788.34432864 1.77821630702e-16
3790.52098036 1.91425952093e-16
3792.69763207 1.96267616949e-16
3794.87428379 1.71486976375e-16
3797.05093551 1.619705276e-16
3799.22758722 1.69560525155e-16
3801.40423894 1.99664366095e-16
3803.58089066 1.794155522e-16
3805.75754237 1.88951161012e-16
3807.93419409 1.84163747757e-16
3810.1108458 1.72760177881e-16
3812.28749752 1.70801668962e-16
3814.46414924 1.66453669984e-16
3816.64080095 1.58096493318e-16
3818.81745267 1.53832293707e-16
3820.99410439 1.89746399074e-16
3823.1707561 1.87577390475e-16
3825.34740782 1.89814530377e-16
3827.52405953 1.76824620751e-16
3829.70071125 1.64172126372e-16
3831.87736297 1.61359741777e-16
3834.05401468 1.74961452875e-16
3836.2306664 1.6990251002e-16
3838.40731812 1.57324584646e-16
3840.58396983 1.6863801998e-16
3842.76062155 1.7667732905e-16
3844.93727326 1.82349337651e-16
3847.11392498 1.63976385864e-16
3849.2905767 1.49815243002e-16
3851.46722841 1.82744787471e-16
3853.64388013 1.84934353634e-16
3855.82053185 1.7549282008e-16
3857.99718356 1.74937308494e-16
3860.17383528 1.68661287646e-16
3862.35048699 1.70528730623e-16
3864.52713871 1.73366013617e-16
3866.70379043 1.78896165241e-16
3868.88044214 1.79353576459e-16
3871.05709386 1.83966632305e-16
3873.23374557 1.92060911128e-16
3875.41039729 2.00100231671e-16
3877.58704901 1.71257987913e-16
3879.76370072 1.71180212469e-16
3881.94035244 1.86619573246e-16
3884.11700416 1.86695071538e-16
3886.29365587 1.73234580076e-16
3888.47030759 1.6898667253e-16
3890.6469593 1.70950240693e-16
3892.82361102 1.88532308723e-16
3895.00026274 1.94683266103e-16
3897.17691445 1.74850895737e-16
3899.35356617 1.72505822443e-16
3901.53021789 1.83879027022e-16
3903.7068696 1.84524515212e-16
3905.88352132 1.78641417662e-16
3908.06017303 1.86500747382e-16
3910.23682475 1.81081381502e-16
3912.41347647 1.75894608312e-16
3914.59012818 1.93060402624e-16
3916.7667799 1.7921007537e-16
3918.94343162 1.76209849255e-16
3921.12008333 1.82295662069e-16
3923.29673505 1.89732926971e-16
3925.47338676 1.79765122957e-16
3927.65003848 1.89898610064e-16
3929.8266902 1.80757941305e-16
3932.00334191 1.80618299262e-16
3934.17999363 1.82246533182e-16
3936.35664535 1.66464528261e-16
3938.53329706 1.87210738154e-16
3940.70994878 1.87037677671e-16
3942.88660049 1.82173255919e-16
3945.06325221 1.79879952804e-16
3947.23990393 1.85214296252e-16
3949.41655564 1.86387438093e-16
3951.59320736 1.8648848181e-16
3953.76985908 1.99787032976e-16
3955.94651079 1.83526163701e-16
3958.12316251 1.70000578079e-16
3960.29981422 1.74431826057e-16
3962.47646594 1.93563853574e-16
3964.65311766 1.88629875849e-16
3966.82976937 1.76871781515e-16
3969.00642109 1.86203718402e-16
3971.18307281 1.88209634059e-16
3973.35972452 1.85397046853e-16
3975.53637624 1.75976946342e-16
3977.71302795 1.73345485623e-16
3979.88967967 1.81778804361e-16
3982.06633139 1.87616451645e-16
3984.2429831 1.96224047757e-16
3986.41963482 1.81109499134e-16
3988.59628654 1.53418321443e-16
3990.77293825 1.89099753243e-16
3992.94958997 1.92052988154e-16
3995.12624168 1.68205984108e-16
3997.3028934 1.84164008575e-16
3999.47954512 1.88844201552e-16
4001.65619683 1.79582411578e-16
4003.83284855 1.61224007168e-16
4006.00950027 1.81738986136e-16
4008.18615198 1.9799264438e-16
4010.3628037 1.92965378006e-16
4012.53945541 1.74622903097e-16
4014.71610713 1.88661549919e-16
4016.89275885 1.84708807024e-16
4019.06941056 1.868371313e-16
4021.24606228 2.01797348841e-16
4023.42271399 1.82004352214e-16
4025.59936571 1.78869532633e-16
4027.77601743 1.72630953067e-16
4029.95266914 1.65450293223e-16
4032.12932086 1.77930350033e-16
4034.30597258 1.78367080694e-16
4036.48262429 1.73692190434e-16
4038.65927601 1.85652678103e-16
4040.83592772 1.83202941335e-16
4043.01257944 1.82269424782e-16
4045.18923116 1.84357390682e-16
4047.36588287 2.0174683447e-16
4049.54253459 1.75656137052e-16
4051.71918631 1.77641435147e-16
4053.89583802 1.96983944931e-16
4056.07248974 1.8525588151e-16
4058.24914145 1.83502703657e-16
4060.42579317 1.90865732162e-16
4062.60244489 1.8632252014e-16
4064.7790966 1.7616825831e-16
4066.95574832 1.67005146431e-16
4069.13240004 1.98752475925e-16
4071.30905175 2.00045674863e-16
4073.48570347 1.78819374875e-16
4075.66235518 2.00730066502e-16
4077.8390069 2.14788038867e-16
4080.01565862 2.51208635561e-16
4082.19231033 3.73540529771e-16
4084.36896205 5.37766270272e-16
4086.54561377 7.04030657841e-16
4088.72226548 7.75645646993e-16
4090.8989172 6.36122966123e-16
4093.07556891 4.31594345095e-16
4095.25222063 2.59441897471e-16
4097.42887235 1.90925688316e-16
4099.60552406 1.94296020737e-16
4101.78217578 1.9491671884e-16
4103.9588275 1.86985520587e-16
4106.13547921 1.80565963898e-16
4108.31213093 1.64531613816e-16
4110.48878264 1.64565076994e-16
4112.66543436 1.8210251928e-16
4114.84208608 1.82433302398e-16
4117.01873779 2.05004376063e-16
4119.19538951 2.07451342034e-16
4121.37204123 1.92546945274e-16
4123.54869294 1.88025928205e-16
4125.72534466 1.94734897856e-16
4127.90199637 1.98271309928e-16
4130.07864809 1.85152905234e-16
4132.25529981 1.79660102334e-16
4134.43195152 1.86960896503e-16
4136.60860324 2.03720480791e-16
4138.78525496 1.98214061303e-16
4140.96190667 1.98055818493e-16
4143.13855839 1.93975204337e-16
4145.3152101 1.98086496578e-16
4147.49186182 1.93567290072e-16
4149.66851354 1.97471113228e-16
4151.84516525 1.91075794319e-16
4154.02181697 1.93644480975e-16
4156.19846869 1.99588417566e-16
4158.3751204 1.93800951132e-16
4160.55177212 1.85774992648e-16
4162.72842383 1.67508572763e-16
4164.90507555 1.67221577251e-16
4167.08172727 1.71264805143e-16
4169.25837898 1.70988487303e-16
4171.4350307 1.85610665761e-16
4173.61168242 1.95353141636e-16
4175.78833413 2.11534492915e-16
4177.96498585 2.12649843818e-16
4180.14163756 1.95866899394e-16
4182.31828928 1.98121498915e-16
4184.494941 2.05903232738e-16
4186.67159271 1.81174547026e-16
4188.84824443 1.92827061776e-16
4191.02489614 2.23885869015e-16
4193.20154786 1.98972128182e-16
4195.37819958 2.00692924489e-16
4197.55485129 1.78233074085e-16
4199.73150301 1.74563640671e-16
4201.90815473 1.73880437049e-16
4204.08480644 1.61605358072e-16
4206.26145816 1.86832034527e-16
4208.43810987 1.84745492215e-16
4210.61476159 1.72205493754e-16
4212.79141331 1.7635282264e-16
4214.96806502 1.96202973375e-16
4217.14471674 1.91647614624e-16
4219.32136846 1.86042926924e-16
4221.49802017 1.99601319803e-16
4223.67467189 2.12930251378e-16
4225.8513236 2.13228394216e-16
4228.02797532 1.97950975492e-16
4230.20462704 1.9945447006e-16
4232.38127875 2.0751150707e-16
4234.55793047 2.0666689847e-16
4236.73458219 2.38269935384e-16
4238.9112339 2.70242856075e-16
4241.08788562 2.93550836747e-16
4243.26453733 2.66187858961e-16
4245.44118905 2.52305698271e-16
4247.61784077 2.31633796342e-16
4249.79449248 2.06333885865e-16
4251.9711442 1.94569792527e-16
4254.14779592 1.86956285394e-16
4256.32444763 1.97160044798e-16
4258.50109935 1.857623624e-16
4260.67775106 1.79074463911e-16
4262.85440278 2.10556096102e-16
4265.0310545 2.14676460794e-16
4267.20770621 2.09557483059e-16
4269.38435793 2.01250589638e-16
4271.56100965 1.989646336e-16
4273.73766136 1.98188356418e-16
4275.91431308 1.79304868328e-16
4278.09096479 1.85529328331e-16
4280.26761651 2.02903643565e-16
4282.44426823 1.94970000533e-16
4284.62091994 1.98563234113e-16
4286.79757166 2.00467058662e-16
4288.97422338 1.9809742658e-16
4291.15087509 1.96286740991e-16
4293.32752681 2.03068425802e-16
4295.50417852 1.99455535042e-16
4297.68083024 2.06413712001e-16
4299.85748196 1.98211675814e-16
4302.03413367 1.98424332738e-16
4304.21078539 2.04033450822e-16
4306.38743711 2.05424125699e-16
4308.56408882 1.96466693697e-16
4310.74074054 1.74534669217e-16
4312.91739225 1.85118259087e-16
4315.09404397 1.88732584267e-16
4317.27069569 1.86544047494e-16
4319.4473474 2.01312178767e-16
4321.62399912 2.04715925323e-16
4323.80065084 2.01086475966e-16
4325.97730255 1.96899886381e-16
4328.15395427 1.98979484464e-16
4330.33060598 2.12148079982e-16
4332.5072577 2.03212387051e-16
4334.68390942 2.05069446954e-16
4336.86056113 1.92216536072e-16
4339.03721285 1.90250777783e-16
4341.21386456 2.06453360496e-16
4343.39051628 2.04675400923e-16
4345.567168 2.02335028715e-16
4347.74381971 2.05275421074e-16
4349.92047143 1.9197274879e-16
4352.09712315 2.09075876337e-16
4354.27377486 2.23035710643e-16
4356.45042658 2.07583940267e-16
4358.62707829 1.97209170122e-16
4360.80373001 1.87785768157e-16
4362.98038173 1.96505861189e-16
4365.15703344 1.98084944171e-16
4367.33368516 1.94663304159e-16
4369.51033688 2.01581496115e-16
4371.68698859 2.12543013577e-16
4373.86364031 2.06599062234e-16
4376.04029202 2.0583087809e-16
4378.21694374 2.07278251214e-16
4380.39359546 2.18568657034e-16
4382.57024717 2.09382753001e-16
4384.74689889 1.96290669484e-16
4386.92355061 2.05767354815e-16
4389.10020232 2.1567495294e-16
4391.27685404 2.15430993845e-16
4393.45350575 2.240231116e-16
4395.63015747 2.19563622905e-16
4397.80680919 2.19992460658e-16
4399.9834609 1.97944106369e-16
4402.16011262 1.96673501706e-16
4404.33676434 2.0942346405e-16
4406.51341605 2.08335746446e-16
4408.69006777 2.19271914771e-16
4410.86671948 2.1508983641e-16
4413.0433712 2.15074353196e-16
4415.22002292 2.18108490852e-16
4417.39667463 2.16107535732e-16
4419.57332635 2.02195099391e-16
4421.74997807 1.93715272519e-16
4423.92662978 2.05874393935e-16
4426.1032815 2.03862210695e-16
4428.27993321 2.13809701282e-16
4430.45658493 2.15636682842e-16
4432.63323665 2.0376897116e-16
4434.80988836 2.0071216683e-16
4436.98654008 2.1292830763e-16
4439.1631918 2.10419934078e-16
4441.33984351 2.01216080369e-16
4443.51649523 2.12705870819e-16
4445.69314694 2.12709189119e-16
4447.86979866 2.06470624946e-16
4450.04645038 1.99685785509e-16
4452.22310209 2.05045015133e-16
4454.39975381 2.16250263925e-16
4456.57640553 2.1013438108e-16
4458.75305724 1.95234655754e-16
4460.92970896 2.05138561153e-16
4463.10636067 2.26707199114e-16
4465.28301239 2.11987418354e-16
4467.45966411 1.99557994419e-16
4469.63631582 2.03705158745e-16
4471.81296754 2.03111260045e-16
4473.98961926 2.09122558106e-16
4476.16627097 2.0105709527e-16
4478.34292269 1.98502307106e-16
4480.5195744 1.86220695292e-16
4482.69622612 1.86595750037e-16
4484.87287784 2.10146292524e-16
4487.04952955 2.0199074097e-16
4489.22618127 2.02409174045e-16
4491.40283298 2.04196826961e-16
4493.5794847 2.12149005617e-16
4495.75613642 2.37249727266e-16
4497.93278813 2.47184572512e-16
4500.10943985 2.41012558588e-16
4502.28609157 2.14028947104e-16
4504.46274328 2.01946675291e-16
4506.639395 2.01821889414e-16
4508.81604671 2.04969098502e-16
4510.99269843 2.12112752165e-16
4513.16935015 2.15582196504e-16
4515.34600186 1.94890450495e-16
4517.52265358 1.97763725122e-16
4519.6993053 2.06738580601e-16
4521.87595701 2.0758090615e-16
4524.05260873 1.98722657711e-16
4526.22926044 2.06223090931e-16
4528.40591216 1.98561500752e-16
4530.58256388 1.95042196423e-16
4532.75921559 1.99375526516e-16
4534.93586731 2.10225015908e-16
4537.11251903 2.10689069269e-16
4539.28917074 2.07063707715e-16
4541.46582246 2.13613327484e-16
4543.64247417 2.1265080037e-16
4545.81912589 2.139301128e-16
4547.99577761 1.92617430247e-16
4550.17242932 2.00821390137e-16
4552.34908104 2.02721473199e-16
4554.52573276 1.94136335874e-16
4556.70238447 1.95084009255e-16
4558.87903619 1.98108183733e-16
4561.0556879 2.06914528439e-16
4563.23233962 2.06241652146e-16
4565.40899134 2.14200587696e-16
4567.58564305 1.918639365e-16
4569.76229477 1.94096227455e-16
4571.93894649 2.01781542207e-16
4574.1155982 1.96071084554e-16
4576.29224992 1.97808413943e-16
4578.46890163 1.86320901115e-16
4580.64555335 1.98563112853e-16
4582.82220507 1.97563105675e-16
4584.99885678 2.13042466506e-16
4587.1755085 2.08263051526e-16
4589.35216022 2.09834577142e-16
4591.52881193 2.05279805497e-16
4593.70546365 2.04167313161e-16
4595.88211536 1.78332912021e-16
4598.05876708 1.98013778922e-16
4600.2354188 1.86242589512e-16
4602.41207051 1.94211555388e-16
4604.58872223 1.95612139615e-16
4606.76537395 2.00898057632e-16
4608.94202566 1.99661589778e-16
4611.11867738 1.97109814265e-16
4613.29532909 1.96738338033e-16
4615.47198081 2.0667521193e-16
4617.64863253 2.08627226104e-16
4619.82528424 2.07499330595e-16
4622.00193596 1.92877440232e-16
4624.17858768 1.99579158118e-16
4626.35523939 2.12422083026e-16
4628.53189111 2.09853330659e-16
4630.70854282 1.95860713909e-16
4632.88519454 1.89389609316e-16
4635.06184626 1.98021973033e-16
4637.23849797 1.87021783321e-16
4639.41514969 2.02796482913e-16
4641.5918014 2.03369182856e-16
4643.76845312 1.98832999028e-16
4645.94510484 2.02578996696e-16
4648.12175655 2.09872358824e-16
4650.29840827 2.23726958132e-16
4652.47505999 2.08179401747e-16
4654.6517117 1.9676655259e-16
4656.82836342 1.9144972381e-16
4659.00501513 1.93036033911e-16
4661.18166685 1.87114631944e-16
4663.35831857 1.86053869291e-16
4665.53497028 1.96373708232e-16
4667.711622 1.90502103257e-16
4669.88827372 1.94953213899e-16
4672.06492543 1.89055856595e-16
4674.24157715 1.97311840698e-16
4676.41822886 2.04530639966e-16
4678.59488058 2.02876373933e-16
4680.7715323 2.11054036038e-16
4682.94818401 2.01885055058e-16
4685.12483573 1.80099233534e-16
4687.30148745 1.82046732516e-16
4689.47813916 1.81346745756e-16
4691.65479088 1.84360152917e-16
4693.83144259 2.00592036217e-16
4696.00809431 2.05088683615e-16
4698.18474603 1.8732031736e-16
4700.36139774 1.99263876881e-16
4702.53804946 2.10103199861e-16
4704.71470118 2.00648651079e-16
4706.89135289 1.88380387501e-16
4709.06800461 1.85486500242e-16
4711.24465632 1.92949738865e-16
4713.42130804 1.96558859588e-16
4715.59795976 1.93683951522e-16
4717.77461147 1.84235118513e-16
4719.95126319 1.825287554e-16
4722.12791491 1.87244391157e-16
4724.30456662 1.85442963778e-16
4726.48121834 1.90636500968e-16
4728.65787005 1.77771002174e-16
4730.83452177 1.76506459909e-16
4733.01117349 1.98556108658e-16
4735.1878252 2.057154364e-16
4737.36447692 1.98529583647e-16
4739.54112864 1.83994229813e-16
4741.71778035 1.95887433289e-16
4743.89443207 1.95755705071e-16
4746.07108378 1.86674445613e-16
4748.2477355 1.89825635418e-16
4750.42438722 2.11024280338e-16
4752.60103893 2.23814676262e-16
4754.77769065 2.37593494889e-16
4756.95434237 2.79417914986e-16
4759.13099408 3.10467057021e-16
4761.3076458 3.16046775492e-16
4763.48429751 2.8524976895e-16
4765.66094923 2.50390205578e-16
4767.83760095 2.10068475458e-16
4770.01425266 1.88528568178e-16
4772.19090438 1.87484554821e-16
4774.3675561 1.90986828695e-16
4776.54420781 1.97517989424e-16
4778.72085953 2.05614741005e-16
4780.89751124 2.16734611531e-16
4783.07416296 2.19562482557e-16
4785.25081468 2.170344377e-16
4787.42746639 2.15816523847e-16
4789.60411811 2.05619190639e-16
4791.78076982 1.92947369343e-16
4793.95742154 1.99359166072e-16
4796.13407326 1.90406798045e-16
4798.31072497 1.8279925798e-16
4800.48737669 1.97213064614e-16
4802.66402841 2.00246920141e-16
4804.84068012 1.94660282315e-16
4807.01733184 1.93151015041e-16
4809.19398355 1.89583700349e-16
4811.37063527 1.76581646573e-16
4813.54728699 1.8336342908e-16
4815.7239387 1.82349430599e-16
4817.90059042 1.85431674077e-16
4820.07724214 1.98455441555e-16
4822.25389385 2.04251681187e-16
4824.43054557 1.94593764446e-16
4826.60719728 1.89723262418e-16
4828.783849 1.9154514487e-16
4830.96050072 1.85809615983e-16
4833.13715243 1.89971522903e-16
4835.31380415 1.94405096656e-16
4837.49045587 1.88573423621e-16
4839.66710758 1.82460141582e-16
4841.8437593 1.871418441e-16
4844.02041101 1.83756878588e-16
4846.19706273 1.84425310154e-16
4848.37371445 1.95464751095e-16
4850.55036616 2.00121991161e-16
4852.72701788 1.9519297572e-16
4854.9036696 1.88209651723e-16
4857.08032131 1.91785004899e-16
4859.25697303 1.85650591663e-16
4861.43362474 1.82994264888e-16
4863.61027646 1.81673306506e-16
4865.78692818 1.83684866114e-16
4867.96357989 1.88138419612e-16
4870.14023161 1.80075630868e-16
4872.31688333 1.74690243007e-16
4874.49353504 1.75543417676e-16
4876.67018676 1.90539762807e-16
4878.84683847 1.87836142823e-16
4881.02349019 1.84716862838e-16
4883.20014191 1.9078509457e-16
4885.37679362 1.99134602436e-16
4887.55344534 1.95609683468e-16
4889.73009706 1.89092332688e-16
4891.90674877 1.9080584838e-16
4894.08340049 1.77333299545e-16
4896.2600522 1.88167916518e-16
4898.43670392 1.97762724609e-16
4900.61335564 1.95941514037e-16
4902.79000735 2.11507270807e-16
4904.96665907 2.07562193139e-16
4907.14331079 1.88036119062e-16
4909.3199625 1.8805631059e-16
4911.49661422 2.0324006855e-16
4913.67326593 1.9034903646e-16
4915.84991765 1.79463731785e-16
4918.02656937 2.00584074185e-16
4920.20322108 2.03943827091e-16
4922.3798728 1.87205719119e-16
4924.55652452 1.79538202387e-16
4926.73317623 2.00144194719e-16
4928.90982795 1.94570289188e-16
4931.08647966 1.93766928947e-16
4933.26313138 1.88006507534e-16
4935.4397831 1.87611338082e-16
4937.61643481 2.00315377933e-16
4939.79308653 2.12192011268e-16
4941.96973825 2.12964753206e-16
4944.14638996 2.03391573382e-16
4946.32304168 2.046080851e-16
4948.49969339 2.12053036042e-16
4950.67634511 2.06379553308e-16
4952.85299683 1.99836026926e-16
4955.02964854 2.11927729492e-16
4957.20630026 2.00842342195e-16
4959.38295197 2.00131882996e-16
4961.55960369 1.98205731676e-16
4963.73625541 1.86092805359e-16
4965.91290712 1.94680862983e-16
4968.08955884 1.92801983359e-16
4970.26621056 1.83059067668e-16
4972.44286227 1.87384429856e-16
4974.61951399 1.91509613194e-16
4976.7961657 1.8487165183e-16
4978.97281742 1.93002378367e-16
4981.14946914 2.08000443707e-16
4983.32612085 1.92736474535e-16
4985.50277257 1.89553719764e-16
4987.67942429 1.97258077667e-16
4989.856076 1.90237468082e-16
4992.03272772 1.92379239675e-16
4994.20937943 1.91042123017e-16
4996.38603115 1.94022381516e-16
4998.56268287 2.01279542297e-16
5000.73933458 1.98480697249e-16
5002.9159863 2.08737417329e-16
5005.09263802 2.03578661519e-16
5007.26928973 1.97669088839e-16
5009.44594145 1.92061122304e-16
5011.62259316 1.97626656349e-16
5013.79924488 1.93832134959e-16
5015.9758966 1.85913899622e-16
5018.15254831 1.93462403016e-16
5020.32920003 1.97951861132e-16
5022.50585175 1.9830133417e-16
5024.68250346 1.83950145562e-16
5026.85915518 1.82422168477e-16
5029.03580689 1.82481374851e-16
5031.21245861 1.827782158e-16
5033.38911033 1.956497762e-16
5035.56576204 1.89278317944e-16
5037.74241376 1.71452306565e-16
5039.91906548 1.82938757763e-16
5042.09571719 1.84279327891e-16
5044.27236891 1.74596346188e-16
5046.44902062 1.81241063002e-16
5048.62567234 1.77714678781e-16
5050.80232406 1.87587158182e-16
5052.97897577 1.8699060602e-16
5055.15562749 1.80821213556e-16
5057.33227921 1.85577241747e-16
5059.50893092 1.85867371064e-16
5061.68558264 1.91957528913e-16
5063.86223435 2.04535398574e-16
5066.03888607 1.96825324112e-16
5068.21553779 1.90159208681e-16
5070.3921895 1.98406097506e-16
5072.56884122 1.99990306237e-16
5074.74549294 1.9171650733e-16
5076.92214465 1.9192509773e-16
5079.09879637 2.12676862042e-16
5081.27544808 1.99767241916e-16
5083.4520998 1.85378058165e-16
5085.62875152 1.89319494465e-16
5087.80540323 1.96623772733e-16
5089.98205495 1.95078104431e-16
5092.15870667 1.98168365783e-16
5094.33535838 1.92200613077e-16
5096.5120101 1.9369631055e-16
5098.68866181 1.82524511619e-16
5100.86531353 1.85155775288e-16
5103.04196525 1.93063169409e-16
5105.21861696 1.87489832312e-16
5107.39526868 1.94059228042e-16
5109.57192039 1.98293323304e-16
5111.74857211 1.89720362586e-16
5113.92522383 1.99670636358e-16
5116.10187554 1.87673332044e-16
5118.27852726 1.87504407761e-16
5120.45517898 1.93957440563e-16
5122.63183069 2.02263048871e-16
5124.80848241 1.95772906849e-16
5126.98513412 1.99792743722e-16
5129.16178584 1.95505853091e-16
5131.33843756 1.98555503405e-16
5133.51508927 2.19210973985e-16
5135.69174099 2.13209678778e-16
5137.86839271 2.16727636165e-16
5140.04504442 2.08906332542e-16
5142.22169614 2.04378893048e-16
5144.39834785 1.85001771061e-16
5146.57499957 1.85161793383e-16
5148.75165129 2.00597607963e-16
5150.928303 1.86238530678e-16
5153.10495472 1.84555737428e-16
5155.28160644 1.89752700052e-16
5157.45825815 1.89856952616e-16
5159.63490987 1.90320013392e-16
5161.81156158 1.87896344607e-16
5163.9882133 1.83464517999e-16
5166.16486502 1.85552008638e-16
5168.34151673 1.89731873583e-16
5170.51816845 1.96580035769e-16
5172.69482017 1.92827069635e-16
5174.87147188 1.9380096854e-16
5177.0481236 1.95594972192e-16
5179.22477531 1.87220173181e-16
5181.40142703 1.926806756e-16
5183.57807875 1.86435559872e-16
5185.75473046 1.89056798053e-16
5187.93138218 1.84873427703e-16
5190.1080339 1.7489046222e-16
5192.28468561 1.81814334949e-16
5194.46133733 1.80910881789e-16
5196.63798904 1.85004925187e-16
5198.81464076 1.86730414746e-16
5200.99129248 1.85045734718e-16
5203.16794419 1.87555825222e-16
5205.34459591 1.8854157739e-16
5207.52124763 1.91719334285e-16
5209.69789934 1.85351415586e-16
5211.87455106 1.82435975021e-16
5214.05120277 1.82915242706e-16
5216.22785449 1.72871787029e-16
5218.40450621 1.76704240217e-16
5220.58115792 1.80918775945e-16
5222.75780964 1.84552110886e-16
5224.93446136 1.70815877124e-16
5227.11111307 1.68860133256e-16
5229.28776479 1.74742948263e-16
5231.4644165 1.77883220156e-16
5233.64106822 1.81688063596e-16
5235.81771994 1.80827780004e-16
5237.99437165 1.85092776448e-16
5240.17102337 1.79747449126e-16
5242.34767509 1.76910934154e-16
5244.5243268 1.78083146612e-16
5246.70097852 1.77423245421e-16
5248.87763023 1.81435375675e-16
5251.05428195 1.79622143807e-16
5253.23093367 1.71698002973e-16
5255.40758538 1.7507002718e-16
5257.5842371 1.77159857612e-16
5259.76088881 1.80589186135e-16
5261.93754053 1.8287113534e-16
5264.11419225 1.75980591958e-16
5266.29084396 1.77793528521e-16
5268.46749568 1.73391377608e-16
5270.6441474 1.77888683838e-16
5272.82079911 1.84258738893e-16
5274.99745083 1.78734717118e-16
5277.17410254 1.68907144964e-16
5279.35075426 1.69925604923e-16
5281.52740598 1.9168874606e-16
5283.70405769 1.81036928756e-16
5285.88070941 1.74492305955e-16
5288.05736113 1.82181667309e-16
5290.23401284 1.79651537357e-16
5292.41066456 1.73516480007e-16
5294.58731627 1.71171818357e-16
5296.76396799 1.74785655351e-16
5298.94061971 1.74674287129e-16
5301.11727142 1.73032669121e-16
5303.29392314 1.80168816039e-16
5305.47057486 1.89362035987e-16
5307.64722657 1.86098649493e-16
5309.82387829 1.83021170811e-16
5312.00053 1.99213054078e-16
5314.17718172 2.08057643056e-16
5316.35383344 2.01536109227e-16
5318.53048515 2.0120270428e-16
5320.70713687 2.21150361808e-16
5322.88378859 2.44300598847e-16
5325.0604403 2.85595083009e-16
5327.23709202 3.74669489163e-16
5329.41374373 4.77178981023e-16
5331.59039545 5.27234005053e-16
5333.76704717 4.73861640297e-16
5335.94369888 3.4794549228e-16
5338.1203506 2.62359427737e-16
5340.29700232 2.34796952964e-16
5342.47365403 2.21204613397e-16
5344.65030575 1.99465864744e-16
5346.82695746 1.90494982737e-16
5349.00360918 1.91771859002e-16
5351.1802609 1.8663387632e-16
5353.35691261 1.90952977827e-16
5355.53356433 1.87741542727e-16
5357.71021605 1.75675537591e-16
5359.88686776 1.7237876793e-16
5362.06351948 1.77829874482e-16
5364.24017119 1.86078049077e-16
5366.41682291 1.81623789065e-16
5368.59347463 1.81331437264e-16
5370.77012634 1.86339530756e-16
5372.94677806 1.85972913475e-16
5375.12342978 1.8065502809e-16
5377.30008149 1.82583739619e-16
5379.47673321 1.92694227309e-16
5381.65338492 1.80761500746e-16
5383.83003664 1.87308809244e-16
5386.00668836 1.89867321368e-16
5388.18334007 1.76814411291e-16
5390.35999179 1.83941749532e-16
5392.53664351 1.83628224361e-16
5394.71329522 1.74982821286e-16
5396.88994694 1.67019875484e-16
5399.06659865 1.81827316266e-16
5401.24325037 1.81833565169e-16
5403.41990209 1.73658086259e-16
5405.5965538 1.85922003608e-16
5407.77320552 1.85854068909e-16
5409.94985723 1.80347369243e-16
5412.12650895 1.77603647763e-16
5414.30316067 1.80688184701e-16
5416.47981238 1.82124647146e-16
5418.6564641 1.70939609234e-16
5420.83311582 1.83755248325e-16
5423.00976753 1.93685573109e-16
5425.18641925 1.97941482666e-16
5427.36307096 2.14258460777e-16
5429.53972268 2.32684242586e-16
5431.7163744 2.65637138976e-16
5433.89302611 3.3227846866e-16
5436.06967783 3.8857898852e-16
5438.24632955 3.8678629462e-16
5440.42298126 3.36231298439e-16
5442.59963298 2.83274545299e-16
5444.77628469 2.30784038352e-16
5446.95293641 2.1144628506e-16
5449.12958813 2.0084756109e-16
5451.30623984 1.94701909418e-16
5453.48289156 1.89337531482e-16
5455.65954328 1.82887458459e-16
5457.83619499 1.7357568309e-16
5460.01284671 1.80356018384e-16
5462.18949842 1.74641475371e-16
5464.36615014 1.63924415344e-16
5466.54280186 1.74724170974e-16
5468.71945357 1.78347138258e-16
5470.89610529 1.83675086882e-16
5473.07275701 1.86841542623e-16
5475.24940872 2.06049524412e-16
5477.42606044 2.23619977523e-16
5479.60271215 2.50791823548e-16
5481.77936387 2.94443946733e-16
5483.95601559 4.10611540092e-16
5486.1326673 5.89308176063e-16
5488.30931902 6.37302997451e-16
5490.48597074 6.86192560231e-16
5492.66262245 5.61654237399e-16
5494.83927417 3.87201263303e-16
5497.01592588 3.17704445253e-16
5499.1925776 2.66704665836e-16
5501.36922932 2.3627221819e-16
5503.54588103 2.24804847225e-16
5505.72253275 2.08848130188e-16
5507.89918447 1.97994566697e-16
5510.07583618 1.93033086664e-16
5512.2524879 1.92204848963e-16
5514.42913961 1.78512449774e-16
5516.60579133 1.77196236618e-16
5518.78244305 1.82463127988e-16
5520.95909476 1.76685820448e-16
5523.13574648 1.63605608581e-16
5525.3123982 1.61913713562e-16
5527.48904991 1.61302421057e-16
5529.66570163 1.67842525519e-16
5531.84235334 1.76576860652e-16
5534.01900506 1.76549555498e-16
5536.19565678 1.70938652579e-16
5538.37230849 1.68194509119e-16
5540.54896021 1.67705936161e-16
5542.72561193 1.70145907737e-16
5544.90226364 1.75209655998e-16
5547.07891536 1.67805146036e-16
5549.25556707 1.67478398476e-16
5551.43221879 1.71012614703e-16
5553.60887051 1.65909684276e-16
5555.78552222 1.59797929851e-16
5557.96217394 1.58533114199e-16
5560.13882565 1.67068704639e-16
5562.31547737 1.66269127253e-16
5564.49212909 1.67182283692e-16
5566.6687808 1.63733042657e-16
5568.84543252 1.63897908365e-16
5571.02208424 1.46068721876e-16
5573.19873595 1.64183936944e-16
5575.37538767 1.75805197425e-16
5577.55203938 1.66586462442e-16
5579.7286911 1.74596969522e-16
5581.90534282 1.65981378235e-16
5584.08199453 1.63150851229e-16
5586.25864625 1.61853627186e-16
5588.43529797 1.67146805099e-16
5590.61194968 1.57489230756e-16
5592.7886014 1.64819408447e-16
5594.96525311 1.72879461225e-16
5597.14190483 1.65636086087e-16
5599.31855655 1.64516881873e-16
5601.49520826 1.67101288301e-16
5603.67185998 1.60694722822e-16
5605.8485117 1.66963218589e-16
5608.02516341 1.69057043625e-16
5610.20181513 1.7088953547e-16
5612.37846684 1.60392472109e-16
5614.55511856 1.56432299433e-16
5616.73177028 1.64059502509e-16
5618.90842199 1.68418106138e-16
5621.08507371 1.57443299244e-16
5623.26172543 1.54520006999e-16
5625.43837714 1.55511896705e-16
5627.61502886 1.59766927006e-16
5629.79168057 1.67482405661e-16
5631.96833229 1.60758132807e-16
5634.14498401 1.55494317196e-16
5636.32163572 1.53132538112e-16
5638.49828744 1.5986836881e-16
5640.67493916 1.66603280719e-16
5642.85159087 1.64358723453e-16
5645.02824259 1.67472164855e-16
5647.2048943 1.59721767004e-16
5649.38154602 1.57650311566e-16
5651.55819774 1.56417182549e-16
5653.73484945 1.53878147381e-16
5655.91150117 1.66493529579e-16
5658.08815289 1.79414364519e-16
5660.2648046 1.71326727158e-16
5662.44145632 1.65380089746e-16
5664.61810803 1.54629756842e-16
5666.79475975 1.57063901417e-16
5668.97141147 1.47015565291e-16
5671.14806318 1.53130586012e-16
5673.3247149 1.57417247917e-16
5675.50136662 1.56957886024e-16
5677.67801833 1.60537136288e-16
5679.85467005 1.63556573688e-16
5682.03132176 1.48844875652e-16
5684.20797348 1.51807707922e-16
5686.3846252 1.55955234944e-16
5688.56127691 1.58875588246e-16
5690.73792863 1.58150880379e-16
5692.91458035 1.68136685495e-16
5695.09123206 1.75510928037e-16
5697.26788378 1.7439468648e-16
5699.44453549 1.79913681702e-16
5701.62118721 1.97623388074e-16
5703.79783893 1.87612669334e-16
5705.97449064 1.81076286299e-16
5708.15114236 1.69383755353e-16
5710.32779408 1.57040173529e-16
5712.50444579 1.54593956984e-16
5714.68109751 1.59492385337e-16
5716.85774922 1.5438624848e-16
5719.03440094 1.51939677619e-16
5721.21105266 1.5318816366e-16
5723.38770437 1.64402881424e-16
5725.56435609 1.73075685983e-16
5727.7410078 1.63551923763e-16
5729.91765952 1.61628777737e-16
5732.09431124 1.56111047184e-16
5734.27096295 1.5785867474e-16
5736.44761467 1.60847313175e-16
5738.62426639 1.53633886476e-16
5740.8009181 1.58579160888e-16
5742.97756982 1.69515974258e-16
5745.15422153 1.7100860508e-16
5747.33087325 1.60680532971e-16
5749.50752497 1.6121727072e-16
5751.68417668 1.66613193582e-16
5753.8608284 1.64797511395e-16
5756.03748012 1.60538629301e-16
5758.21413183 1.50083139864e-16
5760.39078355 1.62391788364e-16
5762.56743526 1.74051344828e-16
5764.74408698 1.57896264182e-16
5766.9207387 1.5485089706e-16
5769.09739041 1.57531596305e-16
5771.27404213 1.58087054158e-16
5773.45069385 1.48450676716e-16
5775.62734556 1.50889866168e-16
5777.80399728 1.5656624447e-16
5779.98064899 1.54762560762e-16
5782.15730071 1.55155429384e-16
5784.33395243 1.54423204036e-16
5786.51060414 1.62842952602e-16
5788.68725586 1.59442753035e-16
5790.86390758 1.61368116532e-16
5793.04055929 1.61323645285e-16
5795.21721101 1.67476117186e-16
5797.39386272 1.63361689628e-16
5799.57051444 1.60191695057e-16
5801.74716616 1.54739455027e-16
5803.92381787 1.61190767445e-16
5806.10046959 1.5654110983e-16
5808.27712131 1.59432726086e-16
5810.45377302 1.59581003189e-16
5812.63042474 1.555338627e-16
5814.80707645 1.58899282557e-16
5816.98372817 1.62689937607e-16
5819.16037989 1.737525351e-16
5821.3370316 1.63038581149e-16
5823.51368332 1.64315772587e-16
5825.69033504 1.71104476483e-16
5827.86698675 1.7313866752e-16
5830.04363847 1.60674867441e-16
5832.22029018 1.67382927663e-16
5834.3969419 1.72617534594e-16
5836.57359362 1.64209488777e-16
5838.75024533 1.59985323573e-16
5840.92689705 1.56120852028e-16
5843.10354877 1.50745677717e-16
5845.28020048 1.55172367413e-16
5847.4568522 1.57364176222e-16
5849.63350391 1.66420721536e-16
5851.81015563 1.59870674974e-16
5853.98680735 1.5547659393e-16
5856.16345906 1.60292141892e-16
5858.34011078 1.63746244817e-16
5860.5167625 1.62913221354e-16
5862.69341421 1.63833792106e-16
5864.87006593 1.63531499588e-16
5867.04671764 1.62761085744e-16
5869.22336936 1.7019197247e-16
5871.40002108 1.67850148618e-16
5873.57667279 1.60894489217e-16
5875.75332451 1.61308357049e-16
5877.92997622 1.63464224898e-16
5880.10662794 1.66927615365e-16
5882.28327966 1.68699091441e-16
5884.45993137 1.58963448355e-16
5886.63658309 1.45618484646e-16
5888.81323481 1.56725435224e-16
5890.98988652 1.56086922114e-16
5893.16653824 1.50349793599e-16
5895.34318995 1.64703110851e-16
5897.51984167 1.62295348719e-16
5899.69649339 1.68049294426e-16
5901.8731451 1.66913408101e-16
5904.04979682 1.61073823997e-16
5906.22644854 1.64838570429e-16
5908.40310025 1.61136952661e-16
5910.57975197 1.64715506269e-16
5912.75640368 1.6131173634e-16
5914.9330554 1.65795292612e-16
5917.10970712 1.62119176071e-16
5919.28635883 1.56598815795e-16
5921.46301055 1.577736887e-16
5923.63966227 1.4554393783e-16
5925.81631398 1.46418624197e-16
5927.9929657 1.47073961884e-16
5930.16961741 1.49496997444e-16
5932.34626913 1.55725430289e-16
5934.52292085 1.63325973156e-16
5936.69957256 1.63593142454e-16
5938.87622428 1.65713002234e-16
5941.052876 1.67723441168e-16
5943.22952771 1.70160981124e-16
5945.40617943 1.66371134636e-16
5947.58283114 1.52704225489e-16
5949.75948286 1.61294605717e-16
5951.93613458 1.64893586884e-16
5954.11278629 1.60664809727e-16
5956.28943801 1.56700503446e-16
5958.46608973 1.55662838873e-16
5960.64274144 1.46831432583e-16
5962.81939316 1.54480735731e-16
5964.99604487 1.64701181516e-16
5967.17269659 1.69936908874e-16
5969.34934831 1.62686100061e-16
5971.52600002 1.50416492155e-16
5973.70265174 1.56967488462e-16
5975.87930346 1.53969130029e-16
5978.05595517 1.4474577427e-16
5980.23260689 1.56151746913e-16
5982.4092586 1.52502870716e-16
5984.58591032 1.49055598627e-16
5986.76256204 1.55659288984e-16
5988.93921375 1.52530222507e-16
5991.11586547 1.58431098343e-16
5993.29251719 1.48898332356e-16
5995.4691689 1.53902588437e-16
5997.64582062 1.58708822427e-16
5999.82247233 1.6008874322e-16
6001.99912405 1.6101592778e-16
6004.17577577 1.5279466377e-16
6006.35242748 1.48702268867e-16
6008.5290792 1.52754379526e-16
6010.70573092 1.58275203207e-16
6012.88238263 1.55281999152e-16
6015.05903435 1.55623045971e-16
6017.23568606 1.57160005168e-16
6019.41233778 1.53983837754e-16
6021.5889895 1.49914360512e-16
6023.76564121 1.52636137219e-16
6025.94229293 1.61609311658e-16
6028.11894464 1.62495967455e-16
6030.29559636 1.62956187932e-16
6032.47224808 1.51584367877e-16
6034.64889979 1.4889209978e-16
6036.82555151 1.56960903972e-16
6039.00220323 1.635559304e-16
6041.17885494 1.56115840911e-16
6043.35550666 1.45747721541e-16
6045.53215837 1.56249781947e-16
6047.70881009 1.55330783597e-16
6049.88546181 1.50926219691e-16
6052.06211352 1.52521453787e-16
6054.23876524 1.56724554878e-16
6056.41541696 1.60767796254e-16
6058.59206867 1.51200972704e-16
6060.76872039 1.50172132562e-16
6062.9453721 1.55622603438e-16
6065.12202382 1.55396608326e-16
6067.29867554 1.51592489065e-16
6069.47532725 1.46040781404e-16
6071.65197897 1.46579829388e-16
6073.82863069 1.56224467133e-16
6076.0052824 1.52793884092e-16
6078.18193412 1.49671044131e-16
6080.35858583 1.57743281483e-16
6082.53523755 1.56544164435e-16
6084.71188927 1.46170870297e-16
6086.88854098 1.50176504515e-16
6089.0651927 1.60251516189e-16
6091.24184442 1.52711116367e-16
6093.41849613 1.49000117634e-16
6095.59514785 1.5711794034e-16
6097.77179956 1.56534215666e-16
6099.94845128 1.50001869512e-16
6102.125103 1.4844966035e-16
6104.30175471 1.45653578567e-16
6106.47840643 1.40032545119e-16
6108.65505815 1.4245261193e-16
6110.83170986 1.4677962533e-16
6113.00836158 1.54574532565e-16
6115.18501329 1.61866422811e-16
6117.36166501 1.53621644961e-16
6119.53831673 1.49453803907e-16
6121.71496844 1.44654881296e-16
6123.89162016 1.40243901939e-16
6126.06827188 1.44849182439e-16
6128.24492359 1.44358601899e-16
6130.42157531 1.46347935382e-16
6132.59822702 1.41353704407e-16
6134.77487874 1.45471838879e-16
6136.95153046 1.5096987225e-16
6139.12818217 1.50228431686e-16
6141.30483389 1.49885910621e-16
6143.48148561 1.48753397876e-16
6145.65813732 1.54250599495e-16
6147.83478904 1.5463725206e-16
6150.01144075 1.50987063755e-16
6152.18809247 1.50648717837e-16
6154.36474419 1.47753223419e-16
6156.5413959 1.44319506721e-16
6158.71804762 1.4463495073e-16
6160.89469934 1.49179622474e-16
6163.07135105 1.4945168693e-16
6165.24800277 1.40462565411e-16
6167.42465448 1.46117961463e-16
6169.6013062 1.45129769313e-16
6171.77795792 1.52586456666e-16
6173.95460963 1.56493960813e-16
6176.13126135 1.49575500943e-16
6178.30791306 1.52490664911e-16
6180.48456478 1.48941552382e-16
6182.6612165 1.53099942791e-16
6184.83786821 1.53666391888e-16
6187.01451993 1.39534908519e-16
6189.19117165 1.50161678084e-16
6191.36782336 1.48032584623e-16
6193.54447508 1.48031489534e-16
6195.72112679 1.50260635504e-16
6197.89777851 1.4449948158e-16
6200.07443023 1.48611247399e-16
6202.25108194 1.4615786285e-16
6204.42773366 1.46479088128e-16
6206.60438538 1.46313743398e-16
6208.78103709 1.46351858664e-16
6210.95768881 1.45593347807e-16
6213.13434052 1.47021054276e-16
6215.31099224 1.45933908731e-16
6217.48764396 1.47168613461e-16
6219.66429567 1.46078610482e-16
6221.84094739 1.46846153005e-16
6224.01759911 1.45363733535e-16
6226.19425082 1.39436920199e-16
6228.37090254 1.37579782645e-16
6230.54755425 1.41677929227e-16
6232.72420597 1.40161594467e-16
6234.90085769 1.5011019675e-16
6237.0775094 1.49153960274e-16
6239.25416112 1.43759002712e-16
6241.43081284 1.46175573624e-16
6243.60746455 1.51945026032e-16
6245.78411627 1.55533396882e-16
6247.96076798 1.43496363617e-16
6250.1374197 1.38321811358e-16
6252.31407142 1.40397669943e-16
6254.49072313 1.47773217602e-16
6256.66737485 1.40064690221e-16
6258.84402657 1.37424181921e-16
6261.02067828 1.4031238367e-16
6263.19733 1.385794827e-16
6265.37398171 1.33248306302e-16
6267.55063343 1.38146563895e-16
6269.72728515 1.49317924563e-16
6271.90393686 1.43544654056e-16
6274.08058858 1.5313587626e-16
6276.2572403 1.56735748037e-16
6278.43389201 1.43226815693e-16
6280.61054373 1.43929450812e-16
6282.78719544 1.45532807974e-16
6284.96384716 1.40979535841e-16
6287.14049888 1.42703918223e-16
6289.31715059 1.38569611967e-16
6291.49380231 1.41336014796e-16
6293.67045403 1.43947910235e-16
6295.84710574 1.49871548427e-16
6298.02375746 1.55200678649e-16
6300.20040917 1.44109316461e-16
6302.37706089 1.39785960039e-16
6304.55371261 1.44678723851e-16
6306.73036432 1.51381902609e-16
6308.90701604 1.48712596379e-16
6311.08366776 1.418747687e-16
6313.26031947 1.43945392971e-16
6315.43697119 1.40157813566e-16
6317.6136229 1.44259534183e-16
6319.79027462 1.40363559505e-16
6321.96692634 1.39273905715e-16
6324.14357805 1.38581820291e-16
6326.32022977 1.408043597e-16
6328.49688148 1.37417170636e-16
6330.6735332 1.4174847266e-16
6332.85018492 1.53166086159e-16
6335.02683663 1.38565584163e-16
6337.20348835 1.37542696538e-16
6339.38014007 1.43750432783e-16
6341.55679178 1.35851054952e-16
6343.7334435 1.2826351162e-16
6345.91009521 1.36600149426e-16
6348.08674693 1.36572975282e-16
6350.26339865 1.38554714155e-16
6352.44005036 1.39805479249e-16
6354.61670208 1.36759041195e-16
6356.7933538 1.45800513464e-16
6358.97000551 1.40481446331e-16
6361.14665723 1.41099545002e-16
6363.32330894 1.49708521732e-16
6365.49996066 1.39379332229e-16
6367.67661238 1.50270515459e-16
6369.85326409 1.33590119629e-16
6372.02991581 1.41727780035e-16
6374.20656753 1.4133981775e-16
6376.38321924 1.35372696381e-16
6378.55987096 1.44710491603e-16
6380.73652267 1.48826788619e-16
6382.91317439 1.39433824833e-16
6385.08982611 1.44178542903e-16
6387.26647782 1.4530936373e-16
6389.44312954 1.43853412573e-16
6391.61978126 1.52288717408e-16
6393.79643297 1.45243086689e-16
6395.97308469 1.48121893923e-16
6398.1497364 1.48717771875e-16
6400.32638812 1.40095084815e-16
6402.50303984 1.3830596745e-16
6404.67969155 1.43583476832e-16
6406.85634327 1.43875273416e-16
6409.03299499 1.46075516615e-16
6411.2096467 1.4450980485e-16
6413.38629842 1.37515152209e-16
6415.56295013 1.35774758149e-16
6417.73960185 1.35674229872e-16
6419.91625357 1.27643135368e-16
6422.09290528 1.34909788246e-16
6424.269557 1.39296669063e-16
6426.44620872 1.33390515936e-16
6428.62286043 1.42084713606e-16
6430.79951215 1.42265387956e-16
6432.97616386 1.39391728041e-16
6435.15281558 1.4145900113e-16
6437.3294673 1.53027309626e-16
6439.50611901 1.6424359354e-16
6441.68277073 1.67106410866e-16
6443.85942245 1.74054920668e-16
6446.03607416 1.68644731116e-16
6448.21272588 1.56201102868e-16
6450.38937759 1.46531446352e-16
6452.56602931 1.46060997067e-16
6454.74268103 1.3633002345e-16
6456.91933274 1.35572526694e-16
6459.09598446 1.35270342727e-16
6461.27263618 1.44100680665e-16
6463.44928789 1.36968047236e-16
6465.62593961 1.38577821314e-16
6467.80259132 1.43262519071e-16
6469.97924304 1.35867307219e-16
6472.15589476 1.4350826247e-16
6474.33254647 1.42528462858e-16
6476.50919819 1.38309500319e-16
6478.68584991 1.41518429946e-16
6480.86250162 1.36771564871e-16
6483.03915334 1.29288735332e-16
6485.21580505 1.36116504096e-16
6487.39245677 1.36562365022e-16
6489.56910849 1.32974501293e-16
6491.7457602 1.32359832158e-16
6493.92241192 1.36260100825e-16
6496.09906363 1.35488209574e-16
6498.27571535 1.31882225324e-16
6500.45236707 1.3050799959e-16
6502.62901878 1.3691152472e-16
6504.8056705 1.40265985799e-16
6506.98232222 1.36466367275e-16
6509.15897393 1.32007009595e-16
6511.33562565 1.31903684693e-16
6513.51227736 1.39291031903e-16
6515.68892908 1.36880796933e-16
6517.8655808 1.36839903111e-16
6520.04223251 1.47062752653e-16
6522.21888423 1.48308843123e-16
6524.39553595 1.43813948844e-16
6526.57218766 1.35008751305e-16
6528.74883938 1.32007079904e-16
6530.92549109 1.37592251543e-16
6533.10214281 1.33148317011e-16
6535.27879453 1.26327385957e-16
6537.45544624 1.28075733495e-16
6539.63209796 1.30761078599e-16
6541.80874968 1.44406738453e-16
6543.98540139 1.42467334928e-16
6546.16205311 1.3364283051e-16
6548.33870482 1.38997723896e-16
6550.51535654 1.32100794836e-16
6552.69200826 1.36176694889e-16
6554.86865997 1.45376724421e-16
6557.04531169 1.37725032879e-16
6559.22196341 1.30129169607e-16
6561.39861512 1.31859093159e-16
6563.57526684 1.3208423272e-16
6565.75191855 1.32200059688e-16
6567.92857027 1.34306954215e-16
6570.10522199 1.40876756055e-16
6572.2818737 1.40373427489e-16
6574.45852542 1.30950976773e-16
6576.63517714 1.34750772912e-16
6578.81182885 1.39360009609e-16
6580.98848057 1.3026891368e-16
6583.16513228 1.33442908657e-16
6585.341784 1.34293685711e-16
6587.51843572 1.30846852984e-16
6589.69508743 1.38105048984e-16
6591.87173915 1.31607389655e-16
6594.04839087 1.3014543236e-16
6596.22504258 1.35404355678e-16
6598.4016943 1.34572101164e-16
6600.57834601 1.46225387312e-16
6602.75499773 1.39247053198e-16
6604.93164945 1.31220222977e-16
6607.10830116 1.32978923509e-16
6609.28495288 1.28173069278e-16
6611.4616046 1.31595072247e-16
6613.63825631 1.37649596586e-16
6615.81490803 1.3433031814e-16
6617.99155974 1.3466855609e-16
6620.16821146 1.31732721828e-16
6622.34486318 1.32404701823e-16
6624.52151489 1.34728231659e-16
6626.69816661 1.35369934147e-16
6628.87481833 1.29377279778e-16
6631.05147004 1.3581836845e-16
6633.22812176 1.31936345213e-16
6635.40477347 1.29552499859e-16
6637.58142519 1.33597597868e-16
6639.75807691 1.30322209117e-16
6641.93472862 1.34238901998e-16
6644.11138034 1.32753481016e-16
6646.28803205 1.38995939745e-16
6648.46468377 1.39129519017e-16
6650.64133549 1.23842888615e-16
6652.8179872 1.30441880962e-16
6654.99463892 1.34099830196e-16
6657.17129064 1.34087128451e-16
6659.34794235 1.38831865246e-16
6661.52459407 1.37147683933e-16
6663.70124578 1.40310870496e-16
6665.8778975 1.49418873308e-16
6668.05454922 1.3524633816e-16
6670.23120093 1.41210174076e-16
6672.40785265 1.50045334932e-16
6674.58450437 1.41527357371e-16
6676.76115608 1.39204323767e-16
6678.9378078 1.37650056209e-16
6681.11445951 1.40641689307e-16
6683.29111123 1.36067950443e-16
6685.46776295 1.34584220261e-16
6687.64441466 1.33854722965e-16
6689.82106638 1.37216992021e-16
6691.9977181 1.30838177997e-16
6694.17436981 1.38191127552e-16
6696.35102153 1.27859867768e-16
6698.52767324 1.28835547865e-16
6700.70432496 1.30121031801e-16
6702.88097668 1.33940590337e-16
6705.05762839 1.40626849314e-16
6707.23428011 1.37527254894e-16
6709.41093183 1.35628166941e-16
6711.58758354 1.312680193e-16
6713.76423526 1.2845574164e-16
6715.94088697 1.34860287332e-16
6718.11753869 1.30404009495e-16
6720.29419041 1.28473771053e-16
6722.47084212 1.3881811337e-16
6724.64749384 1.39477036323e-16
6726.82414556 1.31612491951e-16
6729.00079727 1.2893146915e-16
6731.17744899 1.35616023875e-16
6733.3541007 1.37309213377e-16
6735.53075242 1.33352921786e-16
6737.70740414 1.40691665835e-16
6739.88405585 1.37683309241e-16
6742.06070757 1.34856756915e-16
6744.23735929 1.37432407124e-16
6746.414011 1.39900754906e-16
6748.59066272 1.38069259708e-16
6750.76731443 1.36146607531e-16
6752.94396615 1.3291419024e-16
6755.12061787 1.33367563216e-16
6757.29726958 1.31214474773e-16
6759.4739213 1.31417393539e-16
6761.65057302 1.30729175239e-16
6763.82722473 1.21506758944e-16
6766.00387645 1.31317196455e-16
6768.18052816 1.35875127172e-16
6770.35717988 1.3680673933e-16
6772.5338316 1.35627896247e-16
6774.71048331 1.37204110538e-16
6776.88713503 1.31354645714e-16
6779.06378675 1.33540106874e-16
6781.24043846 1.2832587187e-16
6783.41709018 1.28451802385e-16
6785.59374189 1.23788461652e-16
6787.77039361 1.2278692493e-16
6789.94704533 1.31431121872e-16
6792.12369704 1.33386803505e-16
6794.30034876 1.34760785946e-16
6796.47700047 1.37902867874e-16
6798.65365219 1.27446967067e-16
6800.83030391 1.25954236554e-16
6803.00695562 1.31310052482e-16
6805.18360734 1.29540668115e-16
6807.36025906 1.28842423876e-16
6809.53691077 1.34322806982e-16
6811.71356249 1.38356663336e-16
6813.8902142 1.34576618481e-16
6816.06686592 1.26666608324e-16
6818.24351764 1.26266086737e-16
6820.42016935 1.37177719602e-16
6822.59682107 1.41421697169e-16
6824.77347279 1.31661810109e-16
6826.9501245 1.26884299016e-16
6829.12677622 1.32453393522e-16
6831.30342793 1.30784040107e-16
6833.48007965 1.28868195796e-16
6835.65673137 1.20487870663e-16
6837.83338308 1.24086521411e-16
6840.0100348 1.3009684538e-16
6842.18668652 1.32048270395e-16
6844.36333823 1.36685879712e-16
6846.53998995 1.24714841753e-16
6848.71664166 1.21881715212e-16
6850.89329338 1.33893263247e-16
6853.0699451 1.34001491501e-16
6855.24659681 1.28543202743e-16
6857.42324853 1.28336402972e-16
6859.59990025 1.29658979537e-16
6861.77655196 1.25118221489e-16
6863.95320368 1.32353897232e-16
6866.12985539 1.36439769897e-16
6868.30650711 1.28841174772e-16
6870.48315883 1.31621018006e-16
6872.65981054 1.37978699829e-16
6874.83646226 1.300767117e-16
6877.01311398 1.34623533689e-16
6879.18976569 1.34438511374e-16
6881.36641741 1.28604258246e-16
6883.54306912 1.29977727461e-16
6885.71972084 1.2679132258e-16
6887.89637256 1.31147264843e-16
6890.07302427 1.28028660502e-16
6892.24967599 1.25396886612e-16
6894.42632771 1.24834480394e-16
6896.60297942 1.42102086253e-16
6898.77963114 1.49915789348e-16
6900.95628285 1.50702060338e-16
6903.13293457 1.49952375797e-16
6905.30958629 1.64289711991e-16
6907.486238 1.83004467212e-16
6909.66288972 1.97848897216e-16
6911.83954144 1.73803859901e-16
6914.01619315 1.66595218411e-16
6916.19284487 1.49952617569e-16
6918.36949658 1.50712999116e-16
6920.5461483 1.36483317158e-16
6922.72280002 1.37584448611e-16
6924.89945173 1.41846498657e-16
6927.07610345 1.3211884939e-16
6929.25275517 1.35508604024e-16
6931.42940688 1.34178107213e-16
6933.6060586 1.32601451668e-16
6935.78271031 1.30392214457e-16
6937.95936203 1.37384311817e-16
6940.13601375 1.44921916117e-16
6942.31266546 1.45872190373e-16
6944.48931718 1.44149087756e-16
6946.66596889 1.39953692885e-16
6948.84262061 1.35739003449e-16
6951.01927233 1.30246903638e-16
6953.19592404 1.22106222403e-16
6955.37257576 1.31950831491e-16
6957.54922748 1.40384770663e-16
6959.72587919 1.31829285648e-16
6961.90253091 1.26091302061e-16
6964.07918262 1.376834162e-16
6966.25583434 1.42241767098e-16
6968.43248606 1.34335648601e-16
6970.60913777 1.25811866766e-16
6972.78578949 1.45293550407e-16
6974.96244121 1.37007701255e-16
6977.13909292 1.48692365384e-16
6979.31574464 1.68467780105e-16
6981.49239635 1.54629604588e-16
6983.66904807 1.49132672787e-16
6985.84569979 1.52675991272e-16
6988.0223515 1.50518359776e-16
6990.19900322 1.47000693691e-16
6992.37565494 1.40660514936e-16
6994.55230665 1.44849835945e-16
6996.72895837 1.40386083924e-16
6998.90561008 1.44379761261e-16
7001.0822618 1.53311102672e-16
7003.25891352 1.47123761229e-16
7005.43556523 1.46082899251e-16
7007.61221695 1.44313809807e-16
7009.78886867 1.34305454784e-16
7011.96552038 1.27462840207e-16
7014.1421721 1.40037347664e-16
7016.31882381 1.33780647703e-16
7018.49547553 1.38731572857e-16
7020.67212725 1.43538277144e-16
7022.84877896 1.42563773222e-16
7025.02543068 1.37951580643e-16
7027.2020824 1.45087288444e-16
7029.37873411 1.35522567972e-16
7031.55538583 1.29193639379e-16
7033.73203754 1.38517139626e-16
7035.90868926 1.41546400965e-16
7038.08534098 1.3460805552e-16
7040.26199269 1.33025621745e-16
7042.43864441 1.39274676186e-16
7044.61529613 1.35864155663e-16
7046.79194784 1.36144055549e-16
7048.96859956 1.3532600316e-16
7051.14525127 1.30840190024e-16
7053.32190299 1.34520716936e-16
7055.49855471 1.36750639375e-16
7057.67520642 1.32981957657e-16
7059.85185814 1.34810949116e-16
7062.02850986 1.39232288245e-16
7064.20516157 1.36377839676e-16
7066.38181329 1.34146318661e-16
7068.558465 1.35804412684e-16
7070.73511672 1.31861385656e-16
7072.91176844 1.3019544056e-16
7075.08842015 1.31546988722e-16
7077.26507187 1.29335164073e-16
7079.44172359 1.33774391293e-16
7081.6183753 1.31255959762e-16
7083.79502702 1.3115498325e-16
7085.97167873 1.37882137591e-16
7088.14833045 1.38040984773e-16
7090.32498217 1.37117741988e-16
7092.50163388 1.40587344907e-16
7094.6782856 1.3746841431e-16
7096.85493731 1.36789300877e-16
7099.03158903 1.35342074738e-16
7101.20824075 1.3433620066e-16
7103.38489246 1.31780816661e-16
7105.56154418 1.21868991512e-16
7107.7381959 1.35752371528e-16
7109.91484761 1.29148550853e-16
7112.09149933 1.28567185985e-16
7114.26815104 1.39678168142e-16
7116.44480276 1.27716530874e-16
7118.62145448 1.3542007146e-16
7120.79810619 1.2461610444e-16
7122.97475791 1.15887345489e-16
7125.15140963 1.23447894687e-16
7127.32806134 1.28326838432e-16
7129.50471306 1.32906934501e-16
7131.68136477 1.34185285182e-16
7133.85801649 1.30151737749e-16
7136.03466821 1.35730809458e-16
7138.21131992 1.30451138745e-16
7140.38797164 1.39698911986e-16
7142.56462336 1.41815892204e-16
7144.74127507 1.37274694569e-16
7146.91792679 1.35261093982e-16
7149.0945785 1.3027939826e-16
7151.27123022 1.43008851174e-16
7153.44788194 1.39641317582e-16
7155.62453365 1.46212323448e-16
7157.80118537 1.46147550149e-16
7159.97783709 1.48999038431e-16
7162.1544888 1.49609094408e-16
7164.33114052 1.60703949037e-16
7166.50779223 1.80638392878e-16
7168.68444395 1.75059436668e-16
7170.86109567 1.99074179503e-16
7173.03774738 2.31814153848e-16
7175.2143991 2.67609746378e-16
7177.39105082 3.23279420292e-16
7179.56770253 4.02543969072e-16
7181.74435425 4.34748844885e-16
7183.92100596 4.11761565184e-16
7186.09765768 3.91126222202e-16
7188.2743094 3.45596401021e-16
7190.45096111 5.01812806027e-16
7192.62761283 8.35917515713e-16
7194.80426455 1.09277641154e-15
7196.98091626 1.39606829825e-15
7199.15756798 1.36455339478e-15
7201.33421969 8.81692719799e-16
7203.51087141 5.97320612247e-16
7205.68752313 4.47251889776e-16
7207.86417484 3.08864301347e-16
7210.04082656 2.77412402101e-16
7212.21747828 2.78389654135e-16
7214.39412999 3.66850926355e-16
7216.57078171 5.15833686073e-16
7218.74743342 6.00089819251e-16
7220.92408514 6.04074478101e-16
7223.10073686 4.64276570333e-16
7225.27738857 2.99069618929e-16
7227.45404029 2.28445173471e-16
7229.63069201 2.05180704986e-16
7231.80734372 1.87513066624e-16
7233.98399544 1.82676321971e-16
7236.16064715 1.78282353915e-16
7238.33729887 1.62512840455e-16
7240.51395059 1.48209850014e-16
7242.6906023 1.48053668473e-16
7244.86725402 1.44831973001e-16
7247.04390574 1.40112788337e-16
7249.22055745 1.43492397305e-16
7251.39720917 1.47897593799e-16
7253.57386088 1.45028378059e-16
7255.7505126 1.37920157545e-16
7257.92716432 1.38020294162e-16
7260.10381603 1.40775282493e-16
7262.28046775 1.43821252549e-16
7264.45711946 1.37368045288e-16
7266.63377118 1.24955797611e-16
7268.8104229 1.27521303559e-16
7270.98707461 1.3672393173e-16
7273.16372633 1.32868997415e-16
7275.34037805 1.40188251443e-16
7277.51702976 1.5476222067e-16
7279.69368148 1.36172291497e-16
7281.87033319 1.29022369666e-16
7284.04698491 1.2806853352e-16
7286.22363663 1.28639924076e-16
7288.40028834 1.41374312831e-16
7290.57694006 1.44812527923e-16
7292.75359178 1.48411598794e-16
7294.93024349 1.32610522794e-16
7297.10689521 1.33747539809e-16
7299.28354692 1.35436048908e-16
7301.46019864 1.34266991734e-16
7303.63685036 1.32087906452e-16
7305.81350207 1.38739341859e-16
7307.99015379 1.33518898218e-16
7310.16680551 1.32237003009e-16
7312.34345722 1.48227568118e-16
7314.52010894 1.41990064961e-16
7316.69676065 1.28487089534e-16
7318.87341237 1.44678684325e-16
7321.05006409 1.40094729634e-16
7323.2267158 1.36984772978e-16
7325.40336752 1.21755568592e-16
7327.58001924 1.25748728175e-16
7329.75667095 1.25292606241e-16
7331.93332267 1.25124470452e-16
7334.10997438 1.36968354166e-16
7336.2866261 1.27911366021e-16
7338.46327782 1.21768628319e-16
7340.63992953 1.20984651131e-16
7342.81658125 1.32633686496e-16
7344.99323297 1.33240372468e-16
7347.16988468 1.25691097555e-16
7349.3465364 1.29780423251e-16
7351.52318811 1.24181979646e-16
7353.69983983 1.33843163412e-16
7355.87649155 1.45054425508e-16
7358.05314326 1.48317504942e-16
7360.22979498 1.87027528742e-16
7362.4064467 2.62781895455e-16
7364.58309841 3.0695720469e-16
7366.75975013 3.30140693669e-16
7368.93640184 2.69063499739e-16
7371.11305356 2.11456446438e-16
7373.28970528 1.90981094249e-16
7375.46635699 1.86637049294e-16
7377.64300871 2.28238570284e-16
7379.81966043 2.76536696893e-16
7381.99631214 2.88492305961e-16
7384.17296386 2.57377022474e-16
7386.34961557 2.02646646708e-16
7388.52626729 1.62784903227e-16
7390.70291901 1.5095842792e-16
7392.87957072 1.45171607102e-16
7395.05622244 1.34630301065e-16
7397.23287416 1.26825543656e-16
7399.40952587 1.24694338299e-16
7401.58617759 1.2303122482e-16
7403.7628293 1.25121709413e-16
7405.93948102 1.25811292214e-16
7408.11613274 1.22944595568e-16
7410.29278445 1.22791473579e-16
7412.46943617 1.2922902779e-16
7414.64608788 1.31744640877e-16
7416.8227396 1.12328413852e-16
7418.99939132 1.12008929828e-16
7421.17604303 1.21061259683e-16
7423.35269475 1.2453187685e-16
7425.52934647 1.30970797071e-16
7427.70599818 1.29312121905e-16
7429.8826499 1.25632031308e-16
7432.05930161 1.25467907342e-16
7434.23595333 1.32418989672e-16
7436.41260505 1.37417697071e-16
7438.58925676 1.28374651545e-16
7440.76590848 1.23448353862e-16
7442.9425602 1.28622263645e-16
7445.11921191 1.30124109021e-16
7447.29586363 1.24317453774e-16
7449.47251534 1.24594299639e-16
7451.64916706 1.25154371164e-16
7453.82581878 1.17811211366e-16
7456.00247049 1.27866544083e-16
7458.17912221 1.26047880209e-16
7460.35577393 1.23703499893e-16
7462.53242564 1.21223484636e-16
7464.70907736 1.2454298323e-16
7466.88572907 1.21603232438e-16
7469.06238079 1.22990545127e-16
7471.23903251 1.24653144654e-16
7473.41568422 1.33835240985e-16
7475.59233594 1.23787827292e-16
7477.76898766 1.22747473041e-16
7479.94563937 1.29050183168e-16
7482.12229109 1.2150929187e-16
7484.2989428 1.20179907785e-16
7486.47559452 1.25463532464e-16
7488.65224624 1.17725030614e-16
7490.82889795 1.16581320042e-16
7493.00554967 1.20244350477e-16
7495.18220139 1.2456772874e-16
7497.3588531 1.1686977583e-16
7499.53550482 1.17833835125e-16
7501.71215653 1.13409698284e-16
7503.88880825 1.14208556497e-16
7506.06545997 1.23431652876e-16
7508.24211168 1.20153473799e-16
7510.4187634 1.19369634634e-16
7512.59541512 1.15941375244e-16
7514.77206683 1.17597569301e-16
7516.94871855 1.19881441122e-16
7519.12537026 1.18318687867e-16
7521.30202198 1.26967663575e-16
7523.4786737 1.22939545421e-16
7525.65532541 1.22937007749e-16
7527.83197713 1.2074920655e-16
7530.00862885 1.31719104226e-16
7532.18528056 1.24551495616e-16
7534.36193228 1.2419059188e-16
7536.53858399 1.24648933819e-16
7538.71523571 1.20829665755e-16
7540.89188743 1.13938589913e-16
7543.06853914 1.22795734026e-16
7545.24519086 1.22307023854e-16
7547.42184258 1.26723107876e-16
7549.59849429 1.10636134717e-16
7551.77514601 1.18206148916e-16
7553.95179772 1.27616025652e-16
7556.12844944 1.30406331834e-16
7558.30510116 1.28094023988e-16
7560.48175287 1.28533266561e-16
7562.65840459 1.2675809418e-16
7564.8350563 1.27859881329e-16
7567.01170802 1.27810632684e-16
7569.18835974 1.22506366127e-16
7571.36501145 1.21163135802e-16
7573.54166317 1.28646262959e-16
7575.71831489 1.23447379657e-16
7577.8949666 1.12803270174e-16
7580.07161832 1.1770640724e-16
7582.24827003 1.24117223701e-16
7584.42492175 1.24324952379e-16
7586.60157347 1.21827171747e-16
7588.77822518 1.2120265595e-16
7590.9548769 1.30556534977e-16
7593.13152862 1.25863612069e-16
7595.30818033 1.24508382832e-16
7597.48483205 1.28500726882e-16
7599.66148376 1.13397048119e-16
7601.83813548 1.42443579957e-16
7604.0147872 1.23010341276e-16
7606.19143891 1.15851370232e-16
7608.36809063 1.37264916077e-16
7610.54474235 1.26707925017e-16
7612.72139406 1.17698805153e-16
7614.89804578 1.24807546669e-16
7617.07469749 1.20833409347e-16
7619.25134921 1.17183765849e-16
7621.42800093 1.24705491243e-16
7623.60465264 1.21977696399e-16
7625.78130436 1.29580012559e-16
7627.95795608 1.39464306634e-16
7630.13460779 1.38198328928e-16
7632.31125951 1.42692266482e-16
7634.48791122 1.31250770593e-16
7636.66456294 1.20081156673e-16
7638.84121466 1.20096123877e-16
7641.01786637 1.32731229365e-16
7643.19451809 1.27567057408e-16
7645.37116981 1.2829412507e-16
7647.54782152 1.23046638856e-16
7649.72447324 1.30038444304e-16
7651.90112495 1.16707283318e-16
7654.07777667 1.16131761314e-16
7656.25442839 1.31797633985e-16
7658.4310801 1.31192930718e-16
7660.60773182 1.28787620574e-16
7662.78438354 1.34925502658e-16
7664.96103525 1.25122862922e-16
7667.13768697 1.20664498856e-16
7669.31433868 1.18172140364e-16
7671.4909904 1.30094842231e-16
7673.66764212 1.34947825931e-16
7675.84429383 1.26016227282e-16
7678.02094555 1.24016432383e-16
7680.19759727 1.1780255453e-16
7682.37424898 1.26164272002e-16
7684.5509007 1.31354260053e-16
7686.72755241 1.33301349797e-16
7688.90420413 1.28213622167e-16
7691.08085585 1.20868297053e-16
7693.25750756 1.23163767229e-16
7695.43415928 1.26457890955e-16
7697.610811 1.21415965349e-16
7699.78746271 1.25176544641e-16
7701.96411443 1.30958048326e-16
7704.14076614 1.25531952737e-16
7706.31741786 1.29395678184e-16
7708.49406958 1.22972205044e-16
7710.67072129 1.14477848963e-16
7712.84737301 1.22923620172e-16
7715.02402472 1.17409220717e-16
7717.20067644 1.1995119394e-16
7719.37732816 1.23347545687e-16
7721.55397987 1.25479104069e-16
7723.73063159 1.2774896891e-16
7725.90728331 1.30404459911e-16
7728.08393502 1.33132701763e-16
7730.26058674 1.42923883545e-16
7732.43723845 1.38437554683e-16
7734.61389017 1.22932689894e-16
7736.79054189 1.24247545633e-16
7738.9671936 1.32005047933e-16
7741.14384532 1.30039399243e-16
7743.32049704 1.24922161986e-16
7745.49714875 1.25486357713e-16
7747.67380047 1.34486151326e-16
7749.85045218 1.39568606528e-16
7752.0271039 1.19666528952e-16
7754.20375562 1.16378689244e-16
7756.38040733 1.26669135972e-16
7758.55705905 1.27532272502e-16
7760.73371077 1.31548861864e-16
7762.91036248 1.28563838235e-16
7765.0870142 1.25212318e-16
7767.26366591 1.13008333876e-16
7769.44031763 1.19635126946e-16
7771.61696935 1.19060782271e-16
7773.79362106 1.11867832987e-16
7775.97027278 1.11804525518e-16
7778.1469245 1.18011103624e-16
7780.32357621 1.23493832147e-16
7782.50022793 1.22440785915e-16
7784.67687964 1.17581076314e-16
7786.85353136 1.00509935116e-16
7789.03018308 1.1286737425e-16
7791.20683479 1.22737874088e-16
7793.38348651 1.14312084291e-16
7795.56013823 1.25955691745e-16
7797.73678994 1.28966844986e-16
7799.91344166 1.05788869466e-16
7802.09009337 1.15010113601e-16
7804.26674509 1.15113743185e-16
7806.44339681 1.18151795484e-16
7808.62004852 1.23673740804e-16
7810.79670024 1.26074295328e-16
7812.97335196 1.15842560888e-16
7815.15000367 1.1656201319e-16
7817.32665539 1.13276272734e-16
7819.5033071 1.3085399176e-16
7821.67995882 1.37954065303e-16
7823.85661054 1.51420890513e-16
7826.03326225 1.42202424199e-16
7828.20991397 1.29073625342e-16
7830.38656569 1.1997582285e-16
7832.5632174 1.22008968844e-16
7834.73986912 1.17793243374e-16
7836.91652083 1.13551687214e-16
7839.09317255 1.08932248007e-16
7841.26982427 1.11801998214e-16
7843.44647598 1.18276666431e-16
7845.6231277 1.24820652998e-16
7847.79977942 1.14496499667e-16
7849.97643113 1.12169129069e-16
7852.15308285 1.08400795614e-16
7854.32973456 1.09242401573e-16
7856.50638628 1.1296717401e-16
7858.683038 1.08180098953e-16
7860.85968971 1.07441740858e-16
7863.03634143 1.06489762716e-16
7865.21299314 1.08090137732e-16
7867.38964486 1.19143304942e-16
7869.56629658 1.17063881893e-16
7871.74294829 1.22052642059e-16
7873.91960001 1.25653251328e-16
7876.09625173 1.10832897607e-16
7878.27290344 1.12034247557e-16
7880.44955516 1.19372925813e-16
7882.62620687 1.23764567488e-16
7884.80285859 1.18807895985e-16
7886.97951031 1.14905367603e-16
7889.15616202 1.06470554327e-16
7891.33281374 1.11514695457e-16
7893.50946546 1.1166183753e-16
7895.68611717 1.11246309458e-16
7897.86276889 1.1147770753e-16
7900.0394206 1.17818049007e-16
7902.21607232 1.09001631936e-16
7904.39272404 1.01849594142e-16
7906.56937575 1.0359312236e-16
7908.74602747 1.05169479761e-16
7910.92267919 1.24283583513e-16
7913.0993309 1.22811876133e-16
7915.27598262 1.25418440523e-16
7917.45263433 1.14185846475e-16
7919.62928605 1.09961231225e-16
7921.80593777 1.15279886123e-16
7923.98258948 1.20006326072e-16
7926.1592412 1.2413109804e-16
7928.33589292 1.12877582924e-16
7930.51254463 1.25707667499e-16
7932.68919635 1.34785485417e-16
7934.86584806 1.21394338304e-16
7937.04249978 1.27250348101e-16
7939.2191515 1.230725414e-16
7941.39580321 1.19479790234e-16
7943.57245493 1.27808505277e-16
7945.74910665 1.2627254295e-16
7947.92575836 1.26266223613e-16
7950.10241008 1.3647197827e-16
7952.27906179 1.16475283506e-16
7954.45571351 1.15787227943e-16
7956.63236523 1.23123609587e-16
7958.80901694 1.2151211725e-16
7960.98566866 1.23253692118e-16
7963.16232038 1.21440781422e-16
7965.33897209 1.19299539899e-16
7967.51562381 1.21933712434e-16
7969.69227552 1.22049916527e-16
7971.86892724 1.24701973993e-16
7974.04557896 1.19340282125e-16
7976.22223067 1.15465664143e-16
7978.39888239 1.23736957016e-16
7980.57553411 1.1526994761e-16
7982.75218582 1.11094711753e-16
7984.92883754 1.18720851197e-16
7987.10548925 1.17210238836e-16
7989.28214097 1.30375017161e-16
7991.45879269 1.31938322654e-16
7993.6354444 1.18672242873e-16
7995.81209612 1.31402776816e-16
7997.98874784 1.33884637837e-16
8000.16539955 1.14350400827e-16
8002.34205127 1.1043126414e-16
8004.51870298 8.66316372822e-17
