3561.68 3.96574e-16
3563.86254423 3.69838e-16
3566.04508846 3.76394e-16
3568.22763269 3.04038e-16
3570.41017693 2.95344e-16
3572.59272116 3.2206e-16
3574.77526539 3.38492e-16
3576.95780962 2.80666e-16
3579.14035385 3.11439e-16
3581.32289808 3.63167e-16
3583.50544231 2.80299e-16
3585.68798655 3.0133e-16
3587.87053078 3.68068e-16
3590.05307501 2.85351e-16
3592.23561924 3.00474e-16
3594.41816347 3.52062e-16
3596.6007077 3.31153e-16
3598.78325193 2.64294e-16
3600.96579617 2.90961e-16
3603.1483404 2.8418e-16
3605.33088463 2.90184e-16
3607.51342886 3.48647e-16
3609.69597309 3.10548e-16
3611.87851732 2.80452e-16
3614.06106155 2.99336e-16
3616.24360579 3.10137e-16
3618.42615002 3.21284e-16
3620.60869425 3.02929e-16
3622.79123848 3.25597e-16
3624.97378271 2.99942e-16
3627.15632694 2.78816e-16
3629.33887117 3.41258e-16
3631.52141541 3.49983e-16
3633.70395964 3.5113e-16
3635.88650387 3.51063e-16
3638.0690481 3.28478e-16
3640.25159233 3.05999e-16
3642.43413656 2.75932e-16
3644.61668079 2.79254e-16
3646.79922503 2.93725e-16
3648.98176926 3.1976e-16
3651.16431349 3.0917e-16
3653.34685772 2.9849e-16
3655.52940195 3.19147e-16
3657.71194618 3.4106e-16
3659.89449041 3.05085e-16
3662.07703465 2.79752e-16
3664.25957888 3.49071e-16
3666.44212311 3.47162e-16
3668.62466734 3.12939e-16
3670.80721157 3.31404e-16
3672.9897558 3.83481e-16
3675.17230003 3.65049e-16
3677.35484426 3.24522e-16
3679.5373885 2.89505e-16
3681.71993273 3.19768e-16
3683.90247696 3.41909e-16
3686.08502119 3.31035e-16
3688.26756542 3.51141e-16
3690.45010965 3.61618e-16
3692.63265388 3.1382e-16
3694.81519812 3.45184e-16
3696.99774235 3.66459e-16
3699.18028658 2.92677e-16
3701.36283081 2.95169e-16
3703.54537504 3.06363e-16
3705.72791927 2.71657e-16
3707.9104635 2.98832e-16
3710.09300774 3.14337e-16
3712.27555197 3.00941e-16
3714.4580962 3.16767e-16
3716.64064043 3.48043e-16
3718.82318466 3.38676e-16
3721.00572889 3.58284e-16
3723.18827312 3.67832e-16
3725.37081736 3.79736e-16
3727.55336159 3.76924e-16
3729.73590582 3.62835e-16
3731.91845005 3.66833e-16
3734.10099428 3.57398e-16
3736.28353851 3.58015e-16
3738.46608274 3.76548e-16
3740.64862698 3.65698e-16
3742.83117121 3.25629e-16
3745.01371544 3.36436e-16
3747.19625967 3.74711e-16
3749.3788039 3.51107e-16
3751.56134813 3.25887e-16
3753.74389236 3.27023e-16
3755.9264366 3.56181e-16
3758.10898083 3.66355e-16
3760.29152506 3.45963e-16
3762.47406929 3.57884e-16
3764.65661352 3.17641e-16
3766.83915775 3.03723e-16
3769.02170198 3.32913e-16
3771.20424622 3.6564e-16
3773.38679045 3.40746e-16
3775.56933468 3.98184e-16
3777.75187891 4.48581e-16
3779.93442314 4.17306e-16
3782.11696737 3.61988e-16
3784.2995116 3.47198e-16
3786.48205584 3.56292e-16
3788.66460007 3.62253e-16
3790.8471443 4.21561e-16
3793.02968853 4.52039e-16
3795.21223276 3.98623e-16
3797.39477699 4.20547e-16
3799.57732122 4.55974e-16
3801.75986546 4.26501e-16
3803.94240969 3.6805e-16
3806.12495392 3.94719e-16
3808.30749815 4.40884e-16
3810.49004238 4.39072e-16
3812.67258661 3.93032e-16
3814.85513084 4.03018e-16
3817.03767508 4.05793e-16
3819.22021931 3.6776e-16
3821.40276354 3.68482e-16
3823.58530777 4.06241e-16
3825.767852 3.99982e-16
3827.95039623 4.01645e-16
3830.13294046 3.78006e-16
3832.3154847 4.40545e-16
3834.49802893 4.2973e-16
3836.68057316 4.40384e-16
3838.86311739 4.5986e-16
3841.04566162 3.94523e-16
3843.22820585 4.1648e-16
3845.41075008 3.78133e-16
3847.59329432 4.10497e-16
3849.77583855 4.28987e-16
3851.95838278 4.1852e-16
3854.14092701 3.45937e-16
3856.32347124 3.8025e-16
3858.50601547 4.11192e-16
3860.6885597 4.43698e-16
3862.87110394 5.30612e-16
3865.05364817 5.26594e-16
3867.2361924 5.11963e-16
3869.41873663 4.59768e-16
3871.60128086 3.87212e-16
3873.78382509 3.39833e-16
3875.96636932 3.59108e-16
3878.14891356 3.36263e-16
3880.33145779 3.36494e-16
3882.51400202 3.69641e-16
3884.69654625 3.50756e-16
3886.87909048 3.56171e-16
3889.06163471 3.36025e-16
3891.24417894 3.99701e-16
3893.42672318 4.45787e-16
3895.60926741 4.97611e-16
3897.79181164 4.92244e-16
3899.97435587 4.86978e-16
3902.1569001 4.82171e-16
3904.33944433 3.95892e-16
3906.52198856 3.93617e-16
3908.70453279 4.09569e-16
3910.88707703 4.09254e-16
3913.06962126 4.15568e-16
3915.25216549 4.4086e-16
3917.43470972 4.42609e-16
3919.61725395 4.53275e-16
3921.79979818 4.95982e-16
3923.98234241 4.58487e-16
3926.16488665 4.16468e-16
3928.34743088 3.67412e-16
3930.52997511 3.77067e-16
3932.71251934 3.95492e-16
3934.89506357 3.71704e-16
3937.0776078 3.74218e-16
3939.26015203 3.77638e-16
3941.44269627 3.54561e-16
3943.6252405 4.1319e-16
3945.80778473 4.473e-16
3947.99032896 4.23971e-16
3950.17287319 4.45218e-16
3952.35541742 4.47094e-16
3954.53796165 4.11887e-16
3956.72050589 3.68832e-16
3958.90305012 3.64809e-16
3961.08559435 3.52216e-16
3963.26813858 3.57084e-16
3965.45068281 3.18584e-16
3967.63322704 2.94974e-16
3969.81577127 3.19601e-16
3971.99831551 3.24035e-16
3974.18085974 3.34191e-16
3976.36340397 3.31217e-16
3978.5459482 2.99506e-16
3980.72849243 3.18212e-16
3982.91103666 3.71964e-16
3985.09358089 3.70903e-16
3987.27612513 3.69424e-16
3989.45866936 3.64538e-16
3991.64121359 3.45186e-16
3993.82375782 3.58914e-16
3996.00630205 3.89139e-16
3998.18884628 3.81591e-16
4000.37139051 3.83161e-16
4002.55393475 3.72733e-16
4004.73647898 4.14893e-16
4006.91902321 5.24283e-16
4009.10156744 5.6642e-16
4011.28411167 5.68362e-16
4013.4666559 6.18331e-16
4015.64920013 5.20074e-16
4017.83174437 4.30168e-16
4020.0142886 3.7932e-16
4022.19683283 4.10595e-16
4024.37937706 4.10306e-16
4026.56192129 4.0194e-16
4028.74446552 4.32433e-16
4030.92700975 4.49758e-16
4033.10955399 4.74632e-16
4035.29209822 5.18697e-16
4037.47464245 4.98698e-16
4039.65718668 4.93203e-16
4041.83973091 4.96639e-16
4044.02227514 4.64152e-16
4046.20481937 3.96498e-16
4048.38736361 4.11301e-16
4050.56990784 4.1155e-16
4052.75245207 4.70585e-16
4054.9349963 4.53759e-16
4057.11754053 5.04509e-16
4059.30008476 4.75823e-16
4061.48262899 4.60995e-16
4063.66517323 4.53012e-16
4065.84771746 4.23286e-16
4068.03026169 4.10298e-16
4070.21280592 3.39061e-16
4072.39535015 3.343e-16
4074.57789438 2.5154e-16
4076.76043861 2.26781e-16
4078.94298285 2.2856e-16
4081.12552708 2.3783e-16
4083.30807131 2.81327e-16
4085.49061554 3.52098e-16
4087.67315977 3.77539e-16
4089.855704 3.78334e-16
4092.03824823 4.04358e-16
4094.22079247 4.26781e-16
4096.4033367 4.48041e-16
4098.58588093 4.38683e-16
4100.76842516 4.38533e-16
4102.95096939 4.20512e-16
4105.13351362 4.22797e-16
4107.31605785 3.87134e-16
4109.49860209 3.71034e-16
4111.68114632 3.8762e-16
4113.86369055 3.38587e-16
4116.04623478 3.10564e-16
4118.22877901 3.76681e-16
4120.41132324 4.03972e-16
4122.59386747 4.59192e-16
4124.77641171 5.05277e-16
4126.95895594 5.00739e-16
4129.14150017 4.7459e-16
4131.3240444 4.74222e-16
4133.50658863 5.026e-16
4135.68913286 5.08252e-16
4137.87167709 5.21673e-16
4140.05422132 5.62035e-16
4142.23676556 5.35017e-16
4144.41930979 5.17252e-16
4146.60185402 5.40817e-16
4148.78439825 5.48295e-16
4150.96694248 5.47729e-16
4153.14948671 5.5316e-16
4155.33203094 5.39006e-16
4157.51457518 5.49493e-16
4159.69711941 5.72531e-16
4161.87966364 5.97616e-16
4164.06220787 6.2321e-16
4166.2447521 5.80368e-16
4168.42729633 5.32344e-16
4170.60984056 5.82413e-16
4172.7923848 5.88488e-16
4174.97492903 5.71357e-16
4177.15747326 5.27362e-16
4179.34001749 5.22249e-16
4181.52256172 5.53437e-16
4183.70510595 5.48067e-16
4185.88765018 5.48451e-16
4188.07019442 5.54696e-16
4190.25273865 5.18747e-16
4192.43528288 5.31828e-16
4194.61782711 5.73027e-16
4196.80037134 5.12478e-16
4198.98291557 5.26534e-16
4201.1654598 5.62762e-16
4203.34800404 5.62778e-16
4205.53054827 5.2964e-16
4207.7130925 5.18486e-16
4209.89563673 5.00554e-16
4212.07818096 4.94639e-16
4214.26072519 5.04947e-16
4216.44326942 5.44908e-16
4218.62581366 5.59589e-16
4220.80835789 5.41885e-16
4222.99090212 5.60283e-16
4225.17344635 5.2709e-16
4227.35599058 4.98354e-16
4229.53853481 5.55158e-16
4231.72107904 5.63289e-16
4233.90362328 5.44505e-16
4236.08616751 6.15658e-16
4238.26871174 6.44467e-16
4240.45125597 6.03894e-16
4242.6338002 6.17713e-16
4244.81634443 6.06988e-16
4246.99888866 5.86068e-16
4249.1814329 5.841e-16
4251.36397713 5.87763e-16
4253.54652136 5.89161e-16
4255.72906559 5.75962e-16
4257.91160982 5.89068e-16
4260.09415405 5.73984e-16
4262.27669828 6.12651e-16
4264.45924252 5.88351e-16
4266.64178675 6.13534e-16
4268.82433098 5.78558e-16
4271.00687521 5.53642e-16
4273.18941944 5.57208e-16
4275.37196367 5.52871e-16
4277.5545079 5.6144e-16
4279.73705214 5.65813e-16
4281.91959637 5.494e-16
4284.1021406 5.67236e-16
4286.28468483 5.38602e-16
4288.46722906 5.40475e-16
4290.64977329 6.01985e-16
4292.83231752 6.02297e-16
4295.01486176 5.37427e-16
4297.19740599 5.78259e-16
4299.37995022 5.75546e-16
4301.56249445 5.63578e-16
4303.74503868 5.29632e-16
4305.92758291 5.32532e-16
4308.11012714 5.43139e-16
4310.29267138 5.28098e-16
4312.47521561 6.12018e-16
4314.65775984 5.84141e-16
4316.84030407 5.75284e-16
4319.0228483 5.47772e-16
4321.20539253 5.65913e-16
4323.38793676 5.29091e-16
4325.570481 5.15684e-16
4327.75302523 5.27281e-16
4329.93556946 5.54971e-16
4332.11811369 5.69128e-16
4334.30065792 5.56477e-16
4336.48320215 5.71525e-16
4338.66574638 5.67121e-16
4340.84829062 5.45178e-16
4343.03083485 5.82072e-16
4345.21337908 5.52652e-16
4347.39592331 5.6559e-16
4349.57846754 5.40974e-16
4351.76101177 5.41329e-16
4353.943556 5.32128e-16
4356.12610023 5.3029e-16
4358.30864447 5.60941e-16
4360.4911887 5.89093e-16
4362.67373293 5.81709e-16
4364.85627716 5.89483e-16
4367.03882139 5.57477e-16
4369.22136562 5.54222e-16
4371.40390985 5.80181e-16
4373.58645409 5.95774e-16
4375.76899832 6.008e-16
4377.95154255 5.20273e-16
4380.13408678 4.87975e-16
4382.31663101 5.35822e-16
4384.49917524 4.97275e-16
4386.68171947 5.37682e-16
4388.86426371 5.72549e-16
4391.04680794 5.59638e-16
4393.22935217 5.84353e-16
4395.4118964 5.66533e-16
4397.59444063 5.79087e-16
4399.77698486 6.11812e-16
4401.95952909 5.66327e-16
4404.14207333 5.52178e-16
4406.32461756 5.29202e-16
4408.50716179 5.37056e-16
4410.68970602 5.52065e-16
4412.87225025 5.67344e-16
4415.05479448 5.83181e-16
4417.23733871 5.88325e-16
4419.41988295 6.08813e-16
4421.60242718 6.06941e-16
4423.78497141 5.4658e-16
4425.96751564 5.23735e-16
4428.15005987 4.93462e-16
4430.3326041 4.87416e-16
4432.51514833 5.2226e-16
4434.69769257 5.42282e-16
4436.8802368 5.5899e-16
4439.06278103 5.55252e-16
4441.24532526 5.44758e-16
4443.42786949 5.39546e-16
4445.61041372 5.46761e-16
4447.79295795 5.28968e-16
4449.97550219 5.24427e-16
4452.15804642 5.07133e-16
4454.34059065 5.17164e-16
4456.52313488 4.84797e-16
4458.70567911 4.43504e-16
4460.88822334 4.18373e-16
4463.07076757 4.18906e-16
4465.25331181 4.3805e-16
4467.43585604 4.3645e-16
4469.61840027 4.90061e-16
4471.8009445 5.70019e-16
4473.98348873 6.01496e-16
4476.16603296 5.86299e-16
4478.34857719 6.23686e-16
4480.53112143 5.93931e-16
4482.71366566 5.69219e-16
4484.89620989 5.92843e-16
4487.07875412 6.24106e-16
4489.26129835 6.74838e-16
4491.44384258 6.88392e-16
4493.62638681 6.63417e-16
4495.80893105 6.93701e-16
4497.99147528 6.96996e-16
4500.17401951 6.77559e-16
4502.35656374 6.70757e-16
4504.53910797 6.80712e-16
4506.7216522 6.3488e-16
4508.90419643 6.22485e-16
4511.08674067 6.49279e-16
4513.2692849 6.47029e-16
4515.45182913 6.46927e-16
4517.63437336 7.04544e-16
4519.81691759 7.92868e-16
4521.99946182 8.08471e-16
4524.18200605 7.87637e-16
4526.36455029 7.55378e-16
4528.54709452 7.17132e-16
4530.72963875 6.5695e-16
4532.91218298 6.35417e-16
4535.09472721 6.13475e-16
4537.27727144 6.08252e-16
4539.45981567 6.32252e-16
4541.64235991 5.95226e-16
4543.82490414 5.63701e-16
4546.00744837 5.47315e-16
4548.1899926 5.9343e-16
4550.37253683 5.98885e-16
4552.55508106 6.02049e-16
4554.73762529 6.13892e-16
4556.92016953 6.48327e-16
4559.10271376 6.56337e-16
4561.28525799 6.21519e-16
4563.46780222 5.93399e-16
4565.65034645 5.81098e-16
4567.83289068 6.00035e-16
4570.01543491 6.28673e-16
4572.19797915 6.69601e-16
4574.38052338 6.89894e-16
4576.56306761 6.64297e-16
4578.74561184 6.42549e-16
4580.92815607 6.7608e-16
4583.1107003 6.78653e-16
4585.29324453 6.86385e-16
4587.47578876 6.63852e-16
4589.658333 6.73619e-16
4591.84087723 6.58849e-16
4594.02342146 6.489e-16
4596.20596569 6.5851e-16
4598.38850992 6.37781e-16
4600.57105415 6.57425e-16
4602.75359838 6.62122e-16
4604.93614262 6.8241e-16
4607.11868685 6.80561e-16
4609.30123108 6.83561e-16
4611.48377531 7.42852e-16
4613.66631954 6.58271e-16
4615.84886377 6.64541e-16
4618.031408 6.48375e-16
4620.21395224 6.24279e-16
4622.39649647 6.23311e-16
4624.5790407 6.38756e-16
4626.76158493 6.6699e-16
4628.94412916 6.86568e-16
4631.12667339 6.6477e-16
4633.30921762 7.15411e-16
4635.49176186 7.47198e-16
4637.67430609 7.18645e-16
4639.85685032 7.35018e-16
4642.03939455 7.1967e-16
4644.22193878 7.19338e-16
4646.40448301 7.15769e-16
4648.58702724 7.32345e-16
4650.76957148 7.28812e-16
4652.95211571 7.37539e-16
4655.13465994 7.43679e-16
4657.31720417 6.79071e-16
4659.4997484 6.55598e-16
4661.68229263 6.70291e-16
4663.86483686 6.8961e-16
4666.0473811 7.38631e-16
4668.22992533 7.60217e-16
4670.41246956 7.46639e-16
4672.59501379 7.84381e-16
4674.77755802 7.80328e-16
4676.96010225 7.58227e-16
4679.14264648 7.45864e-16
4681.32519072 7.02179e-16
4683.50773495 6.98072e-16
4685.69027918 7.20273e-16
4687.87282341 7.39213e-16
4690.05536764 7.2886e-16
4692.23791187 6.98129e-16
4694.4204561 6.39858e-16
4696.60300034 6.31518e-16
4698.78554457 6.72764e-16
4700.9680888 6.77997e-16
4703.15063303 7.17565e-16
4705.33317726 7.18698e-16
4707.51572149 7.18142e-16
4709.69826572 7.23671e-16
4711.88080996 7.11539e-16
4714.06335419 7.32415e-16
4716.24589842 7.30945e-16
4718.42844265 7.05383e-16
4720.61098688 6.81016e-16
4722.79353111 7.04408e-16
4724.97607534 7.26699e-16
4727.15861958 7.4736e-16
4729.34116381 7.57702e-16
4731.52370804 7.67659e-16
4733.70625227 7.447e-16
4735.8887965 7.53447e-16
4738.07134073 7.41929e-16
4740.25388496 7.13131e-16
4742.4364292 7.18028e-16
4744.61897343 7.29595e-16
4746.80151766 7.02675e-16
4748.98406189 6.89952e-16
4751.16660612 7.21921e-16
4753.34915035 7.28503e-16
4755.53169458 6.83581e-16
4757.71423882 6.82534e-16
4759.89678305 7.251e-16
4762.07932728 7.25771e-16
4764.26187151 6.71317e-16
4766.44441574 7.07617e-16
4768.62695997 7.17779e-16
4770.8095042 6.97764e-16
4772.99204844 6.90977e-16
4775.17459267 7.26803e-16
4777.3571369 7.45258e-16
4779.53968113 7.38557e-16
4781.72222536 7.46712e-16
4783.90476959 7.70952e-16
4786.08731382 7.65642e-16
4788.26985806 8.07366e-16
4790.45240229 7.4734e-16
4792.63494652 7.61496e-16
4794.81749075 7.65031e-16
4797.00003498 7.59753e-16
4799.18257921 8.04346e-16
4801.36512344 7.26516e-16
4803.54766768 7.49365e-16
4805.73021191 7.79816e-16
4807.91275614 7.36336e-16
4810.09530037 7.03965e-16
4812.2778446 7.1242e-16
4814.46038883 7.42987e-16
4816.64293306 7.08694e-16
4818.82547729 6.92132e-16
4821.00802153 6.73071e-16
4823.19056576 7.01891e-16
4825.37310999 7.06207e-16
4827.55565422 7.67485e-16
4829.73819845 7.78049e-16
4831.92074268 7.48799e-16
4834.10328691 7.0828e-16
4836.28583115 7.15802e-16
4838.46837538 6.93047e-16
4840.65091961 6.7183e-16
4842.83346384 7.20429e-16
4845.01600807 7.28964e-16
4847.1985523 7.09738e-16
4849.38109653 7.42336e-16
4851.56364077 7.47331e-16
4853.746185 7.87555e-16
4855.92872923 7.86684e-16
4858.11127346 7.91283e-16
4860.29381769 8.0382e-16
4862.47636192 7.68955e-16
4864.65890615 7.31559e-16
4866.84145039 7.35378e-16
4869.02399462 7.23609e-16
4871.20653885 6.93107e-16
4873.38908308 6.84399e-16
4875.57162731 6.995e-16
4877.75417154 6.77537e-16
4879.93671577 6.98793e-16
4882.11926001 7.12695e-16
4884.30180424 7.07713e-16
4886.48434847 7.1514e-16
4888.6668927 7.59293e-16
4890.84943693 7.51615e-16
4893.03198116 7.92979e-16
4895.21452539 7.85543e-16
4897.39706963 7.57463e-16
4899.57961386 6.99821e-16
4901.76215809 7.12895e-16
4903.94470232 7.51964e-16
4906.12724655 7.67063e-16
4908.30979078 7.43867e-16
4910.49233501 7.72421e-16
4912.67487925 7.72139e-16
4914.85742348 7.91918e-16
4917.03996771 7.71541e-16
4919.22251194 7.90368e-16
4921.40505617 8.04561e-16
4923.5876004 8.25421e-16
4925.77014463 7.90294e-16
4927.95268887 7.83303e-16
4930.1352331 7.50316e-16
4932.31777733 7.31167e-16
4934.50032156 7.5114e-16
4936.68286579 7.33803e-16
4938.86541002 6.99506e-16
4941.04795425 7.05518e-16
4943.23049849 7.43472e-16
4945.41304272 7.59925e-16
4947.59558695 7.62003e-16
4949.77813118 7.64834e-16
4951.96067541 7.90935e-16
4954.14321964 7.92406e-16
4956.32576387 7.84037e-16
4958.50830811 7.72422e-16
4960.69085234 7.64879e-16
4962.87339657 7.5908e-16
4965.0559408 7.39086e-16
4967.23848503 7.42287e-16
4969.42102926 7.39318e-16
4971.60357349 7.83759e-16
4973.78611773 7.95752e-16
4975.96866196 7.72418e-16
4978.15120619 7.47113e-16
4980.33375042 7.57718e-16
4982.51629465 7.7224e-16
4984.69883888 7.88588e-16
4986.88138311 7.81038e-16
4989.06392735 7.9564e-16
4991.24647158 7.84179e-16
4993.42901581 7.89463e-16
4995.61156004 8.14659e-16
4997.79410427 7.81201e-16
4999.9766485 7.67474e-16
5002.15919273 7.58038e-16
5004.34173697 7.48262e-16
5006.5242812 7.74145e-16
5008.70682543 7.64906e-16
5010.88936966 7.67122e-16
5013.07191389 7.83378e-16
5015.25445812 7.88827e-16
5017.43700235 8.00212e-16
5019.61954659 7.8513e-16
5021.80209082 7.88731e-16
5023.98463505 8.16492e-16
5026.16717928 8.21242e-16
5028.34972351 8.44333e-16
5030.53226774 8.20845e-16
5032.71481197 8.22182e-16
5034.8973562 8.2935e-16
5037.07990044 8.74929e-16
5039.26244467 8.90414e-16
5041.4449889 8.70169e-16
5043.62753313 8.62424e-16
5045.81007736 8.43334e-16
5047.99262159 8.12868e-16
5050.17516582 7.83803e-16
5052.35771006 7.57208e-16
5054.54025429 7.67913e-16
5056.72279852 7.93411e-16
5058.90534275 7.72271e-16
5061.08788698 7.56861e-16
5063.27043121 7.52184e-16
5065.45297544 7.29424e-16
5067.63551968 7.29162e-16
5069.81806391 7.51491e-16
5072.00060814 7.72493e-16
5074.18315237 7.80183e-16
5076.3656966 7.84264e-16
5078.54824083 8.04014e-16
5080.73078506 7.96831e-16
5082.9133293 7.75041e-16
5085.09587353 8.00421e-16
5087.27841776 7.81166e-16
5089.46096199 7.71707e-16
5091.64350622 8.00494e-16
5093.82605045 7.58716e-16
5096.00859468 7.29769e-16
5098.19113892 7.47732e-16
5100.37368315 7.14919e-16
5102.55622738 7.10436e-16
5104.73877161 7.15681e-16
5106.92131584 7.90922e-16
5109.10386007 8.13767e-16
5111.2864043 8.19389e-16
5113.46894854 7.75564e-16
5115.65149277 7.52194e-16
5117.834037 7.46364e-16
5120.01658123 7.59034e-16
5122.19912546 8.00307e-16
5124.38166969 8.06178e-16
5126.56421392 8.28403e-16
5128.74675816 8.32179e-16
5130.92930239 8.29856e-16
5133.11184662 8.2996e-16
5135.29439085 8.28132e-16
5137.47693508 8.56137e-16
5139.65947931 8.69072e-16
5141.84202354 8.59731e-16
5144.02456778 8.29164e-16
5146.20711201 8.21072e-16
5148.38965624 8.21027e-16
5150.57220047 7.92287e-16
5152.7547447 7.85802e-16
5154.93728893 8.34264e-16
5157.11983316 7.73301e-16
5159.3023774 7.7187e-16
5161.48492163 7.3898e-16
5163.66746586 7.13862e-16
5165.85001009 6.93464e-16
5168.03255432 7.11654e-16
5170.21509855 7.33958e-16
5172.39764278 7.63949e-16
5174.58018702 7.4123e-16
5176.76273125 7.3579e-16
5178.94527548 7.62134e-16
5181.12781971 7.69818e-16
5183.31036394 8.11573e-16
5185.49290817 8.77776e-16
5187.6754524 9.44537e-16
5189.85799664 1.02038e-15
5192.04054087 9.4923e-16
5194.2230851 9.18198e-16
5196.40562933 8.54922e-16
5198.58817356 7.34985e-16
5200.77071779 7.02487e-16
5202.95326202 7.1829e-16
5205.13580626 7.10875e-16
5207.31835049 7.26269e-16
5209.50089472 7.16551e-16
5211.68343895 7.31502e-16
5213.86598318 7.80924e-16
5216.04852741 7.56667e-16
5218.23107164 7.42642e-16
5220.41361588 7.79974e-16
5222.59616011 7.20622e-16
5224.77870434 7.31045e-16
5226.96124857 7.29688e-16
5229.1437928 7.22478e-16
5231.32633703 7.70321e-16
5233.50888126 7.81087e-16
5235.6914255 7.75894e-16
5237.87396973 7.37879e-16
5240.05651396 7.6002e-16
5242.23905819 7.73385e-16
5244.42160242 7.92718e-16
5246.60414665 7.74971e-16
5248.78669088 7.38926e-16
5250.96923512 7.2469e-16
5253.15177935 7.18769e-16
5255.33432358 7.15027e-16
5257.51686781 7.11754e-16
5259.69941204 7.05523e-16
5261.88195627 7.18225e-16
5264.0645005 7.03588e-16
5266.24704473 6.7288e-16
5268.42958897 7.00186e-16
5270.6121332 7.0967e-16
5272.79467743 6.8718e-16
5274.97722166 7.14104e-16
5277.15976589 7.33411e-16
5279.34231012 7.3022e-16
5281.52485435 7.29651e-16
5283.70739859 7.13584e-16
5285.88994282 7.01064e-16
5288.07248705 7.20464e-16
5290.25503128 7.14871e-16
5292.43757551 7.16381e-16
5294.62011974 7.08884e-16
5296.80266397 7.2386e-16
5298.98520821 7.31718e-16
5301.16775244 7.08972e-16
5303.35029667 7.36406e-16
5305.5328409 7.65013e-16
5307.71538513 7.07652e-16
5309.89792936 6.91769e-16
5312.08047359 7.18255e-16
5314.26301783 7.135e-16
5316.44556206 6.91015e-16
5318.62810629 7.17355e-16
5320.81065052 7.41199e-16
5322.99319475 7.18623e-16
5325.17573898 7.12119e-16
5327.35828321 7.12839e-16
5329.54082745 7.27634e-16
5331.72337168 7.11809e-16
5333.90591591 7.06904e-16
5336.08846014 6.98505e-16
5338.27100437 6.8778e-16
5340.4535486 7.26521e-16
5342.63609283 7.32288e-16
5344.81863707 7.30502e-16
5347.0011813 7.48476e-16
5349.18372553 7.53378e-16
5351.36626976 7.14403e-16
5353.54881399 6.6115e-16
5355.73135822 6.16596e-16
5357.91390245 6.02254e-16
5360.09644669 5.96469e-16
5362.27899092 5.9989e-16
5364.46153515 6.3642e-16
5366.64407938 6.75049e-16
5368.82662361 6.86778e-16
5371.00916784 6.47131e-16
5373.19171207 6.3521e-16
5375.37425631 6.59102e-16
5377.55680054 6.9163e-16
5379.73934477 7.18748e-16
5381.921889 7.4063e-16
5384.10443323 7.38471e-16
5386.28697746 7.42615e-16
5388.46952169 7.66385e-16
5390.65206593 7.90526e-16
5392.83461016 7.50755e-16
5395.01715439 7.02065e-16
5397.19969862 6.9565e-16
5399.38224285 6.90725e-16
5401.56478708 7.08809e-16
5403.74733131 7.46234e-16
5405.92987555 7.94455e-16
5408.11241978 8.17866e-16
5410.29496401 7.80651e-16
5412.47750824 7.57212e-16
5414.66005247 7.5406e-16
5416.8425967 7.39187e-16
5419.02514093 7.22778e-16
5421.20768517 7.35233e-16
5423.3902294 7.44162e-16
5425.57277363 7.62961e-16
5427.75531786 7.82077e-16
5429.93786209 7.94433e-16
5432.12040632 7.96829e-16
5434.30295055 8.08888e-16
5436.48549479 7.94284e-16
5438.66803902 7.8392e-16
5440.85058325 7.74515e-16
5443.03312748 7.68535e-16
5445.21567171 7.88065e-16
5447.39821594 8.07247e-16
5449.58076017 7.98764e-16
5451.76330441 7.82824e-16
5453.94584864 7.55678e-16
5456.12839287 7.06985e-16
5458.3109371 6.91053e-16
5460.49348133 6.93336e-16
5462.67602556 7.07108e-16
5464.85856979 7.04914e-16
5467.04111403 7.0502e-16
5469.22365826 7.68806e-16
5471.40620249 8.09633e-16
5473.58874672 8.28568e-16
5475.77129095 8.15119e-16
5477.95383518 8.03762e-16
5480.13637941 8.09253e-16
5482.31892365 8.50587e-16
5484.50146788 8.69132e-16
5486.68401211 8.34924e-16
5488.86655634 8.23406e-16
5491.04910057 7.75375e-16
5493.2316448 7.52477e-16
5495.41418903 7.81031e-16
5497.59673326 8.23475e-16
5499.7792775 8.69849e-16
5501.96182173 8.80626e-16
5504.14436596 8.90396e-16
5506.32691019 9.06829e-16
5508.50945442 8.98701e-16
5510.69199865 8.45272e-16
5512.87454288 8.43885e-16
5515.05708712 8.08568e-16
5517.23963135 8.00054e-16
5519.42217558 7.59025e-16
5521.60471981 7.25749e-16
5523.78726404 7.56326e-16
5525.96980827 7.71982e-16
5528.1523525 8.11855e-16
5530.33489674 8.38988e-16
5532.51744097 8.23047e-16
5534.6999852 8.28737e-16
5536.88252943 8.09972e-16
5539.06507366 8.11199e-16
5541.24761789 8.09698e-16
5543.43016212 7.92265e-16
5545.61270636 7.83513e-16
5547.79525059 8.31719e-16
5549.97779482 8.40306e-16
5552.16033905 8.55997e-16
5554.34288328 8.84328e-16
5556.52542751 8.71009e-16
5558.70797174 8.34019e-16
5560.89051598 8.35054e-16
5563.07306021 8.01119e-16
5565.25560444 7.53903e-16
5567.43814867 7.95273e-16
5569.6206929 8.02759e-16
5571.80323713 7.98025e-16
5573.98578136 8.18865e-16
5576.1683256 8.31117e-16
5578.35086983 8.7623e-16
5580.53341406 8.768e-16
5582.71595829 8.08788e-16
5584.89850252 7.93696e-16
5587.08104675 8.2758e-16
5589.26359098 7.91514e-16
5591.44613522 7.81151e-16
5593.62867945 7.82642e-16
5595.81122368 7.62905e-16
5597.99376791 7.80516e-16
5600.17631214 7.70783e-16
5602.35885637 7.46318e-16
5604.5414006 7.23433e-16
5606.72394484 7.29345e-16
5608.90648907 7.4833e-16
5611.0890333 8.00055e-16
5613.27157753 8.01798e-16
5615.45412176 8.40221e-16
5617.63666599 8.39693e-16
5619.81921022 8.38323e-16
5622.00175446 8.48919e-16
5624.18429869 8.25074e-16
5626.36684292 8.19633e-16
5628.54938715 7.92241e-16
5630.73193138 7.9562e-16
5632.91447561 7.85945e-16
5635.09701984 7.84232e-16
5637.27956408 7.89257e-16
5639.46210831 7.98399e-16
5641.64465254 8.06132e-16
5643.82719677 8.17759e-16
5646.009741 8.41793e-16
5648.19228523 7.9771e-16
5650.37482946 7.88305e-16
5652.5573737 7.89459e-16
5654.73991793 7.82369e-16
5656.92246216 7.93312e-16
5659.10500639 7.80439e-16
5661.28755062 7.84233e-16
5663.47009485 7.86484e-16
5665.65263908 7.63759e-16
5667.83518332 8.01466e-16
5670.01772755 7.85453e-16
5672.20027178 7.60679e-16
5674.38281601 7.50748e-16
5676.56536024 7.64295e-16
5678.74790447 7.74176e-16
5680.9304487 7.34827e-16
5683.11299294 7.34188e-16
5685.29553717 7.91667e-16
5687.4780814 7.76351e-16
5689.66062563 8.05539e-16
5691.84316986 7.7242e-16
5694.02571409 7.92564e-16
5696.20825832 7.74771e-16
5698.39080256 7.97224e-16
5700.57334679 7.92334e-16
5702.75589102 7.85285e-16
5704.93843525 7.53876e-16
5707.12097948 7.7978e-16
5709.30352371 7.84201e-16
5711.48606794 7.83828e-16
5713.66861217 7.5263e-16
5715.85115641 7.41426e-16
5718.03370064 7.83978e-16
5720.21624487 7.94127e-16
5722.3987891 8.00322e-16
5724.58133333 8.12095e-16
5726.76387756 7.64821e-16
5728.94642179 7.78836e-16
5731.12896603 7.57565e-16
5733.31151026 7.60946e-16
5735.49405449 7.79721e-16
5737.67659872 7.70363e-16
5739.85914295 7.94589e-16
5742.04168718 8.18655e-16
5744.22423141 8.12873e-16
5746.40677565 8.23992e-16
5748.58931988 8.13741e-16
5750.77186411 7.93825e-16
5752.95440834 7.96249e-16
5755.13695257 7.74309e-16
5757.3194968 7.84595e-16
5759.50204103 7.70147e-16
5761.68458527 7.92473e-16
5763.8671295 7.631e-16
5766.04967373 8.03824e-16
5768.23221796 8.07507e-16
5770.41476219 7.71635e-16
5772.59730642 7.51616e-16
5774.77985065 7.62039e-16
5776.96239489 7.92671e-16
5779.14493912 7.85497e-16
5781.32748335 8.06052e-16
5783.51002758 7.89964e-16
5785.69257181 7.59107e-16
5787.87511604 7.62607e-16
5790.05766027 7.73776e-16
5792.24020451 7.14532e-16
5794.42274874 7.25567e-16
5796.60529297 7.31626e-16
5798.7878372 7.08978e-16
5800.97038143 7.36455e-16
5803.15292566 7.5084e-16
5805.33546989 7.40506e-16
5807.51801413 7.41705e-16
5809.70055836 7.5168e-16
5811.88310259 8.03165e-16
5814.06564682 7.92838e-16
5816.24819105 7.91935e-16
5818.43073528 7.89168e-16
5820.61327951 7.90314e-16
5822.79582375 7.5651e-16
5824.97836798 7.30854e-16
5827.16091221 7.52876e-16
5829.34345644 7.49489e-16
5831.52600067 7.22834e-16
5833.7085449 7.54929e-16
5835.89108913 7.73521e-16
5838.07363337 7.70609e-16
5840.2561776 7.57525e-16
5842.43872183 7.73112e-16
5844.62126606 7.65567e-16
5846.80381029 7.53984e-16
5848.98635452 7.56439e-16
5851.16889875 7.62307e-16
5853.35144299 7.55542e-16
5855.53398722 7.73442e-16
5857.71653145 7.62981e-16
5859.89907568 7.64672e-16
5862.08161991 7.21538e-16
5864.26416414 7.33024e-16
5866.44670837 7.46939e-16
5868.62925261 7.2894e-16
5870.81179684 7.3814e-16
5872.99434107 7.61394e-16
5875.1768853 7.79068e-16
5877.35942953 7.58947e-16
5879.54197376 7.33443e-16
5881.72451799 7.64523e-16
5883.90706223 8.03783e-16
5886.08960646 7.71028e-16
5888.27215069 7.75572e-16
5890.45469492 7.61879e-16
5892.63723915 7.25319e-16
5894.81978338 7.21573e-16
5897.00232761 7.2919e-16
5899.18487185 7.36185e-16
5901.36741608 7.62048e-16
5903.54996031 7.67242e-16
5905.73250454 7.94559e-16
5907.91504877 7.69738e-16
5910.097593 7.63751e-16
5912.28013723 7.62775e-16
5914.46268147 7.37717e-16
5916.6452257 7.58589e-16
5918.82776993 7.30731e-16
5921.01031416 7.29834e-16
5923.19285839 7.5952e-16
5925.37540262 8.00017e-16
5927.55794685 8.50357e-16
5929.74049109 8.32075e-16
5931.92303532 8.54616e-16
5934.10557955 8.61156e-16
5936.28812378 8.38233e-16
5938.47066801 8.01415e-16
5940.65321224 8.08151e-16
5942.83575647 8.18928e-16
5945.0183007 8.17292e-16
5947.20084494 8.05e-16
5949.38338917 7.99929e-16
5951.5659334 7.91834e-16
5953.74847763 7.65791e-16
5955.93102186 7.83545e-16
5958.11356609 7.99328e-16
5960.29611032 7.76274e-16
5962.47865456 7.8631e-16
5964.66119879 7.78533e-16
5966.84374302 7.58191e-16
5969.02628725 7.67016e-16
5971.20883148 7.56487e-16
5973.39137571 7.6333e-16
5975.57391994 7.73254e-16
5977.75646418 7.56002e-16
5979.93900841 7.87475e-16
5982.12155264 7.66675e-16
5984.30409687 7.58671e-16
5986.4866411 7.61402e-16
5988.66918533 7.7178e-16
5990.85172956 7.64349e-16
5993.0342738 7.40668e-16
5995.21681803 7.20819e-16
5997.39936226 7.19117e-16
5999.58190649 7.35201e-16
6001.76445072 7.53065e-16
6003.94699495 7.67429e-16
6006.12953918 7.42411e-16
6008.31208342 7.8596e-16
6010.49462765 8.04907e-16
6012.67717188 8.10198e-16
6014.85971611 7.92436e-16
6017.04226034 7.89004e-16
6019.22480457 7.8924e-16
6021.4073488 7.83497e-16
6023.58989304 7.87876e-16
6025.77243727 8.1342e-16
6027.9549815 8.08301e-16
6030.13752573 7.82397e-16
6032.32006996 8.07554e-16
6034.50261419 8.03813e-16
6036.68515842 8.30537e-16
6038.86770266 7.97806e-16
6041.05024689 8.03334e-16
6043.23279112 7.9902e-16
6045.41533535 8.15611e-16
6047.59787958 8.12536e-16
6049.78042381 7.92977e-16
6051.96296804 7.68914e-16
6054.14551228 7.69401e-16
6056.32805651 7.96595e-16
6058.51060074 7.74371e-16
6060.69314497 7.84854e-16
6062.8756892 7.80644e-16
6065.05823343 7.93382e-16
6067.24077766 7.99678e-16
6069.4233219 7.58751e-16
6071.60586613 7.60592e-16
6073.78841036 7.54488e-16
6075.97095459 7.59013e-16
6078.15349882 7.63233e-16
6080.33604305 7.95846e-16
6082.51858728 8.01777e-16
6084.70113152 7.92537e-16
6086.88367575 8.22154e-16
6089.06621998 8.26472e-16
6091.24876421 8.30896e-16
6093.43130844 8.08854e-16
6095.61385267 7.98571e-16
6097.7963969 7.9899e-16
6099.97894114 7.89824e-16
6102.16148537 7.45425e-16
6104.3440296 6.83374e-16
6106.52657383 6.33288e-16
6108.70911806 6.20686e-16
6110.89166229 6.28074e-16
6113.07420652 6.7412e-16
6115.25675076 7.12492e-16
6117.43929499 7.19597e-16
6119.62183922 7.65868e-16
6121.80438345 7.61958e-16
6123.98692768 7.45619e-16
6126.16947191 7.6703e-16
6128.35201614 7.59502e-16
6130.53456038 7.40043e-16
6132.71710461 7.73465e-16
6134.89964884 7.82213e-16
6137.08219307 7.43476e-16
6139.2647373 7.67961e-16
6141.44728153 7.59168e-16
6143.62982576 7.63989e-16
6145.81237 8.02885e-16
6147.99491423 7.6451e-16
6150.17745846 7.52335e-16
6152.36000269 7.49771e-16
6154.54254692 7.55017e-16
6156.72509115 7.68538e-16
6158.90763538 7.51681e-16
6161.09017962 7.54025e-16
6163.27272385 7.86837e-16
6165.45526808 7.3382e-16
6167.63781231 7.19404e-16
6169.82035654 7.32735e-16
6172.00290077 7.69774e-16
6174.185445 7.55706e-16
6176.36798923 7.39796e-16
6178.55053347 7.53188e-16
6180.7330777 7.56969e-16
6182.91562193 7.60079e-16
6185.09816616 7.2695e-16
6187.28071039 7.35242e-16
6189.46325462 7.49653e-16
6191.64579885 7.53257e-16
6193.82834309 7.56221e-16
6196.01088732 7.43149e-16
6198.19343155 7.57973e-16
6200.37597578 7.31991e-16
6202.55852001 7.35262e-16
6204.74106424 7.41633e-16
6206.92360847 7.33082e-16
6209.10615271 7.39584e-16
6211.28869694 7.90134e-16
6213.47124117 7.85888e-16
6215.6537854 7.53105e-16
6217.83632963 7.43056e-16
6220.01887386 7.33333e-16
6222.20141809 7.46447e-16
6224.38396233 7.43142e-16
6226.56650656 7.36684e-16
6228.74905079 7.2251e-16
6230.93159502 7.12293e-16
6233.11413925 7.06761e-16
6235.29668348 7.19113e-16
6237.47922771 6.89454e-16
6239.66177195 7.32309e-16
6241.84431618 7.20971e-16
6244.02686041 7.13697e-16
6246.20940464 7.27684e-16
6248.39194887 7.49034e-16
6250.5744931 7.76462e-16
6252.75703733 7.47241e-16
6254.93958157 7.80481e-16
6257.1221258 7.92718e-16
6259.30467003 7.50637e-16
6261.48721426 7.86178e-16
6263.66975849 7.72103e-16
6265.85230272 7.61304e-16
6268.03484695 7.67354e-16
6270.21739119 7.66433e-16
6272.39993542 7.56527e-16
6274.58247965 7.70135e-16
6276.76502388 7.18611e-16
6278.94756811 7.16669e-16
6281.13011234 7.23776e-16
6283.31265657 7.46669e-16
6285.49520081 7.34198e-16
6287.67774504 7.2067e-16
6289.86028927 7.20024e-16
6292.0428335 7.57987e-16
6294.22537773 7.74972e-16
6296.40792196 7.40117e-16
6298.59046619 7.03699e-16
6300.77301043 7.42814e-16
6302.95555466 7.89947e-16
6305.13809889 7.83388e-16
6307.32064312 7.84169e-16
6309.50318735 8.29463e-16
6311.68573158 7.92797e-16
6313.86827581 7.68191e-16
6316.05082005 7.5557e-16
6318.23336428 7.52676e-16
6320.41590851 7.32298e-16
6322.59845274 7.2217e-16
6324.78099697 7.34e-16
6326.9635412 6.96174e-16
6329.14608543 7.32063e-16
6331.32862967 7.43064e-16
6333.5111739 7.69339e-16
6335.69371813 7.45377e-16
6337.87626236 7.53401e-16
6340.05880659 7.4198e-16
6342.24135082 7.35911e-16
6344.42389505 7.32793e-16
6346.60643929 7.29094e-16
6348.78898352 7.10332e-16
6350.97152775 7.07092e-16
6353.15407198 7.26088e-16
6355.33661621 7.32876e-16
6357.51916044 6.99504e-16
6359.70170467 6.93419e-16
6361.88424891 7.11502e-16
6364.06679314 6.98573e-16
6366.24933737 7.32574e-16
6368.4318816 7.17675e-16
6370.61442583 7.25094e-16
6372.79697006 7.40666e-16
6374.97951429 7.26513e-16
6377.16205853 7.25011e-16
6379.34460276 7.49604e-16
6381.52714699 7.39905e-16
6383.70969122 6.95397e-16
6385.89223545 6.83211e-16
6388.07477968 6.70488e-16
6390.25732391 6.60685e-16
6392.43986814 6.62574e-16
6394.62241238 6.8358e-16
6396.80495661 6.94378e-16
6398.98750084 6.99212e-16
6401.17004507 7.19513e-16
6403.3525893 7.22372e-16
6405.53513353 7.29215e-16
6407.71767776 7.49777e-16
6409.900222 7.38652e-16
6412.08276623 7.10293e-16
6414.26531046 6.80511e-16
6416.44785469 6.63848e-16
6418.63039892 6.98861e-16
6420.81294315 6.72924e-16
6422.99548738 6.98745e-16
6425.17803162 7.07434e-16
6427.36057585 7.23843e-16
6429.54312008 7.36818e-16
6431.72566431 7.25821e-16
6433.90820854 7.23026e-16
6436.09075277 7.10609e-16
6438.273297 6.894e-16
6440.45584124 6.42778e-16
6442.63838547 6.67847e-16
6444.8209297 6.89321e-16
6447.00347393 6.81654e-16
6449.18601816 6.88316e-16
6451.36856239 7.03577e-16
6453.55110662 6.87484e-16
6455.73365086 6.84709e-16
6457.91619509 7.04417e-16
6460.09873932 6.82039e-16
6462.28128355 6.834e-16
6464.46382778 7.18152e-16
6466.64637201 6.82206e-16
6468.82891624 6.51031e-16
6471.01146048 6.62199e-16
6473.19400471 6.69937e-16
6475.37654894 7.02022e-16
6477.55909317 6.92336e-16
6479.7416374 6.68592e-16
6481.92418163 6.49082e-16
6484.10672586 6.47996e-16
6486.2892701 6.64449e-16
6488.47181433 6.56867e-16
6490.65435856 6.6774e-16
6492.83690279 7.0896e-16
6495.01944702 6.98021e-16
6497.20199125 6.91762e-16
6499.38453548 7.21198e-16
6501.56707972 6.9455e-16
6503.74962395 7.02051e-16
6505.93216818 7.15854e-16
6508.11471241 6.88524e-16
6510.29725664 7.23078e-16
6512.47980087 7.22134e-16
6514.6623451 6.86227e-16
6516.84488934 7.24472e-16
6519.02743357 7.28461e-16
6521.2099778 7.0723e-16
6523.39252203 6.91605e-16
6525.57506626 7.02989e-16
6527.75761049 7.0511e-16
6529.94015472 7.31853e-16
6532.12269896 6.99681e-16
6534.30524319 7.35046e-16
6536.48778742 7.01225e-16
6538.67033165 7.19296e-16
6540.85287588 7.23779e-16
6543.03542011 7.08875e-16
6545.21796434 7.17175e-16
6547.40050858 7.05177e-16
6549.58305281 6.61638e-16
6551.76559704 6.98655e-16
6553.94814127 7.24554e-16
6556.1306855 6.88492e-16
6558.31322973 6.94245e-16
6560.49577396 7.2004e-16
6562.6783182 7.19248e-16
6564.86086243 7.05289e-16
6567.04340666 7.38868e-16
6569.22595089 7.29898e-16
6571.40849512 7.12331e-16
6573.59103935 7.10477e-16
6575.77358358 6.92183e-16
6577.95612782 6.85463e-16
6580.13867205 7.05511e-16
6582.32121628 7.08907e-16
6584.50376051 7.34419e-16
6586.68630474 7.30946e-16
6588.86884897 7.09929e-16
6591.0513932 6.99269e-16
6593.23393744 7.25008e-16
6595.41648167 6.88673e-16
6597.5990259 7.0542e-16
6599.78157013 7.42319e-16
6601.96411436 7.41117e-16
6604.14665859 7.49213e-16
6606.32920282 7.55359e-16
6608.51174706 7.79217e-16
6610.69429129 7.3986e-16
6612.87683552 7.5114e-16
6615.05937975 7.72315e-16
6617.24192398 7.38279e-16
6619.42446821 7.2107e-16
6621.60701244 7.70623e-16
6623.78955667 7.49398e-16
6625.97210091 7.42955e-16
6628.15464514 7.01692e-16
6630.33718937 7.24761e-16
6632.5197336 7.16151e-16
6634.70227783 7.07534e-16
6636.88482206 7.21565e-16
6639.06736629 7.31135e-16
6641.24991053 7.26071e-16
6643.43245476 7.29395e-16
6645.61499899 6.94945e-16
6647.79754322 7.27439e-16
6649.98008745 7.36439e-16
6652.16263168 7.15484e-16
6654.34517591 7.30867e-16
6656.52772015 7.1662e-16
6658.71026438 6.80016e-16
6660.89280861 7.05562e-16
6663.07535284 6.98882e-16
6665.25789707 7.04933e-16
6667.4404413 7.23032e-16
6669.62298553 7.12337e-16
6671.80552977 7.12849e-16
6673.988074 7.25782e-16
6676.17061823 7.17703e-16
6678.35316246 7.35553e-16
6680.53570669 7.29631e-16
6682.71825092 7.32196e-16
6684.90079515 7.26283e-16
6687.08333939 7.00209e-16
6689.26588362 6.99716e-16
6691.44842785 7.218e-16
6693.63097208 7.25958e-16
6695.81351631 7.44077e-16
6697.99606054 7.24394e-16
6700.17860477 7.14508e-16
6702.36114901 7.20528e-16
6704.54369324 7.23579e-16
6706.72623747 7.50995e-16
6708.9087817 7.17724e-16
6711.09132593 7.20659e-16
6713.27387016 7.40683e-16
6715.45641439 7.30193e-16
6717.63895863 6.99042e-16
6719.82150286 7.07752e-16
6722.00404709 7.39118e-16
6724.18659132 7.55073e-16
6726.36913555 6.97796e-16
6728.55167978 6.79623e-16
6730.73422401 6.79495e-16
6732.91676825 6.7647e-16
6735.09931248 6.96134e-16
6737.28185671 6.94115e-16
6739.46440094 6.89889e-16
6741.64694517 7.26303e-16
6743.8294894 7.3778e-16
6746.01203363 7.43022e-16
6748.19457787 7.60128e-16
6750.3771221 7.41105e-16
6752.55966633 7.58915e-16
6754.74221056 7.76351e-16
6756.92475479 7.49834e-16
6759.10729902 7.30184e-16
6761.28984325 7.44673e-16
6763.47238749 7.6699e-16
6765.65493172 7.80927e-16
6767.83747595 7.88311e-16
6770.02002018 8.08746e-16
6772.20256441 8.43103e-16
6774.38510864 8.41631e-16
6776.56765287 8.47808e-16
6778.75019711 8.42589e-16
6780.93274134 8.37167e-16
6783.11528557 9.06459e-16
6785.2978298 9.44624e-16
6787.48037403 9.73007e-16
6789.66291826 9.39456e-16
6791.84546249 8.79757e-16
6794.02800673 9.34308e-16
6796.21055096 9.05021e-16
6798.39309519 8.6695e-16
6800.57563942 8.93365e-16
6802.75818365 8.83226e-16
6804.94072788 9.74933e-16
6807.12327211 9.97056e-16
6809.30581635 9.188e-16
6811.48836058 8.86506e-16
6813.67090481 8.36706e-16
6815.85344904 9.53727e-16
6818.03599327 9.07625e-16
6820.2185375 1.02955e-15
6822.40108173 1.05469e-15
6824.58362597 1.04272e-15
6826.7661702 1.0443e-15
6828.94871443 9.59321e-16
6831.13125866 8.94504e-16
6833.31380289 8.34448e-16
6835.49634712 8.03536e-16
6837.67889135 7.94013e-16
6839.86143559 8.03782e-16
6842.04397982 7.93201e-16
6844.22652405 7.77916e-16
6846.40906828 7.59462e-16
6848.59161251 7.58015e-16
6850.77415674 7.43947e-16
6852.95670097 7.49107e-16
6855.1392452 7.21389e-16
6857.32178944 7.27135e-16
6859.50433367 7.14485e-16
6861.6868779 7.30782e-16
6863.86942213 7.30626e-16
6866.05196636 6.54806e-16
6868.23451059 5.95545e-16
6870.41705482 5.74888e-16
6872.59959906 5.69828e-16
6874.78214329 5.78508e-16
6876.96468752 6.40077e-16
6879.14723175 6.55062e-16
6881.32977598 6.74249e-16
6883.51232021 6.65429e-16
6885.69486444 6.38632e-16
6887.87740868 6.19148e-16
6890.05995291 6.24597e-16
6892.24249714 6.50743e-16
6894.42504137 6.62151e-16
6896.6075856 6.5383e-16
6898.79012983 6.52992e-16
6900.97267406 6.61355e-16
6903.1552183 6.66344e-16
6905.33776253 6.56829e-16
6907.52030676 6.76073e-16
6909.70285099 6.83326e-16
6911.88539522 6.92647e-16
6914.06793945 6.69229e-16
6916.25048368 6.86642e-16
6918.43302792 6.9791e-16
6920.61557215 6.82799e-16
6922.79811638 6.95624e-16
6924.98066061 6.87456e-16
6927.16320484 6.86395e-16
6929.34574907 7.32392e-16
6931.5282933 7.10896e-16
6933.71083754 7.18252e-16
6935.89338177 7.21598e-16
6938.075926 6.72932e-16
6940.25847023 7.04775e-16
6942.44101446 7.23724e-16
6944.62355869 6.80628e-16
6946.80610292 6.71546e-16
6948.98864716 6.82614e-16
6951.17119139 7.36638e-16
6953.35373562 6.67573e-16
6955.53627985 6.99787e-16
6957.71882408 7.15419e-16
6959.90136831 7.56545e-16
6962.08391254 7.36117e-16
6964.26645678 7.14491e-16
6966.44900101 7.21843e-16
6968.63154524 7.43453e-16
6970.81408947 7.29808e-16
6972.9966337 7.042e-16
6975.17917793 7.47928e-16
6977.36172216 7.46295e-16
6979.5442664 7.55332e-16
6981.72681063 7.66854e-16
6983.90935486 7.19826e-16
6986.09189909 7.24889e-16
6988.27444332 7.25739e-16
6990.45698755 7.10003e-16
6992.63953178 6.8944e-16
6994.82207602 6.73824e-16
6997.00462025 7.12233e-16
6999.18716448 6.97858e-16
7001.36970871 6.99225e-16
7003.55225294 6.87205e-16
7005.73479717 7.24369e-16
7007.9173414 7.11199e-16
7010.09988564 7.10674e-16
7012.28242987 7.1224e-16
7014.4649741 7.10827e-16
7016.64751833 6.67579e-16
7018.83006256 6.8931e-16
7021.01260679 7.1471e-16
7023.19515102 7.33407e-16
7025.37769526 7.06699e-16
7027.56023949 7.16193e-16
7029.74278372 7.21889e-16
7031.92532795 7.05667e-16
7034.10787218 6.731e-16
7036.29041641 7.05078e-16
7038.47296064 7.24337e-16
7040.65550488 6.94164e-16
7042.83804911 6.97448e-16
7045.02059334 7.11619e-16
7047.20313757 7.22884e-16
7049.3856818 7.20324e-16
7051.56822603 6.87127e-16
7053.75077026 6.97293e-16
7055.9333145 6.93634e-16
7058.11585873 6.94081e-16
7060.29840296 6.87311e-16
7062.48094719 6.84201e-16
7064.66349142 6.88289e-16
7066.84603565 7.04191e-16
7069.02857988 7.24507e-16
7071.21112411 6.91846e-16
7073.39366835 6.97018e-16
7075.57621258 7.32607e-16
7077.75875681 6.99157e-16
7079.94130104 6.84966e-16
7082.12384527 7.28272e-16
7084.3063895 7.2123e-16
7086.48893373 7.06387e-16
7088.67147797 7.03903e-16
7090.8540222 7.42934e-16
7093.03656643 7.11411e-16
7095.21911066 6.82253e-16
7097.40165489 6.93808e-16
7099.58419912 7.12608e-16
7101.76674335 7.0767e-16
7103.94928759 7.07634e-16
7106.13183182 7.16488e-16
7108.31437605 6.71129e-16
7110.49692028 6.81146e-16
7112.67946451 7.17149e-16
7114.86200874 7.0966e-16
7117.04455297 6.74422e-16
7119.22709721 7.06419e-16
7121.40964144 7.54809e-16
7123.59218567 7.27371e-16
7125.7747299 6.86096e-16
7127.95727413 7.07602e-16
7130.13981836 7.1906e-16
7132.32236259 7.03968e-16
7134.50490683 7.27437e-16
7136.68745106 7.05692e-16
7138.86999529 7.08024e-16
7141.05253952 6.90758e-16
7143.23508375 7.05854e-16
7145.41762798 7.42842e-16
7147.60017221 7.53176e-16
7149.78271645 7.32486e-16
7151.96526068 7.21333e-16
7154.14780491 7.18897e-16
7156.33034914 7.04332e-16
7158.51289337 7.21662e-16
7160.6954376 7.29814e-16
7162.87798183 7.04625e-16
7165.06052607 6.89329e-16
7167.2430703 7.03136e-16
7169.42561453 7.03174e-16
7171.60815876 6.85556e-16
7173.79070299 6.81726e-16
7175.97324722 6.69707e-16
7178.15579145 6.49633e-16
7180.33833569 6.73085e-16
7182.52087992 6.86232e-16
7184.70342415 6.33501e-16
7186.88596838 6.41089e-16
7189.06851261 6.59425e-16
7191.25105684 6.89394e-16
7193.43360107 6.56382e-16
7195.61614531 6.65269e-16
7197.79868954 6.80601e-16
7199.98123377 6.95401e-16
7202.163778 6.50178e-16
7204.34632223 6.68469e-16
7206.52886646 6.86286e-16
7208.71141069 6.94518e-16
7210.89395493 7.2174e-16
7213.07649916 7.42446e-16
7215.25904339 7.29355e-16
7217.44158762 7.05382e-16
7219.62413185 7.17889e-16
7221.80667608 7.17943e-16
7223.98922031 7.09956e-16
7226.17176455 7.01696e-16
7228.35430878 6.9221e-16
7230.53685301 6.57109e-16
7232.71939724 6.07016e-16
7234.90194147 6.13163e-16
7237.0844857 6.53345e-16
7239.26702993 6.73279e-16
7241.44957417 6.81121e-16
7243.6321184 6.97097e-16
7245.81466263 7.01534e-16
7247.99720686 6.82582e-16
7250.17975109 6.64104e-16
7252.36229532 6.8083e-16
7254.54483955 7.10218e-16
7256.72738379 6.8316e-16
7258.90992802 6.61818e-16
7261.09247225 7.0837e-16
7263.27501648 6.76433e-16
7265.45756071 6.74073e-16
7267.64010494 7.18741e-16
7269.82264917 7.12929e-16
7272.00519341 6.95649e-16
7274.18773764 7.2073e-16
7276.37028187 6.80766e-16
7278.5528261 6.8466e-16
7280.73537033 7.01733e-16
7282.91791456 7.22716e-16
7285.10045879 6.865e-16
7287.28300303 6.72341e-16
7289.46554726 6.82468e-16
7291.64809149 6.87796e-16
7293.83063572 7.01235e-16
7296.01317995 6.75143e-16
7298.19572418 6.93681e-16
7300.37826841 7.3674e-16
7302.56081264 7.37584e-16
7304.74335688 7.571e-16
7306.92590111 7.80572e-16
7309.10844534 7.52048e-16
7311.29098957 6.97701e-16
7313.4735338 6.99234e-16
7315.65607803 6.92949e-16
7317.83862226 6.62352e-16
7320.0211665 6.91028e-16
7322.20371073 7.14038e-16
7324.38625496 6.94964e-16
7326.56879919 6.92784e-16
7328.75134342 7.07883e-16
7330.93388765 7.14602e-16
7333.11643188 7.0236e-16
7335.29897612 7.04577e-16
7337.48152035 7.32534e-16
7339.66406458 7.17432e-16
7341.84660881 6.96256e-16
7344.02915304 6.87373e-16
7346.21169727 6.70093e-16
7348.3942415 6.8038e-16
7350.57678574 6.77929e-16
7352.75932997 6.70224e-16
7354.9418742 6.71465e-16
7357.12441843 6.64775e-16
7359.30696266 6.62912e-16
7361.48950689 6.70551e-16
7363.67205112 6.56993e-16
7365.85459536 6.65119e-16
7368.03713959 6.7721e-16
7370.21968382 6.95256e-16
7372.40222805 6.9647e-16
7374.58477228 6.72496e-16
7376.76731651 6.82671e-16
7378.94986074 6.85634e-16
7381.13240498 6.90552e-16
7383.31494921 6.63076e-16
7385.49749344 6.5175e-16
7387.68003767 6.80705e-16
7389.8625819 6.82767e-16
7392.04512613 6.73078e-16
7394.22767036 6.9982e-16
7396.4102146 6.88519e-16
7398.59275883 6.8133e-16
7400.77530306 6.76396e-16
7402.95784729 6.76251e-16
7405.14039152 6.73865e-16
7407.32293575 6.36759e-16
7409.50547998 6.61977e-16
7411.68802422 6.80379e-16
7413.87056845 6.64917e-16
7416.05311268 6.76596e-16
7418.23565691 6.8606e-16
7420.41820114 6.93341e-16
7422.60074537 6.97776e-16
7424.7832896 6.71679e-16
7426.96583384 6.62262e-16
7429.14837807 7.07104e-16
7431.3309223 6.88984e-16
7433.51346653 6.93441e-16
7435.69601076 7.14065e-16
7437.87855499 7.45413e-16
7440.06109922 7.02193e-16
7442.24364346 7.26539e-16
7444.42618769 7.23387e-16
7446.60873192 6.84793e-16
7448.79127615 6.88401e-16
7450.97382038 7.17576e-16
7453.15636461 6.79888e-16
7455.33890884 6.99583e-16
7457.52145308 6.92583e-16
7459.70399731 7.32852e-16
7461.88654154 7.37649e-16
7464.06908577 7.24368e-16
7466.25163 7.11345e-16
7468.43417423 6.88729e-16
7470.61671846 6.80178e-16
7472.7992627 6.51995e-16
7474.98180693 7.19293e-16
7477.16435116 7.22364e-16
7479.34689539 6.9818e-16
7481.52943962 6.89764e-16
7483.71198385 7.09486e-16
7485.89452808 7.02952e-16
7488.07707232 7.03378e-16
7490.25961655 7.21618e-16
7492.44216078 6.73589e-16
7494.62470501 7.19378e-16
7496.80724924 7.48494e-16
7498.98979347 7.37241e-16
7501.1723377 7.13898e-16
7503.35488194 7.18868e-16
7505.53742617 7.34515e-16
7507.7199704 7.36279e-16
7509.90251463 7.08504e-16
7512.08505886 7.13974e-16
7514.26760309 7.36102e-16
7516.45014732 6.99584e-16
7518.63269156 6.88076e-16
7520.81523579 7.17359e-16
7522.99778002 7.35906e-16
7525.18032425 6.82682e-16
7527.36286848 6.93977e-16
7529.54541271 7.18701e-16
7531.72795694 7.24819e-16
7533.91050117 6.90247e-16
7536.09304541 6.68024e-16
7538.27558964 7.06379e-16
7540.45813387 7.05007e-16
7542.6406781 6.90415e-16
7544.82322233 7.04426e-16
7547.00576656 7.15213e-16
7549.18831079 7.32832e-16
7551.37085503 6.89316e-16
7553.55339926 6.52335e-16
7555.73594349 6.63144e-16
7557.91848772 6.73858e-16
7560.10103195 7.02733e-16
7562.28357618 7.03332e-16
7564.46612041 6.85668e-16
7566.64866465 6.95012e-16
7568.83120888 7.05574e-16
7571.01375311 7.0193e-16
7573.19629734 7.03157e-16
7575.37884157 7.00185e-16
7577.5613858 7.13321e-16
7579.74393003 7.25653e-16
7581.92647427 7.04849e-16
7584.1090185 7.28269e-16
7586.29156273 7.39387e-16
7588.47410696 6.76244e-16
7590.65665119 5.96646e-16
7592.83919542 5.24579e-16
7595.02173965 4.43193e-16
7597.20428389 3.59131e-16
7599.38682812 2.95248e-16
7601.56937235 2.28933e-16
7603.75191658 2.21273e-16
7605.93446081 2.38348e-16
7608.11700504 2.38104e-16
7610.29954927 2.70158e-16
7612.48209351 3.65314e-16
7614.66463774 4.54326e-16
7616.84718197 5.23661e-16
7619.0297262 5.19227e-16
7621.21227043 5.02159e-16
7623.39481466 4.27262e-16
7625.57735889 3.77168e-16
7627.75990313 3.83502e-16
7629.94244736 3.91648e-16
7632.12499159 4.00165e-16
7634.30753582 3.99091e-16
7636.49008005 4.42453e-16
7638.67262428 4.37002e-16
7640.85516851 4.95111e-16
7643.03771275 5.11497e-16
7645.22025698 5.4879e-16
7647.40280121 5.40379e-16
7649.58534544 5.60651e-16
7651.76788967 5.74235e-16
7653.9504339 5.86289e-16
7656.13297813 6.04108e-16
7658.31552237 5.82841e-16
7660.4980666 5.83981e-16
7662.68061083 6.0912e-16
7664.86315506 6.35297e-16
7667.04569929 6.80136e-16
7669.22824352 6.92006e-16
7671.41078775 6.80749e-16
7673.59333199 6.98242e-16
7675.77587622 6.9627e-16
7677.95842045 6.89986e-16
7680.14096468 7.06237e-16
7682.32350891 7.00329e-16
7684.50605314 6.80885e-16
7686.68859737 6.76774e-16
7688.87114161 6.77619e-16
7691.05368584 6.89624e-16
7693.23623007 6.52609e-16
7695.4187743 6.66625e-16
7697.60131853 7.09357e-16
7699.78386276 7.20645e-16
7701.96640699 7.17696e-16
7704.14895123 6.99612e-16
7706.33149546 7.40963e-16
7708.51403969 7.323e-16
7710.69658392 7.30577e-16
7712.87912815 7.15143e-16
7715.06167238 6.92627e-16
7717.24421661 7.51862e-16
7719.42676085 7.23231e-16
7721.60930508 7.09392e-16
7723.79184931 7.35028e-16
7725.97439354 7.57285e-16
7728.15693777 7.44278e-16
7730.339482 7.64182e-16
7732.52202623 7.11085e-16
7734.70457047 7.38776e-16
7736.8871147 7.28714e-16
7739.06965893 7.33901e-16
7741.25220316 7.58936e-16
7743.43474739 7.51113e-16
7745.61729162 7.87055e-16
7747.79983585 7.76662e-16
7749.98238009 7.39921e-16
7752.16492432 7.91055e-16
7754.34746855 7.70416e-16
7756.53001278 6.90079e-16
7758.71255701 7.20115e-16
7760.89510124 7.4069e-16
7763.07764547 7.59444e-16
7765.2601897 7.90459e-16
7767.44273394 7.80664e-16
7769.62527817 7.64732e-16
7771.8078224 7.41956e-16
7773.99036663 7.38741e-16
7776.17291086 7.58806e-16
7778.35545509 7.65424e-16
7780.53799932 7.64891e-16
7782.72054356 7.68377e-16
7784.90308779 7.42501e-16
7787.08563202 7.46695e-16
7789.26817625 7.54678e-16
7791.45072048 7.48962e-16
7793.63326471 7.60374e-16
7795.81580894 7.56531e-16
7797.99835318 7.70785e-16
7800.18089741 7.80683e-16
7802.36344164 7.65819e-16
7804.54598587 7.52909e-16
7806.7285301 7.90629e-16
7808.91107433 7.9814e-16
7811.09361856 8.0579e-16
7813.2761628 7.72274e-16
7815.45870703 7.7292e-16
7817.64125126 7.64743e-16
7819.82379549 7.86498e-16
7822.00633972 8.17376e-16
7824.18888395 8.28217e-16
7826.37142818 7.30634e-16
7828.55397242 7.29376e-16
7830.73651665 7.78507e-16
7832.91906088 7.69279e-16
7835.10160511 7.84388e-16
7837.28414934 7.98839e-16
7839.46669357 8.02329e-16
7841.6492378 7.70343e-16
7843.83178204 7.98403e-16
7846.01432627 8.09752e-16
7848.1968705 7.82658e-16
7850.37941473 7.73991e-16
7852.56195896 7.76173e-16
7854.74450319 7.84336e-16
7856.92704742 7.59811e-16
7859.10959166 7.86443e-16
7861.29213589 7.92489e-16
7863.47468012 7.62387e-16
7865.65722435 7.4013e-16
7867.83976858 7.53952e-16
7870.02231281 7.4323e-16
7872.20485704 7.58758e-16
7874.38740128 7.44335e-16
7876.56994551 7.63488e-16
7878.75248974 7.80131e-16
7880.93503397 7.27605e-16
7883.1175782 7.78917e-16
7885.30012243 7.36513e-16
7887.48266666 7.14287e-16
7889.6652109 7.9168e-16
7891.84775513 7.69331e-16
7894.03029936 7.02357e-16
7896.21284359 6.98e-16
7898.39538782 7.30424e-16
7900.57793205 7.52942e-16
7902.76047628 7.66575e-16
7904.94302052 7.69767e-16
7907.12556475 7.4917e-16
7909.30810898 7.43126e-16
7911.49065321 7.51277e-16
7913.67319744 7.59104e-16
7915.85574167 7.68764e-16
7918.0382859 7.28669e-16
7920.22083014 7.36203e-16
7922.40337437 7.57605e-16
7924.5859186 7.492e-16
7926.76846283 7.48133e-16
7928.95100706 7.48588e-16
7931.13355129 7.83535e-16
7933.31609552 7.65718e-16
7935.49863976 7.29668e-16
7937.68118399 7.34174e-16
7939.86372822 7.24084e-16
7942.04627245 6.79902e-16
7944.22881668 6.61317e-16
7946.41136091 7.02281e-16
7948.59390514 7.1012e-16
7950.77644938 7.29745e-16
7952.95899361 7.5153e-16
7955.14153784 7.22216e-16
7957.32408207 6.98969e-16
7959.5066263 6.92237e-16
7961.68917053 7.07357e-16
7963.87171476 7.23982e-16
7966.054259 7.36078e-16
7968.23680323 7.41496e-16
7970.41934746 7.50783e-16
7972.60189169 7.32519e-16
7974.78443592 7.29456e-16
7976.96698015 7.31188e-16
7979.14952438 7.28699e-16
7981.33206861 7.14471e-16
7983.51461285 7.20671e-16
7985.69715708 7.31352e-16
7987.87970131 7.08748e-16
7990.06224554 7.28625e-16
7992.24478977 7.60922e-16
7994.427334 7.72867e-16
7996.60987823 7.11377e-16
7998.79242247 7.26036e-16
8000.9749667 7.39867e-16
8003.15751093 7.23897e-16
8005.34005516 7.331e-16
8007.52259939 7.04543e-16
8009.70514362 7.19584e-16
8011.88768785 7.1624e-16
8014.07023209 7.58745e-16
8016.25277632 7.94336e-16
