3902.0 3.6792891076e-17
3904.0 1.05273893514e-16
3906.0 1.34361474761e-16
3908.0 1.34843065931e-16
3910.0 1.85601819698e-16
3912.0 1.56225314189e-16
3914.0 2.62221574605e-16
3916.0 1.11823410342e-16
3918.0 8.64921819879e-17
3920.0 4.06455476447e-17
3922.0 6.72963168459e-18
3924.0 5.6402918106e-17
3926.0 1.26463527803e-16
3928.0 1.44859958451e-16
3930.0 1.2172474904e-16
3932.0 9.14332163368e-17
3934.0 1.7009488313e-16
3936.0 2.21624172181e-16
3938.0 2.12955716408e-16
3940.0 1.6229323323e-16
3942.0 2.56779679086e-16
3944.0 7.84401279726e-17
3946.0 1.77992816853e-16
3948.0 1.22129273446e-16
3950.0 1.27715627787e-16
3952.0 1.38801661175e-16
3954.0 2.67326344393e-17
3956.0 1.38739060146e-16
3958.0 2.18397585457e-16
3960.0 1.55984505369e-16
3962.0 2.22972608928e-16
3964.0 1.02191772229e-16
3966.0 1.67012755228e-16
3968.0 1.7693335069e-16
3970.0 2.56683355559e-16
3972.0 2.9520998742e-16
3974.0 1.75633062472e-16
3976.0 1.60992984716e-16
3978.0 2.26199222122e-16
3980.0 2.57550214371e-16
3982.0 1.9480004164e-16
3984.0 1.67398009635e-16
3986.0 1.35228307103e-16
3988.0 4.36891487824e-17
3990.0 2.55912846744e-16
3992.0 2.89719916902e-16
3994.0 3.08983193128e-16
3996.0 2.07865366032e-16
3998.0 1.62837425428e-16
4000.0 1.93403456363e-16
4002.0 2.03420375353e-16
4004.0 1.08841457321e-16
4006.0 2.83555714038e-16
4008.0 2.03227728297e-16
4010.0 1.81749169746e-16
4012.0 2.64773949573e-16
4014.0 2.13918872278e-16
4016.0 1.93162674013e-16
4018.0 1.69179875789e-16
4020.0 1.93596090184e-16
4022.0 2.38768529315e-16
4024.0 2.58657868768e-16
4026.0 1.43800492288e-16
4028.0 1.7423649043e-16
4030.0 1.42740999655e-16
4032.0 2.74309290628e-16
4034.0 2.30966879414e-16
4036.0 2.26247370651e-16
4038.0 1.69709615488e-16
4040.0 1.90080546111e-16
4042.0 2.22153925115e-16
4044.0 2.56924177613e-16
4046.0 1.91390456094e-16
4048.0 1.48712621637e-16
4050.0 2.26343694179e-16
4052.0 2.60921326091e-16
4054.0 1.48712621637e-16
4056.0 1.86468665275e-16
4058.0 1.1057130374e-16
4060.0 1.33205671835e-16
4062.0 5.54893599852e-17
4064.0 8.13021662746e-17
4066.0 1.55021362733e-16
4068.0 1.45197064329e-16
4070.0 3.03396904962e-16
4072.0 3.1428061659e-16
4074.0 1.53913721571e-16
4076.0 3.18325940067e-16
4078.0 2.22202100114e-16
4080.0 2.22895952446e-16
4082.0 2.23502348627e-16
4084.0 2.29136864732e-16
4086.0 2.07513834124e-16
4088.0 1.89213687299e-16
4090.0 2.3655324699e-16
4092.0 1.90610272575e-16
4094.0 1.69998559602e-16
4096.0 7.12260211528e-17
4098.0 7.7197649753e-17
4100.0 1.11149198586e-16
4102.0 1.84397868242e-16
4104.0 1.89743426998e-16
4106.0 2.34386113195e-16
4108.0 2.30292667658e-16
4110.0 1.42211259955e-16
4112.0 1.51409481897e-16
4114.0 2.03901966523e-16
4116.0 2.72190358301e-16
4118.0 2.87600958106e-16
4120.0 2.96269440348e-16
4122.0 2.47148040973e-16
4124.0 3.2453831793e-16
4126.0 3.69566271769e-16
4128.0 3.63787283607e-16
4130.0 3.39948944205e-16
4132.0 2.85626471366e-16
4134.0 4.02506536055e-16
4136.0 3.69951565881e-16
4138.0 3.62727804209e-16
4140.0 2.53504943833e-16
4142.0 2.74790855328e-16
4144.0 2.31303972058e-16
4146.0 3.21311731206e-16
4148.0 3.46883735293e-16
4150.0 3.31713904603e-16
4152.0 2.83170393457e-16
4154.0 2.84807787553e-16
4156.0 2.60824976094e-16
4158.0 4.23888744607e-16
4160.0 2.69011893636e-16
4162.0 2.2287631187e-16
4164.0 3.05804807873e-16
4166.0 2.88708612503e-16
4168.0 3.09272163712e-16
4170.0 3.4654664265e-16
4172.0 3.70240509995e-16
4174.0 3.3677053248e-16
4176.0 2.87504634578e-16
4178.0 3.09850051941e-16
4180.0 2.76043008252e-16
4182.0 4.16376065291e-16
4184.0 3.69181004127e-16
4186.0 3.02626316738e-16
4188.0 2.96365737407e-16
4190.0 3.00266562357e-16
4192.0 3.50880883771e-16
4194.0 3.77464218727e-16
4196.0 2.90297831601e-16
4198.0 2.75561390612e-16
4200.0 3.18614884181e-16
4202.0 2.44065899837e-16
4204.0 3.32677060474e-16
4206.0 2.07369348832e-16
4208.0 3.07971888729e-16
4210.0 3.37541041294e-16
4212.0 2.96895503576e-16
4214.0 3.02818963794e-16
4216.0 3.18711181239e-16
4218.0 3.56178307232e-16
4220.0 1.87528157908e-16
4222.0 3.50206672015e-16
4224.0 3.23815957645e-16
4226.0 3.40382386846e-16
4228.0 3.49436110261e-16
4230.0 2.82255386115e-16
4232.0 2.69830577449e-16
4234.0 2.58224452597e-16
4236.0 2.24610003024e-16
4238.0 2.16182289897e-16
4240.0 3.41923457414e-16
4242.0 2.58417046713e-16
4244.0 3.17073813613e-16
4246.0 2.99255257957e-16
4248.0 3.3527763691e-16
4250.0 3.52373779341e-16
4252.0 3.41056598602e-16
4254.0 3.00844450585e-16
4256.0 2.78836152335e-16
4258.0 2.70986353906e-16
4260.0 2.9472836978e-16
4262.0 2.8105143466e-16
4264.0 3.27764931124e-16
4266.0 3.76115795215e-16
4268.0 2.10066209092e-16
4270.0 2.66507640727e-16
4272.0 3.2063749298e-16
4274.0 3.19096448881e-16
4276.0 3.14039821005e-16
4278.0 3.14473237176e-16
4280.0 3.26175712026e-16
4282.0 3.5242192787e-16
4284.0 4.26585618102e-16
4286.0 3.39611825092e-16
4288.0 3.13413784248e-16
4290.0 2.49652267412e-16
4292.0 2.46955420387e-16
4294.0 2.89093853675e-16
4296.0 3.24634641458e-16
4298.0 3.0402291525e-16
4300.0 3.06334521102e-16
4302.0 3.62920451265e-16
4304.0 2.55431255574e-16
4306.0 3.20444898864e-16
4308.0 2.54468099704e-16
4310.0 1.84831297648e-16
4312.0 2.73057164173e-16
4314.0 3.09320312241e-16
4316.0 2.8687859782e-16
4318.0 2.84229899325e-16
4320.0 3.05226893175e-16
4322.0 2.71034502435e-16
4324.0 3.07538472558e-16
4326.0 3.40863951546e-16
4328.0 2.75850361196e-16
4330.0 3.45101869139e-16
4332.0 2.57742861427e-16
4334.0 2.89623619844e-16
4336.0 2.81821969944e-16
4338.0 2.75802186197e-16
4340.0 2.74983502384e-16
4342.0 2.87360162521e-16
4344.0 2.97810510917e-16
4346.0 2.97039975633e-16
4348.0 3.66869398274e-16
4350.0 2.6833765541e-16
4352.0 4.14064485908e-16
4354.0 2.7074561126e-16
4356.0 3.4505372061e-16
4358.0 3.6556914976e-16
4360.0 3.17603579782e-16
4362.0 2.93042853624e-16
4364.0 3.11583769565e-16
4366.0 2.46088561575e-16
4368.0 2.71516146545e-16
4370.0 2.96462060935e-16
4372.0 3.58393563087e-16
4374.0 3.05323163763e-16
4376.0 3.46931910292e-16
4378.0 3.00748153527e-16
4380.0 3.36192617782e-16
4382.0 2.9328362274e-16
4384.0 2.98966287373e-16
4386.0 3.34121807514e-16
4388.0 3.17555378313e-16
4390.0 3.01759484396e-16
4392.0 3.03974766721e-16
4394.0 3.79197909882e-16
4396.0 3.26705451726e-16
4398.0 3.28487291409e-16
4400.0 3.35133111913e-16
4402.0 3.41249245658e-16
4404.0 3.6166832481e-16
4406.0 3.51266124943e-16
4408.0 3.11294825451e-16
4410.0 3.45872404424e-16
4412.0 2.01782981257e-16
4414.0 3.17651701841e-16
4416.0 3.31810201661e-16
4418.0 3.57815648389e-16
4420.0 3.67495461501e-16
4422.0 3.43849795625e-16
4424.0 3.2747598701e-16
4426.0 2.77295081767e-16
4428.0 3.06864260802e-16
4430.0 3.32484413418e-16
4432.0 3.11583743095e-16
4434.0 2.85578296367e-16
4436.0 3.69758892355e-16
4438.0 3.57623027803e-16
4440.0 2.94776544779e-16
4442.0 2.37612699919e-16
4444.0 2.47870401259e-16
4446.0 2.52734408549e-16
4448.0 2.74405614156e-16
4450.0 2.8345936404e-16
4452.0 2.52349140907e-16
4454.0 3.07731093144e-16
4456.0 3.71203639395e-16
4458.0 3.09079516656e-16
4460.0 4.09344977145e-16
4462.0 3.84495333343e-16
4464.0 3.32628911944e-16
4466.0 2.83170393457e-16
4468.0 2.61210243736e-16
4470.0 4.04240200739e-16
4472.0 3.84206362759e-16
4474.0 3.61283030698e-16
4476.0 3.82857939247e-16
4478.0 2.69493458336e-16
4480.0 2.99736875597e-16
4482.0 2.96124968291e-16
4484.0 3.21889619434e-16
4486.0 3.16495898915e-16
4488.0 3.46498494121e-16
4490.0 3.29113381106e-16
4492.0 3.77464218727e-16
4494.0 3.65232030647e-16
4496.0 3.48376657332e-16
4498.0 3.80835303978e-16
4500.0 4.27548773973e-16
4502.0 4.35591192988e-16
4504.0 4.2913801954e-16
4506.0 4.47678935481e-16
4508.0 4.56588186838e-16
4510.0 4.21095574055e-16
4512.0 4.03662286041e-16
4514.0 3.07538499028e-16
4516.0 4.08478118333e-16
4518.0 3.56948816047e-16
4520.0 3.8170216279e-16
4522.0 3.47798769104e-16
4524.0 3.75152612875e-16
4526.0 3.55552217536e-16
4528.0 3.01422365283e-16
4530.0 3.23767782646e-16
4532.0 3.73226301134e-16
4534.0 3.43271880927e-16
4536.0 3.33929186928e-16
4538.0 3.33929186928e-16
4540.0 2.9424680508e-16
4542.0 3.99039100806e-16
4544.0 3.42790289757e-16
4546.0 3.4852110292e-16
4548.0 3.77753189311e-16
4550.0 3.63931755664e-16
4552.0 3.57721363034e-16
4554.0 4.15990824119e-16
4556.0 4.01928594887e-16
4558.0 3.81605865732e-16
4560.0 3.24586492929e-16
4562.0 4.26489294574e-16
4564.0 4.84953414418e-16
4566.0 4.45415504627e-16
4568.0 4.17050277047e-16
4570.0 4.16809534402e-16
4572.0 4.22829265209e-16
4574.0 4.18302403502e-16
4576.0 4.04529144853e-16
4578.0 3.74574724646e-16
4580.0 4.14353403553e-16
4582.0 4.06551780122e-16
4584.0 3.50402283686e-16
4586.0 3.8367664953e-16
4588.0 3.98894628749e-16
4590.0 4.14642374137e-16
4592.0 4.32316510674e-16
4594.0 4.57021708889e-16
4596.0 4.20132418184e-16
4598.0 4.6289688823e-16
4600.0 3.77367921669e-16
4602.0 3.52999869037e-16
4604.0 4.16376065291e-16
4606.0 3.72792884963e-16
4608.0 3.86229024498e-16
4610.0 4.15075816778e-16
4612.0 4.47245519309e-16
4614.0 3.98750183162e-16
4616.0 3.81124221623e-16
4618.0 4.13679191796e-16
4620.0 4.03662286041e-16
4622.0 5.27428993289e-16
4624.0 4.46619456082e-16
4626.0 4.00387524318e-16
4628.0 3.99039100806e-16
4630.0 4.27067182802e-16
4632.0 4.55095344208e-16
4634.0 4.50712901618e-16
4636.0 4.66653267592e-16
4638.0 4.04818088968e-16
4640.0 3.95475394969e-16
4642.0 4.00387524318e-16
4644.0 4.36217309155e-16
4646.0 4.37999122369e-16
4648.0 4.25766934289e-16
4650.0 4.94392431945e-16
4652.0 5.16111733141e-16
4654.0 4.85531302646e-16
4656.0 4.96704037797e-16
4658.0 4.81197035055e-16
4660.0 4.28800873957e-16
4662.0 4.5894796769e-16
4664.0 4.52783685416e-16
4666.0 4.32268256266e-16
4668.0 4.54132108929e-16
4670.0 4.41899920849e-16
4672.0 4.41418329679e-16
4674.0 4.2865642837e-16
4676.0 4.5018313545e-16
4678.0 3.84110065701e-16
4680.0 3.60030957184e-16
4682.0 3.592604219e-16
4684.0 3.67639933558e-16
4686.0 4.40744197332e-16
4688.0 4.66845914648e-16
4690.0 4.72287836637e-16
4692.0 4.61837461771e-16
4694.0 4.60248216204e-16
4696.0 4.20662131414e-16
4698.0 4.23792447549e-16
4700.0 3.92778521474e-16
4702.0 4.77344358634e-16
4704.0 4.46041567854e-16
4706.0 4.4719734431e-16
4708.0 4.82738105623e-16
4710.0 4.83364168851e-16
4712.0 4.58996089749e-16
4714.0 4.29667759239e-16
4716.0 4.43826259059e-16
4718.0 4.94874023115e-16
4720.0 4.87746611441e-16
4722.0 5.09417790577e-16
4724.0 4.91117696691e-16
4726.0 4.13775515324e-16
4728.0 4.08044675692e-16
4730.0 4.29041696012e-16
4732.0 4.49508950163e-16
4734.0 4.57984838289e-16
4736.0 4.28463781314e-16
4738.0 4.35157803287e-16
4740.0 4.49990488394e-16
4742.0 5.32052152054e-16
4744.0 4.44404200227e-16
4746.0 4.09922865373e-16
4748.0 4.54613700099e-16
4750.0 4.56106648608e-16
4752.0 4.77970421861e-16
4754.0 4.61933811769e-16
4756.0 4.00098580204e-16
4758.0 4.17820812332e-16
4760.0 4.73010143982e-16
4762.0 5.40624337239e-16
4764.0 4.79559667428e-16
4766.0 5.17797328706e-16
4768.0 4.68772279329e-16
4770.0 5.05757761212e-16
4772.0 5.03975868589e-16
4774.0 4.92803186377e-16
4776.0 4.61452167659e-16
4778.0 4.78753927337e-16
4780.0 4.78403890972e-16
4782.0 4.22155053453e-16
4784.0 4.86687079103e-16
4786.0 4.87072373215e-16
4788.0 4.7166172047e-16
4790.0 4.5210950013e-16
4792.0 4.57888488292e-16
4794.0 4.47534410484e-16
4796.0 4.00050431675e-16
4798.0 3.53336935211e-16
4800.0 3.94223294984e-16
4802.0 4.36987817969e-16
4804.0 4.28319282787e-16
4806.0 4.67134858762e-16
4808.0 4.29282465127e-16
4810.0 4.43103898774e-16
4812.0 4.20854804939e-16
4814.0 4.43681760533e-16
4816.0 4.53891392753e-16
4818.0 4.44837616399e-16
4820.0 4.1396816238e-16
4822.0 3.72744709964e-16
4824.0 3.93163815586e-16
4826.0 4.76959170401e-16
4828.0 4.35350423873e-16
4830.0 4.69109345502e-16
4832.0 4.60489038258e-16
4834.0 4.53602395699e-16
4836.0 4.18302403502e-16
4838.0 4.13631043267e-16
4840.0 3.96245956723e-16
4842.0 4.50279432508e-16
4844.0 3.68217874726e-16
4846.0 4.23696124021e-16
4848.0 4.71276479298e-16
4850.0 4.92080826092e-16
4852.0 4.11367612414e-16
4854.0 4.10597077129e-16
4856.0 4.21095574055e-16
4858.0 4.1690583146e-16
4860.0 4.43152020833e-16
4862.0 4.5942950592e-16
4864.0 3.99231721392e-16
4866.0 4.47486288425e-16
4868.0 4.27356153386e-16
4870.0 4.09344977145e-16
4872.0 4.58610848577e-16
4874.0 4.68820454328e-16
4876.0 4.64871480848e-16
4878.0 4.50857373676e-16
4880.0 4.55576829499e-16
4882.0 4.01928594887e-16
4884.0 4.3255722685e-16
4886.0 4.41899920849e-16
4888.0 4.3111247981e-16
4890.0 4.57599491238e-16
4892.0 4.58803442693e-16
4894.0 4.51820503076e-16
4896.0 4.39251222353e-16
4898.0 4.31401450394e-16
4900.0 5.04987225928e-16
4902.0 4.64630658793e-16
4904.0 5.05083522986e-16
4906.0 4.81967570339e-16
4908.0 4.9025081141e-16
4910.0 3.80835303978e-16
4912.0 4.58273729464e-16
4914.0 4.42911251718e-16
4916.0 4.54902697153e-16
4918.0 4.71276479298e-16
4920.0 4.53120804529e-16
4922.0 4.58081082408e-16
4924.0 4.3207563568e-16
4926.0 4.94970320173e-16
4928.0 4.50279432508e-16
4930.0 4.63089588225e-16
4932.0 4.8240103945e-16
4934.0 5.0195325979e-16
4936.0 4.61644814715e-16
4938.0 4.44404200227e-16
4940.0 4.63667476453e-16
4942.0 4.48931008995e-16
4944.0 4.34387294472e-16
4946.0 4.50953670734e-16
4948.0 5.21649952187e-16
4950.0 4.9757087014e-16
4952.0 5.00604836278e-16
4954.0 4.95644505459e-16
4956.0 4.77392533633e-16
4958.0 4.53457923642e-16
4960.0 4.82497389448e-16
4962.0 4.26874562216e-16
4964.0 4.66460620536e-16
4966.0 4.88709740841e-16
4968.0 5.15582019911e-16
4970.0 4.94488781942e-16
4972.0 4.93718246658e-16
4974.0 4.58177485345e-16
4976.0 4.54421053043e-16
4978.0 4.72865724865e-16
4980.0 4.70554119012e-16
4982.0 4.60103744146e-16
4984.0 4.45174682572e-16
4986.0 4.49220058988e-16
4988.0 4.47293641369e-16
4990.0 4.53746814817e-16
4992.0 4.83315993852e-16
4994.0 4.97233803966e-16
4996.0 4.83460465909e-16
4998.0 4.61355870601e-16
5000.0 4.57503247119e-16
5002.0 4.84182879134e-16
5004.0 4.65401141138e-16
5006.0 5.06720890613e-16
5008.0 4.50857373676e-16
5010.0 4.16376065291e-16
5012.0 4.35783840044e-16
5014.0 4.02313888999e-16
5016.0 3.71588907037e-16
5018.0 3.5338511021e-16
5020.0 3.49339813203e-16
5022.0 3.95186450855e-16
5024.0 4.08189147749e-16
5026.0 4.02891777227e-16
5028.0 4.8437547325e-16
5030.0 4.13101303568e-16
5032.0 4.67134858762e-16
5034.0 4.79126251257e-16
5036.0 4.90684227581e-16
5038.0 4.72962021923e-16
5040.0 4.701688249e-16
5042.0 4.65979135246e-16
5044.0 4.21866109339e-16
5046.0 4.69157520501e-16
5048.0 4.21384544638e-16
5050.0 4.84568120306e-16
5052.0 4.44596794344e-16
5054.0 4.76573876289e-16
5056.0 4.89143157012e-16
5058.0 4.87072373215e-16
5060.0 4.9463320106e-16
5062.0 4.86398134989e-16
5064.0 5.05950355329e-16
5066.0 5.29740546202e-16
5068.0 5.2685110506e-16
5070.0 4.6723120876e-16
5072.0 4.84905239419e-16
5074.0 4.97185576028e-16
5076.0 5.11921990546e-16
5078.0 5.06576471495e-16
5080.0 4.56491836841e-16
5082.0 4.22925615207e-16
5084.0 5.17508384592e-16
5086.0 5.11247858199e-16
5088.0 4.68964873445e-16
5090.0 5.45536493058e-16
5092.0 5.12307337598e-16
5094.0 4.83508693847e-16
5096.0 4.6968723373e-16
5098.0 4.96800334855e-16
5100.0 5.03879571531e-16
5102.0 4.54421053043e-16
5104.0 5.3667531082e-16
5106.0 4.94585026061e-16
5108.0 5.44091719548e-16
5110.0 4.79078076258e-16
5112.0 5.1957916839e-16
5114.0 5.10718039091e-16
5116.0 4.83315993852e-16
5118.0 4.72721199868e-16
5120.0 4.70313349897e-16
5122.0 4.18013459388e-16
5124.0 5.41009578411e-16
5126.0 5.08261961181e-16
5128.0 4.63089535286e-16
5130.0 4.73973379262e-16
5132.0 5.21794424244e-16
5134.0 5.23817085983e-16
5136.0 5.07009887667e-16
5138.0 5.01327196563e-16
5140.0 4.9805246131e-16
5142.0 5.05179872984e-16
5144.0 4.78403943911e-16
5146.0 4.61549470569e-16
5148.0 4.3932128786e-16
5150.0 4.98936181372e-16
5152.0 4.84698033984e-16
5154.0 4.65742548355e-16
5156.0 4.64814623762e-16
5158.0 4.99511052045e-16
5160.0 5.13147011946e-16
5162.0 4.56514071456e-16
5164.0 4.68719339769e-16
5166.0 4.47250336809e-16
5168.0 5.10323427617e-16
5170.0 5.06331626034e-16
5172.0 4.99340216087e-16
5174.0 4.51554905308e-16
5176.0 4.23632861248e-16
5178.0 4.48914491853e-16
5180.0 4.68461682935e-16
5182.0 4.42658200625e-16
5184.0 4.63491134782e-16
5186.0 4.37886811094e-16
5188.0 4.63462812117e-16
5190.0 4.74688751526e-16
5192.0 5.10087899518e-16
5194.0 5.03156470092e-16
5196.0 4.88056784318e-16
5198.0 4.90990641749e-16
5200.0 5.15316316264e-16
5202.0 4.70182853884e-16
5204.0 4.33685051219e-16
5206.0 4.20433617806e-16
5208.0 4.30846934981e-16
5210.0 5.12683420226e-16
5212.0 4.81535477657e-16
5214.0 5.0587931044e-16
5216.0 5.41438018264e-16
5218.0 5.34853131192e-16
5220.0 5.25185573588e-16
5222.0 5.08291448516e-16
5224.0 5.02504625299e-16
5226.0 5.69367129754e-16
5228.0 4.92125083564e-16
5230.0 5.1631480929e-16
5232.0 5.51366197318e-16
5234.0 5.48615775459e-16
5236.0 5.05172620264e-16
5238.0 4.85471904461e-16
5240.0 5.32610558525e-16
5242.0 4.76536818598e-16
5244.0 5.17310231822e-16
5246.0 4.98046532079e-16
5248.0 4.4818583176e-16
5250.0 4.9060741228e-16
5252.0 5.11105874302e-16
5254.0 5.32912843408e-16
5256.0 5.35935056964e-16
5258.0 4.98593450665e-16
5260.0 5.87801637181e-16
5262.0 5.52982018544e-16
5264.0 4.77613291595e-16
5266.0 4.6915762638e-16
5268.0 5.22054728057e-16
5270.0 4.28146938052e-16
5272.0 5.04958003291e-16
5274.0 4.89349462475e-16
5276.0 4.85122026914e-16
5278.0 4.71990210435e-16
5280.0 5.01892855753e-16
5282.0 5.18030368645e-16
5284.0 5.09251348603e-16
5286.0 4.97986233921e-16
5288.0 4.7204362645e-16
5290.0 4.72643431656e-16
5292.0 4.43316371695e-16
5294.0 4.71818792142e-16
5296.0 4.7563462263e-16
5298.0 4.785710741e-16
5300.0 4.5361308949e-16
5302.0 4.26481935975e-16
5304.0 5.08670972216e-16
5306.0 5.21322044558e-16
5308.0 4.83723946095e-16
5310.0 5.22102532479e-16
5312.0 5.18754952392e-16
5314.0 5.11898167745e-16
5316.0 5.32327278944e-16
5318.0 5.60296465681e-16
5320.0 5.39169558152e-16
5322.0 4.92699424841e-16
5324.0 4.96059181027e-16
5326.0 4.27147412704e-16
5328.0 4.2076099604e-16
5330.0 4.38817356196e-16
5332.0 4.17157241427e-16
5334.0 3.89208330541e-16
5336.0 4.73156892441e-16
5338.0 4.53608642567e-16
5340.0 4.86427039988e-16
5342.0 4.26128220311e-16
5344.0 4.23236105722e-16
5346.0 4.19751279828e-16
5348.0 4.3790404292e-16
5350.0 4.94058489205e-16
5352.0 4.79599001521e-16
5354.0 4.80409876749e-16
5356.0 4.38529259115e-16
5358.0 4.90402430307e-16
5360.0 5.01203265055e-16
5362.0 4.80206906479e-16
5364.0 4.69494057279e-16
5366.0 5.24524729071e-16
5368.0 4.68582543948e-16
5370.0 4.56881419057e-16
5372.0 4.69176949319e-16
5374.0 4.31468815983e-16
5376.0 4.42373729904e-16
5378.0 4.6825082467e-16
5380.0 4.91507490666e-16
5382.0 5.08410668403e-16
5384.0 5.51916398156e-16
5386.0 5.26897109537e-16
5388.0 5.15847247103e-16
5390.0 4.95633388152e-16
5392.0 4.79834370801e-16
5394.0 4.96019317539e-16
5396.0 5.10538732804e-16
5398.0 4.91309708473e-16
5400.0 5.02907018889e-16
5402.0 5.43023399243e-16
5404.0 5.34938734459e-16
5406.0 5.52740825912e-16
5408.0 5.56999336994e-16
5410.0 5.21907767841e-16
5412.0 5.18051544469e-16
5414.0 5.15748567765e-16
5416.0 5.30553750771e-16
5418.0 5.28101749207e-16
5420.0 5.367882309e-16
5422.0 5.36836141201e-16
5424.0 5.22286338629e-16
5426.0 5.53870556105e-16
5428.0 5.87980255254e-16
5430.0 5.34787115562e-16
5432.0 5.03927217134e-16
5434.0 4.42805822586e-16
5436.0 4.72307106636e-16
5438.0 4.91433798799e-16
5440.0 4.79071935269e-16
5442.0 5.19520193721e-16
5444.0 5.26190260543e-16
5446.0 5.17798758074e-16
5448.0 5.35278447611e-16
5450.0 5.45567939156e-16
5452.0 5.28510972e-16
5454.0 5.22875608862e-16
5456.0 5.46261870898e-16
5458.0 5.48652356694e-16
5460.0 5.31905297717e-16
5462.0 5.44919958952e-16
5464.0 5.86342728809e-16
5466.0 5.57262975999e-16
5468.0 5.44299030862e-16
5470.0 5.84362312838e-16
5472.0 5.72322957103e-16
5474.0 5.53426128506e-16
5476.0 5.33006017032e-16
5478.0 5.71947245051e-16
5480.0 5.44969933896e-16
5482.0 5.53209658648e-16
5484.0 5.62833541116e-16
5486.0 5.57556949371e-16
5488.0 5.6200196652e-16
5490.0 5.38080114963e-16
5492.0 5.51761232308e-16
5494.0 5.29007968581e-16
5496.0 4.79643682509e-16
5498.0 5.12277956142e-16
5500.0 5.20518686747e-16
5502.0 4.9774382368e-16
5504.0 5.47315262247e-16
5506.0 4.96163524898e-16
5508.0 5.17606375716e-16
5510.0 5.62578531259e-16
5512.0 5.22536266288e-16
5514.0 5.12431110287e-16
5516.0 5.60680277485e-16
5518.0 5.60675354106e-16
5520.0 5.49673243154e-16
5522.0 5.24414244211e-16
5524.0 5.31653728932e-16
5526.0 5.34964198387e-16
5528.0 5.61159751072e-16
5530.0 5.76510846813e-16
5532.0 5.65244196884e-16
5534.0 5.49822479771e-16
5536.0 5.44864531233e-16
5538.0 5.40627672431e-16
5540.0 5.25002085076e-16
5542.0 4.98741310854e-16
5544.0 4.98680747998e-16
5546.0 5.19454019272e-16
5548.0 5.44565422724e-16
5550.0 5.30513093189e-16
5552.0 5.2390274219e-16
5554.0 5.4612237516e-16
5556.0 5.3164795852e-16
5558.0 5.09591908788e-16
5560.0 5.23507336622e-16
5562.0 5.34900300339e-16
5564.0 5.24381262865e-16
5566.0 5.05607148166e-16
5568.0 4.71233810013e-16
5570.0 4.92416304079e-16
5572.0 4.72558410724e-16
5574.0 4.93429884879e-16
5576.0 5.24147852349e-16
5578.0 5.32945189479e-16
5580.0 4.95897927129e-16
5582.0 4.69755896339e-16
5584.0 4.43290881297e-16
5586.0 4.81681114384e-16
5588.0 5.23808033318e-16
5590.0 5.23064020753e-16
5592.0 5.23727141672e-16
5594.0 5.27289974006e-16
5596.0 5.15110540197e-16
5598.0 5.23325648055e-16
5600.0 5.11694456321e-16
5602.0 5.18284584409e-16
5604.0 4.93669912841e-16
5606.0 5.21372866534e-16
5608.0 5.37563054288e-16
5610.0 5.17834862853e-16
5612.0 5.15712621804e-16
5614.0 5.06920525691e-16
5616.0 5.21406218457e-16
5618.0 5.37816952414e-16
5620.0 5.36429618326e-16
5622.0 5.2985246043e-16
5624.0 5.17358036244e-16
5626.0 5.12663673771e-16
5628.0 5.2351358349e-16
5630.0 5.10866905131e-16
5632.0 5.29125494403e-16
5634.0 5.41251565136e-16
5636.0 5.11414670751e-16
5638.0 5.04461271407e-16
5640.0 5.14587232654e-16
5642.0 5.16808894196e-16
5644.0 4.95801471252e-16
5646.0 4.92480890341e-16
5648.0 5.19061948896e-16
5650.0 5.0338601602e-16
5652.0 5.04163327568e-16
5654.0 5.12320890125e-16
5656.0 5.2130018052e-16
5658.0 5.18459920229e-16
5660.0 5.20222489913e-16
5662.0 5.13189098896e-16
5664.0 5.09091841711e-16
5666.0 4.95614488729e-16
5668.0 4.99522116413e-16
5670.0 5.05617100803e-16
5672.0 5.07747494545e-16
5674.0 5.01613123122e-16
5676.0 5.09392644287e-16
5678.0 5.18861996181e-16
5680.0 5.17729248433e-16
5682.0 5.07396822905e-16
5684.0 5.04400708552e-16
5686.0 5.01196541731e-16
5688.0 4.90057952595e-16
5690.0 4.91953453513e-16
5692.0 4.98099048122e-16
5694.0 4.93196897879e-16
5696.0 4.9526005838e-16
5698.0 5.12644403771e-16
5700.0 5.34498806722e-16
5702.0 5.45322087843e-16
5704.0 5.2687159267e-16
5706.0 5.09875400127e-16
5708.0 5.26151508786e-16
5710.0 5.20000090825e-16
5712.0 4.94972384816e-16
5714.0 5.07219898898e-16
5716.0 5.03311794758e-16
5718.0 5.09117676216e-16
5720.0 5.29971097982e-16
5722.0 5.31790048297e-16
5724.0 5.34723535151e-16
5726.0 5.43210964101e-16
5728.0 5.5070662335e-16
5730.0 5.35383585575e-16
5732.0 5.22676238482e-16
5734.0 5.21897126989e-16
5736.0 5.31561825857e-16
5738.0 5.28808651141e-16
5740.0 5.36756520104e-16
5742.0 5.16624770409e-16
5744.0 5.20424771969e-16
5746.0 5.26491857212e-16
5748.0 5.31102945758e-16
5750.0 5.25419831138e-16
5752.0 5.17163271605e-16
5754.0 5.39009363046e-16
5756.0 5.13303342465e-16
5758.0 5.30496576047e-16
5760.0 5.47060570028e-16
5762.0 5.34984791876e-16
5764.0 5.30299482068e-16
5766.0 5.42162284373e-16
5768.0 5.17627392721e-16
5770.0 4.81220540219e-16
5772.0 4.85715267614e-16
5774.0 5.19775627094e-16
5776.0 5.19588962208e-16
5778.0 5.34912635257e-16
5780.0 5.42892585592e-16
5782.0 5.26810235721e-16
5784.0 5.18241650426e-16
5786.0 5.17984417108e-16
5788.0 5.1560859557e-16
5790.0 5.58669262449e-16
5792.0 5.46049318568e-16
5794.0 5.30132140121e-16
5796.0 5.19715328936e-16
5798.0 5.26030647772e-16
5800.0 5.3962976174e-16
5802.0 5.28034780665e-16
5804.0 5.23414110058e-16
5806.0 5.30734327607e-16
5808.0 5.11258446111e-16
5810.0 5.16530855631e-16
5812.0 5.35297399973e-16
5814.0 5.48328207773e-16
5816.0 5.25983055108e-16
5818.0 5.16544037581e-16
5820.0 5.18570352149e-16
5822.0 5.19577262565e-16
5824.0 5.17238763417e-16
5826.0 5.17640204094e-16
5828.0 5.20514610401e-16
5830.0 5.2269090274e-16
5832.0 5.17918454417e-16
5834.0 5.17404781874e-16
5836.0 5.10149997621e-16
5838.0 5.17564712283e-16
5840.0 5.09163680693e-16
5842.0 5.11150131773e-16
5844.0 5.07129001675e-16
5846.0 4.90157743664e-16
5848.0 4.91498755639e-16
5850.0 5.06524114271e-16
5852.0 4.96628493046e-16
5854.0 5.26651258224e-16
5856.0 5.15104663906e-16
5858.0 5.02595734281e-16
5860.0 5.07346371505e-16
5862.0 5.21410347742e-16
5864.0 5.02407110631e-16
5866.0 5.08956581138e-16
5868.0 5.11206671222e-16
5870.0 4.91376200559e-16
5872.0 5.24337375971e-16
5874.0 5.24583174344e-16
5876.0 5.01135608298e-16
5878.0 4.84731174148e-16
5880.0 4.87597004246e-16
5882.0 4.97164559023e-16
5884.0 5.3648319316e-16
5886.0 4.79171885157e-16
5888.0 4.64350237948e-16
5890.0 4.65181336088e-16
5892.0 4.55797058066e-16
5894.0 4.40915880323e-16
5896.0 4.54829534682e-16
5898.0 4.51362152373e-16
5900.0 4.90969148288e-16
5902.0 4.5521170536e-16
5904.0 4.68079618136e-16
5906.0 4.96397200112e-16
5908.0 5.21002501378e-16
5910.0 5.27943989321e-16
5912.0 5.30918398454e-16
5914.0 5.40421684606e-16
5916.0 5.31001884139e-16
5918.0 5.46914033328e-16
5920.0 5.40917781215e-16
5922.0 5.40752980368e-16
5924.0 5.44631808931e-16
5926.0 5.24183480672e-16
5928.0 5.37631875715e-16
5930.0 5.48226669699e-16
5932.0 5.31352608719e-16
5934.0 5.43989916776e-16
5936.0 5.30583343984e-16
5938.0 5.23566946566e-16
5940.0 5.3527500654e-16
5942.0 5.30076394765e-16
5944.0 5.27200400272e-16
5946.0 5.22962429739e-16
5948.0 5.27880832426e-16
5950.0 4.9546673442e-16
5952.0 5.28920830067e-16
5954.0 5.6357765956e-16
5956.0 5.62232835938e-16
5958.0 5.53067039476e-16
5960.0 5.48725889742e-16
5962.0 5.3106789977e-16
5964.0 5.40109076509e-16
5966.0 5.40974903e-16
5968.0 5.3085762384e-16
5970.0 5.2277618837e-16
5972.0 5.23586481263e-16
5974.0 5.17948418208e-16
5976.0 4.99229519469e-16
5978.0 5.33277385213e-16
5980.0 5.44036397709e-16
5982.0 5.65835690579e-16
5984.0 5.71520393385e-16
5986.0 5.67661946552e-16
5988.0 5.34921582042e-16
5990.0 5.03522441264e-16
5992.0 5.49754399498e-16
5994.0 5.35236201843e-16
5996.0 5.33536630234e-16
5998.0 5.40540745675e-16
6000.0 5.47768266055e-16
6002.0 5.46054930161e-16
6004.0 5.43578735219e-16
6006.0 5.64344383196e-16
6008.0 5.58822257775e-16
6010.0 5.29759127987e-16
6012.0 5.42416658955e-16
6014.0 5.53791252646e-16
6016.0 5.48566488729e-16
6018.0 5.50268389678e-16
6020.0 5.66695111383e-16
6022.0 5.67333244829e-16
6024.0 5.59756323358e-16
6026.0 5.51515857451e-16
6028.0 5.5157604973e-16
6030.0 5.69330072063e-16
6032.0 5.38484626135e-16
6034.0 5.30579373517e-16
6036.0 5.53936783494e-16
6038.0 5.24855760134e-16
6040.0 5.51182391168e-16
6042.0 5.32496897291e-16
6044.0 5.34070790386e-16
6046.0 5.0883016147e-16
6048.0 5.28784987158e-16
6050.0 5.42376954286e-16
6052.0 5.20918327479e-16
6054.0 5.07886090311e-16
6056.0 5.09684023621e-16
6058.0 5.22734895514e-16
6060.0 5.34960757316e-16
6062.0 5.22075268606e-16
6064.0 5.12477379462e-16
6066.0 5.07957611655e-16
6068.0 5.12282667763e-16
6070.0 5.18157688285e-16
6072.0 5.18671360828e-16
6074.0 4.99810848769e-16
6076.0 5.1327385513e-16
6078.0 5.07814621906e-16
6080.0 5.02959164355e-16
6082.0 4.98884247664e-16
6084.0 4.72553804982e-16
6086.0 4.40975940252e-16
6088.0 4.51121277378e-16
6090.0 4.8727587288e-16
6092.0 4.91701990606e-16
6094.0 4.85809658848e-16
6096.0 4.95171861075e-16
6098.0 5.17846403677e-16
6100.0 5.10868069802e-16
6102.0 5.20285223291e-16
6104.0 5.211200272e-16
6106.0 5.12347254025e-16
6108.0 5.1199001788e-16
6110.0 5.22445527883e-16
6112.0 5.15602084004e-16
6114.0 4.99321793121e-16
6116.0 5.2172168529e-16
6118.0 5.0705986261e-16
6120.0 5.13994627229e-16
6122.0 5.2570660473e-16
6124.0 4.94310905024e-16
6126.0 4.77976033454e-16
6128.0 4.91583353054e-16
6130.0 5.37086810014e-16
6132.0 5.31631970773e-16
6134.0 5.14807090644e-16
6136.0 5.21870339572e-16
6138.0 5.18317512815e-16
6140.0 5.31488081051e-16
6142.0 5.200222725e-16
6144.0 5.11943060491e-16
6146.0 5.24061507928e-16
6148.0 5.35193903135e-16
6150.0 5.4094610388e-16
6152.0 5.47238764584e-16
6154.0 5.35351557142e-16
6156.0 5.19094665544e-16
6158.0 5.14292253431e-16
6160.0 5.19205203343e-16
6162.0 5.3105699422e-16
6164.0 5.31917791453e-16
6166.0 5.44480348852e-16
6168.0 5.39224350596e-16
6170.0 5.26114133457e-16
6172.0 5.39102219033e-16
6174.0 5.22930666004e-16
6176.0 5.12328831059e-16
6178.0 5.27373512631e-16
6180.0 5.27795335038e-16
6182.0 5.02084655776e-16
6184.0 5.09032602345e-16
6186.0 5.35239060579e-16
6188.0 5.39078131533e-16
6190.0 5.48985664159e-16
6192.0 5.51403678526e-16
6194.0 5.3506001899e-16
6196.0 5.28529818483e-16
6198.0 5.35143610554e-16
6200.0 5.40669229985e-16
6202.0 5.33306925487e-16
6204.0 5.28783822488e-16
6206.0 5.36055335642e-16
6208.0 5.2933476448e-16
6210.0 5.09369245002e-16
6212.0 5.22661097768e-16
6214.0 5.18680042916e-16
6216.0 5.11620393878e-16
6218.0 5.19281595127e-16
6220.0 5.21964519048e-16
6222.0 5.26484075096e-16
6224.0 5.35440972058e-16
6226.0 5.53202829445e-16
6228.0 5.67745326358e-16
6230.0 5.70570551814e-16
6232.0 5.46139262879e-16
6234.0 5.22122967149e-16
6236.0 5.20173044365e-16
6238.0 5.2435913413e-16
6240.0 5.30763867881e-16
6242.0 5.48303961455e-16
6244.0 5.64081326526e-16
6246.0 5.45074913041e-16
6248.0 5.45920357802e-16
6250.0 5.48380988514e-16
6252.0 5.43022711029e-16
6254.0 5.44156888145e-16
6256.0 5.38818780633e-16
6258.0 5.18720224041e-16
6260.0 5.36677004886e-16
6262.0 5.39630714652e-16
6264.0 5.47865886603e-16
6266.0 5.4645986485e-16
6268.0 5.44232962292e-16
6270.0 5.48449545243e-16
6272.0 5.57088222514e-16
6274.0 5.44279072648e-16
6276.0 5.31215707019e-16
6278.0 5.37699850109e-16
6280.0 5.28152306486e-16
6282.0 5.00307474774e-16
6284.0 5.01188124341e-16
6286.0 5.04079471306e-16
6288.0 5.03077219572e-16
6290.0 5.02971869849e-16
6292.0 5.20334615899e-16
6294.0 5.14761827321e-16
6296.0 5.11365172263e-16
6298.0 5.17655027171e-16
6300.0 5.03099507126e-16
6302.0 4.93866689182e-16
6304.0 5.04931057056e-16
6306.0 5.13717488636e-16
6308.0 5.24274642593e-16
6310.0 5.01786606058e-16
6312.0 5.16155355338e-16
6314.0 5.11552631242e-16
6316.0 5.16368278245e-16
6318.0 5.13500171746e-16
6320.0 5.01579188865e-16
6322.0 5.11761689561e-16
6324.0 5.19363333807e-16
6326.0 5.03854742878e-16
6328.0 5.18195010675e-16
6330.0 5.14502741118e-16
6332.0 4.99337886747e-16
6334.0 5.00229441863e-16
6336.0 5.17574717859e-16
6338.0 5.09846548067e-16
6340.0 5.13381693012e-16
6342.0 4.83429337448e-16
6344.0 4.80077892773e-16
6346.0 5.35728539743e-16
6348.0 5.28454856067e-16
6350.0 5.16106598004e-16
6352.0 5.2099514278e-16
6354.0 5.13538288228e-16
6356.0 4.94880958197e-16
6358.0 4.93881565198e-16
6360.0 4.83232190529e-16
6362.0 4.79382796361e-16
6364.0 4.74950696465e-16
6366.0 4.64749825741e-16
6368.0 4.73669876769e-16
6370.0 4.87947305309e-16
6372.0 4.81825533502e-16
6374.0 4.76748312137e-16
6376.0 4.78344757484e-16
6378.0 4.83498370633e-16
6380.0 4.83018579408e-16
6382.0 4.81815580865e-16
6384.0 4.92241921171e-16
6386.0 4.82441961729e-16
6388.0 4.52645936683e-16
6390.0 4.72015727302e-16
6392.0 4.89076400228e-16
6394.0 4.80889085639e-16
6396.0 4.86678079378e-16
6398.0 4.9670970233e-16
6400.0 4.72871918793e-16
6402.0 4.82385792857e-16
6404.0 4.73606455177e-16
6406.0 5.02407322389e-16
6408.0 4.95566101972e-16
6410.0 4.91591664565e-16
6412.0 4.97663567308e-16
6414.0 4.97384417012e-16
6416.0 4.79975507666e-16
6418.0 4.90145249928e-16
6420.0 4.73501740729e-16
6422.0 4.6022338755e-16
6424.0 4.63149674625e-16
6426.0 4.70997276062e-16
6428.0 4.71577123054e-16
6430.0 4.67257360902e-16
6432.0 4.78614802176e-16
6434.0 4.80109021234e-16
6436.0 4.73315128783e-16
6438.0 4.79093587549e-16
6440.0 4.8254270571e-16
6442.0 4.87025733463e-16
6444.0 4.83813678648e-16
6446.0 4.73276588784e-16
6448.0 4.68556762383e-16
6450.0 4.62988261909e-16
6452.0 4.69386748792e-16
6454.0 4.65860815331e-16
6456.0 4.70589323819e-16
6458.0 4.84788242993e-16
6460.0 4.82973421964e-16
6462.0 4.49495503515e-16
6464.0 4.64464957973e-16
6466.0 4.62439808075e-16
6468.0 4.75957924518e-16
6470.0 4.73730280806e-16
6472.0 4.90668875109e-16
6474.0 4.89529668734e-16
6476.0 4.68187350139e-16
6478.0 4.90116768446e-16
6480.0 4.96644692551e-16
6482.0 4.93404844468e-16
6484.0 4.92076537988e-16
6486.0 5.13829138167e-16
6488.0 5.09214873247e-16
6490.0 4.97049733119e-16
6492.0 5.02199005224e-16
6494.0 5.24724946484e-16
6496.0 5.13632203006e-16
6498.0 5.10974795953e-16
6500.0 5.05999112663e-16
6502.0 5.15828294741e-16
6504.0 4.91040934331e-16
6506.0 4.75798735263e-16
6508.0 4.89187732121e-16
6510.0 5.00972925033e-16
6512.0 4.96349660388e-16
6514.0 5.18399198554e-16
6516.0 5.18254673558e-16
6518.0 5.10451700169e-16
6520.0 5.04945297797e-16
6522.0 5.00074487774e-16
6524.0 4.98312394545e-16
6526.0 5.00895315639e-16
6528.0 4.99867917614e-16
6530.0 4.9419597324e-16
6532.0 5.00209748347e-16
6534.0 5.16097121822e-16
6536.0 5.18816150523e-16
6538.0 5.04231884297e-16
6540.0 5.11113603477e-16
6542.0 5.04805060905e-16
6544.0 4.93632378693e-16
6546.0 4.96472744863e-16
6548.0 5.15389002279e-16
6550.0 5.0693736047e-16
6552.0 4.94601860841e-16
6554.0 4.94140439643e-16
6556.0 5.02059880062e-16
6558.0 5.01246569614e-16
6560.0 5.06897179345e-16
6562.0 5.10663405466e-16
6564.0 5.14830648748e-16
6566.0 5.00931949814e-16
6568.0 4.86072768458e-16
6570.0 4.81551412464e-16
6572.0 4.88628637436e-16
6574.0 5.00764554928e-16
6576.0 4.96896684853e-16
6578.0 5.01138308216e-16
6580.0 5.1694050194e-16
6582.0 5.16562407608e-16
6584.0 5.12965482198e-16
6586.0 5.11564330884e-16
6588.0 5.15185449673e-16
6590.0 5.24881277002e-16
6592.0 5.31896668569e-16
6594.0 5.24097824465e-16
6596.0 5.04584514701e-16
6598.0 5.13059820492e-16
6600.0 5.1840338078e-16
6602.0 5.07014546348e-16
6604.0 5.1387916605e-16
6606.0 4.86846374236e-16
6608.0 4.9633261385e-16
6610.0 5.05276064163e-16
6612.0 4.98990973815e-16
6614.0 4.97350376876e-16
6616.0 5.05020048455e-16
6618.0 5.00139497552e-16
6620.0 5.03629485053e-16
6622.0 5.24241184792e-16
6624.0 4.98752957557e-16
6626.0 4.98391380368e-16
6628.0 5.0198211185e-16
6630.0 5.03518788435e-16
6632.0 5.01983488278e-16
6634.0 5.00787318938e-16
6636.0 5.01493744416e-16
6638.0 5.00182907991e-16
6640.0 5.06013194585e-16
6642.0 5.07139589587e-16
6644.0 5.00364967135e-16
6646.0 4.9896397464e-16
6648.0 5.03871418839e-16
6650.0 4.98642207999e-16
6652.0 5.04870653019e-16
6654.0 5.12797663795e-16
6656.0 5.01335243376e-16
6658.0 5.03384639592e-16
6660.0 5.01052757888e-16
6662.0 4.94468294333e-16
6664.0 4.88138999453e-16
6666.0 4.89405525468e-16
6668.0 5.05394066441e-16
6670.0 5.07130642801e-16
6672.0 5.1415895162e-16
6674.0 5.19393932872e-16
6676.0 5.15687740211e-16
6678.0 4.99197438096e-16
6680.0 4.97392834402e-16
6682.0 5.07432133591e-16
6684.0 5.11833263845e-16
6686.0 5.06146972852e-16
6688.0 5.24460778083e-16
6690.0 5.16960195456e-16
6692.0 5.00821517893e-16
6694.0 4.96888426282e-16
6696.0 5.1364136155e-16
6698.0 5.02982298942e-16
6700.0 5.03125023994e-16
6702.0 5.08239991264e-16
6704.0 4.91151366251e-16
6706.0 4.74569002243e-16
6708.0 4.71227986661e-16
6710.0 4.74840052786e-16
6712.0 4.59987277116e-16
6714.0 4.83809655241e-16
6716.0 4.93353334277e-16
6718.0 5.00062099917e-16
6720.0 5.00593930728e-16
6722.0 5.04353804102e-16
6724.0 5.17987699361e-16
6726.0 5.22624992989e-16
6728.0 5.1028213476e-16
6730.0 5.05851517172e-16
6732.0 4.97838109035e-16
6734.0 5.00379366695e-16
6736.0 5.07388193757e-16
6738.0 5.06583194819e-16
6740.0 4.93546828366e-16
6742.0 4.94028472475e-16
6744.0 5.02054744925e-16
6746.0 4.96121120311e-16
6748.0 5.14728898915e-16
6750.0 5.05178867132e-16
6752.0 5.03405021322e-16
6754.0 5.09032231768e-16
6756.0 5.1341202738e-16
6758.0 4.97226921824e-16
6760.0 4.81431027907e-16
6762.0 4.92865231541e-16
6764.0 4.92493172319e-16
6766.0 5.02407904725e-16
6768.0 5.01553724937e-16
6770.0 4.78852924313e-16
6772.0 4.65951130219e-16
6774.0 4.45942147362e-16
6776.0 4.25587310365e-16
6778.0 4.22854993835e-16
6780.0 4.13228623208e-16
6782.0 4.26568174517e-16
6784.0 4.47160974833e-16
6786.0 4.63480652749e-16
6788.0 4.67763039572e-16
6790.0 4.82659966834e-16
6792.0 4.97105690233e-16
6794.0 4.85261893229e-16
6796.0 4.96190047617e-16
6798.0 4.94281682387e-16
6800.0 4.92329218504e-16
6802.0 4.97767911179e-16
6804.0 4.93949698411e-16
6806.0 4.73723239845e-16
6808.0 4.87016839617e-16
6810.0 4.80746572346e-16
6812.0 4.79488993117e-16
6814.0 4.83315252698e-16
6816.0 4.88166580964e-16
6818.0 4.88911811139e-16
6820.0 4.96198941463e-16
6822.0 4.91704214068e-16
6824.0 4.80892897287e-16
6826.0 4.7512656168e-16
6828.0 4.82373669698e-16
6830.0 4.91733860221e-16
6832.0 4.90334720611e-16
6834.0 4.85171154825e-16
6836.0 5.15029225034e-16
6838.0 5.07784552236e-16
6840.0 4.8718576975e-16
6842.0 4.81581058617e-16
6844.0 4.76048292346e-16
6846.0 4.68550939032e-16
6848.0 4.70456022009e-16
6850.0 4.86029728596e-16
6852.0 4.78709669866e-16
6854.0 4.78574144594e-16
6856.0 4.71032533809e-16
6858.0 4.88529058126e-16
6860.0 4.99613913608e-16
6862.0 4.83003332815e-16
6864.0 4.76366247338e-16
6866.0 5.01418570242e-16
6868.0 5.18643249922e-16
6870.0 4.69569231453e-16
6872.0 4.54247781866e-16
6874.0 4.7643088654e-16
6876.0 4.72299853917e-16
6878.0 4.76443539095e-16
6880.0 4.72780015719e-16
6882.0 4.60315078867e-16
6884.0 4.71300672676e-16
6886.0 4.82997138887e-16
6888.0 4.64346002784e-16
6890.0 4.63842971092e-16
6892.0 4.74992889293e-16
6894.0 4.7226941367e-16
6896.0 4.48549844169e-16
6898.0 4.39125755598e-16
6900.0 4.58077694276e-16
6902.0 4.78579120913e-16
6904.0 4.69124803853e-16
6906.0 4.6867725282e-16
6908.0 4.77603391897e-16
6910.0 4.59043153017e-16
6912.0 4.54005689261e-16
6914.0 4.79640082619e-16
6916.0 4.66925271048e-16
6918.0 4.7037306572e-16
6920.0 4.74359043951e-16
6922.0 4.69119774595e-16
6924.0 4.58317881056e-16
6926.0 4.62385650906e-16
6928.0 4.61882248638e-16
6930.0 4.76318813493e-16
6932.0 4.66739770832e-16
6934.0 4.68336374998e-16
6936.0 4.68354056811e-16
6938.0 4.56289978301e-16
6940.0 4.45250333202e-16
6942.0 4.59614159103e-16
6944.0 4.68754968093e-16
6946.0 4.78168204054e-16
6948.0 4.7156081767e-16
6950.0 4.79535897566e-16
6952.0 4.7930005183e-16
6954.0 4.59647405146e-16
6956.0 4.64636164508e-16
6958.0 4.7529469772e-16
6960.0 4.75230429095e-16
6962.0 4.71430427536e-16
6964.0 4.79225459991e-16
6966.0 4.74074758518e-16
6968.0 4.66039062827e-16
6970.0 4.58214066581e-16
6972.0 4.4956818953e-16
6974.0 4.61134847941e-16
6976.0 4.77258914185e-16
6978.0 4.76713266149e-16
6980.0 4.76230669127e-16
6982.0 4.73215972989e-16
6984.0 4.73457695016e-16
6986.0 4.78837942418e-16
6988.0 4.77710329807e-16
6990.0 4.75536896204e-16
6992.0 4.73697881796e-16
6994.0 4.75310844286e-16
6996.0 4.81151189397e-16
6998.0 4.86467538751e-16
7000.0 4.83472853766e-16
7002.0 4.82397916016e-16
7004.0 4.7612097836e-16
7006.0 4.61943023252e-16
7008.0 4.82142217945e-16
7010.0 4.70555018985e-16
7012.0 4.63687222909e-16
7014.0 4.7523466426e-16
7016.0 4.62738493068e-16
7018.0 4.63773726149e-16
7020.0 4.69200295665e-16
7022.0 4.79630553498e-16
7024.0 4.71248050754e-16
7026.0 4.74878645725e-16
7028.0 4.76359841651e-16
7030.0 4.63326069236e-16
7032.0 4.57761115712e-16
7034.0 4.62497512195e-16
7036.0 4.8151716057e-16
7038.0 4.70922207767e-16
7040.0 4.71156624136e-16
7042.0 4.73010726318e-16
7044.0 4.76751223813e-16
7046.0 4.88062290032e-16
7048.0 4.71091137901e-16
7050.0 4.85789859453e-16
7052.0 4.82516500629e-16
7054.0 4.726837716e-16
7056.0 4.81126148985e-16
7058.0 4.84367691135e-16
7060.0 4.72077825405e-16
7062.0 4.6803229017e-16
7064.0 4.7450081609e-16
7066.0 4.61561593728e-16
7068.0 4.69396860248e-16
7070.0 4.69836417408e-16
7072.0 4.73723504543e-16
7074.0 4.83425790497e-16
7076.0 4.68534051312e-16
7078.0 4.65168418836e-16
7080.0 4.67749063528e-16
7082.0 4.67636937542e-16
7084.0 4.63459529865e-16
7086.0 4.6950835096e-16
7088.0 4.71794175247e-16
7090.0 4.6520277661e-16
7092.0 4.68743797846e-16
7094.0 4.777975742e-16
7096.0 4.75943366139e-16
7098.0 4.87805427291e-16
7100.0 4.86860562038e-16
7102.0 4.87117742417e-16
7104.0 4.89889763616e-16
7106.0 4.89160097671e-16
7108.0 4.7955585578e-16
7110.0 4.80133744008e-16
7112.0 4.91380647482e-16
7114.0 4.90613023874e-16
7116.0 4.92244250511e-16
7118.0 4.97564252695e-16
7120.0 4.96958677077e-16
7122.0 4.81109261266e-16
7124.0 4.81430339692e-16
7126.0 4.93428984907e-16
7128.0 4.87812256494e-16
7130.0 4.9056786643e-16
7132.0 4.9160902874e-16
7134.0 4.87825703142e-16
7136.0 4.87934282178e-16
7138.0 4.97093143557e-16
7140.0 4.74105569341e-16
7142.0 4.78401191054e-16
7144.0 4.75360395713e-16
7146.0 4.70271421766e-16
7148.0 4.70182800944e-16
7150.0 4.75604394142e-16
7152.0 4.68500593511e-16
7154.0 4.5469527996e-16
7156.0 4.58592055033e-16
7158.0 4.57920622604e-16
7160.0 4.81229963461e-16
7162.0 4.63646565327e-16
7164.0 4.23310697561e-16
7166.0 3.78356700286e-16
7168.0 3.75481526356e-16
7170.0 3.64694085317e-16
7172.0 3.49447968722e-16
7174.0 3.69414282294e-16
7176.0 4.03383479853e-16
7178.0 4.28484904198e-16
7180.0 4.34134693365e-16
7182.0 4.38005872162e-16
7184.0 4.31392106561e-16
7186.0 4.38446514583e-16
7188.0 4.30452641144e-16
7190.0 4.17268838018e-16
7192.0 4.22309478147e-16
7194.0 4.30332918331e-16
7196.0 4.33948743164e-16
7198.0 4.33873992506e-16
7200.0 4.37020243449e-16
7202.0 4.33584704285e-16
7204.0 4.20010683668e-16
7206.0 4.13889097149e-16
7208.0 4.16364259769e-16
7210.0 4.25403663034e-16
7212.0 4.30743014626e-16
7214.0 4.58803177995e-16
7216.0 4.62791697325e-16
7218.0 4.48993001219e-16
7220.0 4.63761655929e-16
7222.0 4.59329079577e-16
7224.0 4.52074136504e-16
7226.0 4.47207296948e-16
7228.0 4.41644990402e-16
7230.0 4.57376668633e-16
7232.0 4.50310508029e-16
7234.0 4.22858090799e-16
7236.0 4.19867349811e-16
7238.0 4.19126963606e-16
7240.0 4.14969196505e-16
7242.0 4.14649812145e-16
7244.0 4.05531793635e-16
7246.0 4.19079000365e-16
7248.0 4.09830697601e-16
7250.0 4.31892623624e-16
7252.0 4.3894176416e-16
7254.0 4.32912663051e-16
7256.0 4.17198693102e-16
7258.0 4.1416877684e-16
7260.0 4.20975189497e-16
7262.0 4.42776599949e-16
7264.0 4.22100340418e-16
7266.0 4.2418271798e-16
7268.0 4.25618782932e-16
7270.0 4.24868788197e-16
7272.0 4.45175000209e-16
7274.0 4.53137162853e-16
7276.0 4.33258781889e-16
7278.0 4.35887151594e-16
7280.0 4.35939879395e-16
7282.0 4.34898399447e-16
7284.0 4.33270058015e-16
7286.0 4.31958612784e-16
7288.0 4.35514933553e-16
7290.0 4.30121265973e-16
7292.0 4.22259185566e-16
7294.0 4.04802974723e-16
7296.0 4.14610875099e-16
7298.0 4.25113210142e-16
7300.0 4.2547730196e-16
7302.0 4.26618175931e-16
7304.0 4.24948753401e-16
7306.0 4.31267751537e-16
7308.0 4.31300071138e-16
7310.0 4.32873964233e-16
7312.0 4.30769113829e-16
7314.0 4.21611920045e-16
7316.0 4.16442319149e-16
7318.0 4.13760109913e-16
7320.0 4.16071715765e-16
7322.0 4.19179479649e-16
7324.0 3.98886767224e-16
7326.0 4.02261981761e-16
7328.0 4.19649000599e-16
7330.0 4.3712940482e-16
7332.0 4.27635171333e-16
7334.0 4.32322625193e-16
7336.0 4.19360903518e-16
7338.0 4.31918643417e-16
7340.0 4.19976881759e-16
7342.0 4.22964605192e-16
7344.0 4.3856822263e-16
7346.0 4.14047545249e-16
7348.0 4.31000406763e-16
7350.0 4.14432309966e-16
7352.0 4.08455089624e-16
7354.0 4.12183040444e-16
7356.0 4.14640653601e-16
7358.0 4.15170869756e-16
7360.0 4.09998198366e-16
7362.0 4.05640266792e-16
7364.0 4.15528767646e-16
7366.0 4.0760887724e-16
7368.0 4.1020662141e-16
7370.0 4.235425993e-16
7372.0 4.27701928117e-16
7374.0 4.08587650281e-16
7376.0 3.96605866316e-16
7378.0 4.0360479368e-16
7380.0 4.17477658109e-16
7382.0 4.11374256328e-16
7384.0 3.99187040404e-16
7386.0 4.09437118448e-16
7388.0 4.22260217887e-16
7390.0 4.26358983849e-16
7392.0 4.21821719518e-16
7394.0 4.17262670559e-16
7396.0 4.27141457004e-16
7398.0 4.26990235153e-16
7400.0 4.21977547111e-16
7402.0 4.23241929073e-16
7404.0 4.39464780535e-16
7406.0 4.4814141547e-16
7408.0 4.36583465616e-16
7410.0 4.31633960938e-16
7412.0 4.3483794247e-16
7414.0 4.25074511324e-16
7416.0 4.17483031474e-16
7418.0 4.18154437434e-16
7420.0 4.23596703529e-16
7422.0 4.19931512557e-16
7424.0 4.27572676184e-16
7426.0 4.28260281648e-16
7428.0 4.24862223692e-16
7430.0 4.17011948807e-16
7432.0 4.16177356656e-16
7434.0 4.22336318504e-16
7436.0 4.15306659725e-16
7438.0 4.19994087116e-16
7440.0 4.3378470994e-16
7442.0 4.16441975042e-16
7444.0 4.16162348291e-16
7446.0 4.230429028e-16
7448.0 4.34689499946e-16
7450.0 4.39552527854e-16
7452.0 4.2913801954e-16
7454.0 4.20477848808e-16
7456.0 4.3537832302e-16
7458.0 4.27989522273e-16
7460.0 4.40103416907e-16
7462.0 4.46063008375e-16
7464.0 4.37372317988e-16
7466.0 4.43859663921e-16
7468.0 4.43667016865e-16
7470.0 4.43792827728e-16
7472.0 4.5218636837e-16
7474.0 4.52294047433e-16
7476.0 4.52809890498e-16
7478.0 4.51162093778e-16
7480.0 4.35409742649e-16
7482.0 4.21732807529e-16
7484.0 4.29792061324e-16
7486.0 4.30864669733e-16
7488.0 4.3628390712e-16
7490.0 4.48403889804e-16
7492.0 4.56303795526e-16
7494.0 4.54417188455e-16
7496.0 4.49059334487e-16
7498.0 4.3146548079e-16
7500.0 4.51107301335e-16
7502.0 4.56741605681e-16
7504.0 4.65471180175e-16
7506.0 4.65542119184e-16
7508.0 4.50080538584e-16
7510.0 4.45388770149e-16
7512.0 4.38967783953e-16
7514.0 4.53778631492e-16
7516.0 4.44458410336e-16
7518.0 4.55392123377e-16
7520.0 4.5774576324e-16
7522.0 4.42360839121e-16
7524.0 4.46294566007e-16
7526.0 4.41867971825e-16
7528.0 4.37052218943e-16
7530.0 4.25946267046e-16
7532.0 4.49668880571e-16
7534.0 4.41347575958e-16
7536.0 3.84529796996e-16
7538.0 3.19624044528e-16
7540.0 3.99101913593e-16
7542.0 4.5856124421e-16
7544.0 4.32322969301e-16
7546.0 4.50695113927e-16
7548.0 4.55040075309e-16
7550.0 4.53565761524e-16
7552.0 4.60484114879e-16
7554.0 4.76375723519e-16
7556.0 4.73999901981e-16
7558.0 4.63555879863e-16
7560.0 4.72758151681e-16
7562.0 4.6485808714e-16
7564.0 4.55591599636e-16
7566.0 4.4750121738e-16
7568.0 4.51419856492e-16
7570.0 4.67638049273e-16
7572.0 4.6143527994e-16
7574.0 4.78767003408e-16
7576.0 4.68967943939e-16
7578.0 4.71578658302e-16
7580.0 4.79884292805e-16
7582.0 4.87370475872e-16
7584.0 4.71606239812e-16
7586.0 4.64714885632e-16
7588.0 4.64844005217e-16
7590.0 4.67809255807e-16
7592.0 4.65227393505e-16
7594.0 4.61980292702e-16
7596.0 4.45584699458e-16
7598.0 4.18500476862e-16
7600.0 4.43709130285e-16
7602.0 4.94881222895e-16
7604.0 4.52167204249e-16
7606.0 4.13094209667e-16
7608.0 4.49078075091e-16
7610.0 4.6403413584e-16
7612.0 4.69589295546e-16
7614.0 4.86653621301e-16
7616.0 4.7007279254e-16
7618.0 4.54022312283e-16
7620.0 5.10562767364e-16
7622.0 4.64699797858e-16
7624.0 4.5362399504e-16
7626.0 4.5468802724e-16
7628.0 4.52465624545e-16
7630.0 4.86372300484e-16
7632.0 4.65225858258e-16
7634.0 4.61627291721e-16
7636.0 4.72628026244e-16
7638.0 4.62560033814e-16
7640.0 4.56179864018e-16
7642.0 4.64494868824e-16
7644.0 4.7380550792e-16
7646.0 4.82908729823e-16
7648.0 4.71455679706e-16
7650.0 4.80221676616e-16
7652.0 4.67114212334e-16
7654.0 4.68934433198e-16
7656.0 4.7377062075e-16
7658.0 4.81399634748e-16
7660.0 4.73133175518e-16
7662.0 4.55495461397e-16
7664.0 4.64074264026e-16
7666.0 4.68538815873e-16
7668.0 4.61551482272e-16
7670.0 4.75110150417e-16
7672.0 4.77488830691e-16
7674.0 4.88129205635e-16
7676.0 4.84012201995e-16
7678.0 4.88108347449e-16
7680.0 4.67736940369e-16
7682.0 4.8316728663e-16
7684.0 4.85834275743e-16
7686.0 4.67474624853e-16
7688.0 4.57077454245e-16
7690.0 4.73281194526e-16
7692.0 4.68692975869e-16
7694.0 4.90223229899e-16
7696.0 4.94800913583e-16
7698.0 4.87689966112e-16
7700.0 4.84222372045e-16
7702.0 4.90813717743e-16
7704.0 4.88799579273e-16
7706.0 4.79513451193e-16
7708.0 4.7134101262e-16
7710.0 4.69238782724e-16
7712.0 4.80350107987e-16
7714.0 4.85500333004e-16
7716.0 4.6306502427e-16
7718.0 4.67243702496e-16
7720.0 4.83274224539e-16
7722.0 4.67494794826e-16
7724.0 4.49319267722e-16
7726.0 4.6140515733e-16
7728.0 4.68430183897e-16
7730.0 4.71883166646e-16
7732.0 4.95265564095e-16
7734.0 4.76708607468e-16
7736.0 4.75243346348e-16
7738.0 4.79512074765e-16
7740.0 4.72686736215e-16
7742.0 4.69889939303e-16
7744.0 4.77871530765e-16
7746.0 4.82122524429e-16
7748.0 4.89378261595e-16
7750.0 4.69138726957e-16
7752.0 5.1495045097e-16
7754.0 4.9763566816e-16
7756.0 4.91208011579e-16
7758.0 4.83181527371e-16
7760.0 4.70133461275e-16
7762.0 4.84361708965e-16
7764.0 5.12036763511e-16
7766.0 4.81084803189e-16
7768.0 4.63635606839e-16
7770.0 4.7577395955e-16
7772.0 4.86480403064e-16
7774.0 4.79378931773e-16
7776.0 4.69699780406e-16
7778.0 4.73424025456e-16
7780.0 4.9596510743e-16
7782.0 4.94983343305e-16
7784.0 4.80066828406e-16
7786.0 4.69686545516e-16
7788.0 4.74298692853e-16
7790.0 4.77907635544e-16
7792.0 4.700823746e-16
7794.0 4.61413839418e-16
7796.0 4.8260279211e-16
7798.0 4.88794497075e-16
7800.0 4.79009784227e-16
7802.0 4.65981252828e-16
7804.0 4.63546350742e-16
7806.0 4.76527712994e-16
7808.0 4.69015007208e-16
7810.0 4.95420518184e-16
7812.0 4.90641452417e-16
7814.0 4.93304153426e-16
7816.0 4.86207393757e-16
7818.0 4.60735736604e-16
7820.0 4.5291778132e-16
7822.0 4.45661938275e-16
7824.0 4.79596248664e-16
7826.0 4.97645144341e-16
7828.0 4.99938697804e-16
7830.0 4.87154270713e-16
7832.0 4.59816441159e-16
7834.0 4.4847763461e-16
7836.0 4.53263053125e-16
7838.0 4.56794756998e-16
7840.0 4.52231578753e-16
7842.0 4.50907507438e-16
7844.0 4.52449742677e-16
7846.0 4.59315579989e-16
7848.0 4.66767775859e-16
7850.0 4.54313373979e-16
7852.0 4.4159959473e-16
7854.0 4.54842028418e-16
7856.0 4.66759781986e-16
7858.0 4.63006261359e-16
7860.0 4.52520152291e-16
7862.0 4.41804179656e-16
7864.0 4.50288643991e-16
7866.0 4.66534047705e-16
7868.0 4.3742250469e-16
7870.0 4.39883558918e-16
7872.0 4.39494611977e-16
7874.0 4.22608719005e-16
7876.0 4.19630974679e-16
7878.0 4.42700525803e-16
7880.0 4.42886793642e-16
7882.0 4.32934182981e-16
7884.0 4.46495895151e-16
7886.0 4.52169851227e-16
7888.0 4.46795480117e-16
7890.0 4.43034442072e-16
7892.0 4.4438821248e-16
7894.0 4.46290542601e-16
7896.0 4.5707798364e-16
7898.0 4.39042984597e-16
7900.0 4.31285962745e-16
7902.0 4.36001818679e-16
7904.0 4.36711288182e-16
7906.0 4.30503674879e-16
7908.0 4.27764873253e-16
7910.0 4.15282386938e-16
7912.0 4.13998126171e-16
7914.0 4.13377462779e-16
7916.0 4.40046215714e-16
7918.0 4.41409859349e-16
7920.0 4.40908336435e-16
7922.0 4.3696849503e-16
7924.0 4.20201954295e-16
7926.0 4.32209413946e-16
7928.0 4.42810348918e-16
7930.0 4.287524872e-16
7932.0 4.29198555926e-16
7934.0 4.35414480739e-16
7936.0 4.45046145322e-16
7938.0 4.46581657237e-16
7940.0 4.31427814294e-16
7942.0 4.28004768866e-16
7944.0 4.3611823277e-16
7946.0 4.37373641477e-16
7948.0 4.36249019951e-16
7950.0 4.27347603648e-16
7952.0 4.18522949705e-16
7954.0 4.26576459558e-16
7956.0 4.10331055844e-16
7958.0 4.31958401026e-16
7960.0 4.36606361975e-16
7962.0 4.27164088666e-16
7964.0 4.19806178151e-16
7966.0 4.25956669669e-16
7968.0 4.38111116006e-16
7970.0 4.39780512066e-16
7972.0 4.58302899161e-16
7974.0 4.3824036794e-16
7976.0 4.36044646782e-16
7978.0 4.4204870748e-16
7980.0 4.48317227746e-16
7982.0 4.47686929354e-16
7984.0 4.54493315541e-16
7986.0 4.72950692857e-16
7988.0 4.68930409792e-16
7990.0 4.44476462726e-16
7992.0 4.35650564704e-16
7994.0 4.39286215402e-16
7996.0 4.45531495201e-16
7998.0 4.2823841761e-16
8000.0 4.25926811758e-16
8002.0 4.21465542164e-16
8004.0 4.35741726625e-16
8006.0 4.36525576208e-16
8008.0 4.32880952255e-16
8010.0 4.31832828392e-16
8012.0 4.39618199378e-16
8014.0 4.47965603194e-16
8016.0 4.54110191951e-16
8018.0 4.44426223084e-16
8020.0 4.47815413664e-16
8022.0 4.52020826368e-16
8024.0 4.48725709385e-16
8026.0 4.43839573359e-16
8028.0 4.44349619542e-16
8030.0 4.4382141509e-16
8032.0 4.29478023859e-16
8034.0 4.2768361103e-16
8036.0 4.32870443752e-16
8038.0 4.40824162536e-16
8040.0 4.51919923568e-16
8042.0 4.56193416545e-16
8044.0 4.50414428384e-16
8046.0 4.31657360223e-16
8048.0 4.40036316016e-16
8050.0 4.4352961224e-16
8052.0 4.42766197326e-16
8054.0 4.51197775041e-16
8056.0 4.6671843619e-16
8058.0 4.40969719854e-16
8060.0 4.58162926966e-16
8062.0 4.47576550373e-16
8064.0 4.50163971329e-16
8066.0 4.45530330531e-16
8068.0 4.46737934816e-16
8070.0 4.59832111268e-16
8072.0 4.52166357216e-16
8074.0 4.34058804507e-16
8076.0 4.12288787213e-16
8078.0 4.05754378012e-16
8080.0 4.03504817322e-16
8082.0 4.08287721208e-16
8084.0 4.32860358766e-16
8086.0 4.54667751389e-16
8088.0 4.46577157374e-16
8090.0 4.37212678747e-16
8092.0 4.49078392728e-16
8094.0 4.40982319469e-16
8096.0 4.37392726188e-16
8098.0 4.49139696738e-16
8100.0 4.52033690681e-16
8102.0 4.55161836295e-16
8104.0 4.55843909576e-16
8106.0 4.4815936198e-16
8108.0 4.45647326957e-16
8110.0 4.38191663545e-16
8112.0 4.30821021066e-16
8114.0 4.31455845791e-16
8116.0 4.42584614638e-16
8118.0 4.53821565474e-16
8120.0 4.59750425528e-16
8122.0 4.64407042095e-16
8124.0 4.58945108954e-16
8126.0 4.4975316035e-16
8128.0 4.37892713855e-16
8130.0 4.33235647301e-16
8132.0 4.40619895247e-16
8134.0 4.41103842227e-16
8136.0 4.25092404895e-16
8138.0 4.28504835942e-16
8140.0 4.33850169705e-16
8142.0 4.31570592285e-16
8144.0 4.27448903494e-16
8146.0 4.39674447659e-16
8148.0 4.36399685936e-16
8150.0 4.28984653637e-16
8152.0 4.28743116898e-16
8154.0 4.22040042261e-16
8156.0 4.13890632396e-16
8158.0 4.13863844979e-16
8160.0 4.19294437902e-16
8162.0 4.03755433196e-16
8164.0 3.94532938466e-16
8166.0 3.81857805094e-16
8168.0 3.66747663758e-16
8170.0 3.62631771848e-16
8172.0 3.80917836751e-16
8174.0 4.02184240018e-16
8176.0 4.26150746093e-16
8178.0 4.198723526e-16
8180.0 4.03735792619e-16
8182.0 3.88239060151e-16
8184.0 3.96638715312e-16
8186.0 4.08105556185e-16
8188.0 4.16156948456e-16
8190.0 4.18325326331e-16
8192.0 4.06895728438e-16
8194.0 4.00853815956e-16
8196.0 4.19270270993e-16
8198.0 4.26124064555e-16
8200.0 4.15044397149e-16
8202.0 3.87890082577e-16
8204.0 3.91669649467e-16
8206.0 4.00659236606e-16
8208.0 4.34304444062e-16
8210.0 4.43979042627e-16
8212.0 4.48378267058e-16
8214.0 4.46439038064e-16
8216.0 4.40851479349e-16
8218.0 4.44686262199e-16
8220.0 4.56367852393e-16
8222.0 4.40507716321e-16
8224.0 4.32185008809e-16
8226.0 4.23531905509e-16
8228.0 4.09382431883e-16
8230.0 3.9598922633e-16
8232.0 3.82519284887e-16
8234.0 3.72295491334e-16
8236.0 3.8507343333e-16
8238.0 4.14200090589e-16
8240.0 4.29397873366e-16
8242.0 4.3368383361e-16
8244.0 4.35637462163e-16
8246.0 4.36587118446e-16
8248.0 4.49910284961e-16
8250.0 4.69845205375e-16
8252.0 4.56617727112e-16
8254.0 4.45009246449e-16
8256.0 4.55237539864e-16
8258.0 4.39691891244e-16
8260.0 4.24696549341e-16
8262.0 4.16438083985e-16
8264.0 4.1099208565e-16
8266.0 4.43161761712e-16
8268.0 4.58850188324e-16
8270.0 4.51018151117e-16
8272.0 4.6363423041e-16
8274.0 4.64441717507e-16
8276.0 4.43872422355e-16
8278.0 4.39324702461e-16
8280.0 4.09916115579e-16
8282.0 4.03544230824e-16
8284.0 4.04949087907e-16
8286.0 4.2305494655e-16
8288.0 4.23168793072e-16
8290.0 4.30453752875e-16
8292.0 4.4964384016e-16
8294.0 4.4164162874e-16
8296.0 4.29056227921e-16
8298.0 4.289446578e-16
8300.0 4.07085199121e-16
8302.0 4.12176872985e-16
8304.0 4.18370589654e-16
8306.0 4.10617194162e-16
8308.0 4.10573969012e-16
8310.0 4.36451037309e-16
8312.0 4.36159578565e-16
8314.0 4.67324329445e-16
8316.0 4.54163872664e-16
8318.0 4.40457026693e-16
8320.0 4.39072551341e-16
8322.0 4.46727876299e-16
8324.0 4.49011106548e-16
8326.0 4.49845857518e-16
8328.0 4.47283476973e-16
8330.0 4.59216053618e-16
8332.0 4.60085850575e-16
8334.0 4.53373432106e-16
8336.0 4.41534029086e-16
8338.0 4.4273453947e-16
8340.0 4.52366151113e-16
8342.0 4.2354132875e-16
8344.0 4.06238669099e-16
8346.0 4.11754044726e-16
8348.0 4.30191119721e-16
8350.0 4.56448161704e-16
8352.0 4.46054485106e-16
8354.0 4.25193651802e-16
8356.0 4.44521090774e-16
8358.0 4.25976072018e-16
8360.0 4.41209933104e-16
8362.0 4.4234180735e-16
8364.0 4.37423245844e-16
8366.0 4.2714193346e-16
8368.0 4.21242163694e-16
8370.0 4.36139143896e-16
8372.0 4.29167136297e-16
8374.0 4.46511194684e-16
8376.0 4.47330540241e-16
8378.0 4.45227992708e-16
8380.0 4.41831496469e-16
8382.0 4.31487556587e-16
8384.0 4.32953002995e-16
8386.0 4.44189953831e-16
8388.0 4.52825984124e-16
8390.0 4.5685584925e-16
8392.0 4.52098912218e-16
8394.0 4.48498863373e-16
8396.0 4.55559253566e-16
8398.0 4.61417386369e-16
8400.0 4.44208853254e-16
8402.0 4.24027816829e-16
8404.0 4.16121875998e-16
8406.0 4.27004025908e-16
8408.0 4.34494523549e-16
8410.0 4.37920401244e-16
8412.0 4.53988430965e-16
8414.0 4.54651657763e-16
8416.0 4.67260643155e-16
8418.0 4.455604002e-16
8420.0 4.35933500178e-16
8422.0 4.42714845954e-16
8424.0 4.45912660027e-16
8426.0 4.29455736304e-16
8428.0 4.12542500051e-16
8430.0 4.24100476375e-16
8432.0 4.95930749656e-16
8434.0 4.35173393987e-16
8436.0 4.46751169705e-16
8438.0 4.51851578597e-16
8440.0 4.29936056925e-16
8442.0 4.54680668641e-16
8444.0 4.45230374988e-16
8446.0 4.52078159911e-16
8448.0 4.46816020666e-16
8450.0 4.40527251018e-16
8452.0 4.36519514628e-16
8454.0 4.42152495486e-16
8456.0 4.52683259072e-16
8458.0 4.36999067626e-16
8460.0 4.27303266767e-16
8462.0 4.25542814665e-16
8464.0 4.26561133556e-16
8466.0 4.17489278342e-16
8468.0 4.07972280845e-16
8470.0 4.17448382533e-16
8472.0 4.29225158054e-16
8474.0 3.80377323852e-16
8476.0 4.18445419721e-16
8478.0 4.35793263286e-16
8480.0 4.31438825722e-16
8482.0 4.31114623862e-16
8484.0 4.26788164856e-16
8486.0 4.17408466105e-16
8488.0 4.24830724654e-16
8490.0 4.39213952903e-16
8492.0 4.24668650194e-16
8494.0 4.44742695769e-16
8496.0 4.61007581241e-16
8498.0 4.67448313893e-16
8500.0 4.50131731138e-16
8502.0 4.22708589484e-16
8504.0 4.12019192508e-16
8506.0 3.93177950448e-16
8508.0 4.10908758784e-16
8510.0 4.2240278412e-16
8512.0 4.24684902638e-16
8514.0 4.31657360223e-16
8516.0 4.46392080675e-16
8518.0 4.47356268867e-16
8520.0 4.39586806219e-16
8522.0 4.3187028313e-16
8524.0 4.23289204099e-16
8526.0 4.19593519941e-16
8528.0 4.17663528901e-16
8530.0 4.28036241434e-16
8532.0 4.48492510626e-16
8534.0 4.43611536207e-16
8536.0 4.52504058665e-16
8538.0 4.38924691152e-16
8540.0 4.29684567549e-16
8542.0 4.23373060361e-16
8544.0 4.10361866668e-16
8546.0 3.92511361988e-16
8548.0 3.99379978628e-16
8550.0 4.17230589186e-16
8552.0 4.28685121611e-16
8554.0 4.41983141836e-16
8556.0 4.34372047879e-16
8558.0 4.18743919425e-16
8560.0 4.08249975302e-16
8562.0 4.1461068981e-16
8564.0 4.03308914484e-16
8566.0 4.06117993374e-16
8568.0 4.21872170918e-16
8570.0 4.32767661598e-16
8572.0 4.3093709105e-16
8574.0 4.29762706338e-16
8576.0 4.34330702083e-16
8578.0 4.27880969707e-16
8580.0 4.00591341621e-16
8582.0 4.00239796478e-16
8584.0 3.90488991418e-16
8586.0 4.00247763882e-16
8588.0 4.06369641569e-16
8590.0 4.1486056453e-16
8592.0 4.41579212999e-16
8594.0 4.30181325903e-16
8596.0 4.34997131724e-16
8598.0 4.29462406689e-16
8600.0 3.87679727239e-16
8602.0 3.87796856013e-16
8604.0 3.87722290644e-16
8606.0 3.75174953369e-16
8608.0 3.82977159134e-16
8610.0 3.93957247229e-16
8612.0 4.17915415324e-16
8614.0 4.21505299773e-16
8616.0 4.21765921223e-16
8618.0 4.13471642255e-16
8620.0 3.92079454595e-16
8622.0 3.85415422882e-16
8624.0 3.83623471743e-16
8626.0 3.74762342444e-16
8628.0 3.72748574552e-16
8630.0 3.79416047335e-16
8632.0 4.03394253053e-16
8634.0 4.30390331283e-16
8636.0 4.29786767368e-16
8638.0 3.98959162071e-16
8640.0 4.2053404415e-16
8642.0 4.01343480409e-16
8644.0 3.92315062103e-16
8646.0 3.94929667523e-16
8648.0 3.95331690535e-16
8650.0 4.04490604854e-16
8652.0 4.30984657244e-16
8654.0 4.30143844695e-16
8656.0 4.27767996687e-16
8658.0 4.16527869477e-16
8660.0 3.92441217073e-16
8662.0 3.72579326781e-16
8664.0 3.74631158216e-16
8666.0 4.08493338456e-16
8668.0 4.17420139278e-16
8670.0 4.1973174513e-16
8672.0 4.2833331177e-16
8674.0 3.99797407052e-16
8676.0 4.10889488785e-16
8678.0 4.21658718616e-16
8680.0 4.2575354058e-16
8682.0 4.11837530411e-16
8684.0 3.92090545432e-16
8686.0 3.97355887521e-16
8688.0 3.98905534298e-16
8690.0 4.08195421087e-16
8692.0 4.21103091472e-16
8694.0 4.25176419976e-16
8696.0 4.03734813237e-16
8698.0 3.84536149743e-16
8700.0 3.93419328368e-16
8702.0 3.93611975424e-16
8704.0 4.05667980651e-16
8706.0 4.08268821785e-16
8708.0 4.03986011446e-16
8710.0 4.02686107039e-16
8712.0 3.93319934346e-16
8714.0 3.71449834815e-16
8716.0 3.9225420808e-16
8718.0 3.96736468209e-16
8720.0 3.98990264062e-16
8722.0 4.02487371934e-16
8724.0 4.00836001794e-16
8726.0 3.91364717606e-16
8728.0 3.92184380801e-16
8730.0 3.97145029257e-16
8732.0 3.87513391144e-16
8734.0 3.96114746025e-16
8736.0 4.16262721695e-16
8738.0 3.96627836233e-16
8740.0 3.79448234587e-16
8742.0 3.83150774419e-16
8744.0 3.85488347125e-16
8746.0 3.93835724471e-16
8748.0 3.8158810451e-16
8750.0 3.98939786193e-16
8752.0 4.05887812171e-16
8754.0 4.14523604235e-16
8756.0 4.22983292857e-16
8758.0 4.11678526445e-16
8760.0 3.72341442872e-16
8762.0 3.47812824557e-16
8764.0 4.124320946e-16
8766.0 4.07447226296e-16
8768.0 4.1977507616e-16
8770.0 4.12685039814e-16
8772.0 3.7323516851e-16
8774.0 3.63040729943e-16
8776.0 3.30817584926e-16
8778.0 3.34126122088e-16
8780.0 3.54604678835e-16
8782.0 3.57106761222e-16
8784.0 3.77988188014e-16
8786.0 3.90783705944e-16
8788.0 3.86197340172e-16
8790.0 3.96657667675e-16
8792.0 3.99097651958e-16
8794.0 4.03660936083e-16
8796.0 4.06838130198e-16
8798.0 4.12887983614e-16
8800.0 3.92229723534e-16
8802.0 3.7644306757e-16
8804.0 3.84828481989e-16
8806.0 3.87879388786e-16
8808.0 3.81137244754e-16
8810.0 3.79968445166e-16
8812.0 3.79968445166e-16
8814.0 3.79649934308e-16
8816.0 3.69920516829e-16
8818.0 3.40142729461e-16
8820.0 3.18328931152e-16
8822.0 3.16274161571e-16
8824.0 3.08911460026e-16
8826.0 2.99002418623e-16
8828.0 2.76292538864e-16
8830.0 2.71795217431e-16
8832.0 3.1128767861e-16
8834.0 3.87432023041e-16
8836.0 3.80029510948e-16
8838.0 3.91715865702e-16
8840.0 4.3705499827e-16
8842.0 4.32522869076e-16
8844.0 3.98191326705e-16
8846.0 3.74376889514e-16
8848.0 3.81567802189e-16
8850.0 3.88448144941e-16
8852.0 3.84556293246e-16
8854.0 3.73833094361e-16
8856.0 3.8248405361e-16
8858.0 3.95595911875e-16
8860.0 3.93796125681e-16
8862.0 3.9770309162e-16
8864.0 4.15765883932e-16
8866.0 4.3865348179e-16
8868.0 4.88866441936e-16
8870.0 5.00835282179e-16
8872.0 3.9944700011e-16
8874.0 4.17215183774e-16
8876.0 3.98465156575e-16
8878.0 3.85436228129e-16
8880.0 4.11059689467e-16
8882.0 4.17542562008e-16
8884.0 3.91922382923e-16
8886.0 4.32705245858e-16
8888.0 5.43943277024e-16
8890.0 5.20959567396e-16
8892.0 4.63431577778e-16
8894.0 4.06838130198e-16
8896.0 3.91697283917e-16
8898.0 4.02324265152e-16
8900.0 3.68741896953e-16
8902.0 3.55117636694e-16
8904.0 3.50216968759e-16
8906.0 3.49213922931e-16
8908.0 3.59431284327e-16
8910.0 3.907181403e-16
8912.0 4.16140007797e-16
8914.0 4.30460635017e-16
8916.0 4.36598103404e-16
8918.0 4.25639402891e-16
8920.0 4.71288284819e-16
8922.0 4.41845128405e-16
8924.0 3.91732144617e-16
8926.0 3.53539879011e-16
8928.0 3.61116429906e-16
8930.0 3.92451381468e-16
8932.0 4.05049037795e-16
8934.0 4.15071158096e-16
8936.0 4.08881014848e-16
8938.0 4.02267169838e-16
8940.0 3.95570553826e-16
8942.0 3.70841109294e-16
8944.0 3.18829157047e-16
8946.0 2.75554534939e-16
8948.0 2.92688952671e-16
8950.0 3.19476528447e-16
8952.0 3.4068813927e-16
8954.0 3.64904864172e-16
8956.0 3.88902683996e-16
8958.0 4.30875389994e-16
8960.0 5.09448866099e-16
8962.0 4.92684813523e-16
8964.0 4.69826305952e-16
8966.0 3.94820241454e-16
8968.0 4.07183534352e-16
8970.0 4.10672833639e-16
8972.0 3.8418222232e-16
8974.0 3.61226835356e-16
8976.0 3.74085192542e-16
8978.0 4.02108218811e-16
8980.0 4.09317395635e-16
8982.0 4.30084843556e-16
8984.0 4.40273405832e-16
8986.0 4.4314640924e-16
8988.0 4.5477691276e-16
8990.0 4.92751305609e-16
8992.0 4.95116486296e-16
8994.0 4.45920336263e-16
8996.0 4.18723325937e-16
8998.0 3.97128485644e-16
9000.0 3.73482078614e-16
9002.0 3.63438808959e-16
9004.0 3.68897301029e-16
9006.0 3.69840895732e-16
9008.0 4.53871487479e-16
9010.0 4.50106373089e-16
9012.0 4.72166922683e-16
9014.0 4.74082381815e-16
9016.0 4.69075517124e-16
9018.0 4.37898643085e-16
9020.0 4.18825605165e-16
9022.0 4.18131382256e-16
9024.0 3.88188317584e-16
9026.0 4.03780976533e-16
9028.0 4.20596856937e-16
9030.0 4.54798406221e-16
9032.0 4.70588794424e-16
9034.0 4.60576653229e-16
9036.0 4.41800923873e-16
9038.0 4.43706642125e-16
9040.0 4.56163611574e-16
9042.0 4.44977747412e-16
9044.0 4.08499479445e-16
9046.0 3.93173371176e-16
9048.0 3.7893032688e-16
9050.0 3.66546652251e-16
9052.0 3.81885730712e-16
9054.0 4.41273831152e-16
9056.0 4.63062483171e-16
9058.0 4.4811494569e-16
9060.0 4.62096124457e-16
9062.0 4.71542235885e-16
9064.0 4.65845198161e-16
9066.0 4.36956557159e-16
9068.0 4.2556624042e-16
9070.0 4.09865002435e-16
9072.0 4.02473739998e-16
9074.0 4.1123354298e-16
9076.0 4.51784768874e-16
9078.0 4.58969884667e-16
9080.0 4.49695985626e-16
9082.0 4.58353721138e-16
9084.0 4.51729870551e-16
9086.0 4.64657922666e-16
9088.0 4.281904279e-16
9090.0 4.33540155646e-16
9092.0 4.3145595167e-16
9094.0 4.21845065864e-16
9096.0 4.39692711807e-16
9098.0 4.41866992443e-16
9100.0 4.54731755316e-16
9102.0 4.78325434545e-16
9104.0 4.83430555058e-16
9106.0 4.80468110264e-16
9108.0 4.47343404554e-16
9110.0 4.42366794822e-16
9112.0 4.35586454898e-16
9114.0 4.11924589516e-16
9116.0 4.1400781411e-16
9118.0 4.28366557813e-16
9120.0 4.62838654714e-16
9122.0 4.82381028297e-16
9124.0 4.64129744684e-16
9126.0 4.43337018123e-16
9128.0 4.67102406813e-16
9130.0 4.50226069432e-16
9132.0 4.4011514302e-16
9134.0 4.50696172718e-16
9136.0 4.63254547892e-16
9138.0 4.36366042846e-16
9140.0 4.48450953072e-16
9142.0 4.55157495251e-16
9144.0 4.73934786323e-16
9146.0 5.02583081726e-16
9148.0 4.98415679625e-16
9150.0 4.38724553148e-16
9152.0 4.28068375746e-16
9154.0 4.19542803844e-16
9156.0 4.25243335579e-16
9158.0 4.23896420844e-16
9160.0 4.11530322149e-16
9162.0 4.32809722078e-16
9164.0 4.42809845993e-16
9166.0 4.76231886737e-16
9168.0 4.74752278997e-16
9170.0 4.84392996244e-16
9172.0 4.86555524298e-16
9174.0 4.71972105106e-16
9176.0 4.6391052197e-16
9178.0 4.36472663119e-16
9180.0 4.29998155028e-16
9182.0 3.97221050464e-16
9184.0 4.34746092335e-16
9186.0 4.30332362465e-16
9188.0 4.41814423461e-16
9190.0 4.64193166276e-16
9192.0 4.73330269497e-16
9194.0 4.98375180863e-16
9196.0 4.592541701e-16
9198.0 4.38975274901e-16
9200.0 4.20261352481e-16
9202.0 4.18046440733e-16
9204.0 4.28131241473e-16
9206.0 4.38052511914e-16
9208.0 4.24719128063e-16
9210.0 4.3848052825e-16
9212.0 4.7782759093e-16
9214.0 4.92502542621e-16
9216.0 4.79733362122e-16
9218.0 4.7038148311e-16
9220.0 4.51325359379e-16
9222.0 4.47140116647e-16
9224.0 4.60432763507e-16
9226.0 4.44808023185e-16
9228.0 4.55961858913e-16
9230.0 4.86235981119e-16
9232.0 5.56370309151e-16
9234.0 5.61310734695e-16
9236.0 5.11663116102e-16
9238.0 5.1440046189e-16
9240.0 5.12434868996e-16
9242.0 4.72904158985e-16
9244.0 4.62183157092e-16
9246.0 4.46571545781e-16
9248.0 4.46113936231e-16
9250.0 4.40308001834e-16
9252.0 4.4916823116e-16
9254.0 4.85997753102e-16
9256.0 5.00125045053e-16
9258.0 5.11455963607e-16
9260.0 4.87604151087e-16
9262.0 4.7330951719e-16
9264.0 4.94456277053e-16
9266.0 4.97516924729e-16
9268.0 4.7463898834e-16
9270.0 4.54560019386e-16
9272.0 4.32624010104e-16
9274.0 4.20382213494e-16
9276.0 4.36071434199e-16
9278.0 4.6053329573e-16
9280.0 4.77031909356e-16
9282.0 5.03781421588e-16
9284.0 5.1410013577e-16
9286.0 5.21076987338e-16
9288.0 5.37334249513e-16
9290.0 4.8606165115e-16
9292.0 4.4696801014e-16
9294.0 4.60288714966e-16
9296.0 4.70144525643e-16
9298.0 4.69025912757e-16
9300.0 4.26535749037e-16
9302.0 4.22540374035e-16
9304.0 4.32298511224e-16
9306.0 4.18059569744e-16
9308.0 5.18816309341e-16
9310.0 5.07533036391e-16
9312.0 5.60691924188e-16
9314.0 6.53998744317e-16
9316.0 6.98123284578e-16
9318.0 5.0867404271e-16
9320.0 4.75197235992e-16
9322.0 4.30709715643e-16
9324.0 2.91294021756e-16
9326.0 2.70019862843e-16
9328.0 3.45589733647e-16
9330.0 4.27295299363e-16
9332.0 4.90095486743e-16
9334.0 4.61509607081e-16
9336.0 4.65795646733e-16
9338.0 5.22432981208e-16
9340.0 5.66350686611e-16
9342.0 5.3728898619e-16
9344.0 4.64322921136e-16
9346.0 4.30906333166e-16
9348.0 4.70021494107e-16
9350.0 5.05180614138e-16
9352.0 4.36106056671e-16
9354.0 4.65105897216e-16
9356.0 4.4416486048e-16
9358.0 4.63127016493e-16
9360.0 4.92121007218e-16
9362.0 5.00867840008e-16
9364.0 5.44004845731e-16
9366.0 5.14272930491e-16
9368.0 5.11969742029e-16
9370.0 4.62609532302e-16
9372.0 3.78588549086e-16
9374.0 2.00522993278e-16
9376.0 7.28390564345e-17
9378.0 -1.32252018615e-17
9380.0 2.81119283322e-17
9382.0 2.2825682397e-16
9384.0 2.93855555267e-16
9386.0 5.01138572914e-16
9388.0 4.80899408853e-16
9390.0 4.9556631373e-16
9392.0 4.80854463167e-16
9394.0 4.29837245238e-16
9396.0 4.60237892989e-16
9398.0 4.76524166043e-16
9400.0 4.43760958113e-16
9402.0 4.03178259652e-16
9404.0 3.39265309207e-16
9406.0 3.54557086171e-16
9408.0 3.98232646031e-16
9410.0 4.42715348879e-16
9412.0 4.64470463687e-16
9414.0 4.79607313032e-16
9416.0 4.93256719581e-16
9418.0 4.69570237305e-16
9420.0 5.55235443821e-16
9422.0 5.69128425282e-16
9424.0 5.32574877262e-16
9426.0 4.8817060437e-16
9428.0 4.16320531694e-16
9430.0 3.9580192617e-16
9432.0 4.04533247669e-16
9434.0 4.72732793632e-16
9436.0 4.52114423509e-16
9438.0 4.13790761917e-16
9440.0 5.30850582879e-16
9442.0 7.75420282031e-16
9444.0 6.39178949992e-16
9446.0 4.87724535644e-16
9448.0 4.20244332412e-16
9450.0 4.86284579634e-16
9452.0 4.11428360558e-16
9454.0 3.75111981763e-16
9456.0 3.81199078159e-16
9458.0 3.9181094515e-16
9460.0 3.21796842857e-16
9462.0 3.62140201571e-16
9464.0 4.80995547093e-16
9466.0 4.22489763816e-16
9468.0 4.41831655287e-16
9470.0 4.94332874941e-16
9472.0 5.03854954636e-16
9474.0 4.42604043456e-16
9476.0 4.30235218374e-16
9478.0 4.19341607049e-16
9480.0 4.84048730291e-16
9482.0 5.06327867325e-16
9484.0 4.201305653e-16
9486.0 3.85504917207e-16
9488.0 3.4445682708e-16
9490.0 4.114029231e-16
9492.0 4.47521757929e-16
9494.0 4.72202074551e-16
9496.0 4.96466497995e-16
9498.0 5.54053409343e-16
9500.0 4.80267839912e-16
9502.0 4.74598066061e-16
9504.0 5.09003220889e-16
9506.0 4.61842120452e-16
9508.0 4.13921204991e-16
9510.0 4.00176163128e-16
9512.0 3.74799876592e-16
9514.0 4.05132576419e-16
9516.0 4.38487357453e-16
9518.0 4.35277420221e-16
9520.0 4.81845544655e-16
9522.0 5.27231687551e-16
9524.0 4.15962792622e-16
9526.0 5.05225665703e-16
9528.0 3.97646737459e-16
9530.0 4.13505126526e-16
9532.0 4.41677918807e-16
9534.0 4.32146601159e-16
9536.0 4.24723072061e-16
9538.0 5.0587094599e-16
9540.0 5.45730569482e-16
9542.0 5.45880282556e-16
9544.0 4.89659053017e-16
9546.0 4.68975990752e-16
9548.0 4.81877520149e-16
9550.0 4.80221835435e-16
9552.0 4.57361951436e-16
9554.0 4.58684011048e-16
9556.0 3.58829599767e-16
9558.0 3.37345879609e-16
9560.0 4.54109397858e-16
9562.0 4.27508857545e-16
9564.0 5.05981272031e-16
9566.0 5.05340703365e-16
9568.0 6.44766032252e-16
9570.0 8.18455961438e-16
9572.0 6.59314617215e-16
9574.0 5.26066011397e-16
9576.0 3.76925241075e-16
9578.0 4.5405624654e-16
9580.0 4.77214656714e-16
9582.0 4.64736590851e-16
9584.0 4.46913852971e-16
9586.0 4.31860568721e-16
9588.0 4.67923817013e-16
9590.0 4.28074543205e-16
9592.0 4.99457159574e-16
9594.0 4.51110954164e-16
9596.0 4.92910653683e-16
9598.0 4.66453579575e-16
9600.0 4.65344866387e-16
9602.0 5.05563102453e-16
9604.0 5.03252608331e-16
9606.0 4.80761765999e-16
9608.0 4.16447295468e-16
9610.0 3.75011899526e-16
9612.0 3.930984617e-16
9614.0 4.86154401258e-16
9616.0 4.5809759955e-16
9618.0 4.5002209331e-16
9620.0 5.30218113965e-16
9622.0 5.64418869156e-16
9624.0 5.31739491018e-16
9626.0 4.27752326578e-16
9628.0 4.24872996892e-16
9630.0 4.35664990734e-16
9632.0 4.55211864178e-16
9634.0 4.51725847144e-16
9636.0 4.47035825715e-16
9638.0 4.71956593815e-16
9640.0 4.90764272194e-16
9642.0 5.41831623886e-16
9644.0 4.61246444532e-16
9646.0 4.82060849843e-16
9648.0 4.97243915422e-16
9650.0 5.12859708959e-16
9652.0 4.72745605005e-16
9654.0 4.0026242814e-16
9656.0 4.11587496873e-16
9658.0 4.42485591192e-16
9660.0 4.40327271834e-16
9662.0 4.52896764315e-16
9664.0 4.40156753513e-16
9666.0 4.46525541304e-16
9668.0 4.80260322494e-16
9670.0 4.87713365397e-16
9672.0 4.18153881568e-16
9674.0 3.68949075918e-16
9676.0 4.30349382534e-16
9678.0 3.98259909904e-16
9680.0 4.63355450691e-16
9682.0 5.31194319437e-16
9684.0 5.30845288923e-16
9686.0 5.2056511474e-16
9688.0 5.15177879316e-16
9690.0 4.15065625912e-16
9692.0 4.18054911062e-16
9694.0 4.3675234281e-16
9696.0 3.94974957316e-16
9698.0 3.76223077231e-16
9700.0 4.13713761329e-16
9702.0 4.32134319181e-16
9704.0 4.7685964403e-16
9706.0 5.34822955643e-16
9708.0 5.59563517483e-16
9710.0 5.46964749426e-16
9712.0 4.64858934173e-16
9714.0 4.17452670637e-16
9716.0 4.04939267619e-16
9718.0 3.3629010598e-16
9720.0 3.42366323297e-16
9722.0 4.29124149375e-16
9724.0 4.14101887707e-16
9726.0 4.90148426302e-16
9728.0 5.12662085584e-16
9730.0 4.85299427377e-16
9732.0 4.51059867489e-16
9734.0 4.39662933305e-16
9736.0 4.28484348333e-16
9738.0 4.30432444702e-16
9740.0 4.30419792147e-16
9742.0 4.5453672598e-16
9744.0 4.57991826311e-16
9746.0 4.70683132718e-16
9748.0 4.90455581625e-16
9750.0 5.33981004894e-16
9752.0 4.66241768399e-16
9754.0 5.19922693189e-16
9756.0 3.99610503938e-16
9758.0 4.00680015383e-16
9760.0 3.91123869081e-16
9762.0 4.0209519568e-16
9764.0 4.26555019037e-16
9766.0 3.95631196091e-16
9768.0 4.58643671104e-16
9770.0 5.36092552152e-16
9772.0 5.0466635926e-16
9774.0 4.33426944398e-16
9776.0 4.69422800632e-16
9778.0 4.88019408989e-16
9780.0 4.46493936387e-16
9782.0 4.66705836575e-16
9784.0 4.60378500459e-16
9786.0 4.35744479482e-16
9788.0 4.33002527952e-16
9790.0 4.99720428002e-16
9792.0 5.72068529581e-16
9794.0 6.07478053727e-16
9796.0 5.47112450796e-16
9798.0 4.64257117264e-16
9800.0 3.93259292081e-16
9802.0 4.62188027532e-16
9804.0 4.38391907428e-16
9806.0 3.94300004406e-16
9808.0 4.08337166756e-16
9810.0 4.3733719259e-16
9812.0 4.85444164132e-16
9814.0 4.7984289407e-16
9816.0 4.78568268303e-16
9818.0 5.42209400581e-16
9820.0 5.45857042089e-16
9822.0 4.67962833468e-16
9824.0 4.91552912808e-16
9826.0 4.67558269357e-16
9828.0 3.63715841672e-16
9830.0 4.04759961332e-16
9832.0 4.61921370972e-16
9834.0 4.13666115725e-16
9836.0 4.39593053087e-16
9838.0 4.47558762681e-16
9840.0 5.00582548723e-16
9842.0 5.47693409519e-16
9844.0 5.29913235044e-16
9846.0 4.87349988263e-16
9848.0 5.14915404982e-16
9850.0 5.89009612043e-16
9852.0 5.08326282746e-16
9854.0 4.91709031568e-16
9856.0 4.48128498217e-16
9858.0 4.25257152804e-16
9860.0 4.81691702296e-16
9862.0 5.10038506909e-16
9864.0 4.65950336125e-16
9866.0 4.81251139285e-16
9868.0 5.23705489392e-16
9870.0 5.89571247827e-16
9872.0 6.00433016007e-16
9874.0 6.47203263679e-16
9876.0 6.62197917367e-16
9878.0 5.60259990324e-16
9880.0 6.11055338561e-16
9882.0 4.80511573642e-16
9884.0 4.66534100645e-16
9886.0 4.2866484576e-16
9888.0 4.63723592386e-16
9890.0 5.57527462036e-16
9892.0 6.64179021552e-16
9894.0 5.9067821401e-16
9896.0 5.34377998648e-16
9898.0 5.8877096051e-16
9900.0 5.57402683495e-16
9902.0 5.057159919e-16
9904.0 4.34510590706e-16
9906.0 4.12818923959e-16
9908.0 4.2153931344e-16
9910.0 4.246378129e-16
9912.0 4.31933784131e-16
9914.0 4.17935797054e-16
9916.0 4.20445635086e-16
9918.0 4.6837703258e-16
9920.0 4.26958656706e-16
