# DICHROIC = D55
# HA = -03:18:44.9
# ANGLE = 27 deg  17 min
# OBSERVER = De
# OBSLST = 01:40:37.7
# OBJECT = ZTF19abudvrs
# CASSPA = -79.00
# PARALLAC = 281.90
# HOURANG = E03:18:44.9
# CCDTEMP = 161.54
# LAMPS = 0000000
# RA = 04:58:04.23
# GRATING = 600/4000
# APERTURE = 1.5
# TELFOCUS = 43.48 mm
# AIRMASS = 1.316
# DEC = +35:33:59.1
# UTSHUT = 2019-10-05T08:33:09.325
# EXPTIME = 1200
3600.000 -7.0178e-18
3601.525 2.896e-18
3603.050 1.1676e-17
3604.575 2.7697e-18
3606.100 1.0272e-17
3607.625 1.5935e-18
3609.150 4.299e-18
3610.675 3.3679e-18
3612.200 -1.4455e-17
3613.725 1.4101e-17
3615.250 6.6561e-18
3616.775 -1.7121e-17
3618.300 1.0018e-17
3619.825 2.4007e-17
3621.350 4.3185e-17
3622.875 1.4598e-17
3624.400 2.9991e-18
3625.925 5.11e-18
3627.450 2.0685e-18
3628.975 -3.7197e-18
3630.500 1.5028e-17
3632.025 7.5411e-18
3633.550 -4.6936e-18
3635.075 2.2427e-18
3636.600 2.703e-17
3638.125 2.4536e-17
3639.650 3.7451e-18
3641.175 1.9881e-17
3642.700 2.2672e-17
3644.225 -1.0932e-18
3645.750 9.6847e-18
3647.275 5.3214e-18
3648.800 -2.7393e-18
3650.325 2.2406e-17
3651.850 2.5071e-17
3653.375 9.6018e-18
3654.900 5.9098e-18
3656.425 9.1949e-18
3657.950 1.5005e-17
3659.475 -2.7282e-18
3661.000 1.2032e-17
3662.525 3.3465e-18
3664.050 -8.0395e-18
3665.575 -1.4109e-17
3667.100 8.853e-18
3668.625 7.4676e-19
3670.150 -4.7428e-18
3671.675 6.0864e-18
3673.200 -2.6197e-19
3674.725 -1.2673e-17
3676.250 -4.3698e-18
3677.775 -1.7972e-18
3679.300 3.9229e-18
3680.825 9.279e-18
3682.350 1.5487e-17
3683.875 1.0374e-17
3685.400 2.8588e-18
3686.925 -6.0344e-18
3688.450 5.9922e-18
3689.975 2.6604e-18
3691.500 1.2198e-17
3693.025 5.4314e-18
3694.550 8.6173e-18
3696.075 2.1069e-17
3697.600 -7.391e-19
3699.125 4.7856e-18
3700.650 -4.3352e-18
3702.175 1.5896e-17
3703.700 2.2177e-17
3705.225 1.4285e-18
3706.750 -1.3659e-17
3708.275 -1.2259e-17
3709.800 1.7966e-17
3711.325 1.0584e-17
3712.850 1.0618e-18
3714.375 5.2888e-18
3715.900 -2.9354e-18
3717.425 6.0336e-18
3718.950 -1.8881e-18
3720.475 -4.5343e-18
3722.000 1.9906e-18
3723.525 6.735e-18
3725.050 -1.1424e-17
3726.575 -1.1792e-17
3728.100 -5.0727e-19
3729.625 2.3591e-18
3731.150 2.749e-17
3732.675 2.2847e-17
3734.200 7.7203e-18
3735.725 -1.0583e-17
3737.250 -2.8096e-18
3738.775 -1.585e-17
3740.300 -5.0992e-18
3741.825 -1.0284e-17
3743.350 -8.5744e-18
3744.875 1.77e-17
3746.400 -3.4723e-18
3747.925 -9.9437e-18
3749.450 -3.9623e-18
3750.975 6.945e-18
3752.500 -3.6762e-18
3754.025 -5.5267e-18
3755.550 1.3774e-18
3757.075 -3.757e-18
3758.600 8.5083e-20
3760.125 6.4884e-18
3761.650 -9.7693e-18
3763.175 6.0585e-18
3764.700 8.5419e-20
3766.225 7.8873e-18
3767.750 2.7409e-18
3769.275 7.1338e-19
3770.800 4.1999e-19
3772.325 -1.1249e-17
3773.850 -7.8193e-19
3775.375 1.0436e-17
3776.900 -2.587e-18
3778.425 9.8318e-18
3779.950 -1.1893e-19
3781.475 6.229e-18
3783.000 1.216e-17
3784.525 1.6144e-17
3786.050 1.3925e-17
3787.575 2.3084e-18
3789.100 -4.3105e-18
3790.625 -1.1589e-17
3792.150 -3.9171e-18
3793.675 -3.6957e-18
3795.200 -8.2408e-19
3796.725 1.6101e-18
3798.250 -2.4402e-19
3799.775 -3.1668e-18
3801.300 6.8248e-18
3802.825 8.1481e-18
3804.350 1.8277e-17
3805.875 2.1106e-17
3807.400 1.4953e-17
3808.925 2.8581e-17
3810.450 1.9991e-17
3811.975 1.6298e-17
3813.500 -9.2582e-18
3815.025 -1.2242e-18
3816.550 -4.9101e-18
3818.075 -4.5724e-18
3819.600 -1.2367e-17
3821.125 -1.0416e-17
3822.650 1.8424e-17
3824.175 1.1742e-17
3825.700 1.102e-18
3827.225 9.9772e-18
3828.750 -6.1429e-18
3830.275 -5.5485e-18
3831.800 2.2119e-17
3833.325 1.5298e-17
3834.850 -6.8541e-18
3836.375 8.1592e-18
3837.900 6.5429e-18
3839.425 1.0672e-17
3840.950 7.8331e-18
3842.475 1.2566e-17
3844.000 -1.6512e-18
3845.525 9.8487e-19
3847.050 2.9897e-18
3848.575 9.3088e-18
3850.100 5.0633e-18
3851.625 5.8953e-18
3853.150 2.5652e-18
3854.675 -1.4228e-18
3856.200 -7.4698e-18
3857.725 -1.0355e-17
3859.250 1.4089e-18
3860.775 -5.1197e-18
3862.300 4.6371e-18
3863.825 3.7918e-19
3865.350 -1.9805e-18
3866.875 -1.0035e-18
3868.400 2.7862e-18
3869.925 5.3671e-18
3871.450 -7.4606e-18
3872.975 -7.2211e-18
3874.500 4.1189e-18
3876.025 4.8338e-18
3877.550 -9.4546e-18
3879.075 -3.6925e-18
3880.600 1.5851e-19
3882.125 1.5198e-18
3883.650 1.7774e-18
3885.175 1.2365e-18
3886.700 -3.374e-18
3888.225 -1.6727e-18
3889.750 1.9474e-17
3891.275 1.1037e-17
3892.800 1.2129e-19
3894.325 -2.6615e-18
3895.850 -2.736e-21
3897.375 -1.237e-18
3898.900 1.3252e-17
3900.425 1.5027e-17
3901.950 -4.3145e-18
3903.475 2.454e-18
3905.000 9.371e-18
3906.525 4.359e-18
3908.050 1.4129e-17
3909.575 2.0444e-17
3911.100 -1.4457e-18
3912.625 -4.5497e-18
3914.150 -5.9557e-18
3915.675 -1.2359e-18
3917.200 7.4365e-18
3918.725 5.6656e-18
3920.250 8.491e-18
3921.775 -8.4249e-18
3923.300 8.3488e-18
3924.825 1.6988e-17
3926.350 9.3553e-18
3927.875 7.7278e-18
3929.400 -2.0068e-18
3930.925 -1.1352e-18
3932.450 4.1098e-18
3933.975 8.1378e-18
3935.500 2.2983e-18
3937.025 6.939e-18
3938.550 5.086e-18
3940.075 4.9476e-18
3941.600 1.7863e-17
3943.125 2.0979e-17
3944.650 4.4537e-18
3946.175 -5.7472e-18
3947.700 1.8833e-18
3949.225 -4.3092e-18
3950.750 1.9516e-18
3952.275 5.0796e-18
3953.800 -1.8528e-18
3955.325 5.3459e-18
3956.850 6.7771e-18
3958.375 1.0956e-17
3959.900 1.1358e-17
3961.425 1.1048e-17
3962.950 2.4558e-18
3964.475 1.9281e-18
3966.000 8.6122e-18
3967.525 7.1771e-18
3969.050 7.7111e-19
3970.575 1.0695e-17
3972.100 6.6903e-18
3973.625 -7.1217e-18
3975.150 -6.7698e-18
3976.675 1.5621e-18
3978.200 3.0638e-18
3979.725 -2.6485e-18
3981.250 -2.4049e-18
3982.775 3.4712e-18
3984.300 9.3138e-18
3985.825 2.6963e-18
3987.350 6.5325e-19
3988.875 1.816e-18
3990.400 1.8846e-18
3991.925 -6.6942e-18
3993.450 -4.7217e-18
3994.975 2.2779e-18
3996.500 3.8837e-18
3998.025 1.0773e-17
3999.550 5.4591e-18
4001.075 9.5225e-18
4002.600 1.3737e-17
4004.125 1.5554e-17
4005.650 7.9099e-18
4007.175 9.6831e-19
4008.700 5.5379e-18
4010.225 -6.6232e-18
4011.750 -6.1663e-18
4013.275 -6.2983e-18
4014.800 -6.254e-18
4016.325 6.6471e-19
4017.850 3.2067e-18
4019.375 -1.2123e-18
4020.900 -2.6063e-18
4022.425 3.9075e-18
4023.950 -3.6047e-19
4025.475 3.3196e-18
4027.000 -2.7462e-18
4028.525 -4.0641e-19
4030.050 -5.1937e-18
4031.575 -7.2163e-18
4033.100 3.6527e-18
4034.625 6.3794e-18
4036.150 1.6082e-18
4037.675 -1.175e-17
4039.200 -7.1847e-18
4040.725 4.524e-18
4042.250 7.9489e-18
4043.775 1.7646e-18
4045.300 3.2508e-18
4046.825 1.6278e-17
4048.350 5.9854e-18
4049.875 -1.6013e-17
4051.400 -5.312e-18
4052.925 8.4784e-18
4054.450 3.6111e-18
4055.975 7.4481e-18
4057.500 5.9911e-18
4059.025 -1.146e-19
4060.550 1.4499e-17
4062.075 1.1594e-17
4063.600 6.4696e-18
4065.125 2.8971e-18
4066.650 1.4566e-17
4068.175 1.0478e-17
4069.700 6.9897e-18
4071.225 8.2131e-18
4072.750 1.955e-17
4074.275 4.9155e-18
4075.800 -7.3443e-18
4077.325 -7.3401e-19
4078.850 7.0957e-18
4080.375 -4.2694e-18
4081.900 -9.7e-19
4083.425 -6.5433e-18
4084.950 4.4435e-18
4086.475 1.8721e-17
4088.000 7.7387e-18
4089.525 5.9224e-18
4091.050 1.6083e-18
4092.575 3.9057e-18
4094.100 6.62e-18
4095.625 5.8555e-18
4097.150 7.4298e-18
4098.675 6.9315e-18
4100.200 6.5505e-18
4101.725 -2.8668e-18
4103.250 -3.7831e-18
4104.775 9.0005e-18
4106.300 1.6126e-18
4107.825 1.4422e-20
4109.350 4.2146e-18
4110.875 1.2277e-17
4112.400 -1.3769e-18
4113.925 -4.1904e-18
4115.450 1.815e-18
4116.975 -7.543e-18
4118.500 -7.8628e-18
4120.025 8.1014e-19
4121.550 -8.5058e-18
4123.075 -1.1021e-17
4124.600 5.4664e-18
4126.125 1.6293e-18
4127.650 2.6929e-19
4129.175 3.7022e-18
4130.700 7.3832e-18
4132.225 9.474e-18
4133.750 -4.0055e-18
4135.275 8.8787e-18
4136.800 3.7815e-18
4138.325 4.8167e-18
4139.850 1.3958e-17
4141.375 5.5994e-18
4142.900 9.2737e-18
4144.425 1.0484e-17
4145.950 -1.1264e-18
4147.475 2.5487e-18
4149.000 4.6143e-18
4150.525 -2.3259e-19
4152.050 -9.7622e-18
4153.575 -4.8902e-19
4155.100 5.7903e-18
4156.625 -7.1643e-18
4158.150 -3.1771e-18
4159.675 -2.0364e-18
4161.200 5.6798e-18
4162.725 2.0441e-17
4164.250 1.4196e-17
4165.775 -5.7606e-19
4167.300 1.4474e-18
4168.825 5.7263e-18
4170.350 5.2197e-19
4171.875 1.4519e-17
4173.400 1.5645e-17
4174.925 1.2429e-17
4176.450 8.6136e-19
4177.975 3.1376e-18
4179.500 3.6141e-18
4181.025 -6.8961e-18
4182.550 -8.8766e-19
4184.075 2.5738e-18
4185.600 7.7577e-18
4187.125 -3.6787e-18
4188.650 1.5526e-17
4190.175 2.8954e-17
4191.700 6.7983e-18
4193.225 7.0719e-18
4194.750 5.5654e-18
4196.275 1.3205e-17
4197.800 4.7497e-18
4199.325 1.2252e-17
4200.850 1.1989e-17
4202.375 -1.224e-18
4203.900 1.6243e-18
4205.425 1.1834e-17
4206.950 6.968e-18
4208.475 6.4654e-18
4210.000 1.8307e-17
4211.525 1.0025e-17
4213.050 5.1104e-18
4214.575 -4.8967e-18
4216.100 1.4204e-18
4217.625 1.0067e-20
4219.150 3.2502e-18
4220.675 7.022e-18
4222.200 1.1959e-17
4223.725 5.4771e-18
4225.250 1.391e-17
4226.775 5.9856e-18
4228.300 6.0268e-18
4229.825 7.184e-18
4231.350 4.9783e-18
4232.875 -5.9283e-18
4234.400 1.0443e-17
4235.925 1.4024e-17
4237.450 7.8857e-18
4238.975 1.1633e-17
4240.500 1.0021e-17
4242.025 -2.6263e-18
4243.550 -3.052e-18
4245.075 7.3489e-18
4246.600 1.7659e-17
4248.125 1.0637e-17
4249.650 2.8711e-18
4251.175 6.9045e-18
4252.700 2.7936e-18
4254.225 -1.6247e-18
4255.750 7.4088e-18
4257.275 3.6772e-18
4258.800 3.9296e-18
4260.325 3.8921e-18
4261.850 8.3227e-18
4263.375 2.6887e-18
4264.900 2.1705e-18
4266.425 1.0908e-17
4267.950 3.9019e-18
4269.475 1.4891e-17
4271.000 3.4285e-18
4272.525 -2.315e-18
4274.050 1.5536e-18
4275.575 2.4002e-18
4277.100 7.9987e-18
4278.625 3.7993e-19
4280.150 -2.1936e-18
4281.675 -1.8173e-18
4283.200 2.9448e-19
4284.725 8.3449e-18
4286.250 4.1663e-18
4287.775 -3.9116e-18
4289.300 -1.2659e-18
4290.825 9.6932e-18
4292.350 1.4179e-17
4293.875 1.0253e-17
4295.400 2.3761e-18
4296.925 3.8151e-18
4298.450 2.0618e-18
4299.975 -3.6132e-18
4301.500 6.2022e-18
4303.025 1.0826e-17
4304.550 1.0226e-17
4306.075 2.6299e-18
4307.600 5.0247e-18
4309.125 1.4728e-17
4310.650 4.7615e-18
4312.175 -1.4749e-18
4313.700 -2.525e-18
4315.225 9.8461e-18
4316.750 -2.6641e-18
4318.275 -4.6607e-18
4319.800 7.6669e-18
4321.325 1.4525e-17
4322.850 8.295e-18
4324.375 2.9136e-18
4325.900 2.8562e-18
4327.425 1.0582e-17
4328.950 1.1732e-17
4330.475 7.4116e-18
4332.000 6.6632e-18
4333.525 1.6897e-17
4335.050 -3.2066e-18
4336.575 -8.5875e-18
4338.100 7.3834e-19
4339.625 4.2405e-18
4341.150 1.9253e-18
4342.675 4.1717e-18
4344.200 2.7499e-18
4345.725 2.4695e-18
4347.250 4.5661e-18
4348.775 6.1594e-18
4350.300 -9.7395e-18
4351.825 -4.7121e-18
4353.350 3.0238e-18
4354.875 -4.0048e-18
4356.400 -1.2713e-17
4357.925 2.0508e-17
4359.450 1.6173e-17
4360.975 -8.5241e-18
4362.500 -1.7365e-17
4364.025 -4.9586e-18
4365.550 2.984e-18
4367.075 -7.4813e-20
4368.600 -4.6171e-18
4370.125 3.8097e-18
4371.650 1.198e-17
4373.175 1.479e-17
4374.700 6.3414e-18
4376.225 9.8588e-18
4377.750 1.2552e-17
4379.275 9.6555e-18
4380.800 4.5741e-18
4382.325 5.6379e-18
4383.850 1.375e-17
4385.375 -2.3312e-18
4386.900 1.9568e-17
4388.425 1.1841e-17
4389.950 2.1679e-17
4391.475 1.0483e-17
4393.000 6.1287e-18
4394.525 2.0575e-18
4396.050 -7.6711e-18
4397.575 1.4328e-18
4399.100 1.5707e-17
4400.625 5.2576e-18
4402.150 2.7246e-18
4403.675 8.4143e-18
4405.200 1.3942e-17
4406.725 2.6978e-17
4408.250 -2.7069e-18
4409.775 2.2697e-18
4411.300 1.4131e-17
4412.825 2.1128e-17
4414.350 8.4303e-18
4415.875 4.6423e-18
4417.400 1.5035e-19
4418.925 5.1485e-18
4420.450 2.225e-17
4421.975 1.4124e-17
4423.500 -1.1888e-17
4425.025 -2.1759e-17
4426.550 9.6239e-18
4428.075 1.6643e-17
4429.600 1.7647e-17
4431.125 -1.7041e-18
4432.650 3.2544e-18
4434.175 -2.0109e-18
4435.700 3.8792e-18
4437.225 1.0065e-17
4438.750 1.3084e-17
4440.275 1.214e-17
4441.800 3.9055e-19
4443.325 3.5109e-18
4444.850 1.7075e-17
4446.375 7.5866e-18
4447.900 -5.6324e-18
4449.425 4.2323e-19
4450.950 -5.7685e-18
4452.475 -4.9957e-18
4454.000 6.996e-18
4455.525 5.3151e-18
4457.050 1.1054e-17
4458.575 -1.5969e-19
4460.100 -3.9288e-18
4461.625 1.2977e-17
4463.150 6.5692e-18
4464.675 -1.7947e-20
4466.200 1.2146e-17
4467.725 1.5104e-17
4469.250 1.3466e-17
4470.775 9.1649e-18
4472.300 9.7944e-18
4473.825 1.1455e-17
4475.350 -5.8562e-18
4476.875 -1.5821e-17
4478.400 2.1846e-18
4479.925 7.3637e-18
4481.450 -1.6938e-18
4482.975 5.0369e-18
4484.500 1.9748e-17
4486.025 1.0461e-17
4487.550 5.4791e-18
4489.075 1.1533e-18
4490.600 -2.4823e-18
4492.125 9.9234e-18
4493.650 7.1799e-18
4495.175 -1.4745e-18
4496.700 2.9977e-18
4498.225 -2.1267e-18
4499.750 3.0055e-18
4501.275 -4.3369e-18
4502.800 4.5491e-18
4504.325 9.7534e-18
4505.850 5.1691e-18
4507.375 -6.046e-20
4508.900 2.0463e-18
4510.425 -3.9875e-19
4511.950 8.9647e-18
4513.475 2.0658e-17
4515.000 3.1197e-18
4516.525 1.434e-17
4518.050 1.8161e-17
4519.575 4.1861e-18
4521.100 -3.3183e-18
4522.625 -3.5951e-18
4524.150 -5.2182e-18
4525.675 -3.0637e-18
4527.200 -1.5501e-18
4528.725 -1.4074e-18
4530.250 1.7098e-17
4531.775 1.5003e-17
4533.300 -7.3971e-18
4534.825 -1.1671e-17
4536.350 2.8145e-18
4537.875 -3.1374e-19
4539.400 1.3683e-17
4540.925 1.2628e-17
4542.450 1.0288e-17
4543.975 5.2773e-18
4545.500 -5.7132e-18
4547.025 3.2305e-19
4548.550 1.2778e-17
4550.075 1.0411e-17
4551.600 1.8346e-18
4553.125 1.4577e-17
4554.650 1.4496e-17
4556.175 4.2505e-18
4557.700 4.7219e-18
4559.225 2.1555e-18
4560.750 5.6025e-18
4562.275 4.0132e-18
4563.800 -5.5812e-18
4565.325 3.9471e-18
4566.850 1.4831e-17
4568.375 1.3742e-17
4569.900 7.5132e-18
4571.425 1.5495e-17
4572.950 1.418e-17
4574.475 2.7436e-18
4576.000 3.8118e-19
4577.525 1.5996e-17
4579.050 1.2935e-17
4580.575 9.9423e-18
4582.100 1.2478e-17
4583.625 2.7887e-18
4585.150 5.101e-18
4586.675 -1.7288e-17
4588.200 -1.6204e-17
4589.725 2.8597e-19
4591.250 8.13e-18
4592.775 1.1066e-17
4594.300 1.1952e-17
4595.825 -1.0411e-18
4597.350 -4.8522e-18
4598.875 8.2423e-18
4600.400 3.2632e-19
4601.925 -6.1382e-19
4603.450 3.4904e-18
4604.975 5.252e-18
4606.500 -3.9349e-18
4608.025 6.9004e-18
4609.550 2.8906e-18
4611.075 8.4375e-18
4612.600 1.9246e-18
4614.125 -7.1017e-19
4615.650 1.5116e-17
4617.175 9.2211e-18
4618.700 2.5347e-18
4620.225 8.6946e-18
4621.750 1.1676e-18
4623.275 2.6833e-18
4624.800 -4.5386e-18
4626.325 -2.6632e-18
4627.850 1.3885e-18
4629.375 4.3521e-18
4630.900 1.4197e-17
4632.425 1.1096e-17
4633.950 7.7261e-18
4635.475 -2.4708e-18
4637.000 -6.2447e-19
4638.525 2.7404e-18
4640.050 1.0749e-17
4641.575 9.582e-18
4643.100 4.8186e-18
4644.625 1.0984e-17
4646.150 5.0585e-18
4647.675 8.0059e-18
4649.200 7.199e-18
4650.725 1.3788e-17
4652.250 4.041e-18
4653.775 -8.8271e-18
4655.300 5.4609e-18
4656.825 -1.2155e-18
4658.350 3.7416e-18
4659.875 3.8255e-18
4661.400 -3.5818e-19
4662.925 -1.1464e-18
4664.450 -2.0928e-18
4665.975 -7.5298e-18
4667.500 1.1323e-17
4669.025 1.9005e-17
4670.550 6.0146e-18
4672.075 2.3338e-19
4673.600 8.3145e-18
4675.125 9.6713e-18
4676.650 1.4262e-17
4678.175 1.57e-17
4679.700 9.5713e-19
4681.225 -4.1804e-18
4682.750 4.3957e-18
4684.275 7.7684e-18
4685.800 4.1526e-18
4687.325 6.2814e-19
4688.850 -4.4363e-18
4690.375 5.0186e-18
4691.900 1.5666e-18
4693.425 -1.4669e-18
4694.950 -5.26e-18
4696.475 -9.0582e-18
4698.000 9.2812e-18
4699.525 -2.8252e-19
4701.050 1.3541e-17
4702.575 4.7075e-18
4704.100 -3.9085e-18
4705.625 -3.5078e-18
4707.150 -6.4301e-18
4708.675 1.0518e-17
4710.200 1.3173e-17
4711.725 5.5737e-18
4713.250 -4.4115e-18
4714.775 4.0512e-18
4716.300 8.5747e-18
4717.825 3.5941e-18
4719.350 -3.2037e-19
4720.875 4.009e-18
4722.400 6.4979e-18
4723.925 -4.7703e-18
4725.450 1.3273e-17
4726.975 1.1978e-17
4728.500 1.0791e-17
4730.025 4.3362e-18
4731.550 -2.1585e-19
4733.075 2.304e-18
4734.600 2.9599e-18
4736.125 1.3256e-17
4737.650 1.8972e-17
4739.175 -1.0757e-17
4740.700 2.2282e-18
4742.225 3.9569e-18
4743.750 2.7743e-18
4745.275 -1.2557e-18
4746.800 4.5521e-18
4748.325 3.2388e-18
4749.850 2.0485e-17
4751.375 3.3335e-18
4752.900 2.8379e-18
4754.425 9.8263e-18
4755.950 1.1232e-17
4757.475 1.4294e-17
4759.000 1.3222e-17
4760.525 1.1548e-17
4762.050 2.2711e-18
4763.575 3.6144e-18
4765.100 1.6034e-18
4766.625 1.3955e-17
4768.150 2.7531e-18
4769.675 1.3158e-18
4771.200 6.5187e-18
4772.725 -4.4991e-18
4774.250 1.3342e-18
4775.775 8.5095e-20
4777.300 6.4548e-18
4778.825 4.3558e-18
4780.350 7.2513e-18
4781.875 2.5533e-18
4783.400 -2.6271e-18
4784.925 1.927e-18
4786.450 -5.8238e-18
4787.975 -4.0414e-18
4789.500 1.4882e-18
4791.025 -3.9181e-18
4792.550 5.791e-19
4794.075 1.7927e-18
4795.600 3.0811e-18
4797.125 -7.0738e-18
4798.650 5.4476e-18
4800.175 -2.1558e-18
4801.700 7.2071e-18
4803.225 1.1995e-17
4804.750 9.0176e-18
4806.275 -9.1974e-18
4807.800 7.1112e-18
4809.325 2.7141e-18
4810.850 -4.1247e-19
4812.375 2.0946e-17
4813.900 2.7965e-18
4815.425 1.0136e-17
4816.950 -6.7461e-18
4818.475 6.5332e-18
4820.000 8.0789e-18
4821.525 5.6503e-18
4823.050 8.7723e-18
4824.575 -6.1885e-18
4826.100 -1.2319e-17
4827.625 -7.6842e-18
4829.150 1.1854e-17
4830.675 5.2135e-18
4832.200 -2.518e-18
4833.725 -4.0445e-18
4835.250 -1.2435e-18
4836.775 2.9273e-18
4838.300 3.2007e-18
4839.825 -8.7311e-18
4841.350 1.0928e-17
4842.875 1.1332e-17
4844.400 7.9116e-18
4845.925 4.4422e-18
4847.450 6.8032e-18
4848.975 3.0884e-18
4850.500 -8.7054e-19
4852.025 4.823e-18
4853.550 4.4615e-18
4855.075 5.2219e-19
4856.600 -2.327e-18
4858.125 1.0503e-17
4859.650 -9.6893e-18
4861.175 1.0779e-17
4862.700 -1.9491e-18
4864.225 -9.6322e-19
4865.750 4.1899e-18
4867.275 5.3305e-18
4868.800 -5.2227e-18
4870.325 -5.2036e-18
4871.850 2.811e-18
4873.375 5.1635e-18
4874.900 6.6234e-18
4876.425 5.6643e-18
4877.950 2.2085e-18
4879.475 5.9238e-18
4881.000 6.2841e-19
4882.525 -8.7128e-18
4884.050 -5.0792e-18
4885.575 2.5728e-18
4887.100 1.4472e-17
4888.625 1.3066e-17
4890.150 7.2998e-18
4891.675 7.2436e-18
4893.200 1.7546e-18
4894.725 -2.5188e-18
4896.250 2.5063e-18
4897.775 6.8438e-20
4899.300 1.1294e-17
4900.825 -3.3716e-18
4902.350 2.3025e-18
4903.875 -1.2286e-18
4905.400 8.5554e-18
4906.925 6.5742e-18
4908.450 -4.452e-18
4909.975 1.6165e-17
4911.500 1.1178e-17
4913.025 -3.1708e-18
4914.550 4.7141e-18
4916.075 -6.9876e-20
4917.600 -5.53e-18
4919.125 5.7713e-18
4920.650 6.717e-18
4922.175 1.6387e-17
4923.700 1.3985e-17
4925.225 3.5313e-18
4926.750 -2.5138e-18
4928.275 -1.8502e-18
4929.800 1.2863e-18
4931.325 3.8406e-18
4932.850 -1.8423e-18
4934.375 3.7108e-18
4935.900 3.4851e-18
4937.425 -4.1686e-18
4938.950 -2.9499e-18
4940.475 7.3865e-18
4942.000 2.2264e-18
4943.525 -6.0757e-18
4945.050 -4.7783e-18
4946.575 -4.405e-19
4948.100 6.301e-18
4949.625 1.2328e-17
4951.150 1.2331e-17
4952.675 8.1758e-18
4954.200 -2.8332e-18
4955.725 3.1486e-18
4957.250 5.8142e-18
4958.775 -4.6682e-18
4960.300 1.0164e-18
4961.825 -9.7979e-18
4963.350 5.0363e-18
4964.875 2.1536e-17
4966.400 2.4327e-17
4967.925 1.0158e-17
4969.450 5.6737e-18
4970.975 5.4162e-18
4972.500 1.5605e-17
4974.025 8.5577e-18
4975.550 -4.6958e-18
4977.075 -1.0724e-17
4978.600 -3.8529e-18
4980.125 1.109e-18
4981.650 8.1296e-18
4983.175 2.9145e-18
4984.700 3.7604e-18
4986.225 1.0387e-17
4987.750 8.7849e-18
4989.275 -5.6701e-18
4990.800 -2.4841e-18
4992.325 -1.6687e-18
4993.850 3.2814e-18
4995.375 6.7341e-18
4996.900 8.7853e-18
4998.425 1.0445e-17
4999.950 3.9315e-18
5001.475 1.5463e-17
5003.000 1.3739e-17
5004.525 6.8369e-18
5006.050 -1.0664e-17
5007.575 -9.0377e-19
5009.100 5.1784e-18
5010.625 5.2223e-18
5012.150 7.0467e-19
5013.675 8.862e-18
5015.200 1.5761e-17
5016.725 7.7545e-18
5018.250 4.0158e-19
5019.775 4.1883e-18
5021.300 2.1356e-17
5022.825 9.3582e-18
5024.350 -1.0812e-18
5025.875 -2.1652e-18
5027.400 -6.9295e-18
5028.925 -4.9983e-18
5030.450 8.6934e-18
5031.975 2.6441e-18
5033.500 7.8777e-18
5035.025 5.5071e-18
5036.550 3.1293e-18
5038.075 2.1009e-18
5039.600 1.6903e-18
5041.125 5.3352e-18
5042.650 8.6924e-18
5044.175 7.8649e-18
5045.700 -7.7223e-18
5047.225 5.3702e-18
5048.750 9.191e-18
5050.275 1.0266e-18
5051.800 -4.7618e-19
5053.325 -9.7527e-18
5054.850 -9.8888e-19
5056.375 -1.573e-18
5057.900 -4.8402e-18
5059.425 1.449e-17
5060.950 8.5398e-18
5062.475 2.9772e-18
5064.000 -3.5148e-18
5065.525 9.3875e-19
5067.050 6.8447e-18
5068.575 5.5289e-18
5070.100 3.395e-18
5071.625 -3.5303e-18
5073.150 -3.8415e-18
5074.675 -6.9081e-18
5076.200 4.0471e-19
5077.725 1.4969e-17
5079.250 1.6441e-17
5080.775 3.8209e-18
5082.300 2.3157e-18
5083.825 -3.8821e-18
5085.350 -1.4755e-18
5086.875 -5.1095e-19
5088.400 -1.0555e-17
5089.925 -5.7363e-18
5091.450 2.1406e-18
5092.975 -4.9685e-18
5094.500 3.5391e-18
5096.025 9.108e-18
5097.550 8.694e-18
5099.075 1.0574e-17
5100.600 6.1773e-19
5102.125 -4.1029e-18
5103.650 -2.5527e-18
5105.175 6.707e-18
5106.700 2.0435e-18
5108.225 9.1629e-18
5109.750 1.1844e-18
5111.275 1.2146e-17
5112.800 2.4486e-17
5114.325 1.1205e-17
5115.850 8.6996e-18
5117.375 1.647e-18
5118.900 -8.6457e-18
5120.425 -4.7249e-18
5121.950 6.9284e-18
5123.475 1.6518e-17
5125.000 1.2859e-17
5126.525 -5.8891e-18
5128.050 -8.232e-18
5129.575 -8.6699e-18
5131.100 -9.0977e-18
5132.625 -1.784e-19
5134.150 8.0901e-18
5135.675 -6.5658e-18
5137.200 -6.9282e-18
5138.725 7.5608e-18
5140.250 7.9629e-18
5141.775 4.0223e-18
5143.300 4.7167e-18
5144.825 1.234e-17
5146.350 1.2845e-17
5147.875 1.0673e-17
5149.400 8.1331e-18
5150.925 -8.5262e-18
5152.450 -1.1074e-17
5153.975 -1.4226e-18
5155.500 9.4624e-18
5157.025 6.7322e-19
5158.550 4.2752e-18
5160.075 3.9012e-19
5161.600 1.7211e-17
5163.125 2.3183e-18
5164.650 4.3188e-18
5166.175 -1.2276e-18
5167.700 4.3817e-18
5169.225 1.2941e-17
5170.750 2.1221e-18
5172.275 -2.503e-18
5173.800 3.495e-18
5175.325 8.4328e-20
5176.850 -8.1275e-18
5178.375 -9.6036e-18
5179.900 -8.3783e-18
5181.425 9.4926e-18
5182.950 1.1805e-17
5184.475 7.5847e-19
5186.000 -2.4276e-18
5187.525 -7.4078e-19
5189.050 4.3566e-18
5190.575 3.9052e-18
5192.100 9.0351e-18
5193.625 9.0952e-18
5195.150 -4.0967e-18
5196.675 2.8202e-18
5198.200 6.6835e-18
5199.725 9.2959e-18
5201.250 5.537e-18
5202.775 2.6333e-18
5204.300 6.4682e-18
5205.825 -4.1499e-18
5207.350 6.1654e-18
5208.875 1.2469e-17
5210.400 2.1719e-18
5211.925 -2.8633e-18
5213.450 2.702e-18
5214.975 -2.1316e-18
5216.500 2.1946e-18
5218.025 8.8202e-18
5219.550 -2.405e-18
5221.075 -9.6775e-18
5222.600 -2.5506e-18
5224.125 -3.7875e-18
5225.650 -1.0396e-18
5227.175 1.2536e-17
5228.700 7.7078e-18
5230.225 2.1387e-18
5231.750 3.6729e-18
5233.275 1.2768e-17
5234.800 -5.5757e-20
5236.325 1.0314e-18
5237.850 8.9074e-18
5239.375 3.5979e-18
5240.900 -9.8526e-18
5242.425 -1.2536e-18
5243.950 -2.3391e-18
5245.475 5.9345e-20
5247.000 1.3895e-17
5248.525 1.3705e-17
5250.050 6.2099e-18
5251.575 2.5188e-18
5253.100 9.6467e-19
5254.625 6.2568e-18
5256.150 4.5318e-18
5257.675 -2.6898e-18
5259.200 1.31e-19
5260.725 1.9671e-18
5262.250 -3.81e-18
5263.775 6.3277e-18
5265.300 4.125e-18
5266.825 1.0737e-17
5268.350 4.3449e-18
5269.875 1.003e-17
5271.400 6.7026e-18
5272.925 1.5385e-17
5274.450 1.5027e-17
5275.975 1.0186e-18
5277.500 1.9842e-18
5279.025 5.0351e-18
5280.550 2.0514e-19
5282.075 -7.778e-18
5283.600 1.1841e-17
5285.125 4.1818e-18
5286.650 -2.0609e-18
5288.175 4.1361e-18
5289.700 8.9056e-18
5291.225 9.5338e-18
5292.750 3.2066e-18
5294.275 7.9768e-18
5295.800 3.284e-18
5297.325 3.5744e-18
5298.850 3.2907e-18
5300.375 1.2107e-17
5301.900 2.3725e-18
5303.425 -5.2101e-18
5304.950 -1.4823e-17
5306.475 -9.0995e-18
5308.000 -8.1311e-18
5309.525 9.5745e-18
5311.050 5.5956e-18
5312.575 4.5608e-18
5314.100 1.0491e-17
5315.625 -7.1477e-18
5317.150 -6.8659e-18
5318.675 1.3882e-18
5320.200 3.7102e-18
5321.725 -7.925e-19
5323.250 9.4447e-18
5324.775 -4.8268e-19
5326.300 -9.543e-18
5327.825 -1.8937e-17
5329.350 -1.6506e-17
5330.875 -4.2684e-18
5332.400 -4.3676e-19
5333.925 -1.0457e-17
5335.450 -8.1035e-18
5336.975 -1.5026e-17
5338.500 -1.0857e-17
5340.025 1.2263e-17
5341.550 8.6401e-18
5343.075 -2.2466e-18
5344.600 4.982e-18
5346.125 1.4769e-17
5347.650 1.3152e-17
5349.175 -2.0752e-19
5350.700 -3.7944e-18
5352.225 1.0351e-17
5353.750 -1.2211e-18
5355.275 9.0369e-19
5356.800 4.5622e-18
5358.325 -5.0322e-18
5359.850 3.4125e-18
5361.375 -8.9466e-18
5362.900 -5.2232e-18
5364.425 -7.5231e-18
5365.950 1.2566e-18
5367.475 1.7456e-17
5369.000 6.3391e-18
5370.525 -7.7769e-18
5372.050 1.3597e-18
5373.575 1.6032e-17
5375.100 -8.5594e-19
5376.625 -8.5397e-18
5378.150 -1.9596e-19
5379.675 -1.5884e-17
5381.200 -1.778e-18
5382.725 -8.3136e-18
5384.250 -1.1567e-17
5385.775 -2.118e-19
5387.300 9.9758e-18
5388.825 2.7501e-18
5390.350 1.131e-17
5391.875 -1.0629e-18
5393.400 1.3405e-18
5394.925 -3.3333e-18
5396.450 -2.8537e-18
5397.975 4.9853e-19
5399.500 3.7223e-18
5401.025 8.9843e-18
5402.550 1.7689e-19
5404.075 -1.3214e-17
5405.600 -7.4293e-18
5407.125 -9.5248e-18
5408.650 -1.1397e-17
5410.175 -5.6186e-18
5411.700 4.9213e-18
5413.225 1.4911e-17
5414.750 1.2758e-17
5416.275 -4.0209e-18
5417.800 2.4177e-18
5419.325 9.7125e-18
5420.850 2.8981e-17
5422.375 1.0791e-17
5423.900 -7.2161e-19
5425.425 1.4269e-18
5426.950 -8.2272e-18
5428.475 7.152e-18
5430.000 -4.7695e-18
5431.525 1.2136e-17
5433.050 1.7509e-17
5434.575 -2.3765e-18
5436.100 1.3313e-17
5437.625 1.3511e-17
5439.150 5.217e-18
5440.675 7.6718e-18
5442.200 1.8915e-18
5443.725 1.526e-17
5445.250 2.8858e-17
5446.775 1.737e-17
5448.300 1.5378e-19
5449.825 -1.6021e-17
5451.350 1.3366e-17
5452.875 7.6679e-18
5454.400 -6.2029e-18
5455.925 -1.061e-17
5457.450 -1.723e-17
5458.975 -1.2583e-17
5460.500 4.1822e-17
5462.025 5.3558e-17
5463.550 -8.1315e-18
5465.075 -2.1524e-17
5466.600 -9.7189e-18
5468.125 -1.4944e-18
5469.650 -4.447e-18
5471.175 -5.4072e-18
5472.700 -1.0839e-18
5474.225 2.4172e-18
5475.750 -4.0851e-18
5477.275 1.1599e-17
5478.800 -9.0381e-18
5480.325 -1.3163e-17
5481.850 1.7284e-17
5483.375 1.3338e-17
5484.900 1.514e-17
5486.425 1.9204e-17
5487.950 -5.7208e-18
5489.475 -9.724e-18
5491.000 5.5107e-18
5492.525 -4.6004e-18
5494.050 -5.2819e-18
5495.575 -1.4915e-17
5497.100 -1.4701e-18
5498.625 -2.9157e-18
5500.150 -5.0588e-20
5501.675 4.9949e-18
5503.200 1.2479e-18
5504.725 2.9261e-19
5506.250 4.1541e-18
5507.775 3.8112e-18
5509.300 5.1983e-18
5510.825 2.1033e-18
5512.350 -1.1893e-18
5513.875 2.9677e-18
5515.400 -6.6964e-19
5516.925 1.1057e-18
5518.450 6.0034e-18
5519.975 4.8263e-18
5521.500 1.5951e-18
5523.025 -1.6629e-18
5524.550 8.1735e-19
5526.075 2.701e-18
5527.600 1.7827e-18
5529.125 6.7772e-19
5530.650 -2.0559e-18
5532.175 -6.4954e-19
5533.700 6.6623e-18
5535.225 1.5112e-18
5536.750 -1.8593e-18
5538.275 -1.2634e-18
5539.800 -1.0051e-18
5541.325 7.5843e-18
5542.850 6.1711e-18
5544.375 -2.6686e-18
5545.900 -6.1707e-18
5547.425 -2.5156e-18
5548.950 -1.8795e-18
5550.475 1.3847e-18
5552.000 3.7514e-18
5553.525 -1.0292e-18
5555.050 -2.2913e-18
5556.575 -9.2686e-19
5558.100 1.9821e-18
5559.625 3.154e-18
5561.150 -1.8653e-18
5562.675 -3.7666e-18
5564.200 -1.7896e-18
5565.725 5.0978e-18
5567.250 1.1205e-18
5568.775 -1.3614e-17
5570.300 -1.8353e-17
5571.825 1.7019e-17
5573.350 1.6439e-17
5574.875 1.0834e-17
5576.400 2.6412e-17
5577.925 7.0682e-18
5579.450 6.2962e-19
5580.975 3.66e-18
5582.500 -2.2113e-18
5584.025 -4.9297e-18
5585.550 -2.86e-19
5587.075 -1.0056e-18
5588.600 -1.1472e-18
5590.125 3.9134e-18
5591.650 3.6123e-18
5593.175 3.2456e-18
5594.700 2.2463e-18
5596.225 3.5836e-19
5597.750 1.378e-18
5599.275 -8.3579e-19
5600.800 -7.8702e-19
5602.325 4.1695e-18
5603.850 6.4003e-18
5605.375 1.0177e-18
5606.900 -1.4134e-18
5608.425 4.9612e-18
5609.950 1.5969e-18
5611.475 -2.8594e-18
5613.000 -1.7077e-18
5614.525 1.2379e-18
5616.050 2.8257e-18
5617.575 6.2663e-18
5619.100 5.3376e-18
5620.625 -3.5213e-18
5622.150 -8.6693e-20
5623.675 2.768e-18
5625.200 4.3311e-18
5626.725 3.1956e-18
5628.250 4.7137e-18
5629.775 5.2194e-18
5631.300 2.1042e-18
5632.825 4.7001e-18
5634.350 3.6934e-18
5635.875 -2.3603e-18
5637.400 -1.9687e-18
5638.925 -4.7285e-18
5640.450 -2.1306e-18
5641.975 -2.0585e-18
5643.500 -2.0103e-19
5645.025 5.1366e-20
5646.550 -4.4579e-18
5648.075 -4.4625e-18
5649.600 2.5497e-18
5651.125 6.2027e-18
5652.650 4.0193e-18
5654.175 4.2814e-18
5655.700 4.0191e-18
5657.225 9.9592e-19
5658.750 -1.9344e-18
5660.275 -1.4701e-18
5661.800 -2.729e-18
5663.325 -3.4701e-18
5664.850 3.293e-19
5666.375 4.1247e-18
5667.900 2.7995e-18
5669.425 1.4749e-18
5670.950 4.0142e-18
5672.475 5.1589e-18
5674.000 3.8103e-18
5675.525 1.8985e-18
5677.050 1.9142e-18
5678.575 3.6135e-18
5680.100 6.4745e-18
5681.625 3.4018e-19
5683.150 -6.566e-19
5684.675 2.8121e-18
5686.200 2.9488e-18
5687.725 1.6032e-18
5689.250 2.3934e-18
5690.775 9.6191e-19
5692.300 9.0578e-19
5693.825 2.9331e-18
5695.350 4.5246e-18
5696.875 2.4165e-18
5698.400 -8.1483e-19
5699.925 -2.8381e-18
5701.450 -9.049e-19
5702.975 4.8611e-18
5704.500 2.1065e-18
5706.025 -2.0231e-18
5707.550 3.0075e-19
5709.075 9.9399e-19
5710.600 -6.6619e-19
5712.125 -3.0571e-19
5713.650 1.0956e-18
5715.175 3.9237e-19
5716.700 2.0229e-18
5718.225 2.8328e-18
5719.750 2.7474e-18
5721.275 1.4065e-18
5722.800 1.676e-18
5724.325 2.3521e-18
5725.850 2.1835e-18
5727.375 2.2375e-18
5728.900 2.0215e-18
5730.425 1.6971e-18
5731.950 2.7477e-18
5733.475 4.1019e-18
5735.000 5.6656e-18
5736.525 6.6034e-18
5738.050 3.892e-18
5739.575 9.164e-19
5741.100 3.8919e-18
5742.625 4.7684e-18
5744.150 7.9147e-19
5745.675 9.1085e-19
5747.200 4.2161e-18
5748.725 5.9888e-18
5750.250 5.0143e-18
5751.775 5.3021e-19
5753.300 -1.9e-18
5754.825 -1.15e-18
5756.350 -8.2498e-19
5757.875 1.2815e-18
5759.400 2.494e-18
5760.925 1.843e-18
5762.450 1.5594e-19
5763.975 1.4629e-18
5765.500 5.1461e-18
5767.025 1.9784e-18
5768.550 -1.6456e-18
5770.075 1.5629e-18
5771.600 5.3891e-18
5773.125 5.1543e-18
5774.650 1.845e-18
5776.175 -3.2197e-18
5777.700 -3.1605e-18
5779.225 6.6359e-19
5780.750 -1.8825e-18
5782.275 -3.0281e-18
5783.800 -8.0814e-19
5785.325 -1.7669e-18
5786.850 -1.3524e-18
5788.375 3.4262e-19
5789.900 -2.4193e-18
5791.425 -1.7502e-18
5792.950 1.36e-18
5794.475 4.3658e-19
5796.000 2.5103e-18
5797.525 3.9416e-18
5799.050 8.5671e-19
5800.575 -9.8927e-19
5802.100 -1.1055e-18
5803.625 -2.167e-18
5805.150 -2.7499e-18
5806.675 -1.9123e-18
5808.200 -1.197e-18
5809.725 1.4001e-18
5811.250 4.0947e-18
5812.775 2.7422e-18
5814.300 1.4135e-18
5815.825 1.8966e-18
5817.350 3.1365e-18
5818.875 2.3799e-18
5820.400 1.2923e-18
5821.925 1.8449e-18
5823.450 1.1537e-18
5824.975 1.4865e-18
5826.500 3.7492e-18
5828.025 2.5301e-18
5829.550 6.9349e-19
5831.075 7.1293e-19
5832.600 -1.1265e-18
5834.125 -6.7423e-19
5835.650 2.7236e-18
5837.175 1.0225e-18
5838.700 -1.897e-18
5840.225 1.274e-19
5841.750 8.3426e-19
5843.275 -1.2498e-18
5844.800 1.3406e-18
5846.325 4.985e-18
5847.850 3.5532e-18
5849.375 3.7927e-19
5850.900 9.3064e-19
5852.425 1.4339e-19
5853.950 -1.7203e-18
5855.475 -1.1267e-18
5857.000 -2.6899e-18
5858.525 -3.4945e-18
5860.050 -1.1995e-18
5861.575 9.4158e-19
5863.100 7.4325e-19
5864.625 9.0949e-19
5866.150 3.2614e-18
5867.675 3.555e-18
5869.200 1.8291e-18
5870.725 -5.3028e-19
5872.250 -3.2827e-18
5873.775 -1.2506e-18
5875.300 3.3608e-19
5876.825 -1.5397e-18
5878.350 5.9108e-19
5879.875 1.762e-19
5881.400 -1.9732e-18
5882.925 3.584e-18
5884.450 3.6096e-18
5885.975 -2.4647e-18
5887.500 3.4115e-19
5889.025 4.5497e-18
5890.550 4.1405e-18
5892.075 7.2889e-18
5893.600 4.1825e-18
5895.125 -1.043e-18
5896.650 -2.1553e-18
5898.175 -5.2815e-18
5899.700 -6.4332e-18
5901.225 -3.8614e-18
5902.750 -1.3974e-18
5904.275 -9.9848e-19
5905.800 -9.804e-20
5907.325 6.0857e-19
5908.850 1.1339e-18
5910.375 3.1359e-18
5911.900 3.2075e-18
5913.425 -4.4562e-19
5914.950 -2.7161e-18
5916.475 -2.2173e-18
5918.000 -2.0299e-18
5919.525 -2.7228e-18
5921.050 -3.3278e-18
5922.575 -5.0282e-19
5924.100 -2.0752e-18
5925.625 -2.0643e-18
5927.150 -3.9707e-19
5928.675 2.106e-19
5930.200 -2.2886e-19
5931.725 -3.0599e-19
5933.250 -1.2076e-18
5934.775 -1.7755e-18
5936.300 1.6546e-18
5937.825 2.8263e-18
5939.350 3.4738e-18
5940.875 3.1978e-18
5942.400 2.229e-18
5943.925 2.7828e-18
5945.450 3.1577e-18
5946.975 -2.1094e-19
5948.500 -5.0635e-19
5950.025 2.8375e-18
5951.550 3.2318e-18
5953.075 -8.8585e-19
5954.600 -8.4253e-19
5956.125 4.6657e-20
5957.650 4.9057e-19
5959.175 3.3603e-18
5960.700 5.1596e-18
5962.225 3.746e-18
5963.750 2.3024e-18
5965.275 2.0143e-18
5966.800 1.5199e-18
5968.325 -4.1077e-19
5969.850 -2.4433e-18
5971.375 -1.005e-18
5972.900 1.615e-18
5974.425 1.2154e-18
5975.950 3.4441e-18
5977.475 4.8967e-18
5979.000 2.5417e-18
5980.525 8.7527e-19
5982.050 9.5487e-20
5983.575 1.8276e-18
5985.100 2.1946e-18
5986.625 3.2559e-18
5988.150 5.7413e-18
5989.675 6.3451e-18
5991.200 4.6144e-18
5992.725 3.8744e-18
5994.250 5.2297e-18
5995.775 5.763e-18
5997.300 5.0947e-18
5998.825 3.9837e-18
6000.350 4.379e-19
6001.875 -1.6178e-18
6003.400 3.1594e-19
6004.925 3.7898e-18
6006.450 2.1955e-18
6007.975 -1.6137e-18
6009.500 -1.2348e-18
6011.025 2.2322e-18
6012.550 2.9292e-18
6014.075 2.6513e-18
6015.600 2.6643e-18
6017.125 3.402e-18
6018.650 2.8014e-18
6020.175 2.8042e-18
6021.700 1.552e-18
6023.225 1.0811e-18
6024.750 3.7309e-18
6026.275 2.7915e-18
6027.800 1.6855e-18
6029.325 1.5172e-18
6030.850 3.5359e-19
6032.375 -4.6056e-20
6033.900 1.5902e-18
6035.425 1.8033e-18
6036.950 -2.2649e-18
6038.475 -2.2797e-18
6040.000 1.682e-18
6041.525 1.5122e-18
6043.050 4.433e-19
6044.575 -7.1861e-19
6046.100 -8.9217e-19
6047.625 2.2128e-18
6049.150 3.9308e-18
6050.675 2.1633e-18
6052.200 2.3538e-19
6053.725 9.7166e-19
6055.250 1.6746e-18
6056.775 3.9076e-19
6058.300 -1.657e-19
6059.825 1.3005e-18
6061.350 3.7261e-18
6062.875 5.4491e-18
6064.400 4.137e-18
6065.925 5.9947e-19
6067.450 1.991e-19
6068.975 7.1813e-19
6070.500 -2.0711e-19
6072.025 5.2988e-19
6073.550 2.2924e-18
6075.075 -4.8008e-19
6076.600 -5.7127e-19
6078.125 3.2333e-18
6079.650 2.0018e-18
6081.175 1.896e-18
6082.700 3.8433e-18
6084.225 4.4044e-18
6085.750 3.852e-18
6087.275 1.9088e-18
6088.800 1.4774e-18
6090.325 4.112e-18
6091.850 5.4992e-18
6093.375 6.9769e-19
6094.900 -3.8688e-18
6096.425 -2.9812e-18
6097.950 -3.6561e-18
6099.475 -1.0352e-18
6101.000 3.6844e-18
6102.525 2.7919e-18
6104.050 2.5094e-18
6105.575 3.5952e-18
6107.100 3.9535e-18
6108.625 2.2622e-18
6110.150 -5.9846e-19
6111.675 -4.5752e-20
6113.200 3.7415e-19
6114.725 -1.349e-18
6116.250 -1.3658e-18
6117.775 -1.0932e-18
6119.300 7.7912e-19
6120.825 2.2915e-18
6122.350 -1.7075e-18
6123.875 -1.6712e-18
6125.400 1.1303e-18
6126.925 1.4895e-18
6128.450 2.4124e-18
6129.975 2.9884e-18
6131.500 2.4917e-19
6133.025 -1.0283e-18
6134.550 8.5258e-19
6136.075 5.4385e-19
6137.600 -1.1811e-19
6139.125 8.1789e-19
6140.650 -3.4903e-19
6142.175 2.8909e-18
6143.700 7.4089e-18
6145.225 5.0399e-18
6146.750 1.7803e-18
6148.275 1.8971e-18
6149.800 2.5758e-18
6151.325 9.0671e-19
6152.850 1.5768e-18
6154.375 3.1407e-18
6155.900 1.694e-18
6157.425 5.5559e-19
6158.950 1.0459e-18
6160.475 5.4924e-19
6162.000 2.2692e-18
6163.525 4.8322e-18
6165.050 2.2118e-18
6166.575 1.5724e-18
6168.100 1.662e-18
6169.625 -1.8443e-18
6171.150 -2.7238e-18
6172.675 1.5679e-18
6174.200 3.3735e-18
6175.725 1.5081e-18
6177.250 -9.8873e-19
6178.775 -1.4889e-18
6180.300 9.5842e-19
6181.825 3.1966e-18
6183.350 1.0157e-18
6184.875 -2.1659e-18
6186.400 -1.1445e-18
6187.925 9.5995e-19
6189.450 1.464e-18
6190.975 1.3656e-18
6192.500 1.7106e-18
6194.025 -5.711e-19
6195.550 1.5851e-18
6197.075 2.4872e-18
6198.600 -5.2617e-19
6200.125 -2.0335e-18
6201.650 -2.4334e-18
6203.175 1.1301e-18
6204.700 4.2558e-18
6206.225 5.2169e-18
6207.750 7.01e-19
6209.275 -3.3033e-18
6210.800 6.6826e-20
6212.325 2.0721e-18
6213.850 9.4063e-19
6215.375 1.5156e-18
6216.900 1.6976e-18
6218.425 -6.9562e-20
6219.950 -1.6416e-18
6221.475 -2.3647e-18
6223.000 -1.0158e-18
6224.525 8.3981e-19
6226.050 1.4023e-19
6227.575 -2.1192e-18
6229.100 -1.2088e-18
6230.625 1.7842e-18
6232.150 1.3416e-18
6233.675 4.6955e-19
6235.200 -4.0933e-19
6236.725 -2.0198e-19
6238.250 2.5318e-18
6239.775 3.8925e-18
6241.300 3.0012e-18
6242.825 2.1376e-18
6244.350 2.1049e-18
6245.875 1.8347e-18
6247.400 3.628e-18
6248.925 3.6413e-18
6250.450 8.0075e-19
6251.975 -3.4062e-19
6253.500 1.6875e-18
6255.025 2.213e-18
6256.550 2.1154e-18
6258.075 3.4474e-18
6259.600 1.6747e-18
6261.125 -8.1523e-19
6262.650 1.4386e-18
6264.175 3.7387e-18
6265.700 -3.9666e-19
6267.225 -1.6422e-18
6268.750 6.5738e-19
6270.275 -1.3237e-18
6271.800 -6.4338e-19
6273.325 3.897e-18
6274.850 2.7845e-18
6276.375 2.5225e-18
6277.900 4.0797e-18
6279.425 5.0187e-19
6280.950 -6.0597e-19
6282.475 1.6826e-18
6284.000 1.0093e-18
6285.525 -5.0388e-20
6287.050 1.1843e-18
6288.575 2.0308e-18
6290.100 3.5276e-18
6291.625 2.5834e-18
6293.150 1.0064e-18
6294.675 4.5972e-18
6296.200 4.5354e-18
6297.725 3.0473e-18
6299.250 6.9012e-18
6300.775 1.1605e-18
6302.300 -2.7054e-18
6303.825 2.3614e-19
6305.350 1.9754e-18
6306.875 2.2955e-18
6308.400 -4.3981e-19
6309.925 -2.9577e-19
6311.450 -4.7109e-19
6312.975 2.7933e-19
6314.500 2.4094e-18
6316.025 3.0626e-18
6317.550 2.3878e-18
6319.075 2.7325e-18
6320.600 2.1533e-18
6322.125 7.5915e-20
6323.650 9.5877e-19
6325.175 2.7372e-18
6326.700 -4.3303e-19
6328.225 -1.5244e-18
6329.750 2.7473e-18
6331.275 1.4895e-18
6332.800 -1.5166e-18
6334.325 1.1754e-18
6335.850 1.7058e-18
6337.375 1.9904e-18
6338.900 3.3103e-18
6340.425 7.7658e-19
6341.950 -2.0602e-18
6343.475 1.4589e-18
6345.000 2.2807e-18
6346.525 1.0461e-18
6348.050 2.0606e-18
6349.575 1.1141e-18
6351.100 3.5982e-19
6352.625 4.3607e-18
6354.150 6.7239e-18
6355.675 1.3745e-18
6357.200 -3.8794e-19
6358.725 1.256e-18
6360.250 -2.8676e-19
6361.775 1.0351e-18
6363.300 4.7031e-18
6364.825 1.4422e-18
6366.350 4.233e-19
6367.875 2.2737e-18
6369.400 1.7059e-18
6370.925 1.6439e-18
6372.450 2.8411e-18
6373.975 2.2616e-18
6375.500 1.9211e-18
6377.025 2.3094e-18
6378.550 2.0022e-18
6380.075 1.437e-18
6381.600 1.0623e-18
6383.125 1.0232e-18
6384.650 -3.9602e-19
6386.175 1.5243e-18
6387.700 7.0105e-19
6389.225 -8.9968e-19
6390.750 -1.2735e-18
6392.275 1.7576e-18
6393.800 2.8345e-18
6395.325 3.5516e-19
6396.850 -3.22e-19
6398.375 -1.6482e-18
6399.900 -4.9174e-19
6401.425 1.5272e-18
6402.950 2.2563e-19
6404.475 2.2618e-18
6406.000 3.3741e-18
6407.525 9.3998e-19
6409.050 1.5847e-18
6410.575 1.6718e-18
6412.100 1.5637e-18
6413.625 5.1875e-19
6415.150 2.0545e-18
6416.675 2.5768e-18
6418.200 3.5143e-18
6419.725 3.6825e-18
6421.250 1.0959e-18
6422.775 -3.1272e-19
6424.300 2.3411e-18
6425.825 4.389e-18
6427.350 2.2189e-18
6428.875 1.8207e-18
6430.400 2.7475e-18
6431.925 2.1377e-18
6433.450 2.1361e-18
6434.975 3.5035e-18
6436.500 1.5245e-18
6438.025 -4.9215e-19
6439.550 7.9998e-19
6441.075 1.8664e-19
6442.600 4.3322e-19
6444.125 3.4254e-18
6445.650 3.2019e-18
6447.175 2.7796e-18
6448.700 1.4778e-18
6450.225 9.2751e-19
6451.750 3.1068e-18
6453.275 3.491e-18
6454.800 1.289e-18
6456.325 6.7003e-21
6457.850 1.42e-18
6459.375 2.1157e-18
6460.900 3.2528e-18
6462.425 4.2403e-18
6463.950 6.7204e-19
6465.475 3.9501e-19
6467.000 1.4507e-18
6468.525 2.8312e-18
6470.050 2.0873e-18
6471.575 1.2634e-18
6473.100 1.4028e-18
6474.625 4.1816e-19
6476.150 -5.9829e-19
6477.675 -1.2575e-18
6479.200 -2.9248e-18
6480.725 -2.0241e-18
6482.250 1.3275e-18
6483.775 1.2654e-18
6485.300 2.9911e-18
6486.825 1.9063e-18
6488.350 -8.3922e-19
6489.875 -1.5481e-18
6491.400 -8.81e-19
6492.925 -1.6544e-18
6494.450 2.2078e-18
6495.975 4.3404e-18
6497.500 2.7545e-18
6499.025 2.1926e-18
6500.550 1.1975e-18
6502.075 -4.2865e-19
6503.600 -9.9967e-19
6505.125 1.3216e-18
6506.650 3.3579e-18
6508.175 2.6714e-18
6509.700 2.9486e-18
6511.225 1.5808e-18
6512.750 -4.9385e-20
6514.275 1.4138e-18
6515.800 1.0038e-18
6517.325 9.739e-19
6518.850 1.0017e-18
6520.375 2.1227e-18
6521.900 5.7631e-18
6523.425 4.2423e-18
6524.950 3.0322e-18
6526.475 1.677e-19
6528.000 8.2078e-19
6529.525 3.8308e-18
6531.050 -1.0124e-19
6532.575 -1.9834e-18
6534.100 1.7887e-18
6535.625 1.8794e-18
6537.150 1.467e-18
6538.675 3.4864e-18
6540.200 2.4889e-18
6541.725 1.5614e-18
6543.250 4.4299e-19
6544.775 -2.87e-19
6546.300 -2.1279e-18
6547.825 1.2929e-19
6549.350 2.3269e-18
6550.875 1.9586e-19
6552.400 2.22e-18
6553.925 1.9589e-18
6555.450 1.0041e-18
6556.975 2.6665e-18
6558.500 3.0515e-18
6560.025 1.151e-18
6561.550 -3.3099e-19
6563.075 5.2526e-19
6564.600 -1.0549e-18
6566.125 -7.8089e-19
6567.650 2.7525e-18
6569.175 1.4093e-18
6570.700 -1.2169e-18
6572.225 4.6558e-19
6573.750 2.1359e-18
6575.275 2.1433e-18
6576.800 3.8282e-18
6578.325 5.9604e-18
6579.850 4.4179e-18
6581.375 1.1986e-18
6582.900 -4.676e-19
6584.425 -9.4234e-19
6585.950 1.9898e-18
6587.475 2.7728e-18
6589.000 2.3896e-19
6590.525 8.4383e-19
6592.050 1.8893e-18
6593.575 -1.0942e-19
6595.100 -1.7876e-18
6596.625 6.0219e-19
6598.150 6.8492e-19
6599.675 1.2408e-18
6601.200 2.6789e-18
6602.725 6.0538e-19
6604.250 -9.2651e-19
6605.775 1.0919e-20
6607.300 -3.2963e-19
6608.825 -1.3828e-20
6610.350 5.362e-19
6611.875 -1.9148e-18
6613.400 -1.3226e-18
6614.925 1.3485e-18
6616.450 1.8872e-18
6617.975 2.429e-18
6619.500 1.7112e-18
6621.025 -2.5988e-19
6622.550 -1.4028e-18
6624.075 -5.7077e-19
6625.600 1.8567e-18
6627.125 3.5508e-18
6628.650 3.8355e-18
6630.175 2.4352e-18
6631.700 1.8024e-18
6633.225 2.0999e-18
6634.750 -4.7635e-19
6636.275 -1.106e-18
6637.800 2.1227e-18
6639.325 2.6815e-18
6640.850 1.6838e-19
6642.375 -6.9213e-20
6643.900 1.6721e-18
6645.425 8.9991e-19
6646.950 1.513e-18
6648.475 3.2937e-18
6650.000 2.3406e-18
6651.525 1.9505e-18
6653.050 2.1165e-18
6654.575 1.0691e-18
6656.100 5.5931e-19
6657.625 1.0073e-18
6659.150 1.2662e-18
6660.675 1.33e-18
6662.200 1.6786e-18
6663.725 2.6931e-18
6665.250 2.9016e-18
6666.775 2.5104e-18
6668.300 9.8513e-19
6669.825 -1.8085e-19
6671.350 1.0284e-18
6672.875 2.4027e-18
6674.400 1.4348e-18
6675.925 2.1107e-18
6677.450 3.5769e-18
6678.975 1.8755e-18
6680.500 5.6498e-19
6682.025 3.1464e-18
6683.550 4.7312e-18
6685.075 5.0525e-18
6686.600 6.8244e-18
6688.125 3.878e-18
6689.650 2.1203e-18
6691.175 1.7674e-18
6692.700 6.1347e-19
6694.225 7.1872e-18
6695.750 2.6209e-17
6697.275 4.4988e-17
6698.800 4.9956e-17
6700.325 4.6235e-17
6701.850 3.1346e-17
6703.375 1.2851e-17
6704.900 4.2207e-18
6706.425 1.3285e-18
6707.950 -2.7374e-19
6709.475 1.0829e-18
6711.000 2.7318e-18
6712.525 2.9825e-18
6714.050 3.5872e-18
6715.575 4.9119e-18
6717.100 7.4295e-18
6718.625 1.1349e-17
6720.150 1.5122e-17
6721.675 1.4263e-17
6723.200 9.778e-18
6724.725 7.017e-18
6726.250 2.4243e-18
6727.775 -1.1781e-18
6729.300 7.0176e-20
6730.825 5.8068e-20
6732.350 1.4642e-18
6733.875 2.1235e-18
6735.400 -6.289e-20
6736.925 -1.094e-18
6738.450 5.9051e-19
6739.975 1.1174e-18
6741.500 1.5542e-18
6743.025 2.6234e-18
6744.550 2.1471e-18
6746.075 4.7972e-19
6747.600 -5.4476e-20
6749.125 7.4177e-19
6750.650 1.2696e-18
6752.175 1.4565e-18
6753.700 2.4775e-18
6755.225 1.4311e-18
6756.750 2.4119e-18
6758.275 3.2575e-18
6759.800 3.7744e-18
6761.325 1.1788e-18
6762.850 4.718e-19
6764.375 3.7614e-19
6765.900 5.6627e-19
6767.425 7.5525e-19
6768.950 6.5514e-19
6770.475 1.4448e-18
6772.000 1.1595e-18
6773.525 6.3741e-19
6775.050 2.7853e-18
6776.575 2.9019e-18
6778.100 1.3707e-18
6779.625 4.0089e-19
6781.150 1.1109e-18
6782.675 1.2902e-18
6784.200 5.5861e-19
6785.725 -8.4176e-21
6787.250 1.2798e-18
6788.775 1.8791e-18
6790.300 2.4777e-18
6791.825 2.5772e-18
6793.350 1.3385e-18
6794.875 7.309e-19
6796.400 2.268e-18
6797.925 1.2566e-18
6799.450 4.1494e-20
6800.975 2.2026e-18
6802.500 1.3092e-18
6804.025 -4.5418e-19
6805.550 1.0682e-18
6807.075 2.0143e-18
6808.600 -1.45e-19
6810.125 7.1234e-20
6811.650 1.2962e-18
6813.175 -6.3162e-19
6814.700 6.0006e-19
6816.225 1.1241e-18
6817.750 1.7371e-19
6819.275 1.1187e-18
6820.800 1.4676e-18
6822.325 -1.2294e-18
6823.850 2.3168e-19
6825.375 1.5769e-18
6826.900 -8.0453e-19
6828.425 -2.0077e-18
6829.950 5.9941e-19
6831.475 -3.6025e-20
6833.000 -8.4744e-19
6834.525 1.8862e-18
6836.050 1.2497e-18
6837.575 -1.4123e-18
6839.100 -2.085e-18
6840.625 -2.8016e-18
6842.150 -2.2319e-18
6843.675 -7.244e-19
6845.200 1.1086e-18
6846.725 -1.232e-20
6848.250 -9.193e-19
6849.775 -3.1347e-19
6851.300 9.258e-19
6852.825 2.8835e-18
6854.350 6.4379e-18
6855.875 7.426e-18
6857.400 6.5431e-18
6858.925 5.9575e-18
6860.450 3.7929e-18
6861.975 2.6646e-18
6863.500 1.8128e-18
6865.025 -4.1004e-19
6866.550 1.229e-18
6868.075 4.2864e-18
6869.600 4.3054e-18
6871.125 4.3649e-18
6872.650 5.0798e-18
6874.175 1.5361e-18
6875.700 -2.7733e-18
6877.225 -1.9461e-18
6878.750 -1.105e-18
6880.275 -4.5455e-19
6881.800 8.7763e-19
6883.325 6.5862e-19
6884.850 -7.1488e-19
6886.375 4.223e-19
6887.900 3.1186e-18
6889.425 2.0453e-18
6890.950 -7.7427e-21
6892.475 -1.6212e-18
6894.000 -2.052e-18
6895.525 3.0641e-19
6897.050 1.1272e-18
6898.575 -7.2995e-19
6900.100 -1.9673e-19
6901.625 1.7225e-18
6903.150 1.3009e-18
6904.675 3.0388e-18
6906.200 2.6429e-18
6907.725 -1.2564e-18
6909.250 -1.252e-18
6910.775 1.2243e-18
6912.300 1.1306e-18
6913.825 7.2446e-19
6915.350 1.0998e-18
6916.875 -7.5454e-20
6918.400 -5.2103e-19
6919.925 2.7134e-19
6921.450 7.2505e-19
6922.975 1.65e-18
6924.500 3.3444e-18
6926.025 1.0953e-18
6927.550 1.2712e-19
6929.075 1.9124e-18
6930.600 1.5386e-18
6932.125 4.907e-19
6933.650 7.7658e-19
6935.175 1.0754e-19
6936.700 -2.3934e-21
6938.225 2.7896e-18
6939.750 3.6339e-18
6941.275 1.8681e-18
6942.800 -1.1894e-19
6944.325 -9.6793e-19
6945.850 -1.1069e-18
6947.375 1.1149e-18
6948.900 1.9441e-18
6950.425 -9.541e-19
6951.950 -1.2033e-18
6953.475 5.0801e-19
6955.000 -1.9897e-20
6956.525 1.0585e-18
6958.050 1.9674e-18
6959.575 -1.9975e-20
6961.100 1.4713e-19
6962.625 7.3456e-19
6964.150 -2.9439e-19
6965.675 -2.6242e-18
6967.200 -1.1792e-18
6968.725 1.3456e-18
6970.250 -9.0931e-19
6971.775 -1.5808e-18
6973.300 -5.3458e-19
6974.825 -4.8101e-19
6976.350 1.4267e-18
6977.875 1.075e-18
6979.400 -2.5521e-18
6980.925 -2.6568e-18
6982.450 1.2654e-18
6983.975 1.9231e-18
6985.500 -1.9913e-19
6987.025 4.3023e-19
6988.550 -3.7909e-19
6990.075 -3.7971e-21
6991.600 7.0815e-19
6993.125 -3.7033e-19
6994.650 -1.1179e-18
6996.175 3.2001e-19
6997.700 9.8129e-19
6999.225 -7.9271e-19
7000.750 -3.8106e-19
7002.275 8.0323e-19
7003.800 -8.1688e-19
7005.325 -6.5035e-19
7006.850 2.7919e-18
7008.375 2.3195e-18
7009.900 -8.0867e-19
7011.425 5.0526e-20
7012.950 -9.5818e-20
7014.475 1.0826e-19
7016.000 1.5574e-18
7017.525 6.1005e-19
7019.050 -7.0974e-19
7020.575 2.2453e-20
7022.100 6.2352e-19
7023.625 1.4532e-18
7025.150 1.4638e-18
7026.675 -1.2414e-18
7028.200 -1.6709e-18
7029.725 5.3159e-19
7031.250 2.1332e-18
7032.775 1.899e-18
7034.300 2.301e-18
7035.825 2.2439e-18
7037.350 1.3243e-19
7038.875 4.0705e-19
7040.400 9.1977e-19
7041.925 -4.1804e-19
7043.450 -3.7359e-19
7044.975 4.2282e-19
7046.500 1.982e-18
7048.025 2.0406e-18
7049.550 2.3615e-18
7051.075 1.9385e-18
7052.600 -1.5851e-18
7054.125 -1.0021e-18
7055.650 -5.3358e-19
7057.175 9.2639e-19
7058.700 8.6416e-19
7060.225 -8.6587e-19
7061.750 -2.4317e-19
7063.275 -2.7857e-19
7064.800 -4.5545e-19
7066.325 7.5335e-19
7067.850 1.8807e-18
7069.375 1.0515e-18
7070.900 -2.9526e-19
7072.425 -7.907e-19
7073.950 -2.1304e-19
7075.475 -5.4511e-19
7077.000 -7.01e-19
7078.525 2.27e-19
7080.050 -8.5447e-19
7081.575 -1.588e-18
7083.100 1.7154e-18
7084.625 2.6103e-18
7086.150 5.8168e-19
7087.675 1.0951e-18
7089.200 5.3664e-19
7090.725 -6.1903e-19
7092.250 5.6207e-19
7093.775 1.5363e-18
7095.300 1.0605e-18
7096.825 1.9556e-18
7098.350 2.2416e-18
7099.875 1.2337e-18
7101.400 1.4689e-18
7102.925 1.103e-18
7104.450 -7.7918e-19
7105.975 -7.9254e-19
7107.500 -4.0078e-19
7109.025 -4.2977e-19
7110.550 3.2548e-19
7112.075 9.5901e-19
7113.600 -4.1027e-19
7115.125 -1.6975e-18
7116.650 6.0721e-19
7118.175 7.1837e-19
7119.700 -8.8325e-19
7121.225 -2.5661e-19
7122.750 1.6351e-18
7124.275 1.7654e-18
7125.800 6.2618e-19
7127.325 1.1825e-18
7128.850 2.6464e-18
7130.375 2.4326e-18
7131.900 2.2226e-18
7133.425 2.2849e-18
7134.950 6.5602e-19
7136.475 -7.5294e-20
7138.000 4.1922e-20
7139.525 3.197e-18
7141.050 2.0438e-18
7142.575 -6.38e-20
7144.100 9.5676e-19
7145.625 3.96e-19
7147.150 -4.326e-19
7148.675 1.3054e-19
7150.200 2.5214e-18
7151.725 1.1846e-18
7153.250 7.5926e-19
7154.775 1.3967e-18
7156.300 5.3351e-20
7157.825 2.3242e-18
7159.350 2.7887e-18
7160.875 -2.0879e-19
7162.400 -1.9645e-18
7163.925 -4.9829e-19
7165.450 7.3959e-20
7166.975 1.5151e-18
7168.500 2.5615e-18
7170.025 2.1978e-18
7171.550 1.4283e-18
7173.075 9.4016e-19
7174.600 5.3862e-19
7176.125 3.9444e-19
7177.650 1.6549e-18
7179.175 1.8769e-19
7180.700 -9.8076e-19
7182.225 1.1157e-18
7183.750 1.6752e-18
7185.275 -9.3791e-19
7186.800 -8.274e-20
7188.325 2.195e-18
7189.850 1.2742e-18
7191.375 1.9538e-18
7192.900 3.2673e-18
7194.425 2.5667e-18
7195.950 8.6209e-19
7197.475 1.598e-18
7199.000 5.6519e-19
7200.525 -1.6649e-18
7202.050 3.3455e-19
7203.575 9.3655e-19
7205.100 7.0454e-19
7206.625 8.4962e-19
7208.150 2.3562e-18
7209.675 7.1081e-19
7211.200 2.4735e-19
7212.725 1.4447e-18
7214.250 -8.8691e-19
7215.775 -2.3578e-18
7217.300 -1.4268e-18
7218.825 -8.732e-19
7220.350 8.368e-19
7221.875 1.6243e-18
7223.400 3.0574e-19
7224.925 7.3734e-19
7226.450 2.5555e-18
7227.975 1.695e-18
7229.500 5.1725e-19
7231.025 -1.8899e-19
7232.550 -1.3178e-19
7234.075 3.9369e-18
7235.600 7.1506e-18
7237.125 3.2267e-18
7238.650 4.3804e-19
7240.175 2.2374e-18
7241.700 1.1263e-19
7243.225 -1.8538e-18
7244.750 -3.826e-19
7246.275 -1.3221e-18
7247.800 -1.5964e-18
7249.325 1.6477e-18
7250.850 3.9822e-18
7252.375 3.387e-18
7253.900 3.5525e-18
7255.425 2.4771e-18
7256.950 -8.6788e-20
7258.475 1.6159e-18
7260.000 3.0976e-18
7261.525 9.0115e-19
7263.050 5.0708e-19
7264.575 2.9813e-18
7266.100 3.4324e-18
7267.625 3.0311e-18
7269.150 4.3385e-18
7270.675 3.2084e-18
7272.200 1.1816e-18
7273.725 4.8456e-18
7275.250 9.125e-18
7276.775 4.8715e-18
7278.300 4.9099e-20
7279.825 1.0192e-18
7281.350 1.6576e-18
7282.875 2.5043e-18
7284.400 4.8433e-18
7285.925 3.0547e-18
7287.450 4.9162e-19
7288.975 1.0676e-18
7290.500 2.1617e-18
7292.025 1.4531e-18
7293.550 2.0231e-19
7295.075 -2.6537e-18
7296.600 3.1436e-19
7298.125 3.1476e-18
7299.650 -7.1406e-19
7301.175 -2.9186e-18
7302.700 -2.7763e-19
7304.225 6.6241e-19
7305.750 1.1661e-18
7307.275 2.7219e-18
7308.800 2.5047e-19
7310.325 -1.6883e-18
7311.850 -1.2454e-18
7313.375 -1.4281e-19
7314.900 1.9929e-18
7316.425 1.9367e-18
7317.950 -9.0754e-19
7319.475 -1.4587e-18
7321.000 2.8966e-19
7322.525 2.3046e-18
7324.050 9.8968e-19
7325.575 -3.5039e-19
7327.100 1.7466e-18
7328.625 1.5494e-18
7330.150 1.1369e-19
7331.675 4.8388e-19
7333.200 4.7222e-19
7334.725 8.5819e-19
7336.250 2.866e-18
7337.775 4.2038e-18
7339.300 2.8172e-18
7340.825 4.5429e-18
7342.350 3.8282e-18
7343.875 -1.0177e-19
7345.400 -8.3633e-19
7346.925 1.3496e-18
7348.450 2.0091e-18
7349.975 1.9865e-18
7351.500 1.7972e-18
7353.025 3.9918e-19
7354.550 5.185e-19
7356.075 3.0027e-18
7357.600 1.8242e-18
7359.125 -9.2136e-19
7360.650 1.2203e-18
7362.175 2.7603e-18
7363.700 3.099e-18
7365.225 5.2584e-18
7366.750 1.9892e-18
7368.275 -1.5526e-18
7369.800 -2.1959e-19
7371.325 1.158e-18
7372.850 1.5957e-18
7374.375 2.0588e-18
7375.900 1.8957e-18
7377.425 2.1752e-18
7378.950 1.0857e-18
7380.475 1.1239e-18
7382.000 7.3362e-19
7383.525 1.03e-18
7385.050 2.8523e-18
7386.575 2.1226e-18
7388.100 2.0107e-18
7389.625 2.6299e-18
7391.150 3.8155e-18
7392.675 3.2601e-18
7394.200 1.1839e-18
7395.725 3.7496e-21
7397.250 3.1962e-18
7398.775 3.6336e-18
7400.300 5.9409e-19
7401.825 -1.6703e-18
7403.350 9.622e-20
7404.875 4.2848e-18
7406.400 3.3027e-18
7407.925 1.192e-18
7409.450 5.5001e-19
7410.975 9.4979e-19
7412.500 1.8158e-18
7414.025 5.6969e-19
7415.550 -4.0517e-19
7417.075 2.4096e-18
7418.600 4.5032e-18
7420.125 3.5344e-18
7421.650 2.6151e-18
7423.175 3.1222e-18
7424.700 4.4086e-18
7426.225 3.148e-18
7427.750 3.8859e-18
7429.275 3.1865e-18
7430.800 1.1243e-18
7432.325 3.1811e-18
7433.850 2.8464e-18
7435.375 1.151e-18
7436.900 4.8144e-18
7438.425 5.7699e-18
7439.950 2.2677e-18
7441.475 1.5899e-18
7443.000 1.4881e-18
7444.525 1.7858e-18
7446.050 1.9612e-18
7447.575 3.3135e-18
7449.100 3.0857e-18
7450.625 3.4649e-18
7452.150 3.0974e-18
7453.675 1.8467e-18
7455.200 2.09e-18
7456.725 4.6478e-18
7458.250 5.1202e-18
7459.775 3.2859e-18
7461.300 2.3573e-18
7462.825 1.2696e-18
7464.350 1.1561e-18
7465.875 1.8505e-18
7467.400 2.5976e-18
7468.925 2.3907e-18
7470.450 8.6032e-19
7471.975 1.7913e-18
7473.500 4.1024e-19
7475.025 1.6293e-18
7476.550 6.3694e-18
7478.075 4.8492e-18
7479.600 3.0213e-18
7481.125 4.9021e-18
7482.650 3.6361e-18
7484.175 3.3963e-18
7485.700 3.7883e-18
7487.225 2.9122e-18
7488.750 2.5766e-18
7490.275 2.2927e-18
7491.800 1.4409e-18
7493.325 1.8368e-18
7494.850 1.9715e-18
7496.375 1.3408e-18
7497.900 1.6637e-18
7499.425 2.4833e-18
7500.950 2.0734e-18
7502.475 1.8535e-18
7504.000 2.8087e-18
7505.525 2.3234e-18
7507.050 6.9455e-19
7508.575 1.1004e-18
7510.100 8.0979e-19
7511.625 -1.4804e-18
7513.150 -1.7248e-18
7514.675 -1.9272e-18
7516.200 -1.4052e-18
7517.725 2.3817e-18
7519.250 5.6851e-18
7520.775 3.4533e-18
7522.300 1.0254e-18
7523.825 1.8564e-18
7525.350 1.1011e-18
7526.875 1.3694e-19
7528.400 9.95e-19
7529.925 1.5832e-18
7531.450 1.7634e-18
7532.975 3.3953e-18
7534.500 1.7583e-18
7536.025 2.7958e-19
7537.550 2.3344e-18
7539.075 1.4032e-18
7540.600 -1.1475e-18
7542.125 -2.9193e-19
7543.650 2.1282e-18
7545.175 1.7179e-18
7546.700 1.7912e-18
7548.225 4.2332e-18
7549.750 2.6086e-18
7551.275 1.299e-18
7552.800 2.6343e-18
7554.325 3.4972e-19
7555.850 8.9341e-20
7557.375 2.1941e-18
7558.900 2.0589e-18
7560.425 2.1551e-18
7561.950 1.4256e-18
7563.475 4.247e-20
7565.000 1.4812e-19
7566.525 2.0475e-18
7568.050 2.8619e-18
7569.575 1.6367e-18
7571.100 1.704e-18
7572.625 2.4011e-18
7574.150 1.3708e-18
7575.675 1.276e-18
7577.200 2.0466e-18
7578.725 8.0394e-19
7580.250 8.9341e-19
7581.775 -2.0508e-19
7583.300 -2.9687e-18
7584.825 -9.7839e-19
7586.350 2.0345e-18
7587.875 8.7373e-20
7589.400 9.346e-19
7590.925 2.1409e-18
7592.450 3.0183e-18
7593.975 2.6866e-18
7595.500 -4.38e-19
7597.025 -2.1009e-20
7598.550 3.6253e-18
7600.075 4.1709e-18
7601.600 2.8241e-18
7603.125 -8.0613e-19
7604.650 3.5068e-18
7606.175 5.4502e-18
7607.700 1.2793e-18
7609.225 6.1312e-18
7610.750 8.5169e-19
7612.275 -6.2961e-18
7613.800 -1.2383e-18
7615.325 4.1996e-20
7616.850 -5.226e-18
7618.375 -3.7262e-18
7619.900 -9.9653e-19
7621.425 1.9491e-18
7622.950 2.5394e-18
7624.475 1.4596e-18
7626.000 1.0904e-18
7627.525 5.5918e-19
7629.050 -1.1633e-19
7630.575 -9.911e-19
7632.100 -1.2707e-18
7633.625 -9.1941e-19
7635.150 -5.4606e-20
7636.675 -2.2106e-18
7638.200 5.2897e-19
7639.725 2.3332e-18
7641.250 3.2754e-18
7642.775 5.1867e-18
7644.300 5.1611e-18
7645.825 -1.1212e-18
7647.350 -2.4936e-18
7648.875 2.7997e-18
7650.400 2.2904e-18
7651.925 9.7461e-19
7653.450 1.1829e-18
7654.975 -1.1596e-19
7656.500 1.5206e-18
7658.025 4.64e-18
7659.550 1.5377e-18
7661.075 -1.2305e-18
7662.600 1.6513e-18
7664.125 8.6499e-19
7665.650 -8.5512e-19
7667.175 -1.9214e-18
7668.700 -1.7871e-18
7670.225 -2.1976e-19
7671.750 1.6192e-19
7673.275 1.254e-18
7674.800 7.8054e-19
7676.325 4.1388e-20
7677.850 7.0241e-19
7679.375 -4.4493e-19
7680.900 -1.2004e-18
7682.425 -1.5341e-18
7683.950 -7.7646e-19
7685.475 9.8631e-19
7687.000 7.1926e-19
7688.525 8.4779e-19
7690.050 2.417e-20
7691.575 -2.2202e-18
7693.100 -2.1083e-18
7694.625 -1.7111e-19
7696.150 2.28e-19
7697.675 -1.0163e-18
7699.200 -2.046e-18
7700.725 -2.8194e-18
7702.250 -1.4661e-18
7703.775 1.0125e-19
7705.300 1.0615e-18
7706.825 8.9063e-20
7708.350 -2.7615e-18
7709.875 1.1067e-18
7711.400 7.9963e-18
7712.925 4.6087e-18
7714.450 5.8696e-19
7715.975 3.5621e-18
7717.500 -4.8775e-19
7719.025 -2.4239e-18
7720.550 -3.4822e-19
7722.075 -5.1392e-19
7723.600 -1.8483e-18
7725.125 1.6132e-19
7726.650 -1.3785e-18
7728.175 -2.7713e-18
7729.700 -2.8934e-18
7731.225 -5.5798e-18
7732.750 -5.5721e-18
7734.275 -1.6397e-18
7735.800 6.7103e-19
7737.325 4.0094e-19
7738.850 -5.3652e-19
7740.375 -1.1688e-18
7741.900 -4.4195e-18
7743.425 -2.6346e-18
7744.950 2.0602e-18
7746.475 4.3594e-19
7748.000 -1.7764e-18
7749.525 -1.4741e-18
7751.050 -2.7762e-18
7752.575 -8.7196e-19
7754.100 -3.1327e-19
7755.625 1.0003e-18
7757.150 1.4645e-18
7758.675 -1.477e-18
7760.200 -4.5339e-18
7761.725 -5.0232e-18
7763.250 -2.2507e-18
7764.775 -8.4891e-19
7766.300 -7.098e-19
7767.825 1.8996e-18
7769.350 -1.401e-18
7770.875 -4.1645e-18
7772.400 -1.9915e-18
7773.925 -2.9619e-19
7775.450 -2.7805e-19
7776.975 -1.0385e-18
7778.500 -1.8649e-18
7780.025 -2.3362e-19
7781.550 1.7406e-18
7783.075 2.9842e-18
7784.600 9.9187e-19
7786.125 -1.077e-18
7787.650 2.8364e-18
7789.175 5.4364e-18
7790.700 3.828e-18
7792.225 -9.8223e-19
7793.750 -2.4058e-18
7795.275 -1.4551e-18
7796.800 -4.5665e-20
7798.325 1.9552e-18
7799.850 1.93e-18
7801.375 1.7306e-18
7802.900 4.6192e-18
7804.425 6.0219e-18
7805.950 2.9541e-18
7807.475 1.4875e-18
7809.000 2.0964e-19
7810.525 5.6303e-19
7812.050 1.5283e-18
7813.575 6.3185e-19
7815.100 -7.5808e-20
7816.625 1.5622e-18
7818.150 4.0646e-18
7819.675 2.4548e-18
7821.200 1.2586e-18
7822.725 -4.474e-19
7824.250 6.5537e-19
7825.775 3.3263e-18
7827.300 1.2564e-18
7828.825 -3.4953e-19
7830.350 -1.6654e-18
7831.875 -2.2432e-18
7833.400 -1.2242e-18
7834.925 -7.2741e-19
7836.450 1.0189e-18
7837.975 8.6971e-19
7839.500 -3.3572e-18
7841.025 -3.8593e-19
7842.550 2.612e-18
7844.075 1.653e-18
7845.600 2.3962e-18
7847.125 3.4461e-19
7848.650 1.2803e-18
7850.175 1.21e-18
7851.700 2.9317e-19
7853.225 1.4385e-19
7854.750 -1.2005e-19
7856.275 7.0886e-19
7857.800 1.9612e-18
7859.325 3.2357e-18
7860.850 3.8913e-18
7862.375 1.4782e-18
7863.900 3.9141e-18
7865.425 4.6274e-18
7866.950 8.0116e-19
7868.475 1.6433e-19
7870.000 4.2337e-19
7871.525 9.833e-19
7873.050 1.565e-18
7874.575 3.5552e-18
7876.100 3.1956e-18
7877.625 2.0919e-18
7879.150 1.8405e-18
7880.675 -8.547e-19
7882.200 -8.3402e-19
7883.725 2.1972e-18
7885.250 3.8188e-18
7886.775 3.5926e-18
7888.300 5.9091e-18
7889.825 3.0063e-18
7891.350 3.5668e-18
7892.875 3.8805e-18
7894.400 1.8001e-18
7895.925 2.3864e-18
7897.450 3.8518e-18
7898.975 4.0611e-18
7900.500 2.7494e-18
7902.025 2.7764e-18
7903.550 5.6405e-19
7905.075 -2.4439e-18
7906.600 -6.9905e-19
7908.125 2.7402e-18
7909.650 3.6191e-18
7911.175 4.8069e-18
7912.700 8.3331e-18
7914.225 7.6624e-18
7915.750 2.2296e-18
7917.275 5.2959e-19
7918.800 2.3884e-18
7920.325 5.9657e-18
7921.850 5.9409e-18
7923.375 2.496e-18
7924.900 3.4907e-19
7926.425 2.2495e-18
7927.950 2.9153e-18
7929.475 -1.2311e-18
7931.000 -7.5341e-19
7932.525 3.4721e-18
7934.050 3.8457e-18
7935.575 3.5269e-18
7937.100 4.1177e-18
7938.625 3.4099e-18
7940.150 3.1321e-18
7941.675 1.9455e-18
7943.200 -6.5886e-19
7944.725 1.0755e-18
7946.250 4.3846e-18
7947.775 4.2434e-18
7949.300 3.7977e-18
7950.825 2.7753e-18
7952.350 6.6223e-19
7953.875 1.0406e-18
7955.400 2.6574e-18
7956.925 2.968e-18
7958.450 2.555e-18
7959.975 1.5925e-18
7961.500 1.0386e-18
7963.025 -9.9819e-20
7964.550 3.9729e-19
7966.075 2.1436e-18
7967.600 2.5594e-19
7969.125 -1.8078e-20
7970.650 2.1462e-18
7972.175 1.9999e-18
7973.700 5.2539e-18
7975.225 7.5779e-18
7976.750 2.3654e-18
7978.275 5.2075e-19
7979.800 3.2923e-18
7981.325 4.2162e-18
7982.850 2.8692e-18
7984.375 3.1524e-18
7985.900 2.3371e-18
7987.425 8.7882e-19
7988.950 5.1396e-19
7990.475 -6.224e-20
7992.000 8.5985e-19
7993.525 5.9752e-19
7995.050 7.1146e-19
7996.575 7.3444e-19
7998.100 -8.4826e-20
7999.625 1.5743e-18
8001.150 2.4365e-18
8002.675 3.9133e-18
8004.200 3.808e-18
8005.725 1.4153e-18
8007.250 3.1553e-18
8008.775 3.4501e-18
8010.300 1.1102e-18
8011.825 8.8112e-20
8013.350 2.9143e-18
8014.875 4.8814e-18
8016.400 3.6132e-18
8017.925 2.982e-18
8019.450 2.8331e-19
8020.975 2.1545e-19
8022.500 6.1998e-18
8024.025 7.1039e-18
8025.550 3.1938e-18
8027.075 5.7509e-19
8028.600 4.9675e-19
8030.125 8.9075e-19
8031.650 1.7508e-18
8033.175 7.6376e-20
8034.700 1.4185e-18
8036.225 3.4709e-18
8037.750 1.7777e-18
8039.275 -1.5656e-19
8040.800 8.5866e-19
8042.325 2.5094e-18
8043.850 2.374e-18
8045.375 1.9224e-18
8046.900 7.9236e-19
8048.425 -8.4785e-19
8049.950 -4.6926e-19
8051.475 1.0201e-18
8053.000 1.5504e-18
8054.525 1.0238e-18
8056.050 3.2134e-18
8057.575 6.3965e-18
8059.100 3.2057e-18
8060.625 4.3002e-19
8062.150 3.2128e-18
8063.675 3.5371e-18
8065.200 2.1911e-18
8066.725 1.2706e-18
8068.250 -7.543e-19
8069.775 -1.1095e-18
8071.300 6.8782e-19
8072.825 2.9443e-18
8074.350 2.34e-18
8075.875 2.2862e-18
8077.400 1.5408e-18
8078.925 -7.7995e-19
8080.450 1.9392e-18
8081.975 3.6417e-18
8083.500 2.4228e-18
8085.025 1.9828e-18
8086.550 -1.0439e-20
8088.075 8.29e-19
8089.600 3.2931e-18
8091.125 3.8145e-18
8092.650 2.0301e-18
8094.175 1.8186e-18
8095.700 3.0525e-18
8097.225 1.7564e-18
8098.750 1.1704e-18
8100.275 3.1424e-18
8101.800 8.8508e-19
8103.325 5.2809e-19
8104.850 2.2007e-18
8106.375 3.3343e-18
8107.900 1.1728e-18
8109.425 7.2706e-19
8110.950 2.8274e-18
8112.475 1.55e-18
8114.000 1.3159e-18
8115.525 9.5369e-19
8117.050 1.0451e-18
8118.575 2.6821e-18
8120.100 2.4183e-18
8121.625 3.3798e-18
8123.150 3.9822e-18
8124.675 3.9276e-18
8126.200 3.1815e-18
8127.725 2.7005e-18
8129.250 1.9818e-18
8130.775 -8.2746e-20
8132.300 -8.0435e-19
8133.825 7.2842e-19
8135.350 8.4803e-19
8136.875 1.0167e-19
8138.400 1.3137e-18
8139.925 1.5479e-18
8141.450 8.6611e-19
8142.975 2.1061e-18
8144.500 2.2364e-18
8146.025 -6.8214e-19
8147.550 4.9182e-19
8149.075 2.1655e-18
8150.600 2.021e-18
8152.125 2.5313e-18
8153.650 1.0253e-18
8155.175 -3.959e-19
8156.700 9.0423e-19
8158.225 1.8382e-18
8159.750 2.0289e-18
8161.275 3.4827e-18
8162.800 3.9591e-18
8164.325 1.7689e-18
8165.850 1.1586e-18
8167.375 4.0566e-19
8168.900 -1.1226e-18
8170.425 3.8251e-19
8171.950 1.7058e-18
8173.475 1.4949e-18
8175.000 1.917e-18
8176.525 2.8746e-18
8178.050 2.0902e-18
8179.575 9.4553e-19
8181.100 2.4206e-18
8182.625 2.3976e-18
8184.150 4.552e-19
8185.675 8.1056e-19
8187.200 1.8654e-18
8188.725 7.3054e-19
8190.250 1.0133e-18
8191.775 1.6316e-18
8193.300 1.5376e-18
8194.825 3.09e-19
8196.350 1.9885e-18
8197.875 6.4403e-19
8199.400 9.4193e-19
8200.925 2.4945e-18
8202.450 4.2394e-19
8203.975 5.9326e-19
8205.500 2.4952e-18
8207.025 1.78e-18
8208.550 -4.0013e-19
8210.075 2.3351e-19
8211.600 6.234e-20
8213.125 2.1125e-18
8214.650 2.07e-18
8216.175 -7.3031e-19
8217.700 3.268e-20
8219.225 5.2486e-19
8220.750 2.139e-18
8222.275 3.0807e-18
8223.800 1.7606e-18
8225.325 3.394e-19
8226.850 7.5152e-19
8228.375 2.0129e-18
8229.900 2.3401e-18
8231.425 8.2516e-19
8232.950 1.6578e-19
8234.475 1.4214e-18
8236.000 2.2473e-18
8237.525 2.2735e-18
8239.050 1.4785e-18
8240.575 -7.0566e-19
8242.100 -1.6347e-18
8243.625 -1.527e-19
8245.150 1.9529e-18
8246.675 1.5288e-18
8248.200 1.408e-18
8249.725 7.9206e-19
8251.250 4.5657e-19
8252.775 1.3115e-18
8254.300 1.2951e-18
8255.825 -3.3634e-19
8257.350 -7.1033e-20
8258.875 -8.7663e-19
8260.400 -9.4234e-19
8261.925 1.9678e-18
8263.450 2.7078e-18
8264.975 -9.5984e-19
8266.500 -1.694e-18
8268.025 7.205e-19
8269.550 8.7994e-19
8271.075 5.1706e-19
8272.600 1.3505e-18
8274.125 -8.9814e-19
8275.650 -1.6121e-18
8277.175 5.4827e-18
8278.700 4.7493e-18
8280.225 5.4767e-19
8281.750 3.939e-18
8283.275 3.5263e-18
8284.800 1.4568e-18
8286.325 2.731e-18
8287.850 3.4476e-18
8289.375 1.7947e-19
8290.900 -2.0905e-19
8292.425 3.8416e-18
8293.950 1.3804e-18
8295.475 -1.7248e-18
8297.000 -3.6704e-18
8298.525 -4.6103e-18
8300.050 -1.008e-18
8301.575 1.3236e-18
8303.100 1.8696e-18
8304.625 -1.9828e-19
8306.150 -1.4195e-18
8307.675 -4.9985e-20
8309.200 1.6063e-18
8310.725 2.7042e-18
8312.250 -1.5378e-18
8313.775 -3.7093e-18
8315.300 -3.0663e-19
8316.825 -4.8511e-19
8318.350 -1.244e-18
8319.875 4.3248e-19
8321.400 9.4169e-19
8322.925 -2.8862e-19
8324.450 4.1005e-19
8325.975 4.9757e-19
8327.500 1.0355e-19
8329.025 1.7736e-18
8330.550 3.244e-18
8332.075 2.2471e-18
8333.600 -4.2997e-19
8335.125 -1.0118e-18
8336.650 -4.8634e-18
8338.175 -4.7285e-18
8339.700 1.809e-18
8341.225 6.9958e-18
8342.750 7.2523e-18
8344.275 7.5737e-18
8345.800 5.467e-19
8347.325 -2.6579e-18
8348.850 1.4485e-18
8350.375 2.3145e-18
8351.900 -2.1272e-18
8353.425 -3.7893e-19
8354.950 -3.9262e-19
8356.475 -1.1602e-18
8358.000 -1.6098e-18
8359.525 -2.223e-18
8361.050 1.1505e-19
8362.575 -1.1539e-18
8364.100 -1.9723e-18
8365.625 -3.8141e-18
8367.150 -3.0778e-18
8368.675 1.3502e-19
8370.200 -1.0966e-18
8371.725 -3.4678e-18
8373.250 -2.9578e-18
8374.775 -3.0192e-18
8376.300 -3.6533e-18
8377.825 -2.4044e-18
8379.350 9.9021e-19
8380.875 -6.8687e-19
8382.400 -1.7087e-18
8383.925 -1.0559e-18
8385.450 -1.5582e-18
8386.975 -6.6111e-19
8388.500 -2.0306e-18
8390.025 -3.6002e-18
8391.550 -2.9777e-18
8393.075 -2.4871e-18
8394.600 -1.9713e-18
8396.125 -2.4095e-18
8397.650 -1.4236e-18
8399.175 -5.1702e-18
8400.700 -8.8697e-18
8402.225 -4.9134e-18
8403.750 -4.7109e-18
8405.275 -4.1225e-18
8406.800 -1.735e-18
8408.325 -2.5554e-18
8409.850 -3.743e-18
8411.375 -2.0972e-18
8412.900 -2.052e-18
8414.425 -2.3805e-18
8415.950 -1.5499e-18
8417.475 -3.8842e-18
8419.000 -1.9428e-18
8420.525 -8.0175e-20
8422.050 -8.9341e-19
8423.575 -4.0855e-18
8425.100 -2.8037e-18
8426.625 5.6771e-19
8428.150 1.1256e-18
8429.675 -3.5396e-19
8431.200 -5.2952e-19
8432.725 -3.6681e-18
8434.250 -4.8885e-18
8435.775 -2.7518e-18
8437.300 -1.0838e-19
8438.825 -1.2888e-18
8440.350 -2.8257e-18
8441.875 -1.774e-18
8443.400 -3.0894e-18
8444.925 -2.0338e-18
8446.450 -1.3879e-18
8447.975 -3.2526e-18
8449.500 -5.3729e-18
8451.025 -6.7062e-18
8452.550 -5.077e-18
8454.075 -3.5802e-18
8455.600 -2.7114e-18
8457.125 -4.3431e-18
8458.650 -4.0408e-18
8460.175 2.4824e-19
8461.700 7.611e-19
8463.225 -2.3878e-18
8464.750 7.6204e-19
8466.275 -3.5787e-18
8467.800 -6.4799e-18
8469.325 -2.9803e-18
8470.850 -7.9224e-19
8472.375 -2.2982e-20
8473.900 -7.8184e-19
8475.425 -8.1375e-19
8476.950 -9.4725e-19
8478.475 -6.8315e-19
8480.000 -5.6155e-19
8481.525 -1.1733e-18
8483.050 -7.5164e-19
8484.575 -5.0299e-19
8486.100 -1.1299e-18
8487.625 -1.9217e-18
8489.150 -8.9028e-19
8490.675 -1.7075e-18
8492.200 -7.0407e-19
8493.725 -5.9947e-20
8495.250 1.112e-18
8496.775 -5.711e-22
8498.300 -1.2561e-18
8499.825 -9.2148e-19
8501.350 -4.9162e-18
8502.875 -4.6131e-18
8504.400 -5.6383e-20
8505.925 -1.5406e-18
8507.450 -2.7442e-18
8508.975 -9.6326e-19
8510.500 -1.4393e-19
8512.025 1.2791e-18
8513.550 6.9249e-19
8515.075 -2.3266e-18
8516.600 -2.5781e-18
8518.125 -2.3814e-19
8519.650 -7.4585e-19
8521.175 -9.9311e-19
8522.700 -4.7569e-19
8524.225 -1.8352e-18
8525.750 -1.9891e-18
8527.275 -7.3988e-20
8528.800 1.4139e-18
8530.325 -1.6566e-18
8531.850 -3.9884e-18
8533.375 -5.4643e-19
8534.900 3.1071e-19
8536.425 1.1405e-19
8537.950 -6.5006e-19
8539.475 -2.4047e-18
8541.000 -3.0701e-18
8542.525 -2.1129e-18
8544.050 -1.88e-18
8545.575 -1.8314e-18
8547.100 -3.4004e-18
8548.625 -1.8695e-18
8550.150 -4.3015e-19
8551.675 -5.4365e-19
8553.200 -2.9205e-19
8554.725 2.5616e-19
8556.250 1.2811e-18
8557.775 6.1188e-19
8559.300 9.2881e-19
8560.825 8.5518e-19
8562.350 -2.5126e-19
8563.875 -1.3697e-18
8565.400 -1.3098e-18
8566.925 -6.3605e-19
8568.450 -1.3193e-18
8569.975 2.239e-19
8571.500 5.836e-19
8573.025 -1.9636e-18
8574.550 -1.2449e-18
8576.075 4.7394e-19
8577.600 -7.14e-19
8579.125 -2.2901e-18
8580.650 -1.3195e-18
8582.175 -2.129e-18
8583.700 -3.4186e-18
8585.225 -2.0064e-18
8586.750 -2.0614e-18
8588.275 -1.4633e-18
8589.800 -1.2271e-18
8591.325 -2.8399e-18
8592.850 -2.3417e-18
8594.375 -9.4512e-19
8595.900 -2.3421e-19
8597.425 -9.6244e-19
8598.950 1.5119e-18
8600.475 2.2798e-18
8602.000 -1.6831e-18
8603.525 -3.1292e-18
8605.050 -3.0705e-19
8606.575 2.2881e-18
8608.100 1.3455e-18
8609.625 1.677e-18
8611.150 1.7144e-18
8612.675 -1.4356e-18
8614.200 -6.9148e-19
8615.725 1.7978e-18
8617.250 7.5123e-19
8618.775 -4.6386e-19
8620.300 6.7712e-19
8621.825 -1.8379e-18
8623.350 -1.7179e-18
8624.875 2.4458e-18
8626.400 1.0598e-18
8627.925 2.0359e-18
8629.450 4.9397e-19
8630.975 5.1159e-18
8632.500 1.96e-17
8634.025 1.8241e-17
8635.550 5.8857e-18
8637.075 1.4133e-17
8638.600 5.9255e-18
8640.125 2.8277e-18
8641.650 2.7828e-18
8643.175 2.3727e-18
8644.700 -7.0224e-19
8646.225 -1.7179e-18
8647.750 -1.8003e-18
8649.275 -2.4356e-18
8650.800 6.2399e-19
8652.325 3.9033e-19
8653.850 9.7461e-19
8655.375 3.1165e-18
8656.900 1.2226e-18
8658.425 2.8455e-18
8659.950 1.3067e-18
8661.475 1.7371e-18
8663.000 2.1996e-18
8664.525 -3.4543e-19
8666.050 2.4118e-18
8667.575 2.7685e-18
8669.100 3.1859e-18
8670.625 -6.2441e-20
8672.150 -3.9374e-18
8673.675 -4.6907e-18
8675.200 -8.3845e-19
8676.725 3.7134e-18
8678.250 2.7511e-18
8679.775 4.4255e-18
8681.300 6.2541e-18
8682.825 5.4363e-18
8684.350 6.0278e-18
8685.875 7.036e-18
8687.400 9.794e-18
8688.925 8.8177e-18
8690.450 1.0118e-17
8691.975 1.081e-17
8693.500 7.1081e-18
8695.025 6.8853e-18
8696.550 6.8699e-18
8698.075 5.4629e-18
8699.600 7.1086e-18
8701.125 7.2664e-18
8702.650 8.7391e-18
8704.175 1.2712e-17
8705.700 1.2083e-17
8707.225 8.508e-18
8708.750 7.9053e-18
8710.275 1.0444e-17
8711.800 1.1161e-17
8713.325 1.0525e-17
8714.850 1.193e-17
8716.375 1.2661e-17
8717.900 1.1462e-17
8719.425 9.3395e-18
8720.950 9.7219e-18
8722.475 1.227e-17
8724.000 1.3378e-17
8725.525 1.4132e-17
8727.050 1.3937e-17
8728.575 1.2537e-17
8730.100 1.2658e-17
8731.625 1.452e-17
8733.150 1.3229e-17
8734.675 1.0774e-17
8736.200 1.1405e-17
8737.725 1.2344e-17
8739.250 1.4853e-17
8740.775 1.5947e-17
8742.300 1.4757e-17
8743.825 1.6329e-17
8745.350 1.6004e-17
8746.875 1.6195e-17
8748.400 1.671e-17
8749.925 1.4934e-17
8751.450 1.2212e-17
8752.975 1.1028e-17
8754.500 1.2882e-17
8756.025 1.4032e-17
8757.550 1.2199e-17
8759.075 8.9926e-18
8760.600 1.1252e-17
8762.125 1.8158e-17
8763.650 2.3231e-17
8765.175 1.5127e-17
8766.700 5.7636e-18
8768.225 1.3665e-17
8769.750 1.3482e-17
8771.275 1.3758e-17
8772.800 1.4738e-17
8774.325 1.3341e-17
8775.850 1.7183e-17
8777.375 1.501e-17
8778.900 6.7564e-18
8780.425 8.0418e-18
8781.950 1.3364e-17
8783.475 1.4453e-17
8785.000 1.4806e-17
8786.525 1.6946e-17
8788.050 1.425e-17
8789.575 1.4714e-17
8791.100 1.5147e-17
8792.625 1.4191e-17
8794.150 1.4129e-17
8795.675 1.4439e-17
8797.200 1.5e-17
8798.725 1.4905e-17
8800.250 1.5074e-17
8801.775 1.5536e-17
8803.300 1.4796e-17
8804.825 1.382e-17
8806.350 1.4942e-17
8807.875 1.6202e-17
8809.400 1.6012e-17
8810.925 1.6101e-17
8812.450 1.7544e-17
8813.975 1.7865e-17
8815.500 1.612e-17
8817.025 1.478e-17
8818.550 1.2915e-17
8820.075 9.0895e-18
8821.600 1.2762e-17
8823.125 1.6598e-17
8824.650 1.707e-17
8826.175 1.9393e-17
8827.700 1.0267e-17
8829.225 1.6499e-18
8830.750 1.0229e-17
8832.275 1.8177e-17
8833.800 1.874e-17
8835.325 1.7547e-17
8836.850 1.3109e-17
8838.375 1.2262e-17
8839.900 1.5219e-17
8841.425 1.5226e-17
8842.950 1.577e-17
8844.475 1.7114e-17
8846.000 1.354e-17
8847.525 8.7521e-18
8849.050 1.0343e-17
8850.575 1.4295e-17
8852.100 1.1702e-17
8853.625 1.274e-17
8855.150 1.5457e-17
8856.675 1.1481e-17
8858.200 9.7508e-18
8859.725 1.1791e-17
8861.250 1.0026e-17
8862.775 1.1625e-17
8864.300 1.4078e-17
8865.825 1.3847e-17
8867.350 1.5289e-17
8868.875 1.0423e-17
8870.400 1.0279e-17
8871.925 1.0895e-17
8873.450 1.3166e-17
8874.975 1.4137e-17
8876.500 1.3334e-17
8878.025 1.1108e-17
8879.550 1.0989e-17
8881.075 2.0834e-17
8882.600 2.0054e-17
8884.125 1.3664e-17
8885.650 1.1682e-17
8887.175 8.199e-18
8888.700 1.1476e-17
8890.225 1.2713e-17
8891.750 1.401e-17
8893.275 1.3243e-17
8894.800 1.2961e-17
8896.325 1.3222e-17
8897.850 1.7065e-17
8899.375 1.5366e-17
8900.900 1.0705e-17
8902.425 1.5588e-17
8903.950 1.3057e-17
8905.475 9.4205e-18
8907.000 9.6468e-18
8908.525 1.1628e-17
8910.050 1.1065e-17
8911.575 9.5724e-18
8913.100 8.2835e-18
8914.625 1.294e-17
8916.150 1.3376e-17
8917.675 9.9707e-18
8919.200 1.1277e-17
8920.725 6.169e-18
8922.250 5.5655e-18
8923.775 1.0257e-17
8925.300 1.0136e-17
8926.825 1.1257e-17
8928.350 1.1339e-17
8929.875 9.3903e-18
8931.400 9.0943e-18
8932.925 9.7975e-18
8934.450 9.1971e-18
8935.975 9.5103e-18
8937.500 1.4197e-17
8939.025 1.2943e-17
8940.550 8.5175e-18
8942.075 1.1125e-17
8943.600 1.0133e-17
8945.125 5.4226e-18
8946.650 5.2061e-18
8948.175 7.6813e-18
8949.700 6.8433e-18
8951.225 4.3202e-18
8952.750 7.3314e-18
8954.275 1.0274e-17
8955.800 1.1485e-17
8957.325 1.5695e-17
8958.850 6.2488e-18
8960.375 9.0464e-19
8961.900 4.9482e-18
8963.425 5.615e-18
8964.950 5.8474e-18
8966.475 7.137e-18
8968.000 7.686e-18
8969.525 9.9547e-18
8971.050 9.3377e-18
8972.575 7.2883e-18
8974.100 8.3822e-18
8975.625 7.962e-18
8977.150 5.0433e-18
8978.675 7.0241e-18
8980.200 9.5523e-18
8981.725 9.9399e-18
8983.250 8.0282e-18
8984.775 5.8912e-18
8986.300 4.8314e-18
8987.825 5.6773e-18
8989.350 7.5915e-18
8990.875 5.7233e-18
8992.400 4.6693e-18
8993.925 4.3165e-18
8995.450 1.0205e-17
8996.975 1.4859e-17
8998.500 8.7231e-18
9000.025 8.9761e-18
9001.550 5.2159e-18
9003.075 -1.5896e-18
9004.600 8.9152e-19
9006.125 3.9665e-18
9007.650 3.9125e-18
9009.175 4.5537e-18
9010.700 3.3626e-18
9012.225 3.5319e-18
9013.750 4.8316e-18
9015.275 2.8822e-18
9016.800 2.4067e-18
9018.325 2.5111e-18
9019.850 9.063e-19
9021.375 3.2973e-18
9022.900 6.2074e-18
9024.425 6.2494e-18
9025.950 3.5153e-18
9027.475 2.1033e-18
9029.000 3.2177e-18
9030.525 3.3034e-18
9032.050 3.7346e-18
9033.575 3.6452e-18
9035.100 2.1031e-18
9036.625 2.3376e-18
9038.150 2.9625e-18
9039.675 1.2853e-18
9041.200 1.0386e-18
9042.725 4.8612e-20
9044.250 -1.6595e-18
9045.775 5.7689e-21
9047.300 2.4478e-18
9048.825 2.1961e-18
9050.350 -4.4484e-20
9051.875 1.6241e-18
9053.400 1.6852e-18
9054.925 1.8553e-19
9056.450 1.465e-18
9057.975 3.9246e-18
9059.500 1.8196e-18
9061.025 -7.5596e-19
9062.550 1.6211e-18
9064.075 4.0507e-18
9065.600 1.4338e-18
9067.125 4.1849e-19
9068.650 1.5003e-18
9070.175 3.6448e-18
9071.700 1.7857e-18
9073.225 -6.0904e-19
9074.750 -1.2171e-21
9076.275 2.1443e-18
9077.800 1.3675e-18
9079.325 3.8704e-19
9080.850 1.3057e-18
9082.375 5.5051e-19
9083.900 1.2703e-18
9085.425 2.462e-18
9086.950 3.3087e-18
9088.475 4.4073e-18
9090.000 4.7333e-18
9091.525 3.5971e-19
9093.050 -3.1678e-18
9094.575 4.7277e-19
9096.100 1.6545e-18
9097.625 1.3963e-18
9099.150 4.0334e-18
9100.675 -1.1765e-18
9102.200 -2.9612e-18
9103.725 -2.0988e-19
9105.250 6.7984e-19
9106.775 2.0166e-18
9108.300 2.7211e-18
9109.825 2.1572e-18
9111.350 7.202e-19
9112.875 6.094e-19
9114.400 1.176e-18
9115.925 1.7666e-18
9117.450 2.1355e-18
9118.975 3.2647e-18
9120.500 1.1278e-18
9122.025 3.7203e-19
9123.550 1.8176e-18
9125.075 3.3957e-18
9126.600 1.45e-18
9128.125 2.1616e-18
9129.650 3.009e-18
9131.175 1.7019e-18
9132.700 1.924e-18
9134.225 2.3869e-18
9135.750 2.6973e-18
9137.275 4.6485e-18
9138.800 4.8817e-18
9140.325 4.1289e-18
9141.850 5.0982e-18
9143.375 5.1258e-18
9144.900 3.7543e-18
9146.425 3.8721e-18
9147.950 4.0139e-18
9149.475 2.5163e-18
9151.000 1.4946e-18
9152.525 2.2643e-18
9154.050 3.7719e-18
9155.575 3.1578e-18
9157.100 3.295e-18
9158.625 3.0475e-18
9160.150 2.2686e-18
9161.675 4.3061e-18
9163.200 5.4362e-18
9164.725 5.1241e-18
9166.250 4.2835e-18
9167.775 3.8557e-18
9169.300 2.0387e-18
9170.825 2.6752e-18
9172.350 3.3863e-18
9173.875 3.1844e-18
9175.400 4.0321e-18
9176.925 5.7862e-18
9178.450 5.3326e-18
9179.975 3.522e-18
9181.500 3.2558e-18
9183.025 4.3217e-18
9184.550 4.2183e-18
9186.075 5.7246e-18
9187.600 5.0505e-18
9189.125 3.1784e-18
9190.650 5.4317e-18
9192.175 5.3328e-18
9193.700 4.1111e-18
9195.225 5.1553e-18
9196.750 3.7006e-18
9198.275 2.816e-18
9199.800 5.431e-18
9201.325 6.6052e-18
9202.850 5.2702e-18
9204.375 4.5759e-18
9205.900 5.3966e-18
9207.425 5.1497e-18
9208.950 7.0897e-18
9210.475 6.8096e-18
9212.000 1.5751e-18
9213.525 -1.4704e-18
9215.050 1.7326e-18
9216.575 3.7178e-18
9218.100 5.3231e-18
9219.625 6.2021e-18
9221.150 2.3157e-18
9222.675 -5.5449e-20
9224.200 3.5312e-18
9225.725 5.4241e-18
9227.250 5.4085e-18
9228.775 5.9415e-18
9230.300 4.6084e-18
9231.825 2.2675e-18
9233.350 4.0361e-18
9234.875 5.8873e-18
9236.400 2.1422e-18
9237.925 6.3906e-19
9239.450 4.2379e-18
9240.975 3.7194e-18
9242.500 1.1333e-18
9244.025 2.0963e-18
9245.550 3.3745e-18
9247.075 4.6124e-18
9248.600 4.6594e-18
9250.125 2.3561e-18
9251.650 2.9489e-18
9253.175 6.1962e-18
9254.700 6.8516e-18
9256.225 7.7794e-18
9257.750 1.2051e-17
9259.275 1.1858e-17
9260.800 7.9384e-18
9262.325 5.212e-18
9263.850 2.3465e-18
9265.375 2.8923e-18
9266.900 4.316e-18
9268.425 3.6508e-18
9269.950 1.931e-18
9271.475 3.3585e-18
9273.000 4.5115e-18
9274.525 2.2076e-18
9276.050 2.79e-18
9277.575 5.2059e-18
9279.100 5.5155e-18
9280.625 5.3829e-18
9282.150 4.2905e-18
9283.675 1.9381e-18
9285.200 1.7958e-18
9286.725 2.319e-18
9288.250 4.1437e-18
9289.775 5.0992e-18
9291.300 5.8293e-18
9292.825 6.7458e-18
9294.350 2.7277e-18
9295.875 1.9235e-18
9297.400 2.5336e-18
9298.925 4.3372e-19
9300.450 1.7847e-18
9301.975 6.2931e-18
9303.500 4.7761e-18
9305.025 5.089e-18
9306.550 1.3778e-17
9308.075 1.227e-17
9309.600 3.9623e-18
9311.125 1.1184e-17
9312.650 1.3925e-18
9314.175 -3.8276e-18
9315.700 -8.2067e-18
9317.225 -6.4409e-18
9318.750 3.0469e-18
9320.275 5.0296e-18
9321.800 1.194e-17
9323.325 5.5766e-18
9324.850 -1.9765e-18
9326.375 1.7262e-18
9327.900 1.5745e-18
9329.425 -2.1237e-18
9330.950 -1.2342e-18
9332.475 1.2178e-18
9334.000 6.7529e-18
9335.525 7.8066e-18
9337.050 4.2577e-18
9338.575 3.5312e-18
9340.100 2.4869e-18
9341.625 1.6771e-18
9343.150 8.6103e-18
9344.675 9.6315e-18
9346.200 6.3215e-18
9347.725 5.1744e-18
9349.250 2.7517e-18
9350.775 7.4703e-19
9352.300 1.9918e-18
9353.825 3.9668e-18
9355.350 3.2263e-18
9356.875 1.1994e-18
9358.400 6.0627e-19
9359.925 1.0086e-18
9361.450 1.749e-18
9362.975 4.5174e-18
9364.500 5.9646e-18
9366.025 1.6403e-18
9367.550 -6.5697e-18
9369.075 -4.1098e-18
9370.600 1.1803e-17
9372.125 1.0682e-17
9373.650 -8.8201e-18
9375.175 -7.6074e-18
9376.700 6.3109e-19
9378.225 -7.9336e-18
9379.750 2.5634e-19
9381.275 3.4746e-18
9382.800 3.6611e-18
9384.325 8.0406e-18
9385.850 5.8127e-18
9387.375 1.0444e-18
9388.900 2.374e-18
9390.425 6.5661e-18
9391.950 5.4423e-18
9393.475 4.5377e-18
9395.000 6.273e-18
9396.525 3.3513e-18
9398.050 -2.1448e-20
9399.575 3.5572e-18
9401.100 7.4916e-18
9402.625 4.9803e-18
9404.150 3.5779e-19
9405.675 6.195e-19
9407.200 4.1409e-18
9408.725 5.289e-18
9410.250 4.4099e-18
9411.775 2.122e-18
9413.300 2.7946e-18
9414.825 7.598e-18
9416.350 1.196e-17
9417.875 1.0891e-17
9419.400 5.204e-19
9420.925 -3.1789e-18
9422.450 -5.121e-19
9423.975 1.8795e-18
9425.500 5.6177e-19
9427.025 2.5714e-18
9428.550 3.817e-18
9430.075 2.5951e-18
9431.600 -2.7767e-19
9433.125 -2.61e-18
9434.650 -2.5114e-18
9436.175 -6.0727e-18
9437.700 -3.9524e-18
9439.225 -6.3516e-18
9440.750 -7.4603e-18
9442.275 -4.8975e-18
9443.800 -4.2174e-18
9445.325 -1.9447e-18
9446.850 1.0568e-18
9448.375 1.1681e-18
9449.900 -1.6232e-19
9451.425 1.7428e-18
9452.950 6.0638e-18
9454.475 5.1424e-18
9456.000 2.5875e-18
9457.525 7.2694e-18
9459.050 3.2011e-18
9460.575 -2.0277e-18
9462.100 -1.7548e-19
9463.625 -1.0245e-18
9465.150 1.1156e-18
9466.675 2.5405e-18
9468.200 5.833e-19
9469.725 3.3952e-18
9471.250 7.1506e-18
9472.775 1.5259e-18
9474.300 -3.1924e-19
9475.825 3.9659e-18
9477.350 1.3337e-18
9478.875 -1.502e-18
9480.400 -5.0887e-20
9481.925 5.3971e-18
9483.450 7.478e-18
9484.975 5.332e-18
9486.500 3.4174e-18
9488.025 4.6453e-18
9489.550 5.242e-18
9491.075 3.7788e-18
9492.600 2.0828e-18
9494.125 2.6833e-18
9495.650 -8.9714e-20
9497.175 2.1406e-18
9498.700 1.1328e-17
9500.225 8.0424e-18
9501.750 4.6938e-18
9503.275 1.8852e-18
9504.800 3.0431e-20
9506.325 6.2263e-19
9507.850 3.5094e-18
9509.375 4.3621e-18
9510.900 1.4548e-20
9512.425 6.3989e-19
9513.950 9.7479e-18
9515.475 6.4675e-18
9517.000 4.7397e-18
9518.525 1.128e-17
9520.050 -4.3188e-19
9521.575 -6.1383e-18
9523.100 7.4349e-19
9524.625 2.5021e-18
9526.150 4.5344e-18
9527.675 7.9543e-18
9529.200 9.4435e-18
9530.725 8.8065e-18
9532.250 6.5248e-18
9533.775 6.8025e-18
9535.300 6.1442e-18
9536.825 1.8399e-18
9538.350 1.4987e-18
9539.875 4.2913e-18
9541.400 5.0928e-18
9542.925 3.3766e-18
9544.450 2.1123e-19
9545.975 4.2952e-18
9547.500 1.1236e-17
9549.025 8.6392e-18
9550.550 1.2415e-18
9552.075 -4.1322e-18
9553.600 -8.1552e-19
9555.125 -8.3792e-19
9556.650 -1.0566e-18
9558.175 -6.448e-19
9559.700 -1.361e-18
9561.225 8.0524e-20
9562.750 3.9753e-18
9564.275 -6.2642e-19
9565.800 -9.1492e-19
9567.325 6.4633e-18
9568.850 2.2413e-18
9570.375 5.819e-19
9571.900 4.0696e-18
9573.425 1.8764e-18
9574.950 8.9105e-19
9576.475 1.3022e-18
9578.000 1.0807e-18
9579.525 5.9462e-20
9581.050 -5.4901e-19
9582.575 2.3182e-19
9584.100 -3.7823e-19
9585.625 4.0039e-19
9587.150 2.7194e-18
9588.675 1.8705e-18
9590.200 5.6043e-19
9591.725 2.2741e-18
9593.250 3.1636e-18
9594.775 3.5018e-18
9596.300 9.5789e-19
9597.825 -2.7685e-18
9599.350 -3.8353e-18
9600.875 2.3076e-18
9602.400 7.8775e-18
9603.925 7.4183e-18
9605.450 2.821e-18
9606.975 1.9303e-18
9608.500 4.2317e-18
9610.025 2.4954e-19
9611.550 -1.8707e-19
9613.075 -7.3409e-19
9614.600 1.9761e-19
9616.125 -5.3062e-19
9617.650 -6.6577e-18
9619.175 -2.9835e-18
9620.700 2.658e-18
9622.225 -1.8605e-19
9623.750 -1.4121e-18
9625.275 -3.0262e-20
9626.800 1.6248e-18
9628.325 2.3868e-18
9629.850 9.1321e-19
9631.375 -8.6185e-19
9632.900 -2.8656e-18
9634.425 -2.8844e-18
9635.950 -2.3879e-18
9637.475 -7.2292e-19
9639.000 5.474e-19
9640.525 -2.1506e-19
9642.050 7.6435e-20
9643.575 2.2003e-18
9645.100 2.4658e-18
9646.625 2.0379e-18
9648.150 1.4205e-18
9649.675 2.1582e-18
9651.200 2.92e-18
9652.725 2.6862e-18
9654.250 2.1363e-18
9655.775 -2.083e-19
9657.300 -1.8869e-18
9658.825 -6.838e-19
9660.350 -1.2316e-19
9661.875 1.2688e-18
9663.400 4.0444e-18
9664.925 9.0369e-19
9666.450 -3.0206e-18
9667.975 -1.0107e-18
9669.500 -9.8401e-19
9671.025 -2.8127e-18
9672.550 -1.981e-18
9674.075 -2.2459e-18
9675.600 -3.1833e-18
9677.125 8.6428e-20
9678.650 3.0527e-18
9680.175 3.0762e-18
9681.700 2.9499e-18
9683.225 1.384e-18
9684.750 -1.9328e-18
9686.275 -3.1581e-18
9687.800 -2.7592e-18
9689.325 -2.9622e-18
9690.850 -4.3663e-19
9692.375 -5.2407e-19
9693.900 -3.0156e-19
9695.425 4.8002e-18
9696.950 6.0851e-18
9698.475 4.1974e-18
9700.000 -3.0588e-18
9701.525 -3.9912e-18
9703.050 2.2633e-19
9704.575 3.5609e-18
9706.100 6.9692e-18
9707.625 8.0601e-18
9709.150 4.2886e-18
9710.675 2.2159e-18
9712.200 3.0904e-18
9713.725 3.7788e-18
9715.250 4.2256e-18
9716.775 5.3724e-18
9718.300 7.9975e-18
9719.825 1.1047e-17
9721.350 8.5264e-18
9722.875 3.8493e-18
9724.400 2.5719e-18
9725.925 5.7744e-18
9727.450 1.1658e-17
9728.975 1.9385e-17
9730.500 2.0181e-17
9732.025 1.3498e-17
9733.550 6.8285e-18
9735.075 3.173e-18
9736.600 5.6656e-18
9738.125 5.7382e-18
9739.650 2.1015e-18
9741.175 2.5654e-18
9742.700 2.629e-18
9744.225 3.4461e-18
9745.750 4.5628e-18
9747.275 3.7987e-18
9748.800 5.0149e-18
9750.325 6.5136e-18
9751.850 3.6518e-18
9753.375 4.3689e-18
9754.900 2.7517e-18
9756.425 -1.4287e-19
9757.950 8.579e-19
9759.475 5.6866e-18
9761.000 5.0959e-18
9762.525 6.0166e-18
9764.050 7.3202e-18
9765.575 3.9877e-18
9767.100 3.4831e-18
9768.625 3.404e-18
9770.150 3.6279e-18
9771.675 6.4627e-18
9773.200 5.5792e-18
9774.725 2.4151e-18
9776.250 3.9187e-18
9777.775 5.0047e-18
9779.300 4.6819e-18
9780.825 4.7706e-18
9782.350 4.8163e-18
9783.875 3.4898e-18
9785.400 1.8955e-18
9786.925 2.0026e-18
9788.450 -2.5977e-18
9789.975 -1.324e-18
9791.500 1.1598e-18
9793.025 -2.1551e-18
9794.550 3.1552e-18
9796.075 6.1129e-18
9797.600 2.0606e-18
9799.125 -1.4035e-18
9800.650 -3.5344e-18
9802.175 -2.7471e-20
9803.700 4.0936e-18
9805.225 5.2013e-18
9806.750 2.5691e-18
9808.275 -5.6252e-19
9809.800 -2.2049e-18
9811.325 1.601e-19
9812.850 3.9531e-18
9814.375 4.6011e-18
9815.900 3.6138e-18
9817.425 2.5849e-18
9818.950 6.5656e-19
9820.475 1.7819e-18
9822.000 3.7952e-18
9823.525 3.19e-18
9825.050 2.0021e-18
9826.575 3.5518e-18
9828.100 3.0119e-18
9829.625 5.3514e-18
9831.150 5.5028e-18
9832.675 6.6371e-18
9834.200 6.3658e-18
9835.725 3.8734e-18
9837.250 3.2415e-18
9838.775 2.3739e-18
9840.300 5.6759e-18
9841.825 3.9825e-18
9843.350 4.3751e-18
9844.875 9.1794e-18
9846.400 5.4179e-18
9847.925 3.8784e-18
9849.450 7.3054e-18
9850.975 5.7887e-18
9852.500 3.1863e-18
9854.025 3.4533e-18
9855.550 2.1516e-18
9857.075 5.6649e-19
9858.600 3.3728e-18
9860.125 6.4722e-18
9861.650 6.1992e-18
9863.175 4.4656e-18
9864.700 4.0596e-18
9866.225 9.5729e-18
9867.750 1.2218e-17
9869.275 -3.4905e-18
9870.800 6.9981e-18
9872.325 1.7801e-17
9873.850 3.5487e-18
9875.375 -2.695e-18
9876.900 1.2657e-18
9878.425 4.0531e-18
9879.950 5.8276e-18
9881.475 1.5195e-18
9883.000 1.7871e-18
9884.525 6.7541e-18
9886.050 6.487e-18
9887.575 2.8421e-18
9889.100 6.8084e-18
9890.625 1.0429e-17
9892.150 4.1138e-18
9893.675 1.1185e-19
9895.200 -7.7971e-19
9896.725 -2.7521e-18
9898.250 3.5074e-19
9899.775 5.8292e-18
9901.300 6.8244e-18
9902.825 6.2281e-18
9904.350 4.9826e-18
9905.875 3.0411e-18
9907.400 4.3449e-18
9908.925 9.7077e-18
9910.450 9.6569e-18
9911.975 4.4585e-18
9913.500 4.2936e-18
9915.025 3.6622e-18
9916.550 1.3422e-18
9918.075 1.3792e-18
9919.600 1.6985e-18
9921.125 2.1262e-18
9922.650 4.8074e-18
9924.175 5.8951e-18
9925.700 1.6734e-18
9927.225 2.2782e-18
9928.750 2.8107e-18
9930.275 3.3541e-18
9931.800 6.5112e-18
9933.325 1.0189e-17
9934.850 6.1064e-18
9936.375 7.3433e-18
9937.900 1.5192e-17
9939.425 1.3153e-17
9940.950 1.6369e-17
9942.475 1.7636e-17
9944.000 2.3812e-18
9945.525 -6.2476e-18
9947.050 -2.6365e-18
9948.575 -2.7369e-19
9950.100 -2.7648e-18
9951.625 7.3953e-18
9953.150 1.3731e-17
9954.675 9.2976e-18
9956.200 1.0416e-17
9957.725 5.6386e-18
9959.250 -2.5596e-19
9960.775 3.5612e-18
9962.300 -9.8554e-18
9963.825 -4.2862e-18
9965.350 9.7101e-19
9966.875 3.5056e-18
9968.400 6.0804e-18
9969.925 1.1567e-17
9971.450 4.1676e-18
9972.975 4.5343e-18
9974.500 9.651e-18
9976.025 8.6422e-18
9977.550 6.7618e-18
9979.075 7.6813e-18
9980.600 7.1725e-18
9982.125 3.8071e-18
9983.650 3.7519e-18
9985.175 1.7394e-18
9986.700 -1.3629e-18
9988.225 -7.9076e-19
9989.750 3.7859e-19
9991.275 2.4882e-18
9992.800 4.4534e-18
9994.325 2.3884e-18
9995.850 2.3447e-18
9997.375 4.5656e-19
9998.900 -1.8138e-18
10000.425 -5.3793e-18
10001.950 -3.3551e-18
10003.475 3.5217e-18
10005.000 3.947e-18
10006.525 4.6913e-18
10008.050 8.9258e-18
10009.575 7.1719e-18
10011.100 1.1223e-17
10012.625 1.29e-17
10014.150 5.9628e-18
10015.675 -2.7131e-18
10017.200 -4.202e-18
10018.725 3.3843e-18
10020.250 7.7622e-18
10021.775 7.8101e-18
10023.300 5.6491e-18
10024.825 -9.0665e-19
10026.350 -4.5977e-18
10027.875 -9.1002e-19
10029.400 7.647e-19
10030.925 -2.0915e-19
10032.450 3.0626e-18
10033.975 6.3623e-18
10035.500 4.4051e-18
10037.025 1.8925e-19
10038.550 8.9146e-20
10040.075 9.2792e-19
10041.600 -9.8489e-19
10043.125 1.9045e-18
10044.650 7.3362e-19
10046.175 -6.0845e-18
10047.700 -4.214e-18
10049.225 6.8315e-19
10050.750 3.5536e-18
10052.275 5.8853e-18
10053.800 7.1033e-19
10055.325 -8.8904e-20
10056.850 4.3681e-18
10058.375 1.4752e-18
10059.900 2.9051e-18
10061.425 1.3902e-18
10062.950 -2.0039e-18
10064.475 -1.1567e-18
10066.000 1.4502e-17
10067.525 1.9695e-17
10069.050 8.3698e-18
10070.575 2.3289e-18
10072.100 5.7044e-18
10073.625 5.817e-18
10075.150 3.0774e-18
10076.675 1.2792e-18
10078.200 -3.1994e-18
10079.725 6.4787e-18
10081.250 1.2308e-17
10082.775 1.1965e-17
10084.300 -3.5388e-18
10085.825 4.011e-18
10087.350 1.8939e-18
10088.875 -1.9696e-18
10090.400 4.7225e-18
10091.925 1.0349e-17
10093.450 9.8176e-18
10094.975 1.1517e-17
10096.500 8.3042e-18
10098.025 2.8213e-18
10099.550 1.1469e-17
10101.075 7.3935e-18
10102.600 3.3506e-18
10104.125 9.1693e-18
10105.650 1.6136e-18
10107.175 -3.7227e-18
10108.700 -5.8481e-18
10110.225 -3.4503e-18
10111.750 -2.7153e-18
10113.275 -5.2823e-18
10114.800 7.7297e-19
10116.325 -2.31e-18
10117.850 -4.8727e-18
10119.375 2.5436e-17
10120.900 3.3727e-17
10122.425 8.3443e-18
10123.950 8.2072e-18
10125.475 -1.1391e-18
10127.000 -8.8053e-18
10128.525 4.8624e-18
10130.050 1.1328e-17
10131.575 1.9957e-18
10133.100 -4.0303e-19
10134.625 3.1157e-18
10136.150 2.885e-18
10137.675 4.6649e-18
10139.200 8.9873e-18
10140.725 4.3784e-18
10142.250 -2.3223e-18
10143.775 1.8894e-18
10145.300 5.2533e-19
10146.825 1.8511e-18
10148.350 1.0492e-17
10149.875 5.2995e-18
10151.400 -1.3404e-18
10152.925 4.3922e-18
10154.450 -1.4998e-19
10155.975 -3.6317e-18
10157.500 9.5103e-18
10159.025 9.1415e-18
10160.550 1.8528e-18
10162.075 4.1193e-18
10163.600 3.3998e-18
10165.125 -8.4608e-18
10166.650 -1.4896e-18
10168.175 1.5831e-17
10169.700 4.8315e-18
10171.225 -7.8958e-18
10172.750 -4.5568e-18
10174.275 -6.6495e-18
10175.800 -9.2834e-18
10177.325 1.8096e-18
10178.850 7.0555e-18
10180.375 -3.1134e-18
10181.900 -9.5913e-19
10183.425 8.9814e-19
10184.950 -8.9223e-19
10186.475 -1.0236e-17
10188.000 -1.0654e-17
10189.525 -3.6898e-18
10191.050 -5.0699e-18
10192.575 8.8939e-18
10194.100 1.2161e-17
10195.625 3.7616e-18
10197.150 -1.3245e-18
10198.675 3.0187e-18
10200.200 7.6707e-18
10201.725 2.338e-18
10203.250 -7.4112e-18
10204.775 -6.1779e-18
10206.300 -1.7999e-18
10207.825 -4.8455e-19
10209.350 -1.5863e-17
10210.875 1.8128e-18
10212.400 1.3344e-18
10213.925 4.0659e-18
10215.450 3.6275e-18
10216.975 3.6859e-18
10218.500 -1.7936e-18
10220.025 4.2223e-18
10221.550 7.9898e-18
10223.075 7.231e-18
10224.600 8.1446e-19
10226.125 4.774e-18
10227.650 7.7067e-18
10229.175 3.6076e-18
10230.700 -2.1344e-18
10232.225 -1.068e-17
10233.750 -8.6895e-18
10235.275 -4.7069e-18
10236.800 -7.1636e-18
10238.325 1.6545e-18
10239.850 5.3732e-18
10241.375 -4.8721e-18
10242.900 -6.5992e-18
10244.425 7.0815e-18
10245.950 8.2474e-18
10247.475 1.3747e-19
10249.000 -2.748e-18
10250.525 -2.4434e-18
10252.050 6.2884e-18
10253.575 7.8184e-18
10255.100 4.1884e-18
10256.625 3.5245e-18
10258.150 5.2518e-18
10259.675 5.4845e-18
10261.200 -1.5311e-18
10262.725 2.2234e-18
10264.250 4.5286e-18
10265.775 5.0369e-18
10267.300 1.2436e-17
10268.825 6.1229e-18
10270.350 3.9376e-18
10271.875 7.1092e-18
10273.400 -3.5416e-18
10274.925 -5.1597e-18
10276.450 6.8888e-19
10277.975 6.2648e-18
10279.500 1.1983e-17
10281.025 1.9422e-18
10282.550 6.9639e-18
10284.075 2.0083e-17
10285.600 3.4789e-17
10287.125 3.2412e-17
10288.650 -1.026e-18
10290.175 -8.2699e-18
10291.700 -1.4087e-17
10293.225 -4.5876e-18
10294.750 6.3528e-18
10296.275 1.2449e-17
10297.800 2.053e-17
10299.325 1.1664e-17
10300.850 -4.7159e-19
10302.375 -6.6028e-18
10303.900 2.8485e-18
10305.425 1.7589e-17
10306.950 2.854e-18
10308.475 -1.0752e-18
10310.000 9.1309e-18
10311.525 7.4071e-18
10313.050 -1.7776e-17
10314.575 -4.7067e-18
10316.100 1.9537e-17
10317.625 3.9174e-18
10319.150 -7.7871e-18
10320.675 4.3384e-18
10322.200 -3.3676e-18
10323.725 -1.3541e-17
10325.250 -3.6823e-18
10326.775 2.7314e-18
10328.300 -2.0042e-19
10329.825 2.0886e-18
10331.350 -6.0183e-18
10332.875 -5.2262e-18
10334.400 1.894e-19
10335.925 -2.8967e-18
10337.450 -9.9175e-19
10338.975 1.2411e-17
10340.500 1.106e-17
10342.025 -2.4615e-18
10343.550 -7.975e-18
10345.075 -4.0816e-18
10346.600 -1.2485e-17
10348.125 9.6746e-18
10349.650 2.1865e-17
10351.175 1.9519e-17
10352.700 -5.6541e-18
10354.225 1.5993e-17
10355.750 4.0014e-17
10357.275 2.7195e-17
10358.800 1.9493e-17
10360.325 1.099e-17
10361.850 1.5069e-18
10363.375 5.9563e-18
10364.900 1.1367e-17
10366.425 2.8302e-18
10367.950 7.3888e-18
10369.475 8.1907e-18
10371.000 -9.3425e-18
10372.525 9.755e-18
10374.050 1.1369e-17
10375.575 -8.7054e-18
10377.100 -1.0517e-17
10378.625 -1.2821e-17
10380.150 -1.5405e-17
10381.675 -5.2931e-18
10383.200 2.253e-18
10384.725 -7.2357e-18
10386.250 -3.2112e-18
10387.775 7.7067e-18
10389.300 -1.0572e-17
10390.825 -2.5002e-17
10392.350 3.8507e-18
10393.875 1.533e-17
10395.400 2.8167e-18
10396.925 1.0311e-17
10398.450 5.3636e-18
10399.975 -1.0284e-17
10401.500 -4.6702e-18
10403.025 -6.5431e-18
10404.550 -1.6131e-17
10406.075 -4.4326e-18
10407.600 3.7943e-18
10409.125 -5.8356e-18
10410.650 -5.2962e-18
10412.175 -3.4799e-18
10413.700 -1.4052e-17
10415.225 -2.3618e-17
10416.750 -1.8202e-17
10418.275 -1.2682e-17
10419.800 -3.1542e-17
10421.325 -1.6914e-17
10422.850 -1.3559e-17
10424.375 -1.7988e-17
10425.900 4.3754e-18
10427.425 3.979e-18
10428.950 -6.328e-18
10430.475 3.3066e-18
10432.000 9.9583e-18
10433.525 -8.9046e-18
10435.050 1.6274e-18
10436.575 9.4175e-18
10438.100 -1.1798e-17
10439.625 1.2022e-17
10441.150 1.8519e-17
10442.675 -1.6318e-17
10444.200 -1.8953e-17
10445.725 -3.3587e-18
10447.250 -1.6592e-17
10448.775 -1.2314e-17
10450.300 1.2436e-17
10451.825 1.9789e-19
10453.350 1.2056e-18
10454.875 2.1185e-17
10456.400 1.4642e-17
10457.925 2.639e-17
10459.450 2.8157e-17
10460.975 -3.9837e-18
10462.500 -3.2374e-18
10464.025 1.2103e-17
10465.550 1.9438e-17
10467.075 4.8772e-18
10468.600 3.4458e-17
10470.125 2.1539e-17
10471.650 -8.7137e-19
10473.175 3.3548e-18
10474.700 -1.2139e-18
10476.225 -2.8852e-17
10477.750 7.4762e-18
10479.275 5.0918e-17
10480.800 -8.3237e-18
10482.325 -7.9868e-18
10483.850 3.7683e-17
10485.375 1.6441e-17
10486.900 -1.4343e-17
10488.425 3.2015e-17
10489.950 -4.6602e-18
10491.475 -1.5663e-17
10493.000 2.6691e-17
10494.525 -4.8137e-17
10496.050 -5.0828e-17
10497.575 -2.5231e-17
10499.100 1.2271e-17
10500.625 6.4976e-18
