3530.41 1.60144e-16
3532.59234468 1.96928e-16
3534.77468935 1.42582e-16
3536.95703403 1.46969e-16
3539.1393787 1.96713e-16
3541.32172338 1.27433e-16
3543.50406805 1.12333e-16
3545.68641273 1.44915e-16
3547.8687574 1.67247e-16
3550.05110208 7.64059e-17
3552.23344675 9.38502e-17
3554.41579143 1.44477e-16
3556.5981361 1.22034e-16
3558.78048078 1.45496e-16
3560.96282545 1.65405e-16
3563.14517013 1.42135e-16
3565.3275148 1.11839e-16
3567.50985948 1.43505e-16
3569.69220415 1.04627e-16
3571.87454883 1.00883e-16
3574.0568935 1.43935e-16
3576.23923818 1.77283e-16
3578.42158285 2.28083e-16
3580.60392753 1.3253e-16
3582.7862722 5.6277e-17
3584.96861688 9.71131e-17
3587.15096155 1.61182e-16
3589.33330623 1.54744e-16
3591.5156509 1.25736e-16
3593.69799558 1.72797e-16
3595.88034025 1.54673e-16
3598.06268493 1.09373e-16
3600.2450296 1.35348e-16
3602.42737428 1.50184e-16
3604.60971895 1.29251e-16
3606.79206363 1.21903e-16
3608.9744083 1.12566e-16
3611.15675298 1.50787e-16
3613.33909765 1.7403e-16
3615.52144233 1.2177e-16
3617.703787 1.27417e-16
3619.88613168 1.23009e-16
3622.06847635 1.0218e-16
3624.25082103 1.33344e-16
3626.4331657 7.67355e-17
3628.61551038 1.20615e-16
3630.79785505 1.68158e-16
3632.98019973 1.48307e-16
3635.1625444 1.35605e-16
3637.34488908 1.06312e-16
3639.52723375 1.09578e-16
3641.70957843 1.6597e-16
3643.8919231 1.52754e-16
3646.07426778 1.12172e-16
3648.25661245 1.22678e-16
3650.43895713 1.30016e-16
3652.6213018 1.31062e-16
3654.80364648 1.38868e-16
3656.98599115 1.3665e-16
3659.16833583 1.51515e-16
3661.3506805 1.23184e-16
3663.53302518 1.0553e-16
3665.71536985 1.25107e-16
3667.89771453 1.13354e-16
3670.0800592 1.41394e-16
3672.26240388 1.49468e-16
3674.44474855 6.66048e-17
3676.62709323 1.15971e-16
3678.8094379 1.21267e-16
3680.99178258 1.01751e-16
3683.17412725 1.21409e-16
3685.35647193 1.4538e-16
3687.5388166 1.49107e-16
3689.72116128 1.20444e-16
3691.90350595 1.38974e-16
3694.08585063 1.44677e-16
3696.2681953 1.36457e-16
3698.45053998 1.52351e-16
3700.63288465 1.44239e-16
3702.81522933 1.97776e-16
3704.99757401 2.04197e-16
3707.17991868 1.57426e-16
3709.36226336 1.29779e-16
3711.54460803 1.41511e-16
3713.72695271 1.10498e-16
3715.90929738 1.3137e-16
3718.09164206 1.67413e-16
3720.27398673 1.67387e-16
3722.45633141 1.28538e-16
3724.63867608 1.14651e-16
3726.82102076 1.61744e-16
3729.00336543 1.38636e-16
3731.18571011 1.23569e-16
3733.36805478 1.6401e-16
3735.55039946 1.12489e-16
3737.73274413 1.08242e-16
3739.91508881 1.35628e-16
3742.09743348 1.32417e-16
3744.27977816 1.37242e-16
3746.46212283 9.81123e-17
3748.64446751 1.46265e-16
3750.82681218 1.32491e-16
3753.00915686 8.09773e-17
3755.19150153 1.15433e-16
3757.37384621 1.36432e-16
3759.55619088 9.93891e-17
3761.73853556 1.35961e-16
3763.92088023 1.54259e-16
3766.10322491 1.26633e-16
3768.28556958 1.86662e-16
3770.46791426 1.36809e-16
3772.65025893 1.46423e-16
3774.83260361 1.44765e-16
3777.01494828 1.45175e-16
3779.19729296 1.11167e-16
3781.37963763 1.34548e-16
3783.56198231 1.39506e-16
3785.74432698 1.40252e-16
3787.92667166 9.25382e-17
3790.10901633 1.17751e-16
3792.29136101 1.4228e-16
3794.47370568 1.56594e-16
3796.65605036 1.20707e-16
3798.83839503 1.34531e-16
3801.02073971 1.31963e-16
3803.20308438 1.69705e-16
3805.38542906 1.51905e-16
3807.56777373 1.18139e-16
3809.75011841 1.44521e-16
3811.93246308 1.63648e-16
3814.11480776 1.33629e-16
3816.29715243 1.42546e-16
3818.47949711 1.43784e-16
3820.66184178 1.05536e-16
3822.84418646 1.10734e-16
3825.02653113 1.07816e-16
3827.20887581 1.37256e-16
3829.39122048 1.15066e-16
3831.57356516 1.12579e-16
3833.75590983 1.2109e-16
3835.93825451 1.48978e-16
3838.12059918 1.45526e-16
3840.30294386 1.35582e-16
3842.48528853 1.44442e-16
3844.66763321 1.20226e-16
3846.84997788 1.40773e-16
3849.03232256 1.32542e-16
3851.21466723 1.39214e-16
3853.39701191 1.3714e-16
3855.57935658 1.62591e-16
3857.76170126 1.45991e-16
3859.94404593 1.29468e-16
3862.12639061 1.01538e-16
3864.30873528 1.05664e-16
3866.49107996 1.18071e-16
3868.67342463 1.16625e-16
3870.85576931 1.33937e-16
3873.03811399 1.33457e-16
3875.22045866 1.35384e-16
3877.40280334 1.59922e-16
3879.58514801 1.69153e-16
3881.76749269 1.27846e-16
3883.94983736 1.14117e-16
3886.13218204 1.22448e-16
3888.31452671 1.42215e-16
3890.49687139 1.31454e-16
3892.67921606 1.34686e-16
3894.86156074 1.49064e-16
3897.04390541 1.36119e-16
3899.22625009 1.12859e-16
3901.40859476 8.62744e-17
3903.59093944 1.14872e-16
3905.77328411 1.29027e-16
3907.95562879 1.11131e-16
3910.13797346 1.08788e-16
3912.32031814 1.32198e-16
3914.50266281 1.2572e-16
3916.68500749 1.11647e-16
3918.86735216 1.30735e-16
3921.04969684 1.44084e-16
3923.23204151 1.23349e-16
3925.41438619 1.67239e-16
3927.59673086 1.71113e-16
3929.77907554 1.16801e-16
3931.96142021 1.06907e-16
3934.14376489 9.1593e-17
3936.32610956 9.1372e-17
3938.50845424 1.05369e-16
3940.69079891 1.20433e-16
3942.87314359 1.22229e-16
3945.05548826 1.16079e-16
3947.23783294 1.1335e-16
3949.42017761 1.31965e-16
3951.60252229 1.4511e-16
3953.78486696 1.28039e-16
3955.96721164 1.49064e-16
3958.14955631 1.43348e-16
3960.33190099 1.11468e-16
3962.51424566 1.22912e-16
3964.69659034 1.17423e-16
3966.87893501 1.19286e-16
3969.06127969 1.31291e-16
3971.24362436 1.66049e-16
3973.42596904 1.82164e-16
3975.60831371 1.5475e-16
3977.79065839 1.55537e-16
3979.97300306 1.72939e-16
3982.15534774 1.31833e-16
3984.33769241 7.87803e-17
3986.52003709 8.52237e-17
3988.70238176 1.16331e-16
3990.88472644 1.22257e-16
3993.06707111 1.39266e-16
3995.24941579 1.13026e-16
3997.43176046 8.92961e-17
3999.61410514 1.0401e-16
4001.79644981 1.36378e-16
4003.97879449 1.00159e-16
4006.16113916 9.73599e-17
4008.34348384 1.23411e-16
4010.52582851 1.32842e-16
4012.70817319 1.21385e-16
4014.89051786 1.74316e-16
4017.07286254 1.78868e-16
4019.25520721 1.40175e-16
4021.43755189 1.08683e-16
4023.61989656 1.52985e-16
4025.80224124 1.49728e-16
4027.98458591 1.49371e-16
4030.16693059 1.25463e-16
4032.34927526 8.88049e-17
4034.53161994 1.34354e-16
4036.71396461 1.15931e-16
4038.89630929 8.76089e-17
4041.07865396 1.28053e-16
4043.26099864 1.25785e-16
4045.44334332 1.47203e-16
4047.62568799 1.31868e-16
4049.80803267 1.35081e-16
4051.99037734 1.42165e-16
4054.17272202 1.66436e-16
4056.35506669 1.09083e-16
4058.53741137 1.09738e-16
4060.71975604 1.14878e-16
4062.90210072 1.23397e-16
4065.08444539 1.24118e-16
4067.26679007 1.19993e-16
4069.44913474 1.4228e-16
4071.63147942 1.06517e-16
4073.81382409 1.44193e-16
4075.99616877 1.28948e-16
4078.17851344 1.37134e-16
4080.36085812 1.23258e-16
4082.54320279 1.21588e-16
4084.72554747 1.25492e-16
4086.90789214 1.26003e-16
4089.09023682 1.3566e-16
4091.27258149 1.46514e-16
4093.45492617 1.39694e-16
4095.63727084 1.14665e-16
4097.81961552 1.50308e-16
4100.00196019 1.17566e-16
4102.18430487 1.19232e-16
4104.36664954 1.62977e-16
4106.54899422 1.14343e-16
4108.73133889 1.15937e-16
4110.91368357 1.653e-16
4113.09602824 1.65216e-16
4115.27837292 1.21677e-16
4117.46071759 1.15647e-16
4119.64306227 1.56937e-16
4121.82540694 1.50983e-16
4124.00775162 1.7881e-16
4126.19009629 1.44202e-16
4128.37244097 1.51567e-16
4130.55478564 1.45545e-16
4132.73713032 1.18962e-16
4134.91947499 1.14417e-16
4137.10181967 1.56742e-16
4139.28416434 1.36644e-16
4141.46650902 1.45004e-16
4143.64885369 1.36976e-16
4145.83119837 1.28473e-16
4148.01354304 1.5477e-16
4150.19588772 1.37307e-16
4152.37823239 1.34769e-16
4154.56057707 1.44824e-16
4156.74292174 1.53208e-16
4158.92526642 1.44782e-16
4161.10761109 1.55156e-16
4163.28995577 1.79662e-16
4165.47230044 1.66825e-16
4167.65464512 1.47241e-16
4169.83698979 1.33019e-16
4172.01933447 1.17209e-16
4174.20167914 1.3554e-16
4176.38402382 1.69015e-16
4178.56636849 1.72003e-16
4180.74871317 1.59743e-16
4182.93105784 1.4877e-16
4185.11340252 1.59437e-16
4187.29574719 1.58233e-16
4189.47809187 1.11837e-16
4191.66043654 1.20664e-16
4193.84278122 1.50852e-16
4196.02512589 1.50979e-16
4198.20747057 1.48926e-16
4200.38981524 1.27464e-16
4202.57215992 1.18864e-16
4204.75450459 1.19447e-16
4206.93684927 1.223e-16
4209.11919394 1.59265e-16
4211.30153862 1.54363e-16
4213.4838833 1.36232e-16
4215.66622797 1.55111e-16
4217.84857265 1.52884e-16
4220.03091732 1.60284e-16
4222.213262 1.67023e-16
4224.39560667 1.75672e-16
4226.57795135 1.70746e-16
4228.76029602 1.63629e-16
4230.9426407 1.54454e-16
4233.12498537 1.37064e-16
4235.30733005 1.61612e-16
4237.48967472 1.43832e-16
4239.6720194 1.2646e-16
4241.85436407 1.518e-16
4244.03670875 1.35285e-16
4246.21905342 1.31394e-16
4248.4013981 1.443e-16
4250.58374277 1.22442e-16
4252.76608745 1.58439e-16
4254.94843212 1.22541e-16
4257.1307768 1.55438e-16
4259.31312147 1.55161e-16
4261.49546615 1.23174e-16
4263.67781082 1.32667e-16
4265.8601555 1.24911e-16
4268.04250017 1.16364e-16
4270.22484485 1.3177e-16
4272.40718952 1.1833e-16
4274.5895342 1.11169e-16
4276.77187887 1.55292e-16
4278.95422355 1.27379e-16
4281.13656822 1.32828e-16
4283.3189129 1.51726e-16
4285.50125757 1.25905e-16
4287.68360225 1.28654e-16
4289.86594692 1.24355e-16
4292.0482916 1.45294e-16
4294.23063627 1.32842e-16
4296.41298095 1.3409e-16
4298.59532562 1.18428e-16
4300.7776703 9.72585e-17
4302.96001497 1.19856e-16
4305.14235965 1.20568e-16
4307.32470432 1.78138e-16
4309.507049 1.42615e-16
4311.68939367 1.57764e-16
4313.87173835 1.16826e-16
4316.05408302 1.38244e-16
4318.2364277 1.27183e-16
4320.41877237 1.5365e-16
4322.60111705 1.44591e-16
4324.78346172 1.28954e-16
4326.9658064 1.35069e-16
4329.14815107 1.38056e-16
4331.33049575 1.14373e-16
4333.51284042 1.29726e-16
4335.6951851 1.24094e-16
4337.87752977 1.61256e-16
4340.05987445 1.16835e-16
4342.24221912 1.02746e-16
4344.4245638 1.2291e-16
4346.60690847 1.43293e-16
4348.78925315 1.29608e-16
4350.97159782 1.4759e-16
4353.1539425 1.21249e-16
4355.33628717 1.34174e-16
4357.51863185 1.61694e-16
4359.70097652 1.18909e-16
4361.8833212 1.56717e-16
4364.06566587 1.59927e-16
4366.24801055 1.63099e-16
4368.43035522 1.05612e-16
4370.6126999 1.49786e-16
4372.79504457 1.2401e-16
4374.97738925 1.13655e-16
4377.15973392 1.17293e-16
4379.3420786 1.38115e-16
4381.52442327 1.43634e-16
4383.70676795 1.23197e-16
4385.88911263 1.3146e-16
4388.0714573 1.36439e-16
4390.25380198 1.46135e-16
4392.43614665 1.30128e-16
4394.61849133 1.44852e-16
4396.800836 1.38889e-16
4398.98318068 1.29886e-16
4401.16552535 8.82589e-17
4403.34787003 7.94729e-17
4405.5302147 9.79703e-17
4407.71255938 9.59512e-17
4409.89490405 1.29056e-16
4412.07724873 1.47914e-16
4414.2595934 1.18062e-16
4416.44193808 1.39832e-16
4418.62428275 1.53411e-16
4420.80662743 1.28572e-16
4422.9889721 1.37276e-16
4425.17131678 1.15604e-16
4427.35366145 1.22603e-16
4429.53600613 1.24813e-16
4431.7183508 1.32785e-16
4433.90069548 1.22277e-16
4436.08304015 1.20997e-16
4438.26538483 1.01978e-16
4440.4477295 1.16517e-16
4442.63007418 1.42948e-16
4444.81241885 1.2421e-16
4446.99476353 1.25654e-16
4449.1771082 1.13698e-16
4451.35945288 1.34901e-16
4453.54179755 1.38603e-16
4455.72414223 1.04544e-16
4457.9064869 1.11979e-16
4460.08883158 1.2521e-16
4462.27117625 1.57552e-16
4464.45352093 1.45257e-16
4466.6358656 1.08757e-16
4468.81821028 8.92317e-17
4471.00055495 9.7671e-17
4473.18289963 1.00853e-16
4475.3652443 9.52683e-17
4477.54758898 1.06292e-16
4479.72993365 1.14105e-16
4481.91227833 1.39568e-16
4484.094623 1.18857e-16
4486.27696768 1.0742e-16
4488.45931235 1.09056e-16
4490.64165703 1.17275e-16
4492.8240017 1.51851e-16
4495.00634638 1.00754e-16
4497.18869105 8.83251e-17
4499.37103573 1.23827e-16
4501.5533804 1.66427e-16
4503.73572508 1.40174e-16
4505.91806975 1.16464e-16
4508.10041443 1.39845e-16
4510.2827591 1.37622e-16
4512.46510378 1.13451e-16
4514.64744845 1.37782e-16
4516.82979313 1.42367e-16
4519.0121378 1.27354e-16
4521.19448248 1.20812e-16
4523.37682715 1.33309e-16
4525.55917183 9.6208e-17
4527.7415165 1.12134e-16
4529.92386118 1.4005e-16
4532.10620585 1.25647e-16
4534.28855053 1.50741e-16
4536.4708952 1.65677e-16
4538.65323988 1.32706e-16
4540.83558455 1.19871e-16
4543.01792923 1.36188e-16
4545.2002739 1.58146e-16
4547.38261858 1.529e-16
4549.56496325 1.26556e-16
4551.74730793 1.29532e-16
4553.92965261 1.72632e-16
4556.11199728 1.46349e-16
4558.29434196 1.25805e-16
4560.47668663 1.23908e-16
4562.65903131 1.53626e-16
4564.84137598 1.63432e-16
4567.02372066 1.45917e-16
4569.20606533 1.36529e-16
4571.38841001 1.3058e-16
4573.57075468 1.5044e-16
4575.75309936 1.33859e-16
4577.93544403 1.18762e-16
4580.11778871 1.33485e-16
4582.30013338 8.9791e-17
4584.48247806 1.21692e-16
4586.66482273 1.32922e-16
4588.84716741 1.65111e-16
4591.02951208 1.36962e-16
4593.21185676 1.55808e-16
4595.39420143 1.13918e-16
4597.57654611 1.27155e-16
4599.75889078 9.52594e-17
4601.94123546 1.7863e-16
4604.12358013 1.41643e-16
4606.30592481 1.21402e-16
4608.48826948 9.99887e-17
4610.67061416 1.24046e-16
4612.85295883 1.19309e-16
4615.03530351 1.18152e-16
4617.21764818 1.16993e-16
4619.39999286 1.16424e-16
4621.58233753 1.20879e-16
4623.76468221 1.38051e-16
4625.94702688 1.21032e-16
4628.12937156 1.19168e-16
4630.31171623 1.46374e-16
4632.49406091 1.50216e-16
4634.67640558 1.48898e-16
4636.85875026 7.14815e-17
4639.04109493 8.09454e-17
4641.22343961 1.25944e-16
4643.40578428 1.06088e-16
4645.58812896 1.4232e-16
4647.77047363 1.16879e-16
4649.95281831 1.15875e-16
4652.13516298 1.20728e-16
4654.31750766 1.23449e-16
4656.49985233 1.06066e-16
4658.68219701 1.2855e-16
4660.86454168 1.37852e-16
4663.04688636 1.20859e-16
4665.22923103 1.19578e-16
4667.41157571 1.27472e-16
4669.59392038 1.28051e-16
4671.77626506 1.49803e-16
4673.95860973 1.32949e-16
4676.14095441 1.297e-16
4678.32329908 1.1383e-16
4680.50564376 1.12321e-16
4682.68798843 1.12238e-16
4684.87033311 9.05226e-17
4687.05267778 1.17101e-16
4689.23502246 1.46752e-16
4691.41736713 1.3361e-16
4693.59971181 1.388e-16
4695.78205648 1.50968e-16
4697.96440116 1.3759e-16
4700.14674583 1.52243e-16
4702.32909051 1.5094e-16
4704.51143518 1.21595e-16
4706.69377986 1.16048e-16
4708.87612453 1.13696e-16
4711.05846921 1.161e-16
4713.24081388 1.04806e-16
4715.42315856 9.17979e-17
4717.60550323 8.39717e-17
4719.78784791 1.2455e-16
4721.97019258 1.19248e-16
4724.15253726 1.11607e-16
4726.33488194 1.38291e-16
4728.51722661 1.29877e-16
4730.69957129 1.43886e-16
4732.88191596 1.5404e-16
4735.06426064 1.22946e-16
4737.24660531 7.38755e-17
4739.42894999 1.16911e-16
4741.61129466 1.17656e-16
4743.79363934 9.39998e-17
4745.97598401 1.14964e-16
4748.15832869 1.18626e-16
4750.34067336 1.05391e-16
4752.52301804 9.86001e-17
4754.70536271 1.26773e-16
4756.88770739 1.29827e-16
4759.07005206 1.2607e-16
4761.25239674 1.35794e-16
4763.43474141 1.38496e-16
4765.61708609 1.54114e-16
4767.79943076 1.25196e-16
4769.98177544 1.33781e-16
4772.16412011 1.63268e-16
4774.34646479 1.33042e-16
4776.52880946 1.22238e-16
4778.71115414 1.1835e-16
4780.89349881 1.14079e-16
4783.07584349 1.39868e-16
4785.25818816 1.35796e-16
4787.44053284 1.53014e-16
4789.62287751 1.1974e-16
4791.80522219 1.19566e-16
4793.98756686 1.32645e-16
4796.16991154 1.28266e-16
4798.35225621 1.52205e-16
4800.53460089 9.22855e-17
4802.71694556 1.22572e-16
4804.89929024 1.28038e-16
4807.08163491 1.09677e-16
4809.26397959 1.08793e-16
4811.44632426 1.18671e-16
4813.62866894 1.13032e-16
4815.81101361 1.14554e-16
4817.99335829 1.13184e-16
4820.17570296 1.31847e-16
4822.35804764 9.79908e-17
4824.54039231 1.09938e-16
4826.72273699 1.03632e-16
4828.90508166 1.1708e-16
4831.08742634 1.32431e-16
4833.26977101 1.17588e-16
4835.45211569 1.2758e-16
4837.63446036 1.37095e-16
4839.81680504 1.01367e-16
4841.99914971 1.12212e-16
4844.18149439 1.02443e-16
4846.36383906 1.02619e-16
4848.54618374 1.33647e-16
4850.72852841 1.0098e-16
4852.91087309 8.75716e-17
4855.09321776 1.14994e-16
4857.27556244 1.24161e-16
4859.45790711 1.09083e-16
4861.64025179 1.00569e-16
4863.82259646 9.80302e-17
4866.00494114 1.01459e-16
4868.18728581 1.22742e-16
4870.36963049 1.05779e-16
4872.55197516 1.16747e-16
4874.73431984 1.22164e-16
4876.91666451 1.2548e-16
4879.09900919 1.33607e-16
4881.28135386 8.93775e-17
4883.46369854 1.06751e-16
4885.64604321 9.684e-17
4887.82838789 9.92141e-17
4890.01073256 1.03329e-16
4892.19307724 1.07381e-16
4894.37542192 1.23653e-16
4896.55776659 1.04797e-16
4898.74011127 9.4269e-17
4900.92245594 8.33812e-17
4903.10480062 1.14167e-16
4905.28714529 1.19964e-16
4907.46948997 9.74394e-17
4909.65183464 1.30351e-16
4911.83417932 1.08422e-16
4914.01652399 7.46359e-17
4916.19886867 7.28587e-17
4918.38121334 1.17183e-16
4920.56355802 1.14272e-16
4922.74590269 1.09081e-16
4924.92824737 9.37167e-17
4927.11059204 9.35437e-17
4929.29293672 1.35537e-16
4931.47528139 1.04402e-16
4933.65762607 1.19904e-16
4935.83997074 1.25966e-16
4938.02231542 1.0219e-16
4940.20466009 1.11108e-16
4942.38700477 1.20916e-16
4944.56934944 1.10192e-16
4946.75169412 1.15244e-16
4948.93403879 9.78554e-17
4951.11638347 1.14008e-16
4953.29872814 1.34327e-16
4955.48107282 1.25205e-16
4957.66341749 8.70988e-17
4959.84576217 9.63259e-17
4962.02810684 1.1791e-16
4964.21045152 1.02994e-16
4966.39279619 9.97393e-17
4968.57514087 1.04789e-16
4970.75748554 1.16751e-16
4972.93983022 1.33198e-16
4975.12217489 1.3067e-16
4977.30451957 1.07558e-16
4979.48686424 1.23344e-16
4981.66920892 1.22033e-16
4983.85155359 8.97459e-17
4986.03389827 1.05987e-16
4988.21624294 1.04817e-16
4990.39858762 7.60498e-17
4992.58093229 1.0185e-16
4994.76327697 1.25502e-16
4996.94562164 1.38542e-16
4999.12796632 1.42783e-16
5001.31031099 1.22668e-16
5003.49265567 1.14353e-16
5005.67500034 1.07722e-16
5007.85734502 1.1682e-16
5010.03968969 1.17729e-16
5012.22203437 1.28192e-16
5014.40437904 1.28585e-16
5016.58672372 1.21595e-16
5018.76906839 1.345e-16
5020.95141307 1.11909e-16
5023.13375774 9.56767e-17
5025.31610242 1.16839e-16
5027.49844709 1.15709e-16
5029.68079177 1.05236e-16
5031.86313644 1.10746e-16
5034.04548112 1.12268e-16
5036.22782579 1.01615e-16
5038.41017047 1.12251e-16
5040.59251514 1.07693e-16
5042.77485982 1.07563e-16
5044.95720449 1.04722e-16
5047.13954917 1.00716e-16
5049.32189384 1.08743e-16
5051.50423852 1.07037e-16
5053.68658319 9.69295e-17
5055.86892787 9.24478e-17
5058.05127254 1.05822e-16
5060.23361722 1.14291e-16
5062.41596189 9.93521e-17
5064.59830657 1.16948e-16
5066.78065125 1.04245e-16
5068.96299592 8.80955e-17
5071.1453406 1.10237e-16
5073.32768527 1.27531e-16
5075.51002995 1.21039e-16
5077.69237462 1.04711e-16
5079.8747193 1.09961e-16
5082.05706397 1.06269e-16
5084.23940865 9.53864e-17
5086.42175332 1.06401e-16
5088.604098 1.16494e-16
5090.78644267 1.04129e-16
5092.96878735 1.09654e-16
5095.15113202 1.27162e-16
5097.3334767 9.52289e-17
5099.51582137 8.50877e-17
5101.69816605 9.85913e-17
5103.88051072 8.45611e-17
5106.0628554 1.15709e-16
5108.24520007 1.15007e-16
5110.42754475 8.78711e-17
5112.60988942 1.05368e-16
5114.7922341 1.25663e-16
5116.97457877 1.43073e-16
5119.15692345 1.3108e-16
5121.33926812 1.05983e-16
5123.5216128 1.01145e-16
5125.70395747 1.25522e-16
5127.88630215 1.00703e-16
5130.06864682 9.96547e-17
5132.2509915 9.23047e-17
5134.43333617 8.72883e-17
5136.61568085 8.65276e-17
5138.79802552 1.12546e-16
5140.9803702 1.02025e-16
5143.16271487 9.89408e-17
5145.34505955 1.102e-16
5147.52740422 1.15425e-16
5149.7097489 1.39894e-16
5151.89209357 1.20634e-16
5154.07443825 1.08606e-16
5156.25678292 1.03996e-16
5158.4391276 8.77429e-17
5160.62147227 8.74068e-17
5162.80381695 1.04665e-16
5164.98616162 9.05124e-17
5167.1685063 1.10162e-16
5169.35085097 1.02346e-16
5171.53319565 9.82516e-17
5173.71554032 9.67488e-17
5175.897885 1.02102e-16
5178.08022967 1.06585e-16
5180.26257435 8.64506e-17
5182.44491902 1.02424e-16
5184.6272637 1.0615e-16
5186.80960837 1.04602e-16
5188.99195305 8.1878e-17
5191.17429772 1.20684e-16
5193.3566424 1.10799e-16
5195.53898707 1.03906e-16
5197.72133175 1.03337e-16
5199.90367642 1.12016e-16
5202.0860211 9.42738e-17
5204.26836577 1.26013e-16
5206.45071045 9.19616e-17
5208.63305512 9.71242e-17
5210.8153998 9.85597e-17
5212.99774447 1.21194e-16
5215.18008915 9.98601e-17
5217.36243382 9.01832e-17
5219.5447785 1.0569e-16
5221.72712317 1.0121e-16
5223.90946785 9.29284e-17
5226.09181252 1.29823e-16
5228.2741572 9.082e-17
5230.45650187 8.55571e-17
5232.63884655 9.6648e-17
5234.82119123 8.95704e-17
5237.0035359 1.18646e-16
5239.18588058 1.215e-16
5241.36822525 9.96663e-17
5243.55056993 9.75205e-17
5245.7329146 1.05521e-16
5247.91525928 1.09926e-16
5250.09760395 1.16381e-16
5252.27994863 1.12033e-16
5254.4622933 1.16582e-16
5256.64463798 1.11285e-16
5258.82698265 9.81175e-17
5261.00932733 8.41639e-17
5263.191672 8.68545e-17
5265.37401668 9.36771e-17
5267.55636135 1.10432e-16
5269.73870603 9.08178e-17
5271.9210507 1.01045e-16
5274.10339538 1.04221e-16
5276.28574005 1.03121e-16
5278.46808473 9.25943e-17
5280.6504294 8.53097e-17
5282.83277408 1.13583e-16
5285.01511875 9.96145e-17
5287.19746343 1.28937e-16
5289.3798081 1.19752e-16
5291.56215278 1.0021e-16
5293.74449745 1.19186e-16
5295.92684213 9.75947e-17
5298.1091868 1.06761e-16
5300.29153148 1.26564e-16
5302.47387615 1.07263e-16
5304.65622083 1.02404e-16
5306.8385655 1.07421e-16
5309.02091018 1.1318e-16
5311.20325485 9.96785e-17
5313.38559953 7.90532e-17
5315.5679442 1.15605e-16
5317.75028888 1.25625e-16
5319.93263355 8.50511e-17
5322.11497823 8.80775e-17
5324.2973229 1.13749e-16
5326.47966758 1.20281e-16
5328.66201225 1.45314e-16
5330.84435693 1.08472e-16
5333.0267016 1.25348e-16
5335.20904628 1.15831e-16
5337.39139095 1.02984e-16
5339.57373563 9.87077e-17
5341.7560803 9.44666e-17
5343.93842498 9.28676e-17
5346.12076965 8.61313e-17
5348.30311433 8.39155e-17
5350.485459 1.21785e-16
5352.66780368 1.16974e-16
5354.85014835 9.64843e-17
5357.03249303 1.07488e-16
5359.2148377 1.02418e-16
5361.39718238 9.72095e-17
5363.57952705 1.04693e-16
5365.76187173 1.24139e-16
5367.9442164 9.40631e-17
5370.12656108 8.55025e-17
5372.30890575 9.14461e-17
5374.49125043 8.52214e-17
5376.6735951 1.04305e-16
5378.85593978 9.69794e-17
5381.03828445 8.64813e-17
5383.22062913 1.00286e-16
5385.4029738 1.0613e-16
5387.58531848 1.09168e-16
5389.76766315 1.00681e-16
5391.95000783 8.89919e-17
5394.1323525 1.03067e-16
5396.31469718 1.13112e-16
5398.49704185 9.88498e-17
5400.67938653 7.75101e-17
5402.8617312 7.93287e-17
5405.04407588 9.56848e-17
5407.22642056 1.11342e-16
5409.40876523 1.19525e-16
5411.59110991 1.06649e-16
5413.77345458 1.02005e-16
5415.95579926 8.33867e-17
5418.13814393 7.24442e-17
5420.32048861 1.01312e-16
5422.50283328 9.10295e-17
5424.68517796 8.49999e-17
5426.86752263 9.38344e-17
5429.04986731 1.13058e-16
5431.23221198 1.15933e-16
5433.41455666 9.53199e-17
5435.59690133 9.27929e-17
5437.77924601 8.44852e-17
5439.96159068 8.58343e-17
5442.14393536 1.0437e-16
5444.32628003 9.03064e-17
5446.50862471 6.61715e-17
5448.69096938 8.10014e-17
5450.87331406 1.01526e-16
5453.05565873 8.89001e-17
5455.23800341 1.20787e-16
5457.42034808 1.0253e-16
5459.60269276 8.77939e-17
5461.78503743 9.67655e-17
5463.96738211 1.04951e-16
5466.14972678 9.8279e-17
5468.33207146 9.5577e-17
5470.51441613 1.04146e-16
5472.69676081 1.04401e-16
5474.87910548 1.07292e-16
5477.06145016 1.10256e-16
5479.24379483 9.40181e-17
5481.42613951 6.25219e-17
5483.60848418 9.13486e-17
5485.79082886 1.09393e-16
5487.97317353 1.16671e-16
5490.15551821 1.15286e-16
5492.33786288 8.74577e-17
5494.52020756 9.1569e-17
5496.70255223 1.15174e-16
5498.88489691 1.24368e-16
5501.06724158 1.06828e-16
5503.24958626 1.13387e-16
5505.43193093 9.25584e-17
5507.61427561 7.91501e-17
5509.79662028 9.06168e-17
5511.97896496 9.83069e-17
5514.16130963 1.02676e-16
5516.34365431 9.26441e-17
5518.52599898 1.01552e-16
5520.70834366 1.08226e-16
5522.89068833 1.06533e-16
5525.07303301 1.0557e-16
5527.25537768 1.04528e-16
5529.43772236 9.33291e-17
5531.62006703 9.74299e-17
5533.80241171 1.06444e-16
5535.98475638 1.02013e-16
5538.16710106 1.05471e-16
5540.34944573 1.03736e-16
5542.53179041 8.73257e-17
5544.71413508 1.00871e-16
5546.89647976 7.75681e-17
5549.07882443 8.14016e-17
5551.26116911 7.7264e-17
5553.44351378 6.39657e-17
5555.62585846 7.98249e-17
5557.80820313 1.04532e-16
5559.99054781 8.45885e-17
5562.17289248 9.04843e-17
5564.35523716 7.93312e-17
5566.53758183 8.76129e-17
5568.71992651 8.89437e-17
5570.90227118 9.17344e-17
5573.08461586 1.17682e-16
5575.26696054 9.8149e-17
5577.44930521 1.02304e-16
5579.63164989 1.22369e-16
5581.81399456 6.51369e-17
5583.99633924 8.51272e-17
5586.17868391 9.36769e-17
5588.36102859 8.2588e-17
5590.54337326 8.55708e-17
5592.72571794 1.09346e-16
5594.90806261 1.01401e-16
5597.09040729 1.18602e-16
5599.27275196 9.04132e-17
5601.45509664 1.04153e-16
5603.63744131 9.58096e-17
5605.81978599 1.1294e-16
5608.00213066 1.06712e-16
5610.18447534 9.27267e-17
5612.36682001 1.11638e-16
5614.54916469 1.01787e-16
5616.73150936 8.8075e-17
5618.91385404 1.00955e-16
5621.09619871 1.03624e-16
5623.27854339 1.04979e-16
5625.46088806 1.06361e-16
5627.64323274 9.32967e-17
5629.82557741 1.04899e-16
5632.00792209 1.07086e-16
5634.19026676 1.03452e-16
5636.37261144 1.04155e-16
5638.55495611 1.21072e-16
5640.73730079 9.15849e-17
5642.91964546 9.0174e-17
5645.10199014 1.07391e-16
5647.28433481 9.70428e-17
5649.46667949 1.14483e-16
5651.64902416 8.89209e-17
5653.83136884 7.55265e-17
5656.01371351 7.20046e-17
5658.19605819 9.50071e-17
5660.37840286 1.05055e-16
5662.56074754 9.78554e-17
5664.74309221 1.08785e-16
5666.92543689 7.8768e-17
5669.10778156 9.28741e-17
5671.29012624 1.0512e-16
5673.47247091 1.19452e-16
5675.65481559 1.06235e-16
5677.83716026 1.00173e-16
5680.01950494 8.42482e-17
5682.20184961 1.03496e-16
5684.38419429 7.99526e-17
5686.56653896 9.82542e-17
5688.74888364 9.3652e-17
5690.93122831 6.61525e-17
5693.11357299 9.25134e-17
5695.29591766 9.43248e-17
5697.47826234 9.16008e-17
5699.66060701 9.24697e-17
5701.84295169 1.17357e-16
5704.02529636 1.00414e-16
5706.20764104 8.97765e-17
5708.38998571 7.25563e-17
5710.57233039 8.74013e-17
5712.75467506 9.87538e-17
5714.93701974 6.41794e-17
5717.11936441 7.76467e-17
5719.30170909 7.3896e-17
5721.48405376 1.11342e-16
5723.66639844 6.91707e-17
5725.84874311 7.75119e-17
5728.03108779 9.80055e-17
5730.21343246 1.04411e-16
5732.39577714 8.70136e-17
5734.57812181 1.12277e-16
5736.76046649 1.04551e-16
5738.94281116 1.11803e-16
5741.12515584 7.56922e-17
5743.30750051 6.77278e-17
5745.48984519 9.30115e-17
5747.67218987 8.91756e-17
5749.85453454 9.36554e-17
5752.03687922 8.0268e-17
5754.21922389 8.8845e-17
5756.40156857 7.21695e-17
5758.58391324 7.91292e-17
5760.76625792 1.11061e-16
5762.94860259 8.36583e-17
5765.13094727 7.50126e-17
5767.31329194 1.03766e-16
5769.49563662 9.46099e-17
5771.67798129 9.10814e-17
5773.86032597 8.5806e-17
5776.04267064 7.40315e-17
5778.22501532 7.79426e-17
5780.40735999 6.69711e-17
5782.58970467 8.27409e-17
5784.77204934 8.36856e-17
5786.95439402 8.53756e-17
5789.13673869 6.88561e-17
5791.31908337 6.99493e-17
5793.50142804 8.05954e-17
5795.68377272 9.81335e-17
5797.86611739 8.71577e-17
5800.04846207 8.13976e-17
5802.23080674 1.03442e-16
5804.41315142 9.1405e-17
5806.59549609 8.27578e-17
5808.77784077 9.57326e-17
5810.96018544 1.13397e-16
5813.14253012 1.00072e-16
5815.32487479 9.18464e-17
5817.50721947 9.30554e-17
5819.68956414 9.53471e-17
5821.87190882 7.90348e-17
5824.05425349 7.06265e-17
5826.23659817 7.66706e-17
5828.41894284 9.37894e-17
5830.60128752 9.19805e-17
5832.78363219 7.33202e-17
5834.96597687 1.00685e-16
5837.14832154 9.63996e-17
5839.33066622 7.97945e-17
5841.51301089 9.89437e-17
5843.69535557 8.52604e-17
5845.87770024 8.02687e-17
5848.06004492 5.79205e-17
5850.24238959 5.47529e-17
5852.42473427 7.62354e-17
5854.60707894 9.2261e-17
5856.78942362 7.2041e-17
5858.97176829 8.39926e-17
5861.15411297 8.60003e-17
5863.33645764 8.53912e-17
5865.51880232 8.53356e-17
5867.70114699 7.06069e-17
5869.88349167 7.51574e-17
5872.06583634 9.62971e-17
5874.24818102 8.30723e-17
5876.43052569 9.28692e-17
5878.61287037 9.45491e-17
5880.79521504 9.08326e-17
5882.97755972 7.42179e-17
5885.15990439 6.67812e-17
5887.34224907 8.55353e-17
5889.52459374 6.84973e-17
5891.70693842 7.6025e-17
5893.88928309 7.03429e-17
5896.07162777 8.50498e-17
5898.25397244 8.98044e-17
5900.43631712 7.02701e-17
5902.61866179 8.68261e-17
5904.80100647 8.75502e-17
5906.98335114 9.12266e-17
5909.16569582 9.9817e-17
5911.34804049 9.45856e-17
5913.53038517 8.72628e-17
5915.71272985 6.19566e-17
5917.89507452 5.84912e-17
5920.0774192 5.99177e-17
5922.25976387 6.66731e-17
5924.44210855 6.44677e-17
5926.62445322 7.03851e-17
5928.8067979 6.45503e-17
5930.98914257 6.87592e-17
5933.17148725 6.87511e-17
5935.35383192 7.66001e-17
5937.5361766 9.04189e-17
5939.71852127 8.50559e-17
5941.90086595 9.02786e-17
5944.08321062 6.91534e-17
5946.2655553 5.75191e-17
5948.44789997 7.48237e-17
5950.63024465 6.43954e-17
5952.81258932 5.97229e-17
5954.994934 6.09488e-17
5957.17727867 6.41439e-17
5959.35962335 5.96811e-17
5961.54196802 5.306e-17
5963.7243127 6.61094e-17
5965.90665737 8.1099e-17
5968.08900205 6.27235e-17
5970.27134672 7.40818e-17
5972.4536914 8.99582e-17
5974.63603607 7.46926e-17
5976.81838075 6.66619e-17
5979.00072542 7.32917e-17
5981.1830701 6.37981e-17
5983.36541477 8.05917e-17
5985.54775945 5.37932e-17
5987.73010412 4.78446e-17
5989.9124488 5.67696e-17
5992.09479347 7.6661e-17
5994.27713815 5.48088e-17
5996.45948282 7.52492e-17
5998.6418275 9.28694e-17
6000.82417217 7.30352e-17
6003.00651685 6.94324e-17
6005.18886152 5.1348e-17
6007.3712062 4.05236e-17
6009.55355087 8.02771e-17
6011.73589555 7.3232e-17
6013.91824022 6.69156e-17
6016.1005849 8.7321e-17
6018.28292957 8.23566e-17
6020.46527425 7.04499e-17
6022.64761892 8.83595e-17
6024.8299636 8.88556e-17
6027.01230827 8.80728e-17
6029.19465295 8.1215e-17
6031.37699762 8.12228e-17
6033.5593423 7.17754e-17
6035.74168697 6.90577e-17
6037.92403165 7.08371e-17
6040.10637632 7.7483e-17
6042.288721 7.59584e-17
6044.47106567 8.90583e-17
6046.65341035 8.20356e-17
6048.83575502 5.61714e-17
6051.0180997 7.24017e-17
6053.20044437 7.16743e-17
6055.38278905 6.9811e-17
6057.56513372 8.63362e-17
6059.7474784 8.82182e-17
6061.92982307 7.93893e-17
6064.11216775 6.63515e-17
6066.29451242 4.91615e-17
6068.4768571 5.81881e-17
6070.65920177 5.82723e-17
6072.84154645 6.82051e-17
6075.02389112 6.77341e-17
6077.2062358 6.14555e-17
6079.38858047 6.26933e-17
6081.57092515 7.74607e-17
6083.75326982 7.11894e-17
6085.9356145 7.87951e-17
6088.11795918 6.78268e-17
6090.30030385 5.21378e-17
6092.48264853 5.26857e-17
6094.6649932 7.80597e-17
6096.84733788 7.03526e-17
6099.02968255 5.95523e-17
6101.21202723 7.81021e-17
6103.3943719 7.16473e-17
6105.57671658 6.63661e-17
6107.75906125 7.40374e-17
6109.94140593 6.10817e-17
6112.1237506 6.66903e-17
6114.30609528 8.7586e-17
6116.48843995 7.88275e-17
6118.67078463 7.85387e-17
6120.8531293 6.07348e-17
6123.03547398 5.6909e-17
6125.21781865 7.08964e-17
6127.40016333 7.40768e-17
6129.582508 6.68725e-17
6131.76485268 7.80807e-17
6133.94719735 8.19151e-17
6136.12954203 6.54339e-17
6138.3118867 6.41091e-17
6140.49423138 7.38026e-17
6142.67657605 7.89262e-17
6144.85892073 8.91215e-17
6147.0412654 8.505e-17
6149.22361008 6.14883e-17
6151.40595475 7.84632e-17
6153.58829943 8.06053e-17
6155.7706441 6.69667e-17
6157.95298878 6.74959e-17
6160.13533345 9.04836e-17
6162.31767813 8.61788e-17
6164.5000228 7.13306e-17
6166.68236748 8.54622e-17
6168.86471215 6.81407e-17
6171.04705683 7.63494e-17
6173.2294015 9.88213e-17
6175.41174618 9.19532e-17
6177.59409085 7.93625e-17
6179.77643553 7.17428e-17
6181.9587802 6.73615e-17
6184.14112488 6.65842e-17
6186.32346955 8.69679e-17
6188.50581423 8.1049e-17
6190.6881589 6.5925e-17
6192.87050358 5.99974e-17
6195.05284825 7.23497e-17
6197.23519293 7.10689e-17
6199.4175376 7.25678e-17
6201.59988228 7.30068e-17
6203.78222695 7.86558e-17
6205.96457163 7.27982e-17
6208.1469163 7.58731e-17
6210.32926098 7.75428e-17
6212.51160565 4.4137e-17
6214.69395033 4.21835e-17
6216.876295 7.86498e-17
6219.05863968 9.30721e-17
6221.24098435 8.16557e-17
6223.42332903 8.08806e-17
6225.6056737 8.17465e-17
6227.78801838 8.82923e-17
6229.97036305 6.60012e-17
6232.15270773 6.56044e-17
6234.3350524 6.54243e-17
6236.51739708 7.53461e-17
6238.69974175 7.26837e-17
6240.88208643 6.54629e-17
6243.0644311 5.32247e-17
6245.24677578 7.98385e-17
6247.42912045 9.25367e-17
6249.61146513 5.91293e-17
6251.7938098 7.95793e-17
6253.97615448 7.86041e-17
6256.15849916 7.38245e-17
6258.34084383 7.34598e-17
6260.52318851 6.97237e-17
6262.70553318 7.06808e-17
6264.88787786 7.45896e-17
6267.07022253 7.21035e-17
6269.25256721 9.21776e-17
6271.43491188 9.39621e-17
6273.61725656 7.65688e-17
6275.79960123 8.59249e-17
6277.98194591 6.68504e-17
6280.16429058 6.36402e-17
6282.34663526 6.58121e-17
6284.52897993 7.31553e-17
6286.71132461 7.08499e-17
6288.89366928 8.48429e-17
6291.07601396 7.62571e-17
6293.25835863 9.62454e-17
6295.44070331 8.18476e-17
6297.62304798 6.51473e-17
6299.80539266 5.15712e-17
6301.98773733 6.64863e-17
6304.17008201 6.53032e-17
6306.35242668 6.93411e-17
6308.53477136 5.78523e-17
6310.71711603 6.25638e-17
6312.89946071 7.62587e-17
6315.08180538 7.67861e-17
6317.26415006 7.64155e-17
6319.44649473 6.22091e-17
6321.62883941 8.01561e-17
6323.81118408 7.4564e-17
6325.99352876 8.96616e-17
6328.17587343 9.52606e-17
6330.35821811 8.49803e-17
6332.54056278 8.27681e-17
6334.72290746 6.5407e-17
6336.90525213 7.05826e-17
6339.08759681 5.71988e-17
6341.26994148 6.01882e-17
6343.45228616 5.5969e-17
6345.63463083 6.6398e-17
6347.81697551 6.46505e-17
6349.99932018 4.15945e-17
6352.18166486 5.43524e-17
6354.36400953 7.37937e-17
6356.54635421 7.47832e-17
6358.72869888 7.23129e-17
6360.91104356 6.76614e-17
6363.09338823 8.25499e-17
6365.27573291 5.60172e-17
6367.45807758 8.17792e-17
6369.64042226 5.4217e-17
6371.82276693 7.08829e-17
6374.00511161 6.48925e-17
6376.18745628 7.24093e-17
6378.36980096 7.10882e-17
6380.55214563 8.23056e-17
6382.73449031 7.11724e-17
6384.91683498 6.43534e-17
6387.09917966 5.46727e-17
6389.28152433 7.32528e-17
6391.46386901 7.59459e-17
6393.64621368 6.3161e-17
6395.82855836 8.22033e-17
6398.01090303 6.89249e-17
6400.19324771 7.37004e-17
6402.37559238 7.06082e-17
6404.55793706 5.76868e-17
6406.74028173 5.26044e-17
6408.92262641 6.50753e-17
6411.10497108 6.37186e-17
6413.28731576 4.82439e-17
6415.46966043 5.69474e-17
6417.65200511 6.10851e-17
6419.83434978 8.79772e-17
6422.01669446 7.35767e-17
6424.19903913 7.37817e-17
6426.38138381 5.17856e-17
6428.56372849 6.86499e-17
6430.74607316 7.39288e-17
6432.92841784 7.75818e-17
6435.11076251 4.77035e-17
6437.29310719 5.81706e-17
6439.47545186 8.06442e-17
6441.65779654 6.5977e-17
6443.84014121 5.49092e-17
6446.02248589 5.55874e-17
6448.20483056 5.15843e-17
6450.38717524 5.34485e-17
6452.56951991 6.9244e-17
6454.75186459 7.42376e-17
6456.93420926 5.89819e-17
6459.11655394 7.18486e-17
6461.29889861 8.16234e-17
6463.48124329 6.96396e-17
6465.66358796 5.9914e-17
6467.84593264 6.76327e-17
6470.02827731 7.59333e-17
6472.21062199 6.66595e-17
6474.39296666 8.37144e-17
6476.57531134 6.3096e-17
6478.75765601 5.73215e-17
6480.94000069 6.94345e-17
6483.12234536 6.63972e-17
6485.30469004 7.53529e-17
6487.48703471 6.84896e-17
6489.66937939 6.76518e-17
6491.85172406 6.52564e-17
6494.03406874 6.90753e-17
6496.21641341 7.27738e-17
6498.39875809 6.97254e-17
6500.58110276 6.42782e-17
6502.76344744 8.33302e-17
6504.94579211 6.48603e-17
6507.12813679 6.47972e-17
6509.31048146 6.03146e-17
6511.49282614 5.33328e-17
6513.67517081 5.20147e-17
6515.85751549 4.5778e-17
6518.03986016 7.21302e-17
6520.22220484 8.34313e-17
6522.40454951 5.64144e-17
6524.58689419 5.98595e-17
6526.76923886 7.02615e-17
6528.95158354 8.00735e-17
6531.13392821 6.95359e-17
6533.31627289 7.50166e-17
6535.49861756 7.08948e-17
6537.68096224 8.67284e-17
6539.86330691 7.1345e-17
6542.04565159 6.81442e-17
6544.22799626 6.17519e-17
6546.41034094 7.00971e-17
6548.59268561 6.18663e-17
6550.77503029 4.63116e-17
6552.95737496 7.27469e-17
6555.13971964 7.67066e-17
6557.32206431 6.56053e-17
6559.50440899 8.19808e-17
6561.68675366 5.60417e-17
6563.86909834 7.08981e-17
6566.05144301 7.12488e-17
6568.23378769 7.54523e-17
6570.41613236 8.78739e-17
6572.59847704 7.31571e-17
6574.78082171 6.65697e-17
6576.96316639 6.66272e-17
6579.14551106 6.43377e-17
6581.32785574 6.33821e-17
6583.51020041 5.77306e-17
6585.69254509 6.82437e-17
6587.87488976 6.46905e-17
6590.05723444 6.4527e-17
6592.23957911 5.21987e-17
6594.42192379 5.90439e-17
6596.60426847 7.02112e-17
6598.78661314 6.91724e-17
6600.96895782 6.45776e-17
6603.15130249 6.99309e-17
6605.33364717 6.58275e-17
6607.51599184 5.99508e-17
6609.69833652 8.40577e-17
6611.88068119 7.23069e-17
6614.06302587 5.70271e-17
6616.24537054 5.96847e-17
6618.42771522 4.12468e-17
6620.61005989 5.73966e-17
6622.79240457 8.05596e-17
6624.97474924 7.68342e-17
6627.15709392 5.92876e-17
6629.33943859 4.98695e-17
6631.52178327 4.39234e-17
6633.70412794 6.07106e-17
6635.88647262 8.34611e-17
6638.06881729 5.72808e-17
6640.25116197 3.89984e-17
6642.43350664 6.39999e-17
6644.61585132 6.9855e-17
6646.79819599 4.98309e-17
6648.98054067 6.74006e-17
6651.16288534 6.40078e-17
6653.34523002 6.80983e-17
6655.52757469 7.10342e-17
6657.70991937 6.9754e-17
6659.89226404 6.84302e-17
6662.07460872 7.84094e-17
6664.25695339 7.3864e-17
6666.43929807 7.16628e-17
6668.62164274 5.26346e-17
6670.80398742 6.89631e-17
6672.98633209 7.53814e-17
6675.16867677 5.11128e-17
6677.35102144 4.90076e-17
6679.53336612 5.27795e-17
6681.71571079 6.03773e-17
6683.89805547 6.18108e-17
6686.08040014 7.04071e-17
6688.26274482 5.04654e-17
6690.44508949 4.09936e-17
6692.62743417 6.14039e-17
6694.80977884 7.20055e-17
6696.99212352 5.65081e-17
6699.17446819 5.14967e-17
6701.35681287 6.04575e-17
6703.53915754 7.01578e-17
6705.72150222 6.24335e-17
6707.90384689 5.9134e-17
6710.08619157 7.08247e-17
6712.26853624 6.22922e-17
6714.45088092 6.19732e-17
6716.63322559 7.48357e-17
6718.81557027 6.85818e-17
6720.99791494 6.83317e-17
6723.18025962 6.82237e-17
6725.36260429 4.89503e-17
6727.54494897 4.99532e-17
6729.72729364 6.93486e-17
6731.90963832 6.74529e-17
6734.09198299 5.90269e-17
6736.27432767 6.33805e-17
6738.45667234 7.73938e-17
6740.63901702 6.83216e-17
6742.82136169 5.5957e-17
6745.00370637 6.26829e-17
6747.18605104 5.19042e-17
6749.36839572 6.19401e-17
6751.55074039 6.50129e-17
6753.73308507 5.72164e-17
6755.91542974 6.76901e-17
6758.09777442 5.37868e-17
6760.28011909 5.09715e-17
6762.46246377 6.62976e-17
6764.64480844 3.99874e-17
6766.82715312 4.62351e-17
6769.0094978 5.48614e-17
6771.19184247 5.33951e-17
6773.37418715 6.13538e-17
6775.55653182 6.34339e-17
6777.7388765 6.49451e-17
6779.92122117 8.06172e-17
6782.10356585 7.14434e-17
6784.28591052 5.8909e-17
6786.4682552 6.64831e-17
6788.65059987 6.33595e-17
6790.83294455 6.0504e-17
6793.01528922 5.82513e-17
6795.1976339 5.93348e-17
6797.37997857 6.01997e-17
6799.56232325 5.28459e-17
6801.74466792 5.94939e-17
6803.9270126 5.9399e-17
6806.10935727 5.24275e-17
6808.29170195 6.06057e-17
6810.47404662 7.46631e-17
6812.6563913 6.63857e-17
6814.83873597 7.13735e-17
6817.02108065 6.38529e-17
6819.20342532 8.02684e-17
6821.38577 7.3703e-17
6823.56811467 7.43146e-17
6825.75045935 5.58297e-17
6827.93280402 5.50999e-17
6830.1151487 6.4834e-17
6832.29749337 5.01577e-17
6834.47983805 4.5133e-17
6836.66218272 5.35093e-17
6838.8445274 4.4067e-17
6841.02687207 6.04631e-17
6843.20921675 5.51518e-17
6845.39156142 6.39449e-17
6847.5739061 5.01774e-17
6849.75625077 5.26717e-17
6851.93859545 5.69119e-17
6854.12094012 6.38249e-17
6856.3032848 5.31645e-17
6858.48562947 5.61498e-17
6860.66797415 4.94114e-17
6862.85031882 2.89066e-17
6865.0326635 3.46681e-17
6867.21500817 4.55162e-17
6869.39735285 3.05818e-17
6871.57969752 2.12833e-17
6873.7620422 3.98283e-17
6875.94438687 3.61437e-17
6878.12673155 3.55971e-17
6880.30907622 5.27986e-17
6882.4914209 2.4252e-17
6884.67376557 5.44697e-17
6886.85611025 3.99396e-17
6889.03845492 5.02427e-17
6891.2207996 4.62358e-17
6893.40314427 3.65511e-17
6895.58548895 5.02433e-17
6897.76783362 5.47808e-17
6899.9501783 3.31321e-17
6902.13252297 3.3954e-17
6904.31486765 4.84357e-17
6906.49721232 4.28416e-17
6908.679557 4.11301e-17
6910.86190167 5.29358e-17
6913.04424635 5.14008e-17
6915.22659102 3.4182e-17
6917.4089357 4.51544e-17
6919.59128037 5.25718e-17
6921.77362505 6.02702e-17
6923.95596972 6.66358e-17
6926.1383144 4.7552e-17
6928.32065907 3.68769e-17
6930.50300375 5.27095e-17
6932.68534842 4.59578e-17
6934.8676931 4.09281e-17
6937.05003778 4.72835e-17
6939.23238245 4.17783e-17
6941.41472713 4.49285e-17
6943.5970718 5.38713e-17
6945.77941648 3.96661e-17
6947.96176115 4.67568e-17
6950.14410583 4.88958e-17
6952.3264505 4.87632e-17
6954.50879518 4.96418e-17
6956.69113985 6.88039e-17
6958.87348453 4.436e-17
6961.0558292 3.85721e-17
6963.23817388 3.25256e-17
6965.42051855 2.91951e-17
6967.60286323 5.07952e-17
6969.7852079 3.27583e-17
6971.96755258 1.96109e-17
6974.14989725 1.42949e-17
6976.33224193 1.71176e-18
6978.5145866 2.67333e-17
6980.69693128 3.66828e-17
6982.87927595 3.4103e-17
6985.06162063 4.28152e-17
6987.2439653 2.9967e-17
6989.42630998 6.20249e-17
6991.60865465 8.33236e-17
6993.79099933 7.45859e-17
6995.973344 6.62669e-17
6998.15568868 4.96787e-17
7000.33803335 5.89607e-17
7002.52037803 7.82847e-17
7004.7027227 7.42728e-17
7006.88506738 5.83553e-17
7009.06741205 6.45825e-17
7011.24975673 6.4685e-17
7013.4321014 8.81419e-17
7015.61444608 7.61693e-17
7017.79679075 7.85897e-17
7019.97913543 8.1683e-17
7022.1614801 8.39299e-17
7024.34382478 8.77702e-17
7026.52616945 8.38759e-17
7028.70851413 8.1798e-17
7030.8908588 5.57045e-17
7033.07320348 5.22002e-17
7035.25554815 7.20157e-17
7037.43789283 6.41477e-17
7039.6202375 5.61566e-17
7041.80258218 7.71792e-17
7043.98492685 7.05355e-17
7046.16727153 7.74419e-17
7048.3496162 7.81199e-17
7050.53196088 6.83043e-17
7052.71430555 8.8428e-17
7054.89665023 9.23081e-17
7057.0789949 8.94146e-17
7059.26133958 6.07343e-17
7061.44368425 5.85683e-17
7063.62602893 6.68887e-17
7065.8083736 7.23678e-17
7067.99071828 6.00089e-17
7070.17306295 4.54978e-17
7072.35540763 5.58234e-17
7074.5377523 5.33008e-17
7076.72009698 7.12092e-17
7078.90244165 5.43177e-17
7081.08478633 5.12611e-17
7083.267131 5.35937e-17
7085.44947568 6.28227e-17
7087.63182035 7.39621e-17
7089.81416503 5.70953e-17
7091.9965097 6.71447e-17
7094.17885438 5.2579e-17
7096.36119905 6.43761e-17
7098.54354373 7.47633e-17
7100.7258884 7.28965e-17
7102.90823308 6.04237e-17
7105.09057775 6.97716e-17
7107.27292243 7.45242e-17
7109.45526711 5.40976e-17
7111.63761178 5.44411e-17
7113.81995646 4.16424e-17
7116.00230113 5.15151e-17
7118.18464581 4.63888e-17
7120.36699048 4.47211e-17
7122.54933516 6.85302e-17
7124.73167983 6.30443e-17
7126.91402451 7.15671e-17
7129.09636918 7.2403e-17
7131.27871386 3.47033e-17
7133.46105853 6.93167e-17
7135.64340321 7.34108e-17
7137.82574788 8.15426e-17
7140.00809256 6.61578e-17
7142.19043723 6.986e-17
7144.37278191 6.76785e-17
7146.55512658 5.95366e-17
7148.73747126 5.95477e-17
7150.91981593 4.25558e-17
7153.10216061 5.56016e-17
7155.28450528 6.61863e-17
7157.46684996 6.67735e-17
7159.64919463 6.20781e-17
7161.83153931 5.76105e-17
7164.01388398 6.35711e-17
7166.19622866 5.22355e-17
7168.37857333 4.67275e-17
7170.56091801 5.53315e-17
7172.74326268 5.45914e-17
7174.92560736 3.81851e-17
7177.10795203 4.01785e-17
7179.29029671 2.22392e-17
7181.47264138 5.73584e-17
7183.65498606 3.80989e-17
7185.83733073 4.30548e-17
7188.01967541 4.19337e-17
7190.20202008 4.92094e-17
7192.38436476 5.07739e-17
7194.56670943 5.89667e-17
7196.74905411 5.71738e-17
7198.93139878 3.50084e-17
7201.11374346 4.78879e-17
7203.29608813 5.76176e-17
7205.47843281 7.60124e-17
7207.66077748 4.39012e-17
7209.84312216 4.84134e-17
7212.02546683 6.83011e-17
7214.20781151 5.94414e-17
7216.39015618 3.8656e-17
7218.57250086 6.18537e-17
7220.75484553 5.47347e-17
7222.93719021 6.03068e-17
7225.11953488 5.99611e-17
7227.30187956 6.42241e-17
7229.48422423 6.35018e-17
7231.66656891 4.12766e-17
7233.84891358 4.6862e-17
7236.03125826 5.42625e-17
7238.21360293 5.54149e-17
7240.39594761 5.14561e-17
7242.57829228 3.89209e-17
7244.76063696 5.32123e-17
7246.94298163 4.46442e-17
7249.12532631 4.97582e-17
7251.30767098 4.49688e-17
7253.49001566 5.15407e-17
7255.67236033 4.79745e-17
7257.85470501 6.50681e-17
7260.03704968 7.53207e-17
7262.21939436 5.23313e-17
7264.40173903 4.07628e-17
7266.58408371 6.68566e-17
7268.76642838 6.46897e-17
7270.94877306 6.29253e-17
7273.13111773 8.50378e-17
7275.31346241 9.28342e-17
7277.49580709 7.55907e-17
7279.67815176 3.99953e-17
7281.86049644 5.69677e-17
7284.04284111 6.36553e-17
7286.22518579 4.66422e-17
7288.40753046 4.93334e-17
7290.58987514 5.88796e-17
7292.77221981 6.42126e-17
7294.95456449 4.95263e-17
7297.13690916 4.50133e-17
7299.31925384 4.95569e-17
7301.50159851 3.82987e-17
7303.68394319 5.22081e-17
7305.86628786 6.24975e-17
7308.04863254 3.96879e-17
7310.23097721 6.9017e-17
7312.41332189 8.36179e-17
7314.59566656 5.38484e-17
7316.77801124 3.30325e-17
7318.96035591 5.10994e-17
7321.14270059 5.71042e-17
7323.32504526 3.81676e-17
7325.50738994 4.85274e-17
7327.68973461 5.62447e-17
7329.87207929 5.4693e-17
7332.05442396 7.06957e-17
7334.23676864 5.98904e-17
7336.41911331 4.67712e-17
7338.60145799 7.41236e-17
7340.78380266 6.60436e-17
7342.96614734 8.22719e-17
7345.14849201 7.92277e-17
7347.33083669 6.36301e-17
7349.51318136 5.72947e-17
7351.69552604 5.18881e-17
7353.87787071 5.60485e-17
7356.06021539 6.09869e-17
7358.24256006 5.74534e-17
7360.42490474 4.71776e-17
7362.60724941 6.5379e-17
7364.78959409 4.3372e-17
7366.97193876 3.6104e-17
7369.15428344 5.80749e-17
7371.33662811 4.63148e-17
7373.51897279 4.53142e-17
7375.70131746 3.98385e-17
7377.88366214 5.56479e-17
7380.06600681 6.1542e-17
7382.24835149 5.72087e-17
7384.43069616 6.18295e-17
7386.61304084 5.00403e-17
7388.79538551 6.83758e-17
7390.97773019 4.76939e-17
7393.16007486 4.88147e-17
7395.34241954 3.30611e-17
7397.52476421 3.34784e-17
7399.70710889 3.65485e-17
7401.88945356 6.34726e-17
7404.07179824 6.75728e-17
7406.25414291 5.72653e-17
7408.43648759 8.003e-17
7410.61883226 7.60009e-17
7412.80117694 5.15849e-17
7414.98352161 7.38039e-17
7417.16586629 4.6725e-17
7419.34821096 5.26101e-17
7421.53055564 5.01847e-17
7423.71290031 6.28272e-17
7425.89524499 4.82007e-17
7428.07758966 3.51856e-17
7430.25993434 5.9736e-17
7432.44227901 7.40187e-17
7434.62462369 5.47817e-17
7436.80696836 4.39046e-17
7438.98931304 7.5389e-17
7441.17165771 5.42527e-17
7443.35400239 4.93386e-17
7445.53634706 4.38031e-17
7447.71869174 5.07143e-17
7449.90103642 6.42904e-17
7452.08338109 6.78628e-17
7454.26572577 5.1029e-17
7456.44807044 5.92672e-17
7458.63041512 3.15851e-17
7460.81275979 4.1475e-17
7462.99510447 6.36494e-17
7465.17744914 5.05096e-17
7467.35979382 2.60936e-17
7469.54213849 6.97959e-17
7471.72448317 8.23759e-17
7473.90682784 6.71094e-17
7476.08917252 7.3087e-17
7478.27151719 8.93075e-17
7480.45386187 7.60217e-17
7482.63620654 6.50602e-17
7484.81855122 6.70428e-17
7487.00089589 7.44286e-17
7489.18324057 7.65383e-17
7491.36558524 5.59966e-17
7493.54792992 5.8839e-17
7495.73027459 4.88264e-17
7497.91261927 2.82729e-17
7500.09496394 3.66926e-17
7502.27730862 3.36035e-17
7504.45965329 6.20127e-17
7506.64199797 6.39844e-17
7508.82434264 6.5007e-17
7511.00668732 8.26108e-17
7513.18903199 6.80663e-17
7515.37137667 5.23132e-17
7517.55372134 6.14153e-17
7519.73606602 7.18178e-17
7521.91841069 4.583e-17
7524.10075537 3.89308e-17
7526.28310004 4.30397e-17
7528.46544472 3.36926e-17
7530.64778939 6.29512e-17
7532.83013407 6.46647e-17
7535.01247874 6.0896e-17
7537.19482342 6.11159e-17
7539.37716809 5.4537e-17
7541.55951277 6.27562e-17
7543.74185744 5.66369e-17
7545.92420212 6.4839e-17
7548.10654679 5.81209e-17
7550.28889147 6.81644e-17
7552.47123614 7.94207e-17
7554.65358082 7.11798e-17
7556.83592549 5.86628e-17
7559.01827017 4.44224e-17
7561.20061484 5.22918e-17
7563.38295952 6.33005e-17
7565.56530419 6.96413e-17
7567.74764887 4.23613e-17
7569.92999354 5.79728e-17
7572.11233822 5.19957e-17
7574.29468289 4.89374e-17
7576.47702757 4.72281e-17
7578.65937224 4.91962e-17
7580.84171692 6.90601e-17
7583.02406159 7.09441e-17
7585.20640627 7.24193e-17
7587.38875094 8.18213e-17
7589.57109562 7.06644e-17
7591.75344029 5.91605e-17
7593.93578497 3.83336e-17
7596.11812964 3.43424e-17
7598.30047432 3.50838e-17
7600.48281899 2.56537e-17
7602.66516367 1.40819e-17
7604.84750834 2.39654e-17
7607.02985302 3.49358e-17
7609.21219769 -2.72365e-18
7611.39454237 4.26119e-18
7613.57688704 2.01414e-17
7615.75923172 2.92632e-17
7617.9415764 8.20483e-17
7620.12392107 4.26649e-17
7622.30626575 3.91322e-17
7624.48861042 5.62304e-17
7626.6709551 5.01144e-17
7628.85329977 2.99448e-17
7631.03564445 2.59656e-17
7633.21798912 1.12224e-17
7635.4003338 2.10634e-17
7637.58267847 3.79502e-17
7639.76502315 1.70169e-17
7641.94736782 3.29346e-17
7644.1297125 2.05353e-17
7646.31205717 2.14698e-17
7648.49440185 4.65843e-17
7650.67674652 5.68577e-17
7652.8590912 7.15864e-17
7655.04143587 4.07808e-17
7657.22378055 5.50278e-17
7659.40612522 6.3827e-17
7661.5884699 6.60003e-17
7663.77081457 4.72042e-17
7665.95315925 4.85862e-17
7668.13550392 3.22102e-17
7670.3178486 5.0983e-17
7672.50019327 5.80964e-17
7674.68253795 6.1886e-17
7676.86488262 5.04322e-17
7679.0472273 5.90723e-17
7681.22957197 6.54361e-17
7683.41191665 4.46185e-17
7685.59426132 5.53669e-17
7687.776606 1.00773e-16
7689.95895067 1.05223e-16
7692.14129535 7.15758e-17
7694.32364002 6.20805e-17
7696.5059847 8.14854e-17
7698.68832937 9.35344e-17
7700.87067405 7.37149e-17
7703.05301872 5.39866e-17
7705.2353634 5.23565e-17
7707.41770807 6.24727e-17
7709.60005275 5.52241e-17
7711.78239742 4.99019e-17
7713.9647421 4.99208e-17
7716.14708677 4.70057e-17
7718.32943145 6.80826e-17
7720.51177612 9.01094e-17
7722.6941208 9.27658e-17
7724.87646547 8.1341e-17
7727.05881015 6.51007e-17
7729.24115482 4.34679e-17
7731.4234995 6.5037e-17
7733.60584417 9.00118e-17
7735.78818885 5.33459e-17
7737.97053352 4.32821e-17
7740.1528782 6.12148e-17
7742.33522287 6.65458e-17
7744.51756755 5.28352e-17
7746.69991222 6.80502e-17
7748.8822569 6.7657e-17
7751.06460157 3.10855e-17
7753.24694625 2.85868e-17
7755.42929092 5.90578e-17
7757.6116356 1.04907e-16
7759.79398027 9.59434e-17
7761.97632495 7.33235e-17
7764.15866962 7.21853e-17
7766.3410143 6.29196e-17
7768.52335897 6.22409e-17
7770.70570365 8.91903e-17
7772.88804832 6.70633e-17
7775.070393 4.62398e-17
7777.25273767 4.8934e-17
7779.43508235 4.19766e-17
7781.61742702 3.22816e-17
7783.7997717 1.59671e-17
7785.98211637 5.26555e-17
7788.16446105 4.90908e-17
7790.34680573 5.38379e-17
7792.5291504 5.98786e-17
7794.71149508 1.00908e-16
7796.89383975 2.36284e-17
7799.07618443 4.95452e-17
7801.2585291 6.94747e-17
7803.44087378 3.48086e-17
7805.62321845 4.67275e-17
7807.80556313 5.04161e-17
7809.9879078 6.31068e-17
7812.17025248 2.43625e-17
7814.35259715 3.97394e-17
7816.53494183 4.61796e-17
7818.7172865 8.96304e-17
7820.89963118 5.64688e-17
7823.08197585 1.01997e-16
7825.26432053 6.72938e-17
7827.4466652 6.42905e-17
7829.62900988 4.47967e-17
7831.81135455 6.3339e-17
7833.99369923 4.64972e-17
7836.1760439 5.12599e-17
7838.35838858 6.41829e-17
7840.54073325 4.48051e-17
7842.72307793 4.82757e-17
7844.9054226 6.61343e-17
7847.08776728 5.6593e-17
7849.27011195 8.95015e-17
7851.45245663 4.91489e-17
7853.6348013 5.09277e-17
7855.81714598 4.40889e-17
7857.99949065 5.22055e-17
7860.18183533 6.15754e-17
7862.36418 7.98194e-17
7864.54652468 9.03845e-17
7866.72886935 7.6652e-17
7868.91121403 7.24715e-17
7871.0935587 7.81895e-17
7873.27590338 5.64929e-17
7875.45824805 7.71847e-17
7877.64059273 6.09672e-17
7879.8229374 4.23802e-17
7882.00528208 4.72411e-17
7884.18762675 3.22807e-17
7886.36997143 3.31198e-17
7888.5523161 3.51089e-17
7890.73466078 3.31322e-17
7892.91700545 5.98989e-17
7895.09935013 6.37014e-17
7897.2816948 4.19471e-17
7899.46403948 3.04837e-17
7901.64638415 4.32174e-17
7903.82872883 4.76572e-17
7906.0110735 3.16215e-17
7908.19341818 4.70992e-17
7910.37576285 6.45947e-17
7912.55810753 9.94679e-17
7914.7404522 5.32995e-17
7916.92279688 1.6321e-17
7919.10514155 3.39646e-17
7921.28748623 2.37551e-17
7923.4698309 4.2712e-17
7925.65217558 6.4032e-17
7927.83452025 5.69661e-17
7930.01686493 4.62565e-17
7932.1992096 7.61551e-17
7934.38155428 5.87136e-17
7936.56389895 5.12122e-17
7938.74624363 6.7266e-17
7940.9285883 3.67611e-17
7943.11093298 4.8559e-17
7945.29327765 6.56851e-17
7947.47562233 3.39601e-17
7949.657967 4.65452e-17
7951.84031168 2.68252e-17
7954.02265635 2.99217e-17
7956.20500103 4.63103e-17
7958.38734571 3.80603e-17
7960.56969038 2.64037e-17
7962.75203506 5.74799e-17
7964.93437973 3.19041e-17
7967.11672441 3.51274e-17
7969.29906908 4.85851e-18
7971.48141376 2.5562e-17
7973.66375843 7.08917e-17
7975.84610311 7.20905e-17
7978.02844778 5.96708e-17
7980.21079246 8.80697e-17
7982.39313713 3.68984e-17
7984.57548181 6.2778e-17
