# DICHROIC = D55
# HA = +02:45:20.4
# ANGLE = 27 deg 28 min
# OBSERVER = Adams Bond
# OBSLST = 16:15:54.6
# OBJECT = ZTF19aadyppr
# CASSPA = 98.99
# PARALLAC = 98.55
# HOURANG = W02:45:20.4
# CCDTEMP = 161.80
# LAMPS = 0000000
# RA = 13:29:44.83
# GRATING = 600/4000
# APERTURE = 1.5
# TELFOCUS = 43.24 mm
# AIRMASS = 1.205
# DEC = +47:11:08.1
# UTSHUT = 2019-05-13T08:40:05.587
# EXPTIME = 900
3500.000 2.011e-17
3501.525 4.0742e-17
3503.050 8.9395e-17
3504.575 5.1141e-17
3506.100 2.1832e-17
3507.625 4.0437e-17
3509.150 2.5612e-17
3510.675 1.2987e-17
3512.200 -1.1773e-17
3513.725 4.7319e-17
3515.250 2.9425e-17
3516.775 1.2792e-18
3518.300 3.0009e-17
3519.825 8.0923e-17
3521.350 6.2301e-17
3522.875 6.1064e-17
3524.400 4.9436e-17
3525.925 6.7682e-18
3527.450 1.6368e-17
3528.975 4.3779e-17
3530.500 2.6884e-17
3532.025 3.3635e-17
3533.550 3.4949e-17
3535.075 4.5171e-17
3536.600 7.453e-18
3538.125 2.9675e-17
3539.650 6.5148e-17
3541.175 7.249e-17
3542.700 5.2361e-17
3544.225 5.314e-17
3545.750 1.124e-17
3547.275 8.5724e-18
3548.800 2.8422e-17
3550.325 6.301e-17
3551.850 1.9993e-17
3553.375 7.9095e-17
3554.900 9.9199e-17
3556.425 3.4903e-17
3557.950 1.6878e-17
3559.475 2.7301e-17
3561.000 5.7011e-17
3562.525 3.3837e-17
3564.050 -3.604e-18
3565.575 -4.9362e-18
3567.100 4.7705e-17
3568.625 3.9741e-17
3570.150 4.0279e-17
3571.675 7.8654e-17
3573.200 2.3375e-17
3574.725 5.1599e-17
3576.250 4.6313e-17
3577.775 4.6974e-17
3579.300 3.5477e-17
3580.825 5.1542e-17
3582.350 6.3037e-17
3583.875 8.3146e-17
3585.400 5.7474e-17
3586.925 6.9196e-17
3588.450 4.2649e-17
3589.975 4.3183e-17
3591.500 4.9677e-17
3593.025 5.7017e-17
3594.550 7.5873e-17
3596.075 3.9508e-17
3597.600 3.6273e-17
3599.125 6.2865e-17
3600.650 6.0893e-17
3602.175 3.1157e-17
3603.700 3.703e-17
3605.225 5.0752e-17
3606.750 3.6397e-17
3608.275 3.1851e-17
3609.800 8.7679e-17
3611.325 3.1925e-17
3612.850 1.6048e-17
3614.375 7.2713e-17
3615.900 5.9085e-17
3617.425 4.1173e-17
3618.950 2.311e-17
3620.475 4.5766e-17
3622.000 5.1149e-17
3623.525 5.2063e-17
3625.050 5.7006e-17
3626.575 4.86e-17
3628.100 9.6164e-17
3629.625 4.8026e-17
3631.150 3.2362e-17
3632.675 6.2572e-17
3634.200 5.7326e-17
3635.725 4.7892e-17
3637.250 7.4025e-17
3638.775 6.1476e-17
3640.300 5.7427e-17
3641.825 4.5509e-17
3643.350 3.5129e-17
3644.875 4.8273e-17
3646.400 4.9673e-17
3647.925 1.8144e-17
3649.450 4.0614e-17
3650.975 4.8849e-17
3652.500 5.5205e-17
3654.025 5.2554e-17
3655.550 3.4653e-17
3657.075 4.7798e-17
3658.600 4.2886e-17
3660.125 6.2806e-17
3661.650 6.1378e-17
3663.175 3.8202e-17
3664.700 2.9567e-17
3666.225 2.1634e-17
3667.750 4.6178e-17
3669.275 2.9124e-17
3670.800 1.7086e-17
3672.325 4.2439e-17
3673.850 1.2487e-17
3675.375 1.0763e-18
3676.900 4.782e-17
3678.425 3.1827e-17
3679.950 4.179e-17
3681.475 4.5226e-17
3683.000 6.3411e-17
3684.525 5.5086e-17
3686.050 3.0219e-17
3687.575 2.6375e-17
3689.100 3.1579e-17
3690.625 5.2814e-17
3692.150 3.3865e-17
3693.675 3.1352e-17
3695.200 3.8354e-17
3696.725 3.9355e-17
3698.250 3.7893e-17
3699.775 3.6973e-17
3701.300 2.2804e-17
3702.825 4.9271e-17
3704.350 3.5984e-17
3705.875 4.2898e-17
3707.400 3.4411e-17
3708.925 4.4285e-17
3710.450 2.2735e-17
3711.975 2.8911e-17
3713.500 2.3116e-17
3715.025 1.1359e-17
3716.550 4.2598e-17
3718.075 4.9198e-17
3719.600 2.9253e-17
3721.125 5.4423e-17
3722.650 5.8602e-17
3724.175 6.544e-17
3725.700 4.9193e-17
3727.225 6.3067e-17
3728.750 7.7217e-17
3730.275 4.792e-17
3731.800 7.1085e-17
3733.325 1.0853e-16
3734.850 9.6167e-17
3736.375 7.9724e-17
3737.900 3.7265e-17
3739.425 4.264e-17
3740.950 7.4045e-17
3742.475 3.1882e-17
3744.000 1.4057e-17
3745.525 5.1512e-17
3747.050 6.1441e-17
3748.575 6.7828e-17
3750.100 3.2183e-17
3751.625 5.114e-17
3753.150 5.6813e-17
3754.675 4.4078e-17
3756.200 7.9078e-17
3757.725 5.6513e-17
3759.250 3.3415e-17
3760.775 6.2686e-17
3762.300 3.9913e-17
3763.825 4.4801e-17
3765.350 4.6269e-17
3766.875 6.2003e-17
3768.400 6.2508e-17
3769.925 4.3816e-17
3771.450 3.4408e-17
3772.975 4.9255e-17
3774.500 4.178e-17
3776.025 3.3941e-17
3777.550 2.0767e-17
3779.075 1.1321e-17
3780.600 3.0118e-17
3782.125 6.8171e-17
3783.650 7.1343e-17
3785.175 4.7798e-17
3786.700 5.7273e-17
3788.225 5.2648e-17
3789.750 4.7411e-17
3791.275 5.4205e-17
3792.800 5.9859e-17
3794.325 6.7202e-17
3795.850 5.2175e-17
3797.375 5.8195e-17
3798.900 6.7079e-17
3800.425 3.9617e-17
3801.950 3.7312e-17
3803.475 5.6493e-17
3805.000 4.2213e-17
3806.525 2.9431e-17
3808.050 4.4742e-17
3809.575 5.3181e-17
3811.100 7.724e-17
3812.625 8.3414e-17
3814.150 5.8543e-17
3815.675 5.9123e-17
3817.200 5.3227e-17
3818.725 5.8371e-17
3820.250 7.6102e-17
3821.775 6.4675e-17
3823.300 6.8374e-17
3824.825 7.3181e-17
3826.350 6.1224e-17
3827.875 7.8122e-17
3829.400 6.2227e-17
3830.925 5.4547e-17
3832.450 5.5897e-17
3833.975 7.1348e-17
3835.500 5.8524e-17
3837.025 7.3519e-17
3838.550 6.3227e-17
3840.075 5.4717e-17
3841.600 3.7062e-17
3843.125 3.8138e-17
3844.650 5.3812e-17
3846.175 5.7332e-17
3847.700 4.0103e-17
3849.225 4.4158e-17
3850.750 5.8573e-17
3852.275 6.2824e-17
3853.800 6.3762e-17
3855.325 1.0696e-16
3856.850 9.6292e-17
3858.375 7.4074e-17
3859.900 7.1089e-17
3861.425 7.8798e-17
3862.950 7.5747e-17
3864.475 5.6078e-17
3866.000 5.6568e-17
3867.525 4.9899e-17
3869.050 7.663e-17
3870.575 7.3851e-17
3872.100 6.2884e-17
3873.625 4.0683e-17
3875.150 5.9958e-17
3876.675 6.1793e-17
3878.200 5.28e-17
3879.725 3.6121e-17
3881.250 5.1355e-17
3882.775 5.6377e-17
3884.300 7.4685e-17
3885.825 6.4918e-17
3887.350 4.1377e-17
3888.875 3.6753e-17
3890.400 3.4437e-17
3891.925 3.4923e-17
3893.450 4.996e-17
3894.975 4.9988e-17
3896.500 6.0326e-17
3898.025 4.4011e-17
3899.550 2.9696e-17
3901.075 3.0729e-17
3902.600 4.1695e-17
3904.125 6.5033e-17
3905.650 9.0186e-17
3907.175 7.334e-17
3908.700 7.9507e-17
3910.225 7.5515e-17
3911.750 9.6555e-17
3913.275 7.8307e-17
3914.800 7.0712e-17
3916.325 8.1854e-17
3917.850 5.501e-17
3919.375 6.9329e-17
3920.900 8.0665e-17
3922.425 7.4425e-17
3923.950 7.9128e-17
3925.475 9.2491e-17
3927.000 7.175e-17
3928.525 7.1704e-17
3930.050 7.6488e-17
3931.575 7.0831e-17
3933.100 6.336e-17
3934.625 7.4511e-17
3936.150 6.113e-17
3937.675 5.76e-17
3939.200 5.4205e-17
3940.725 6.7618e-17
3942.250 6.0561e-17
3943.775 5.6239e-17
3945.300 6.5114e-17
3946.825 7.9169e-17
3948.350 6.5309e-17
3949.875 6.6141e-17
3951.400 7.3753e-17
3952.925 7.705e-17
3954.450 5.0164e-17
3955.975 6.0705e-17
3957.500 8.3591e-17
3959.025 6.2347e-17
3960.550 7.2849e-17
3962.075 6.8923e-17
3963.600 6.3897e-17
3965.125 5.9888e-17
3966.650 5.2976e-17
3968.175 5.684e-17
3969.700 4.6018e-17
3971.225 4.5258e-17
3972.750 4.8644e-17
3974.275 3.4051e-17
3975.800 5.7015e-17
3977.325 3.8306e-17
3978.850 2.3411e-17
3980.375 3.0658e-17
3981.900 6.0341e-17
3983.425 6.3073e-17
3984.950 7.1496e-17
3986.475 4.5766e-17
3988.000 4.3451e-17
3989.525 7.0557e-17
3991.050 7.0008e-17
3992.575 6.783e-17
3994.100 8.315e-17
3995.625 9.6879e-17
3997.150 5.8759e-17
3998.675 6.9355e-17
4000.200 6.6617e-17
4001.725 4.9529e-17
4003.250 3.6501e-17
4004.775 5.4492e-17
4006.300 6.851e-17
4007.825 4.1048e-17
4009.350 6.0837e-17
4010.875 7.813e-17
4012.400 7.9298e-17
4013.925 8.9119e-17
4015.450 8.9474e-17
4016.975 4.476e-17
4018.500 3.6254e-17
4020.025 8.8437e-17
4021.550 8.9922e-17
4023.075 7.3586e-17
4024.600 7.4018e-17
4026.125 7.664e-17
4027.650 7.494e-17
4029.175 5.9005e-17
4030.700 7.4094e-17
4032.225 6.2603e-17
4033.750 6.1767e-17
4035.275 6.7798e-17
4036.800 6.7397e-17
4038.325 8.2261e-17
4039.850 9.1199e-17
4041.375 8.8445e-17
4042.900 7.1247e-17
4044.425 4.658e-17
4045.950 6.7127e-17
4047.475 8.0641e-17
4049.000 8.6147e-17
4050.525 7.2773e-17
4052.050 4.1486e-17
4053.575 7.8742e-17
4055.100 8.118e-17
4056.625 8.972e-17
4058.150 6.9731e-17
4059.675 4.5649e-17
4061.200 5.6428e-17
4062.725 6.3718e-17
4064.250 7.9617e-17
4065.775 6.3452e-17
4067.300 5.9692e-17
4068.825 6.0799e-17
4070.350 7.6859e-17
4071.875 8.1572e-17
4073.400 4.4336e-17
4074.925 3.547e-17
4076.450 4.9273e-17
4077.975 6.3278e-17
4079.500 6.2124e-17
4081.025 8.3199e-17
4082.550 5.9997e-17
4084.075 5.7884e-17
4085.600 6.2937e-17
4087.125 6.9435e-17
4088.650 7.3357e-17
4090.175 6.6457e-17
4091.700 5.4158e-17
4093.225 5.3344e-17
4094.750 6.0064e-17
4096.275 6.7866e-17
4097.800 6.3646e-17
4099.325 6.6491e-17
4100.850 6.7645e-17
4102.375 4.3046e-17
4103.900 6.0139e-17
4105.425 6.6028e-17
4106.950 4.0372e-17
4108.475 5.9005e-17
4110.000 4.3346e-17
4111.525 4.0085e-17
4113.050 4.1665e-17
4114.575 5.6158e-17
4116.100 7.4555e-17
4117.625 4.0496e-17
4119.150 6.643e-17
4120.675 7.0334e-17
4122.200 3.8667e-17
4123.725 4.7342e-17
4125.250 6.974e-17
4126.775 4.8441e-17
4128.300 5.0708e-17
4129.825 7.3382e-17
4131.350 6.3959e-17
4132.875 6.9952e-17
4134.400 5.1911e-17
4135.925 5.9447e-17
4137.450 4.3537e-17
4138.975 5.8634e-17
4140.500 8.303e-17
4142.025 7.1503e-17
4143.550 7.4955e-17
4145.075 6.7616e-17
4146.600 7.1413e-17
4148.125 7.772e-17
4149.650 6.9759e-17
4151.175 8.5295e-17
4152.700 9.0669e-17
4154.225 6.8327e-17
4155.750 6.3053e-17
4157.275 6.7078e-17
4158.800 5.8208e-17
4160.325 7.6007e-17
4161.850 8.2272e-17
4163.375 6.8366e-17
4164.900 5.713e-17
4166.425 6.9467e-17
4167.950 6.904e-17
4169.475 5.4002e-17
4171.000 8.0892e-17
4172.525 7.3499e-17
4174.050 5.5488e-17
4175.575 7.0135e-17
4177.100 6.2715e-17
4178.625 5.8387e-17
4180.150 6.4207e-17
4181.675 6.277e-17
4183.200 6.2849e-17
4184.725 5.6066e-17
4186.250 6.5987e-17
4187.775 5.6035e-17
4189.300 7.1009e-17
4190.825 8.8967e-17
4192.350 8.2109e-17
4193.875 6.8545e-17
4195.400 6.9581e-17
4196.925 7.4736e-17
4198.450 4.9649e-17
4199.975 5.7521e-17
4201.500 5.0637e-17
4203.025 6.8793e-17
4204.550 8.8001e-17
4206.075 6.8049e-17
4207.600 4.6047e-17
4209.125 5.9997e-17
4210.650 1.0251e-16
4212.175 8.4697e-17
4213.700 8.93e-17
4215.225 7.3925e-17
4216.750 5.2105e-17
4218.275 6.3462e-17
4219.800 6.2051e-17
4221.325 7.258e-17
4222.850 7.2961e-17
4224.375 7.0664e-17
4225.900 7.7534e-17
4227.425 7.0403e-17
4228.950 7.8179e-17
4230.475 7.0546e-17
4232.000 8.0373e-17
4233.525 7.4e-17
4235.050 7.7596e-17
4236.575 7.7132e-17
4238.100 5.9122e-17
4239.625 5.9412e-17
4241.150 6.6427e-17
4242.675 6.5179e-17
4244.200 5.7886e-17
4245.725 4.109e-17
4247.250 5.4292e-17
4248.775 6.7704e-17
4250.300 8.6118e-17
4251.825 6.3206e-17
4253.350 4.6594e-17
4254.875 5.573e-17
4256.400 6.5376e-17
4257.925 7.2203e-17
4259.450 6.0853e-17
4260.975 6.762e-17
4262.500 8.3368e-17
4264.025 7.8309e-17
4265.550 7.0146e-17
4267.075 4.5436e-17
4268.600 6.7584e-17
4270.125 6.8964e-17
4271.650 7.205e-17
4273.175 7.1005e-17
4274.700 6.5642e-17
4276.225 6.8917e-17
4277.750 7.8728e-17
4279.275 6.5514e-17
4280.800 7.564e-17
4282.325 5.3382e-17
4283.850 6.3598e-17
4285.375 6.4453e-17
4286.900 6.1062e-17
4288.425 6.2924e-17
4289.950 8.5369e-17
4291.475 7.9845e-17
4293.000 7.5979e-17
4294.525 6.9603e-17
4296.050 4.8406e-17
4297.575 5.6124e-17
4299.100 7.2177e-17
4300.625 7.9072e-17
4302.150 8.0895e-17
4303.675 6.0224e-17
4305.200 5.7379e-17
4306.725 5.6524e-17
4308.250 4.549e-17
4309.775 5.1974e-17
4311.300 5.8322e-17
4312.825 6.656e-17
4314.350 6.7764e-17
4315.875 5.375e-17
4317.400 8.1098e-17
4318.925 6.4957e-17
4320.450 4.3158e-17
4321.975 5.7117e-17
4323.500 7.4146e-17
4325.025 6.9737e-17
4326.550 6.9507e-17
4328.075 5.7372e-17
4329.600 6.1946e-17
4331.125 5.8373e-17
4332.650 6.0254e-17
4334.175 3.0019e-17
4335.700 3.4113e-17
4337.225 5.2887e-17
4338.750 4.8478e-17
4340.275 3.8111e-17
4341.800 6.2284e-17
4343.325 5.2716e-17
4344.850 3.5537e-17
4346.375 3.925e-17
4347.900 5.694e-17
4349.425 5.6914e-17
4350.950 3.4166e-17
4352.475 4.831e-17
4354.000 4.5762e-17
4355.525 5.33e-17
4357.050 6.1036e-17
4358.575 4.8503e-17
4360.100 4.73e-17
4361.625 5.457e-17
4363.150 7.372e-17
4364.675 6.1009e-17
4366.200 4.6685e-17
4367.725 7.4914e-17
4369.250 6.6694e-17
4370.775 5.6208e-17
4372.300 7.0585e-17
4373.825 6.9673e-17
4375.350 6.7106e-17
4376.875 8.2051e-17
4378.400 7.5855e-17
4379.925 6.4251e-17
4381.450 6.3989e-17
4382.975 6.3825e-17
4384.500 6.339e-17
4386.025 5.3043e-17
4387.550 3.1441e-17
4389.075 4.9643e-17
4390.600 4.7238e-17
4392.125 5.9601e-17
4393.650 5.6149e-17
4395.175 6.077e-17
4396.700 5.3837e-17
4398.225 6.5566e-17
4399.750 5.9427e-17
4401.275 4.733e-17
4402.800 6.3128e-17
4404.325 6.5674e-17
4405.850 5.4007e-17
4407.375 5.4733e-17
4408.900 7.6956e-17
4410.425 5.9163e-17
4411.950 7.4529e-17
4413.475 6.6854e-17
4415.000 5.0652e-17
4416.525 4.6901e-17
4418.050 5.4602e-17
4419.575 6.0226e-17
4421.100 4.665e-17
4422.625 4.4614e-17
4424.150 6.168e-17
4425.675 7.2072e-17
4427.200 7.2572e-17
4428.725 6.8245e-17
4430.250 6.4641e-17
4431.775 8.0611e-17
4433.300 7.5967e-17
4434.825 5.9548e-17
4436.350 6.3838e-17
4437.875 6.1849e-17
4439.400 6.765e-17
4440.925 6.8241e-17
4442.450 5.4568e-17
4443.975 5.0166e-17
4445.500 4.949e-17
4447.025 7.4021e-17
4448.550 7.873e-17
4450.075 6.4756e-17
4451.600 5.4336e-17
4453.125 6.5231e-17
4454.650 5.345e-17
4456.175 4.7372e-17
4457.700 7.2826e-17
4459.225 6.0335e-17
4460.750 6.0493e-17
4462.275 6.7352e-17
4463.800 8.0208e-17
4465.325 6.339e-17
4466.850 5.9413e-17
4468.375 5.414e-17
4469.900 5.2158e-17
4471.425 5.8925e-17
4472.950 7.5144e-17
4474.475 7.1335e-17
4476.000 5.7831e-17
4477.525 4.5061e-17
4479.050 6.3021e-17
4480.575 5.829e-17
4482.100 6.6846e-17
4483.625 6.9567e-17
4485.150 6.0059e-17
4486.675 6.8772e-17
4488.200 5.7813e-17
4489.725 4.6066e-17
4491.250 4.2112e-17
4492.775 5.3014e-17
4494.300 6.0691e-17
4495.825 8.7591e-17
4497.350 7.7738e-17
4498.875 6.6759e-17
4500.400 6.346e-17
4501.925 7.1692e-17
4503.450 6.2962e-17
4504.975 7.9551e-17
4506.500 7.2302e-17
4508.025 5.2553e-17
4509.550 7.7e-17
4511.075 7.6046e-17
4512.600 7.1696e-17
4514.125 7.4973e-17
4515.650 5.5004e-17
4517.175 6.5531e-17
4518.700 7.0955e-17
4520.225 6.8767e-17
4521.750 5.9621e-17
4523.275 7.1865e-17
4524.800 7.3061e-17
4526.325 6.4245e-17
4527.850 6.8136e-17
4529.375 5.5409e-17
4530.900 3.0723e-17
4532.425 4.1641e-17
4533.950 5.1758e-17
4535.475 5.909e-17
4537.000 6.8081e-17
4538.525 5.0978e-17
4540.050 4.7123e-17
4541.575 5.8011e-17
4543.100 5.1706e-17
4544.625 6.4828e-17
4546.150 6.841e-17
4547.675 5.9574e-17
4549.200 5.032e-17
4550.725 4.2993e-17
4552.250 5.2282e-17
4553.775 5.0664e-17
4555.300 5.2732e-17
4556.825 7.1376e-17
4558.350 6.5152e-17
4559.875 5.9096e-17
4561.400 6.571e-17
4562.925 5.8455e-17
4564.450 5.4516e-17
4565.975 4.489e-17
4567.500 6.8641e-17
4569.025 5.8443e-17
4570.550 5.2174e-17
4572.075 5.5142e-17
4573.600 6.2802e-17
4575.125 4.5113e-17
4576.650 6.3633e-17
4578.175 6.7474e-17
4579.700 5.0812e-17
4581.225 5.2743e-17
4582.750 4.9278e-17
4584.275 6.3995e-17
4585.800 5.6524e-17
4587.325 5.8022e-17
4588.850 5.7524e-17
4590.375 7.9092e-17
4591.900 7.4798e-17
4593.425 6.0212e-17
4594.950 5.0502e-17
4596.475 6.9095e-17
4598.000 5.9804e-17
4599.525 7.7226e-17
4601.050 8.3137e-17
4602.575 6.1076e-17
4604.100 6.2419e-17
4605.625 6.162e-17
4607.150 6.1017e-17
4608.675 5.9934e-17
4610.200 6.536e-17
4611.725 6.5094e-17
4613.250 6.3484e-17
4614.775 4.444e-17
4616.300 6.8964e-17
4617.825 7.4219e-17
4619.350 6.5517e-17
4620.875 6.418e-17
4622.400 6.377e-17
4623.925 4.9328e-17
4625.450 4.6325e-17
4626.975 6.2868e-17
4628.500 7.5321e-17
4630.025 6.1173e-17
4631.550 5.2884e-17
4633.075 5.6483e-17
4634.600 6.1197e-17
4636.125 6.8904e-17
4637.650 5.1766e-17
4639.175 2.1606e-17
4640.700 3.259e-17
4642.225 5.1196e-17
4643.750 6.141e-17
4645.275 6.5092e-17
4646.800 8.3284e-17
4648.325 8.1565e-17
4649.850 5.2808e-17
4651.375 5.5854e-17
4652.900 5.8688e-17
4654.425 4.9044e-17
4655.950 5.1552e-17
4657.475 5.9797e-17
4659.000 6.7446e-17
4660.525 6.7365e-17
4662.050 4.8966e-17
4663.575 5.0785e-17
4665.100 6.6857e-17
4666.625 5.064e-17
4668.150 4.8459e-17
4669.675 4.2041e-17
4671.200 4.8508e-17
4672.725 7.363e-17
4674.250 7.6658e-17
4675.775 5.909e-17
4677.300 7.3315e-17
4678.825 6.6981e-17
4680.350 5.2093e-17
4681.875 5.6835e-17
4683.400 5.8808e-17
4684.925 6.2008e-17
4686.450 5.3052e-17
4687.975 4.9732e-17
4689.500 5.5855e-17
4691.025 6.3705e-17
4692.550 6.682e-17
4694.075 5.5837e-17
4695.600 6.4786e-17
4697.125 6.8008e-17
4698.650 6.657e-17
4700.175 7.1579e-17
4701.700 6.7837e-17
4703.225 6.5804e-17
4704.750 7.771e-17
4706.275 7.8666e-17
4707.800 5.7004e-17
4709.325 5.3967e-17
4710.850 5.7276e-17
4712.375 6.6491e-17
4713.900 6.634e-17
4715.425 6.1016e-17
4716.950 5.4387e-17
4718.475 5.0766e-17
4720.000 5.8037e-17
4721.525 4.7763e-17
4723.050 5.3775e-17
4724.575 5.0405e-17
4726.100 5.9735e-17
4727.625 5.3029e-17
4729.150 5.3841e-17
4730.675 6.2449e-17
4732.200 4.6652e-17
4733.725 6.9001e-17
4735.250 6.9357e-17
4736.775 5.9831e-17
4738.300 5.9497e-17
4739.825 6.6538e-17
4741.350 5.3289e-17
4742.875 7.1967e-17
4744.400 6.0026e-17
4745.925 4.8195e-17
4747.450 5.5383e-17
4748.975 4.5643e-17
4750.500 5.1771e-17
4752.025 5.4743e-17
4753.550 4.7474e-17
4755.075 5.7076e-17
4756.600 5.7557e-17
4758.125 6.497e-17
4759.650 4.3741e-17
4761.175 5.2272e-17
4762.700 7.5377e-17
4764.225 5.8595e-17
4765.750 4.8382e-17
4767.275 5.2208e-17
4768.800 5.1971e-17
4770.325 4.9527e-17
4771.850 5.5562e-17
4773.375 5.7069e-17
4774.900 5.0195e-17
4776.425 6.2152e-17
4777.950 7.1003e-17
4779.475 6.0862e-17
4781.000 4.9996e-17
4782.525 3.8609e-17
4784.050 4.3714e-17
4785.575 5.6417e-17
4787.100 7.3845e-17
4788.625 7.0448e-17
4790.150 6.8693e-17
4791.675 8.0959e-17
4793.200 7.9953e-17
4794.725 3.9462e-17
4796.250 3.0502e-17
4797.775 6.0717e-17
4799.300 6.1141e-17
4800.825 5.581e-17
4802.350 6.8321e-17
4803.875 5.1142e-17
4805.400 4.6354e-17
4806.925 4.6597e-17
4808.450 5.6473e-17
4809.975 5.9665e-17
4811.500 5.8778e-17
4813.025 7.0857e-17
4814.550 6.512e-17
4816.075 6.617e-17
4817.600 6.7414e-17
4819.125 4.7089e-17
4820.650 6.0353e-17
4822.175 6.0728e-17
4823.700 4.9957e-17
4825.225 5.2801e-17
4826.750 7.0279e-17
4828.275 7.1893e-17
4829.800 6.5533e-17
4831.325 7.3739e-17
4832.850 6.0858e-17
4834.375 6.944e-17
4835.900 5.9818e-17
4837.425 5.7876e-17
4838.950 5.6388e-17
4840.475 7.2606e-17
4842.000 6.1173e-17
4843.525 4.0094e-17
4845.050 2.4765e-17
4846.575 5.4147e-17
4848.100 6.5564e-17
4849.625 6.7523e-17
4851.150 5.6909e-17
4852.675 6.1988e-17
4854.200 5.996e-17
4855.725 4.8125e-17
4857.250 5.2553e-17
4858.775 5.8404e-17
4860.300 4.3409e-17
4861.825 4.191e-17
4863.350 3.4916e-17
4864.875 4.829e-17
4866.400 5.5641e-17
4867.925 6.6523e-17
4869.450 5.6972e-17
4870.975 5.6455e-17
4872.500 5.005e-17
4874.025 3.9371e-17
4875.550 4.1474e-17
4877.075 5.338e-17
4878.600 6.0847e-17
4880.125 4.2151e-17
4881.650 5.1384e-17
4883.175 4.2122e-17
4884.700 5.108e-17
4886.225 4.5447e-17
4887.750 4.0337e-17
4889.275 4.666e-17
4890.800 5.1068e-17
4892.325 4.7042e-17
4893.850 5.427e-17
4895.375 4.9703e-17
4896.900 4.5948e-17
4898.425 5.9821e-17
4899.950 6.5794e-17
4901.475 3.7918e-17
4903.000 4.6743e-17
4904.525 6.2189e-17
4906.050 5.847e-17
4907.575 6.0359e-17
4909.100 4.4456e-17
4910.625 3.7268e-17
4912.150 4.5238e-17
4913.675 6.2267e-17
4915.200 4.2493e-17
4916.725 3.9229e-17
4918.250 4.5563e-17
4919.775 6.3955e-17
4921.300 5.8683e-17
4922.825 4.6678e-17
4924.350 5.3464e-17
4925.875 4.3082e-17
4927.400 4.813e-17
4928.925 3.4858e-17
4930.450 4.7591e-17
4931.975 6.1665e-17
4933.500 6.2588e-17
4935.025 7.129e-17
4936.550 4.9443e-17
4938.075 5.7008e-17
4939.600 7.1414e-17
4941.125 5.5796e-17
4942.650 6.1545e-17
4944.175 6.8661e-17
4945.700 5.5883e-17
4947.225 6.2787e-17
4948.750 6.7844e-17
4950.275 4.0274e-17
4951.800 4.8383e-17
4953.325 4.4937e-17
4954.850 5.4313e-17
4956.375 5.3662e-17
4957.900 5.4207e-17
4959.425 6.3786e-17
4960.950 5.7269e-17
4962.475 7.057e-17
4964.000 6.0197e-17
4965.525 5.1269e-17
4967.050 4.7387e-17
4968.575 6.141e-17
4970.100 5.3652e-17
4971.625 7.3973e-17
4973.150 7.2011e-17
4974.675 5.6812e-17
4976.200 4.6691e-17
4977.725 6.4431e-17
4979.250 5.7811e-17
4980.775 4.456e-17
4982.300 4.0719e-17
4983.825 4.3753e-17
4985.350 4.4285e-17
4986.875 4.6546e-17
4988.400 5.1848e-17
4989.925 5.3848e-17
4991.450 6.5724e-17
4992.975 4.6315e-17
4994.500 3.9992e-17
4996.025 3.6416e-17
4997.550 4.2224e-17
4999.075 6.2758e-17
5000.600 8.6592e-17
5002.125 7.7379e-17
5003.650 4.549e-17
5005.175 4.7042e-17
5006.700 5.7287e-17
5008.225 6.0914e-17
5009.750 5.8463e-17
5011.275 4.7368e-17
5012.800 4.8864e-17
5014.325 5.9984e-17
5015.850 6.0297e-17
5017.375 6.5606e-17
5018.900 5.4592e-17
5020.425 4.5437e-17
5021.950 5.3186e-17
5023.475 5.0235e-17
5025.000 4.1137e-17
5026.525 4.902e-17
5028.050 6.2952e-17
5029.575 6.5474e-17
5031.100 6.1534e-17
5032.625 5.7915e-17
5034.150 6.292e-17
5035.675 6.4e-17
5037.200 4.7251e-17
5038.725 4.0865e-17
5040.250 3.8262e-17
5041.775 4.9845e-17
5043.300 5.4006e-17
5044.825 6.3894e-17
5046.350 5.9126e-17
5047.875 5.6961e-17
5049.400 5.3548e-17
5050.925 7.216e-17
5052.450 6.1077e-17
5053.975 5.9713e-17
5055.500 5.8886e-17
5057.025 2.9018e-17
5058.550 2.7326e-17
5060.075 5.3953e-17
5061.600 7.3046e-17
5063.125 5.1353e-17
5064.650 7.1549e-17
5066.175 7.738e-17
5067.700 4.7917e-17
5069.225 3.7831e-17
5070.750 5.8188e-17
5072.275 5.0925e-17
5073.800 7.36e-17
5075.325 7.7741e-17
5076.850 5.1932e-17
5078.375 3.1625e-17
5079.900 6.503e-17
5081.425 5.7944e-17
5082.950 4.8991e-17
5084.475 3.8171e-17
5086.000 4.7758e-17
5087.525 3.708e-17
5089.050 5.7582e-17
5090.575 5.8262e-17
5092.100 4.4581e-17
5093.625 5.8418e-17
5095.150 4.2881e-17
5096.675 4.9652e-17
5098.200 4.301e-17
5099.725 5.5417e-17
5101.250 6.4235e-17
5102.775 7.7702e-17
5104.300 6.549e-17
5105.825 5.1826e-17
5107.350 5.3418e-17
5108.875 3.741e-17
5110.400 5.6169e-17
5111.925 4.6412e-17
5113.450 6.2092e-17
5114.975 6.0786e-17
5116.500 4.3287e-17
5118.025 5.2296e-17
5119.550 4.349e-17
5121.075 4.1501e-17
5122.600 4.8126e-17
5124.125 5.7805e-17
5125.650 4.8336e-17
5127.175 5.2338e-17
5128.700 5.8466e-17
5130.225 5.281e-17
5131.750 4.3355e-17
5133.275 5.7889e-17
5134.800 6.5197e-17
5136.325 4.6686e-17
5137.850 5.2202e-17
5139.375 4.308e-17
5140.900 6.4979e-17
5142.425 7.3262e-17
5143.950 5.5663e-17
5145.475 2.995e-17
5147.000 4.0689e-17
5148.525 5.0488e-17
5150.050 5.4099e-17
5151.575 4.4088e-17
5153.100 5.4598e-17
5154.625 4.8432e-17
5156.150 3.7801e-17
5157.675 4.3642e-17
5159.200 5.0173e-17
5160.725 5.6829e-17
5162.250 5.4199e-17
5163.775 3.7145e-17
5165.300 4.4199e-17
5166.825 4.2711e-17
5168.350 5.4442e-17
5169.875 5.2063e-17
5171.400 3.8232e-17
5172.925 4.8674e-17
5174.450 5.048e-17
5175.975 5.1419e-17
5177.500 4.8353e-17
5179.025 4.7049e-17
5180.550 4.6178e-17
5182.075 3.3272e-17
5183.600 4.4119e-17
5185.125 3.9142e-17
5186.650 5.0013e-17
5188.175 5.9427e-17
5189.700 4.6236e-17
5191.225 3.7863e-17
5192.750 4.2795e-17
5194.275 4.8358e-17
5195.800 6.165e-17
5197.325 4.2457e-17
5198.850 5.089e-17
5200.375 6.7861e-17
5201.900 5.8337e-17
5203.425 4.983e-17
5204.950 5.0147e-17
5206.475 5.8537e-17
5208.000 5.072e-17
5209.525 6.9109e-17
5211.050 6.3384e-17
5212.575 6.989e-17
5214.100 6.153e-17
5215.625 4.295e-17
5217.150 5.1108e-17
5218.675 4.8219e-17
5220.200 4.4524e-17
5221.725 3.9545e-17
5223.250 5.6623e-17
5224.775 6.3677e-17
5226.300 4.6726e-17
5227.825 4.6369e-17
5229.350 5.8813e-17
5230.875 5.8369e-17
5232.400 4.3595e-17
5233.925 6.0073e-17
5235.450 5.3698e-17
5236.975 3.8928e-17
5238.500 3.8562e-17
5240.025 4.1332e-17
5241.550 5.9365e-17
5243.075 6.2173e-17
5244.600 6.3426e-17
5246.125 4.972e-17
5247.650 3.8379e-17
5249.175 3.8657e-17
5250.700 5.1357e-17
5252.225 5.8829e-17
5253.750 4.8216e-17
5255.275 5.8365e-17
5256.800 4.2847e-17
5258.325 5.1898e-17
5259.850 4.7958e-17
5261.375 4.1149e-17
5262.900 5.0741e-17
5264.425 3.8689e-17
5265.950 4.9429e-17
5267.475 4.3473e-17
5269.000 4.2502e-17
5270.525 3.9692e-17
5272.050 5.6172e-17
5273.575 6.1756e-17
5275.100 4.763e-17
5276.625 2.8841e-17
5278.150 4.0873e-17
5279.675 4.8018e-17
5281.200 5.056e-17
5282.725 2.7888e-17
5284.250 3.2175e-17
5285.775 4.7173e-17
5287.300 6.2888e-17
5288.825 4.5837e-17
5290.350 4.1729e-17
5291.875 6.5962e-17
5293.400 5.7989e-17
5294.925 5.8597e-17
5296.450 4.7315e-17
5297.975 5.8598e-17
5299.500 6.0484e-17
5301.025 5.3132e-17
5302.550 6.0534e-17
5304.075 5.1063e-17
5305.600 4.2252e-17
5307.125 4.6274e-17
5308.650 3.7867e-17
5310.175 3.9375e-17
5311.700 6.0488e-17
5313.225 5.4802e-17
5314.750 5.0129e-17
5316.275 3.8849e-17
5317.800 4.6893e-17
5319.325 6.1896e-17
5320.850 4.1489e-17
5322.375 4.2071e-17
5323.900 4.5765e-17
5325.425 3.357e-17
5326.950 2.3092e-17
5328.475 5.7265e-17
5330.000 4.9343e-17
5331.525 4.8124e-17
5333.050 5.9602e-17
5334.575 3.2205e-17
5336.100 4.8215e-17
5337.625 4.6158e-17
5339.150 3.7115e-17
5340.675 3.3909e-17
5342.200 5.3316e-17
5343.725 5.7419e-17
5345.250 3.7701e-17
5346.775 3.8218e-17
5348.300 5.0346e-17
5349.825 4.5136e-17
5351.350 5.9745e-17
5352.875 5.0251e-17
5354.400 3.2385e-17
5355.925 3.5258e-17
5357.450 3.9658e-17
5358.975 4.0948e-17
5360.500 3.3724e-17
5362.025 5.7288e-17
5363.550 6.9453e-17
5365.075 4.5194e-17
5366.600 3.7036e-17
5368.125 4.7142e-17
5369.650 4.6663e-17
5371.175 3.9882e-17
5372.700 5.1454e-17
5374.225 4.9221e-17
5375.750 3.4451e-17
5377.275 3.2988e-17
5378.800 3.909e-17
5380.325 3.9416e-17
5381.850 3.6403e-17
5383.375 5.4254e-17
5384.900 7.1593e-17
5386.425 4.8223e-17
5387.950 3.9215e-17
5389.475 5.0283e-17
5391.000 3.9704e-17
5392.525 3.7823e-17
5394.050 3.7892e-17
5395.575 4.8415e-17
5397.100 5.9555e-17
5398.625 4.9033e-17
5400.150 3.4864e-17
5401.675 4.8094e-17
5403.200 2.8883e-17
5404.725 4.4769e-17
5406.250 4.7546e-17
5407.775 5.4977e-17
5409.300 3.8826e-17
5410.825 4.5462e-17
5412.350 5.4213e-17
5413.875 6.1362e-17
5415.400 6.4116e-17
5416.925 4.1722e-17
5418.450 4.6464e-17
5419.975 5.7367e-17
5421.500 4.5808e-17
5423.025 3.2198e-17
5424.550 4.4078e-17
5426.075 5.0073e-17
5427.600 3.815e-17
5429.125 4.736e-17
5430.650 3.5716e-17
5432.175 2.3089e-17
5433.700 3.696e-17
5435.225 4.028e-17
5436.750 6.5814e-17
5438.275 5.1504e-17
5439.800 4.0824e-17
5441.325 5.4723e-17
5442.850 5.6008e-17
5444.375 5.7053e-17
5445.900 5.7e-17
5447.425 3.6079e-17
5448.950 3.5298e-17
5450.475 5.5896e-17
5452.000 7.441e-17
5453.525 4.9045e-17
5455.050 3.563e-17
5456.575 2.3564e-17
5458.100 4.0042e-17
5459.625 7.1099e-17
5461.150 7.4983e-17
5462.675 8.0477e-17
5464.200 3.897e-17
5465.725 4.0621e-17
5467.250 5.4863e-17
5468.775 4.1868e-17
5470.300 3.869e-17
5471.825 3.0234e-17
5473.350 5.2859e-17
5474.875 3.2009e-17
5476.400 2.848e-17
5477.925 3.5058e-17
5479.450 5.6379e-17
5480.975 4.2543e-17
5482.500 6.1372e-17
5484.025 5.2944e-17
5485.550 5.9133e-17
5487.075 4.5971e-17
5488.600 7.2487e-17
5490.125 7.1134e-17
5491.650 3.8537e-17
5493.175 3.6955e-17
5494.700 3.8374e-17
5496.225 4.3398e-17
5497.750 4.0698e-17
5499.275 4.3216e-17
5500.800 4.2967e-17
5502.325 3.9849e-17
5503.850 3.9305e-17
5505.375 4.445e-17
5506.900 4.4335e-17
5508.425 4.4132e-17
5509.950 4.5815e-17
5511.475 4.2217e-17
5513.000 4.2172e-17
5514.525 4.5477e-17
5516.050 4.3141e-17
5517.575 4.3199e-17
5519.100 5.0463e-17
5520.625 5.2168e-17
5522.150 5.0467e-17
5523.675 5.1045e-17
5525.200 5.3584e-17
5526.725 5.2314e-17
5528.250 5.0317e-17
5529.775 4.4611e-17
5531.300 3.799e-17
5532.825 3.8937e-17
5534.350 4.2008e-17
5535.875 4.3341e-17
5537.400 4.2193e-17
5538.925 4.783e-17
5540.450 5.1634e-17
5541.975 4.7539e-17
5543.500 4.9142e-17
5545.025 5.0055e-17
5546.550 5.0878e-17
5548.075 5.4412e-17
5549.600 5.0831e-17
5551.125 4.794e-17
5552.650 4.9388e-17
5554.175 4.8795e-17
5555.700 4.6581e-17
5557.225 5.021e-17
5558.750 5.5017e-17
5560.275 5.8023e-17
5561.800 5.4493e-17
5563.325 5.3414e-17
5564.850 5.5021e-17
5566.375 5.2576e-17
5567.900 5.2218e-17
5569.425 5.2376e-17
5570.950 5.0099e-17
5572.475 4.9494e-17
5574.000 4.969e-17
5575.525 5.1411e-17
5577.050 6.1241e-17
5578.575 6.2192e-17
5580.100 4.9046e-17
5581.625 5.0545e-17
5583.150 5.0028e-17
5584.675 4.7862e-17
5586.200 4.9839e-17
5587.725 5.1579e-17
5589.250 5.3068e-17
5590.775 4.707e-17
5592.300 4.7212e-17
5593.825 4.7304e-17
5595.350 4.4746e-17
5596.875 4.131e-17
5598.400 4.3999e-17
5599.925 5.0796e-17
5601.450 5.182e-17
5602.975 5.2066e-17
5604.500 4.9613e-17
5606.025 5.0681e-17
5607.550 5.274e-17
5609.075 5.0502e-17
5610.600 5.1852e-17
5612.125 5.5095e-17
5613.650 5.658e-17
5615.175 5.967e-17
5616.700 6.1708e-17
5618.225 5.4525e-17
5619.750 4.8693e-17
5621.275 5.2042e-17
5622.800 5.1394e-17
5624.325 5.0094e-17
5625.850 5.1179e-17
5627.375 5.5881e-17
5628.900 5.5766e-17
5630.425 5.0563e-17
5631.950 5.2801e-17
5633.475 5.1843e-17
5635.000 5.6125e-17
5636.525 6.0196e-17
5638.050 5.325e-17
5639.575 5.1752e-17
5641.100 5.6258e-17
5642.625 5.378e-17
5644.150 4.9013e-17
5645.675 5.078e-17
5647.200 5.1212e-17
5648.725 5.0014e-17
5650.250 5.1598e-17
5651.775 5.5009e-17
5653.300 5.4251e-17
5654.825 5.5166e-17
5656.350 5.7175e-17
5657.875 5.6961e-17
5659.400 5.0559e-17
5660.925 4.885e-17
5662.450 4.9695e-17
5663.975 4.5258e-17
5665.500 4.1766e-17
5667.025 4.2391e-17
5668.550 4.7369e-17
5670.075 4.5555e-17
5671.600 4.1956e-17
5673.125 4.1189e-17
5674.650 4.428e-17
5676.175 5.1315e-17
5677.700 5.4886e-17
5679.225 5.5761e-17
5680.750 5.783e-17
5682.275 5.6701e-17
5683.800 5.5303e-17
5685.325 5.223e-17
5686.850 5.014e-17
5688.375 5.0951e-17
5689.900 4.9983e-17
5691.425 4.8118e-17
5692.950 4.4847e-17
5694.475 4.6763e-17
5696.000 5.0559e-17
5697.525 5.1555e-17
5699.050 5.227e-17
5700.575 5.2769e-17
5702.100 5.3359e-17
5703.625 5.5149e-17
5705.150 5.5917e-17
5706.675 5.379e-17
5708.200 5.1045e-17
5709.725 5.1091e-17
5711.250 5.2845e-17
5712.775 5.1081e-17
5714.300 4.8777e-17
5715.825 5.0277e-17
5717.350 5.3479e-17
5718.875 5.2374e-17
5720.400 5.1853e-17
5721.925 5.752e-17
5723.450 5.8154e-17
5724.975 5.5964e-17
5726.500 5.8915e-17
5728.025 6.0715e-17
5729.550 5.9677e-17
5731.075 5.8565e-17
5732.600 5.745e-17
5734.125 5.5526e-17
5735.650 5.2698e-17
5737.175 5.3576e-17
5738.700 5.6845e-17
5740.225 5.968e-17
5741.750 6.2792e-17
5743.275 6.2712e-17
5744.800 6.0438e-17
5746.325 5.9757e-17
5747.850 5.6972e-17
5749.375 5.4828e-17
5750.900 5.8127e-17
5752.425 6.1069e-17
5753.950 6.0315e-17
5755.475 5.6134e-17
5757.000 5.3192e-17
5758.525 5.4e-17
5760.050 5.5272e-17
5761.575 5.759e-17
5763.100 6.1747e-17
5764.625 6.2292e-17
5766.150 5.8845e-17
5767.675 6.2629e-17
5769.200 6.5551e-17
5770.725 6.1487e-17
5772.250 5.941e-17
5773.775 6.0952e-17
5775.300 5.8411e-17
5776.825 5.5519e-17
5778.350 5.794e-17
5779.875 6.0796e-17
5781.400 6.2672e-17
5782.925 6.1951e-17
5784.450 6.0285e-17
5785.975 5.603e-17
5787.500 5.203e-17
5789.025 5.3312e-17
5790.550 5.6822e-17
5792.075 6.1159e-17
5793.600 6.1119e-17
5795.125 5.9032e-17
5796.650 6.0047e-17
5798.175 6.2191e-17
5799.700 6.1958e-17
5801.225 5.8989e-17
5802.750 5.8879e-17
5804.275 6.1053e-17
5805.800 5.8772e-17
5807.325 5.3733e-17
5808.850 5.2561e-17
5810.375 5.2861e-17
5811.900 5.3138e-17
5813.425 5.7313e-17
5814.950 5.8952e-17
5816.475 5.7209e-17
5818.000 5.8234e-17
5819.525 6.0578e-17
5821.050 6.1988e-17
5822.575 6.1707e-17
5824.100 6.1116e-17
5825.625 6.0605e-17
5827.150 6.2158e-17
5828.675 6.326e-17
5830.200 6.2776e-17
5831.725 6.5157e-17
5833.250 6.6242e-17
5834.775 6.5911e-17
5836.300 6.6239e-17
5837.825 6.521e-17
5839.350 6.4582e-17
5840.875 6.1814e-17
5842.400 6.0712e-17
5843.925 6.4669e-17
5845.450 6.6038e-17
5846.975 6.5056e-17
5848.500 6.4188e-17
5850.025 6.4926e-17
5851.550 6.6739e-17
5853.075 6.3454e-17
5854.600 5.7366e-17
5856.125 5.3763e-17
5857.650 5.237e-17
5859.175 5.1986e-17
5860.700 5.2307e-17
5862.225 5.4791e-17
5863.750 5.774e-17
5865.275 5.7523e-17
5866.800 5.7166e-17
5868.325 5.9486e-17
5869.850 6.2759e-17
5871.375 6.5511e-17
5872.900 6.6579e-17
5874.425 6.5487e-17
5875.950 6.5147e-17
5877.475 6.8503e-17
5879.000 6.8873e-17
5880.525 6.7237e-17
5882.050 6.9838e-17
5883.575 6.8312e-17
5885.100 6.4639e-17
5886.625 6.4335e-17
5888.150 6.4399e-17
5889.675 6.5203e-17
5891.200 6.5087e-17
5892.725 6.1146e-17
5894.250 5.426e-17
5895.775 4.9141e-17
5897.300 4.5745e-17
5898.825 4.7695e-17
5900.350 5.3075e-17
5901.875 5.2314e-17
5903.400 5.2788e-17
5904.925 5.8268e-17
5906.450 6.3497e-17
5907.975 6.7154e-17
5909.500 6.874e-17
5911.025 6.9014e-17
5912.550 6.9408e-17
5914.075 6.7851e-17
5915.600 6.4896e-17
5917.125 6.4115e-17
5918.650 6.4449e-17
5920.175 6.5107e-17
5921.700 6.3894e-17
5923.225 6.3944e-17
5924.750 6.683e-17
5926.275 6.7801e-17
5927.800 6.69e-17
5929.325 6.5611e-17
5930.850 6.4562e-17
5932.375 6.5694e-17
5933.900 6.51e-17
5935.425 5.9423e-17
5936.950 6.0829e-17
5938.475 6.7397e-17
5940.000 6.6736e-17
5941.525 6.6018e-17
5943.050 6.8299e-17
5944.575 6.9177e-17
5946.100 6.7611e-17
5947.625 6.6105e-17
5949.150 6.869e-17
5950.675 6.911e-17
5952.200 6.5971e-17
5953.725 6.2666e-17
5955.250 5.8294e-17
5956.775 5.8398e-17
5958.300 6.169e-17
5959.825 6.2762e-17
5961.350 6.4903e-17
5962.875 6.4452e-17
5964.400 6.1867e-17
5965.925 6.6005e-17
5967.450 7.1732e-17
5968.975 7.096e-17
5970.500 6.7184e-17
5972.025 6.6709e-17
5973.550 6.9394e-17
5975.075 7.068e-17
5976.600 6.8479e-17
5978.125 6.7518e-17
5979.650 6.916e-17
5981.175 6.8379e-17
5982.700 6.5648e-17
5984.225 6.3995e-17
5985.750 6.5417e-17
5987.275 6.6068e-17
5988.800 6.4512e-17
5990.325 6.5804e-17
5991.850 6.7134e-17
5993.375 6.5424e-17
5994.900 6.339e-17
5996.425 6.4071e-17
5997.950 6.4152e-17
5999.475 6.5668e-17
6001.000 7.1197e-17
6002.525 7.1652e-17
6004.050 7.0413e-17
6005.575 7.1368e-17
6007.100 6.8796e-17
6008.625 6.5471e-17
6010.150 6.716e-17
6011.675 6.9742e-17
6013.200 6.9331e-17
6014.725 6.8917e-17
6016.250 6.8603e-17
6017.775 6.7865e-17
6019.300 6.68e-17
6020.825 6.6943e-17
6022.350 6.7958e-17
6023.875 6.9024e-17
6025.400 6.9421e-17
6026.925 6.5831e-17
6028.450 6.321e-17
6029.975 6.4896e-17
6031.500 6.6199e-17
6033.025 6.5377e-17
6034.550 6.3621e-17
6036.075 6.3434e-17
6037.600 6.6846e-17
6039.125 7.1411e-17
6040.650 7.2603e-17
6042.175 7.0954e-17
6043.700 7.0396e-17
6045.225 7.1976e-17
6046.750 7.1712e-17
6048.275 7.0136e-17
6049.800 7.0142e-17
6051.325 6.9905e-17
6052.850 6.8439e-17
6054.375 6.7661e-17
6055.900 7.0396e-17
6057.425 7.1932e-17
6058.950 6.8897e-17
6060.475 6.8389e-17
6062.000 6.872e-17
6063.525 6.8239e-17
6065.050 7.251e-17
6066.575 7.4303e-17
6068.100 7.0463e-17
6069.625 6.5694e-17
6071.150 6.4372e-17
6072.675 6.8299e-17
6074.200 7.1107e-17
6075.725 7.1465e-17
6077.250 7.1091e-17
6078.775 7.0984e-17
6080.300 7.0176e-17
6081.825 7.0079e-17
6083.350 7.1602e-17
6084.875 7.049e-17
6086.400 6.7955e-17
6087.925 6.6112e-17
6089.450 6.4819e-17
6090.975 6.4225e-17
6092.500 6.6526e-17
6094.025 7.0189e-17
6095.550 7.1014e-17
6097.075 6.9685e-17
6098.600 6.9037e-17
6100.125 7.0045e-17
6101.650 6.9428e-17
6103.175 6.8736e-17
6104.700 6.8499e-17
6106.225 6.529e-17
6107.750 6.3437e-17
6109.275 6.4028e-17
6110.800 6.5504e-17
6112.325 6.69e-17
6113.850 6.8292e-17
6115.375 7.1174e-17
6116.900 7.1625e-17
6118.425 6.8256e-17
6119.950 6.5784e-17
6121.475 6.705e-17
6123.000 6.7113e-17
6124.525 6.5577e-17
6126.050 6.4425e-17
6127.575 6.2726e-17
6129.100 6.2559e-17
6130.625 6.2038e-17
6132.150 6.1777e-17
6133.675 6.7314e-17
6135.200 7.2049e-17
6136.725 7.0252e-17
6138.250 7.0643e-17
6139.775 6.7878e-17
6141.300 6.0742e-17
6142.825 5.942e-17
6144.350 5.9299e-17
6145.875 5.7062e-17
6147.400 5.5222e-17
6148.925 5.8274e-17
6150.450 6.2001e-17
6151.975 5.9366e-17
6153.500 5.9136e-17
6155.025 6.3908e-17
6156.550 6.8623e-17
6158.075 6.9468e-17
6159.600 6.6756e-17
6161.125 6.7501e-17
6162.650 6.7915e-17
6164.175 6.4539e-17
6165.700 6.2071e-17
6167.225 6.1023e-17
6168.750 5.9904e-17
6170.275 6.0435e-17
6171.800 6.1871e-17
6173.325 6.1978e-17
6174.850 6.344e-17
6176.375 6.5928e-17
6177.900 6.9201e-17
6179.425 7.1294e-17
6180.950 6.8796e-17
6182.475 6.7711e-17
6184.000 7.1718e-17
6185.525 7.2784e-17
6187.050 7.065e-17
6188.575 7.1468e-17
6190.100 7.3605e-17
6191.625 7.4323e-17
6193.150 7.1401e-17
6194.675 6.8523e-17
6196.200 6.7968e-17
6197.725 6.6853e-17
6199.250 6.908e-17
6200.775 7.3932e-17
6202.300 7.5452e-17
6203.825 7.5772e-17
6205.350 7.4797e-17
6206.875 7.2637e-17
6208.400 7.2019e-17
6209.925 7.3328e-17
6211.450 7.5615e-17
6212.975 7.3825e-17
6214.500 7.1308e-17
6216.025 6.9144e-17
6217.550 6.5781e-17
6219.075 6.3951e-17
6220.600 6.5006e-17
6222.125 6.8913e-17
6223.650 6.9267e-17
6225.175 6.5083e-17
6226.700 6.4803e-17
6228.225 6.8533e-17
6229.750 7.0393e-17
6231.275 7.1662e-17
6232.800 7.056e-17
6234.325 6.7518e-17
6235.850 6.4158e-17
6237.375 6.3567e-17
6238.900 6.8008e-17
6240.425 6.9127e-17
6241.950 6.6352e-17
6243.475 6.2312e-17
6245.000 5.9203e-17
6246.525 6.129e-17
6248.050 6.5167e-17
6249.575 6.4692e-17
6251.100 5.9446e-17
6252.625 5.7864e-17
6254.150 5.8865e-17
6255.675 5.8324e-17
6257.200 6.0709e-17
6258.725 6.5744e-17
6260.250 6.7942e-17
6261.775 6.5838e-17
6263.300 6.4355e-17
6264.825 6.4552e-17
6266.350 6.6432e-17
6267.875 6.8783e-17
6269.400 6.7945e-17
6270.925 6.6676e-17
6272.450 6.7421e-17
6273.975 7.1224e-17
6275.500 7.4563e-17
6277.025 7.5088e-17
6278.550 7.6881e-17
6280.075 7.8304e-17
6281.600 7.3705e-17
6283.125 6.9014e-17
6284.650 6.7441e-17
6286.175 6.6936e-17
6287.700 6.696e-17
6289.225 6.8038e-17
6290.750 7.0546e-17
6292.275 7.079e-17
6293.800 7.2697e-17
6295.325 7.3475e-17
6296.850 7.1057e-17
6298.375 7.1114e-17
6299.900 6.9344e-17
6301.425 6.6472e-17
6302.950 6.8269e-17
6304.475 6.9585e-17
6306.000 6.6105e-17
6307.525 6.6416e-17
6309.050 7.053e-17
6310.575 7.1421e-17
6312.100 7.2062e-17
6313.625 7.0917e-17
6315.150 6.9969e-17
6316.675 6.901e-17
6318.200 6.6706e-17
6319.725 6.7321e-17
6321.250 6.9107e-17
6322.775 6.9651e-17
6324.300 7.075e-17
6325.825 6.9775e-17
6327.350 6.9765e-17
6328.875 7.4801e-17
6330.400 7.824e-17
6331.925 7.847e-17
6333.450 7.8457e-17
6334.975 7.9352e-17
6336.500 7.8694e-17
6338.025 7.3438e-17
6339.550 7.1334e-17
6341.075 7.2754e-17
6342.600 7.0002e-17
6344.125 7.1501e-17
6345.650 7.81e-17
6347.175 7.6654e-17
6348.700 7.2279e-17
6350.225 7.3211e-17
6351.750 7.3812e-17
6353.275 6.9835e-17
6354.800 6.9695e-17
6356.325 7.6604e-17
6357.850 7.7202e-17
6359.375 7.3375e-17
6360.900 7.2363e-17
6362.425 7.5291e-17
6363.950 7.5605e-17
6365.475 7.2757e-17
6367.000 7.6864e-17
6368.525 8.0818e-17
6370.050 7.9846e-17
6371.575 7.8437e-17
6373.100 7.6841e-17
6374.625 7.651e-17
6376.150 7.6711e-17
6377.675 7.839e-17
6379.200 8.0013e-17
6380.725 7.9025e-17
6382.250 7.7793e-17
6383.775 7.7843e-17
6385.300 7.7145e-17
6386.825 7.5639e-17
6388.350 7.3468e-17
6389.875 7.3896e-17
6391.400 7.4674e-17
6392.925 7.1508e-17
6394.450 7.3098e-17
6395.975 7.3348e-17
6397.500 7.1381e-17
6399.025 6.9034e-17
6400.550 6.8623e-17
6402.075 7.3518e-17
6403.600 7.5265e-17
6405.125 7.4216e-17
6406.650 7.5008e-17
6408.175 7.6514e-17
6409.700 7.6894e-17
6411.225 7.7118e-17
6412.750 7.7866e-17
6414.275 7.5074e-17
6415.800 7.3545e-17
6417.325 7.5295e-17
6418.850 7.5038e-17
6420.375 7.4493e-17
6421.900 7.4517e-17
6423.425 7.3051e-17
6424.950 7.062e-17
6426.475 7.4901e-17
6428.000 7.8774e-17
6429.525 7.808e-17
6431.050 7.8908e-17
6432.575 7.7328e-17
6434.100 7.5812e-17
6435.625 7.4717e-17
6437.150 6.9875e-17
6438.675 7.1488e-17
6440.200 7.7145e-17
6441.725 7.8374e-17
6443.250 7.9215e-17
6444.775 7.5862e-17
6446.300 7.5355e-17
6447.825 8.2464e-17
6449.350 8.6128e-17
6450.875 8.4054e-17
6452.400 7.815e-17
6453.925 7.4139e-17
6455.450 7.3121e-17
6456.975 7.6213e-17
6458.500 7.7649e-17
6460.025 7.2309e-17
6461.550 6.9067e-17
6463.075 6.8256e-17
6464.600 6.8042e-17
6466.125 6.7695e-17
6467.650 6.9257e-17
6469.175 7.4624e-17
6470.700 7.7946e-17
6472.225 7.8995e-17
6473.750 7.8447e-17
6475.275 7.806e-17
6476.800 7.81e-17
6478.325 7.4493e-17
6479.850 7.626e-17
6481.375 8.1616e-17
6482.900 8.1139e-17
6484.425 7.9756e-17
6485.950 7.6233e-17
6487.475 7.6263e-17
6489.000 7.987e-17
6490.525 8.197e-17
6492.050 8.5236e-17
6493.575 8.3209e-17
6495.100 7.5846e-17
6496.625 6.7123e-17
6498.150 6.2909e-17
6499.675 6.0755e-17
6501.200 5.8779e-17
6502.725 5.8598e-17
6504.250 6.3627e-17
6505.775 7.0246e-17
6507.300 7.3044e-17
6508.825 7.8878e-17
6510.350 8.6839e-17
6511.875 8.9186e-17
6513.400 8.6789e-17
6514.925 8.5132e-17
6516.450 8.2905e-17
6517.975 8.1449e-17
6519.500 7.8778e-17
6521.025 7.3856e-17
6522.550 7.822e-17
6524.075 8.6298e-17
6525.600 9.0829e-17
6527.125 9.505e-17
6528.650 9.3517e-17
6530.175 8.911e-17
6531.700 8.5907e-17
6533.225 8.3396e-17
6534.750 8.3546e-17
6536.275 8.567e-17
6537.800 8.6411e-17
6539.325 8.55e-17
6540.850 8.7814e-17
6542.375 9.2496e-17
6543.900 9.2586e-17
6545.425 8.6896e-17
6546.950 8.0985e-17
6548.475 8.2334e-17
6550.000 8.5613e-17
6551.525 8.6949e-17
6553.050 8.9861e-17
6554.575 9.5294e-17
6556.100 1.0494e-16
6557.625 1.1119e-16
6559.150 1.1089e-16
6560.675 1.0882e-16
6562.200 1.1206e-16
6563.725 1.2758e-16
6565.250 1.4959e-16
6566.775 1.7739e-16
6568.300 2.098e-16
6569.825 2.3665e-16
6571.350 2.4759e-16
6572.875 2.4074e-16
6574.400 2.2578e-16
6575.925 2.0375e-16
6577.450 1.7512e-16
6578.975 1.4638e-16
6580.500 1.2386e-16
6582.025 1.106e-16
6583.550 1.0349e-16
6585.075 1.0066e-16
6586.600 9.8393e-17
6588.125 9.6062e-17
6589.650 9.523e-17
6591.175 9.3317e-17
6592.700 9.1915e-17
6594.225 9.1788e-17
6595.750 8.7794e-17
6597.275 8.1773e-17
6598.800 8.2221e-17
6600.325 8.4738e-17
6601.850 8.5229e-17
6603.375 8.6375e-17
6604.900 8.5984e-17
6606.425 8.3847e-17
6607.950 8.1733e-17
6609.475 7.9636e-17
6611.000 7.5315e-17
6612.525 7.2757e-17
6614.050 7.6317e-17
6615.575 8.1473e-17
6617.100 8.4955e-17
6618.625 8.4565e-17
6620.150 8.3329e-17
6621.675 8.6171e-17
6623.200 8.7116e-17
6624.725 8.558e-17
6626.250 8.7363e-17
6627.775 8.8408e-17
6629.300 8.7416e-17
6630.825 9.0081e-17
6632.350 9.2419e-17
6633.875 8.9951e-17
6635.400 8.6548e-17
6636.925 8.5647e-17
6638.450 8.6702e-17
6639.975 8.55e-17
6641.500 8.7039e-17
6643.025 8.8602e-17
6644.550 8.4999e-17
6646.075 8.1232e-17
6647.600 7.9873e-17
6649.125 8.004e-17
6650.650 7.9182e-17
6652.175 7.9816e-17
6653.700 8.2952e-17
6655.225 8.7403e-17
6656.750 8.926e-17
6658.275 8.6792e-17
6659.800 8.5042e-17
6661.325 8.6498e-17
6662.850 8.8685e-17
6664.375 8.6194e-17
6665.900 8.3179e-17
6667.425 8.209e-17
6668.950 8.0324e-17
6670.475 8.0875e-17
6672.000 8.379e-17
6673.525 8.6278e-17
6675.050 8.4852e-17
6676.575 8.4605e-17
6678.100 8.6588e-17
6679.625 8.4348e-17
6681.150 8.1583e-17
6682.675 8.0143e-17
6684.200 8.1903e-17
6685.725 8.7333e-17
6687.250 8.9333e-17
6688.775 8.9253e-17
6690.300 9.1544e-17
6691.825 9.5564e-17
6693.350 9.5374e-17
6694.875 9.327e-17
6696.400 9.0679e-17
6697.925 8.7667e-17
6699.450 8.7243e-17
6700.975 8.7053e-17
6702.500 8.4588e-17
6704.025 8.2852e-17
6705.550 8.3823e-17
6707.075 8.4174e-17
6708.600 8.4778e-17
6710.125 8.4538e-17
6711.650 8.2401e-17
6713.175 7.8063e-17
6714.700 8.1426e-17
6716.225 8.7577e-17
6717.750 8.5162e-17
6719.275 8.4805e-17
6720.800 8.4788e-17
6722.325 8.389e-17
6723.850 8.6572e-17
6725.375 8.7934e-17
6726.900 9.0616e-17
6728.425 9.2479e-17
6729.950 8.9564e-17
6731.475 8.8205e-17
6733.000 8.9443e-17
6734.525 9.2399e-17
6736.050 9.5217e-17
6737.575 9.3304e-17
6739.100 9.1734e-17
6740.625 9.1761e-17
6742.150 8.8769e-17
6743.675 8.4481e-17
6745.200 8.4979e-17
6746.725 8.6892e-17
6748.250 8.6338e-17
6749.775 8.5844e-17
6751.300 8.6264e-17
6752.825 8.7283e-17
6754.350 8.8311e-17
6755.875 8.9547e-17
6757.400 8.8976e-17
6758.925 8.6638e-17
6760.450 8.8799e-17
6761.975 9.2736e-17
6763.500 9.1217e-17
6765.025 8.9126e-17
6766.550 9.1313e-17
6768.075 9.0412e-17
6769.600 8.5339e-17
6771.125 8.3206e-17
6772.650 8.3132e-17
6774.175 8.3353e-17
6775.700 8.565e-17
6777.225 8.9133e-17
6778.750 9.1521e-17
6780.275 9.2472e-17
6781.800 9.3748e-17
6783.325 9.1758e-17
6784.850 8.8639e-17
6786.375 8.8983e-17
6787.900 8.758e-17
6789.425 8.4421e-17
6790.950 8.4291e-17
6792.475 8.6248e-17
6794.000 8.7947e-17
6795.525 9.1126e-17
6797.050 9.2846e-17
6798.575 9.0512e-17
6800.100 8.8071e-17
6801.625 8.6027e-17
6803.150 8.3857e-17
6804.675 8.7467e-17
6806.200 9.3741e-17
6807.725 9.4038e-17
6809.250 9.0532e-17
6810.775 9.0175e-17
6812.300 9.1931e-17
6813.825 9.1354e-17
6815.350 8.9073e-17
6816.875 8.8094e-17
6818.400 8.9691e-17
6819.925 9.1126e-17
6821.450 9.0836e-17
6822.975 9.0055e-17
6824.500 9.0916e-17
6826.025 9.1217e-17
6827.550 9.0565e-17
6829.075 9.0656e-17
6830.600 8.9994e-17
6832.125 8.9073e-17
6833.650 8.9387e-17
6835.175 8.8866e-17
6836.700 8.7947e-17
6838.225 9.1083e-17
6839.750 9.2956e-17
6841.275 9.1684e-17
6842.800 9.0519e-17
6844.325 8.8131e-17
6845.850 8.8241e-17
6847.375 9.0382e-17
6848.900 9.2055e-17
6850.425 9.1597e-17
6851.950 8.9013e-17
6853.475 9.0405e-17
6855.000 9.1744e-17
6856.525 9.0111e-17
6858.050 9.0282e-17
6859.575 9.1554e-17
6861.100 9.0993e-17
6862.625 8.6602e-17
6864.150 8.4298e-17
6865.675 8.6468e-17
6867.200 8.957e-17
6868.725 9.6019e-17
6870.250 1.0131e-16
6871.775 1.0238e-16
6873.300 1.0167e-16
6874.825 9.8039e-17
6876.350 9.3153e-17
6877.875 9.1217e-17
6879.400 9.1958e-17
6880.925 9.3998e-17
6882.450 9.5564e-17
6883.975 9.6469e-17
6885.500 9.5665e-17
6887.025 9.2983e-17
6888.550 9.311e-17
6890.075 9.6927e-17
6891.600 9.7124e-17
6893.125 9.4953e-17
6894.650 9.5915e-17
6896.175 9.5134e-17
6897.700 9.292e-17
6899.225 9.2863e-17
6900.750 9.325e-17
6902.275 9.3755e-17
6903.800 9.33e-17
6905.325 9.1253e-17
6906.850 8.955e-17
6908.375 9.139e-17
6909.900 9.4519e-17
6911.425 9.4169e-17
6912.950 9.3524e-17
6914.475 9.3681e-17
6916.000 9.1938e-17
6917.525 8.759e-17
6919.050 8.5126e-17
6920.575 8.6251e-17
6922.100 8.8725e-17
6923.625 9.1644e-17
6925.150 9.331e-17
6926.675 9.6363e-17
6928.200 1.0049e-16
6929.725 9.853e-17
6931.250 9.2005e-17
6932.775 9.1103e-17
6934.300 9.313e-17
6935.825 9.3484e-17
6937.350 9.5294e-17
6938.875 9.3885e-17
6940.400 9.2392e-17
6941.925 9.3467e-17
6943.450 9.2372e-17
6944.975 9.0278e-17
6946.500 8.8702e-17
6948.025 8.8175e-17
6949.550 8.8148e-17
6951.075 8.6695e-17
6952.600 8.7947e-17
6954.125 8.9961e-17
6955.650 8.8559e-17
6957.175 8.8091e-17
6958.700 8.8689e-17
6960.225 9.0973e-17
6961.750 9.0672e-17
6963.275 8.8405e-17
6964.800 8.953e-17
6966.325 9.3103e-17
6967.850 9.4235e-17
6969.375 9.1103e-17
6970.900 9.1247e-17
6972.425 9.3942e-17
6973.950 9.3444e-17
6975.475 9.0412e-17
6977.000 9.0919e-17
6978.525 9.2172e-17
6980.050 8.9924e-17
6981.575 9.0242e-17
6983.100 9.0141e-17
6984.625 8.959e-17
6986.150 8.951e-17
6987.675 9.0706e-17
6989.200 9.2719e-17
6990.725 9.4452e-17
6992.250 9.5631e-17
6993.775 9.5434e-17
6995.300 9.692e-17
6996.825 9.8533e-17
6998.350 9.8984e-17
6999.875 9.4983e-17
7001.400 8.8061e-17
7002.925 8.556e-17
7004.450 8.3333e-17
7005.975 8.1018e-17
7007.500 8.3663e-17
7009.025 8.4388e-17
7010.550 8.3309e-17
7012.075 8.4585e-17
7013.600 8.7977e-17
7015.125 9.2005e-17
7016.650 9.3638e-17
7018.175 9.1394e-17
7019.700 8.9684e-17
7021.225 9.2926e-17
7022.750 9.3788e-17
7024.275 9.3234e-17
7025.800 9.4142e-17
7027.325 9.1874e-17
7028.850 9.0372e-17
7030.375 9.12e-17
7031.900 9.1404e-17
7033.425 9.0024e-17
7034.950 9.0542e-17
7036.475 9.3938e-17
7038.000 9.2232e-17
7039.525 8.747e-17
7041.050 8.7774e-17
7042.575 9.1337e-17
7044.100 9.146e-17
7045.625 8.8081e-17
7047.150 8.8996e-17
7048.675 9.4132e-17
7050.200 9.8042e-17
7051.725 9.9498e-17
7053.250 9.6954e-17
7054.775 9.2669e-17
7056.300 8.8358e-17
7057.825 8.569e-17
7059.350 9.0248e-17
7060.875 9.5461e-17
7062.400 9.4917e-17
7063.925 9.289e-17
7065.450 9.321e-17
7066.975 9.512e-17
7068.500 9.4366e-17
7070.025 8.937e-17
7071.550 8.8124e-17
7073.075 9.0098e-17
7074.600 9.1584e-17
7076.125 9.2846e-17
7077.650 9.3995e-17
7079.175 9.4649e-17
7080.700 9.4623e-17
7082.225 9.4292e-17
7083.750 9.3407e-17
7085.275 9.3648e-17
7086.800 9.1955e-17
7088.325 8.8535e-17
7089.850 8.7767e-17
7091.375 9.0068e-17
7092.900 9.2886e-17
7094.425 9.3698e-17
7095.950 9.2916e-17
7097.475 9.0926e-17
7099.000 9.1895e-17
7100.525 9.4529e-17
7102.050 9.4279e-17
7103.575 9.2956e-17
7105.100 9.3117e-17
7106.625 9.2145e-17
7108.150 8.9704e-17
7109.675 9.0966e-17
7111.200 9.2442e-17
7112.725 9.0435e-17
7114.250 8.8054e-17
7115.775 8.8398e-17
7117.300 8.6685e-17
7118.825 8.4892e-17
7120.350 8.6785e-17
7121.875 8.7687e-17
7123.400 8.8669e-17
7124.925 8.728e-17
7126.450 8.4608e-17
7127.975 8.7119e-17
7129.500 9.0395e-17
7131.025 9.0816e-17
7132.550 8.8201e-17
7134.075 8.745e-17
7135.600 8.9734e-17
7137.125 8.9884e-17
7138.650 8.9547e-17
7140.175 9.2345e-17
7141.700 9.5942e-17
7143.225 9.523e-17
7144.750 9.3083e-17
7146.275 9.1778e-17
7147.800 9.2115e-17
7149.325 9.2269e-17
7150.850 9.0522e-17
7152.375 8.6752e-17
7153.900 8.5349e-17
7155.425 8.5897e-17
7156.950 8.5286e-17
7158.475 8.9066e-17
7160.000 9.2349e-17
7161.525 9.2312e-17
7163.050 9.3868e-17
7164.575 9.7074e-17
7166.100 9.8089e-17
7167.625 9.7545e-17
7169.150 9.8249e-17
7170.675 9.7054e-17
7172.200 9.4182e-17
7173.725 9.5047e-17
7175.250 9.7485e-17
7176.775 9.7074e-17
7178.300 9.6469e-17
7179.825 9.688e-17
7181.350 9.5281e-17
7182.875 9.6476e-17
7184.400 9.7414e-17
7185.925 9.3734e-17
7187.450 9.3728e-17
7188.975 9.4516e-17
7190.500 9.4028e-17
7192.025 9.4813e-17
7193.550 9.2816e-17
7195.075 8.918e-17
7196.600 8.8368e-17
7198.125 9.0696e-17
7199.650 9.2028e-17
7201.175 9.0532e-17
7202.700 9.1283e-17
7204.225 9.3651e-17
7205.750 9.4232e-17
7207.275 9.3935e-17
7208.800 9.1357e-17
7210.325 8.9844e-17
7211.850 9.1076e-17
7213.375 9.0449e-17
7214.900 9.2496e-17
7216.425 9.3621e-17
7217.950 8.9731e-17
7219.475 8.9727e-17
7221.000 9.0762e-17
7222.525 9.117e-17
7224.050 9.1013e-17
7225.575 8.8382e-17
7227.100 8.7099e-17
7228.625 8.6592e-17
7230.150 8.8645e-17
7231.675 9.0739e-17
7233.200 9.2218e-17
7234.725 9.8223e-17
7236.250 1.0051e-16
7237.775 9.8907e-17
7239.300 9.7742e-17
7240.825 9.8279e-17
7242.350 9.9845e-17
7243.875 9.8299e-17
7245.400 9.5431e-17
7246.925 9.5781e-17
7248.450 9.6646e-17
7249.975 9.6603e-17
7251.500 9.6873e-17
7253.025 9.6276e-17
7254.550 9.4115e-17
7256.075 9.3234e-17
7257.600 9.3447e-17
7259.125 9.5451e-17
7260.650 9.708e-17
7262.175 9.7124e-17
7263.700 9.6456e-17
7265.225 9.4606e-17
7266.750 9.4112e-17
7268.275 9.3828e-17
7269.800 9.5454e-17
7271.325 9.7451e-17
7272.850 9.877e-17
7274.375 9.9121e-17
7275.900 9.7414e-17
7277.425 9.89e-17
7278.950 1.0325e-16
7280.475 1.0264e-16
7282.000 9.5888e-17
7283.525 9.1203e-17
7285.050 9.2302e-17
7286.575 9.2285e-17
7288.100 9.2719e-17
7289.625 9.3861e-17
7291.150 9.0385e-17
7292.675 8.6381e-17
7294.200 8.8154e-17
7295.725 9.4376e-17
7297.250 9.685e-17
7298.775 9.8046e-17
7300.300 1.0727e-16
7301.825 1.1659e-16
7303.350 1.1922e-16
7304.875 1.149e-16
7306.400 1.0402e-16
7307.925 9.6984e-17
7309.450 9.7668e-17
7310.975 9.5665e-17
7312.500 9.3481e-17
7314.025 9.0949e-17
7315.550 8.6608e-17
7317.075 8.8892e-17
7318.600 9.6249e-17
7320.125 9.8981e-17
7321.650 9.7231e-17
7323.175 9.6897e-17
7324.700 9.5344e-17
7326.225 9.3003e-17
7327.750 9.2936e-17
7329.275 9.4052e-17
7330.800 9.5711e-17
7332.325 1.0123e-16
7333.850 1.0782e-16
7335.375 1.1033e-16
7336.900 1.0881e-16
7338.425 1.0502e-16
7339.950 1.0155e-16
7341.475 1.0083e-16
7343.000 1.0065e-16
7344.525 9.9488e-17
7346.050 9.9982e-17
7347.575 9.8997e-17
7349.100 9.6586e-17
7350.625 9.6065e-17
7352.150 9.7805e-17
7353.675 9.9672e-17
7355.200 9.8313e-17
7356.725 9.4068e-17
7358.250 9.0365e-17
7359.775 8.949e-17
7361.300 8.9443e-17
7362.825 8.9848e-17
7364.350 9.1454e-17
7365.875 9.4489e-17
7367.400 9.9715e-17
7368.925 1.0578e-16
7370.450 1.0777e-16
7371.975 1.0189e-16
7373.500 9.6002e-17
7375.025 9.5942e-17
7376.550 9.702e-17
7378.075 9.6954e-17
7379.600 9.5124e-17
7381.125 9.3658e-17
7382.650 1.0372e-16
7384.175 1.1694e-16
7385.700 1.0959e-16
7387.225 9.9041e-17
7388.750 9.7865e-17
7390.275 9.7184e-17
7391.800 9.5761e-17
7393.325 9.4229e-17
7394.850 9.2696e-17
7396.375 9.2302e-17
7397.900 9.5291e-17
7399.425 9.7328e-17
7400.950 9.8099e-17
7402.475 9.8897e-17
7404.000 9.886e-17
7405.525 9.8877e-17
7407.050 9.8099e-17
7408.575 9.688e-17
7410.100 9.6099e-17
7411.625 9.3881e-17
7413.150 9.3521e-17
7414.675 9.3885e-17
7416.200 9.2355e-17
7417.725 8.8759e-17
7419.250 8.6618e-17
7420.775 8.7861e-17
7422.300 9.0465e-17
7423.825 9.2115e-17
7425.350 9.2001e-17
7426.875 9.2352e-17
7428.400 9.1604e-17
7429.925 9.0829e-17
7431.450 9.2292e-17
7432.975 9.3741e-17
7434.500 9.5524e-17
7436.025 9.5494e-17
7437.550 9.2175e-17
7439.075 9.2345e-17
7440.600 9.5574e-17
7442.125 9.7394e-17
7443.650 9.9024e-17
7445.175 9.849e-17
7446.700 9.7752e-17
7448.225 9.8179e-17
7449.750 9.4873e-17
7451.275 9.2005e-17
7452.800 9.0305e-17
7454.325 8.7577e-17
7455.850 8.8842e-17
7457.375 9.2696e-17
7458.900 9.7675e-17
7460.425 1.0247e-16
7461.950 1.0217e-16
7463.475 9.8313e-17
7465.000 9.8897e-17
7466.525 9.7942e-17
7468.050 9.3861e-17
7469.575 9.4643e-17
7471.100 9.8099e-17
7472.625 1.0122e-16
7474.150 1.0149e-16
7475.675 1.0181e-16
7477.200 1.0329e-16
7478.725 1.0294e-16
7480.250 1.019e-16
7481.775 9.9425e-17
7483.300 9.6239e-17
7484.825 9.49e-17
7486.350 9.4619e-17
7487.875 9.5788e-17
7489.400 9.7742e-17
7490.925 9.8296e-17
7492.450 9.8917e-17
7493.975 9.8533e-17
7495.500 9.471e-17
7497.025 9.3765e-17
7498.550 9.4776e-17
7500.075 9.1891e-17
7501.600 9.1537e-17
7503.125 9.5952e-17
7504.650 1.0071e-16
7506.175 1.0315e-16
7507.700 1.0327e-16
7509.225 1.0222e-16
7510.750 1.0185e-16
7512.275 1.017e-16
7513.800 9.5755e-17
7515.325 9.1514e-17
7516.850 9.3264e-17
7518.375 9.1841e-17
7519.900 9.299e-17
7521.425 9.7575e-17
7522.950 9.9137e-17
7524.475 1.0001e-16
7526.000 1.0023e-16
7527.525 1.0068e-16
7529.050 1.0152e-16
7530.575 1.0082e-16
7532.100 1.0058e-16
7533.625 1.0124e-16
7535.150 1.0124e-16
7536.675 1.0141e-16
7538.200 1.0021e-16
7539.725 9.7591e-17
7541.250 9.8216e-17
7542.775 1.0301e-16
7544.300 1.0789e-16
7545.825 1.0775e-16
7547.350 1.0543e-16
7548.875 1.0394e-16
7550.400 1.0396e-16
7551.925 1.0574e-16
7553.450 1.0508e-16
7554.975 1.026e-16
7556.500 1.0197e-16
7558.025 1.0234e-16
7559.550 1.0168e-16
7561.075 9.9628e-17
7562.600 1e-16
7564.125 1.0174e-16
7565.650 1.0145e-16
7567.175 1.0141e-16
7568.700 1.0153e-16
7570.225 1.0125e-16
7571.750 1.025e-16
7573.275 1.0289e-16
7574.800 9.9792e-17
7576.325 9.7755e-17
7577.850 9.9829e-17
7579.375 9.9104e-17
7580.900 9.8937e-17
7582.425 1.0212e-16
7583.950 1.0282e-16
7585.475 1.0222e-16
7587.000 1.0271e-16
7588.525 1.017e-16
7590.050 9.7314e-17
7591.575 9.2312e-17
7593.100 9.476e-17
7594.625 1.0038e-16
7596.150 1.0104e-16
7597.675 1.0444e-16
7599.200 1.095e-16
7600.725 1.2107e-16
7602.250 1.3585e-16
7603.775 1.4222e-16
7605.300 1.3984e-16
7606.825 1.3134e-16
7608.350 1.2929e-16
7609.875 1.3201e-16
7611.400 1.2699e-16
7612.925 1.232e-16
7614.450 1.1984e-16
7615.975 1.1082e-16
7617.500 1.0524e-16
7619.025 1.0143e-16
7620.550 9.7094e-17
7622.075 9.7137e-17
7623.600 1.0123e-16
7625.125 1.0471e-16
7626.650 1.0798e-16
7628.175 1.1216e-16
7629.700 1.1419e-16
7631.225 1.1278e-16
7632.750 1.1538e-16
7634.275 1.1852e-16
7635.800 1.1667e-16
7637.325 1.1472e-16
7638.850 1.1301e-16
7640.375 1.1306e-16
7641.900 1.1512e-16
7643.425 1.1394e-16
7644.950 1.0907e-16
7646.475 1.0785e-16
7648.000 1.0985e-16
7649.525 1.1062e-16
7651.050 1.1198e-16
7652.575 1.1159e-16
7654.100 1.0979e-16
7655.625 1.1103e-16
7657.150 1.1052e-16
7658.675 1.06e-16
7660.200 1.0252e-16
7661.725 1.0123e-16
7663.250 1.013e-16
7664.775 1.0135e-16
7666.300 9.7672e-17
7667.825 9.3798e-17
7669.350 9.1995e-17
7670.875 9.2135e-17
7672.400 9.2826e-17
7673.925 9.5781e-17
7675.450 1.0077e-16
7676.975 1.0279e-16
7678.500 1.0587e-16
7680.025 1.0902e-16
7681.550 1.0962e-16
7683.075 1.0951e-16
7684.600 1.0992e-16
7686.125 1.0951e-16
7687.650 1.0669e-16
7689.175 1.0514e-16
7690.700 1.0474e-16
7692.225 1.0258e-16
7693.750 1.0246e-16
7695.275 1.065e-16
7696.800 1.0662e-16
7698.325 1.0218e-16
7699.850 9.8713e-17
7701.375 9.6643e-17
7702.900 9.5294e-17
7704.425 9.3544e-17
7705.950 9.1854e-17
7707.475 9.0936e-17
7709.000 9.6082e-17
7710.525 1.029e-16
7712.050 1.0294e-16
7713.575 9.9034e-17
7715.100 9.8737e-17
7716.625 9.7535e-17
7718.150 9.3257e-17
7719.675 9.1861e-17
7721.200 9.3831e-17
7722.725 9.7708e-17
7724.250 1.0249e-16
7725.775 1.0759e-16
7727.300 1.0976e-16
7728.825 1.0736e-16
7730.350 1.051e-16
7731.875 1.0448e-16
7733.400 1.0432e-16
7734.925 1.0493e-16
7736.450 1.0512e-16
7737.975 1.0551e-16
7739.500 1.0725e-16
7741.025 1.0998e-16
7742.550 1.1223e-16
7744.075 1.1235e-16
7745.600 1.1032e-16
7747.125 1.0643e-16
7748.650 1.0531e-16
7750.175 1.0519e-16
7751.700 1.0042e-16
7753.225 9.7084e-17
7754.750 9.881e-17
7756.275 1.0385e-16
7757.800 1.0699e-16
7759.325 1.0691e-16
7760.850 1.0943e-16
7762.375 1.126e-16
7763.900 1.1258e-16
7765.425 1.1071e-16
7766.950 1.0728e-16
7768.475 1.0579e-16
7770.000 1.0715e-16
7771.525 1.0729e-16
7773.050 1.064e-16
7774.575 1.0219e-16
7776.100 9.4032e-17
7777.625 8.7931e-17
7779.150 8.5256e-17
7780.675 8.2327e-17
7782.200 7.9636e-17
7783.725 8.0688e-17
7785.250 8.3242e-17
7786.775 8.756e-17
7788.300 9.5781e-17
7789.825 1.0357e-16
7791.350 1.0769e-16
7792.875 1.0752e-16
7794.400 1.0629e-16
7795.925 1.0598e-16
7797.450 1.0637e-16
7798.975 1.0684e-16
7800.500 1.0707e-16
7802.025 1.0911e-16
7803.550 1.1076e-16
7805.075 1.0969e-16
7806.600 1.0942e-16
7808.125 1.0935e-16
7809.650 1.0785e-16
7811.175 1.0691e-16
7812.700 1.0602e-16
7814.225 1.0656e-16
7815.750 1.0721e-16
7817.275 1.0771e-16
7818.800 1.0965e-16
7820.325 1.0948e-16
7821.850 1.0645e-16
7823.375 1.0667e-16
7824.900 1.1012e-16
7826.425 1.1147e-16
7827.950 1.0977e-16
7829.475 1.0963e-16
7831.000 1.1058e-16
7832.525 1.0832e-16
7834.050 1.0469e-16
7835.575 1.0428e-16
7837.100 1.0465e-16
7838.625 1.0102e-16
7840.150 1.0071e-16
7841.675 1.0375e-16
7843.200 1.0509e-16
7844.725 1.0671e-16
7846.250 1.065e-16
7847.775 1.0663e-16
7849.300 1.066e-16
7850.825 1.053e-16
7852.350 1.0672e-16
7853.875 1.0963e-16
7855.400 1.0975e-16
7856.925 1.0796e-16
7858.450 1.0701e-16
7859.975 1.05e-16
7861.500 1.0571e-16
7863.025 1.0732e-16
7864.550 1.062e-16
7866.075 1.0822e-16
7867.600 1.1088e-16
7869.125 1.0808e-16
7870.650 1.0675e-16
7872.175 1.0655e-16
7873.700 1.0629e-16
7875.225 1.0924e-16
7876.750 1.1005e-16
7878.275 1.0852e-16
7879.800 1.0815e-16
7881.325 1.0449e-16
7882.850 9.8436e-17
7884.375 9.6499e-17
7885.900 9.7111e-17
7887.425 9.8887e-17
7888.950 9.9024e-17
7890.475 9.8056e-17
7892.000 9.9054e-17
7893.525 1.0104e-16
7895.050 1.0361e-16
7896.575 1.0306e-16
7898.100 1.0173e-16
7899.625 1.0328e-16
7901.150 1.0437e-16
7902.675 1.0173e-16
7904.200 9.8566e-17
7905.725 1.0035e-16
7907.250 1.0266e-16
7908.775 1.0232e-16
7910.300 9.9702e-17
7911.825 9.8707e-17
7913.350 1.0242e-16
7914.875 1.0481e-16
7916.400 1.0378e-16
7917.925 1.0054e-16
7919.450 9.7989e-17
7920.975 9.9471e-17
7922.500 1.0238e-16
7924.025 1.0156e-16
7925.550 9.9468e-17
7927.075 9.9475e-17
7928.600 1.0023e-16
7930.125 1.0104e-16
7931.650 1.0119e-16
7933.175 1.0118e-16
7934.700 1.0207e-16
7936.225 1.0074e-16
7937.750 9.9431e-17
7939.275 1.0003e-16
7940.800 9.6596e-17
7942.325 9.4616e-17
7943.850 9.7014e-17
7945.375 9.6917e-17
7946.900 9.9151e-17
7948.425 1.0385e-16
7949.950 1.0255e-16
7951.475 9.7428e-17
7953.000 9.3554e-17
7954.525 9.4917e-17
7956.050 9.6413e-17
7957.575 9.9408e-17
7959.100 1.038e-16
7960.625 1.0382e-16
7962.150 1.0233e-16
7963.675 1.0085e-16
7965.200 1.0351e-16
7966.725 1.0512e-16
7968.250 1.0345e-16
7969.775 1.0567e-16
7971.300 1.0581e-16
7972.825 1.0307e-16
7974.350 1.0156e-16
7975.875 1.0213e-16
7977.400 1.0435e-16
7978.925 1.0568e-16
7980.450 1.0504e-16
7981.975 1.0219e-16
7983.500 1.0251e-16
7985.025 1.0482e-16
7986.550 1.0555e-16
7988.075 1.0591e-16
7989.600 1.0437e-16
7991.125 1.042e-16
7992.650 1.079e-16
7994.175 1.0647e-16
7995.700 1.0277e-16
7997.225 1.0394e-16
7998.750 1.0504e-16
8000.275 1.0348e-16
8001.800 9.9999e-17
8003.325 9.9268e-17
8004.850 1.0139e-16
8006.375 1.0158e-16
8007.900 1.0525e-16
8009.425 1.0832e-16
8010.950 1.0581e-16
8012.475 1.0567e-16
8014.000 1.0702e-16
8015.525 1.0855e-16
8017.050 1.0887e-16
8018.575 1.0696e-16
8020.100 1.0843e-16
8021.625 1.0905e-16
8023.150 1.0524e-16
8024.675 1.0399e-16
8026.200 1.0626e-16
8027.725 1.0626e-16
8029.250 1.0291e-16
8030.775 1.0036e-16
8032.300 9.9114e-17
8033.825 9.7849e-17
8035.350 9.8617e-17
8036.875 1.0235e-16
8038.400 1.0467e-16
8039.925 1.0503e-16
8041.450 1.071e-16
8042.975 1.0966e-16
8044.500 1.1058e-16
8046.025 1.0896e-16
8047.550 1.0582e-16
8049.075 1.0326e-16
8050.600 1.0109e-16
8052.125 1.0018e-16
8053.650 1.011e-16
8055.175 1.0375e-16
8056.700 1.0683e-16
8058.225 1.0947e-16
8059.750 1.1233e-16
8061.275 1.1458e-16
8062.800 1.1438e-16
8064.325 1.1069e-16
8065.850 1.083e-16
8067.375 1.0769e-16
8068.900 1.039e-16
8070.425 1.0115e-16
8071.950 1.0261e-16
8073.475 1.04e-16
8075.000 1.0274e-16
8076.525 1.0072e-16
8078.050 1.028e-16
8079.575 1.0489e-16
8081.100 1.0452e-16
8082.625 1.0609e-16
8084.150 1.0557e-16
8085.675 1.0637e-16
8087.200 1.082e-16
8088.725 1.0537e-16
8090.250 1.0366e-16
8091.775 1.0514e-16
8093.300 1.0336e-16
8094.825 9.8837e-17
8096.350 1.004e-16
8097.875 1.0229e-16
8099.400 1.0025e-16
8100.925 1.0147e-16
8102.450 1.0435e-16
8103.975 1.0529e-16
8105.500 1.0353e-16
8107.025 1.0252e-16
8108.550 1.0342e-16
8110.075 1.0376e-16
8111.600 1.0336e-16
8113.125 1.0399e-16
8114.650 1.0558e-16
8116.175 1.0625e-16
8117.700 1.0503e-16
8119.225 1.0516e-16
8120.750 1.0765e-16
8122.275 1.0784e-16
8123.800 1.0711e-16
8125.325 1.0525e-16
8126.850 1.0347e-16
8128.375 1.0386e-16
8129.900 1.0399e-16
8131.425 1.051e-16
8132.950 1.0548e-16
8134.475 1.0535e-16
8136.000 1.0768e-16
8137.525 1.0755e-16
8139.050 1.0608e-16
8140.575 1.0597e-16
8142.100 1.0499e-16
8143.625 1.0528e-16
8145.150 1.0567e-16
8146.675 1.0525e-16
8148.200 1.0489e-16
8149.725 1.0475e-16
8151.250 1.0612e-16
8152.775 1.075e-16
8154.300 1.0723e-16
8155.825 1.068e-16
8157.350 1.0624e-16
8158.875 1.0525e-16
8160.400 1.0811e-16
8161.925 1.101e-16
8163.450 1.0606e-16
8164.975 1.0404e-16
8166.500 1.0579e-16
8168.025 1.0659e-16
8169.550 1.0743e-16
8171.075 1.072e-16
8172.600 1.05e-16
8174.125 1.0368e-16
8175.650 1.0707e-16
8177.175 1.1113e-16
8178.700 1.0953e-16
8180.225 1.0993e-16
8181.750 1.1039e-16
8183.275 1.0523e-16
8184.800 1.0127e-16
8186.325 1.005e-16
8187.850 9.8817e-17
8189.375 9.5053e-17
8190.900 9.4492e-17
8192.425 9.3748e-17
8193.950 9.3374e-17
8195.475 9.6232e-17
8197.000 9.7668e-17
8198.525 9.7458e-17
8200.050 9.6262e-17
8201.575 9.3698e-17
8203.100 8.946e-17
8204.625 8.759e-17
8206.150 8.9019e-17
8207.675 9.2425e-17
8209.200 9.8072e-17
8210.725 1.0205e-16
8212.250 1.0568e-16
8213.775 1.0846e-16
8215.300 1.0742e-16
8216.825 1.0703e-16
8218.350 1.0616e-16
8219.875 1.052e-16
8221.400 1.065e-16
8222.925 1.0674e-16
8224.450 1.0271e-16
8225.975 1.0097e-16
8227.500 1.0324e-16
8229.025 1.0735e-16
8230.550 1.1374e-16
8232.075 1.1454e-16
8233.600 1.1197e-16
8235.125 1.1281e-16
8236.650 1.1395e-16
8238.175 1.1303e-16
8239.700 1.1112e-16
8241.225 1.1105e-16
8242.750 1.1194e-16
8244.275 1.1278e-16
8245.800 1.1384e-16
8247.325 1.1153e-16
8248.850 1.0858e-16
8250.375 1.082e-16
8251.900 1.0877e-16
8253.425 1.0803e-16
8254.950 1.0328e-16
8256.475 9.9972e-17
8258.000 1.021e-16
8259.525 1.0384e-16
8261.050 1.0447e-16
8262.575 1.0666e-16
8264.100 1.0753e-16
8265.625 1.0696e-16
8267.150 1.0913e-16
8268.675 1.1254e-16
8270.200 1.1165e-16
8271.725 1.0852e-16
8273.250 1.0704e-16
8274.775 1.0806e-16
8276.300 1.1165e-16
8277.825 1.104e-16
8279.350 1.0891e-16
8280.875 1.1061e-16
8282.400 1.0899e-16
8283.925 1.0776e-16
8285.450 1.0937e-16
8286.975 1.0991e-16
8288.500 1.1183e-16
8290.025 1.1348e-16
8291.550 1.1077e-16
8293.075 1.0959e-16
8294.600 1.0972e-16
8296.125 1.1102e-16
8297.650 1.1069e-16
8299.175 1.1046e-16
8300.700 1.0979e-16
8302.225 1.0839e-16
8303.750 1.0827e-16
8305.275 1.0785e-16
8306.800 1.1001e-16
8308.325 1.0973e-16
8309.850 1.1005e-16
8311.375 1.1207e-16
8312.900 1.0895e-16
8314.425 1.0647e-16
8315.950 1.0789e-16
8317.475 1.1004e-16
8319.000 1.1274e-16
8320.525 1.1292e-16
8322.050 1.0952e-16
8323.575 1.0946e-16
8325.100 1.1196e-16
8326.625 1.0909e-16
8328.150 1.0764e-16
8329.675 1.0676e-16
8331.200 1.0331e-16
8332.725 9.9615e-17
8334.250 9.655e-17
8335.775 9.6139e-17
8337.300 9.872e-17
8338.825 9.9077e-17
8340.350 9.8964e-17
8341.875 1.022e-16
8343.400 1.0282e-16
8344.925 1.0696e-16
8346.450 1.124e-16
8347.975 1.1068e-16
8349.500 1.0917e-16
8351.025 1.1025e-16
8352.550 1.081e-16
8354.075 1.0669e-16
8355.600 1.0876e-16
8357.125 1.1145e-16
8358.650 1.1344e-16
8360.175 1.1301e-16
8361.700 1.1222e-16
8363.225 1.1234e-16
8364.750 1.1137e-16
8366.275 1.0928e-16
8367.800 1.0923e-16
8369.325 1.1027e-16
8370.850 1.1078e-16
8372.375 1.1155e-16
8373.900 1.1056e-16
8375.425 1.1187e-16
8376.950 1.1594e-16
8378.475 1.1556e-16
8380.000 1.1398e-16
8381.525 1.1209e-16
8383.050 1.1024e-16
8384.575 1.122e-16
8386.100 1.1288e-16
8387.625 1.101e-16
8389.150 1.0796e-16
8390.675 1.0618e-16
8392.200 1.0482e-16
8393.725 1.0582e-16
8395.250 1.1195e-16
8396.775 1.1861e-16
8398.300 1.2191e-16
8399.825 1.2527e-16
8401.350 1.2658e-16
8402.875 1.2349e-16
8404.400 1.2111e-16
8405.925 1.197e-16
8407.450 1.1808e-16
8408.975 1.1745e-16
8410.500 1.1593e-16
8412.025 1.1412e-16
8413.550 1.1529e-16
8415.075 1.1747e-16
8416.600 1.1706e-16
8418.125 1.1468e-16
8419.650 1.1255e-16
8421.175 1.1331e-16
8422.700 1.1461e-16
8424.225 1.1297e-16
8425.750 1.1465e-16
8427.275 1.1789e-16
8428.800 1.1566e-16
8430.325 1.1542e-16
8431.850 1.1791e-16
8433.375 1.166e-16
8434.900 1.1426e-16
8436.425 1.1206e-16
8437.950 1.1076e-16
8439.475 1.1116e-16
8441.000 1.1049e-16
8442.525 1.1029e-16
8444.050 1.114e-16
8445.575 1.1124e-16
8447.100 1.1022e-16
8448.625 1.1219e-16
8450.150 1.1245e-16
8451.675 1.0731e-16
8453.200 1.0674e-16
8454.725 1.0822e-16
8456.250 1.0773e-16
8457.775 1.1091e-16
8459.300 1.1782e-16
8460.825 1.2321e-16
8462.350 1.252e-16
8463.875 1.2902e-16
8465.400 1.2887e-16
8466.925 1.2435e-16
8468.450 1.2291e-16
8469.975 1.1926e-16
8471.500 1.1296e-16
8473.025 1.0895e-16
8474.550 1.078e-16
8476.075 1.087e-16
8477.600 1.1191e-16
8479.125 1.1681e-16
8480.650 1.2169e-16
8482.175 1.2618e-16
8483.700 1.2848e-16
8485.225 1.2884e-16
8486.750 1.2644e-16
8488.275 1.2298e-16
8489.800 1.2287e-16
8491.325 1.2399e-16
8492.850 1.227e-16
8494.375 1.2134e-16
8495.900 1.2278e-16
8497.425 1.2256e-16
8498.950 1.2396e-16
8500.475 1.322e-16
8502.000 1.4497e-16
8503.525 1.5621e-16
8505.050 1.6688e-16
8506.575 1.7527e-16
8508.100 1.7608e-16
8509.625 1.7497e-16
8511.150 1.7084e-16
8512.675 1.6352e-16
8514.200 1.6083e-16
8515.725 1.5942e-16
8517.250 1.5091e-16
8518.775 1.3883e-16
8520.300 1.2917e-16
8521.825 1.2253e-16
8523.350 1.2148e-16
8524.875 1.2499e-16
8526.400 1.285e-16
8527.925 1.2957e-16
8529.450 1.3073e-16
8530.975 1.2915e-16
8532.500 1.2438e-16
8534.025 1.209e-16
8535.550 1.1955e-16
8537.075 1.1843e-16
8538.600 1.1771e-16
8540.125 1.1994e-16
8541.650 1.2086e-16
8543.175 1.2316e-16
8544.700 1.3415e-16
8546.225 1.4647e-16
8547.750 1.5525e-16
8549.275 1.6105e-16
8550.800 1.6069e-16
8552.325 1.5223e-16
8553.850 1.3757e-16
8555.375 1.2523e-16
8556.900 1.2311e-16
8558.425 1.3119e-16
8559.950 1.3992e-16
8561.475 1.3958e-16
8563.000 1.3609e-16
8564.525 1.3339e-16
8566.050 1.2767e-16
8567.575 1.2442e-16
8569.100 1.228e-16
8570.625 1.1991e-16
8572.150 1.2016e-16
8573.675 1.2271e-16
8575.200 1.237e-16
8576.725 1.2253e-16
8578.250 1.2109e-16
8579.775 1.2103e-16
8581.300 1.2188e-16
8582.825 1.2173e-16
8584.350 1.203e-16
8585.875 1.1977e-16
8587.400 1.1912e-16
8588.925 1.1702e-16
8590.450 1.1728e-16
8591.975 1.2072e-16
8593.500 1.2303e-16
8595.025 1.2108e-16
8596.550 1.2114e-16
8598.075 1.2463e-16
8599.600 1.2336e-16
8601.125 1.2183e-16
8602.650 1.2105e-16
8604.175 1.1597e-16
8605.700 1.1194e-16
8607.225 1.1143e-16
8608.750 1.1278e-16
8610.275 1.1656e-16
8611.800 1.1847e-16
8613.325 1.1826e-16
8614.850 1.1916e-16
8616.375 1.1912e-16
8617.900 1.1544e-16
8619.425 1.106e-16
8620.950 1.1043e-16
8622.475 1.1376e-16
8624.000 1.1485e-16
8625.525 1.1636e-16
8627.050 1.1995e-16
8628.575 1.239e-16
8630.100 1.2436e-16
8631.625 1.2301e-16
8633.150 1.2311e-16
8634.675 1.2048e-16
8636.200 1.1869e-16
8637.725 1.1914e-16
8639.250 1.1668e-16
8640.775 1.1607e-16
8642.300 1.1837e-16
8643.825 1.1921e-16
8645.350 1.1841e-16
8646.875 1.1832e-16
8648.400 1.1803e-16
8649.925 1.1585e-16
8651.450 1.1694e-16
8652.975 1.1568e-16
8654.500 1.1239e-16
8656.025 1.1397e-16
8657.550 1.1627e-16
8659.075 1.1411e-16
8660.600 1.1188e-16
8662.125 1.1622e-16
8663.650 1.235e-16
8665.175 1.3079e-16
8666.700 1.3769e-16
8668.225 1.4607e-16
8669.750 1.5268e-16
8671.275 1.5077e-16
8672.800 1.4571e-16
8674.325 1.3641e-16
8675.850 1.2331e-16
8677.375 1.2058e-16
8678.900 1.2738e-16
8680.425 1.3218e-16
8681.950 1.3066e-16
8683.475 1.2633e-16
8685.000 1.2224e-16
8686.525 1.1767e-16
8688.050 1.1575e-16
8689.575 1.1517e-16
8691.100 1.1301e-16
8692.625 1.0983e-16
8694.150 1.0593e-16
8695.675 1.0477e-16
8697.200 1.052e-16
8698.725 1.074e-16
8700.250 1.1359e-16
8701.775 1.1867e-16
8703.300 1.2003e-16
8704.825 1.2093e-16
8706.350 1.2037e-16
8707.875 1.1731e-16
8709.400 1.1716e-16
8710.925 1.1865e-16
8712.450 1.1731e-16
8713.975 1.1637e-16
8715.500 1.1499e-16
8717.025 1.1417e-16
8718.550 1.1561e-16
8720.075 1.147e-16
8721.600 1.142e-16
8723.125 1.1446e-16
8724.650 1.1501e-16
8726.175 1.1849e-16
8727.700 1.2057e-16
8729.225 1.2044e-16
8730.750 1.1886e-16
8732.275 1.1807e-16
8733.800 1.1798e-16
8735.325 1.1884e-16
8736.850 1.1958e-16
8738.375 1.2235e-16
8739.900 1.2727e-16
8741.425 1.2805e-16
8742.950 1.2447e-16
8744.475 1.2098e-16
8746.000 1.1825e-16
8747.525 1.1473e-16
8749.050 1.1439e-16
8750.575 1.1509e-16
8752.100 1.1566e-16
8753.625 1.1611e-16
8755.150 1.1288e-16
8756.675 1.1025e-16
8758.200 1.0847e-16
8759.725 1.0683e-16
8761.250 1.067e-16
8762.775 1.0877e-16
8764.300 1.1287e-16
8765.825 1.1427e-16
8767.350 1.1767e-16
8768.875 1.2153e-16
8770.400 1.1984e-16
8771.925 1.1766e-16
8773.450 1.1953e-16
8774.975 1.2359e-16
8776.500 1.2424e-16
8778.025 1.2393e-16
8779.550 1.2163e-16
8781.075 1.1888e-16
8782.600 1.2166e-16
8784.125 1.2169e-16
8785.650 1.2037e-16
8787.175 1.2e-16
8788.700 1.2038e-16
8790.225 1.2545e-16
8791.750 1.2487e-16
8793.275 1.1784e-16
8794.800 1.1498e-16
8796.325 1.1657e-16
8797.850 1.1731e-16
8799.375 1.1669e-16
8800.900 1.1919e-16
8802.425 1.2124e-16
8803.950 1.2049e-16
8805.475 1.2234e-16
8807.000 1.2557e-16
8808.525 1.239e-16
8810.050 1.1662e-16
8811.575 1.1113e-16
8813.100 1.0862e-16
8814.625 1.0878e-16
8816.150 1.1357e-16
8817.675 1.2037e-16
8819.200 1.3077e-16
8820.725 1.3525e-16
8822.250 1.3069e-16
8823.775 1.2587e-16
8825.300 1.2416e-16
8826.825 1.2643e-16
8828.350 1.2486e-16
8829.875 1.1727e-16
8831.400 1.1216e-16
8832.925 1.1394e-16
8834.450 1.1686e-16
8835.975 1.2402e-16
8837.500 1.3494e-16
8839.025 1.3754e-16
8840.550 1.3216e-16
8842.075 1.2586e-16
8843.600 1.2258e-16
8845.125 1.2147e-16
8846.650 1.2119e-16
8848.175 1.2336e-16
8849.700 1.2771e-16
8851.225 1.2959e-16
8852.750 1.3123e-16
8854.275 1.3478e-16
8855.800 1.3373e-16
8857.325 1.3236e-16
8858.850 1.3245e-16
8860.375 1.3151e-16
8861.900 1.3311e-16
8863.425 1.2939e-16
8864.950 1.2452e-16
8866.475 1.2375e-16
8868.000 1.2141e-16
8869.525 1.1791e-16
8871.050 1.1385e-16
8872.575 1.1147e-16
8874.100 1.1431e-16
8875.625 1.1832e-16
8877.150 1.2279e-16
8878.675 1.31e-16
8880.200 1.3415e-16
8881.725 1.3643e-16
8883.250 1.3618e-16
8884.775 1.3119e-16
8886.300 1.3306e-16
8887.825 1.3448e-16
8889.350 1.3081e-16
8890.875 1.286e-16
8892.400 1.2722e-16
8893.925 1.247e-16
8895.450 1.2376e-16
8896.975 1.2511e-16
8898.500 1.2641e-16
8900.025 1.2693e-16
8901.550 1.2471e-16
8903.075 1.2341e-16
8904.600 1.2523e-16
8906.125 1.2576e-16
8907.650 1.2797e-16
8909.175 1.2746e-16
8910.700 1.2124e-16
8912.225 1.2057e-16
8913.750 1.2403e-16
8915.275 1.2427e-16
8916.800 1.2339e-16
8918.325 1.1998e-16
8919.850 1.1554e-16
8921.375 1.1379e-16
8922.900 1.1383e-16
8924.425 1.1516e-16
8925.950 1.1928e-16
8927.475 1.245e-16
8929.000 1.264e-16
8930.525 1.2364e-16
8932.050 1.2015e-16
8933.575 1.1479e-16
8935.100 1.0832e-16
8936.625 1.1109e-16
8938.150 1.1503e-16
8939.675 1.1806e-16
8941.200 1.2488e-16
8942.725 1.3033e-16
8944.250 1.3075e-16
8945.775 1.2722e-16
8947.300 1.2361e-16
8948.825 1.2062e-16
8950.350 1.2083e-16
8951.875 1.2373e-16
8953.400 1.2679e-16
8954.925 1.3071e-16
8956.450 1.3147e-16
8957.975 1.3262e-16
8959.500 1.3754e-16
8961.025 1.3556e-16
8962.550 1.3076e-16
8964.075 1.3395e-16
8965.600 1.3568e-16
8967.125 1.3293e-16
8968.650 1.3306e-16
8970.175 1.3046e-16
8971.700 1.2456e-16
8973.225 1.2541e-16
8974.750 1.2686e-16
8976.275 1.2441e-16
8977.800 1.254e-16
8979.325 1.2616e-16
8980.850 1.2399e-16
8982.375 1.2031e-16
8983.900 1.1862e-16
8985.425 1.2171e-16
8986.950 1.2323e-16
8988.475 1.2603e-16
8990.000 1.3254e-16
8991.525 1.3662e-16
8993.050 1.3528e-16
8994.575 1.306e-16
8996.100 1.2829e-16
8997.625 1.3076e-16
8999.150 1.3236e-16
9000.675 1.3085e-16
9002.200 1.2694e-16
9003.725 1.1855e-16
9005.250 1.1367e-16
9006.775 1.1491e-16
9008.300 1.1775e-16
9009.825 1.2181e-16
9011.350 1.2315e-16
9012.875 1.241e-16
9014.400 1.2809e-16
9015.925 1.2743e-16
9017.450 1.2167e-16
9018.975 1.1913e-16
9020.500 1.181e-16
9022.025 1.1582e-16
9023.550 1.1666e-16
9025.075 1.1893e-16
9026.600 1.2108e-16
9028.125 1.2576e-16
9029.650 1.2713e-16
9031.175 1.2472e-16
9032.700 1.2569e-16
9034.225 1.2623e-16
9035.750 1.2284e-16
9037.275 1.2373e-16
9038.800 1.2932e-16
9040.325 1.2786e-16
9041.850 1.2501e-16
9043.375 1.2658e-16
9044.900 1.2672e-16
9046.425 1.2634e-16
9047.950 1.2458e-16
9049.475 1.2371e-16
9051.000 1.2558e-16
9052.525 1.2536e-16
9054.050 1.2458e-16
9055.575 1.231e-16
9057.100 1.2046e-16
9058.625 1.2e-16
9060.150 1.1955e-16
9061.675 1.1873e-16
9063.200 1.1698e-16
9064.725 1.1378e-16
9066.250 1.1237e-16
9067.775 1.0626e-16
9069.300 9.8212e-17
9070.825 9.8119e-17
9072.350 9.9892e-17
9073.875 1.0314e-16
9075.400 1.1041e-16
9076.925 1.1677e-16
9078.450 1.2165e-16
9079.975 1.2101e-16
9081.500 1.1752e-16
9083.025 1.1811e-16
9084.550 1.1505e-16
9086.075 1.0652e-16
9087.600 1.0132e-16
9089.125 1.0127e-16
9090.650 1.0587e-16
9092.175 1.0919e-16
9093.700 1.0749e-16
9095.225 1.0553e-16
9096.750 1.0487e-16
9098.275 1.0434e-16
9099.800 1.022e-16
9101.325 9.9642e-17
9102.850 9.9648e-17
9104.375 1.0242e-16
9105.900 1.0672e-16
9107.425 1.114e-16
9108.950 1.159e-16
9110.475 1.2014e-16
9112.000 1.2235e-16
9113.525 1.2011e-16
9115.050 1.1651e-16
9116.575 1.1344e-16
9118.100 1.053e-16
9119.625 9.7318e-17
9121.150 9.7979e-17
9122.675 1.0114e-16
9124.200 1.0082e-16
9125.725 1.0119e-16
9127.250 1.0809e-16
9128.775 1.1811e-16
9130.300 1.2165e-16
9131.825 1.2279e-16
9133.350 1.2839e-16
9134.875 1.3186e-16
9136.400 1.2873e-16
9137.925 1.2474e-16
9139.450 1.2211e-16
9140.975 1.1921e-16
9142.500 1.1628e-16
9144.025 1.121e-16
9145.550 1.0833e-16
9147.075 1.0575e-16
9148.600 1.0542e-16
9150.125 1.0725e-16
9151.650 1.0716e-16
9153.175 1.0767e-16
9154.700 1.1044e-16
9156.225 1.1196e-16
9157.750 1.1513e-16
9159.275 1.1681e-16
9160.800 1.1607e-16
9162.325 1.1446e-16
9163.850 1.1151e-16
9165.375 1.1113e-16
9166.900 1.13e-16
9168.425 1.1247e-16
9169.950 1.1126e-16
9171.475 1.1057e-16
9173.000 1.0732e-16
9174.525 1.0503e-16
9176.050 1.0535e-16
9177.575 1.0607e-16
9179.100 1.0629e-16
9180.625 1.0391e-16
9182.150 1.0229e-16
9183.675 1.0403e-16
9185.200 1.0587e-16
9186.725 1.1087e-16
9188.250 1.1364e-16
9189.775 1.1087e-16
9191.300 1.1015e-16
9192.825 1.1172e-16
9194.350 1.0894e-16
9195.875 1.0457e-16
9197.400 1.0563e-16
9198.925 1.0646e-16
9200.450 1.0458e-16
9201.975 1.0434e-16
9203.500 1.0523e-16
9205.025 1.0716e-16
9206.550 1.0895e-16
9208.075 1.0814e-16
9209.600 1.084e-16
9211.125 1.1002e-16
9212.650 1.0888e-16
9214.175 1.0755e-16
9215.700 1.0639e-16
9217.225 1.0338e-16
9218.750 9.9969e-17
9220.275 9.7191e-17
9221.800 9.6783e-17
9223.325 9.5498e-17
9224.850 9.3998e-17
9226.375 9.6843e-17
9227.900 1.0008e-16
9229.425 1.0329e-16
9230.950 1.0844e-16
9232.475 1.0871e-16
9234.000 1.0064e-16
9235.525 9.3738e-17
9237.050 9.4122e-17
9238.575 9.6636e-17
9240.100 9.8082e-17
9241.625 1.0153e-16
9243.150 1.0294e-16
9244.675 1.0008e-16
9246.200 1.0064e-16
9247.725 1.0114e-16
9249.250 9.9021e-17
9250.775 9.9822e-17
9252.300 1.0385e-16
9253.825 1.0822e-16
9255.350 1.0799e-16
9256.875 1.0826e-16
9258.400 1.1013e-16
9259.925 1.0894e-16
9261.450 1.0861e-16
9262.975 1.0947e-16
9264.500 1.0898e-16
9266.025 1.0646e-16
9267.550 1.0542e-16
9269.075 1.0896e-16
9270.600 1.1369e-16
9272.125 1.1323e-16
9273.650 1.0918e-16
9275.175 1.0913e-16
9276.700 1.1281e-16
9278.225 1.1365e-16
9279.750 1.1441e-16
9281.275 1.1845e-16
9282.800 1.1742e-16
9284.325 1.1756e-16
9285.850 1.2263e-16
9287.375 1.2139e-16
9288.900 1.226e-16
9290.425 1.2627e-16
9291.950 1.2238e-16
9293.475 1.1904e-16
9295.000 1.195e-16
9296.525 1.2055e-16
9298.050 1.2321e-16
9299.575 1.2753e-16
9301.100 1.2738e-16
9302.625 1.2454e-16
9304.150 1.2653e-16
9305.675 1.2937e-16
9307.200 1.233e-16
9308.725 1.1885e-16
9310.250 1.1961e-16
9311.775 1.1765e-16
9313.300 1.2144e-16
9314.825 1.2157e-16
9316.350 1.141e-16
9317.875 1.153e-16
9319.400 1.218e-16
9320.925 1.2848e-16
9322.450 1.3595e-16
9323.975 1.3554e-16
9325.500 1.291e-16
9327.025 1.2239e-16
9328.550 1.2151e-16
9330.075 1.2727e-16
9331.600 1.25e-16
9333.125 1.2004e-16
9334.650 1.2083e-16
9336.175 1.27e-16
9337.700 1.3716e-16
9339.225 1.4145e-16
9340.750 1.3841e-16
9342.275 1.446e-16
9343.800 1.5041e-16
9345.325 1.4202e-16
9346.850 1.3205e-16
9348.375 1.2518e-16
9349.900 1.2601e-16
9351.425 1.2936e-16
9352.950 1.2622e-16
9354.475 1.3099e-16
9356.000 1.3886e-16
9357.525 1.3228e-16
9359.050 1.2609e-16
9360.575 1.2398e-16
9362.100 1.2074e-16
9363.625 1.2067e-16
9365.150 1.1915e-16
9366.675 1.1525e-16
9368.200 1.2455e-16
9369.725 1.2975e-16
9371.250 1.1639e-16
9372.775 1.1932e-16
9374.300 1.3061e-16
9375.825 1.2827e-16
9377.350 1.2832e-16
9378.875 1.2516e-16
9380.400 1.2365e-16
9381.925 1.2779e-16
9383.450 1.3128e-16
9384.975 1.3424e-16
9386.500 1.2766e-16
9388.025 1.1985e-16
9389.550 1.2187e-16
9391.075 1.2147e-16
9392.600 1.1984e-16
9394.125 1.2014e-16
9395.650 1.1761e-16
9397.175 1.2089e-16
9398.700 1.1975e-16
9400.225 1.1617e-16
9401.750 1.1772e-16
9403.275 1.1482e-16
9404.800 1.1142e-16
9406.325 1.1304e-16
9407.850 1.169e-16
9409.375 1.116e-16
9410.900 1.0499e-16
9412.425 1.0375e-16
9413.950 1.0367e-16
9415.475 1.0865e-16
9417.000 1.0933e-16
9418.525 1.0551e-16
9420.050 1.0471e-16
9421.575 1.0296e-16
9423.100 1.037e-16
9424.625 1.1049e-16
9426.150 1.1399e-16
9427.675 1.1141e-16
9429.200 1.1264e-16
9430.725 1.1663e-16
9432.250 1.1863e-16
9433.775 1.2343e-16
9435.300 1.2953e-16
9436.825 1.2347e-16
9438.350 1.0614e-16
9439.875 1.0551e-16
9441.400 1.1252e-16
9442.925 1.1072e-16
9444.450 1.1365e-16
9445.975 1.1491e-16
9447.500 1.1111e-16
9449.025 1.1037e-16
9450.550 1.0882e-16
9452.075 1.1159e-16
9453.600 1.1759e-16
9455.125 1.1158e-16
9456.650 1.0512e-16
9458.175 1.1469e-16
9459.700 1.1898e-16
9461.225 1.0967e-16
9462.750 1.0892e-16
9464.275 1.1317e-16
9465.800 1.1599e-16
9467.325 1.1835e-16
9468.850 1.1585e-16
9470.375 1.1279e-16
9471.900 1.1928e-16
9473.425 1.2352e-16
9474.950 1.1525e-16
9476.475 1.1294e-16
9478.000 1.2092e-16
9479.525 1.1892e-16
9481.050 1.0916e-16
9482.575 1.077e-16
9484.100 1.0586e-16
9485.625 1.0543e-16
9487.150 1.0856e-16
9488.675 1.0981e-16
9490.200 1.1233e-16
9491.725 1.1244e-16
9493.250 1.0578e-16
9494.775 1.0447e-16
9496.300 1.1434e-16
9497.825 1.2237e-16
9499.350 1.195e-16
9500.875 1.1427e-16
9502.400 1.157e-16
9503.925 1.1546e-16
9505.450 1.1121e-16
9506.975 1.1011e-16
9508.500 1.1104e-16
9510.025 1.1267e-16
9511.550 1.1319e-16
9513.075 1.1359e-16
9514.600 1.1581e-16
9516.125 1.1377e-16
9517.650 1.0939e-16
9519.175 1.1448e-16
9520.700 1.2059e-16
9522.225 1.1396e-16
9523.750 1.0992e-16
9525.275 1.1633e-16
9526.800 1.1607e-16
9528.325 1.1267e-16
9529.850 1.1527e-16
9531.375 1.1443e-16
9532.900 1.1204e-16
9534.425 1.1262e-16
9535.950 1.1219e-16
9537.475 1.138e-16
9539.000 1.1787e-16
9540.525 1.1837e-16
9542.050 1.1844e-16
9543.575 1.2036e-16
9545.100 1.189e-16
9546.625 1.1739e-16
9548.150 1.1735e-16
9549.675 1.1454e-16
9551.200 1.1423e-16
9552.725 1.1289e-16
9554.250 1.0701e-16
9555.775 1.12e-16
9557.300 1.1757e-16
9558.825 1.1266e-16
9560.350 1.1225e-16
9561.875 1.1766e-16
9563.400 1.2401e-16
9564.925 1.3119e-16
9566.450 1.2828e-16
9567.975 1.2047e-16
9569.500 1.173e-16
9571.025 1.1456e-16
9572.550 1.1522e-16
9574.075 1.1871e-16
9575.600 1.1629e-16
9577.125 1.1158e-16
9578.650 1.1528e-16
9580.175 1.2048e-16
9581.700 1.17e-16
9583.225 1.1419e-16
9584.750 1.1619e-16
9586.275 1.1606e-16
9587.800 1.1296e-16
9589.325 1.1285e-16
9590.850 1.168e-16
9592.375 1.2222e-16
9593.900 1.2386e-16
9595.425 1.2252e-16
9596.950 1.2384e-16
9598.475 1.215e-16
9600.000 1.1846e-16
9601.525 1.2199e-16
9603.050 1.2078e-16
9604.575 1.1404e-16
9606.100 1.0965e-16
9607.625 1.0996e-16
9609.150 1.1159e-16
9610.675 1.1007e-16
9612.200 1.092e-16
9613.725 1.0667e-16
9615.250 1.0524e-16
9616.775 1.1573e-16
9618.300 1.2643e-16
9619.825 1.2567e-16
9621.350 1.1976e-16
9622.875 1.1768e-16
9624.400 1.1932e-16
9625.925 1.1375e-16
9627.450 1.0703e-16
9628.975 1.052e-16
9630.500 1.0171e-16
9632.025 9.9976e-17
9633.550 1.0569e-16
9635.075 1.1175e-16
9636.600 1.1454e-16
9638.125 1.1813e-16
9639.650 1.1925e-16
9641.175 1.1717e-16
9642.700 1.1891e-16
9644.225 1.2092e-16
9645.750 1.1548e-16
9647.275 1.1311e-16
9648.800 1.1606e-16
9650.325 1.1778e-16
9651.850 1.1982e-16
9653.375 1.2093e-16
9654.900 1.2161e-16
9656.425 1.2209e-16
9657.950 1.2001e-16
9659.475 1.1443e-16
9661.000 1.1248e-16
9662.525 1.148e-16
9664.050 1.144e-16
9665.575 1.1208e-16
9667.100 1.0911e-16
9668.625 1.0849e-16
9670.150 1.0914e-16
9671.675 1.0933e-16
9673.200 1.1589e-16
9674.725 1.2146e-16
9676.250 1.2137e-16
9677.775 1.2514e-16
9679.300 1.2586e-16
9680.825 1.1982e-16
9682.350 1.1541e-16
9683.875 1.1751e-16
9685.400 1.2075e-16
9686.925 1.1946e-16
9688.450 1.2068e-16
9689.975 1.2689e-16
9691.500 1.2994e-16
9693.025 1.2564e-16
9694.550 1.2324e-16
9696.075 1.219e-16
9697.600 1.1965e-16
9699.125 1.198e-16
9700.650 1.1801e-16
9702.175 1.1692e-16
9703.700 1.2004e-16
9705.225 1.2532e-16
9706.750 1.2506e-16
9708.275 1.2e-16
9709.800 1.193e-16
9711.325 1.2299e-16
9712.850 1.2432e-16
9714.375 1.2324e-16
9715.900 1.2667e-16
9717.425 1.2698e-16
9718.950 1.2213e-16
9720.475 1.2258e-16
9722.000 1.2229e-16
9723.525 1.2053e-16
9725.050 1.286e-16
9726.575 1.3542e-16
9728.100 1.2812e-16
9729.625 1.2477e-16
9731.150 1.278e-16
9732.675 1.2579e-16
9734.200 1.2441e-16
9735.725 1.2227e-16
9737.250 1.237e-16
9738.775 1.2651e-16
9740.300 1.2379e-16
9741.825 1.2161e-16
9743.350 1.2177e-16
9744.875 1.2318e-16
9746.400 1.2516e-16
9747.925 1.2417e-16
9749.450 1.2132e-16
9750.975 1.2439e-16
9752.500 1.2601e-16
9754.025 1.2192e-16
9755.550 1.1933e-16
9757.075 1.1936e-16
9758.600 1.2206e-16
9760.125 1.2381e-16
9761.650 1.239e-16
9763.175 1.2402e-16
9764.700 1.2443e-16
9766.225 1.2808e-16
9767.750 1.3045e-16
9769.275 1.2533e-16
9770.800 1.2094e-16
9772.325 1.2339e-16
9773.850 1.2388e-16
9775.375 1.2254e-16
9776.900 1.2462e-16
9778.425 1.2653e-16
9779.950 1.2805e-16
9781.475 1.28e-16
9783.000 1.2718e-16
9784.525 1.2901e-16
9786.050 1.3039e-16
9787.575 1.236e-16
9789.100 1.1794e-16
9790.625 1.2109e-16
9792.150 1.1987e-16
9793.675 1.2032e-16
9795.200 1.244e-16
9796.725 1.2376e-16
9798.250 1.2343e-16
9799.775 1.2358e-16
9801.300 1.2712e-16
9802.825 1.311e-16
9804.350 1.2945e-16
9805.875 1.2587e-16
9807.400 1.2465e-16
9808.925 1.2633e-16
9810.450 1.2476e-16
9811.975 1.2456e-16
9813.500 1.2694e-16
9815.025 1.2868e-16
9816.550 1.2858e-16
9818.075 1.2661e-16
9819.600 1.267e-16
9821.125 1.2977e-16
9822.650 1.3263e-16
9824.175 1.3422e-16
9825.700 1.3343e-16
9827.225 1.3248e-16
9828.750 1.2998e-16
9830.275 1.2847e-16
9831.800 1.2869e-16
9833.325 1.2513e-16
9834.850 1.2548e-16
9836.375 1.2789e-16
9837.900 1.2492e-16
9839.425 1.2507e-16
9840.950 1.3087e-16
9842.475 1.2924e-16
9844.000 1.2709e-16
9845.525 1.3256e-16
9847.050 1.3472e-16
9848.575 1.3419e-16
9850.100 1.337e-16
9851.625 1.3115e-16
9853.150 1.2551e-16
9854.675 1.2263e-16
9856.200 1.2542e-16
9857.725 1.2766e-16
9859.250 1.2708e-16
9860.775 1.2361e-16
9862.300 1.2116e-16
9863.825 1.2388e-16
9865.350 1.247e-16
9866.875 1.2344e-16
9868.400 1.2669e-16
9869.925 1.2896e-16
9871.450 1.2611e-16
9872.975 1.2602e-16
9874.500 1.3049e-16
9876.025 1.3104e-16
9877.550 1.2949e-16
9879.075 1.287e-16
9880.600 1.3053e-16
9882.125 1.3164e-16
9883.650 1.2741e-16
9885.175 1.2726e-16
9886.700 1.2868e-16
9888.225 1.2511e-16
9889.750 1.2346e-16
9891.275 1.257e-16
9892.800 1.238e-16
9894.325 1.2257e-16
9895.850 1.233e-16
9897.375 1.2039e-16
9898.900 1.1863e-16
9900.425 1.1737e-16
9901.950 1.1671e-16
9903.475 1.2099e-16
9905.000 1.2346e-16
9906.525 1.2304e-16
9908.050 1.2231e-16
9909.575 1.2121e-16
9911.100 1.2565e-16
9912.625 1.2942e-16
9914.150 1.2782e-16
9915.675 1.2784e-16
9917.200 1.2797e-16
9918.725 1.2813e-16
9920.250 1.277e-16
9921.775 1.269e-16
9923.300 1.2892e-16
9924.825 1.2758e-16
9926.350 1.2558e-16
9927.875 1.2341e-16
9929.400 1.2021e-16
9930.925 1.2101e-16
9932.450 1.2578e-16
9933.975 1.3179e-16
9935.500 1.3263e-16
9937.025 1.26e-16
9938.550 1.2269e-16
9940.075 1.2394e-16
9941.600 1.2342e-16
9943.125 1.2647e-16
9944.650 1.2316e-16
9946.175 1.278e-16
9947.700 1.3912e-16
9949.225 1.3366e-16
9950.750 1.2395e-16
9952.275 1.2618e-16
9953.800 1.299e-16
9955.325 1.2012e-16
9956.850 1.215e-16
9958.375 1.3255e-16
9959.900 1.3458e-16
9961.425 1.3537e-16
9962.950 1.2992e-16
9964.475 1.2349e-16
9966.000 1.2391e-16
9967.525 1.3059e-16
9969.050 1.3364e-16
9970.575 1.3182e-16
9972.100 1.3201e-16
9973.625 1.3207e-16
9975.150 1.3334e-16
9976.675 1.3303e-16
9978.200 1.2835e-16
9979.725 1.2794e-16
9981.250 1.2609e-16
9982.775 1.2038e-16
9984.300 1.222e-16
9985.825 1.2532e-16
9987.350 1.2454e-16
9988.875 1.2609e-16
9990.400 1.295e-16
9991.925 1.2963e-16
9993.450 1.2774e-16
9994.975 1.2395e-16
9996.500 1.2298e-16
9998.025 1.2639e-16
9999.550 1.302e-16
10001.075 1.2974e-16
10002.600 1.2414e-16
10004.125 1.2107e-16
10005.650 1.1895e-16
10007.175 1.209e-16
10008.700 1.3153e-16
10010.225 1.4281e-16
10011.750 1.4681e-16
10013.275 1.484e-16
10014.800 1.4999e-16
10016.325 1.4462e-16
10017.850 1.3585e-16
10019.375 1.2788e-16
10020.900 1.2515e-16
10022.425 1.3279e-16
10023.950 1.3262e-16
10025.475 1.2841e-16
10027.000 1.3348e-16
10028.525 1.3325e-16
10030.050 1.3186e-16
10031.575 1.3027e-16
10033.100 1.265e-16
10034.625 1.2756e-16
10036.150 1.293e-16
10037.675 1.3006e-16
10039.200 1.3154e-16
10040.725 1.2969e-16
10042.250 1.2497e-16
10043.775 1.2015e-16
10045.300 1.1254e-16
10046.825 1.0463e-16
10048.350 1.0655e-16
10049.875 1.1446e-16
10051.400 1.1943e-16
10052.925 1.2295e-16
10054.450 1.3041e-16
10055.975 1.2834e-16
10057.500 1.2068e-16
10059.025 1.2229e-16
10060.550 1.224e-16
10062.075 1.2403e-16
10063.600 1.2939e-16
10065.125 1.2906e-16
10066.650 1.2624e-16
10068.175 1.3298e-16
10069.700 1.4299e-16
10071.225 1.4321e-16
10072.750 1.3683e-16
10074.275 1.3203e-16
10075.800 1.2716e-16
10077.325 1.2973e-16
10078.850 1.3864e-16
10080.375 1.3311e-16
10081.900 1.2534e-16
10083.425 1.2984e-16
10084.950 1.3069e-16
10086.475 1.267e-16
10088.000 1.2813e-16
10089.525 1.2733e-16
10091.050 1.2389e-16
10092.575 1.2457e-16
10094.100 1.2382e-16
10095.625 1.2668e-16
10097.150 1.3331e-16
10098.675 1.3318e-16
10100.200 1.3328e-16
10101.725 1.348e-16
10103.250 1.2498e-16
10104.775 1.1525e-16
10106.300 1.2019e-16
10107.825 1.2526e-16
10109.350 1.2523e-16
10110.875 1.2471e-16
10112.400 1.2288e-16
10113.925 1.2305e-16
10115.450 1.2114e-16
10116.975 1.219e-16
10118.500 1.2873e-16
10120.025 1.3193e-16
10121.550 1.3295e-16
10123.075 1.3446e-16
10124.600 1.3291e-16
10126.125 1.2767e-16
10127.650 1.2427e-16
10129.175 1.2345e-16
10130.700 1.2539e-16
10132.225 1.2786e-16
10133.750 1.3207e-16
10135.275 1.2962e-16
10136.800 1.2273e-16
10138.325 1.2107e-16
10139.850 1.2091e-16
10141.375 1.2726e-16
10142.900 1.3324e-16
10144.425 1.3077e-16
10145.950 1.2799e-16
10147.475 1.2957e-16
10149.000 1.3082e-16
10150.525 1.2764e-16
10152.050 1.2315e-16
10153.575 1.2128e-16
10155.100 1.1677e-16
10156.625 1.1877e-16
10158.150 1.2501e-16
10159.675 1.2315e-16
10161.200 1.1792e-16
10162.725 1.2267e-16
10164.250 1.3434e-16
10165.775 1.3194e-16
10167.300 1.1679e-16
10168.825 1.1285e-16
10170.350 1.2757e-16
10171.875 1.4775e-16
10173.400 1.4051e-16
10174.925 1.2684e-16
10176.450 1.2301e-16
10177.975 1.2284e-16
10179.500 1.1901e-16
10181.025 1.0933e-16
10182.550 1.1314e-16
10184.075 1.2217e-16
10185.600 1.2323e-16
10187.125 1.1119e-16
10188.650 1.1305e-16
10190.175 1.2843e-16
10191.700 1.2885e-16
10193.225 1.19e-16
10194.750 1.1648e-16
10196.275 1.2356e-16
10197.800 1.2947e-16
10199.325 1.291e-16
10200.850 1.2056e-16
10202.375 1.1678e-16
10203.900 1.2412e-16
10205.425 1.249e-16
10206.950 1.2051e-16
10208.475 1.2409e-16
10210.000 1.3234e-16
10211.525 1.3298e-16
10213.050 1.2572e-16
10214.575 1.2072e-16
10216.100 1.1732e-16
10217.625 1.1278e-16
10219.150 1.1324e-16
10220.675 1.1913e-16
10222.200 1.2982e-16
10223.725 1.3443e-16
10225.250 1.1901e-16
10226.775 1.0802e-16
10228.300 1.1822e-16
10229.825 1.2492e-16
10231.350 1.257e-16
10232.875 1.2814e-16
10234.400 1.182e-16
10235.925 1.1086e-16
10237.450 1.1635e-16
10238.975 1.1909e-16
10240.500 1.1933e-16
10242.025 1.1665e-16
10243.550 1.1998e-16
10245.075 1.263e-16
10246.600 1.1702e-16
10248.125 1.089e-16
10249.650 1.1361e-16
10251.175 1.1177e-16
10252.700 1.0269e-16
10254.225 1.0511e-16
10255.750 1.1027e-16
10257.275 1.1071e-16
10258.800 1.1279e-16
10260.325 1.2086e-16
10261.850 1.2631e-16
10263.375 1.109e-16
10264.900 1.0284e-16
10266.425 1.1242e-16
10267.950 1.12e-16
10269.475 1.1023e-16
10271.000 1.1111e-16
10272.525 1.042e-16
10274.050 9.8703e-17
10275.575 1.0395e-16
10277.100 1.0967e-16
10278.625 1.1303e-16
10280.150 1.1254e-16
10281.675 1.1278e-16
10283.200 1.124e-16
10284.725 9.2953e-17
10286.250 9.1627e-17
10287.775 1.0523e-16
10289.300 1.0166e-16
10290.825 8.8518e-17
10292.350 8.6191e-17
10293.875 9.7261e-17
10295.400 9.9218e-17
10296.925 9.4793e-17
10298.450 9.0045e-17
10299.975 8.1646e-17
10301.500 8.7336e-17
10303.025 9.9939e-17
10304.550 1.0703e-16
10306.075 1.1128e-16
10307.600 9.322e-17
10309.125 7.5729e-17
10310.650 8.7667e-17
10312.175 1.0288e-16
10313.700 8.739e-17
10315.225 8.757e-17
10316.750 1.0365e-16
10318.275 1.0246e-16
10319.800 1.1177e-16
10321.325 1.018e-16
10322.850 9.3187e-17
10324.375 9.6897e-17
10325.900 9.9475e-17
10327.425 9.9288e-17
10328.950 8.9163e-17
10330.475 8.6528e-17
10332.000 7.9255e-17
10333.525 7.8941e-17
10335.050 8.0654e-17
10336.575 7.4393e-17
10338.100 7.1398e-17
10339.625 6.9561e-17
10341.150 7.4089e-17
10342.675 7.6971e-17
10344.200 7.9342e-17
10345.725 8.6021e-17
10347.250 9.4993e-17
10348.775 9.9371e-17
10350.300 9.3421e-17
10351.825 9.4125e-17
10353.350 9.7949e-17
10354.875 9.3023e-17
10356.400 8.3396e-17
10357.925 7.8971e-17
10359.450 8.1018e-17
10360.975 7.9676e-17
10362.500 7.825e-17
10364.025 7.4079e-17
10365.550 6.9214e-17
10367.075 7.0393e-17
10368.600 7.6403e-17
10370.125 7.6631e-17
10371.650 6.2923e-17
10373.175 6.6856e-17
10374.700 8.3329e-17
10376.225 7.7732e-17
10377.750 6.914e-17
10379.275 7.4577e-17
10380.800 8.0898e-17
10382.325 8.2514e-17
10383.850 7.8314e-17
10385.375 6.866e-17
10386.900 6.2742e-17
10388.425 6.9451e-17
10389.950 8.0781e-17
10391.475 7.8454e-17
10393.000 6.8319e-17
10394.525 6.685e-17
10396.050 7.5024e-17
10397.575 8.1473e-17
10399.100 7.6283e-17
10400.625 6.7598e-17
10402.150 6.2936e-17
10403.675 6.134e-17
10405.200 6.1113e-17
10406.725 5.597e-17
10408.250 4.6817e-17
10409.775 5.0824e-17
10411.300 7.2136e-17
10412.825 8.1449e-17
10414.350 7.3475e-17
10415.875 7.0797e-17
10417.400 6.8159e-17
10418.925 5.9627e-17
10420.450 6.4018e-17
10421.975 7.0092e-17
10423.500 6.1343e-17
10425.025 5.6865e-17
10426.550 6.5958e-17
10428.075 6.6158e-17
10429.600 4.9058e-17
10431.125 3.9204e-17
10432.650 4.7171e-17
10434.175 6.6285e-17
10435.700 7.0172e-17
10437.225 5.9727e-17
10438.750 5.7159e-17
10440.275 5.4321e-17
10441.800 4.6356e-17
10443.325 4.5455e-17
10444.850 5.9373e-17
10446.375 7.1338e-17
10447.900 6.7858e-17
10449.425 6.5764e-17
10450.950 6.1043e-17
10452.475 4.6613e-17
10454.000 4.8781e-17
10455.525 5.6281e-17
10457.050 5.2992e-17
10458.575 4.5401e-17
10460.100 3.9574e-17
10461.625 3.2349e-17
10463.150 3.1191e-17
10464.675 4.0733e-17
10466.200 3.5397e-17
10467.725 2.9119e-17
10469.250 3.3867e-17
10470.775 3.2918e-17
10472.300 2.8025e-17
10473.825 2.4682e-17
10475.350 2.8619e-17
10476.875 3.544e-17
10478.400 4.3007e-17
10479.925 4.6363e-17
10481.450 4.8911e-17
10482.975 4.1985e-17
10484.500 3.1871e-17
10486.025 3.5417e-17
10487.550 3.1241e-17
10489.075 2.7028e-17
10490.600 2.9163e-17
10492.125 3.0004e-17
10493.650 3.0422e-17
10495.175 2.4886e-17
10496.700 2.3558e-17
10498.225 2.6518e-17
10499.750 2.326e-17
