3543.48 1.90373e-16
3545.66265462 1.88544e-16
3547.84530924 2.01328e-16
3550.02796386 2.13817e-16
3552.21061848 2.06353e-16
3554.3932731 1.94891e-16
3556.57592772 2.08799e-16
3558.75858233 1.98832e-16
3560.94123695 2.31431e-16
3563.12389157 1.99455e-16
3565.30654619 2.07207e-16
3567.48920081 1.89415e-16
3569.67185543 1.91367e-16
3571.85451005 2.00818e-16
3574.03716467 2.00012e-16
3576.21981929 2.14978e-16
3578.40247391 2.10701e-16
3580.58512853 2.54483e-16
3582.76778315 2.27657e-16
3584.95043777 2.23427e-16
3587.13309238 2.36432e-16
3589.315747 2.3715e-16
3591.49840162 2.09327e-16
3593.68105624 1.99201e-16
3595.86371086 2.1626e-16
3598.04636548 1.80723e-16
3600.2290201 1.99586e-16
3602.41167472 1.9927e-16
3604.59432934 1.99966e-16
3606.77698396 2.05728e-16
3608.95963858 2.17225e-16
3611.1422932 2.20815e-16
3613.32494781 2.24946e-16
3615.50760243 2.20696e-16
3617.69025705 2.08658e-16
3619.87291167 2.29709e-16
3622.05556629 2.08684e-16
3624.23822091 2.25322e-16
3626.42087553 2.1317e-16
3628.60353015 2.07905e-16
3630.78618477 2.08317e-16
3632.96883939 2.30182e-16
3635.15149401 2.22355e-16
3637.33414863 1.95456e-16
3639.51680325 1.98119e-16
3641.69945786 2.39978e-16
3643.88211248 2.30423e-16
3646.0647671 2.28247e-16
3648.24742172 2.35462e-16
3650.43007634 2.13231e-16
3652.61273096 2.21564e-16
3654.79538558 2.20835e-16
3656.9780402 2.21608e-16
3659.16069482 2.19859e-16
3661.34334944 2.04932e-16
3663.52600406 2.17314e-16
3665.70865868 2.16667e-16
3667.8913133 2.04099e-16
3670.07396791 2.06656e-16
3672.25662253 2.28402e-16
3674.43927715 2.22748e-16
3676.62193177 2.17381e-16
3678.80458639 2.17294e-16
3680.98724101 2.18465e-16
3683.16989563 2.29248e-16
3685.35255025 2.32148e-16
3687.53520487 2.36181e-16
3689.71785949 2.39228e-16
3691.90051411 2.1652e-16
3694.08316873 2.45455e-16
3696.26582335 2.37586e-16
3698.44847796 2.12947e-16
3700.63113258 2.02368e-16
3702.8137872 1.98135e-16
3704.99644182 2.16989e-16
3707.17909644 2.2938e-16
3709.36175106 2.40569e-16
3711.54440568 2.1174e-16
3713.7270603 1.90498e-16
3715.90971492 2.18571e-16
3718.09236954 2.36658e-16
3720.27502416 2.19311e-16
3722.45767878 2.29981e-16
3724.6403334 2.26729e-16
3726.82298801 2.20183e-16
3729.00564263 2.24439e-16
3731.18829725 2.1723e-16
3733.37095187 2.31036e-16
3735.55360649 2.17066e-16
3737.73626111 2.0293e-16
3739.91891573 2.4098e-16
3742.10157035 2.25978e-16
3744.28422497 1.97932e-16
3746.46687959 2.56653e-16
3748.64953421 2.21083e-16
3750.83218883 2.06663e-16
3753.01484344 2.22574e-16
3755.19749806 2.09001e-16
3757.38015268 2.22625e-16
3759.5628073 2.19957e-16
3761.74546192 2.08127e-16
3763.92811654 2.34353e-16
3766.11077116 1.88507e-16
3768.29342578 1.8774e-16
3770.4760804 2.07449e-16
3772.65873502 1.98146e-16
3774.84138964 2.13589e-16
3777.02404426 1.83628e-16
3779.20669888 1.95671e-16
3781.38935349 2.00618e-16
3783.57200811 2.11979e-16
3785.75466273 2.23061e-16
3787.93731735 2.08539e-16
3790.11997197 1.78728e-16
3792.30262659 2.18376e-16
3794.48528121 2.04513e-16
3796.66793583 2.04438e-16
3798.85059045 1.99363e-16
3801.03324507 2.06003e-16
3803.21589969 2.13318e-16
3805.39855431 2.0791e-16
3807.58120893 2.09623e-16
3809.76386354 2.00736e-16
3811.94651816 1.98246e-16
3814.12917278 2.02736e-16
3816.3118274 2.07032e-16
3818.49448202 2.1969e-16
3820.67713664 2.21339e-16
3822.85979126 2.02041e-16
3825.04244588 1.88964e-16
3827.2251005 1.9378e-16
3829.40775512 2.07347e-16
3831.59040974 2.00739e-16
3833.77306436 1.99373e-16
3835.95571898 1.98255e-16
3838.13837359 2.10931e-16
3840.32102821 2.15128e-16
3842.50368283 2.09777e-16
3844.68633745 2.03904e-16
3846.86899207 2.04662e-16
3849.05164669 1.93248e-16
3851.23430131 1.88942e-16
3853.41695593 1.81505e-16
3855.59961055 1.98109e-16
3857.78226517 1.76485e-16
3859.96491979 1.72464e-16
3862.14757441 1.86244e-16
3864.33022902 1.69696e-16
3866.51288364 1.80595e-16
3868.69553826 1.79261e-16
3870.87819288 1.78604e-16
3873.0608475 1.699e-16
3875.24350212 1.85343e-16
3877.42615674 2.0054e-16
3879.60881136 2.06709e-16
3881.79146598 1.9568e-16
3883.9741206 1.92866e-16
3886.15677522 1.92067e-16
3888.33942984 1.79751e-16
3890.52208446 1.75269e-16
3892.70473907 2.0474e-16
3894.88739369 1.91075e-16
3897.07004831 1.7803e-16
3899.25270293 1.82818e-16
3901.43535755 1.86773e-16
3903.61801217 1.94155e-16
3905.80066679 1.80592e-16
3907.98332141 1.80488e-16
3910.16597603 1.82379e-16
3912.34863065 1.86455e-16
3914.53128527 2.29749e-16
3916.71393989 2.21327e-16
3918.89659451 1.85361e-16
3921.07924912 1.79502e-16
3923.26190374 1.95832e-16
3925.44455836 1.96013e-16
3927.62721298 1.71737e-16
3929.8098676 1.75305e-16
3931.99252222 1.78047e-16
3934.17517684 1.61975e-16
3936.35783146 1.85737e-16
3938.54048608 1.85169e-16
3940.7231407 1.8375e-16
3942.90579532 1.83188e-16
3945.08844994 1.78738e-16
3947.27110456 1.84931e-16
3949.45375917 1.97153e-16
3951.63641379 1.96896e-16
3953.81906841 1.86622e-16
3956.00172303 1.88512e-16
3958.18437765 1.86336e-16
3960.36703227 1.72307e-16
3962.54968689 1.87198e-16
3964.73234151 1.99842e-16
3966.91499613 1.89663e-16
3969.09765075 1.82183e-16
3971.28030537 1.8669e-16
3973.46295999 2.06125e-16
3975.6456146 2.07713e-16
3977.82826922 1.98479e-16
3980.01092384 1.86674e-16
3982.19357846 1.83874e-16
3984.37623308 1.86272e-16
3986.5588877 1.82391e-16
3988.74154232 1.90607e-16
3990.92419694 1.8873e-16
3993.10685156 1.77899e-16
3995.28950618 1.95234e-16
3997.4721608 2.03685e-16
3999.65481542 1.75299e-16
4001.83747004 1.73761e-16
4004.02012465 1.95959e-16
4006.20277927 1.87273e-16
4008.38543389 2.00811e-16
4010.56808851 2.09818e-16
4012.75074313 1.7996e-16
4014.93339775 2.0724e-16
4017.11605237 2.25954e-16
4019.29870699 1.98888e-16
4021.48136161 2.06781e-16
4023.66401623 2.07843e-16
4025.84667085 1.87198e-16
4028.02932547 1.83857e-16
4030.21198009 1.87949e-16
4032.3946347 1.86487e-16
4034.57728932 1.89472e-16
4036.75994394 1.9371e-16
4038.94259856 1.91779e-16
4041.12525318 2.04183e-16
4043.3079078 2.11361e-16
4045.49056242 1.78115e-16
4047.67321704 2.02527e-16
4049.85587166 2.10633e-16
4052.03852628 1.89296e-16
4054.2211809 1.86176e-16
4056.40383552 1.79434e-16
4058.58649014 2.04804e-16
4060.76914475 1.87511e-16
4062.95179937 1.89523e-16
4065.13445399 1.72892e-16
4067.31710861 1.81521e-16
4069.49976323 1.77811e-16
4071.68241785 1.93707e-16
4073.86507247 1.93114e-16
4076.04772709 1.7217e-16
4078.23038171 1.80377e-16
4080.41303633 1.97383e-16
4082.59569095 1.82992e-16
4084.77834557 2.03048e-16
4086.96100019 2.11964e-16
4089.1436548 1.99865e-16
4091.32630942 1.82016e-16
4093.50896404 1.93339e-16
4095.69161866 1.83942e-16
4097.87427328 1.68688e-16
4100.0569279 1.82348e-16
4102.23958252 1.99312e-16
4104.42223714 1.88996e-16
4106.60489176 1.78566e-16
4108.78754638 1.53838e-16
4110.970201 1.88185e-16
4113.15285562 1.97481e-16
4115.33551023 1.95957e-16
4117.51816485 1.87754e-16
4119.70081947 1.77314e-16
4121.88347409 1.7566e-16
4124.06612871 1.8159e-16
4126.24878333 1.86003e-16
4128.43143795 1.68364e-16
4130.61409257 1.60919e-16
4132.79674719 1.78755e-16
4134.97940181 1.66022e-16
4137.16205643 1.71284e-16
4139.34471105 1.7776e-16
4141.52736567 1.67907e-16
4143.71002028 1.71531e-16
4145.8926749 1.7419e-16
4148.07532952 1.80705e-16
4150.25798414 1.6379e-16
4152.44063876 1.62684e-16
4154.62329338 1.63464e-16
4156.805948 1.81015e-16
4158.98860262 1.59655e-16
4161.17125724 1.54661e-16
4163.35391186 1.54654e-16
4165.53656648 1.55095e-16
4167.7192211 1.7193e-16
4169.90187572 1.56194e-16
4172.08453033 1.50034e-16
4174.26718495 1.57823e-16
4176.44983957 1.49983e-16
4178.63249419 1.38022e-16
4180.81514881 1.6418e-16
4182.99780343 1.76758e-16
4185.18045805 1.63448e-16
4187.36311267 1.56156e-16
4189.54576729 1.44032e-16
4191.72842191 1.50949e-16
4193.91107653 1.54034e-16
4196.09373115 1.44578e-16
4198.27638577 1.48459e-16
4200.45904038 1.63676e-16
4202.641695 1.59485e-16
4204.82434962 1.53121e-16
4207.00700424 1.64975e-16
4209.18965886 1.50589e-16
4211.37231348 1.43962e-16
4213.5549681 1.60534e-16
4215.73762272 1.66103e-16
4217.92027734 1.61899e-16
4220.10293196 1.65397e-16
4222.28558658 1.67996e-16
4224.4682412 1.61701e-16
4226.65089581 1.53091e-16
4228.83355043 1.5492e-16
4231.01620505 1.48808e-16
4233.19885967 1.67535e-16
4235.38151429 1.56168e-16
4237.56416891 1.4789e-16
4239.74682353 1.44275e-16
4241.92947815 1.35257e-16
4244.11213277 1.35139e-16
4246.29478739 1.29124e-16
4248.47744201 1.18536e-16
4250.66009663 1.32566e-16
4252.84275125 1.30304e-16
4255.02540586 1.28743e-16
4257.20806048 1.21985e-16
4259.3907151 1.34525e-16
4261.57336972 1.44738e-16
4263.75602434 1.61837e-16
4265.93867896 1.61315e-16
4268.12133358 1.57973e-16
4270.3039882 1.4144e-16
4272.48664282 1.40751e-16
4274.66929744 1.61825e-16
4276.85195206 1.6856e-16
4279.03460668 1.78083e-16
4281.2172613 1.57013e-16
4283.39991591 1.40346e-16
4285.58257053 1.51689e-16
4287.76522515 1.59178e-16
4289.94787977 1.65944e-16
4292.13053439 1.71553e-16
4294.31318901 1.80033e-16
4296.49584363 1.67175e-16
4298.67849825 1.55302e-16
4300.86115287 1.64598e-16
4303.04380749 1.65857e-16
4305.22646211 1.63229e-16
4307.40911673 1.46248e-16
4309.59177135 1.5784e-16
4311.77442596 1.6734e-16
4313.95708058 1.5603e-16
4316.1397352 1.37008e-16
4318.32238982 1.57183e-16
4320.50504444 1.68166e-16
4322.68769906 1.74157e-16
4324.87035368 1.67497e-16
4327.0530083 1.70436e-16
4329.23566292 1.78528e-16
4331.41831754 1.63845e-16
4333.60097216 1.58479e-16
4335.78362678 1.50309e-16
4337.96628139 1.50222e-16
4340.14893601 1.65331e-16
4342.33159063 1.64994e-16
4344.51424525 1.59355e-16
4346.69689987 1.62565e-16
4348.87955449 1.59107e-16
4351.06220911 1.59177e-16
4353.24486373 1.69906e-16
4355.42751835 1.66811e-16
4357.61017297 1.68671e-16
4359.79282759 1.68089e-16
4361.97548221 1.49667e-16
4364.15813683 1.35096e-16
4366.34079144 1.43555e-16
4368.52344606 1.55674e-16
4370.70610068 1.66265e-16
4372.8887553 1.60925e-16
4375.07140992 1.52074e-16
4377.25406454 1.33747e-16
4379.43671916 1.46648e-16
4381.61937378 1.57528e-16
4383.8020284 1.69612e-16
4385.98468302 1.71482e-16
4388.16733764 1.66412e-16
4390.34999226 1.56153e-16
4392.53264688 1.67815e-16
4394.71530149 1.52869e-16
4396.89795611 1.53052e-16
4399.08061073 1.65224e-16
4401.26326535 1.54244e-16
4403.44591997 1.53376e-16
4405.62857459 1.5444e-16
4407.81122921 1.56992e-16
4409.99388383 1.43455e-16
4412.17653845 1.57597e-16
4414.35919307 1.69326e-16
4416.54184769 1.60863e-16
4418.72450231 1.67078e-16
4420.90715693 1.71834e-16
4423.08981154 1.49464e-16
4425.27246616 1.55946e-16
4427.45512078 1.55757e-16
4429.6377754 1.40592e-16
4431.82043002 1.60408e-16
4434.00308464 1.52206e-16
4436.18573926 1.46667e-16
4438.36839388 1.45209e-16
4440.5510485 1.4562e-16
4442.73370312 1.55727e-16
4444.91635774 1.51748e-16
4447.09901236 1.44644e-16
4449.28166698 1.40168e-16
4451.46432159 1.41254e-16
4453.64697621 1.51116e-16
4455.82963083 1.53024e-16
4458.01228545 1.34659e-16
4460.19494007 1.41929e-16
4462.37759469 1.56041e-16
4464.56024931 1.37429e-16
4466.74290393 1.52144e-16
4468.92555855 1.50074e-16
4471.10821317 1.31369e-16
4473.29086779 1.41061e-16
4475.47352241 1.46286e-16
4477.65617702 1.62381e-16
4479.83883164 1.60794e-16
4482.02148626 1.41752e-16
4484.20414088 1.26364e-16
4486.3867955 1.40446e-16
4488.56945012 1.51129e-16
4490.75210474 1.65581e-16
4492.93475936 1.52065e-16
4495.11741398 1.35257e-16
4497.3000686 1.39176e-16
4499.48272322 1.51472e-16
4501.66537784 1.46125e-16
4503.84803246 1.30932e-16
4506.03068707 1.45711e-16
4508.21334169 1.42009e-16
4510.39599631 1.52009e-16
4512.57865093 1.48858e-16
4514.76130555 1.38886e-16
4516.94396017 1.38921e-16
4519.12661479 1.46719e-16
4521.30926941 1.33724e-16
4523.49192403 1.41942e-16
4525.67457865 1.55921e-16
4527.85723327 1.49743e-16
4530.03988789 1.47854e-16
4532.22254251 1.50963e-16
4534.40519712 1.48687e-16
4536.58785174 1.33494e-16
4538.77050636 1.34594e-16
4540.95316098 1.44864e-16
4543.1358156 1.38127e-16
4545.31847022 1.43618e-16
4547.50112484 1.31366e-16
4549.68377946 1.40344e-16
4551.86643408 1.28366e-16
4554.0490887 1.27825e-16
4556.23174332 1.402e-16
4558.41439794 1.32475e-16
4560.59705256 1.23307e-16
4562.77970717 1.36772e-16
4564.96236179 1.25618e-16
4567.14501641 1.38707e-16
4569.32767103 1.32491e-16
4571.51032565 1.38472e-16
4573.69298027 1.42183e-16
4575.87563489 1.39996e-16
4578.05828951 1.38853e-16
4580.24094413 1.35374e-16
4582.42359875 1.48326e-16
4584.60625337 1.45181e-16
4586.78890799 1.45657e-16
4588.9715626 1.43251e-16
4591.15421722 1.36596e-16
4593.33687184 1.29376e-16
4595.51952646 1.21555e-16
4597.70218108 1.22616e-16
4599.8848357 1.2591e-16
4602.06749032 1.35269e-16
4604.25014494 1.30692e-16
4606.43279956 1.50373e-16
4608.61545418 1.4306e-16
4610.7981088 1.34099e-16
4612.98076342 1.40095e-16
4615.16341804 1.52647e-16
4617.34607265 1.38764e-16
4619.52872727 1.48087e-16
4621.71138189 1.36469e-16
4623.89403651 1.39219e-16
4626.07669113 1.28427e-16
4628.25934575 1.20825e-16
4630.44200037 1.27728e-16
4632.62465499 1.27578e-16
4634.80730961 1.24101e-16
4636.98996423 1.3297e-16
4639.17261885 1.29269e-16
4641.35527347 1.36702e-16
4643.53792809 1.48796e-16
4645.7205827 1.48681e-16
4647.90323732 1.30074e-16
4650.08589194 1.31511e-16
4652.26854656 1.35683e-16
4654.45120118 1.3495e-16
4656.6338558 1.37795e-16
4658.81651042 1.33918e-16
4660.99916504 1.35343e-16
4663.18181966 1.32169e-16
4665.36447428 1.38308e-16
4667.5471289 1.37345e-16
4669.72978352 1.2771e-16
4671.91243814 1.33162e-16
4674.09509275 1.3902e-16
4676.27774737 1.38988e-16
4678.46040199 1.36939e-16
4680.64305661 1.38663e-16
4682.82571123 1.44588e-16
4685.00836585 1.53854e-16
4687.19102047 1.41391e-16
4689.37367509 1.34393e-16
4691.55632971 1.22372e-16
4693.73898433 1.23192e-16
4695.92163895 1.29598e-16
4698.10429357 1.19021e-16
4700.28694818 1.25277e-16
4702.4696028 1.43031e-16
4704.65225742 1.44397e-16
4706.83491204 1.40407e-16
4709.01756666 1.38242e-16
4711.20022128 1.34269e-16
4713.3828759 1.37593e-16
4715.56553052 1.34946e-16
4717.74818514 1.41547e-16
4719.93083976 1.416e-16
4722.11349438 1.28375e-16
4724.296149 1.42837e-16
4726.47880362 1.41893e-16
4728.66145823 1.28129e-16
4730.84411285 1.26185e-16
4733.02676747 1.26496e-16
4735.20942209 1.37499e-16
4737.39207671 1.32975e-16
4739.57473133 1.31526e-16
4741.75738595 1.24219e-16
4743.94004057 1.27641e-16
4746.12269519 1.26981e-16
4748.30534981 1.30947e-16
4750.48800443 1.35722e-16
4752.67065905 1.22645e-16
4754.85331367 1.29992e-16
4757.03596828 1.29707e-16
4759.2186229 1.26422e-16
4761.40127752 1.3482e-16
4763.58393214 1.3698e-16
4765.76658676 1.08255e-16
4767.94924138 1.1337e-16
4770.131896 1.26949e-16
4772.31455062 1.21047e-16
4774.49720524 1.29981e-16
4776.67985986 1.30267e-16
4778.86251448 1.30087e-16
4781.0451691 1.32433e-16
4783.22782372 1.37415e-16
4785.41047833 1.29377e-16
4787.59313295 1.28685e-16
4789.77578757 1.2512e-16
4791.95844219 1.25522e-16
4794.14109681 1.15436e-16
4796.32375143 1.17714e-16
4798.50640605 1.33557e-16
4800.68906067 1.31657e-16
4802.87171529 1.20118e-16
4805.05436991 1.22051e-16
4807.23702453 1.24342e-16
4809.41967915 1.24365e-16
4811.60233377 1.37276e-16
4813.78498838 1.27324e-16
4815.967643 1.1938e-16
4818.15029762 1.2914e-16
4820.33295224 1.23203e-16
4822.51560686 1.02464e-16
4824.69826148 1.23709e-16
4826.8809161 1.29046e-16
4829.06357072 1.34103e-16
4831.24622534 1.28625e-16
4833.42887996 1.03535e-16
4835.61153458 1.01626e-16
4837.7941892 1.01418e-16
4839.97684381 1.14303e-16
4842.15949843 1.05444e-16
4844.34215305 1.21732e-16
4846.52480767 1.2346e-16
4848.70746229 1.26069e-16
4850.89011691 1.16417e-16
4853.07277153 1.1566e-16
4855.25542615 1.1546e-16
4857.43808077 1.31302e-16
4859.62073539 1.13303e-16
4861.80339001 1.03099e-16
4863.98604463 1.05417e-16
4866.16869925 1.13297e-16
4868.35135386 1.24474e-16
4870.53400848 1.19003e-16
4872.7166631 1.09515e-16
4874.89931772 1.1042e-16
4877.08197234 1.20743e-16
4879.26462696 1.24532e-16
4881.44728158 1.05411e-16
4883.6299362 9.90546e-17
4885.81259082 1.23233e-16
4887.99524544 1.14249e-16
4890.17790006 1.06348e-16
4892.36055468 1.11321e-16
4894.5432093 1.27886e-16
4896.72586391 1.35462e-16
4898.90851853 1.07856e-16
4901.09117315 1.07152e-16
4903.27382777 1.19201e-16
4905.45648239 1.1329e-16
4907.63913701 1.28221e-16
4909.82179163 1.17412e-16
4912.00444625 1.05114e-16
4914.18710087 1.19832e-16
4916.36975549 1.25148e-16
4918.55241011 1.16567e-16
4920.73506473 1.058e-16
4922.91771935 1.13845e-16
4925.10037396 1.16995e-16
4927.28302858 1.04361e-16
4929.4656832 1.12262e-16
4931.64833782 1.07017e-16
4933.83099244 1.11096e-16
4936.01364706 1.17272e-16
4938.19630168 1.16035e-16
4940.3789563 1.18076e-16
4942.56161092 1.11698e-16
4944.74426554 1.12528e-16
4946.92692016 1.16193e-16
4949.10957478 1.05145e-16
4951.29222939 1.06241e-16
4953.47488401 1.17776e-16
4955.65753863 1.16585e-16
4957.84019325 1.0909e-16
4960.02284787 1.06433e-16
4962.20550249 1.05353e-16
4964.38815711 1.18714e-16
4966.57081173 1.19618e-16
4968.75346635 1.21643e-16
4970.93612097 1.2388e-16
4973.11877559 1.10674e-16
4975.30143021 1.02535e-16
4977.48408483 1.16681e-16
4979.66673944 1.19333e-16
4981.84939406 1.11105e-16
4984.03204868 1.21994e-16
4986.2147033 1.16737e-16
4988.39735792 1.13109e-16
4990.58001254 1.13496e-16
4992.76266716 1.05476e-16
4994.94532178 1.15792e-16
4997.1279764 1.15047e-16
4999.31063102 1.10522e-16
5001.49328564 1.15399e-16
5003.67594026 1.1337e-16
5005.85859488 1.07335e-16
5008.04124949 1.1206e-16
5010.22390411 1.18261e-16
5012.40655873 1.17743e-16
5014.58921335 1.11115e-16
5016.77186797 1.17276e-16
5018.95452259 1.19897e-16
5021.13717721 1.09619e-16
5023.31983183 1.10779e-16
5025.50248645 1.0677e-16
5027.68514107 1.10933e-16
5029.86779569 1.17954e-16
5032.05045031 1.08961e-16
5034.23310493 1.08874e-16
5036.41575954 1.17632e-16
5038.59841416 1.18738e-16
5040.78106878 1.104e-16
5042.9637234 1.06038e-16
5045.14637802 1.12333e-16
5047.32903264 1.19075e-16
5049.51168726 1.15318e-16
5051.69434188 1.066e-16
5053.8769965 1.14869e-16
5056.05965112 1.2149e-16
5058.24230574 1.2242e-16
5060.42496036 1.24251e-16
5062.60761497 1.18836e-16
5064.79026959 1.11395e-16
5066.97292421 1.19703e-16
5069.15557883 1.14823e-16
5071.33823345 1.14281e-16
5073.52088807 1.20546e-16
5075.70354269 1.1983e-16
5077.88619731 1.11614e-16
5080.06885193 1.14859e-16
5082.25150655 1.10953e-16
5084.43416117 1.00926e-16
5086.61681579 1.08476e-16
5088.79947041 1.03576e-16
5090.98212502 1.13705e-16
5093.16477964 1.12964e-16
5095.34743426 1.16745e-16
5097.53008888 1.15275e-16
5099.7127435 1.05906e-16
5101.89539812 1.08603e-16
5104.07805274 1.11695e-16
5106.26070736 1.19198e-16
5108.44336198 1.20596e-16
5110.6260166 1.07153e-16
5112.80867122 1.16614e-16
5114.99132584 1.06353e-16
5117.17398046 1.15578e-16
5119.35663507 1.15062e-16
5121.53928969 9.89505e-17
5123.72194431 1.08125e-16
5125.90459893 1.0687e-16
5128.08725355 1.20002e-16
5130.26990817 1.21691e-16
5132.45256279 1.03471e-16
5134.63521741 1.15569e-16
5136.81787203 9.92822e-17
5139.00052665 1.04872e-16
5141.18318127 1.0377e-16
5143.36583589 1.13289e-16
5145.54849051 1.16643e-16
5147.73114512 1.11682e-16
5149.91379974 1.09714e-16
5152.09645436 1.0382e-16
5154.27910898 1.11351e-16
5156.4617636 9.99477e-17
5158.64441822 1.00466e-16
5160.82707284 1.00185e-16
5163.00972746 1.06741e-16
5165.19238208 1.01225e-16
5167.3750367 9.56732e-17
5169.55769132 1.03784e-16
5171.74034594 9.91713e-17
5173.92300056 1.08351e-16
5176.10565517 1.09991e-16
5178.28830979 9.99094e-17
5180.47096441 1.01331e-16
5182.65361903 1.09074e-16
5184.83627365 1.08049e-16
5187.01892827 1.03144e-16
5189.20158289 9.32205e-17
5191.38423751 1.007e-16
5193.56689213 1.05366e-16
5195.74954675 1.09442e-16
5197.93220137 1.15077e-16
5200.11485599 1.0555e-16
5202.2975106 1.02926e-16
5204.48016522 1.01492e-16
5206.66281984 8.91986e-17
5208.84547446 9.60589e-17
5211.02812908 1.03003e-16
5213.2107837 1.05299e-16
5215.39343832 9.91698e-17
5217.57609294 1.09993e-16
5219.75874756 1.03778e-16
5221.94140218 9.73214e-17
5224.1240568 1.07677e-16
5226.30671142 1.01752e-16
5228.48936604 9.09775e-17
5230.67202065 9.10362e-17
5232.85467527 9.2554e-17
5235.03732989 9.31554e-17
5237.21998451 1.02007e-16
5239.40263913 1.03715e-16
5241.58529375 1.05685e-16
5243.76794837 1.0152e-16
5245.95060299 1.06403e-16
5248.13325761 9.83638e-17
5250.31591223 8.50794e-17
5252.49856685 9.74833e-17
5254.68122147 9.333e-17
5256.86387609 9.3534e-17
5259.0465307 9.11551e-17
5261.22918532 7.89247e-17
5263.41183994 9.41804e-17
5265.59449456 9.63877e-17
5267.77714918 9.17581e-17
5269.9598038 9.83023e-17
5272.14245842 1.00584e-16
5274.32511304 9.64801e-17
5276.50776766 9.41438e-17
5278.69042228 1.00385e-16
5280.8730769 1.08465e-16
5283.05573152 9.49127e-17
5285.23838614 8.71431e-17
5287.42104075 8.03524e-17
5289.60369537 8.67537e-17
5291.78634999 9.57414e-17
5293.96900461 9.13614e-17
5296.15165923 8.37901e-17
5298.33431385 9.4981e-17
5300.51696847 9.52736e-17
5302.69962309 8.73548e-17
5304.88227771 9.70521e-17
5307.06493233 1.06128e-16
5309.24758695 8.70727e-17
5311.43024157 8.68657e-17
5313.61289618 9.38467e-17
5315.7955508 8.84524e-17
5317.97820542 9.31795e-17
5320.16086004 9.07131e-17
5322.34351466 9.37576e-17
5324.52616928 9.79984e-17
5326.7088239 1.00657e-16
5328.89147852 8.77114e-17
5331.07413314 8.77696e-17
5333.25678776 8.69584e-17
5335.43944238 8.60703e-17
5337.622097 9.27677e-17
5339.80475162 1.01178e-16
5341.98740623 1.07943e-16
5344.17006085 1.03128e-16
5346.35271547 9.89298e-17
5348.53537009 9.21103e-17
5350.71802471 8.11495e-17
5352.90067933 8.90907e-17
5355.08333395 8.99359e-17
5357.26598857 9.17151e-17
5359.44864319 9.74501e-17
5361.63129781 8.75526e-17
5363.81395243 9.17226e-17
5365.99660705 9.37091e-17
5368.17926167 9.36202e-17
5370.36191628 1.02021e-16
5372.5445709 9.90421e-17
5374.72722552 9.36253e-17
5376.90988014 9.09701e-17
5379.09253476 9.40349e-17
5381.27518938 8.86193e-17
5383.457844 9.1617e-17
5385.64049862 9.8803e-17
5387.82315324 9.39522e-17
5390.00580786 9.97137e-17
5392.18846248 1.02717e-16
5394.3711171 9.79343e-17
5396.55377172 9.62177e-17
5398.73642633 9.38039e-17
5400.91908095 1.00043e-16
5403.10173557 9.24164e-17
5405.28439019 8.54238e-17
5407.46704481 8.82569e-17
5409.64969943 9.44741e-17
5411.83235405 9.64903e-17
5414.01500867 9.30306e-17
5416.19766329 9.02091e-17
5418.38031791 9.2458e-17
5420.56297253 1.03021e-16
5422.74562715 9.13941e-17
5424.92828176 9.129e-17
5427.11093638 8.80446e-17
5429.293591 9.37972e-17
5431.47624562 9.00654e-17
5433.65890024 9.26513e-17
5435.84155486 9.14201e-17
5438.02420948 9.78535e-17
5440.2068641 1.00647e-16
5442.38951872 9.25292e-17
5444.57217334 9.13643e-17
5446.75482796 9.94032e-17
5448.93748258 9.52815e-17
5451.1201372 9.70829e-17
5453.30279181 9.39097e-17
5455.48544643 8.61501e-17
5457.66810105 9.99981e-17
5459.85075567 1.04414e-16
5462.03341029 9.96502e-17
5464.21606491 9.53451e-17
5466.39871953 1.00217e-16
5468.58137415 1.03821e-16
5470.76402877 1.05977e-16
5472.94668339 9.77154e-17
5475.12933801 9.43561e-17
5477.31199263 9.92366e-17
5479.49464725 9.5323e-17
5481.67730186 9.81323e-17
5483.85995648 9.99977e-17
5486.0426111 8.564e-17
5488.22526572 8.82977e-17
5490.40792034 8.28566e-17
5492.59057496 8.48382e-17
5494.77322958 8.82672e-17
5496.9558842 8.72505e-17
5499.13853882 9.80737e-17
5501.32119344 1.03734e-16
5503.50384806 9.32352e-17
5505.68650268 9.02616e-17
5507.8691573 1.00345e-16
5510.05181191 8.77855e-17
5512.23446653 9.02939e-17
5514.41712115 9.97325e-17
5516.59977577 1.01335e-16
5518.78243039 8.78919e-17
5520.96508501 8.3119e-17
5523.14773963 8.79304e-17
5525.33039425 9.03597e-17
5527.51304887 8.82434e-17
5529.69570349 9.14969e-17
5531.87835811 8.9409e-17
5534.06101273 9.08698e-17
5536.24366735 8.73561e-17
5538.42632196 8.67851e-17
5540.60897658 8.36232e-17
5542.7916312 8.42935e-17
5544.97428582 1.01814e-16
5547.15694044 9.9367e-17
5549.33959506 8.60476e-17
5551.52224968 8.04446e-17
5553.7049043 9.67865e-17
5555.88755892 9.94053e-17
5558.07021354 9.22777e-17
5560.25286816 8.94076e-17
5562.43552278 8.6657e-17
5564.61817739 8.6866e-17
5566.80083201 8.70496e-17
5568.98348663 8.14551e-17
5571.16614125 6.72032e-17
5573.34879587 8.16071e-17
5575.53145049 8.54193e-17
5577.71410511 1.05893e-16
5579.89675973 1.12989e-16
5582.07941435 7.30169e-17
5584.26206897 8.37389e-17
5586.44472359 9.07359e-17
5588.62737821 8.61507e-17
5590.81003283 7.82203e-17
5592.99268744 7.79982e-17
5595.17534206 9.15779e-17
5597.35799668 8.31758e-17
5599.5406513 7.27876e-17
5601.72330592 7.59202e-17
5603.90596054 8.00258e-17
5606.08861516 8.64868e-17
5608.27126978 8.28918e-17
5610.4539244 7.73387e-17
5612.63657902 7.78629e-17
5614.81923364 7.1477e-17
5617.00188826 7.06288e-17
5619.18454288 7.55285e-17
5621.36719749 8.25704e-17
5623.54985211 8.46602e-17
5625.73250673 7.55993e-17
5627.91516135 7.83322e-17
5630.09781597 7.55194e-17
5632.28047059 7.85243e-17
5634.46312521 7.45794e-17
5636.64577983 7.87455e-17
5638.82843445 8.54841e-17
5641.01108907 8.05525e-17
5643.19374369 7.43494e-17
5645.37639831 7.023e-17
5647.55905293 7.84596e-17
5649.74170754 9.10892e-17
5651.92436216 7.62687e-17
5654.10701678 7.42702e-17
5656.2896714 7.34982e-17
5658.47232602 7.25546e-17
5660.65498064 7.7254e-17
5662.83763526 7.92534e-17
5665.02028988 7.8635e-17
5667.2029445 7.68618e-17
5669.38559912 7.5962e-17
5671.56825374 8.38568e-17
5673.75090836 7.94539e-17
5675.93356297 7.15463e-17
5678.11621759 6.93651e-17
5680.29887221 7.58433e-17
5682.48152683 8.36998e-17
5684.66418145 8.22597e-17
5686.84683607 7.3719e-17
5689.02949069 7.85263e-17
5691.21214531 6.77771e-17
5693.39479993 7.95816e-17
5695.57745455 7.6424e-17
5697.76010917 7.61008e-17
5699.94276379 7.72678e-17
5702.12541841 8.11948e-17
5704.30807302 7.63617e-17
5706.49072764 7.81904e-17
5708.67338226 6.68899e-17
5710.85603688 7.81191e-17
5713.0386915 7.4124e-17
5715.22134612 8.08874e-17
5717.40400074 8.45069e-17
5719.58665536 8.55615e-17
5721.76930998 6.91384e-17
5723.9519646 7.15561e-17
5726.13461922 7.45495e-17
5728.31727384 7.06426e-17
5730.49992846 7.95765e-17
5732.68258307 8.47253e-17
5734.86523769 7.72562e-17
5737.04789231 7.13308e-17
5739.23054693 7.44744e-17
5741.41320155 8.19626e-17
5743.59585617 8.62222e-17
5745.77851079 8.50259e-17
5747.96116541 8.14261e-17
5750.14382003 7.96365e-17
5752.32647465 7.72907e-17
5754.50912927 8.21102e-17
5756.69178389 8.42594e-17
5758.87443851 7.31581e-17
5761.05709312 7.6465e-17
5763.23974774 7.75473e-17
5765.42240236 7.10519e-17
5767.60505698 7.58761e-17
5769.7877116 6.92238e-17
5771.97036622 6.678e-17
5774.15302084 7.82249e-17
5776.33567546 8.36456e-17
5778.51833008 7.15659e-17
5780.7009847 7.96504e-17
5782.88363932 7.57514e-17
5785.06629394 7.15672e-17
5787.24894855 7.35503e-17
5789.43160317 8.67119e-17
5791.61425779 8.12334e-17
5793.79691241 7.71603e-17
5795.97956703 7.60593e-17
5798.16222165 7.87102e-17
5800.34487627 8.18441e-17
5802.52753089 8.79692e-17
5804.71018551 8.24125e-17
5806.89284013 7.06055e-17
5809.07549475 7.42006e-17
5811.25814937 7.55794e-17
5813.44080399 7.28471e-17
5815.6234586 7.7768e-17
5817.80611322 8.40648e-17
5819.98876784 7.87816e-17
5822.17142246 7.90364e-17
5824.35407708 7.38527e-17
5826.5367317 7.83936e-17
5828.71938632 8.37829e-17
5830.90204094 6.8135e-17
5833.08469556 7.46181e-17
5835.26735018 7.02925e-17
5837.4500048 7.69958e-17
5839.63265942 7.94575e-17
5841.81531404 7.85163e-17
5843.99796865 7.59949e-17
5846.18062327 7.87006e-17
5848.36327789 7.07332e-17
5850.54593251 8.09438e-17
5852.72858713 8.23245e-17
5854.91124175 6.91213e-17
5857.09389637 7.33764e-17
5859.27655099 6.90554e-17
5861.45920561 7.10296e-17
5863.64186023 8.06225e-17
5865.82451485 7.5921e-17
5868.00716947 6.52879e-17
5870.18982409 7.24413e-17
5872.3724787 7.55138e-17
5874.55513332 7.12842e-17
5876.73778794 6.65694e-17
5878.92044256 7.88511e-17
5881.10309718 8.25021e-17
5883.2857518 6.98703e-17
5885.46840642 6.53655e-17
5887.65106104 8.22057e-17
5889.83371566 6.77769e-17
5892.01637028 5.30335e-17
5894.1990249 5.81396e-17
5896.38167952 6.9641e-17
5898.56433414 8.13272e-17
5900.74698875 7.57483e-17
5902.92964337 6.41984e-17
5905.11229799 7.26473e-17
5907.29495261 7.18629e-17
5909.47760723 6.83824e-17
5911.66026185 7.22812e-17
5913.84291647 7.97205e-17
5916.02557109 7.19089e-17
5918.20822571 6.99594e-17
5920.39088033 7.33479e-17
5922.57353495 7.03316e-17
5924.75618957 6.46085e-17
5926.93884418 6.96294e-17
5929.1214988 6.79834e-17
5931.30415342 6.82526e-17
5933.48680804 6.82743e-17
5935.66946266 7.00296e-17
5937.85211728 6.9715e-17
5940.0347719 7.02796e-17
5942.21742652 7.82384e-17
5944.40008114 8.458e-17
5946.58273576 7.8192e-17
5948.76539038 7.03909e-17
5950.948045 6.63916e-17
5953.13069962 6.89163e-17
5955.31335423 7.63603e-17
5957.49600885 7.47396e-17
5959.67866347 6.81435e-17
5961.86131809 6.1264e-17
5964.04397271 6.63578e-17
5966.22662733 6.01399e-17
5968.40928195 5.8848e-17
5970.59193657 6.21937e-17
5972.77459119 6.12534e-17
5974.95724581 7.27951e-17
5977.13990043 7.44062e-17
5979.32255505 7.41836e-17
5981.50520967 6.15801e-17
5983.68786428 6.5696e-17
5985.8705189 6.63373e-17
5988.05317352 6.07201e-17
5990.23582814 5.92584e-17
5992.41848276 6.50691e-17
5994.60113738 6.75712e-17
5996.783792 7.04651e-17
5998.96644662 7.35204e-17
6001.14910124 6.57842e-17
6003.33175586 6.19502e-17
6005.51441048 6.78184e-17
6007.6970651 7.25105e-17
6009.87971972 7.41408e-17
6012.06237433 6.59381e-17
6014.24502895 6.94329e-17
6016.42768357 6.88378e-17
6018.61033819 6.2596e-17
6020.79299281 6.31866e-17
6022.97564743 6.19854e-17
6025.15830205 5.99018e-17
6027.34095667 5.33884e-17
6029.52361129 6.45823e-17
6031.70626591 6.94823e-17
6033.88892053 5.80862e-17
6036.07157515 6.82725e-17
6038.25422976 6.7438e-17
6040.43688438 6.34626e-17
6042.619539 5.60801e-17
6044.80219362 6.04716e-17
6046.98484824 6.89462e-17
6049.16750286 6.86804e-17
6051.35015748 6.56641e-17
6053.5328121 6.93603e-17
6055.71546672 6.12314e-17
6057.89812134 6.58455e-17
6060.08077596 7.44264e-17
6062.26343058 6.17226e-17
6064.4460852 6.04512e-17
6066.62873981 6.55973e-17
6068.81139443 6.53737e-17
6070.99404905 6.7336e-17
6073.17670367 6.78291e-17
6075.35935829 6.58474e-17
6077.54201291 6.54406e-17
6079.72466753 6.82281e-17
6081.90732215 7.61551e-17
6084.08997677 7.10079e-17
6086.27263139 5.76774e-17
6088.45528601 5.54434e-17
6090.63794063 6.81079e-17
6092.82059525 7.4036e-17
6095.00324986 6.62206e-17
6097.18590448 6.69444e-17
6099.3685591 7.25215e-17
6101.55121372 6.99127e-17
6103.73386834 6.80167e-17
6105.91652296 6.60699e-17
6108.09917758 7.39015e-17
6110.2818322 7.87507e-17
6112.46448682 6.54757e-17
6114.64714144 7.17032e-17
6116.82979606 7.94085e-17
6119.01245068 7.32647e-17
6121.1951053 7.35697e-17
6123.37775991 6.95574e-17
6125.56041453 6.9235e-17
6127.74306915 5.66371e-17
6129.92572377 6.15461e-17
6132.10837839 6.80197e-17
6134.29103301 6.50941e-17
6136.47368763 7.2246e-17
6138.65634225 6.78388e-17
6140.83899687 7.74307e-17
6143.02165149 7.89623e-17
6145.20430611 7.59353e-17
6147.38696073 7.43566e-17
6149.56961534 6.87479e-17
6151.75226996 7.05266e-17
6153.93492458 6.9294e-17
6156.1175792 7.0345e-17
6158.30023382 7.07683e-17
6160.48288844 6.85077e-17
6162.66554306 7.16133e-17
6164.84819768 7.11674e-17
6167.0308523 7.20887e-17
6169.21350692 7.24344e-17
6171.39616154 6.26341e-17
6173.57881616 6.87711e-17
6175.76147078 6.71407e-17
6177.94412539 6.1375e-17
6180.12678001 6.85796e-17
6182.30943463 7.20104e-17
6184.49208925 6.99823e-17
6186.67474387 6.68281e-17
6188.85739849 6.92457e-17
6191.04005311 7.65432e-17
6193.22270773 7.19139e-17
6195.40536235 6.62096e-17
6197.58801697 6.64694e-17
6199.77067159 5.69667e-17
6201.95332621 6.37325e-17
6204.13598083 7.55689e-17
6206.31863544 7.21715e-17
6208.50129006 7.1973e-17
6210.68394468 6.98447e-17
6212.8665993 6.7536e-17
6215.04925392 7.3588e-17
6217.23190854 6.57471e-17
6219.41456316 6.65537e-17
6221.59721778 6.92535e-17
6223.7798724 5.8514e-17
6225.96252702 5.96756e-17
6228.14518164 6.25846e-17
6230.32783626 7.14588e-17
6232.51049088 6.65835e-17
6234.69314549 6.22197e-17
6236.87580011 6.72818e-17
6239.05845473 6.66926e-17
6241.24110935 6.36176e-17
6243.42376397 6.04446e-17
6245.60641859 6.10802e-17
6247.78907321 5.91437e-17
6249.97172783 6.05463e-17
6252.15438245 5.6936e-17
6254.33703707 5.11636e-17
6256.51969169 6.8098e-17
6258.70234631 7.4425e-17
6260.88500093 6.21224e-17
6263.06765554 5.925e-17
6265.25031016 6.70884e-17
6267.43296478 6.94989e-17
6269.6156194 5.67977e-17
6271.79827402 5.68525e-17
6273.98092864 6.72651e-17
6276.16358326 6.29169e-17
6278.34623788 5.81247e-17
6280.5288925 5.79228e-17
6282.71154712 5.44576e-17
6284.89420174 6.0016e-17
6287.07685636 6.65244e-17
6289.25951097 5.93947e-17
6291.44216559 5.81273e-17
6293.62482021 5.27419e-17
6295.80747483 5.30118e-17
6297.99012945 6.81493e-17
6300.17278407 6.43141e-17
6302.35543869 5.14823e-17
6304.53809331 4.76241e-17
6306.72074793 5.84885e-17
6308.90340255 5.92951e-17
6311.08605717 5.44438e-17
6313.26871179 6.44717e-17
6315.45136641 6.23758e-17
6317.63402102 6.4024e-17
6319.81667564 6.01963e-17
6321.99933026 5.30881e-17
6324.18198488 6.0064e-17
6326.3646395 5.88409e-17
6328.54729412 4.4887e-17
6330.72994874 5.42822e-17
6332.91260336 6.11411e-17
6335.09525798 5.76686e-17
6337.2779126 5.96523e-17
6339.46056722 5.92288e-17
6341.64322184 5.69702e-17
6343.82587646 6.47949e-17
6346.00853107 6.41646e-17
6348.19118569 6.09987e-17
6350.37384031 5.94997e-17
6352.55649493 6.49415e-17
6354.73914955 6.50354e-17
6356.92180417 5.67455e-17
6359.10445879 5.17908e-17
6361.28711341 5.26141e-17
6363.46976803 5.58285e-17
6365.65242265 5.29051e-17
6367.83507727 5.8373e-17
6370.01773189 6.07743e-17
6372.20038651 5.90761e-17
6374.38304112 6.4351e-17
6376.56569574 6.03804e-17
6378.74835036 5.32531e-17
6380.93100498 5.70336e-17
6383.1136596 5.42043e-17
6385.29631422 6.00189e-17
6387.47896884 6.13455e-17
6389.66162346 5.64889e-17
6391.84427808 6.00052e-17
6394.0269327 5.55168e-17
6396.20958732 4.98586e-17
6398.39224194 5.89965e-17
6400.57489655 5.91406e-17
6402.75755117 5.72365e-17
6404.94020579 5.32198e-17
6407.12286041 5.48361e-17
6409.30551503 4.86167e-17
6411.48816965 4.44107e-17
6413.67082427 6.01597e-17
6415.85347889 6.03991e-17
6418.03613351 6.5743e-17
6420.21878813 6.60619e-17
6422.40144275 5.45436e-17
6424.58409737 5.06654e-17
6426.76675199 5.32937e-17
6428.9494066 5.61128e-17
6431.13206122 6.44897e-17
6433.31471584 6.09264e-17
6435.49737046 5.79067e-17
6437.68002508 4.99856e-17
6439.8626797 5.55598e-17
6442.04533432 5.65323e-17
6444.22798894 6.10991e-17
6446.41064356 6.27325e-17
6448.59329818 6.72209e-17
6450.7759528 6.16938e-17
6452.95860742 5.84645e-17
6455.14126204 5.90898e-17
6457.32391665 6.11883e-17
6459.50657127 5.40002e-17
6461.68922589 5.18554e-17
6463.87188051 5.93541e-17
6466.05453513 5.736e-17
6468.23718975 4.42722e-17
6470.41984437 5.6049e-17
6472.60249899 5.83537e-17
6474.78515361 5.45811e-17
6476.96780823 5.39529e-17
6479.15046285 6.14239e-17
6481.33311747 5.70898e-17
6483.51577209 5.13581e-17
6485.6984267 6.34607e-17
6487.88108132 6.63077e-17
6490.06373594 5.7386e-17
6492.24639056 6.2071e-17
6494.42904518 6.2201e-17
6496.6116998 5.31867e-17
6498.79435442 6.14013e-17
6500.97700904 6.2444e-17
6503.15966366 4.98464e-17
6505.34231828 5.94596e-17
6507.5249729 6.50653e-17
6509.70762752 5.82977e-17
6511.89028213 5.05635e-17
6514.07293675 5.81431e-17
6516.25559137 5.77643e-17
6518.43824599 5.56662e-17
6520.62090061 5.60126e-17
6522.80355523 5.58487e-17
6524.98620985 5.79996e-17
6527.16886447 5.87568e-17
6529.35151909 5.07865e-17
6531.53417371 5.25801e-17
6533.71682833 4.99314e-17
6535.89948295 5.09005e-17
6538.08213757 5.31147e-17
6540.26479218 5.62925e-17
6542.4474468 5.95942e-17
6544.63010142 5.57209e-17
6546.81275604 6.89936e-17
6548.99541066 5.82694e-17
6551.17806528 5.48853e-17
6553.3607199 5.42581e-17
6555.54337452 5.5328e-17
6557.72602914 6.38816e-17
6559.90868376 6.3593e-17
6562.09133838 6.02932e-17
6564.273993 6.18366e-17
6566.45664762 5.44126e-17
6568.63930223 6.10374e-17
6570.82195685 6.38199e-17
6573.00461147 5.79951e-17
6575.18726609 6.00433e-17
6577.36992071 5.1801e-17
6579.55257533 5.84962e-17
6581.73522995 6.12292e-17
6583.91788457 5.32093e-17
6586.10053919 5.88715e-17
6588.28319381 5.9411e-17
6590.46584843 5.39239e-17
6592.64850305 5.60999e-17
6594.83115767 6.2387e-17
6597.01381228 5.88709e-17
6599.1964669 5.10963e-17
6601.37912152 5.36509e-17
6603.56177614 6.0183e-17
6605.74443076 5.65074e-17
6607.92708538 4.43505e-17
6610.10974 5.49464e-17
6612.29239462 6.4083e-17
6614.47504924 5.9076e-17
6616.65770386 5.80141e-17
6618.84035848 6.25758e-17
6621.0230131 5.43091e-17
6623.20566772 5.556e-17
6625.38832233 5.94189e-17
6627.57097695 5.00129e-17
6629.75363157 5.23526e-17
6631.93628619 4.97262e-17
6634.11894081 4.79906e-17
6636.30159543 4.99018e-17
6638.48425005 5.26116e-17
6640.66690467 5.46378e-17
6642.84955929 5.14127e-17
6645.03221391 5.26295e-17
6647.21486853 4.82009e-17
6649.39752315 4.7888e-17
6651.58017776 3.99808e-17
6653.76283238 4.91549e-17
6655.945487 4.95864e-17
6658.12814162 5.46578e-17
6660.31079624 5.4641e-17
6662.49345086 5.17216e-17
6664.67610548 5.44678e-17
6666.8587601 5.7674e-17
6669.04141472 5.86782e-17
6671.22406934 4.72497e-17
6673.40672396 4.78353e-17
6675.58937858 4.72893e-17
6677.7720332 5.31924e-17
6679.95468781 4.85168e-17
6682.13734243 5.22994e-17
6684.31999705 4.78649e-17
6686.50265167 4.85405e-17
6688.68530629 5.04378e-17
6690.86796091 6.00547e-17
6693.05061553 5.89519e-17
6695.23327015 5.09661e-17
6697.41592477 5.08818e-17
6699.59857939 5.03289e-17
6701.78123401 5.10413e-17
6703.96388863 4.75134e-17
6706.14654325 5.274e-17
6708.32919786 5.74619e-17
6710.51185248 5.85121e-17
6712.6945071 5.40207e-17
6714.87716172 5.45145e-17
6717.05981634 5.64646e-17
6719.24247096 5.15622e-17
6721.42512558 5.62691e-17
6723.6077802 5.41542e-17
6725.79043482 5.4368e-17
6727.97308944 5.71041e-17
6730.15574406 5.65102e-17
6732.33839868 4.71086e-17
6734.5210533 4.79545e-17
6736.70370791 4.84054e-17
6738.88636253 5.17587e-17
6741.06901715 5.24663e-17
6743.25167177 4.58301e-17
6745.43432639 4.78125e-17
6747.61698101 5.33114e-17
6749.79963563 5.27556e-17
6751.98229025 5.09649e-17
6754.16494487 4.99046e-17
6756.34759949 5.25259e-17
6758.53025411 6.46156e-17
6760.71290873 6.18142e-17
6762.89556334 5.50987e-17
6765.07821796 5.16836e-17
6767.26087258 5.73842e-17
6769.4435272 6.28186e-17
6771.62618182 5.55708e-17
6773.80883644 4.66298e-17
6775.99149106 4.19308e-17
6778.17414568 4.57998e-17
6780.3568003 5.37012e-17
6782.53945492 5.09578e-17
6784.72210954 4.55827e-17
6786.90476416 5.27501e-17
6789.08741878 5.51505e-17
6791.27007339 5.43671e-17
6793.45272801 5.43073e-17
6795.63538263 5.43168e-17
6797.81803725 5.20976e-17
6800.00069187 4.88968e-17
6802.18334649 5.43709e-17
6804.36600111 6.13209e-17
6806.54865573 6.74919e-17
6808.73131035 5.48739e-17
6810.91396497 4.21707e-17
6813.09661959 5.52602e-17
6815.27927421 5.44424e-17
6817.46192883 5.02054e-17
6819.64458344 5.72336e-17
6821.82723806 5.79288e-17
6824.00989268 6.2754e-17
6826.1925473 6.24637e-17
6828.37520192 6.04422e-17
6830.55785654 6.65995e-17
6832.74051116 5.70184e-17
6834.92316578 5.13993e-17
6837.1058204 4.92582e-17
6839.28847502 4.80759e-17
6841.47112964 5.3574e-17
6843.65378426 6.04918e-17
6845.83643888 5.83197e-17
6848.01909349 5.00934e-17
6850.20174811 5.88697e-17
6852.38440273 6.54389e-17
6854.56705735 6.56583e-17
6856.74971197 5.8239e-17
6858.93236659 5.31758e-17
6861.11502121 5.36464e-17
6863.29767583 4.64152e-17
6865.48033045 5.18168e-17
6867.66298507 5.56051e-17
6869.84563969 4.78132e-17
6872.02829431 5.03298e-17
6874.21094892 4.85854e-17
6876.39360354 5.59815e-17
6878.57625816 4.94518e-17
6880.75891278 5.57743e-17
6882.9415674 5.11317e-17
6885.12422202 4.95091e-17
6887.30687664 5.00759e-17
6889.48953126 4.99715e-17
6891.67218588 4.90877e-17
6893.8548405 4.97473e-17
6896.03749512 5.45084e-17
6898.22014974 4.71483e-17
6900.40280436 4.85219e-17
6902.58545897 5.16845e-17
6904.76811359 5.0812e-17
6906.95076821 4.48853e-17
6909.13342283 5.4937e-17
6911.31607745 4.95546e-17
6913.49873207 4.70014e-17
6915.68138669 5.35036e-17
6917.86404131 5.77375e-17
6920.04669593 5.74904e-17
6922.22935055 5.78878e-17
6924.41200517 6.19569e-17
6926.59465979 5.79073e-17
6928.77731441 5.37941e-17
6930.95996902 5.24817e-17
6933.14262364 4.68793e-17
6935.32527826 4.62807e-17
6937.50793288 5.02841e-17
6939.6905875 6.00583e-17
6941.87324212 5.06457e-17
6944.05589674 4.77795e-17
6946.23855136 5.10111e-17
6948.42120598 5.62104e-17
6950.6038606 5.56149e-17
6952.78651522 4.88505e-17
6954.96916984 5.08894e-17
6957.15182446 6.12584e-17
6959.33447907 5.85237e-17
6961.51713369 5.20536e-17
6963.69978831 4.33594e-17
6965.88244293 5.27567e-17
6968.06509755 5.34426e-17
6970.24775217 5.21421e-17
6972.43040679 4.98423e-17
6974.61306141 4.64099e-17
6976.79571603 3.95129e-17
6978.97837065 4.45505e-17
6981.16102527 5.81665e-17
6983.34367989 5.29584e-17
6985.52633451 4.40291e-17
6987.70898912 5.40377e-17
6989.89164374 4.3346e-17
6992.07429836 4.34787e-17
6994.25695298 4.38227e-17
6996.4396076 4.41131e-17
6998.62226222 5.46705e-17
7000.80491684 5.00406e-17
7002.98757146 4.39923e-17
7005.17022608 3.84485e-17
7007.3528807 3.51174e-17
7009.53553532 5.11052e-17
7011.71818994 5.39263e-17
7013.90084455 4.03282e-17
7016.08349917 3.82689e-17
7018.26615379 5.29106e-17
7020.44880841 5.09233e-17
7022.63146303 5.15102e-17
7024.81411765 4.19888e-17
7026.99677227 4.09552e-17
7029.17942689 4.85387e-17
7031.36208151 5.21336e-17
7033.54473613 4.92474e-17
7035.72739075 4.2055e-17
7037.91004537 4.77505e-17
7040.09269999 3.72951e-17
7042.2753546 4.35137e-17
7044.45800922 4.16647e-17
7046.64066384 4.75052e-17
7048.82331846 4.88186e-17
7051.00597308 3.92903e-17
7053.1886277 4.37468e-17
7055.37128232 5.27312e-17
7057.55393694 4.78739e-17
7059.73659156 4.88635e-17
7061.91924618 4.55306e-17
7064.1019008 4.16852e-17
7066.28455542 4.32513e-17
7068.46721004 4.10688e-17
7070.64986465 4.30554e-17
7072.83251927 4.52804e-17
7075.01517389 4.64808e-17
7077.19782851 4.00828e-17
7079.38048313 3.46704e-17
7081.56313775 4.0281e-17
7083.74579237 5.09219e-17
7085.92844699 4.31302e-17
7088.11110161 3.68807e-17
7090.29375623 3.9505e-17
7092.47641085 4.95781e-17
7094.65906547 4.60052e-17
7096.84172009 3.81154e-17
7099.0243747 4.37856e-17
7101.20702932 4.82637e-17
7103.38968394 4.8374e-17
7105.57233856 4.5216e-17
7107.75499318 3.82371e-17
7109.9376478 4.14522e-17
7112.12030242 5.01388e-17
7114.30295704 3.99426e-17
7116.48561166 4.04648e-17
7118.66826628 4.69271e-17
7120.8509209 4.49979e-17
7123.03357552 4.99564e-17
7125.21623013 5.18951e-17
7127.39888475 4.55565e-17
7129.58153937 3.99242e-17
7131.76419399 4.96709e-17
7133.94684861 5.56915e-17
7136.12950323 5.15071e-17
7138.31215785 5.23564e-17
7140.49481247 4.42682e-17
7142.67746709 3.9305e-17
7144.86012171 4.70078e-17
7147.04277633 5.40283e-17
7149.22543095 4.74028e-17
7151.40808557 4.37965e-17
7153.59074018 4.6099e-17
7155.7733948 5.3587e-17
7157.95604942 5.02801e-17
7160.13870404 5.48342e-17
7162.32135866 4.32237e-17
7164.50401328 4.97077e-17
7166.6866679 5.6277e-17
7168.86932252 4.40446e-17
7171.05197714 4.26446e-17
7173.23463176 4.75758e-17
7175.41728638 4.08116e-17
7177.599941 3.18448e-17
7179.78259562 3.81907e-17
7181.96525023 4.60153e-17
7184.14790485 4.44504e-17
7186.33055947 4.31962e-17
7188.51321409 4.36882e-17
7190.69586871 5.03808e-17
7192.87852333 4.89347e-17
7195.06117795 4.72275e-17
7197.24383257 5.29528e-17
7199.42648719 5.32317e-17
7201.60914181 4.11399e-17
7203.79179643 3.34629e-17
7205.97445105 4.59954e-17
7208.15710567 4.61376e-17
7210.33976028 5.82803e-17
7212.5224149 5.41695e-17
7214.70506952 5.23516e-17
7216.88772414 5.08777e-17
7219.07037876 4.71158e-17
7221.25303338 4.73094e-17
7223.435688 4.93494e-17
7225.61834262 5.14938e-17
7227.80099724 4.35481e-17
7229.98365186 4.79251e-17
7232.16630648 4.94781e-17
7234.3489611 4.71405e-17
7236.53161571 5.17128e-17
7238.71427033 4.60611e-17
7240.89692495 5.17128e-17
7243.07957957 3.83569e-17
7245.26223419 3.81985e-17
7247.44488881 5.04744e-17
7249.62754343 4.54245e-17
7251.81019805 3.89542e-17
7253.99285267 4.15816e-17
7256.17550729 4.5307e-17
7258.35816191 4.87055e-17
7260.54081653 5.21352e-17
7262.72347115 4.24781e-17
7264.90612576 4.9457e-17
7267.08878038 3.83999e-17
7269.271435 3.07427e-17
7271.45408962 3.43516e-17
7273.63674424 4.47449e-17
7275.81939886 4.69961e-17
7278.00205348 5.92301e-17
7280.1847081 4.86038e-17
7282.36736272 4.55853e-17
7284.55001734 5.76451e-17
7286.73267196 5.17486e-17
7288.91532658 4.09313e-17
7291.0979812 4.36121e-17
7293.28063581 4.7551e-17
7295.46329043 4.49513e-17
7297.64594505 5.06524e-17
7299.82859967 4.69367e-17
7302.01125429 5.09104e-17
7304.19390891 4.56224e-17
7306.37656353 3.97839e-17
7308.55921815 4.36682e-17
7310.74187277 3.66316e-17
7312.92452739 4.32818e-17
7315.10718201 5.8244e-17
7317.28983663 4.99826e-17
7319.47249125 4.137e-17
7321.65514586 3.67328e-17
7323.83780048 4.70997e-17
7326.0204551 3.92789e-17
7328.20310972 3.00507e-17
7330.38576434 3.92052e-17
7332.56841896 4.21766e-17
7334.75107358 4.49665e-17
7336.9337282 4.74876e-17
7339.11638282 3.96064e-17
7341.29903744 4.72961e-17
7343.48169206 5.1982e-17
7345.66434668 4.33635e-17
7347.8470013 4.9011e-17
7350.02965591 5.60644e-17
7352.21231053 4.27412e-17
7354.39496515 3.40845e-17
7356.57761977 4.53612e-17
7358.76027439 5.23262e-17
7360.94292901 5.32075e-17
7363.12558363 5.4073e-17
7365.30823825 4.49377e-17
7367.49089287 3.74938e-17
7369.67354749 4.62782e-17
7371.85620211 4.77309e-17
7374.03885673 3.7776e-17
7376.22151134 2.92761e-17
7378.40416596 3.27044e-17
7380.58682058 4.15414e-17
7382.7694752 4.18463e-17
7384.95212982 4.03866e-17
7387.13478444 3.76622e-17
7389.31743906 3.41681e-17
7391.50009368 4.12793e-17
7393.6827483 4.27868e-17
7395.86540292 4.08172e-17
7398.04805754 4.14577e-17
7400.23071216 3.79398e-17
7402.41336678 4.90946e-17
7404.59602139 3.58992e-17
7406.77867601 4.33456e-17
7408.96133063 4.26577e-17
7411.14398525 4.11595e-17
7413.32663987 4.85564e-17
7415.50929449 4.19111e-17
7417.69194911 4.26467e-17
7419.87460373 4.62134e-17
7422.05725835 4.77232e-17
7424.23991297 3.6337e-17
7426.42256759 3.75635e-17
7428.60522221 3.03683e-17
7430.78787683 4.18854e-17
7432.97053144 4.551e-17
7435.15318606 3.2555e-17
7437.33584068 4.09973e-17
7439.5184953 3.77794e-17
7441.70114992 4.04407e-17
7443.88380454 4.71281e-17
7446.06645916 4.00799e-17
7448.24911378 4.08478e-17
7450.4317684 3.7412e-17
7452.61442302 3.91392e-17
7454.79707764 4.85483e-17
7456.97973226 4.33738e-17
7459.16238688 4.75619e-17
7461.34504149 4.88825e-17
7463.52769611 4.25646e-17
7465.71035073 4.11803e-17
7467.89300535 4.94346e-17
7470.07565997 4.78509e-17
7472.25831459 4.73274e-17
7474.44096921 4.32839e-17
7476.62362383 4.2812e-17
7478.80627845 4.61751e-17
7480.98893307 2.65646e-17
7483.17158769 3.68576e-17
7485.35424231 4.2493e-17
7487.53689692 4.12137e-17
7489.71955154 4.68239e-17
7491.90220616 4.03229e-17
7494.08486078 4.70154e-17
7496.2675154 4.66776e-17
7498.45017002 5.01433e-17
7500.63282464 3.85616e-17
7502.81547926 3.43084e-17
7504.99813388 3.24262e-17
7507.1807885 3.62081e-17
7509.36344312 4.38997e-17
7511.54609774 4.08006e-17
7513.72875236 4.71494e-17
7515.91140697 3.70596e-17
7518.09406159 4.03536e-17
7520.27671621 4.78665e-17
7522.45937083 4.34661e-17
7524.64202545 3.34094e-17
7526.82468007 4.23857e-17
7529.00733469 5.56792e-17
7531.18998931 3.75505e-17
7533.37264393 3.94543e-17
7535.55529855 4.26524e-17
7537.73795317 4.89632e-17
7539.92060779 4.25367e-17
7542.10326241 3.86899e-17
7544.28591702 4.24483e-17
7546.46857164 3.97172e-17
7548.65122626 4.37513e-17
7550.83388088 3.68775e-17
7553.0165355 5.07897e-17
7555.19919012 6.13161e-17
7557.38184474 5.22027e-17
7559.56449936 5.0196e-17
7561.74715398 5.42712e-17
7563.9298086 4.98879e-17
7566.11246322 4.5552e-17
7568.29511784 5.59498e-17
7570.47777246 4.97766e-17
7572.66042707 4.97649e-17
7574.84308169 5.35967e-17
7577.02573631 3.90035e-17
7579.20839093 3.95374e-17
7581.39104555 4.71841e-17
7583.57370017 5.57699e-17
7585.75635479 5.13659e-17
7587.93900941 4.31893e-17
7590.12166403 5.04775e-17
7592.30431865 4.46822e-17
7594.48697327 4.03606e-17
7596.66962789 2.91325e-17
7598.85228251 2.58925e-17
7601.03493712 1.96619e-17
7603.21759174 2.15785e-17
7605.40024636 2.42376e-17
7607.58290098 2.02378e-17
7609.7655556 1.83035e-17
7611.94821022 1.79e-17
7614.13086484 2.73562e-17
7616.31351946 3.39556e-17
7618.49617408 3.79115e-17
7620.6788287 3.91667e-17
7622.86148332 3.12306e-17
7625.04413794 3.08596e-17
7627.22679255 2.50338e-17
7629.40944717 2.10491e-17
7631.59210179 2.27198e-17
7633.77475641 3.38251e-17
7635.95741103 2.92571e-17
7638.14006565 3.3968e-17
7640.32272027 3.32827e-17
7642.50537489 2.51361e-17
7644.68802951 2.3974e-17
7646.87068413 3.32665e-17
7649.05333875 3.11694e-17
7651.23599337 4.27817e-17
7653.41864799 3.82401e-17
7655.6013026 3.95306e-17
7657.78395722 3.22626e-17
7659.96661184 4.58389e-17
7662.14926646 4.13277e-17
7664.33192108 3.19407e-17
7666.5145757 4.00023e-17
7668.69723032 4.06358e-17
7670.87988494 4.49759e-17
7673.06253956 3.9464e-17
7675.24519418 3.90922e-17
7677.4278488 3.52718e-17
7679.61050342 2.99573e-17
7681.79315804 2.77615e-17
7683.97581265 3.98517e-17
7686.15846727 4.03387e-17
7688.34112189 3.98586e-17
7690.52377651 3.37914e-17
7692.70643113 4.55559e-17
7694.88908575 5.09984e-17
7697.07174037 4.38669e-17
7699.25439499 4.5112e-17
7701.43704961 5.15536e-17
7703.61970423 4.12741e-17
7705.80235885 3.50893e-17
7707.98501347 3.6639e-17
7710.16766809 3.52725e-17
7712.3503227 3.39401e-17
7714.53297732 5.5603e-17
7716.71563194 3.41107e-17
7718.89828656 2.60285e-17
7721.08094118 3.49284e-17
7723.2635958 4.08233e-17
7725.44625042 3.42297e-17
7727.62890504 3.75542e-17
7729.81155966 3.1791e-17
7731.99421428 3.39393e-17
7734.1768689 3.29617e-17
7736.35952352 4.04991e-17
7738.54217813 4.32347e-17
7740.72483275 3.20077e-17
7742.90748737 3.16447e-17
7745.09014199 2.68545e-17
7747.27279661 4.28493e-17
7749.45545123 4.27364e-17
7751.63810585 3.93331e-17
7753.82076047 4.10554e-17
7756.00341509 3.08509e-17
7758.18606971 3.69852e-17
7760.36872433 4.0562e-17
7762.55137895 3.44779e-17
7764.73403357 3.80702e-17
7766.91668818 4.18958e-17
7769.0993428 3.921e-17
7771.28199742 5.00972e-17
7773.46465204 3.68676e-17
7775.64730666 2.43368e-17
7777.82996128 3.40433e-17
7780.0126159 4.73165e-17
7782.19527052 3.27685e-17
7784.37792514 3.83157e-17
7786.56057976 3.48117e-17
7788.74323438 3.72574e-17
7790.925889 5.62875e-17
7793.10854362 3.66252e-17
7795.29119823 2.4991e-17
7797.47385285 4.36875e-17
7799.65650747 3.57263e-17
7801.83916209 4.5376e-18
7804.02181671 3.20506e-17
7806.20447133 3.59892e-17
7808.38712595 4.52454e-17
7810.56978057 4.06375e-17
7812.75243519 3.58043e-17
7814.93508981 3.22303e-17
7817.11774443 3.43893e-17
7819.30039905 4.18159e-17
7821.48305367 4.36102e-17
7823.66570828 5.65186e-17
7825.8483629 4.15698e-17
7828.03101752 3.83149e-17
7830.21367214 3.87084e-17
7832.39632676 4.91991e-17
7834.57898138 5.14334e-17
7836.761636 4.06117e-17
7838.94429062 2.15245e-17
7841.12694524 3.86556e-17
7843.30959986 4.60265e-17
7845.49225448 3.86044e-17
7847.6749091 3.6498e-17
7849.85756371 6.93286e-18
7852.04021833 2.27864e-17
7854.22287295 3.26489e-17
7856.40552757 2.7848e-17
7858.58818219 3.79908e-17
7860.77083681 3.87134e-17
7862.95349143 3.90745e-17
7865.13614605 4.64808e-17
7867.31880067 4.60411e-17
7869.50145529 5.4913e-17
7871.68410991 4.98467e-17
7873.86676453 5.0897e-17
7876.04941915 4.4934e-17
7878.23207376 3.38163e-17
7880.41472838 5.1758e-17
7882.597383 2.97109e-17
7884.78003762 5.19022e-17
7886.96269224 4.3861e-17
7889.14534686 4.1659e-17
7891.32800148 4.04475e-17
7893.5106561 4.44294e-17
7895.69331072 5.83508e-17
7897.87596534 5.3308e-17
7900.05861996 3.92522e-17
7902.24127458 4.66472e-17
7904.4239292 5.11294e-17
7906.60658381 4.2121e-17
7908.78923843 5.09555e-17
7910.97189305 4.39454e-17
7913.15454767 5.17047e-17
7915.33720229 6.84897e-17
7917.51985691 4.78694e-17
7919.70251153 3.59483e-17
7921.88516615 4.81806e-17
7924.06782077 3.19653e-17
7926.25047539 3.07379e-17
7928.43313001 5.21348e-17
7930.61578463 4.69457e-17
7932.79843925 4.68519e-17
7934.98109386 4.86323e-17
7937.16374848 4.82829e-17
7939.3464031 5.62759e-17
7941.52905772 5.42933e-17
7943.71171234 5.32738e-17
7945.89436696 5.1809e-17
7948.07702158 4.14774e-17
7950.2596762 4.657e-17
7952.44233082 4.73067e-17
7954.62498544 4.15977e-17
7956.80764006 4.4549e-17
7958.99029468 3.99751e-17
7961.1729493 3.13132e-17
7963.35560391 2.67395e-17
7965.53825853 4.17567e-17
7967.72091315 6.36057e-17
7969.90356777 5.96775e-17
7972.08622239 5.28234e-17
7974.26887701 4.78687e-17
7976.45153163 6.24904e-17
7978.63418625 5.13576e-17
7980.81684087 4.34789e-17
7982.99949549 5.82981e-17
7985.18215011 3.84436e-17
7987.36480473 4.26857e-17
7989.54745934 4.01197e-17
7991.73011396 3.4346e-17
7993.91276858 3.77028e-17
7996.0954232 4.35573e-17
7998.27807782 4.51525e-17
