3400.0 5.3929e-17
3401.525 4.1721e-18
3403.05 -1.4222e-17
3404.575 -6.561e-17
3406.1 1.7705e-16
3407.625 7.05e-17
3409.15 -3.6435e-17
3410.675 3.0457e-17
3412.2 1.7662e-16
3413.725 8.9777e-17
3415.25 9.5499e-17
3416.775 5.779e-17
3418.3 8.3693e-18
3419.825 -2.1286e-17
3421.35 2.4762e-17
3422.875 6.7194e-17
3424.4 9.7187e-17
3425.925 1.4254e-16
3427.45 -3.5668e-18
3428.975 -1.8827e-17
3430.5 1.8436e-17
3432.025 1.7389e-16
3433.55 2.1871e-16
3435.075 1.7285e-16
3436.6 1.9344e-17
3438.125 1.1458e-16
3439.65 9.6721e-17
3441.175 1.1598e-16
3442.7 7.8995e-17
3444.225 4.0347e-17
3445.75 5.1659e-17
3447.275 -2.4797e-17
3448.8 2.2046e-19
3450.325 1.3754e-16
3451.85 1.17e-16
3453.375 1.6969e-16
3454.9 -2.7385e-17
3456.425 9.8517e-17
3457.95 -8.1249e-18
3459.475 -6.5506e-17
3461.0 -3.8114e-17
3462.525 1.04e-17
3464.05 4.7302e-17
3465.575 9.4894e-17
3467.1 1.4642e-16
3468.625 1.0933e-16
3470.15 9.7036e-17
3471.675 9.2608e-17
3473.2 1.7101e-17
3474.725 -2.9363e-17
3476.25 1.5208e-17
3477.775 8.2763e-17
3479.3 1.3228e-16
3480.825 1.0869e-16
3482.35 7.9386e-17
3483.875 7.4395e-17
3485.4 1.3942e-16
3486.925 1.8321e-16
3488.45 6.8879e-17
3489.975 -2.8722e-18
3491.5 6.6733e-17
3493.025 9.1454e-18
3494.55 4.0487e-17
3496.075 9.2993e-17
3497.6 1.2406e-16
3499.125 8.3416e-17
3500.65 -4.2088e-17
3502.175 -6.7858e-18
3503.7 -1.8145e-17
3505.225 -2.5385e-18
3506.75 6.3827e-17
3508.275 -2.1463e-18
3509.8 4.68e-17
3511.325 9.333e-17
3512.85 1.6724e-16
3514.375 1.36e-16
3515.9 1.0484e-16
3517.425 -1.4154e-17
3518.95 1.1561e-16
3520.475 7.0203e-17
3522.0 2.9224e-17
3523.525 -2.207e-17
3525.05 5.3589e-17
3526.575 1.2148e-16
3528.1 1.2246e-16
3529.625 -1.5718e-18
3531.15 7.8955e-17
3532.675 7.8676e-17
3534.2 1.155e-16
3535.725 -2.3954e-17
3537.25 9.2959e-17
3538.775 1.234e-16
3540.3 1.5901e-16
3541.825 1.4192e-16
3543.35 8.2175e-17
3544.875 2.073e-17
3546.4 8.9644e-17
3547.925 1.4569e-16
3549.45 1.7675e-16
3550.975 1.231e-16
3552.5 4.2578e-18
3554.025 -3.3856e-17
3555.55 1.2985e-17
3557.075 1.7955e-17
3558.6 2.2936e-17
3560.125 8.5017e-17
3561.65 -1.2516e-17
3563.175 -1.5571e-17
3564.7 -5.1056e-18
3566.225 9.3001e-17
3567.75 1.1615e-16
3569.275 1.0059e-16
3570.8 4.8701e-17
3572.325 1.2241e-17
3573.85 3.3448e-17
3575.375 7.9429e-17
3576.9 4.1647e-17
3578.425 1.5644e-17
3579.95 2.6572e-17
3581.475 -5.117e-17
3583.0 9.603e-18
3584.525 3.4383e-17
3586.05 4.9598e-19
3587.575 4.2992e-17
3589.1 3.5925e-17
3590.625 -2.7848e-17
3592.15 1.337e-17
3593.675 5.2358e-17
3595.2 -3.0062e-17
3596.725 -1.3948e-17
3598.25 2.778e-19
3599.775 -8.3114e-18
3601.3 -7.675e-18
3602.825 1.704e-17
3604.35 7.4505e-17
3605.875 1.1702e-16
3607.4 3.9369e-17
3608.925 1.77e-17
3610.45 -1.8578e-17
3611.975 4.2805e-17
3613.5 3.6199e-17
3615.025 -1.3911e-18
3616.55 7.447e-17
3618.075 7.3663e-17
3619.6 6.3369e-17
3621.125 8.2222e-17
3622.65 5.8588e-17
3624.175 1.0148e-16
3625.7 9.7487e-17
3627.225 7.9253e-17
3628.75 8.0191e-17
3630.275 2.5522e-17
3631.8 7.1896e-17
3633.325 4.443e-17
3634.85 5.3579e-17
3636.375 7.4396e-17
3637.9 6.735e-18
3639.425 1.6887e-17
3640.95 1.4052e-16
3642.475 5.2095e-17
3644.0 4.451e-17
3645.525 1.0864e-16
3647.05 2.993e-17
3648.575 -2.7624e-18
3650.1 6.5777e-18
3651.625 -6.8303e-19
3653.15 -5.1502e-17
3654.675 -5.4961e-17
3656.2 3.2541e-17
3657.725 4.7858e-17
3659.25 5.149e-17
3660.775 6.3018e-17
3662.3 3.5784e-17
3663.825 5.1506e-17
3665.35 1.2586e-16
3666.875 1.0732e-16
3668.4 1.0944e-16
3669.925 8.0376e-17
3671.45 4.8358e-17
3672.975 -2.9372e-17
3674.5 4.2218e-17
3676.025 7.5075e-17
3677.55 4.0592e-17
3679.075 8.7996e-17
3680.6 1.2664e-16
3682.125 4.1021e-17
3683.65 2.1195e-17
3685.175 8.4891e-17
3686.7 1.0715e-16
3688.225 6.9613e-17
3689.75 3.5472e-17
3691.275 2.9166e-17
3692.8 1.1657e-16
3694.325 1.64e-16
3695.85 1.8177e-16
3697.375 1.4008e-16
3698.9 7.7634e-17
3700.425 6.8584e-17
3701.95 1.3138e-16
3703.475 1.3408e-16
3705.0 8.6948e-17
3706.525 5.0034e-17
3708.05 7.3214e-17
3709.575 8.5494e-17
3711.1 7.952e-17
3712.625 6.225e-17
3714.15 7.5495e-17
3715.675 1.3215e-16
3717.2 1.1393e-16
3718.725 9.9172e-17
3720.25 5.236e-17
3721.775 2.1749e-17
3723.3 3.5042e-17
3724.825 9.6783e-17
3726.35 -6.7292e-19
3727.875 9.2089e-19
3729.4 7.0583e-17
3730.925 1.0053e-16
3732.45 6.7008e-17
3733.975 4.0152e-17
3735.5 3.638e-17
3737.025 4.7815e-17
3738.55 4.2749e-17
3740.075 6.7799e-17
3741.6 5.5892e-17
3743.125 6.9419e-17
3744.65 3.426e-17
3746.175 7.13e-17
3747.7 2.3254e-17
3749.225 -2.003e-17
3750.75 3.0927e-17
3752.275 2.7493e-17
3753.8 3.705e-17
3755.325 2.5352e-17
3756.85 3.5239e-17
3758.375 5.1669e-17
3759.9 6.6612e-17
3761.425 7.8044e-17
3762.95 1.1262e-16
3764.475 9.9283e-17
3766.0 4.6458e-17
3767.525 6.8971e-17
3769.05 6.3907e-17
3770.575 1.3804e-16
3772.1 1.2335e-16
3773.625 1.0691e-16
3775.15 6.6882e-17
3776.675 7.8885e-17
3778.2 7.9863e-17
3779.725 9.5054e-17
3781.25 3.521e-17
3782.775 1.1064e-16
3784.3 9.611e-17
3785.825 1.1468e-17
3787.35 5.1517e-17
3788.875 1.8767e-17
3790.4 7.8128e-17
3791.925 8.3347e-17
3793.45 8.0351e-17
3794.975 1.0489e-16
3796.5 1.1502e-16
3798.025 8.8378e-17
3799.55 7.7661e-17
3801.075 6.4143e-17
3802.6 8.2961e-17
3804.125 5.6065e-17
3805.65 6.3583e-17
3807.175 5.9908e-17
3808.7 8.4793e-17
3810.225 7.3028e-17
3811.75 8.0017e-17
3813.275 1.1711e-16
3814.8 6.7751e-17
3816.325 4.0193e-17
3817.85 2.1062e-17
3819.375 -5.3914e-20
3820.9 1.6313e-18
3822.425 7.9527e-17
3823.95 6.3342e-17
3825.475 3.7845e-17
3827.0 5.0624e-17
3828.525 8.5963e-17
3830.05 8.0985e-17
3831.575 8.5301e-17
3833.1 4.1744e-17
3834.625 4.0389e-17
3836.15 7.6627e-17
3837.675 4.6661e-17
3839.2 6.4967e-17
3840.725 9.1333e-17
3842.25 8.5949e-17
3843.775 7.6239e-17
3845.3 8.2377e-17
3846.825 6.9011e-17
3848.35 7.6026e-17
3849.875 7.5149e-17
3851.4 6.6841e-17
3852.925 4.5956e-17
3854.45 4.152e-17
3855.975 7.3071e-17
3857.5 6.014e-17
3859.025 4.3113e-17
3860.55 5.0024e-17
3862.075 5.8886e-17
3863.6 7.5385e-17
3865.125 8.1291e-17
3866.65 1.1154e-16
3868.175 4.1247e-17
3869.7 5.2264e-17
3871.225 8.532e-17
3872.75 1.058e-16
3874.275 6.294e-17
3875.8 8.8679e-17
3877.325 6.7065e-17
3878.85 1.9482e-17
3880.375 3.9668e-17
3881.9 8.1842e-17
3883.425 4.1798e-17
3884.95 5.5771e-17
3886.475 6.679e-17
3888.0 5.301e-17
3889.525 8.3562e-17
3891.05 8.4723e-17
3892.575 9.2133e-17
3894.1 7.2234e-17
3895.625 8.7666e-17
3897.15 7.746e-17
3898.675 1.6474e-16
3900.2 1.1763e-16
3901.725 1.043e-16
3903.25 2.9023e-17
3904.775 3.3251e-17
3906.3 1.0093e-16
3907.825 5.082e-17
3909.35 3.9245e-17
3910.875 8.941e-17
3912.4 7.4089e-17
3913.925 1.057e-16
3915.45 1.1443e-16
3916.975 1.0533e-16
3918.5 1.463e-16
3920.025 1.2859e-16
3921.55 7.7309e-17
3923.075 2.8851e-17
3924.6 1.947e-17
3926.125 8.4872e-17
3927.65 6.7381e-17
3929.175 4.1974e-17
3930.7 7.3607e-17
3932.225 6.6514e-17
3933.75 4.2667e-17
3935.275 4.3982e-17
3936.8 5.1194e-17
3938.325 6.0778e-17
3939.85 8.608e-17
3941.375 9.6494e-17
3942.9 8.6862e-17
3944.425 5.1632e-17
3945.95 9.1321e-17
3947.475 9.1788e-17
3949.0 8.9445e-17
3950.525 7.7462e-17
3952.05 5.7858e-17
3953.575 8.0885e-17
3955.1 3.5744e-17
3956.625 7.3635e-17
3958.15 7.5855e-17
3959.675 7.0334e-17
3961.2 1.0784e-16
3962.725 1.0625e-16
3964.25 6.3201e-17
3965.775 7.7903e-17
3967.3 4.7583e-17
3968.825 7.1473e-17
3970.35 4.8525e-17
3971.875 3.1252e-17
3973.4 6.6112e-17
3974.925 7.6533e-17
3976.45 6.6695e-17
3977.975 4.6716e-17
3979.5 1.1632e-16
3981.025 1.043e-16
3982.55 3.7091e-17
3984.075 3.5069e-18
3985.6 5.1671e-17
3987.125 6.7349e-17
3988.65 1.0976e-16
3990.175 1.2325e-16
3991.7 4.1829e-17
3993.225 3.9951e-17
3994.75 9.6872e-17
3996.275 6.0644e-17
3997.8 8.4043e-17
3999.325 1.1368e-16
4000.85 7.1567e-17
4002.375 1.2379e-16
4003.9 8.5257e-17
4005.425 9.4533e-17
4006.95 7.7383e-17
4008.475 3.3805e-17
4010.0 6.6424e-17
4011.525 8.2443e-17
4013.05 1.0355e-16
4014.575 2.0363e-17
4016.1 9.9654e-17
4017.625 1.2301e-16
4019.15 8.7724e-17
4020.675 9.0358e-17
4022.2 1.0456e-16
4023.725 7.1057e-17
4025.25 1.0516e-16
4026.775 1.0322e-16
4028.3 8.5563e-17
4029.825 6.9505e-17
4031.35 9.9906e-17
4032.875 5.7004e-17
4034.4 4.8705e-17
4035.925 3.5856e-17
4037.45 4.9699e-17
4038.975 2.5873e-17
4040.5 9.1369e-17
4042.025 1.1621e-16
4043.55 1.0702e-16
4045.075 2.8498e-17
4046.6 9.6883e-17
4048.125 9.1692e-17
4049.65 1.2436e-16
4051.175 1.3478e-16
4052.7 1.0192e-16
4054.225 4.1705e-17
4055.75 1.0868e-16
4057.275 7.9465e-17
4058.8 7.6388e-17
4060.325 5.552e-17
4061.85 5.8975e-17
4063.375 1.3657e-16
4064.9 1.4089e-16
4066.425 1.23e-16
4067.95 8.586e-17
4069.475 1.0104e-16
4071.0 1.0476e-16
4072.525 6.2867e-17
4074.05 9.7997e-17
4075.575 9.0941e-17
4077.1 9.1394e-17
4078.625 7.7156e-17
4080.15 7.2825e-17
4081.675 1.175e-16
4083.2 1.33e-16
4084.725 5.3301e-17
4086.25 9.0152e-17
4087.775 5.2973e-17
4089.3 1.2769e-16
4090.825 1.3785e-16
4092.35 5.3514e-17
4093.875 8.6342e-17
4095.4 9.862e-17
4096.925 6.2398e-17
4098.45 7.7176e-17
4099.975 5.7038e-17
4101.5 4.6383e-17
4103.025 5.7125e-17
4104.55 1.0749e-16
4106.075 1.2114e-16
4107.6 9.0473e-17
4109.125 7.9835e-17
4110.65 5.587e-17
4112.175 8.3777e-17
4113.7 8.2122e-17
4115.225 6.613e-17
4116.75 5.9482e-17
4118.275 8.4414e-17
4119.8 8.9466e-17
4121.325 9.9163e-17
4122.85 3.4334e-17
4124.375 1.258e-17
4125.9 8.6637e-17
4127.425 8.8541e-17
4128.95 9.5101e-17
4130.475 8.2445e-17
4132.0 5.5267e-17
4133.525 3.8095e-17
4135.05 3.2828e-17
4136.575 5.2218e-17
4138.1 8.9231e-17
4139.625 1.2521e-16
4141.15 9.4197e-17
4142.675 3.5066e-17
4144.2 7.3931e-17
4145.725 9.0323e-17
4147.25 8.2091e-17
4148.775 6.0324e-17
4150.3 8.2172e-17
4151.825 7.3706e-17
4153.35 6.6391e-17
4154.875 2.8329e-17
4156.4 3.3427e-17
4157.925 7.9494e-17
4159.45 1.0331e-16
4160.975 8.2128e-17
4162.5 6.8601e-17
4164.025 1.3678e-16
4165.55 1.16e-16
4167.075 4.324e-17
4168.6 6.4517e-17
4170.125 1.2703e-16
4171.65 8.9975e-17
4173.175 6.8335e-17
4174.7 5.7228e-17
4176.225 5.1074e-17
4177.75 5.6801e-17
4179.275 8.0917e-17
4180.8 1.242e-16
4182.325 1.2538e-16
4183.85 1.031e-16
4185.375 1.0936e-16
4186.9 9.1568e-17
4188.425 1.091e-16
4189.95 7.7012e-17
4191.475 6.3489e-17
4193.0 9.4939e-17
4194.525 1.152e-16
4196.05 9.4992e-17
4197.575 6.9211e-17
4199.1 1.1077e-16
4200.625 1.008e-16
4202.15 9.6838e-17
4203.675 7.753e-17
4205.2 9.1215e-17
4206.725 6.4018e-17
4208.25 9.0998e-17
4209.775 7.5975e-17
4211.3 1.4972e-16
4212.825 1.0433e-16
4214.35 7.8947e-17
4215.875 8.4233e-17
4217.4 4.1779e-17
4218.925 4.3608e-17
4220.45 8.3671e-17
4221.975 7.5017e-17
4223.5 5.9632e-17
4225.025 1.0606e-16
4226.55 6.5137e-17
4228.075 7.5303e-17
4229.6 1.2545e-16
4231.125 7.0494e-17
4232.65 5.9526e-17
4234.175 7.7187e-17
4235.7 4.6999e-17
4237.225 8.3156e-17
4238.75 6.3659e-17
4240.275 3.3716e-17
4241.8 5.4659e-17
4243.325 9.3845e-17
4244.85 8.8394e-17
4246.375 6.7022e-17
4247.9 8.4163e-17
4249.425 8.9686e-17
4250.95 8.0886e-18
4252.475 6.7983e-17
4254.0 8.0346e-17
4255.525 5.5062e-17
4257.05 5.605e-17
4258.575 7.7729e-17
4260.1 9.3304e-17
4261.625 9.642e-17
4263.15 1.0322e-16
4264.675 8.7353e-17
4266.2 9.9269e-17
4267.725 8.3062e-17
4269.25 9.6892e-17
4270.775 8.0318e-17
4272.3 7.3561e-17
4273.825 5.6291e-17
4275.35 4.3518e-17
4276.875 1.0917e-16
4278.4 1.4876e-16
4279.925 1.4606e-16
4281.45 1.4832e-16
4282.975 1.2361e-16
4284.5 1.3582e-16
4286.025 8.1962e-17
4287.55 4.0345e-17
4289.075 3.887e-17
4290.6 7.2241e-17
4292.125 8.3953e-17
4293.65 9.424e-17
4295.175 1.0394e-16
4296.7 1.0118e-16
4298.225 1.0238e-16
4299.75 6.7145e-17
4301.275 5.211e-17
4302.8 6.5536e-17
4304.325 7.8889e-17
4305.85 9.3389e-17
4307.375 3.735e-17
4308.9 5.1918e-17
4310.425 6.6528e-17
4311.95 3.5669e-17
4313.475 1.1571e-16
4315.0 1.1115e-16
4316.525 8.2401e-17
4318.05 2.3373e-17
4319.575 9.6696e-17
4321.1 8.7712e-17
4322.625 5.2348e-17
4324.15 1.0577e-16
4325.675 8.8019e-17
4327.2 4.3823e-17
4328.725 7.4301e-17
4330.25 4.3206e-17
4331.775 1.2743e-17
4333.3 6.2465e-17
4334.825 7.1384e-17
4336.35 8.0618e-17
4337.875 6.0179e-17
4339.4 5.8951e-17
4340.925 4.58e-17
4342.45 9.3074e-17
4343.975 7.2753e-17
4345.5 7.331e-17
4347.025 1.0154e-16
4348.55 7.7592e-17
4350.075 6.0844e-17
4351.6 6.454e-17
4353.125 -5.5681e-18
4354.65 5.9126e-17
4356.175 6.3544e-17
4357.7 6.7098e-17
4359.225 1.393e-16
4360.75 9.4705e-17
4362.275 1.1928e-16
4363.8 1.3254e-16
4365.325 1.1217e-16
4366.85 1.1076e-16
4368.375 5.9441e-17
4369.9 4.8522e-17
4371.425 1.0922e-16
4372.95 1.2162e-16
4374.475 1.0131e-16
4376.0 7.6982e-17
4377.525 6.9941e-17
4379.05 5.8633e-17
4380.575 8.9434e-17
4382.1 9.8934e-17
4383.625 6.4119e-17
4385.15 3.5714e-17
4386.675 4.8422e-17
4388.2 9.3384e-17
4389.725 7.2395e-17
4391.25 6.9543e-17
4392.775 8.5308e-17
4394.3 8.498e-17
4395.825 9.5537e-17
4397.35 1.1007e-16
4398.875 1.3653e-16
4400.4 1.081e-16
4401.925 9.4768e-17
4403.45 6.0368e-17
4404.975 8.2305e-17
4406.5 1.1593e-16
4408.025 1.1067e-16
4409.55 8.2584e-17
4411.075 7.4522e-17
4412.6 1.2296e-16
4414.125 1.3109e-16
4415.65 1.0925e-16
4417.175 9.4134e-17
4418.7 9.0876e-17
4420.225 1.3866e-16
4421.75 1.003e-16
4423.275 8.0836e-17
4424.8 9.8304e-17
4426.325 7.8489e-17
4427.85 2.6098e-17
4429.375 5.7869e-17
4430.9 7.7279e-17
4432.425 5.5936e-17
4433.95 1.1752e-16
4435.475 1.0341e-16
4437.0 9.1215e-17
4438.525 1.4232e-16
4440.05 1.1432e-16
4441.575 1.0641e-16
4443.1 5.5123e-17
4444.625 8.4403e-17
4446.15 1.0321e-16
4447.675 8.0694e-17
4449.2 1.1345e-16
4450.725 1.1816e-16
4452.25 7.2439e-17
4453.775 4.9444e-17
4455.3 6.9751e-17
4456.825 9.7025e-17
4458.35 5.6216e-17
4459.875 8.4716e-17
4461.4 7.948e-17
4462.925 6.4075e-17
4464.45 9.5293e-17
4465.975 5.9516e-17
4467.5 1.1736e-16
4469.025 6.4881e-17
4470.55 2.5958e-17
4472.075 8.4278e-17
4473.6 1.2484e-16
4475.125 1.0685e-16
4476.65 7.2043e-17
4478.175 8.0514e-17
4479.7 1.0691e-16
4481.225 6.8722e-17
4482.75 8.1329e-17
4484.275 1.2263e-16
4485.8 8.6192e-17
4487.325 5.6265e-17
4488.85 5.1253e-17
4490.375 7.0498e-17
4491.9 1.0712e-16
4493.425 9.1275e-17
4494.95 7.3573e-17
4496.475 8.5364e-17
4498.0 5.9996e-17
4499.525 8.7335e-17
4501.05 7.545e-17
4502.575 1.102e-16
4504.1 7.0628e-17
4505.625 3.972e-17
4507.15 6.374e-17
4508.675 8.0231e-17
4510.2 4.7984e-17
4511.725 1.4648e-16
4513.25 1.2301e-16
4514.775 6.5454e-17
4516.3 8.9364e-17
4517.825 8.9789e-17
4519.35 1.1511e-16
4520.875 1.1144e-16
4522.4 1.4122e-16
4523.925 1.1474e-16
4525.45 7.7425e-17
4526.975 6.3755e-17
4528.5 4.2154e-17
4530.025 8.9013e-17
4531.55 1.2182e-16
4533.075 1.212e-16
4534.6 1.5644e-16
4536.125 1.6448e-16
4537.65 1.2052e-16
4539.175 1.0246e-16
4540.7 1.4645e-16
4542.225 1.3606e-16
4543.75 1.2337e-16
4545.275 1.0072e-16
4546.8 7.7201e-17
4548.325 1.1592e-16
4549.85 1.2187e-16
4551.375 1.2999e-16
4552.9 8.1247e-17
4554.425 9.2694e-17
4555.95 9.7876e-17
4557.475 1.0387e-16
4559.0 1.1564e-16
4560.525 1.0932e-16
4562.05 1.2263e-16
4563.575 1.1843e-16
4565.1 1.0827e-16
4566.625 5.1769e-17
4568.15 1.0226e-16
4569.675 1.1699e-16
4571.2 1.0282e-16
4572.725 1.0032e-16
4574.25 5.6898e-17
4575.775 8.249e-17
4577.3 6.6614e-17
4578.825 4.0467e-17
4580.35 8.6513e-17
4581.875 6.0051e-17
4583.4 4.2473e-17
4584.925 2.7129e-17
4586.45 1.0782e-16
4587.975 1.1221e-16
4589.5 1.4064e-16
4591.025 1.1832e-16
4592.55 6.7639e-17
4594.075 7.4959e-17
4595.6 7.613e-17
4597.125 2.6137e-17
4598.65 6.0828e-17
4600.175 8.1064e-17
4601.7 5.6833e-17
4603.225 1.5144e-16
4604.75 9.4821e-17
4606.275 9.6241e-17
4607.8 1.4681e-16
4609.325 7.9622e-17
4610.85 1.0404e-16
4612.375 4.8584e-17
4613.9 4.6466e-18
4615.425 4.9176e-17
4616.95 7.1674e-17
4618.475 8.9082e-17
4620.0 3.8997e-17
4621.525 5.947e-17
4623.05 1.3327e-16
4624.575 1.2167e-16
4626.1 1.9146e-16
4627.625 8.3276e-17
4629.15 7.8274e-17
4630.675 1.0262e-16
4632.2 1.0867e-16
4633.725 7.8896e-17
4635.25 2.0193e-17
4636.775 1.1933e-16
4638.3 1.3954e-16
4639.825 8.6447e-17
4641.35 7.9343e-17
4642.875 7.8382e-17
4644.4 1.1724e-16
4645.925 6.3978e-17
4647.45 4.4844e-17
4648.975 8.0908e-17
4650.5 8.9941e-17
4652.025 1.1749e-16
4653.55 1.098e-16
4655.075 2.8652e-17
4656.6 6.6871e-17
4658.125 1.1366e-16
4659.65 7.2032e-17
4661.175 5.0255e-17
4662.7 7.3227e-17
4664.225 7.3485e-17
4665.75 1.099e-16
4667.275 8.8854e-17
4668.8 9.2246e-17
4670.325 8.5157e-17
4671.85 7.8516e-17
4673.375 9.2993e-17
4674.9 8.5319e-17
4676.425 9.3539e-17
4677.95 1.0776e-16
4679.475 1.2703e-16
4681.0 6.779e-17
4682.525 5.299e-17
4684.05 9.1623e-17
4685.575 8.3101e-17
4687.1 1.0193e-16
4688.625 7.8485e-17
4690.15 5.0963e-17
4691.675 1.2448e-16
4693.2 1.14e-16
4694.725 1.5889e-16
4696.25 8.9379e-17
4697.775 2.3856e-17
4699.3 7.4802e-17
4700.825 3.9451e-17
4702.35 3.7968e-17
4703.875 7.7796e-17
4705.4 8.4763e-17
4706.925 7.991e-17
4708.45 1.126e-16
4709.975 1.1216e-16
4711.5 5.1487e-17
4713.025 7.9324e-17
4714.55 9.2529e-17
4716.075 8.2652e-17
4717.6 9.1213e-17
4719.125 1.0344e-16
4720.65 1.2029e-16
4722.175 2.8035e-17
4723.7 2.7554e-17
4725.225 9.9119e-17
4726.75 8.3469e-17
4728.275 3.5917e-17
4729.8 4.4391e-17
4731.325 8.9354e-17
4732.85 4.8884e-17
4734.375 4.4126e-17
4735.9 5.0914e-17
4737.425 6.8271e-17
4738.95 1.0307e-16
4740.475 1.0492e-16
4742.0 9.5705e-17
4743.525 7.263e-17
4745.05 5.4359e-17
4746.575 6.2629e-17
4748.1 8.5477e-17
4749.625 6.3657e-17
4751.15 8.6377e-17
4752.675 7.7597e-17
4754.2 8.4926e-17
4755.725 9.2491e-17
4757.25 1.0262e-16
4758.775 1.4234e-16
4760.3 8.059e-17
4761.825 7.6084e-17
4763.35 1.2722e-16
4764.875 9.5546e-17
4766.4 1.0866e-16
4767.925 1.1324e-16
4769.45 5.735e-17
4770.975 8.3813e-17
4772.5 1.063e-16
4774.025 1.0149e-16
4775.55 1.0372e-16
4777.075 9.1385e-17
4778.6 1.1752e-16
4780.125 5.6344e-17
4781.65 4.5514e-17
4783.175 7.7333e-17
4784.7 1.205e-16
4786.225 8.7152e-17
4787.75 1.0833e-16
4789.275 1.1345e-16
4790.8 9.816e-17
4792.325 1.0384e-16
4793.85 7.8652e-17
4795.375 6.7352e-17
4796.9 1.1177e-16
4798.425 1.1441e-16
4799.95 8.5632e-17
4801.475 1.1803e-16
4803.0 6.5467e-17
4804.525 4.9523e-17
4806.05 8.443e-17
4807.575 1.155e-16
4809.1 9.5604e-17
4810.625 3.0331e-17
4812.15 8.3518e-17
4813.675 1.3835e-16
4815.2 1.3732e-16
4816.725 1.438e-16
4818.25 9.8406e-17
4819.775 1.2832e-16
4821.3 8.264e-17
4822.825 7.1657e-17
4824.35 1.1307e-16
4825.875 9.8865e-17
4827.4 1.1615e-16
4828.925 1.4228e-16
4830.45 4.7721e-17
4831.975 8.4146e-17
4833.5 8.8464e-17
4835.025 6.206e-17
4836.55 9.912e-17
4838.075 9.822e-17
4839.6 8.2018e-17
4841.125 7.7967e-17
4842.65 8.7815e-17
4844.175 5.0878e-17
4845.7 6.6936e-17
4847.225 8.3335e-17
4848.75 1.0824e-16
4850.275 8.8583e-17
4851.8 8.792e-17
4853.325 1.0962e-16
4854.85 1.2028e-16
4856.375 1.1289e-16
4857.9 1.0471e-16
4859.425 8.1072e-17
4860.95 3.7512e-17
4862.475 5.8209e-17
4864.0 7.7672e-17
4865.525 1.1049e-16
4867.05 7.5064e-17
4868.575 8.4151e-17
4870.1 8.3945e-17
4871.625 1.1448e-16
4873.15 1.3653e-16
4874.675 1.0263e-16
4876.2 7.2709e-17
4877.725 1.0713e-16
4879.25 1.5118e-16
4880.775 7.7185e-17
4882.3 1.5707e-17
4883.825 6.05e-17
4885.35 6.1919e-17
4886.875 5.2083e-17
4888.4 1.0208e-16
4889.925 9.1296e-17
4891.45 4.537e-17
4892.975 8.4856e-17
4894.5 8.7072e-17
4896.025 6.7844e-17
4897.55 8.6091e-17
4899.075 4.6264e-17
4900.6 6.9244e-17
4902.125 7.3839e-17
4903.65 6.3015e-17
4905.175 3.9567e-17
4906.7 6.1073e-17
4908.225 1.4877e-16
4909.75 1.1387e-16
4911.275 6.4094e-17
4912.8 5.7333e-17
4914.325 7.9008e-17
4915.85 1.2188e-16
4917.375 4.0017e-17
4918.9 2.6718e-17
4920.425 8.2674e-17
4921.95 1.3537e-16
4923.475 9.6065e-17
4925.0 7.6586e-17
4926.525 1.1681e-16
4928.05 1.0741e-16
4929.575 1.1551e-16
4931.1 8.7895e-17
4932.625 1.2054e-16
4934.15 1.177e-16
4935.675 8.8727e-17
4937.2 1.1855e-16
4938.725 8.1177e-17
4940.25 7.4724e-17
4941.775 1.0963e-16
4943.3 9.6687e-17
4944.825 7.7847e-17
4946.35 7.0992e-17
4947.875 5.2144e-17
4949.4 2.5471e-17
4950.925 1.0848e-16
4952.45 7.5478e-17
4953.975 6.569e-17
4955.5 8.7814e-17
4957.025 8.8066e-17
4958.55 8.5849e-17
4960.075 7.767e-17
4961.6 9.168e-17
4963.125 1.0465e-16
4964.65 1.0969e-16
4966.175 1.1963e-16
4967.7 1.0079e-16
4969.225 8.0504e-17
4970.75 7.2755e-17
4972.275 1.2321e-16
4973.8 6.6762e-17
4975.325 6.8724e-17
4976.85 6.221e-17
4978.375 9.4125e-17
4979.9 1.1773e-16
4981.425 1.0378e-16
4982.95 1.1388e-16
4984.475 8.5363e-17
4986.0 1.1818e-16
4987.525 1.0956e-16
4989.05 5.5905e-17
4990.575 8.3118e-17
4992.1 9.1454e-17
4993.625 9.9001e-17
4995.15 1.1142e-16
4996.675 7.3562e-17
4998.2 5.6842e-17
4999.725 8.399e-17
5001.25 3.747e-17
5002.775 2.7725e-17
5004.3 1.0426e-16
5005.825 1.5469e-16
5007.35 1.1458e-16
5008.875 5.8255e-17
5010.4 1.001e-16
5011.925 1.3955e-16
5013.45 6.5637e-17
5014.975 4.1692e-17
5016.5 7.0048e-17
5018.025 1.0105e-16
5019.55 8.7781e-17
5021.075 1.1536e-16
5022.6 1.2568e-16
5024.125 8.9161e-17
5025.65 1.1026e-16
5027.175 9.348e-17
5028.7 9.0404e-17
5030.225 8.2609e-17
5031.75 5.7585e-17
5033.275 9.0152e-17
5034.8 7.8615e-17
5036.325 9.7628e-17
5037.85 1.3016e-16
5039.375 7.0582e-17
5040.9 3.2011e-17
5042.425 7.7278e-17
5043.95 1.4465e-16
5045.475 1.0297e-16
5047.0 8.9394e-17
5048.525 9.8845e-17
5050.05 7.2927e-17
5051.575 7.9786e-17
5053.1 9.171e-17
5054.625 6.6858e-17
5056.15 1.0167e-16
5057.675 1.1377e-16
5059.2 1.0555e-16
5060.725 1.4541e-16
5062.25 1.0839e-16
5063.775 9.2056e-17
5065.3 1.0037e-16
5066.825 8.307e-17
5068.35 8.1325e-17
5069.875 9.5201e-17
5071.4 1.4393e-16
5072.925 1.4904e-16
5074.45 9.4707e-17
5075.975 9.5834e-17
5077.5 9.5759e-17
5079.025 7.6502e-17
5080.55 6.1798e-17
5082.075 9.4642e-17
5083.6 6.1424e-17
5085.125 8.0188e-17
5086.65 1.0245e-16
5088.175 1.1437e-16
5089.7 5.3382e-17
5091.225 2.6917e-17
5092.75 7.9624e-17
5094.275 7.9384e-17
5095.8 1.1646e-16
5097.325 1.3656e-16
5098.85 9.6723e-17
5100.375 8.7543e-17
5101.9 1.0181e-16
5103.425 1.0416e-16
5104.95 8.1449e-17
5106.475 2.8764e-17
5108.0 6.2507e-17
5109.525 3.7253e-17
5111.05 8.8163e-17
5112.575 1.0425e-16
5114.1 6.9904e-17
5115.625 1.0786e-16
5117.15 9.5957e-17
5118.675 7.5733e-17
5120.2 4.5442e-17
5121.725 6.6937e-17
5123.25 1.2467e-16
5124.775 8.8395e-17
5126.3 1.0039e-16
5127.825 6.2565e-17
5129.35 4.8344e-17
5130.875 7.2543e-17
5132.4 1.1209e-16
5133.925 1.3471e-16
5135.45 6.7474e-17
5136.975 6.6659e-17
5138.5 6.5429e-17
5140.025 9.0668e-17
5141.55 5.5795e-17
5143.075 6.1147e-17
5144.6 7.5292e-17
5146.125 1.0829e-16
5147.65 8.985e-17
5149.175 1.1191e-16
5150.7 6.1739e-17
5152.225 8.0236e-17
5153.75 1.3435e-16
5155.275 1.1374e-16
5156.8 1.0344e-16
5158.325 1.0048e-16
5159.85 1.2217e-16
5161.375 1.0196e-16
5162.9 8.0441e-17
5164.425 7.3623e-17
5165.95 1.1464e-16
5167.475 1.047e-16
5169.0 9.1697e-17
5170.525 9.1681e-17
5172.05 8.3731e-17
5173.575 7.2286e-17
5175.1 3.9915e-17
5176.625 7.1629e-17
5178.15 7.5927e-17
5179.675 9.059e-17
5181.2 8.0977e-17
5182.725 2.2023e-17
5184.25 5.2571e-17
5185.775 1.0272e-16
5187.3 9.5922e-17
5188.825 5.6157e-17
5190.35 5.1389e-17
5191.875 9.0072e-17
5193.4 5.755e-17
5194.925 8.1388e-17
5196.45 5.3649e-17
5197.975 2.3548e-17
5199.5 6.4786e-17
5201.025 6.773e-17
5202.55 6.114e-17
5204.075 1.218e-16
5205.6 7.812e-17
5207.125 3.8747e-17
5208.65 4.4882e-17
5210.175 9.7306e-17
5211.7 1.0675e-16
5213.225 1.1975e-16
5214.75 1.2372e-16
5216.275 8.69e-17
5217.8 7.7338e-17
5219.325 8.94e-17
5220.85 9.965e-17
5222.375 5.7349e-17
5223.9 8.2687e-17
5225.425 7.6873e-17
5226.95 5.9303e-17
5228.475 8.4842e-17
5230.0 9.7344e-17
5231.525 9.6244e-17
5233.05 7.1668e-17
5234.575 7.9527e-17
5236.1 1.1301e-16
5237.625 8.2788e-17
5239.15 8.2412e-17
5240.675 1.0332e-16
5242.2 5.8314e-17
5243.725 1.0334e-16
5245.25 6.6396e-17
5246.775 5.1619e-17
5248.3 1.1175e-16
5249.825 1.1446e-16
5251.35 6.5904e-17
5252.875 1.0064e-16
5254.4 1.2054e-16
5255.925 9.6278e-17
5257.45 1.0785e-16
5258.975 1.0429e-16
5260.5 1.2604e-16
5262.025 9.7143e-17
5263.55 6.4936e-17
5265.075 5.3452e-17
5266.6 6.2366e-17
5268.125 7.5991e-17
5269.65 1.1243e-16
5271.175 1.1623e-16
5272.7 1.0179e-16
5274.225 9.6279e-17
5275.75 9.0769e-17
5277.275 1.0945e-16
5278.8 9.3666e-17
5280.325 1.1625e-16
5281.85 8.331e-17
5283.375 6.4756e-17
5284.9 1.11e-16
5286.425 9.463e-17
5287.95 1.5217e-16
5289.475 6.2353e-17
5291.0 7.1302e-17
5292.525 1.1119e-16
5294.05 1.1482e-16
5295.575 1.0658e-16
5297.1 3.5502e-17
5298.625 4.2598e-17
5300.15 4.9177e-17
5301.675 4.9792e-17
5303.2 1.1397e-16
5304.725 1.4614e-16
5306.25 8.3492e-17
5307.775 7.2677e-17
5309.3 7.9475e-17
5310.825 1.3438e-16
5312.35 3.6493e-17
5313.875 7.1124e-17
5315.4 1.1371e-16
5316.925 1.0666e-16
5318.45 1.1674e-16
5319.975 6.1469e-17
5321.5 1.0906e-16
5323.025 1.2262e-16
5324.55 7.8655e-17
5326.075 1.2503e-16
5327.6 1.1665e-16
5329.125 8.1476e-17
5330.65 5.6496e-17
5332.175 1.0792e-16
5333.7 6.1006e-17
5335.225 8.1311e-17
5336.75 9.2665e-17
5338.275 9.8141e-17
5339.8 1.0414e-16
5341.325 9.0628e-17
5342.85 9.6344e-17
5344.375 8.5577e-17
5345.9 9.0292e-17
5347.425 1.3415e-16
5348.95 8.2469e-17
5350.475 1.1072e-16
5352.0 9.4716e-17
5353.525 6.9488e-17
5355.05 1.0363e-16
5356.575 3.8362e-17
5358.1 6.721e-17
5359.625 9.7014e-17
5361.15 9.6883e-17
5362.675 1.0225e-16
5364.2 1.1333e-16
5365.725 1.3205e-16
5367.25 1.4253e-16
5368.775 8.8916e-17
5370.3 9.8768e-17
5371.825 7.5211e-17
5373.35 7.9367e-17
5374.875 9.1836e-17
5376.4 6.3293e-17
5377.925 3.2675e-17
5379.45 4.2103e-17
5380.975 1.6213e-17
5382.5 5.902e-17
5384.025 1.0983e-16
5385.55 6.6211e-17
5387.075 8.7479e-17
5388.6 6.01e-17
5390.125 3.8279e-17
5391.65 6.5975e-17
5393.175 1.0648e-16
5394.7 9.2393e-17
5396.225 7.2309e-17
5397.75 1.0976e-16
5399.275 9.607e-17
5400.8 9.3209e-17
5402.325 8.1207e-17
5403.85 8.1823e-17
5405.375 1.0059e-16
5406.9 1.1451e-16
5408.425 1.0358e-16
5409.95 7.9226e-17
5411.475 1.2192e-16
5413.0 1.545e-16
5414.525 1.0785e-16
5416.05 1.0259e-16
5417.575 8.9249e-17
5419.1 7.4164e-17
5420.625 6.4416e-17
5422.15 1.3929e-16
5423.675 1.2082e-16
5425.2 7.2366e-17
5426.725 1.2054e-16
5428.25 1.9247e-16
5429.775 1.1646e-16
5431.3 7.0808e-17
5432.825 1.6136e-16
5434.35 1.2077e-16
5435.875 1.0678e-16
5437.4 6.2472e-17
5438.925 1.0582e-16
5440.45 7.2251e-17
5441.975 1.1622e-16
5443.5 1.4587e-16
5445.025 9.617e-17
5446.55 9.3827e-18
5448.075 2.4157e-17
5449.6 8.6719e-17
5451.125 9.9584e-17
5452.65 1.3211e-16
5454.175 7.2991e-17
5455.7 1.0005e-16
5457.225 7.4149e-17
5458.75 1.7061e-16
5460.275 1.2158e-16
5461.8 6.8594e-17
5463.325 8.6552e-17
5464.85 7.915e-17
5466.375 3.6279e-17
5467.9 4.0146e-17
5469.425 9.7295e-17
5470.95 1.0293e-16
5472.475 1.435e-16
5474.0 1.4567e-16
5475.525 1.3984e-16
5477.05 7.9103e-17
5478.575 1.3637e-16
5480.1 1.1908e-16
5481.625 9.1382e-17
5483.15 1.5255e-16
5484.675 1.5684e-16
5486.2 1.9446e-16
5487.725 1.2054e-16
5489.25 1.5034e-16
5490.775 1.1509e-16
5492.3 1.0162e-16
5493.825 1.4999e-16
5495.35 1.8296e-16
5496.875 1.5087e-16
5498.4 1.7048e-16
5499.925 8.1745e-17
5501.45 8.3817e-17
5502.975 8.8941e-17
5504.5 9.9878e-17
5506.025 1.1281e-16
5507.55 1.0407e-16
5509.075 1.1677e-16
5510.6 1.0678e-16
5512.125 9.9272e-17
5513.65 1.2765e-16
5515.175 3.7316e-17
5516.7 2.1292e-17
5518.225 8.7876e-17
5519.75 1.5156e-16
5521.275 1.2095e-16
5522.8 7.944e-17
5524.325 9.7485e-17
5525.85 1.4643e-16
5527.375 1.5924e-16
5528.9 1.5653e-16
5530.425 1.6012e-16
5531.95 1.5806e-16
5533.475 7.607e-17
5535.0 9.2572e-17
5536.525 1.2663e-16
5538.05 7.4109e-17
5539.575 6.5107e-17
5541.1 1.0668e-16
5542.625 1.5981e-16
5544.15 1.6588e-16
5545.675 1.1629e-16
5547.2 8.5941e-17
5548.725 6.55e-17
5550.25 9.2583e-17
5551.775 1.31e-16
5553.3 7.7015e-17
5554.825 7.9411e-17
5556.35 1.0823e-16
5557.875 1.2628e-16
5559.4 8.2742e-17
5560.925 4.687e-17
5562.45 6.7274e-17
5563.975 1.1716e-16
5565.5 8.8434e-17
5567.025 1.0256e-16
5568.55 1.014e-16
5570.075 7.0445e-17
5571.6 9.7322e-17
5573.125 1.1404e-16
5574.65 8.691e-17
5576.175 1.1817e-16
5577.7 9.0759e-17
5579.225 7.3174e-17
5580.75 1.0108e-16
5582.275 8.6536e-17
5583.8 3.4225e-17
5585.325 3.1507e-17
5586.85 1.1652e-16
5588.375 9.3208e-17
5589.9 3.9702e-17
5591.425 8.9266e-17
5592.95 1.1659e-16
5594.475 6.7202e-17
5596.0 5.9777e-17
5597.525 -9.6312e-18
5599.05 9.3418e-17
5600.575 2.0055e-16
5602.1 2.0302e-16
5603.625 1.443e-16
5605.15 1.0878e-16
5606.675 1.1561e-16
5608.2 1.2063e-16
5609.725 1.5054e-16
5611.25 1.5414e-16
5612.775 4.6359e-17
5614.3 4.2509e-17
5615.825 6.0179e-17
5617.35 9.8436e-17
5618.875 8.3407e-17
5620.4 9.7432e-17
5621.925 8.7213e-17
5623.45 9.7443e-17
5624.975 8.2487e-17
5626.5 6.7539e-17
5628.025 3.3497e-17
5629.55 7.2047e-17
5631.075 1.5373e-16
5632.6 1.6066e-16
5634.125 1.0514e-16
5635.65 6.3133e-17
5637.175 6.0028e-17
5638.7 3.1088e-17
5640.225 7.9018e-17
5641.75 1.0381e-16
5643.275 1.2014e-16
5644.8 1.4033e-16
5646.325 1.1273e-16
5647.85 1.3823e-16
5649.375 1.5242e-16
5650.9 1.6265e-16
5652.425 1.2836e-16
5653.95 1.2051e-16
5655.475 1.5198e-16
5657.0 1.0225e-16
5658.525 5.7648e-17
5660.05 1.3106e-16
5661.575 1.3599e-16
5663.1 1.1475e-16
5664.625 1.1435e-16
5666.15 1.1705e-16
5667.675 1.5979e-16
5669.2 9.8919e-17
5670.725 9.96e-17
5672.25 7.9e-17
5673.775 6.4197e-17
5675.3 8.8254e-17
5676.825 1.428e-16
5678.35 1.4366e-16
5679.875 9.6467e-17
5681.4 3.9888e-17
5682.925 5.1289e-17
5684.45 1.7032e-16
5685.975 1.4731e-16
5687.5 1.4728e-16
5689.025 1.5444e-16
5690.55 1.2026e-16
5692.075 5.2664e-17
5693.6 8.5074e-17
5695.125 1.1738e-16
5696.65 1.0803e-16
5698.175 9.5775e-17
5699.7 9.5704e-17
5701.225 7.3542e-17
5702.75 6.7719e-17
5704.275 7.5658e-17
5705.8 1.1184e-16
5707.325 7.5369e-17
5708.85 9.0727e-17
5710.375 1.3748e-16
5711.9 7.8915e-17
5713.425 3.6181e-17
5714.95 5.4544e-17
5716.475 8.545e-17
5718.0 8.0528e-17
5719.525 5.1394e-17
5721.05 6.2521e-17
5722.575 1.2507e-16
5724.1 1.1538e-16
5725.625 9.8785e-17
5727.15 1.3563e-16
5728.675 1.2293e-16
5730.2 1.0301e-16
5731.725 8.3165e-17
5733.25 8.7806e-17
5734.775 1.3156e-16
5736.3 1.5842e-16
5737.825 1.5864e-16
5739.35 1.0741e-16
5740.875 2.8296e-17
5742.4 6.2057e-17
5743.925 1.007e-16
5745.45 1.0516e-16
5746.975 9.7483e-17
5748.5 1.1917e-16
5750.025 7.2436e-17
5751.55 8.0797e-17
5753.075 8.1631e-17
5754.6 6.9307e-17
5756.125 1.1483e-16
5757.65 1.0337e-16
5759.175 1.646e-16
5760.7 1.5578e-16
5762.225 5.2723e-17
5763.75 4.9442e-17
5765.275 9.1076e-17
5766.8 8.452e-17
5768.325 9.6789e-17
5769.85 1.0214e-16
5771.375 8.9244e-17
5772.9 7.4171e-17
5774.425 6.815e-17
5775.95 1.1106e-16
5777.475 9.6286e-17
5779.0 7.198e-17
5780.525 5.3441e-17
5782.05 6.1121e-17
5783.575 8.45e-17
5785.1 1.0167e-16
5786.625 1.0155e-16
5788.15 1.2755e-16
5789.675 1.2336e-16
5791.2 1.1888e-16
5792.725 5.7709e-17
5794.25 2.5609e-17
5795.775 6.5922e-17
5797.3 5.4875e-17
5798.825 8.4757e-17
5800.35 1.0096e-16
5801.875 4.7187e-17
5803.4 4.3213e-17
5804.925 7.7176e-17
5806.45 1.2509e-16
5807.975 1.4318e-16
5809.5 1.2348e-16
5811.025 1.1043e-16
5812.55 1.0293e-16
5814.075 1.1666e-16
5815.6 1.1242e-16
5817.125 8.3504e-17
5818.65 6.503e-17
5820.175 1.0828e-16
5821.7 9.6686e-17
5823.225 1.2433e-16
5824.75 9.9945e-17
5826.275 -3.3015e-18
5827.8 -1.7176e-17
5829.325 5.1132e-17
5830.85 1.1832e-16
5832.375 1.21e-16
5833.9 7.4768e-17
5835.425 8.8292e-17
5836.95 1.0834e-16
5838.475 1.2178e-16
5840.0 1.2554e-16
5841.525 4.4011e-17
5843.05 5.6626e-17
5844.575 1.0684e-16
5846.1 1.1335e-16
5847.625 8.9196e-17
5849.15 5.6379e-17
5850.675 6.3742e-17
5852.2 8.9772e-17
5853.725 8.7875e-17
5855.25 3.6968e-17
5856.775 5.4672e-17
5858.3 9.7734e-17
5859.825 1.0488e-16
5861.35 9.4731e-17
5862.875 1.0492e-16
5864.4 6.6128e-17
5865.925 3.4535e-17
5867.45 2.665e-17
5868.975 2.8077e-17
5870.5 7.3316e-17
5872.025 1.1031e-16
5873.55 1.0359e-16
5875.075 8.5381e-17
5876.6 4.245e-17
5878.125 5.0924e-17
5879.65 6.5463e-17
5881.175 3.1923e-17
5882.7 8.5551e-17
5884.225 1.1301e-16
5885.75 1.287e-16
5887.275 1.6795e-16
5888.8 1.8344e-16
5890.325 1.4826e-16
5891.85 1.4126e-16
5893.375 1.3397e-16
5894.9 1.4349e-16
5896.425 7.0835e-17
5897.95 9.0611e-17
5899.475 1.0108e-16
5901.0 8.771e-17
5902.525 4.8919e-17
5904.05 2.609e-17
5905.575 2.4378e-17
5907.1 1.9688e-17
5908.625 4.1979e-17
5910.15 1.0407e-16
5911.675 8.9916e-17
5913.2 1.0076e-16
5914.725 7.8586e-17
5916.25 4.635e-17
5917.775 3.4035e-17
5919.3 5.7885e-17
5920.825 2.9665e-17
5922.35 5.8385e-17
5923.875 1.1387e-16
5925.4 1.2696e-16
5926.925 1.079e-16
5928.45 1.0356e-16
5929.975 8.6972e-17
5931.5 4.8065e-17
5933.025 4.4396e-17
5934.55 8.6745e-17
5936.075 1.2634e-16
5937.6 1.32e-16
5939.125 8.9294e-17
5940.65 3.6857e-17
5942.175 5.1823e-17
5943.7 1.1016e-16
5945.225 1.1913e-16
5946.75 1.1802e-16
5948.275 1.0214e-16
5949.8 8.4742e-17
5951.325 4.076e-17
5952.85 3.9801e-17
5954.375 6.3702e-17
5955.9 5.4129e-17
5957.425 8.025e-17
5958.95 8.0377e-17
5960.475 2.888e-17
5962.0 -5.0098e-18
5963.525 2.9011e-17
5965.05 6.726e-17
5966.575 3.1387e-17
5968.1 -9.519e-18
5969.625 2.9941e-17
5971.15 4.9587e-17
5972.675 4.4982e-17
5974.2 1.9508e-17
5975.725 7.9628e-18
5977.25 6.0162e-17
5978.775 9.086e-17
5980.3 4.8245e-17
5981.825 5.2571e-17
5983.35 1.0429e-16
5984.875 1.0787e-16
5986.4 9.8892e-17
5987.925 5.8099e-17
5989.45 3.3549e-17
5990.975 3.3141e-17
5992.5 4.6363e-17
5994.025 8.1755e-17
5995.55 8.0696e-17
5997.075 7.5182e-17
5998.6 5.1976e-17
6000.125 5.2449e-17
6001.65 2.8116e-17
6003.175 2.3211e-17
6004.7 1.6212e-17
6006.225 3.1291e-17
6007.75 5.7842e-17
6009.275 7.3815e-17
6010.8 5.4314e-17
6012.325 7.5081e-17
6013.85 9.6461e-17
6015.375 9.4909e-17
6016.9 8.1184e-17
6018.425 4.9459e-17
6019.95 1.6821e-17
6021.475 1.7507e-17
6023.0 2.4983e-17
6024.525 7.2934e-17
6026.05 8.8974e-17
6027.575 5.4098e-17
6029.1 5.6286e-17
6030.625 9.3254e-17
6032.15 6.1709e-17
6033.675 2.0196e-17
6035.2 3.5986e-17
6036.725 6.071e-17
6038.25 5.0126e-17
6039.775 3.832e-17
6041.3 2.7667e-18
6042.825 1.9809e-17
6044.35 6.8052e-17
6045.875 9.7963e-17
6047.4 5.4399e-17
6048.925 2.7824e-17
6050.45 6.7063e-17
6051.975 1.0107e-16
6053.5 7.6018e-17
6055.025 5.3316e-17
6056.55 6.76e-17
6058.075 1.3933e-16
6059.6 1.6419e-16
6061.125 1.5863e-16
6062.65 1.5952e-16
6064.175 1.5595e-16
6065.7 1.0914e-16
6067.225 9.0061e-17
6068.75 9.2249e-17
6070.275 8.0467e-17
6071.8 8.4885e-17
6073.325 3.724e-17
6074.85 1.7721e-17
6076.375 9.5985e-18
6077.9 2.0134e-17
6079.425 5.7704e-17
6080.95 1.2996e-16
6082.475 1.2745e-16
6084.0 7.7592e-17
6085.525 5.6775e-17
6087.05 4.2211e-17
6088.575 5.6695e-17
6090.1 1.2852e-16
6091.625 1.1643e-16
6093.15 8.8337e-17
6094.675 5.7423e-17
6096.2 5.1063e-17
6097.725 5.1376e-17
6099.25 9.0271e-17
6100.775 7.0877e-17
6102.3 7.2534e-17
6103.825 5.3076e-17
6105.35 3.996e-17
6106.875 4.98e-17
6108.4 5.5481e-17
6109.925 8.6793e-17
6111.45 8.5406e-17
6112.975 5.8879e-17
6114.5 5.2708e-17
6116.025 7.5824e-17
6117.55 4.832e-17
6119.075 4.8436e-17
6120.6 1.0154e-16
6122.125 6.9218e-17
6123.65 8.0693e-17
6125.175 7.5739e-17
6126.7 5.7684e-17
6128.225 1.2598e-16
6129.75 1.2512e-16
6131.275 1.025e-16
6132.8 1.0684e-16
6134.325 8.2396e-17
6135.85 5.8741e-17
6137.375 8.7422e-17
6138.9 8.5157e-17
6140.425 8.0195e-17
6141.95 7.775e-17
6143.475 6.9999e-17
6145.0 9.7478e-17
6146.525 1.3912e-16
6148.05 1.1478e-16
6149.575 5.1349e-17
6151.1 6.0968e-17
6152.625 7.7841e-17
6154.15 6.9027e-17
6155.675 7.0793e-17
6157.2 3.5655e-17
6158.725 1.4693e-17
6160.25 2.9939e-17
6161.775 5.9146e-17
6163.3 8.4446e-17
6164.825 9.5027e-17
6166.35 8.5697e-17
6167.875 9.0448e-17
6169.4 7.2744e-17
6170.925 4.2213e-17
6172.45 1.001e-16
6173.975 7.7763e-17
6175.5 5.2509e-17
6177.025 9.9639e-17
6178.55 1.0525e-16
6180.075 5.2445e-17
6181.6 9.2437e-17
6183.125 6.8496e-17
6184.65 6.0332e-17
6186.175 1.1057e-16
6187.7 1.2515e-16
6189.225 7.8493e-17
6190.75 8.1024e-17
6192.275 9.0071e-17
6193.8 6.3576e-17
6195.325 4.5067e-17
6196.85 8.2171e-17
6198.375 8.4628e-17
6199.9 7.0622e-17
6201.425 3.8781e-17
6202.95 5.0924e-17
6204.475 7.5355e-17
6206.0 5.7995e-17
6207.525 6.1755e-17
6209.05 7.8103e-17
6210.575 4.6609e-17
6212.1 2.0604e-17
6213.625 2.653e-17
6215.15 4.691e-17
6216.675 1.0698e-16
6218.2 1.0866e-16
6219.725 5.3254e-17
6221.25 5.4776e-17
6222.775 7.2777e-17
6224.3 5.1966e-17
6225.825 9.7796e-17
6227.35 1.4124e-16
6228.875 9.3754e-17
6230.4 6.4211e-17
6231.925 9.6251e-17
6233.45 1.0554e-16
6234.975 1.0366e-16
6236.5 1.0844e-16
6238.025 8.4538e-17
6239.55 5.3944e-17
6241.075 1.5142e-17
6242.6 2.4439e-17
6244.125 7.1348e-17
6245.65 9.8311e-17
6247.175 9.841e-17
6248.7 2.7117e-17
6250.225 2.816e-17
6251.75 4.9674e-17
6253.275 7.2961e-18
6254.8 -7.9874e-18
6256.325 3.4064e-17
6257.85 4.4959e-17
6259.375 1.451e-17
6260.9 5.7715e-17
6262.425 6.3502e-17
6263.95 5.9143e-17
6265.475 6.1035e-17
6267.0 2.8757e-17
6268.525 3.4632e-17
6270.05 6.5156e-17
6271.575 3.4997e-17
6273.1 5.7773e-18
6274.625 -3.667e-17
6276.15 -4.1562e-17
6277.675 5.1549e-19
6279.2 1.0451e-17
6280.725 3.9803e-17
6282.25 7.7636e-17
6283.775 8.187e-17
6285.3 5.4983e-17
6286.825 5.4179e-17
6288.35 5.7273e-17
6289.875 8.6946e-17
6291.4 7.7815e-17
6292.925 7.736e-17
6294.45 1.2478e-16
6295.975 1.2125e-16
6297.5 5.863e-17
6299.025 5.1939e-17
6300.55 9.2459e-17
6302.075 6.5212e-17
6303.6 2.2071e-17
6305.125 1.8955e-17
6306.65 2.1227e-17
6308.175 3.8478e-17
6309.7 4.0402e-17
6311.225 4.8378e-17
6312.75 5.8908e-17
6314.275 3.7583e-17
6315.8 -8.3025e-18
6317.325 5.3727e-18
6318.85 8.077e-17
6320.375 7.904e-17
6321.9 5.313e-17
6323.425 7.892e-17
6324.95 7.1666e-17
6326.475 5.9202e-17
6328.0 7.0117e-17
6329.525 6.0963e-17
6331.05 7.2394e-17
6332.575 7.8137e-17
6334.1 7.0285e-17
6335.625 4.1212e-17
6337.15 3.1481e-17
6338.675 4.8035e-17
6340.2 3.3437e-17
6341.725 1.1431e-17
6343.25 2.6398e-17
6344.775 5.9708e-17
6346.3 8.0646e-17
6347.825 7.8961e-17
6349.35 7.2386e-17
6350.875 7.1478e-17
6352.4 8.2811e-17
6353.925 8.8332e-17
6355.45 6.5479e-17
6356.975 6.4669e-17
6358.5 4.732e-17
6360.025 4.6306e-17
6361.55 6.6339e-17
6363.075 7.1797e-17
6364.6 8.8985e-17
6366.125 6.0564e-17
6367.65 4.7653e-17
6369.175 6.6482e-17
6370.7 5.4813e-17
6372.225 4.1175e-17
6373.75 2.5106e-17
6375.275 4.5334e-17
6376.8 4.3366e-17
6378.325 3.6243e-17
6379.85 5.7934e-17
6381.375 4.8428e-17
6382.9 1.84e-17
6384.425 -2.4852e-18
6385.95 1.8287e-17
6387.475 7.9235e-17
6389.0 6.8167e-17
6390.525 6.8859e-17
6392.05 1.421e-16
6393.575 1.4584e-16
6395.1 7.8386e-17
6396.625 2.3155e-17
6398.15 4.4513e-17
6399.675 7.9368e-17
6401.2 5.5854e-17
6402.725 3.4372e-17
6404.25 5.4206e-17
6405.775 1.0223e-16
6407.3 9.6612e-17
6408.825 6.2229e-17
6410.35 5.8445e-17
6411.875 7.7962e-17
6413.4 8.3597e-17
6414.925 4.844e-17
6416.45 6.2898e-18
6417.975 3.3792e-17
6419.5 4.9171e-17
6421.025 3.7284e-17
6422.55 1.4357e-17
6424.075 8.2241e-18
6425.6 3.961e-17
6427.125 7.2476e-17
6428.65 6.1386e-17
6430.175 6.5762e-17
6431.7 9.7872e-17
6433.225 7.6499e-17
6434.75 2.8449e-17
6436.275 3.7668e-17
6437.8 3.7718e-17
6439.325 1.3178e-17
6440.85 -1.7643e-17
6442.375 -9.6859e-18
6443.9 2.0129e-17
6445.425 4.2428e-17
6446.95 4.3193e-17
6448.475 6.4075e-18
6450.0 2.4084e-17
6451.525 5.3831e-17
6453.05 9.6162e-17
6454.575 1.164e-16
6456.1 1.0203e-16
6457.625 8.3551e-17
6459.15 5.0032e-17
6460.675 5.0821e-17
6462.2 4.3345e-17
6463.725 4.0957e-17
6465.25 4.8591e-17
6466.775 6.7788e-17
6468.3 7.6706e-17
6469.825 4.5946e-17
6471.35 5.64e-17
6472.875 2.2389e-17
6474.4 4.5048e-17
6475.925 9.0898e-17
6477.45 6.8183e-17
6478.975 4.8865e-17
6480.5 6.1652e-17
6482.025 8.1734e-17
6483.55 1.0877e-16
6485.075 7.5414e-17
6486.6 3.8443e-17
6488.125 1.8804e-17
6489.65 1.9814e-17
6491.175 6.913e-17
6492.7 2.8212e-17
6494.225 5.3118e-17
6495.75 1.0177e-16
6497.275 1.0564e-16
6498.8 9.0293e-17
6500.325 1.0283e-16
6501.85 9.7135e-17
6503.375 1.1932e-16
6504.9 1.091e-16
6506.425 3.1261e-17
6507.95 1.3106e-17
6509.475 3.8413e-17
6511.0 5.388e-17
6512.525 9.8001e-17
6514.05 1.2902e-16
6515.575 1.4067e-16
6517.1 9.0678e-17
6518.625 9.0098e-17
6520.15 9.4895e-17
6521.675 5.5186e-17
6523.2 2.3268e-17
6524.725 1.0319e-17
6526.25 1.0684e-17
6527.775 3.2478e-17
6529.3 3.0334e-17
6530.825 1.6445e-17
6532.35 3.0166e-17
6533.875 2.4472e-17
6535.4 4.4989e-17
6536.925 5.4848e-17
6538.45 3.4922e-17
6539.975 3.9127e-17
6541.5 6.5106e-17
6543.025 1.1258e-16
6544.55 8.0459e-17
6546.075 4.8566e-17
6547.6 3.2181e-17
6549.125 2.9433e-17
6550.65 5.9691e-17
6552.175 9.4551e-17
6553.7 8.1966e-17
6555.225 7.6122e-17
6556.75 6.2125e-17
6558.275 2.0423e-17
6559.8 3.5135e-17
6561.325 7.1126e-17
6562.85 8.0287e-17
6564.375 9.2667e-17
6565.9 9.1287e-17
6567.425 5.447e-17
6568.95 1.9681e-17
6570.475 5.2489e-17
6572.0 6.0194e-17
6573.525 5.6673e-17
6575.05 5.3081e-17
6576.575 5.1751e-17
6578.1 6.2809e-17
6579.625 5.8249e-17
6581.15 5.8943e-17
6582.675 8.1311e-17
6584.2 6.045e-17
6585.725 5.0249e-17
6587.25 5.1206e-17
6588.775 5.2233e-17
6590.3 6.7603e-17
6591.825 4.3698e-17
6593.35 3.4484e-17
6594.875 3.8017e-17
6596.4 9.1272e-17
6597.925 9.7063e-17
6599.45 8.3903e-17
6600.975 5.8205e-17
6602.5 2.3361e-17
6604.025 2.6233e-17
6605.55 8.2388e-17
6607.075 7.3216e-17
6608.6 6.7149e-17
6610.125 5.7763e-17
6611.65 4.6982e-17
6613.175 7.1622e-17
6614.7 5.9025e-17
6616.225 4.0622e-17
6617.75 5.3026e-17
6619.275 6.2421e-17
6620.8 8.3577e-17
6622.325 7.211e-17
6623.85 4.5241e-17
6625.375 4.6678e-17
6626.9 8.755e-17
6628.425 7.058e-17
6629.95 1.0847e-17
6631.475 8.1517e-18
6633.0 4.9439e-17
6634.525 6.6004e-17
6636.05 3.0131e-17
6637.575 4.2341e-17
6639.1 6.4432e-17
6640.625 7.5587e-17
6642.15 6.3936e-17
6643.675 3.0327e-17
6645.2 4.2998e-17
6646.725 7.7333e-17
6648.25 7.3891e-17
6649.775 7.2095e-17
6651.3 6.7682e-17
6652.825 4.9237e-17
6654.35 4.5203e-17
6655.875 1.6318e-17
6657.4 -1.4269e-17
6658.925 2.7326e-17
6660.45 8.5495e-17
6661.975 9.5765e-17
6663.5 6.8895e-17
6665.025 4.1389e-17
6666.55 4.9102e-17
6668.075 7.4908e-17
6669.6 7.848e-17
6671.125 7.7974e-17
6672.65 5.7801e-17
6674.175 4.0022e-17
6675.7 7.9679e-17
6677.225 7.4802e-17
6678.75 4.4019e-17
6680.275 6.1655e-17
6681.8 5.9204e-17
6683.325 3.6196e-17
6684.85 3.5835e-17
6686.375 2.0754e-17
6687.9 3.2515e-17
6689.425 4.5453e-17
6690.95 5.6496e-18
6692.475 6.0073e-18
6694.0 8.079e-18
6695.525 -1.9301e-17
6697.05 -4.605e-18
6698.575 2.9445e-17
6700.1 6.514e-17
6701.625 6.54e-17
6703.15 1.6275e-17
6704.675 2.2935e-17
6706.2 4.7853e-17
6707.725 5.9942e-17
6709.25 8.5682e-17
6710.775 8.0607e-17
6712.3 8.02e-17
6713.825 1.0158e-16
6715.35 8.1009e-17
6716.875 5.7063e-17
6718.4 4.6047e-17
6719.925 5.936e-17
6721.45 7.4817e-17
6722.975 7.759e-17
6724.5 1.1259e-16
6726.025 7.6887e-17
6727.55 4.3366e-17
6729.075 5.7902e-17
6730.6 4.7184e-17
6732.125 2.4847e-17
6733.65 2.5965e-17
6735.175 5.254e-17
6736.7 8.8673e-17
6738.225 9.256e-17
6739.75 6.9949e-17
6741.275 2.3712e-17
6742.8 1.3603e-17
6744.325 1.526e-17
6745.85 5.2242e-17
6747.375 1.1367e-16
6748.9 1.045e-16
6750.425 8.6686e-17
6751.95 9.4364e-17
6753.475 9.1161e-17
6755.0 2.6621e-17
6756.525 9.7757e-18
6758.05 5.1219e-18
6759.575 7.9137e-18
6761.1 4.6101e-17
6762.625 5.1216e-17
6764.15 6.9873e-17
6765.675 6.987e-17
6767.2 5.8013e-17
6768.725 5.9399e-17
6770.25 3.417e-17
6771.775 3.3729e-17
6773.3 2.0087e-17
6774.825 4.9471e-17
6776.35 4.2073e-17
6777.875 6.3709e-17
6779.4 8.4686e-17
6780.925 9.0819e-17
6782.45 8.3306e-17
6783.975 8.6227e-17
6785.5 9.9641e-17
6787.025 6.7126e-17
6788.55 6.4413e-17
6790.075 4.8502e-17
6791.6 5.3279e-17
6793.125 5.0508e-17
6794.65 3.8922e-17
6796.175 2.4605e-17
6797.7 3.8961e-17
6799.225 6.8822e-17
6800.75 5.4689e-17
6802.275 3.7799e-17
6803.8 4.3057e-17
6805.325 4.3089e-17
6806.85 3.8212e-17
6808.375 3.9171e-17
6809.9 2.9461e-17
6811.425 3.0676e-17
6812.95 7.832e-17
6814.475 1.0238e-16
6816.0 6.0446e-17
6817.525 5.973e-17
6819.05 6.3497e-17
6820.575 2.5873e-17
6822.1 3.1283e-17
6823.625 8.4353e-17
6825.15 9.4105e-17
6826.675 6.2651e-17
6828.2 4.8371e-17
6829.725 4.9287e-17
6831.25 4.052e-17
6832.775 3.2978e-17
6834.3 9.4586e-17
6835.825 6.2187e-17
6837.35 1.7431e-17
6838.875 3.4563e-17
6840.4 4.0952e-17
6841.925 2.9229e-17
6843.45 6.2242e-17
6844.975 6.1148e-17
6846.5 9.652e-17
6848.025 7.7842e-17
6849.55 3.0191e-17
6851.075 2.9083e-17
6852.6 3.4476e-17
6854.125 3.8204e-17
6855.65 2.746e-17
6857.175 3.9361e-17
6858.7 8.8914e-17
6860.225 8.6721e-17
6861.75 6.7435e-17
6863.275 7.2695e-17
6864.8 4.1803e-17
6866.325 -6.3201e-18
6867.85 -1.5628e-17
6869.375 3.379e-18
6870.9 1.5843e-17
6872.425 1.1845e-17
6873.95 5.2879e-17
6875.475 1.0623e-16
6877.0 6.3976e-17
6878.525 2.3638e-17
6880.05 6.166e-17
6881.575 8.1569e-17
6883.1 6.5236e-17
6884.625 5.5301e-17
6886.15 5.2962e-17
6887.675 5.3471e-17
6889.2 5.4174e-17
6890.725 4.6597e-17
6892.25 2.3004e-17
6893.775 1.7635e-17
6895.3 6.1856e-17
6896.825 6.2518e-17
6898.35 3.9553e-17
6899.875 5.1272e-17
6901.4 4.1132e-17
6902.925 4.4306e-17
6904.45 3.493e-17
6905.975 2.4723e-17
6907.5 2.6781e-17
6909.025 2.8737e-17
6910.55 3.945e-17
6912.075 5.2518e-17
6913.6 5.9427e-17
6915.125 6.0625e-17
6916.65 9.3723e-17
6918.175 7.8387e-17
6919.7 3.4124e-17
6921.225 2.2041e-17
6922.75 2.4136e-17
6924.275 5.0069e-17
6925.8 7.4005e-17
6927.325 7.6058e-17
6928.85 6.2737e-17
6930.375 3.907e-17
6931.9 4.2874e-17
6933.425 7.0529e-17
6934.95 8.3022e-17
6936.475 7.2522e-17
6938.0 6.3438e-17
6939.525 6.3197e-17
6941.05 5.2085e-17
6942.575 2.589e-17
6944.1 1.4799e-17
6945.625 3.9921e-17
6947.15 5.843e-17
6948.675 5.2341e-17
6950.2 4.4121e-17
6951.725 7.6393e-17
6953.25 1.1642e-16
6954.775 6.541e-17
6956.3 2.8676e-17
6957.825 6.3909e-17
6959.35 7.9178e-17
6960.875 7.85e-17
6962.4 7.5983e-17
6963.925 3.1331e-17
6965.45 9.7071e-18
6966.975 2.596e-17
6968.5 2.4089e-17
6970.025 1.218e-17
6971.55 2.4169e-17
6973.075 6.5794e-17
6974.6 3.6465e-17
6976.125 9.1312e-18
6977.65 4.4772e-17
6979.175 7.3731e-17
6980.7 6.9365e-17
6982.225 5.5479e-17
6983.75 5.0523e-17
6985.275 2.8037e-17
6986.8 -1.1537e-17
6988.325 3.7861e-18
6989.85 1.5717e-17
6991.375 3.0467e-17
6992.9 6.1714e-17
6994.425 6.1714e-17
6995.95 4.6457e-17
6997.475 4.5986e-17
6999.0 6.6507e-17
7000.525 5.678e-17
7002.05 3.98e-17
7003.575 3.5051e-17
7005.1 1.599e-17
7006.625 1.613e-17
7008.15 4.416e-17
7009.675 6.3181e-17
7011.2 8.5203e-17
7012.725 8.3445e-17
7014.25 5.1346e-17
7015.775 3.8051e-17
7017.3 6.5296e-17
7018.825 7.3082e-17
7020.35 1.8338e-17
7021.875 1.7058e-17
7023.4 4.2257e-17
7024.925 5.8704e-17
7026.45 4.5798e-17
7027.975 5.073e-17
7029.5 4.2255e-17
7031.025 4.6889e-17
7032.55 6.1378e-17
7034.075 4.8534e-17
7035.6 5.9424e-17
7037.125 5.2003e-17
7038.65 2.071e-17
7040.175 1.6254e-17
7041.7 2.0029e-17
7043.225 2.4679e-17
7044.75 3.8317e-17
7046.275 5.7514e-17
7047.8 5.2148e-17
7049.325 3.8475e-18
7050.85 6.8636e-18
7052.375 5.9784e-17
7053.9 6.667e-17
7055.425 7.2527e-17
7056.95 8.4157e-17
7058.475 7.7923e-17
7060.0 6.2089e-17
7061.525 6.1561e-17
7063.05 7.553e-17
7064.575 4.4362e-17
7066.1 4.9805e-17
7067.625 7.889e-17
7069.15 4.9166e-17
7070.675 4.0896e-17
7072.2 4.4893e-17
7073.725 3.9973e-17
7075.25 4.9825e-17
7076.775 6.1094e-17
7078.3 6.9096e-17
7079.825 5.6273e-17
7081.35 3.6221e-17
7082.875 1.6382e-17
7084.4 1.5019e-18
7085.925 4.4017e-18
7087.45 1.2361e-17
7088.975 1.4213e-17
7090.5 2.1158e-18
7092.025 3.1972e-17
7093.55 6.1161e-17
7095.075 4.5339e-17
7096.6 4.2162e-17
7098.125 3.9943e-17
7099.65 1.6643e-17
7101.175 1.9897e-17
7102.7 2.7444e-17
7104.225 3.348e-17
7105.75 4.2731e-17
7107.275 4.1602e-17
7108.8 1.7537e-17
7110.325 1.9567e-17
7111.85 4.2574e-17
7113.375 7.4402e-17
7114.9 8.5029e-17
7116.425 5.5795e-17
7117.95 5.7507e-17
7119.475 6.501e-17
7121.0 6.1395e-17
7122.525 4.9664e-17
7124.05 5.9886e-17
7125.575 5.0518e-17
7127.1 3.9544e-17
7128.625 4.7083e-17
7130.15 5.0998e-17
7131.675 4.997e-17
7133.2 4.1424e-17
7134.725 3.9711e-17
7136.25 5.744e-17
7137.775 1.0163e-16
7139.3 9.7078e-17
7140.825 5.7272e-17
7142.35 4.6508e-17
7143.875 4.8911e-17
7145.4 2.8188e-17
7146.925 3.7673e-17
7148.45 6.4966e-17
7149.975 7.1652e-17
7151.5 5.2001e-17
7153.025 4.7174e-17
7154.55 6.1479e-17
7156.075 8.635e-17
7157.6 5.3268e-17
7159.125 1.5685e-17
7160.65 2.9318e-17
7162.175 3.8618e-17
7163.7 2.5843e-17
7165.225 3.7032e-17
7166.75 3.6571e-17
7168.275 8.0511e-17
7169.8 5.1633e-17
7171.325 1.5686e-17
7172.85 3.2221e-17
7174.375 2.8113e-17
7175.9 -1.3252e-18
7177.425 2.2728e-17
7178.95 5.6878e-17
7180.475 7.589e-17
7182.0 6.3875e-17
7183.525 7.1178e-17
7185.05 6.0103e-17
7186.575 6.5298e-17
7188.1 5.4835e-17
7189.625 3.6929e-17
7191.15 4.8966e-17
7192.675 5.4492e-17
7194.2 3.3755e-17
7195.725 7.1436e-18
7197.25 3.2201e-17
7198.775 5.8344e-17
7200.3 5.518e-17
7201.825 6.2859e-17
7203.35 4.3114e-17
7204.875 3.7493e-17
7206.4 2.9983e-17
7207.925 2.069e-17
7209.45 3.8616e-17
7210.975 7.8831e-17
7212.5 1.0183e-16
7214.025 8.2711e-17
7215.55 5.2479e-17
7217.075 5.2423e-17
7218.6 6.6182e-17
7220.125 5.2659e-17
7221.65 4.2754e-17
7223.175 4.6524e-17
7224.7 5.039e-17
7226.225 6.552e-17
7227.75 3.7969e-17
7229.275 1.2874e-17
7230.8 4.2726e-17
7232.325 8.2732e-17
7233.85 1.0722e-16
7235.375 7.6687e-17
7236.9 4.438e-17
7238.425 6.6007e-17
7239.95 6.0381e-17
7241.475 2.6584e-17
7243.0 1.954e-17
7244.525 2.4146e-17
7246.05 2.7005e-17
7247.575 2.2278e-17
7249.1 6.0588e-17
7250.625 7.9201e-17
7252.15 6.8271e-17
7253.675 8.3676e-17
7255.2 3.799e-17
7256.725 7.2603e-18
7258.25 4.0114e-17
7259.775 4.1402e-17
7261.3 5.1403e-17
7262.825 6.6349e-17
7264.35 8.5869e-17
7265.875 8.3728e-17
7267.4 7.2961e-17
7268.925 4.8156e-17
7270.45 1.2601e-17
7271.975 3.0161e-17
7273.5 4.7501e-17
7275.025 6.0562e-17
7276.55 5.916e-17
7278.075 7.0359e-17
7279.6 7.9447e-17
7281.125 6.4087e-17
7282.65 3.7116e-17
7284.175 4.2788e-17
7285.7 5.1144e-17
7287.225 3.2043e-17
7288.75 5.8117e-17
7290.275 4.4256e-17
7291.8 6.0097e-17
7293.325 7.5719e-17
7294.85 2.7926e-17
7296.375 1.1252e-17
7297.9 4.3708e-17
7299.425 6.4063e-17
7300.95 7.8984e-17
7302.475 6.4464e-17
7304.0 7.9943e-17
7305.525 6.1494e-17
7307.05 4.6308e-17
7308.575 8.6412e-17
7310.1 8.062e-17
7311.625 4.5741e-17
7313.15 8.6163e-18
7314.675 3.4442e-17
7316.2 6.2404e-17
7317.725 6.6093e-17
7319.25 5.9888e-17
7320.775 2.6123e-17
7322.3 4.505e-17
7323.825 8.3331e-17
7325.35 5.6342e-17
7326.875 1.2876e-17
7328.4 -7.4743e-18
7329.925 3.326e-17
7331.45 3.9475e-17
7332.975 2.6818e-17
7334.5 5.1507e-17
7336.025 5.0121e-17
7337.55 3.079e-17
7339.075 5.4033e-17
7340.6 5.6365e-17
7342.125 3.5323e-17
7343.65 1.9918e-17
7345.175 1.1398e-18
7346.7 1.032e-17
7348.225 3.837e-17
7349.75 3.3263e-17
7351.275 3.2613e-17
7352.8 1.9342e-17
7354.325 -1.8297e-17
7355.85 1.579e-18
7357.375 4.5758e-17
7358.9 6.3231e-17
7360.425 7.2905e-17
7361.95 7.349e-17
7363.475 4.4404e-17
7365.0 1.677e-17
7366.525 2.6611e-17
7368.05 2.9063e-17
7369.575 2.5311e-17
7371.1 2.9187e-17
7372.625 2.9628e-17
7374.15 4.1322e-17
7375.675 2.6542e-17
7377.2 9.4208e-18
7378.725 2.0606e-17
7380.25 4.0483e-17
7381.775 5.2788e-17
7383.3 5.9301e-17
7384.825 8.9079e-17
7386.35 9.2509e-17
7387.875 3.9573e-17
7389.4 1.7636e-17
7390.925 3.0338e-17
7392.45 1.7526e-17
7393.975 2.7571e-17
7395.5 6.9461e-17
7397.025 8.4478e-17
7398.55 6.2752e-17
7400.075 5.2486e-17
7401.6 5.8306e-17
7403.125 4.3604e-17
7404.65 2.9187e-17
7406.175 5.0496e-17
7407.7 4.7643e-17
7409.225 6.7776e-17
7410.75 7.456e-17
7412.275 6.2542e-17
7413.8 1.7753e-17
7415.325 2.0075e-17
7416.85 4.3429e-17
7418.375 5.0945e-17
7419.9 2.6218e-17
7421.425 8.0646e-18
7422.95 2.6403e-17
7424.475 5.9569e-17
7426.0 8.0385e-17
7427.525 6.9354e-17
7429.05 6.3788e-17
7430.575 6.5412e-17
7432.1 4.2886e-17
7433.625 2.7213e-17
7435.15 4.6891e-17
7436.675 7.4711e-17
7438.2 7.3319e-17
7439.725 4.0858e-17
7441.25 1.9251e-17
7442.775 1.647e-17
7444.3 4.0597e-17
7445.825 6.1528e-17
7447.35 6.0497e-17
7448.875 5.6912e-17
7450.4 7.4145e-17
7451.925 5.3801e-17
7453.45 4.4559e-17
7454.975 7.985e-18
7456.5 1.6629e-17
7458.025 4.098e-17
7459.55 4.9873e-17
7461.075 2.0266e-17
7462.6 2.1363e-17
7464.125 2.9635e-17
7465.65 4.5899e-17
7467.175 4.5933e-17
7468.7 6.2713e-17
7470.225 7.7129e-17
7471.75 5.7186e-17
7473.275 5.353e-17
7474.8 5.691e-17
7476.325 9.2366e-17
7477.85 6.7151e-17
7479.375 4.8369e-17
7480.9 6.7823e-17
7482.425 5.486e-17
7483.95 5.4068e-17
7485.475 8.6962e-17
7487.0 9.224e-17
7488.525 5.6315e-17
7490.05 6.0835e-17
7491.575 1.0537e-16
7493.1 5.3944e-17
7494.625 1.5577e-17
7496.15 2.8607e-17
7497.675 4.47e-17
7499.2 1.1912e-17
7500.725 -1.314e-18
7502.25 2.798e-17
7503.775 6.236e-17
7505.3 8.7308e-17
7506.825 6.8689e-17
7508.35 2.6159e-17
7509.875 1.1723e-17
7511.4 1.7675e-17
7512.925 1.1442e-17
7514.45 3.7388e-17
7515.975 8.4562e-17
7517.5 7.4462e-17
7519.025 4.753e-17
7520.55 5.3636e-17
7522.075 5.0347e-17
7523.6 4.8386e-17
7525.125 4.1545e-17
7526.65 2.9815e-18
7528.175 -1.3019e-18
7529.7 5.1285e-17
7531.225 7.3566e-17
7532.75 3.5788e-17
7534.275 4.7994e-17
7535.8 7.6448e-17
7537.325 4.0079e-17
7538.85 2.1126e-17
7540.375 4.848e-17
7541.9 3.7568e-17
7543.425 4.371e-17
7544.95 5.9653e-17
7546.475 3.7096e-17
7548.0 3.363e-17
7549.525 4.7609e-17
7551.05 3.454e-17
7552.575 7.5898e-18
7554.1 2.0245e-17
7555.625 3.9176e-17
7557.15 4.4683e-17
7558.675 4.6309e-17
7560.2 4.8692e-17
7561.725 6.1948e-17
7563.25 4.4732e-17
7564.775 3.3114e-17
7566.3 2.9076e-17
7567.825 2.2325e-17
7569.35 2.8125e-17
7570.875 3.5626e-17
7572.4 6.0919e-17
7573.925 6.1793e-17
7575.45 4.654e-17
7576.975 3.8137e-17
7578.5 3.0676e-17
7580.025 3.676e-17
7581.55 3.0755e-17
7583.075 6.6492e-17
7584.6 7.8007e-17
7586.125 5.6712e-17
7587.65 7.5364e-18
7589.175 1.1064e-18
7590.7 5.5423e-17
7592.225 8.3597e-17
7593.75 4.7042e-17
7595.275 6.0181e-17
7596.8 3.9549e-17
7598.325 -5.7805e-18
7599.85 -5.659e-17
7601.375 5.4324e-17
7602.9 1.3203e-16
7604.425 9.6641e-17
7605.95 -2.0953e-17
7607.475 7.5552e-17
7609.0 8.5596e-17
7610.525 6.6048e-17
7612.05 1.6641e-16
7613.575 1.7357e-16
7615.1 4.6518e-17
7616.625 2.1203e-17
7618.15 5.6725e-17
7619.675 3.2853e-17
7621.2 3.8668e-17
7622.725 7.59e-17
7624.25 8.1113e-17
7625.775 8.4352e-17
7627.3 5.7287e-17
7628.825 3.2012e-17
7630.35 9.2906e-17
7631.875 1.2668e-16
7633.4 5.4403e-17
7634.925 8.1604e-17
7636.45 1.7648e-16
7637.975 1.1808e-16
7639.5 5.6749e-17
7641.025 4.7374e-17
7642.55 4.0546e-17
7644.075 8.8626e-17
7645.6 1.2963e-16
7647.125 1.1009e-16
7648.65 7.0213e-17
7650.175 6.9693e-17
7651.7 7.8989e-17
7653.225 5.0369e-17
7654.75 7.349e-17
7656.275 1.1249e-16
7657.8 8.1666e-17
7659.325 3.344e-17
7660.85 -3.8994e-18
7662.375 3.9186e-17
7663.9 7.684e-17
7665.425 3.6154e-17
7666.95 2.3509e-17
7668.475 2.5106e-17
7670.0 4.0958e-17
7671.525 5.3323e-17
7673.05 3.0672e-17
7674.575 -7.8318e-18
7676.1 -6.1223e-18
7677.625 8.1444e-18
7679.15 4.356e-17
7680.675 4.0955e-17
7682.2 5.7926e-17
7683.725 9.2592e-17
7685.25 9.1559e-17
7686.775 4.2783e-17
7688.3 -1.2922e-17
7689.825 1.8186e-17
7691.35 2.3739e-17
7692.875 8.1384e-18
7694.4 4.2854e-17
7695.925 7.8364e-17
7697.45 5.3949e-17
7698.975 4.0826e-17
7700.5 5.0708e-17
7702.025 1.2578e-17
7703.55 1.3862e-17
7705.075 3.1501e-17
7706.6 4.1017e-17
7708.125 3.9924e-17
7709.65 1.911e-17
7711.175 3.1725e-17
7712.7 1.5836e-17
7714.225 1.2322e-17
7715.75 4.4962e-17
7717.275 2.7645e-17
7718.8 4.4088e-17
7720.325 4.0585e-17
7721.85 5.0858e-17
7723.375 5.9197e-17
7724.9 2.8722e-17
7726.425 1.533e-17
7727.95 2.8501e-17
7729.475 5.5116e-17
7731.0 5.6767e-17
7732.525 6.0413e-17
7734.05 3.4496e-17
7735.575 4.6003e-17
7737.1 2.4274e-17
7738.625 -6.3209e-18
7740.15 -2.2293e-17
7741.675 -5.8433e-20
7743.2 6.0725e-17
7744.725 5.6658e-17
7746.25 4.6323e-17
7747.775 4.7836e-17
7749.3 1.6033e-17
7750.825 4.6044e-17
7752.35 1.6027e-17
7753.875 -2.9836e-17
7755.4 -4.2411e-18
7756.925 6.1e-18
7758.45 2.2558e-18
7759.975 2.4304e-17
7761.5 4.8625e-17
7763.025 4.9175e-17
7764.55 4.23e-17
7766.075 7.1979e-18
7767.6 -1.5508e-17
7769.125 -3.2811e-18
7770.65 2.4845e-17
7772.175 3.0598e-17
7773.7 1.9384e-17
7775.225 4.6804e-17
7776.75 5.4537e-17
7778.275 3.8552e-17
7779.8 4.3553e-17
7781.325 2.9961e-17
7782.85 2.8316e-18
7784.375 -4.4673e-19
7785.9 6.4185e-18
7787.425 2.1674e-17
7788.95 5.0071e-17
7790.475 4.7947e-17
7792.0 2.2478e-17
7793.525 2.2516e-17
7795.05 3.7042e-17
7796.575 4.3728e-17
7798.1 4.5573e-17
7799.625 7.3238e-17
7801.15 9.7019e-17
7802.675 8.3859e-17
7804.2 4.5482e-17
7805.725 5.877e-17
7807.25 8.5342e-17
7808.775 5.4897e-17
7810.3 5.0962e-17
7811.825 5.4189e-17
7813.35 7.173e-17
7814.875 8.6777e-17
7816.4 2.3221e-17
7817.925 5.2043e-18
7819.45 6.2363e-17
7820.975 7.1166e-17
7822.5 3.7604e-17
7824.025 3.7888e-17
7825.55 3.9173e-17
7827.075 4.0387e-17
7828.6 4.448e-17
7830.125 5.1857e-17
7831.65 3.2054e-17
7833.175 2.3324e-17
7834.7 1.662e-17
7836.225 2.2103e-17
7837.75 3.9443e-17
7839.275 2.8061e-17
7840.8 3.4025e-17
7842.325 3.1422e-17
7843.85 -7.3363e-18
7845.375 1.3614e-17
7846.9 7.1827e-17
7848.425 4.4621e-17
7849.95 1.5987e-17
7851.475 1.8353e-17
7853.0 3.4881e-17
7854.525 6.9345e-17
7856.05 7.6509e-17
7857.575 6.8071e-17
7859.1 2.9214e-17
7860.625 2.6651e-17
7862.15 1.6898e-17
7863.675 1.9971e-17
7865.2 2.5595e-17
7866.725 4.7027e-17
7868.25 5.5282e-17
7869.775 2.4812e-19
7871.3 1.9042e-17
7872.825 7.3381e-17
7874.35 7.83e-17
7875.875 6.0784e-17
7877.4 4.3916e-17
7878.925 7.2705e-17
7880.45 8.034e-17
7881.975 2.1972e-17
7883.5 8.5633e-18
7885.025 5.883e-17
7886.55 6.5358e-17
7888.075 5.036e-17
7889.6 6.1507e-17
7891.125 6.045e-17
7892.65 3.7393e-17
7894.175 1.0837e-17
7895.7 -1.7821e-17
7897.225 -1.1359e-17
7898.75 1.2796e-17
7900.275 1.2709e-17
7901.8 3.9475e-17
7903.325 4.1117e-17
7904.85 2.8478e-18
7906.375 -7.3137e-18
7907.9 -1.6662e-18
7909.425 1.1651e-17
7910.95 3.0526e-17
7912.475 6.8279e-17
7914.0 7.4012e-17
7915.525 2.5158e-17
7917.05 -1.8417e-17
7918.575 3.4209e-17
7920.1 7.1985e-17
7921.625 6.1075e-17
7923.15 2.7928e-17
7924.675 3.6307e-17
7926.2 3.6346e-17
7927.725 3.6124e-17
7929.25 2.0317e-17
7930.775 3.3916e-17
7932.3 4.2041e-17
7933.825 1.8035e-17
7935.35 1.7122e-17
7936.875 1.3985e-17
7938.4 1.2197e-17
7939.925 1.5228e-17
7941.45 2.8695e-17
7942.975 2.9794e-17
7944.5 -5.2768e-18
7946.025 -1.2355e-17
7947.55 -1.6136e-17
7949.075 2.353e-18
7950.6 5.1667e-17
7952.125 3.3706e-17
7953.65 2.0362e-17
7955.175 1.8792e-17
7956.7 3.3232e-18
7958.225 6.0456e-18
7959.75 -8.1614e-18
7961.275 6.6381e-18
7962.8 7.4113e-18
7964.325 1.7273e-17
7965.85 2.9547e-17
7967.375 7.4701e-18
7968.9 -1.0811e-17
7970.425 9.7749e-18
7971.95 1.4233e-17
7973.475 3.7659e-17
7975.0 4.8482e-17
7976.525 4.374e-17
7978.05 1.52e-17
7979.575 1.3428e-17
7981.1 3.9102e-18
7982.625 -8.2894e-18
7984.15 -1.836e-17
7985.675 3.3548e-17
7987.2 6.649e-17
7988.725 4.0947e-17
7990.25 2.7973e-17
7991.775 4.5105e-17
7993.3 2.5685e-17
7994.825 1.4959e-17
7996.35 2.0372e-17
7997.875 2.0515e-17
7999.4 2.2638e-17
8000.925 2.8718e-17
8002.45 3.3445e-17
8003.975 4.0693e-17
8005.5 3.1686e-17
8007.025 9.3987e-18
8008.55 3.3921e-17
8010.075 7.4597e-17
8011.6 6.5599e-17
8013.125 5.1107e-17
8014.65 5.4004e-17
8016.175 3.3253e-17
8017.7 1.9945e-17
8019.225 3.9674e-17
8020.75 3.5635e-17
8022.275 9.426e-18
8023.8 1.0309e-17
8025.325 2.9744e-17
8026.85 4.9308e-17
8028.375 2.7171e-17
8029.9 -4.3163e-18
8031.425 1.0419e-17
8032.95 3.966e-17
8034.475 5.318e-17
8036.0 4.3353e-17
8037.525 3.9221e-17
8039.05 2.7945e-17
8040.575 1.142e-17
8042.1 -3.7943e-18
8043.625 3.6612e-18
8045.15 2.7768e-17
8046.675 5.5906e-17
8048.2 3.4362e-17
8049.725 -3.5801e-18
8051.25 -8.1241e-18
8052.775 4.1613e-17
8054.3 5.148e-17
8055.825 6.4185e-17
8057.35 3.8626e-17
8058.875 1.3993e-17
8060.4 -2.9049e-17
8061.925 -1.6104e-17
8063.45 3.6936e-17
8064.975 7.4415e-18
8066.5 3.5746e-19
8068.025 1.506e-17
8069.55 1.53e-17
8071.075 5.8304e-17
8072.6 4.1196e-17
8074.125 4.7791e-17
8075.65 4.4081e-17
8077.175 3.2421e-17
8078.7 3.2845e-17
8080.225 4.7538e-17
8081.75 1.6129e-17
8083.275 -2.0102e-17
8084.8 -2.8997e-17
8086.325 2.2774e-17
8087.85 2.287e-17
8089.375 -3.1725e-17
8090.9 -3.4673e-17
8092.425 8.1042e-18
8093.95 1.9333e-17
8095.475 -1.0211e-17
8097.0 -2.6441e-17
8098.525 -5.5297e-19
8100.05 2.4523e-17
8101.575 5.2292e-17
8103.1 3.7568e-17
8104.625 2.2532e-17
8106.15 3.9351e-17
8107.675 2.1217e-17
8109.2 8.9376e-18
8110.725 4.1381e-18
8112.25 1.7376e-17
8113.775 3.8986e-17
8115.3 2.5283e-17
8116.825 1.2378e-17
8118.35 4.9274e-18
8119.875 6.2814e-18
8121.4 1.5978e-17
8122.925 1.7566e-17
8124.45 3.2275e-17
8125.975 4.3245e-17
8127.5 3.8702e-17
8129.025 2.2382e-17
8130.55 2.2982e-17
8132.075 4.7856e-17
8133.6 4.2978e-17
8135.125 2.1277e-17
8136.65 4.3242e-18
8138.175 1.7924e-17
8139.7 4.3871e-17
8141.225 5.0569e-17
8142.75 2.821e-17
8144.275 2.0863e-17
8145.8 5.2676e-17
8147.325 4.2976e-17
8148.85 2.8782e-17
8150.375 3.1114e-17
8151.9 3.9971e-17
8153.425 2.0712e-17
8154.95 -5.2196e-19
8156.475 7.8599e-18
8158.0 2.0443e-17
8159.525 3.2271e-17
8161.05 2.2552e-17
8162.575 5.0089e-17
8164.1 2.7738e-17
8165.625 -1.4939e-17
8167.15 -3.0132e-17
8168.675 -2.7854e-17
8170.2 8.0094e-18
8171.725 1.4882e-17
8173.25 1.4603e-17
8174.775 1.57e-17
8176.3 2.0386e-17
8177.825 4.4903e-17
8179.35 5.2091e-17
8180.875 5.7204e-17
8182.4 8.0661e-17
8183.925 4.5171e-17
8185.45 2.2789e-17
8186.975 4.4816e-17
8188.5 6.2437e-17
8190.025 5.616e-17
8191.55 7.0235e-17
8193.075 7.2601e-17
8194.6 5.3794e-17
8196.125 4.1308e-17
8197.65 1.357e-17
8199.175 2.297e-17
8200.7 3.5305e-17
8202.225 5.1494e-17
8203.75 5.0892e-17
8205.275 3.1168e-17
8206.8 1.5163e-17
8208.325 1.5038e-18
8209.85 4.9644e-18
8211.375 2.794e-17
8212.9 6.6534e-17
8214.425 5.9347e-17
8215.95 2.0013e-17
8217.475 3.4555e-18
8219.0 2.5999e-17
8220.525 2.8632e-17
8222.05 1.0692e-18
8223.575 1.0901e-17
8225.1 3.3023e-17
8226.625 1.6962e-17
8228.15 1.3745e-17
8229.675 4.5695e-17
8231.2 4.4905e-17
8232.725 4.655e-17
8234.25 7.4242e-17
8235.775 6.1519e-17
8237.3 2.6852e-17
8238.825 9.3765e-18
8240.35 3.3862e-17
8241.875 6.6026e-17
8243.4 5.9163e-17
8244.925 4.8016e-17
8246.45 3.2009e-17
8247.975 1.7966e-17
8249.5 2.1326e-17
8251.025 4.7421e-17
8252.55 4.1537e-17
8254.075 2.7149e-17
8255.6 5.171e-17
8257.125 3.6225e-17
8258.65 3.3262e-18
8260.175 7.8005e-18
8261.7 4.0237e-17
8263.225 5.1214e-17
8264.75 4.9674e-17
8266.275 4.6304e-17
8267.8 4.4836e-17
8269.325 5.9713e-17
8270.85 6.2779e-17
8272.375 4.2403e-17
8273.9 3.3612e-18
8275.425 3.6743e-18
8276.95 2.7425e-17
8278.475 6.1571e-17
8280.0 7.2096e-17
8281.525 4.5041e-17
8283.05 4.0256e-17
8284.575 1.6912e-17
8286.1 1.8543e-17
8287.625 3.566e-17
8289.15 5.4418e-17
8290.675 2.5182e-17
8292.2 4.4633e-17
8293.725 5.4061e-17
8295.25 5.4453e-17
8296.775 7.7452e-17
8298.3 6.671e-17
8299.825 1.1208e-17
8301.35 -3.9257e-17
8302.875 -4.1668e-17
8304.4 7.2791e-19
8305.925 2.6088e-17
8307.45 2.3793e-17
8308.975 -8.712e-18
8310.5 -2.6509e-17
8312.025 4.6091e-17
8313.55 4.618e-17
8315.075 2.6066e-17
8316.6 4.0805e-17
8318.125 3.7442e-17
8319.65 5.509e-17
8321.175 6.2202e-17
8322.7 4.8151e-17
8324.225 2.8552e-17
8325.75 2.286e-17
8327.275 4.6479e-17
8328.8 2.7299e-17
8330.325 -1.0721e-17
8331.85 1.5126e-18
8333.375 1.1128e-17
8334.9 -1.4111e-17
8336.425 7.3183e-18
8337.95 9.8183e-17
8339.475 1.226e-16
8341.0 7.0647e-17
8342.525 4.4912e-17
8344.05 1.8181e-17
8345.575 -1.3952e-17
8347.1 8.7209e-18
8348.625 4.3686e-17
8350.15 3.5352e-17
8351.675 3.1473e-17
8353.2 4.9827e-17
8354.725 8.4957e-18
8356.25 -6.7306e-17
8357.775 -2.6786e-17
8359.3 5.3131e-17
8360.825 6.6318e-17
8362.35 6.6241e-17
8363.875 8.4137e-17
8365.4 6.9043e-17
8366.925 3.2803e-17
8368.45 4.0261e-17
8369.975 3.8835e-17
8371.5 2.8964e-18
8373.025 2.3961e-18
8374.55 1.3199e-17
8376.075 3.9699e-17
8377.6 2.7408e-17
8379.125 1.7329e-17
8380.65 1.3701e-17
8382.175 1.5285e-17
8383.7 1.687e-17
8385.225 1.3808e-17
8386.75 1.7613e-17
8388.275 2.6112e-17
8389.8 6.1679e-18
8391.325 -2.1881e-18
8392.85 6.327e-17
8394.375 9.6942e-17
8395.9 1.2462e-17
8397.425 1.1547e-17
8398.95 3.0563e-17
8400.475 9.3456e-18
8402.0 -3.0623e-17
8403.525 -2.5091e-17
8405.05 3.0457e-18
8406.575 -2.5801e-18
8408.1 5.8449e-18
8409.625 4.3039e-17
8411.15 5.0505e-17
8412.675 6.4549e-17
8414.2 3.8044e-17
8415.725 1.6957e-17
8417.25 4.2914e-18
8418.775 1.8988e-17
8420.3 2.3818e-17
8421.825 1.2583e-17
8423.35 7.1565e-18
8424.875 1.3508e-17
8426.4 2.494e-17
8427.925 -2.9478e-18
8429.45 -1.5992e-17
8430.975 3.308e-17
8432.5 2.8937e-17
8434.025 -2.9147e-18
8435.55 9.5413e-18
8437.075 4.6893e-17
8438.6 5.3311e-17
8440.125 3.7177e-17
8441.65 1.3863e-17
8443.175 -1.1642e-17
8444.7 5.9402e-18
8446.225 2.4018e-17
8447.75 1.0376e-17
8449.275 8.6452e-18
8450.8 2.118e-17
8452.325 3.4794e-17
8453.85 2.8088e-17
8455.375 1.2804e-17
8456.9 6.973e-18
8458.425 3.0889e-17
8459.95 8.6592e-17
8461.475 5.8832e-17
8463.0 8.6639e-18
8464.525 2.0014e-17
8466.05 8.8694e-19
8467.575 -2.3761e-17
8469.1 1.1718e-17
8470.625 3.8339e-17
8472.15 4.0035e-17
8473.675 3.1711e-17
8475.2 3.2609e-17
8476.725 4.1999e-17
8478.25 7.2196e-17
8479.775 6.6332e-17
8481.3 4.0565e-17
8482.825 3.367e-17
8484.35 5.1119e-17
8485.875 3.0627e-17
8487.4 4.285e-17
8488.925 1.6376e-17
8490.45 3.7797e-17
8491.975 1.8872e-17
8493.5 -2.044e-17
8495.025 -2.0968e-17
8496.55 1.2813e-17
8498.075 3.7207e-17
8499.6 2.6566e-17
8501.125 1.6406e-17
8502.65 2.6808e-17
8504.175 -1.4704e-17
8505.7 -9.4379e-18
8507.225 5.802e-18
8508.75 3.1076e-17
8510.275 5.488e-17
8511.8 5.8015e-17
8513.325 5.1578e-17
8514.85 3.5561e-17
8516.375 4.3412e-17
8517.9 5.2281e-17
8519.425 7.4323e-17
8520.95 9.4435e-17
8522.475 7.4096e-17
8524.0 5.9353e-17
8525.525 3.4972e-17
8527.05 7.6613e-18
8528.575 2.4829e-17
8530.1 4.0178e-17
8531.625 3.1008e-17
8533.15 2.2501e-17
8534.675 3.2142e-17
8536.2 1.0502e-17
8537.725 -1.7527e-17
8539.25 -7.6527e-18
8540.775 1.6898e-17
8542.3 4.8949e-17
8543.825 5.0012e-17
8545.35 6.7257e-17
8546.875 6.5651e-17
8548.4 1.9624e-17
8549.925 1.8185e-17
8551.45 5.4569e-17
8552.975 5.5951e-17
8554.5 4.6257e-17
8556.025 4.3035e-17
8557.55 2.3808e-17
8559.075 3.741e-17
8560.6 4.7989e-17
8562.125 2.925e-17
8563.65 1.3939e-17
8565.175 1.6796e-17
8566.7 8.862e-18
8568.225 -4.2748e-18
8569.75 3.4261e-17
8571.275 4.7686e-17
8572.8 1.8038e-17
8574.325 1.6167e-17
8575.85 3.1605e-17
8577.375 6.4921e-17
8578.9 5.7816e-17
8580.425 2.9658e-17
8581.95 2.5076e-17
8583.475 2.3793e-17
8585.0 1.0611e-17
8586.525 1.8282e-17
8588.05 3.1352e-17
8589.575 5.2222e-17
8591.1 3.7627e-17
8592.625 1.4768e-17
8594.15 5.1342e-17
8595.675 1.37e-17
8597.2 -1.8099e-17
8598.725 -9.0703e-19
8600.25 2.0529e-17
8601.775 2.4321e-17
8603.3 9.0621e-18
8604.825 -4.2906e-18
8606.35 -1.5497e-17
8607.875 3.3573e-17
8609.4 4.6218e-17
8610.925 -1.168e-18
8612.45 -1.6672e-17
8613.975 4.5332e-18
8615.5 4.8988e-17
8617.025 3.6189e-17
8618.55 3.0993e-17
8620.075 5.3848e-17
8621.6 8.4005e-17
8623.125 8.4463e-17
8624.65 5.4958e-17
8626.175 -2.4248e-18
8627.7 2.6731e-17
8629.225 6.0314e-17
8630.75 8.5056e-17
8632.275 7.9897e-17
8633.8 4.0903e-17
8635.325 1.8987e-17
8636.85 -3.2751e-18
8638.375 -8.6983e-18
8639.9 1.5774e-17
8641.425 4.5078e-17
8642.95 3.6464e-17
8644.475 2.3778e-17
8646.0 3.2345e-17
8647.525 5.9693e-17
8649.05 9.0937e-17
8650.575 6.4006e-17
8652.1 -8.0804e-18
8653.625 -3.7345e-18
8655.15 2.482e-17
8656.675 2.3441e-17
8658.2 3.3654e-17
8659.725 3.9018e-17
8661.25 5.2361e-17
8662.775 6.2742e-17
8664.3 5.0994e-17
8665.825 3.0867e-17
8667.35 3.9164e-17
8668.875 6.7793e-17
8670.4 7.6606e-17
8671.925 3.5518e-17
8673.45 -7.5843e-18
8674.975 -3.3896e-18
8676.5 3.8259e-17
8678.025 5.9496e-17
8679.55 3.0586e-18
8681.075 1.9263e-18
8682.6 1.8666e-17
8684.125 1.627e-17
8685.65 -2.0704e-17
8687.175 -1.6131e-17
8688.7 4.6657e-17
8690.225 4.9957e-17
8691.75 2.4592e-17
8693.275 5.842e-17
8694.8 6.1765e-17
8696.325 1.5962e-17
8697.85 -1.5604e-18
8699.375 -1.281e-18
8700.9 4.9901e-17
8702.425 3.0174e-17
8703.95 6.8575e-18
8705.475 2.0828e-17
8707.0 1.8519e-17
8708.525 4.982e-18
8710.05 1.0371e-17
8711.575 1.4346e-17
8713.1 4.1989e-17
8714.625 4.0854e-17
8716.15 2.6181e-17
8717.675 8.1491e-18
8719.2 1.5043e-17
8720.725 4.7436e-17
8722.25 2.6762e-17
8723.775 8.5879e-18
8725.3 1.2381e-17
8726.825 3.7047e-17
8728.35 3.2009e-17
8729.875 4.1236e-17
8731.4 7.3647e-17
8732.925 6.0902e-17
8734.45 2.7085e-17
8735.975 1.4386e-17
8737.5 -3.6084e-19
8739.025 2.406e-17
8740.55 2.2602e-17
8742.075 1.9865e-17
8743.6 1.1523e-18
8745.125 1.9585e-17
8746.65 4.0451e-17
8748.175 1.5509e-17
8749.7 -3.6951e-18
8751.225 2.0209e-17
8752.75 5.1312e-17
8754.275 5.0813e-17
8755.8 3.8673e-17
8757.325 2.367e-17
8758.85 2.3973e-17
8760.375 5.9123e-17
8761.9 4.2886e-17
8763.425 -1.0401e-17
8764.95 2.8172e-18
8766.475 9.1581e-18
8768.0 -4.484e-18
8769.525 -2.7531e-17
8771.05 -2.6868e-17
8772.575 3.7417e-17
8774.1 4.8714e-17
8775.625 4.8832e-17
8777.15 3.4407e-17
8778.675 1.0699e-17
8780.2 2.0879e-17
8781.725 3.0862e-17
8783.25 4.9097e-17
8784.775 1.9217e-17
8786.3 1.0127e-19
8787.825 -1.6292e-18
8789.35 2.9769e-17
8790.875 2.2865e-17
8792.4 1.66e-18
8793.925 -1.2387e-17
8795.45 -6.125e-18
8796.975 3.1772e-19
8798.5 3.4473e-17
8800.025 3.3267e-17
8801.55 3.0094e-18
8803.075 1.9244e-18
8804.6 1.4154e-17
8806.125 5.7056e-17
8807.65 3.4656e-17
8809.175 3.9694e-17
8810.7 3.6815e-17
8812.225 -1.218e-17
8813.75 1.0932e-17
8815.275 3.9807e-17
8816.8 -1.2871e-17
8818.325 -6.9727e-17
8819.85 -2.444e-17
8821.375 9.6049e-17
8822.9 1.2827e-16
8824.425 3.5638e-17
8825.95 -3.2367e-17
8827.475 8.2791e-18
8829.0 -1.6712e-17
8830.525 -3.4896e-17
8832.05 -1.3054e-17
8833.575 2.4797e-17
8835.1 4.7185e-17
8836.625 1.2146e-17
8838.15 -2.211e-17
8839.675 8.4801e-18
8841.2 4.339e-17
8842.725 5.5112e-17
8844.25 6.3419e-17
8845.775 6.4242e-17
8847.3 3e-17
8848.825 2.6023e-17
8850.35 3.8204e-17
8851.875 2.1131e-17
8853.4 2.8843e-17
8854.925 3.6879e-17
8856.45 4.0733e-17
8857.975 5.5133e-17
8859.5 5.8449e-17
8861.025 9.7749e-17
8862.55 1.121e-16
8864.075 7.402e-17
8865.6 6.8607e-17
8867.125 6.0865e-17
8868.65 2.7839e-17
8870.175 -1.1752e-17
8871.7 -2.406e-17
8873.225 1.521e-17
8874.75 5.0464e-17
8876.275 1.7485e-17
8877.8 -1.4295e-17
8879.325 7.3812e-17
8880.85 1.1484e-16
8882.375 5.2817e-17
8883.9 6.7196e-17
8885.425 6.4993e-17
8886.95 -4.3864e-17
8888.475 -1.2567e-16
8890.0 -6.2987e-17
8891.525 -3.4431e-17
8893.05 -2.5651e-17
8894.575 -7.3489e-18
8896.1 -8.846e-18
8897.625 3.6371e-19
8899.15 5.2232e-17
8900.675 6.6751e-17
8902.2 1.0338e-16
8903.725 5.3111e-17
8905.25 -3.3835e-17
8906.775 8.4179e-18
8908.3 1.8807e-17
8909.825 -3.2833e-17
8911.35 -2.3805e-17
8912.875 1.3373e-16
8914.4 1.0627e-16
8915.925 5.5201e-19
8917.45 3.8705e-17
8918.975 6.7285e-17
8920.5 7.4925e-17
8922.025 -2.2185e-17
8923.55 -5.3345e-17
8925.075 5.5343e-18
8926.6 2.6594e-17
8928.125 3.4052e-17
8929.65 3.8246e-17
8931.175 5.8052e-17
8932.7 5.4852e-17
8934.225 5.3148e-17
8935.75 7.0541e-17
8937.275 8.8151e-17
8938.8 7.87e-17
8940.325 3.5384e-17
8941.85 4.6257e-17
8943.375 8.1908e-17
8944.9 3.9178e-17
8946.425 -9.6469e-18
8947.95 -1.5442e-17
8949.475 6.8084e-18
8951.0 1.2819e-16
8952.525 1.7783e-16
8954.05 7.7383e-17
8955.575 -2.0976e-17
8957.1 -3.3647e-17
8958.625 -1.1814e-17
8960.15 -2.8072e-17
8961.675 -2.1188e-17
8963.2 1.5261e-17
8964.725 4.1338e-17
8966.25 5.5403e-17
8967.775 3.4146e-17
8969.3 6.6551e-19
8970.825 6.1881e-18
8972.35 3.2419e-17
8973.875 7.85e-18
8975.4 -6.4677e-19
8976.925 -2.2189e-18
8978.45 -1.2069e-19
8979.975 6.1164e-17
8981.5 6.3657e-17
8983.025 5.9313e-17
8984.55 2.1126e-17
8986.075 -2.8912e-17
8987.6 3.0215e-17
8989.125 6.0757e-17
8990.65 -2.7164e-17
8992.175 -4.4841e-17
8993.7 5.5933e-18
8995.225 1.0428e-16
8996.75 1.2642e-16
8998.275 9.4702e-17
8999.8 7.931e-18
9001.325 -3.6131e-17
9002.85 -2.3665e-17
9004.375 -1.0257e-17
9005.9 2.5444e-17
9007.425 2.7654e-18
9008.95 2.3699e-17
9010.475 2.6596e-17
9012.0 4.6234e-17
9013.525 3.9141e-17
9015.05 2.7164e-17
9016.575 2.3593e-17
9018.1 6.2225e-18
9019.625 4.2655e-17
9021.15 5.4174e-17
9022.675 7.849e-17
9024.2 8.0353e-17
9025.725 5.912e-17
9027.25 3.6078e-17
9028.775 2.2426e-17
9030.3 3.6522e-17
9031.825 4.981e-17
9033.35 4.0097e-17
9034.875 5.4428e-17
9036.4 4.0545e-17
9037.925 5.1465e-17
9039.45 3.6156e-17
9040.975 -7.5063e-18
9042.5 3.8614e-17
9044.025 9.6595e-17
9045.55 4.3173e-17
9047.075 2.8816e-17
9048.6 3.7614e-17
9050.125 5.2817e-17
9051.65 5.5082e-17
9053.175 3.7002e-17
9054.7 4.8134e-17
9056.225 3.772e-17
9057.75 1.3893e-17
9059.275 1.1562e-17
9060.8 5.6989e-18
9062.325 3.022e-18
9063.85 2.2022e-17
9065.375 4.5872e-17
9066.9 4.5685e-17
9068.425 3.3751e-17
9069.95 4.2358e-17
9071.475 5.7932e-17
9073.0 7.2291e-17
9074.525 5.9187e-17
9076.05 2.3389e-17
9077.575 2.4164e-17
9079.1 2.4222e-17
9080.625 1.7642e-17
9082.15 1.9846e-17
9083.675 2.1121e-17
9085.2 2.6947e-17
9086.725 4.9188e-17
9088.25 4.642e-17
9089.775 5.9572e-17
9091.3 6.4628e-17
9092.825 5.505e-18
9094.35 -1.9326e-17
9095.875 -1.1119e-17
9097.4 -3.0644e-18
9098.925 -1.7673e-17
9100.45 5.5925e-19
9101.975 4.8835e-17
9103.5 5.4647e-17
9105.025 1.4921e-17
9106.55 1.9949e-17
9108.075 1.0893e-17
9109.6 4.2793e-17
9111.125 3.6124e-17
9112.65 -8.4915e-19
9114.175 -2.4144e-17
9115.7 -2.9043e-18
9117.225 2.7063e-19
9118.75 2.4417e-17
9120.275 4.3139e-17
9121.8 2.0085e-17
9123.325 -2.4859e-18
9124.85 3.9381e-18
9126.375 3.2231e-17
9127.9 5.3757e-17
9129.425 7.3581e-17
9130.95 9.5993e-17
9132.475 8.4359e-17
9134.0 4.9558e-17
9135.525 2.4423e-17
9137.05 1.6804e-17
9138.575 1.49e-17
9140.1 2.8755e-17
9141.625 6.2061e-17
9143.15 4.2924e-17
9144.675 3.5665e-17
9146.2 4.2265e-17
9147.725 5.5652e-17
9149.25 3.4469e-17
9150.775 -2.2574e-18
9152.3 7.2616e-19
9153.825 5.7705e-17
9155.35 4.7352e-17
9156.875 4.9035e-17
9158.4 7.9939e-17
9159.925 6.9594e-17
9161.45 6.3278e-17
9162.975 4.4315e-17
9164.5 1.8346e-17
9166.025 3.4224e-17
9167.55 3.1826e-17
9169.075 -5.4601e-18
9170.6 -4.5625e-18
9172.125 2.7615e-17
9173.65 6.1982e-17
9175.175 5.9294e-17
9176.7 2.6482e-17
9178.225 2.0788e-17
9179.75 3.2507e-17
9181.275 2.005e-17
9182.8 1.0698e-17
9184.325 3.8549e-17
9185.85 5.8913e-17
9187.375 4.9171e-17
9188.9 2.2599e-17
9190.425 2.6719e-17
9191.95 3.2342e-17
9193.475 -5.678e-18
9195.0 2.7603e-17
9196.525 5.9111e-17
9198.05 3.7536e-17
9199.575 1.9996e-17
9201.1 4.5272e-17
9202.625 4.4345e-17
9204.15 4.1227e-17
9205.675 2.1963e-17
9207.2 1.6173e-17
9208.725 4.0726e-17
9210.25 5.4305e-17
9211.775 3.4819e-17
9213.3 4.2082e-17
9214.825 5.3775e-17
9216.35 6.6434e-17
9217.875 6.3416e-17
9219.4 3.5819e-17
9220.925 3.4326e-17
9222.45 3.133e-17
9223.975 3.4309e-18
9225.5 1.7034e-17
9227.025 4.1219e-17
9228.55 1.5029e-17
9230.075 6.5579e-18
9231.6 2.5543e-17
9233.125 3.8048e-17
9234.65 2.6544e-17
9236.175 2.1445e-17
9237.7 9.3315e-18
9239.225 1.5439e-17
9240.75 2.0235e-17
9242.275 4.5963e-17
9243.8 6.727e-17
9245.325 4.2529e-17
9246.85 2.1634e-17
9248.375 4.3891e-17
9249.9 4.1364e-17
9251.425 -4.7972e-18
9252.95 4.5507e-18
9254.475 4.0404e-17
9256.0 3.2875e-17
9257.525 6.795e-17
9259.05 7.5347e-17
9260.575 2.5686e-17
9262.1 3.3496e-18
9263.625 2.9128e-17
9265.15 4.6279e-17
9266.675 6.6002e-17
9268.2 7.6766e-17
9269.725 5.1722e-17
9271.25 5.9247e-17
9272.775 7.2254e-17
9274.3 2.8811e-17
9275.825 -1.042e-17
9277.35 2.0441e-17
9278.875 3.0575e-17
9280.4 6.7924e-18
9281.925 9.7517e-18
9283.45 5.574e-17
9284.975 8.3297e-17
9286.5 8.2758e-17
9288.025 6.8382e-17
9289.55 3.2672e-17
9291.075 3.4047e-17
9292.6 4.3573e-17
9294.125 4.5379e-17
9295.65 2.234e-17
9297.175 4.9198e-18
9298.7 -1.8008e-17
9300.225 4.0868e-17
9301.75 1.0433e-16
9303.275 6.0282e-17
9304.8 -1.458e-17
9306.325 3.1489e-17
9307.85 8.6812e-17
9309.375 -1.8262e-17
9310.9 2.5659e-18
9312.425 1.2269e-16
9313.95 5.2148e-17
9315.475 -1.4401e-16
9317.0 -6.7965e-18
9318.525 1.1106e-16
9320.05 4.6711e-17
9321.575 -1.8911e-17
9323.1 3.3919e-17
9324.625 7.5412e-17
9326.15 1.6865e-17
9327.675 3.796e-17
9329.2 3.9728e-17
9330.725 4.3535e-18
9332.25 4.2696e-17
9333.775 8.4831e-17
9335.3 5.5729e-17
9336.825 4.0301e-17
9338.35 7.2697e-17
9339.875 4.1327e-17
9341.4 6.0238e-17
9342.925 1.4039e-16
9344.45 1.0128e-16
9345.975 5.5518e-17
9347.5 6.1597e-17
9349.025 5.051e-17
9350.55 3.7325e-17
9352.075 -1.6831e-17
9353.6 1.1512e-17
9355.125 1.0781e-16
9356.65 9.3405e-17
9358.175 5.9686e-17
9359.7 5.2492e-17
9361.225 6.3024e-17
9362.75 7.8769e-17
9364.275 1.9399e-17
9365.8 -9.1256e-17
9367.325 -8.8273e-17
9368.85 1.6397e-16
9370.375 3.2554e-16
9371.9 2.2525e-16
9373.425 7.664e-17
9374.95 -5.875e-19
9376.475 -2.3478e-17
9378.0 -1.0024e-16
9379.525 -1.0359e-16
9381.05 -4.3698e-18
9382.575 4.8393e-17
9384.1 5.9424e-17
9385.625 6.7765e-17
9387.15 7.0469e-17
9388.675 7.2702e-17
9390.2 7.3035e-17
9391.725 3.0035e-17
9393.25 1.5559e-17
9394.775 3.5947e-17
9396.3 5.6717e-17
9397.825 4.0276e-18
9399.35 -3.0697e-18
9400.875 2.5128e-17
9402.4 4.062e-17
9403.925 4.1402e-17
9405.45 1.8817e-17
9406.975 4.7665e-17
9408.5 4.7288e-17
9410.025 3.2712e-17
9411.55 6.5326e-17
9413.075 7.2458e-17
9414.6 8.4105e-17
9416.125 4.2497e-17
9417.65 4.0071e-17
9419.175 4.3116e-17
9420.7 5.7055e-17
9422.225 1.1394e-17
9423.75 1.5781e-17
9425.275 4.5141e-17
9426.8 9.7216e-17
9428.325 1.0654e-16
9429.85 4.6128e-17
9431.375 3.4254e-17
9432.9 1.4292e-16
9434.425 1.204e-16
9435.95 2.042e-17
9437.475 -2.0599e-17
9439.0 8.1752e-17
9440.525 1.0149e-16
9442.05 -2.9371e-17
9443.575 -2.8009e-18
9445.1 5.9199e-17
9446.625 4.0558e-17
9448.15 -3.3519e-18
9449.675 -4.6203e-17
9451.2 -3.1927e-17
9452.725 4.8169e-17
9454.25 4.7797e-17
9455.775 4.2838e-17
9457.3 7.4086e-17
9458.825 1.0265e-16
9460.35 4.5741e-17
9461.875 -3.6711e-18
9463.4 3.001e-17
9464.925 4.0501e-17
9466.45 9.2835e-18
9467.975 -1.3726e-18
9469.5 8.8354e-17
9471.025 1.4403e-16
9472.55 2.7247e-17
9474.075 -5.897e-17
9475.6 1.9219e-17
9477.125 1.1502e-16
9478.65 3.0864e-17
9480.175 -6.7664e-17
9481.7 -2.2236e-17
9483.225 2.6594e-17
9484.75 3.2218e-17
9486.275 2.1716e-17
9487.8 2.8574e-17
9489.325 4.8233e-17
9490.85 6.8538e-17
9492.375 5.013e-17
9493.9 1.6507e-17
9495.425 6.5733e-17
9496.95 1.482e-16
9498.475 1.0556e-16
9500.0 4.9499e-17
9501.525 5.2906e-17
9503.05 6.6276e-17
9504.575 4.2055e-18
9506.1 -1.0659e-17
9507.625 1.268e-17
9509.15 -5.9722e-19
9510.675 -1.2153e-17
9512.2 4.1698e-17
9513.725 1.2332e-16
9515.25 4.316e-17
9516.775 -5.4174e-17
9518.3 -1.2089e-17
9519.825 4.7544e-17
9521.35 3.0918e-17
9522.875 4.3804e-18
9524.4 1.3518e-17
9525.925 5.0779e-17
9527.45 7.8238e-17
9528.975 4.2326e-17
9530.5 1.3536e-17
9532.025 1.0142e-17
9533.55 4.7646e-18
9535.075 1.3151e-17
9536.6 4.8737e-17
9538.125 4.17e-17
9539.65 6.8409e-18
9541.175 8.9918e-20
9542.7 1.5722e-17
9544.225 5.75e-17
9545.75 9.8131e-17
9547.275 6.2489e-17
9548.8 2.7376e-17
9550.325 9.9575e-18
9551.85 3.2307e-17
9553.375 6.2505e-17
9554.9 4.1236e-17
9556.425 5.4985e-17
9557.95 1.8613e-17
9559.475 1.3944e-18
9561.0 7.5606e-17
9562.525 9.4951e-17
9564.05 7.6968e-17
9565.575 4.5122e-17
9567.1 3.3433e-17
9568.625 2.6714e-17
9570.15 1.6592e-17
9571.675 1.7443e-17
9573.2 1.817e-17
9574.725 1.2223e-17
9576.25 2.2685e-17
9577.775 4.8662e-17
9579.3 3.8811e-17
9580.825 2.1551e-17
9582.35 3.6299e-17
9583.875 2.7317e-17
9585.4 8.0297e-18
9586.925 1.807e-17
9588.45 1.6408e-17
9589.975 1.9449e-17
9591.5 3.1607e-17
9593.025 5.6525e-17
9594.55 5.4292e-17
9596.075 3.1108e-17
9597.6 1.9106e-17
9599.125 3.7779e-17
9600.65 4.8635e-17
9602.175 4.908e-17
9603.7 6.3804e-17
9605.225 5.4421e-17
9606.75 1.8129e-17
9608.275 1.8785e-17
9609.8 3.1624e-17
9611.325 2.1842e-17
9612.85 1.9365e-17
9614.375 2.2488e-17
9615.9 2.6764e-17
9617.425 1.239e-17
9618.95 3.5549e-17
9620.475 6.6172e-17
9622.0 9.3019e-17
9623.525 7.2004e-17
9625.05 5.7221e-17
9626.575 2.5481e-17
9628.1 2.6694e-17
9629.625 3.3247e-17
9631.15 5.4941e-17
9632.675 5.7537e-17
9634.2 4.6365e-17
9635.725 2.518e-17
9637.25 5.2309e-17
9638.775 9.2291e-17
9640.3 8.0099e-17
9641.825 9.7878e-17
9643.35 9.2666e-17
9644.875 5.2812e-17
9646.4 1.181e-17
9647.925 -3.082e-18
9649.45 2.7317e-17
9650.975 2.2106e-17
9652.5 3.4468e-17
9654.025 3.9909e-17
9655.55 2.6041e-17
9657.075 6.2454e-17
9658.6 6.3609e-17
9660.125 5.0774e-17
9661.65 7.0509e-17
9663.175 6.5612e-17
9664.7 3.0099e-17
9666.225 9.3917e-18
9667.75 4.4323e-17
9669.275 5.9215e-17
9670.8 2.5824e-17
9672.325 -1.5307e-17
9673.85 2.4013e-17
9675.375 7.4952e-17
9676.9 3.9638e-17
9678.425 9.3552e-18
9679.95 2.2189e-17
9681.475 4.7406e-18
9683.0 -2.3921e-17
9684.525 6.1988e-19
9686.05 5.1611e-17
9687.575 5.4843e-17
9689.1 2.6588e-17
9690.625 3.1881e-17
9692.15 4.2072e-17
9693.675 2.5969e-17
9695.2 3.5576e-17
9696.725 7.7651e-17
9698.25 8.8359e-17
9699.775 8.5879e-17
9701.3 4.1263e-17
9702.825 5.6621e-20
9704.35 -8.3087e-18
9705.875 3.6085e-17
9707.4 7.3933e-17
9708.925 2.2722e-17
9710.45 1.3622e-17
9711.975 6.8584e-17
9713.5 1.6397e-17
9715.025 -2.0053e-17
9716.55 -2.4035e-17
9718.075 -2.184e-18
9719.6 5.0209e-17
9721.125 7.6803e-17
9722.65 2.029e-17
9724.175 -1.2347e-17
9725.7 2.7282e-17
9727.225 7.2063e-17
9728.75 5.5911e-17
9730.275 5.5703e-17
9731.8 6.219e-17
9733.325 6.195e-18
9734.85 -2.3889e-18
9736.375 2.7287e-17
9737.9 3.9585e-17
9739.425 4.9666e-17
9740.95 3.0334e-17
9742.475 2.7391e-17
9744.0 1.9851e-17
9745.525 1.0086e-17
9747.05 3.2244e-17
9748.575 2.2032e-17
9750.1 9.6752e-18
9751.625 6.9892e-18
9753.15 1.3731e-18
9754.675 2.099e-17
9756.2 2.6103e-17
9757.725 3.061e-17
9759.25 3.3766e-17
9760.775 9.8662e-18
9762.3 -2.0152e-18
9763.825 1.0297e-17
9765.35 2.2982e-17
9766.875 3.4535e-17
9768.4 6.4992e-17
9769.925 6.8052e-17
9771.45 1.8336e-17
9772.975 2.4958e-18
9774.5 3.8915e-17
9776.025 6.7063e-17
9777.55 5.8729e-17
9779.075 2.6488e-17
9780.6 2.5325e-17
9782.125 5.43e-17
9783.65 9.8287e-17
9785.175 1.7948e-16
9786.7 1.6189e-16
9788.225 2.5859e-17
9789.75 3.5616e-18
9791.275 6.9317e-17
9792.8 6.3815e-18
9794.325 -9.7823e-17
9795.85 -5.8407e-17
9797.375 3.9956e-17
9798.9 7.3124e-17
9800.425 7.7064e-17
9801.95 7.4782e-17
9803.475 7.5989e-17
9805.0 1.0836e-16
9806.525 6.1877e-17
9808.05 6.0549e-18
9809.575 3.1069e-17
9811.1 2.728e-17
9812.625 2.9086e-17
9814.15 5.2519e-17
9815.675 7.086e-17
9817.2 3.8172e-17
9818.725 3.1362e-17
9820.25 3.6052e-17
9821.775 6.4995e-17
9823.3 9.3831e-17
9824.825 5.263e-17
9826.35 -1.9572e-17
9827.875 -1.8356e-17
9829.4 -1.0457e-17
9830.925 4.0259e-18
9832.45 3.4553e-17
9833.975 3.113e-17
9835.5 -7.4183e-18
9837.025 1.1909e-17
9838.55 1.0522e-17
9840.075 5.2126e-17
9841.6 7.9638e-17
9843.125 7.162e-17
9844.65 1.0167e-16
9846.175 6.42e-17
9847.7 9.3451e-17
9849.225 1.1831e-16
9850.75 5.314e-17
9852.275 3.4752e-17
9853.8 3.912e-17
9855.325 3.9897e-17
9856.85 6.9507e-17
9858.375 4.1201e-17
9859.9 1.6478e-17
9861.425 -1.1656e-17
9862.95 -2.0699e-18
9864.475 6.4924e-17
9866.0 1.2478e-16
9867.525 1.0929e-16
9869.05 9.3743e-17
9870.575 8.4873e-17
9872.1 1.2612e-16
9873.625 1.2719e-16
9875.15 -1.1542e-17
9876.675 1.1512e-18
9878.2 6.7299e-17
9879.725 5.7018e-17
9881.25 3.5998e-17
9882.775 4.8788e-17
9884.3 4.8389e-17
9885.825 -1.3286e-17
9887.35 1.3075e-17
9888.875 6.0983e-17
9890.4 -1.1321e-19
9891.925 -3.6156e-17
9893.45 -2.893e-17
9894.975 1.7028e-17
9896.5 4.0471e-17
9898.025 1.0263e-17
9899.55 2.1477e-17
9901.075 2.0786e-17
9902.6 -1.3206e-18
9904.125 1.6306e-18
9905.65 2.6697e-17
9907.175 1.3318e-16
9908.7 2.3191e-16
9910.225 2.0667e-16
9911.75 1.3618e-16
9913.275 2.4561e-17
9914.8 3.2803e-17
9916.325 3.929e-17
9917.85 -8.4708e-17
9919.375 -4.7525e-17
9920.9 1.264e-17
9922.425 4.9748e-17
9923.95 8.0876e-17
9925.475 6.2917e-17
9927.0 1.9787e-17
9928.525 4.3804e-18
9930.05 3.8493e-17
9931.575 7.5668e-17
9933.1 2.8947e-17
9934.625 4.228e-17
9936.15 1.2621e-16
9937.675 1.008e-16
9939.2 1.6883e-16
9940.725 1.5354e-16
9942.25 8.7883e-17
9943.775 1.3965e-16
9945.3 1.4909e-16
9946.825 1.7761e-16
9948.35 5.482e-17
9949.875 -1.5418e-17
9951.4 7.6527e-17
9952.925 6.406e-17
9954.45 7.8034e-18
9955.975 1.1327e-16
9957.5 2.8146e-16
9959.025 1.4434e-16
9960.55 3.8865e-17
9962.075 2.1896e-17
9963.6 -9.6775e-18
9965.125 1.0174e-17
9966.65 6.6724e-17
9968.175 6.9265e-17
9969.7 -1.2041e-18
9971.225 1.9041e-17
9972.75 3.1861e-17
9974.275 7.8697e-17
9975.8 8.0388e-17
9977.325 4.2078e-17
9978.85 2.4608e-17
9980.375 2.5476e-17
9981.9 1.0891e-17
9983.425 6.5407e-18
9984.95 4.86e-17
9986.475 8.9215e-17
9988.0 7.9944e-17
9989.525 5.0722e-17
9991.05 1.5377e-17
9992.575 5.6987e-17
9994.1 1.0439e-16
9995.625 6.3897e-17
9997.15 4.1557e-17
9998.675 5.2252e-17
10000.2 7.5241e-17
