# OBJECT  = ZTF18ACSXWDI        /
# OBJECT  = ZTF18ACSXWDI       / Name of the object observed
# ISISLITW=             1.508929 / Slit width (arcsec)
# ISIDICHR= D5700              / Name of dichroic in blue fold
# MJD-OBS =         58483.841180 / Modified Julian Date at start of observation
# RA      = 01:09:31.530       / RA being tracked at UTOBS (hh:mm:ss.sss)
# DEC     = +29:19:52.71       / Dec being tracked at UTOBS (sdd:mm:ss.ss)
# AIRMASS =             1.009984 / Effective mean airmass during observation
# TELFOCUS=             0.097836 / Telescope focus (m)
# OBSDATE = 2018-12-31          / Date at start of integration
# EXPTIME =         800.01000000 / [s] Exposure time
3400.0 3.4330e-15
3402.0 3.8655e-15
3404.0 3.8862e-15
3406.0 3.4312e-15
3408.0 3.8536e-15
3410.0 4.2009e-15
3412.0 3.8731e-15
3414.0 3.9272e-15
3416.0 4.2485e-15
3418.0 3.7968e-15
3420.0 4.1727e-15
3422.0 3.2906e-15
3424.0 3.8427e-15
3426.0 3.4275e-15
3428.0 3.2034e-15
3430.0 3.2826e-15
3432.0 3.4216e-15
3434.0 3.9048e-15
3436.0 3.5450e-15
3438.0 3.7616e-15
3440.0 3.9914e-15
3442.0 3.8154e-15
3444.0 3.8365e-15
3446.0 3.9955e-15
3448.0 3.3324e-15
3450.0 3.9431e-15
3452.0 3.5744e-15
3454.0 3.6558e-15
3456.0 3.7344e-15
3458.0 3.6563e-15
3460.0 3.3345e-15
3462.0 4.0301e-15
3464.0 3.4064e-15
3466.0 3.6108e-15
3468.0 4.0583e-15
3470.0 3.9656e-15
3472.0 3.8759e-15
3474.0 3.5465e-15
3476.0 3.4633e-15
3478.0 3.8072e-15
3480.0 3.9827e-15
3482.0 3.7798e-15
3484.0 3.2897e-15
3486.0 3.5139e-15
3488.0 3.5302e-15
3490.0 3.6817e-15
3492.0 3.9374e-15
3494.0 3.9760e-15
3496.0 3.7289e-15
3498.0 3.4658e-15
3500.0 3.4915e-15
3502.0 3.9416e-15
3504.0 3.2591e-15
3506.0 3.2974e-15
3508.0 3.4462e-15
3510.0 3.4303e-15
3512.0 3.8476e-15
3514.0 3.7744e-15
3516.0 3.4277e-15
3518.0 3.3212e-15
3520.0 3.6038e-15
3522.0 3.5580e-15
3524.0 3.5779e-15
3526.0 3.7170e-15
3528.0 3.4651e-15
3530.0 3.4680e-15
3532.0 3.5833e-15
3534.0 3.2400e-15
3536.0 3.6375e-15
3538.0 3.3284e-15
3540.0 3.3962e-15
3542.0 3.5645e-15
3544.0 3.6183e-15
3546.0 3.1212e-15
3548.0 3.5990e-15
3550.0 3.5663e-15
3552.0 3.8772e-15
3554.0 3.1141e-15
3556.0 3.1297e-15
3558.0 3.3047e-15
3560.0 3.4234e-15
3562.0 3.6993e-15
3564.0 3.3934e-15
3566.0 3.1844e-15
3568.0 3.4745e-15
3570.0 3.6923e-15
3572.0 3.4255e-15
3574.0 3.5742e-15
3576.0 3.5707e-15
3578.0 3.4436e-15
3580.0 3.6703e-15
3582.0 3.3061e-15
3584.0 3.3504e-15
3586.0 3.9106e-15
3588.0 3.4229e-15
3590.0 3.3781e-15
3592.0 3.6856e-15
3594.0 3.0058e-15
3596.0 3.3114e-15
3598.0 3.3107e-15
3600.0 3.0721e-15
3602.0 3.8727e-15
3604.0 3.3714e-15
3606.0 3.7572e-15
3608.0 3.8726e-15
3610.0 3.5197e-15
3612.0 3.4803e-15
3614.0 3.5805e-15
3616.0 2.9720e-15
3618.0 3.5803e-15
3620.0 3.3840e-15
3622.0 3.7380e-15
3624.0 3.4544e-15
3626.0 3.3041e-15
3628.0 3.5326e-15
3630.0 3.3644e-15
3632.0 3.0863e-15
3634.0 3.3023e-15
3636.0 3.3537e-15
3638.0 3.3932e-15
3640.0 3.3698e-15
3642.0 3.1911e-15
3644.0 3.0372e-15
3646.0 3.3309e-15
3648.0 3.4881e-15
3650.0 3.4405e-15
3652.0 3.1390e-15
3654.0 3.4713e-15
3656.0 3.2115e-15
3658.0 2.8295e-15
3660.0 2.9670e-15
3662.0 3.1251e-15
3664.0 3.1329e-15
3666.0 3.1150e-15
3668.0 2.9532e-15
3670.0 3.3244e-15
3672.0 3.2841e-15
3674.0 3.0658e-15
3676.0 3.0431e-15
3678.0 3.1457e-15
3680.0 3.0917e-15
3682.0 3.0631e-15
3684.0 3.2177e-15
3686.0 3.2510e-15
3688.0 3.2903e-15
3690.0 3.2965e-15
3692.0 3.1537e-15
3694.0 3.0827e-15
3696.0 3.2466e-15
3698.0 3.1187e-15
3700.0 3.1592e-15
3702.0 2.7130e-15
3704.0 3.0996e-15
3706.0 3.1407e-15
3708.0 3.4176e-15
3710.0 2.9884e-15
3712.0 3.3510e-15
3714.0 2.8754e-15
3716.0 3.4928e-15
3718.0 3.2641e-15
3720.0 3.6738e-15
3722.0 3.2100e-15
3724.0 3.3309e-15
3726.0 3.1228e-15
3728.0 2.9843e-15
3730.0 3.0713e-15
3732.0 3.5971e-15
3734.0 3.1649e-15
3736.0 3.0635e-15
3738.0 3.1178e-15
3740.0 3.0490e-15
3742.0 2.8580e-15
3744.0 2.9173e-15
3746.0 3.0882e-15
3748.0 3.2264e-15
3750.0 2.8965e-15
3752.0 3.2203e-15
3754.0 3.1820e-15
3756.0 3.0608e-15
3758.0 3.1855e-15
3760.0 2.8429e-15
3762.0 3.1719e-15
3764.0 3.1502e-15
3766.0 3.0542e-15
3768.0 3.0878e-15
3770.0 3.3101e-15
3772.0 3.2305e-15
3774.0 3.0708e-15
3776.0 2.8806e-15
3778.0 2.8782e-15
3780.0 3.2089e-15
3782.0 3.0671e-15
3784.0 2.7798e-15
3786.0 3.0441e-15
3788.0 3.0953e-15
3790.0 2.9312e-15
3792.0 2.8988e-15
3794.0 3.0039e-15
3796.0 3.3214e-15
3798.0 2.8166e-15
3800.0 2.6627e-15
3802.0 2.9234e-15
3804.0 2.8345e-15
3806.0 3.1730e-15
3808.0 2.8580e-15
3810.0 2.8610e-15
3812.0 2.9498e-15
3814.0 3.0158e-15
3816.0 3.0080e-15
3818.0 3.0624e-15
3820.0 2.8245e-15
3822.0 3.0233e-15
3824.0 2.8866e-15
3826.0 3.0738e-15
3828.0 3.0101e-15
3830.0 2.9546e-15
3832.0 3.1551e-15
3834.0 2.8661e-15
3836.0 2.9313e-15
3838.0 3.1708e-15
3840.0 3.0625e-15
3842.0 3.2934e-15
3844.0 3.1392e-15
3846.0 2.9895e-15
3848.0 3.1750e-15
3850.0 3.0184e-15
3852.0 2.9446e-15
3854.0 3.0159e-15
3856.0 3.0088e-15
3858.0 3.0181e-15
3860.0 2.9935e-15
3862.0 2.8827e-15
3864.0 2.8862e-15
3866.0 3.1304e-15
3868.0 3.1290e-15
3870.0 3.1673e-15
3872.0 3.0413e-15
3874.0 3.0028e-15
3876.0 2.9966e-15
3878.0 2.9501e-15
3880.0 2.9529e-15
3882.0 2.9499e-15
3884.0 3.1473e-15
3886.0 2.9872e-15
3888.0 2.9047e-15
3890.0 2.9978e-15
3892.0 2.8952e-15
3894.0 3.0755e-15
3896.0 3.0528e-15
3898.0 2.8148e-15
3900.0 2.9023e-15
3902.0 3.0007e-15
3904.0 2.7218e-15
3906.0 3.0249e-15
3908.0 2.9402e-15
3910.0 2.8907e-15
3912.0 2.9618e-15
3914.0 2.9608e-15
3916.0 3.0120e-15
3918.0 2.8580e-15
3920.0 2.8637e-15
3922.0 2.9901e-15
3924.0 2.8229e-15
3926.0 2.9855e-15
3928.0 2.8787e-15
3930.0 2.6876e-15
3932.0 2.6742e-15
3934.0 2.7224e-15
3936.0 2.6976e-15
3938.0 2.9759e-15
3940.0 2.7324e-15
3942.0 2.9528e-15
3944.0 3.0477e-15
3946.0 2.9039e-15
3948.0 2.7910e-15
3950.0 2.7077e-15
3952.0 2.7360e-15
3954.0 2.7525e-15
3956.0 2.8069e-15
3958.0 2.7421e-15
3960.0 2.8704e-15
3962.0 2.9085e-15
3964.0 2.8177e-15
3966.0 2.7811e-15
3968.0 2.8370e-15
3970.0 3.0518e-15
3972.0 2.9011e-15
3974.0 2.9726e-15
3976.0 2.8820e-15
3978.0 2.7256e-15
3980.0 2.8843e-15
3982.0 2.7504e-15
3984.0 3.0016e-15
3986.0 2.7342e-15
3988.0 2.7889e-15
3990.0 3.0476e-15
3992.0 2.7648e-15
3994.0 2.7290e-15
3996.0 2.8089e-15
3998.0 2.8733e-15
4000.0 2.9998e-15
4002.0 2.9341e-15
4004.0 2.8957e-15
4006.0 2.7375e-15
4008.0 2.5987e-15
4010.0 2.7319e-15
4012.0 2.7123e-15
4014.0 2.8525e-15
4016.0 2.8847e-15
4018.0 2.8579e-15
4020.0 2.9336e-15
4022.0 2.8481e-15
4024.0 2.6888e-15
4026.0 2.7087e-15
4028.0 2.7880e-15
4030.0 2.9795e-15
4032.0 2.7713e-15
4034.0 2.7819e-15
4036.0 2.8370e-15
4038.0 2.8613e-15
4040.0 2.7539e-15
4042.0 2.7102e-15
4044.0 2.8203e-15
4046.0 3.0331e-15
4048.0 2.6063e-15
4050.0 2.8420e-15
4052.0 2.6623e-15
4054.0 2.7574e-15
4056.0 2.9425e-15
4058.0 2.8807e-15
4060.0 2.7125e-15
4062.0 2.5745e-15
4064.0 2.8914e-15
4066.0 2.8182e-15
4068.0 2.7394e-15
4070.0 2.5490e-15
4072.0 2.8623e-15
4074.0 2.7711e-15
4076.0 2.8514e-15
4078.0 2.8259e-15
4080.0 2.8231e-15
4082.0 2.8472e-15
4084.0 2.7036e-15
4086.0 2.7875e-15
4088.0 2.8530e-15
4090.0 2.8830e-15
4092.0 2.7168e-15
4094.0 2.7790e-15
4096.0 2.8805e-15
4098.0 2.7903e-15
4100.0 2.8436e-15
4102.0 2.7620e-15
4104.0 2.7336e-15
4106.0 2.8440e-15
4108.0 2.7067e-15
4110.0 2.6413e-15
4112.0 2.6014e-15
4114.0 2.7552e-15
4116.0 2.7647e-15
4118.0 2.7032e-15
4120.0 2.7245e-15
4122.0 2.6934e-15
4124.0 2.5873e-15
4126.0 2.6019e-15
4128.0 2.6362e-15
4130.0 2.8977e-15
4132.0 2.9140e-15
4134.0 2.6700e-15
4136.0 2.7880e-15
4138.0 2.6417e-15
4140.0 2.6500e-15
4142.0 2.8202e-15
4144.0 2.5911e-15
4146.0 2.6910e-15
4148.0 2.7270e-15
4150.0 2.8098e-15
4152.0 2.6520e-15
4154.0 2.6740e-15
4156.0 2.6693e-15
4158.0 2.6399e-15
4160.0 2.7411e-15
4162.0 2.5864e-15
4164.0 2.5844e-15
4166.0 2.6821e-15
4168.0 2.8296e-15
4170.0 3.0274e-15
4172.0 2.7244e-15
4174.0 3.1278e-15
4176.0 2.7297e-15
4178.0 2.5582e-15
4180.0 2.4997e-15
4182.0 2.5774e-15
4184.0 2.7401e-15
4186.0 2.6740e-15
4188.0 2.5495e-15
4190.0 2.5486e-15
4192.0 2.5861e-15
4194.0 2.7824e-15
4196.0 2.6028e-15
4198.0 2.5561e-15
4200.0 2.6910e-15
4202.0 2.5792e-15
4204.0 2.6988e-15
4206.0 2.5212e-15
4208.0 2.9282e-15
4210.0 2.6465e-15
4212.0 2.3849e-15
4214.0 2.5748e-15
4216.0 2.6496e-15
4218.0 2.6393e-15
4220.0 2.6894e-15
4222.0 2.6360e-15
4224.0 2.6792e-15
4226.0 2.7180e-15
4228.0 2.6821e-15
4230.0 2.7007e-15
4232.0 2.6765e-15
4234.0 2.8167e-15
4236.0 2.6705e-15
4238.0 2.6384e-15
4240.0 2.7989e-15
4242.0 2.7015e-15
4244.0 2.7377e-15
4246.0 2.5870e-15
4248.0 2.5058e-15
4250.0 2.6464e-15
4252.0 2.7150e-15
4254.0 2.5925e-15
4256.0 2.5760e-15
4258.0 2.5627e-15
4260.0 2.5855e-15
4262.0 2.6064e-15
4264.0 2.5785e-15
4266.0 2.5860e-15
4268.0 2.5114e-15
4270.0 2.6182e-15
4272.0 2.6993e-15
4274.0 2.5974e-15
4276.0 2.6181e-15
4278.0 2.6744e-15
4280.0 2.6018e-15
4282.0 2.7717e-15
4284.0 2.5531e-15
4286.0 2.5656e-15
4288.0 2.5805e-15
4290.0 2.4219e-15
4292.0 2.5479e-15
4294.0 2.5018e-15
4296.0 2.5175e-15
4298.0 2.7049e-15
4300.0 2.4138e-15
4302.0 2.5557e-15
4304.0 2.5570e-15
4306.0 2.4914e-15
4308.0 2.2435e-15
4310.0 2.4664e-15
4312.0 2.6470e-15
4314.0 2.2982e-15
4316.0 2.5583e-15
4318.0 2.4719e-15
4320.0 2.5488e-15
4322.0 2.5560e-15
4324.0 2.4588e-15
4326.0 2.6609e-15
4328.0 2.7801e-15
4330.0 2.5409e-15
4332.0 2.4935e-15
4334.0 2.7346e-15
4336.0 2.5382e-15
4338.0 2.4211e-15
4340.0 2.6236e-15
4342.0 2.5803e-15
4344.0 2.6335e-15
4346.0 2.4830e-15
4348.0 2.3581e-15
4350.0 2.4096e-15
4352.0 2.3644e-15
4354.0 2.5777e-15
4356.0 2.7512e-15
4358.0 2.6790e-15
4360.0 2.5540e-15
4362.0 2.4662e-15
4364.0 2.4487e-15
4366.0 2.5125e-15
4368.0 2.2945e-15
4370.0 2.4413e-15
4372.0 2.6925e-15
4374.0 2.6310e-15
4376.0 2.5529e-15
4378.0 2.6198e-15
4380.0 2.5451e-15
4382.0 2.4884e-15
4384.0 2.4552e-15
4386.0 2.5490e-15
4388.0 2.7075e-15
4390.0 2.5342e-15
4392.0 2.6345e-15
4394.0 2.3376e-15
4396.0 2.4887e-15
4398.0 2.4418e-15
4400.0 2.4872e-15
4402.0 2.1366e-15
4404.0 2.0042e-15
4406.0 2.3582e-15
4408.0 2.3869e-15
4410.0 2.3612e-15
4412.0 2.4248e-15
4414.0 2.4508e-15
4416.0 2.4425e-15
4418.0 2.3799e-15
4420.0 2.4896e-15
4422.0 2.4638e-15
4424.0 2.5144e-15
4426.0 2.4995e-15
4428.0 2.4156e-15
4430.0 2.4387e-15
4432.0 2.5564e-15
4434.0 2.4786e-15
4436.0 2.4151e-15
4438.0 2.4098e-15
4440.0 2.1659e-15
4442.0 2.2635e-15
4444.0 2.2836e-15
4446.0 2.3424e-15
4448.0 2.4364e-15
4450.0 2.4630e-15
4452.0 2.2150e-15
4454.0 2.3907e-15
4456.0 2.4390e-15
4458.0 2.6361e-15
4460.0 2.4873e-15
4462.0 2.4002e-15
4464.0 2.4659e-15
4466.0 2.3559e-15
4468.0 2.2914e-15
4470.0 2.4822e-15
4472.0 2.4020e-15
4474.0 2.5001e-15
4476.0 2.4767e-15
4478.0 2.2776e-15
4480.0 2.2249e-15
4482.0 2.5695e-15
4484.0 2.4233e-15
4486.0 2.3570e-15
4488.0 2.3287e-15
4490.0 2.5736e-15
4492.0 2.4975e-15
4494.0 2.4789e-15
4496.0 2.2987e-15
4498.0 2.2625e-15
4500.0 2.4687e-15
4502.0 2.2986e-15
4504.0 2.4206e-15
4506.0 2.3838e-15
4508.0 2.4592e-15
4510.0 2.3697e-15
4512.0 2.2042e-15
4514.0 2.2722e-15
4516.0 2.3320e-15
4518.0 2.3894e-15
4520.0 2.5412e-15
4522.0 2.4334e-15
4524.0 2.2593e-15
4526.0 2.3984e-15
4528.0 2.3054e-15
4530.0 2.4703e-15
4532.0 2.3982e-15
4534.0 2.3003e-15
4536.0 2.4634e-15
4538.0 2.4256e-15
4540.0 2.3701e-15
4542.0 2.4363e-15
4544.0 2.4877e-15
4546.0 2.3861e-15
4548.0 2.2248e-15
4550.0 2.3959e-15
4552.0 2.4726e-15
4554.0 2.4908e-15
4556.0 2.3200e-15
4558.0 2.2918e-15
4560.0 2.3455e-15
4562.0 2.2384e-15
4564.0 2.2879e-15
4566.0 2.3435e-15
4568.0 2.3372e-15
4570.0 2.3902e-15
4572.0 2.4569e-15
4574.0 2.3532e-15
4576.0 2.3564e-15
4578.0 2.3410e-15
4580.0 2.3452e-15
4582.0 2.2687e-15
4584.0 2.3449e-15
4586.0 2.4061e-15
4588.0 2.3233e-15
4590.0 2.3970e-15
4592.0 2.3297e-15
4594.0 2.2825e-15
4596.0 2.3536e-15
4598.0 2.3478e-15
4600.0 2.5186e-15
4602.0 2.3067e-15
4604.0 2.4318e-15
4606.0 2.2356e-15
4608.0 2.2191e-15
4610.0 2.2854e-15
4612.0 2.1167e-15
4614.0 2.4232e-15
4616.0 2.4607e-15
4618.0 2.3701e-15
4620.0 2.3139e-15
4622.0 2.4019e-15
4624.0 2.1649e-15
4626.0 2.3941e-15
4628.0 2.2489e-15
4630.0 2.3073e-15
4632.0 2.2026e-15
4634.0 2.3948e-15
4636.0 2.3412e-15
4638.0 2.3545e-15
4640.0 2.3252e-15
4642.0 2.3503e-15
4644.0 2.3526e-15
4646.0 2.3568e-15
4648.0 2.2791e-15
4650.0 2.3013e-15
4652.0 2.2715e-15
4654.0 2.2624e-15
4656.0 2.2321e-15
4658.0 2.1766e-15
4660.0 2.4067e-15
4662.0 2.2602e-15
4664.0 2.3112e-15
4666.0 2.3354e-15
4668.0 2.2510e-15
4670.0 2.1958e-15
4672.0 2.1536e-15
4674.0 2.1491e-15
4676.0 2.2528e-15
4678.0 2.2504e-15
4680.0 2.3149e-15
4682.0 2.2208e-15
4684.0 2.0032e-15
4686.0 2.1587e-15
4688.0 2.2736e-15
4690.0 2.2170e-15
4692.0 2.2724e-15
4694.0 2.1795e-15
4696.0 2.1616e-15
4698.0 2.2846e-15
4700.0 2.3574e-15
4702.0 2.1535e-15
4704.0 2.0064e-15
4706.0 1.9704e-15
4708.0 2.1282e-15
4710.0 2.2397e-15
4712.0 2.1827e-15
4714.0 2.2986e-15
4716.0 2.2244e-15
4718.0 2.1565e-15
4720.0 2.2641e-15
4722.0 2.2385e-15
4724.0 2.1746e-15
4726.0 2.1158e-15
4728.0 2.1118e-15
4730.0 2.1579e-15
4732.0 2.1317e-15
4734.0 2.1622e-15
4736.0 2.1715e-15
4738.0 2.1447e-15
4740.0 2.1775e-15
4742.0 2.1080e-15
4744.0 2.1569e-15
4746.0 2.0785e-15
4748.0 2.1603e-15
4750.0 2.1450e-15
4752.0 2.1121e-15
4754.0 2.1529e-15
4756.0 2.0413e-15
4758.0 2.1028e-15
4760.0 2.1834e-15
4762.0 2.1419e-15
4764.0 1.9531e-15
4766.0 2.0321e-15
4768.0 2.2242e-15
4770.0 2.1007e-15
4772.0 2.2582e-15
4774.0 2.2408e-15
4776.0 2.1787e-15
4778.0 2.1860e-15
4780.0 2.0350e-15
4782.0 2.0020e-15
4784.0 2.0769e-15
4786.0 2.0561e-15
4788.0 2.2713e-15
4790.0 2.0918e-15
4792.0 2.0771e-15
4794.0 2.1378e-15
4796.0 2.1916e-15
4798.0 2.1343e-15
4800.0 1.9583e-15
4802.0 2.0671e-15
4804.0 2.0861e-15
4806.0 2.1650e-15
4808.0 2.1873e-15
4810.0 2.1096e-15
4812.0 2.0089e-15
4814.0 2.1237e-15
4816.0 1.9784e-15
4818.0 2.0540e-15
4820.0 1.9924e-15
4822.0 1.9428e-15
4824.0 2.0039e-15
4826.0 2.0522e-15
4828.0 2.1283e-15
4830.0 2.1396e-15
4832.0 2.0293e-15
4834.0 2.2246e-15
4836.0 2.1672e-15
4838.0 2.1337e-15
4840.0 2.0731e-15
4842.0 2.0595e-15
4844.0 2.0058e-15
4846.0 2.2347e-15
4848.0 2.2061e-15
4850.0 2.1114e-15
4852.0 2.0752e-15
4854.0 2.1391e-15
4856.0 2.2859e-15
4858.0 2.3589e-15
4860.0 2.2690e-15
4862.0 2.4027e-15
4864.0 2.3092e-15
4866.0 2.1508e-15
4868.0 2.0451e-15
4870.0 2.1331e-15
4872.0 2.0967e-15
4874.0 2.0355e-15
4876.0 2.1095e-15
4878.0 2.2075e-15
4880.0 2.0592e-15
4882.0 2.1951e-15
4884.0 2.1215e-15
4886.0 2.2386e-15
4888.0 2.3194e-15
4890.0 2.1698e-15
4892.0 2.1782e-15
4894.0 2.0906e-15
4896.0 2.0677e-15
4898.0 2.0299e-15
4900.0 2.0221e-15
4902.0 2.1270e-15
4904.0 2.0266e-15
4906.0 2.1364e-15
4908.0 2.0110e-15
4910.0 2.0636e-15
4912.0 2.0886e-15
4914.0 2.0057e-15
4916.0 1.9244e-15
4918.0 1.9830e-15
4920.0 2.0010e-15
4922.0 2.0214e-15
4924.0 1.9769e-15
4926.0 2.1335e-15
4928.0 1.9759e-15
4930.0 2.0744e-15
4932.0 2.0916e-15
4934.0 2.1525e-15
4936.0 1.9067e-15
4938.0 2.1938e-15
4940.0 2.0163e-15
4942.0 1.8631e-15
4944.0 1.9847e-15
4946.0 2.0623e-15
4948.0 2.0639e-15
4950.0 2.0880e-15
4952.0 2.0762e-15
4954.0 2.0020e-15
4956.0 2.0385e-15
4958.0 2.1095e-15
4960.0 1.9244e-15
4962.0 1.9902e-15
4964.0 1.9885e-15
4966.0 2.0156e-15
4968.0 2.0140e-15
4970.0 1.8377e-15
4972.0 1.9129e-15
4974.0 2.0636e-15
4976.0 2.1493e-15
4978.0 1.9888e-15
4980.0 1.9113e-15
4982.0 1.9149e-15
4984.0 1.9383e-15
4986.0 2.0114e-15
4988.0 2.0308e-15
4990.0 2.0459e-15
4992.0 1.9696e-15
4994.0 1.9010e-15
4996.0 1.9951e-15
4998.0 1.9298e-15
5000.0 1.9120e-15
5002.0 1.9658e-15
5004.0 2.0207e-15
5006.0 1.9506e-15
5008.0 2.1330e-15
5010.0 2.1387e-15
5012.0 2.0253e-15
5014.0 2.0235e-15
5016.0 2.1206e-15
5018.0 2.2504e-15
5020.0 1.9326e-15
5022.0 2.0047e-15
5024.0 2.1610e-15
5026.0 2.0087e-15
5028.0 1.9409e-15
5030.0 2.0063e-15
5032.0 1.9870e-15
5034.0 2.0444e-15
5036.0 2.0673e-15
5038.0 2.0049e-15
5040.0 1.9795e-15
5042.0 1.9412e-15
5044.0 2.1083e-15
5046.0 1.9897e-15
5048.0 1.9819e-15
5050.0 1.9410e-15
5052.0 1.9886e-15
5054.0 1.9082e-15
5056.0 1.9681e-15
5058.0 1.9959e-15
5060.0 2.0832e-15
5062.0 1.8933e-15
5064.0 1.8802e-15
5066.0 1.8224e-15
5068.0 1.9103e-15
5070.0 1.9877e-15
5072.0 1.9647e-15
5074.0 2.0054e-15
5076.0 2.0980e-15
5078.0 1.9861e-15
5080.0 2.0310e-15
5082.0 1.9553e-15
5084.0 1.9258e-15
5086.0 2.0333e-15
5088.0 1.9958e-15
5090.0 1.8910e-15
5092.0 2.0555e-15
5094.0 2.0106e-15
5096.0 1.9798e-15
5098.0 2.0230e-15
5100.0 1.9610e-15
5102.0 1.8833e-15
5104.0 1.8941e-15
5106.0 2.0375e-15
5108.0 1.9458e-15
5110.0 1.9697e-15
5112.0 1.8753e-15
5114.0 1.9324e-15
5116.0 1.9909e-15
5118.0 2.0859e-15
5120.0 1.9212e-15
5122.0 2.0194e-15
5124.0 1.9866e-15
5126.0 2.0535e-15
5128.0 1.9120e-15
5130.0 2.0347e-15
5132.0 1.9784e-15
5134.0 1.9437e-15
5136.0 1.8809e-15
5138.0 1.9266e-15
5140.0 1.8658e-15
5142.0 1.9438e-15
5144.0 2.0264e-15
5146.0 2.0469e-15
5148.0 1.9602e-15
5150.0 1.9548e-15
5152.0 2.0539e-15
5154.0 2.0106e-15
5156.0 1.9619e-15
5158.0 2.0271e-15
5160.0 1.9069e-15
5162.0 1.8940e-15
5164.0 1.8748e-15
5166.0 1.8974e-15
5168.0 1.9163e-15
5170.0 2.0067e-15
5172.0 2.0600e-15
5174.0 2.0318e-15
5176.0 2.0145e-15
5178.0 2.0031e-15
5180.0 1.9974e-15
5182.0 2.0472e-15
5184.0 1.8736e-15
5186.0 2.1513e-15
5188.0 2.0734e-15
5190.0 1.9172e-15
5192.0 1.9951e-15
5194.0 1.8641e-15
5196.0 1.9444e-15
5198.0 2.0196e-15
5200.0 2.0965e-15
5202.0 1.9395e-15
5204.0 2.0021e-15
5206.0 1.9212e-15
5208.0 1.9062e-15
5210.0 2.0127e-15
5212.0 2.0364e-15
5214.0 1.9390e-15
5216.0 1.9847e-15
5218.0 1.9757e-15
5220.0 1.9961e-15
5222.0 2.0434e-15
5224.0 1.9825e-15
5226.0 1.9434e-15
5228.0 1.9790e-15
5230.0 1.8941e-15
5232.0 1.9580e-15
5234.0 2.0263e-15
5236.0 1.8131e-15
5238.0 1.8759e-15
5240.0 1.8781e-15
5242.0 1.9570e-15
5244.0 1.9582e-15
5246.0 1.8933e-15
5248.0 1.9395e-15
5250.0 1.8003e-15
5252.0 1.8167e-15
5254.0 1.8731e-15
5256.0 1.9077e-15
5258.0 1.8755e-15
5260.0 1.8987e-15
5262.0 1.9276e-15
5264.0 1.9542e-15
5266.0 1.9829e-15
5268.0 1.8804e-15
5270.0 1.9800e-15
5272.0 1.8848e-15
5274.0 1.9398e-15
5276.0 1.9215e-15
5278.0 1.9404e-15
5280.0 1.8779e-15
5282.0 1.8441e-15
5284.0 1.8606e-15
5286.0 1.8179e-15
5288.0 1.8820e-15
5290.0 1.9295e-15
5292.0 1.9093e-15
5294.0 1.9014e-15
5296.0 1.8314e-15
5298.0 1.7331e-15
5300.0 1.6508e-15
5302.0 1.8525e-15
5304.0 1.7221e-15
5306.0 2.0022e-15
5308.0 1.9437e-15
5310.0 1.9642e-15
5312.0 1.8376e-15
5314.0 1.9799e-15
5316.0 1.7670e-15
5318.0 1.9714e-15
5320.0 1.9577e-15
5322.0 1.8634e-15
5324.0 1.9415e-15
5326.0 1.8094e-15
5328.0 1.8062e-15
5330.0 1.9670e-15
5332.0 1.7726e-15
5334.0 1.7984e-15
5336.0 1.7018e-15
5338.0 1.7653e-15
5340.0 1.8483e-15
5342.0 1.8316e-15
5344.0 1.8182e-15
5346.0 1.8052e-15
5348.0 1.8909e-15
5350.0 1.7930e-15
5352.0 1.8245e-15
5354.0 1.8615e-15
5356.0 1.7694e-15
5358.0 1.6904e-15
5360.0 1.7932e-15
5362.0 1.7233e-15
5364.0 1.7652e-15
5366.0 1.8876e-15
5368.0 1.8567e-15
5370.0 1.8735e-15
5372.0 1.8408e-15
5374.0 1.6674e-15
5376.0 1.7320e-15
5378.0 1.6864e-15
5380.0 1.8460e-15
5382.0 1.7408e-15
5384.0 1.8836e-15
5386.0 1.7888e-15
5388.0 1.8556e-15
5390.0 1.8761e-15
5392.0 1.9774e-15
5394.0 1.8277e-15
5396.0 1.7619e-15
5398.0 1.7192e-15
5400.0 1.7664e-15
5402.0 1.7871e-15
5404.0 1.9032e-15
5406.0 1.8176e-15
5408.0 1.7990e-15
5410.0 1.8563e-15
5412.0 1.6670e-15
5414.0 1.7259e-15
5416.0 1.8861e-15
5418.0 1.8712e-15
5420.0 1.8552e-15
5422.0 1.8139e-15
5424.0 1.7589e-15
5426.0 1.9418e-15
5428.0 2.0067e-15
5430.0 1.7783e-15
5432.0 2.0374e-15
5434.0 2.0258e-15
5436.0 1.8432e-15
5438.0 1.8974e-15
5440.0 2.0096e-15
5442.0 2.2453e-15
5444.0 2.0819e-15
5446.0 2.0314e-15
5448.0 1.9800e-15
5450.0 1.9140e-15
5452.0 1.7981e-15
5454.0 1.7472e-15
5456.0 1.7228e-15
5458.0 1.6873e-15
5460.0 1.8685e-15
5462.0 1.8594e-15
5464.0 1.7134e-15
5466.0 1.7258e-15
5468.0 1.8624e-15
5470.0 1.7530e-15
5472.0 1.8465e-15
5474.0 1.7493e-15
5476.0 1.8722e-15
5478.0 1.7753e-15
5480.0 1.7775e-15
5482.0 1.8992e-15
5484.0 1.5528e-15
5486.0 1.7438e-15
5488.0 1.8335e-15
5490.0 1.6633e-15
5492.0 1.7533e-15
5494.0 1.7469e-15
5496.0 1.8539e-15
5498.0 1.6729e-15
5500.0 1.6414e-15
5502.0 1.7699e-15
5504.0 1.8139e-15
5506.0 1.7321e-15
5508.0 1.7894e-15
5510.0 1.7550e-15
5512.0 1.7272e-15
5514.0 1.6855e-15
5516.0 1.7520e-15
5518.0 1.7400e-15
5520.0 1.8260e-15
5522.0 1.7185e-15
5524.0 1.8203e-15
5526.0 1.7548e-15
5528.0 1.6990e-15
5530.0 1.5787e-15
5532.0 1.7293e-15
5534.0 1.6865e-15
5536.0 1.8168e-15
5538.0 1.6525e-15
5540.0 1.6740e-15
5542.0 1.9145e-15
5544.0 1.4642e-15
5546.0 1.4654e-15
5548.0 1.7090e-15
5550.0 1.7356e-15
5550.0 1.7356e-15
5552.0 1.7165e-15
5552.0 1.7165e-15
5554.0 1.7971e-15
5554.0 1.7971e-15
5556.0 1.6493e-15
5556.0 1.6493e-15
5558.0 1.5664e-15
5558.0 1.5664e-15
5560.0 1.8871e-15
5560.0 1.8871e-15
5562.0 1.7383e-15
5562.0 1.7383e-15
5564.0 1.6832e-15
5564.0 1.6832e-15
5566.0 1.6801e-15
5566.0 1.6801e-15
5568.0 1.7472e-15
5568.0 1.7472e-15
5570.0 1.7941e-15
5570.0 1.7941e-15
5572.0 1.5951e-15
5572.0 1.5951e-15
5574.0 1.7395e-15
5574.0 1.7395e-15
5576.0 1.8758e-15
5576.0 1.8758e-15
5578.0 1.7800e-15
5578.0 1.7800e-15
5580.0 1.6658e-15
5580.0 1.6658e-15
5582.0 1.5986e-15
5582.0 1.5986e-15
5584.0 1.7523e-15
5584.0 1.7523e-15
5586.0 1.6367e-15
5586.0 1.6367e-15
5588.0 1.6707e-15
5588.0 1.6707e-15
5590.0 1.7621e-15
5590.0 1.7621e-15
5592.0 1.7222e-15
5592.0 1.7222e-15
5594.0 1.5918e-15
5594.0 1.5918e-15
5596.0 1.5876e-15
5596.0 1.5876e-15
5598.0 1.7556e-15
5598.0 1.7556e-15
5600.0 1.6700e-15
5600.0 1.6700e-15
5602.0 1.7559e-15
5602.0 1.7559e-15
5604.0 1.8356e-15
5604.0 1.8356e-15
5606.0 1.8347e-15
5606.0 1.8347e-15
5608.0 1.6907e-15
5608.0 1.6907e-15
5610.0 1.7106e-15
5610.0 1.7106e-15
5612.0 1.6672e-15
5612.0 1.6672e-15
5614.0 1.6392e-15
5614.0 1.6392e-15
5616.0 1.6342e-15
5616.0 1.6342e-15
5618.0 1.8597e-15
5618.0 1.8597e-15
5620.0 1.7236e-15
5620.0 1.7236e-15
5622.0 1.6896e-15
5622.0 1.6896e-15
5624.0 1.6766e-15
5624.0 1.6766e-15
5626.0 1.5520e-15
5626.0 1.5520e-15
5628.0 1.6356e-15
5628.0 1.6356e-15
5630.0 1.7629e-15
5630.0 1.7629e-15
5632.0 1.6003e-15
5632.0 1.6003e-15
5634.0 1.6859e-15
5634.0 1.6859e-15
5636.0 1.8412e-15
5636.0 1.8412e-15
5638.0 1.6926e-15
5638.0 1.6926e-15
5640.0 1.8485e-15
5640.0 1.8485e-15
5642.0 1.5981e-15
5642.0 1.5981e-15
5644.0 1.6937e-15
5644.0 1.6937e-15
5646.0 1.5931e-15
5646.0 1.5931e-15
5648.0 1.5670e-15
5648.0 1.5670e-15
5650.0 1.5401e-15
5650.0 1.5401e-15
5652.0 1.8006e-15
5654.0 1.8011e-15
5656.0 1.7569e-15
5658.0 1.7508e-15
5660.0 1.9319e-15
5662.0 1.7138e-15
5664.0 1.5934e-15
5666.0 1.6462e-15
5668.0 1.6731e-15
5670.0 1.6675e-15
5672.0 1.6096e-15
5674.0 1.5722e-15
5676.0 1.5465e-15
5678.0 1.6856e-15
5680.0 1.6397e-15
5682.0 1.5260e-15
5684.0 1.6467e-15
5686.0 1.7377e-15
5688.0 1.6905e-15
5690.0 1.6545e-15
5692.0 1.6952e-15
5694.0 1.7118e-15
5696.0 1.6914e-15
5698.0 1.7052e-15
5700.0 1.6044e-15
5702.0 1.6166e-15
5704.0 1.6272e-15
5706.0 1.6011e-15
5708.0 1.5729e-15
5710.0 1.5910e-15
5712.0 1.8151e-15
5714.0 1.7369e-15
5716.0 1.6391e-15
5718.0 1.6785e-15
5720.0 1.6547e-15
5722.0 1.6658e-15
5724.0 1.5280e-15
5726.0 1.5054e-15
5728.0 1.5118e-15
5730.0 1.7452e-15
5732.0 1.8015e-15
5734.0 1.6248e-15
5736.0 1.6138e-15
5738.0 1.5204e-15
5740.0 1.6818e-15
5742.0 1.5044e-15
5744.0 1.6505e-15
5746.0 1.5850e-15
5748.0 1.6847e-15
5750.0 1.6880e-15
5752.0 1.5853e-15
5754.0 1.5044e-15
5756.0 1.6152e-15
5758.0 1.5647e-15
5760.0 1.5130e-15
5762.0 1.6503e-15
5764.0 1.5544e-15
5766.0 1.6064e-15
5768.0 1.6419e-15
5770.0 1.6851e-15
5772.0 1.5719e-15
5774.0 1.6504e-15
5776.0 1.6403e-15
5778.0 1.5386e-15
5780.0 1.5619e-15
5782.0 1.5581e-15
5784.0 1.4776e-15
5786.0 1.5149e-15
5788.0 1.4930e-15
5790.0 1.5307e-15
5792.0 1.6579e-15
5794.0 1.6146e-15
5796.0 1.5375e-15
5798.0 1.5971e-15
5800.0 1.6337e-15
5802.0 1.6126e-15
5804.0 1.6548e-15
5806.0 1.6050e-15
5808.0 1.5956e-15
5810.0 1.6075e-15
5812.0 1.4723e-15
5814.0 1.4744e-15
5816.0 1.5989e-15
5818.0 1.5645e-15
5820.0 1.6063e-15
5822.0 1.6034e-15
5824.0 1.5820e-15
5826.0 1.5692e-15
5828.0 1.4572e-15
5830.0 1.4947e-15
5832.0 1.5031e-15
5834.0 1.5872e-15
5836.0 1.5615e-15
5838.0 1.5811e-15
5840.0 1.5892e-15
5842.0 1.5176e-15
5844.0 1.4789e-15
5846.0 1.5656e-15
5848.0 1.5391e-15
5850.0 1.5773e-15
5852.0 1.5089e-15
5854.0 1.5541e-15
5856.0 1.5846e-15
5858.0 1.6855e-15
5860.0 1.6137e-15
5862.0 1.5626e-15
5864.0 1.4692e-15
5866.0 1.5511e-15
5868.0 1.5394e-15
5870.0 1.5257e-15
5872.0 1.5030e-15
5874.0 1.5467e-15
5876.0 1.5161e-15
5878.0 1.5614e-15
5880.0 1.5207e-15
5882.0 1.5976e-15
5884.0 1.5223e-15
5886.0 1.5050e-15
5888.0 1.5542e-15
5890.0 1.5188e-15
5892.0 1.4184e-15
5894.0 1.3811e-15
5896.0 1.4316e-15
5898.0 1.4520e-15
5900.0 1.4230e-15
5902.0 1.5599e-15
5904.0 1.5199e-15
5906.0 1.6480e-15
5908.0 1.6451e-15
5910.0 1.4794e-15
5912.0 1.4989e-15
5914.0 1.5564e-15
5916.0 1.5886e-15
5918.0 1.5648e-15
5920.0 1.4839e-15
5922.0 1.5401e-15
5924.0 1.5570e-15
5926.0 1.5703e-15
5928.0 1.5156e-15
5930.0 1.4659e-15
5932.0 1.3875e-15
5934.0 1.5490e-15
5936.0 1.4545e-15
5938.0 1.6158e-15
5940.0 1.5383e-15
5942.0 1.5062e-15
5944.0 1.5633e-15
5946.0 1.5107e-15
5948.0 1.5559e-15
5950.0 1.6654e-15
5952.0 1.5327e-15
5954.0 1.5571e-15
5956.0 1.4493e-15
5958.0 1.4500e-15
5960.0 1.5212e-15
5962.0 1.5676e-15
5964.0 1.4825e-15
5966.0 1.5235e-15
5968.0 1.6067e-15
5970.0 1.5391e-15
5972.0 1.4109e-15
5974.0 1.4930e-15
5976.0 1.5721e-15
5978.0 1.5660e-15
5980.0 1.5315e-15
5982.0 1.5464e-15
5984.0 1.3942e-15
5986.0 1.4800e-15
5988.0 1.4666e-15
5990.0 1.5281e-15
5992.0 1.5227e-15
5994.0 1.5090e-15
5996.0 1.6090e-15
5998.0 1.4774e-15
6000.0 1.5115e-15
6002.0 1.4740e-15
6004.0 1.4683e-15
6006.0 1.4166e-15
6008.0 1.4663e-15
6010.0 1.4570e-15
6012.0 1.4455e-15
6014.0 1.5129e-15
6016.0 1.4904e-15
6018.0 1.5659e-15
6020.0 1.4993e-15
6022.0 1.5573e-15
6024.0 1.5023e-15
6026.0 1.5715e-15
6028.0 1.4467e-15
6030.0 1.4158e-15
6032.0 1.4567e-15
6034.0 1.4831e-15
6036.0 1.4895e-15
6038.0 1.4868e-15
6040.0 1.5358e-15
6042.0 1.4953e-15
6044.0 1.4417e-15
6046.0 1.5405e-15
6048.0 1.4831e-15
6050.0 1.4724e-15
6052.0 1.5421e-15
6054.0 1.4176e-15
6056.0 1.4647e-15
6058.0 1.4254e-15
6060.0 1.4674e-15
6062.0 1.4228e-15
6064.0 1.4231e-15
6066.0 1.5196e-15
6068.0 1.4497e-15
6070.0 1.4482e-15
6072.0 1.4027e-15
6074.0 1.3946e-15
6076.0 1.4653e-15
6078.0 1.4851e-15
6080.0 1.4595e-15
6082.0 1.4341e-15
6084.0 1.4739e-15
6086.0 1.4645e-15
6088.0 1.4677e-15
6090.0 1.4675e-15
6092.0 1.5121e-15
6094.0 1.4308e-15
6096.0 1.4070e-15
6098.0 1.4384e-15
6100.0 1.5149e-15
6102.0 1.4543e-15
6104.0 1.4306e-15
6106.0 1.4267e-15
6108.0 1.4377e-15
6110.0 1.4673e-15
6112.0 1.3791e-15
6114.0 1.3885e-15
6116.0 1.3305e-15
6118.0 1.3754e-15
6120.0 1.4169e-15
6122.0 1.4601e-15
6124.0 1.4469e-15
6126.0 1.5332e-15
6128.0 1.4125e-15
6130.0 1.3709e-15
6132.0 1.5130e-15
6134.0 1.3800e-15
6136.0 1.4146e-15
6138.0 1.3706e-15
6140.0 1.4104e-15
6142.0 1.4097e-15
6144.0 1.4001e-15
6146.0 1.5062e-15
6148.0 1.4319e-15
6150.0 1.4479e-15
6152.0 1.4171e-15
6154.0 1.4491e-15
6156.0 1.3580e-15
6158.0 1.3819e-15
6160.0 1.4065e-15
6162.0 1.4613e-15
6164.0 1.3617e-15
6166.0 1.3285e-15
6168.0 1.3562e-15
6170.0 1.3687e-15
6172.0 1.4060e-15
6174.0 1.4196e-15
6176.0 1.3701e-15
6178.0 1.3907e-15
6180.0 1.3470e-15
6182.0 1.3890e-15
6184.0 1.4092e-15
6186.0 1.3595e-15
6188.0 1.4720e-15
6190.0 1.3801e-15
6192.0 1.4254e-15
6194.0 1.4539e-15
6196.0 1.3879e-15
6198.0 1.4011e-15
6200.0 1.3840e-15
6202.0 1.2529e-15
6204.0 1.4134e-15
6206.0 1.4033e-15
6208.0 1.3801e-15
6210.0 1.3698e-15
6212.0 1.4107e-15
6214.0 1.3676e-15
6216.0 1.3550e-15
6218.0 1.3241e-15
6220.0 1.3149e-15
6222.0 1.3692e-15
6224.0 1.3931e-15
6226.0 1.3169e-15
6228.0 1.3247e-15
6230.0 1.3396e-15
6232.0 1.3713e-15
6234.0 1.3342e-15
6236.0 1.3922e-15
6238.0 1.3974e-15
6240.0 1.3525e-15
6242.0 1.3451e-15
6244.0 1.3924e-15
6246.0 1.3428e-15
6248.0 1.3892e-15
6250.0 1.4028e-15
6252.0 1.4617e-15
6254.0 1.4131e-15
6256.0 1.3149e-15
6258.0 1.3639e-15
6260.0 1.4281e-15
6262.0 1.3586e-15
6264.0 1.3746e-15
6266.0 1.2943e-15
6268.0 1.3855e-15
6270.0 1.3207e-15
6272.0 1.3675e-15
6274.0 1.3096e-15
6276.0 1.3789e-15
6278.0 1.3826e-15
6280.0 1.3358e-15
6282.0 1.3510e-15
6284.0 1.2329e-15
6286.0 1.3343e-15
6288.0 1.4222e-15
6290.0 1.3663e-15
6292.0 1.2844e-15
6294.0 1.3420e-15
6296.0 1.2980e-15
6298.0 1.2889e-15
6300.0 1.2815e-15
6302.0 1.3733e-15
6304.0 1.3431e-15
6306.0 1.2953e-15
6308.0 1.3302e-15
6310.0 1.3366e-15
6312.0 1.3083e-15
6314.0 1.3273e-15
6316.0 1.2810e-15
6318.0 1.2707e-15
6320.0 1.4493e-15
6322.0 1.2934e-15
6324.0 1.3953e-15
6326.0 1.3073e-15
6328.0 1.2975e-15
6330.0 1.3691e-15
6332.0 1.3265e-15
6334.0 1.2549e-15
6336.0 1.2873e-15
6338.0 1.2992e-15
6340.0 1.3433e-15
6342.0 1.3278e-15
6344.0 1.3126e-15
6346.0 1.3174e-15
6348.0 1.3315e-15
6350.0 1.3079e-15
6352.0 1.2734e-15
6354.0 1.3856e-15
6356.0 1.2934e-15
6358.0 1.3704e-15
6360.0 1.3324e-15
6362.0 1.4698e-15
6364.0 1.3125e-15
6366.0 1.3065e-15
6368.0 1.2619e-15
6370.0 1.2692e-15
6372.0 1.2857e-15
6374.0 1.3522e-15
6376.0 1.3342e-15
6378.0 1.3301e-15
6380.0 1.3026e-15
6382.0 1.2756e-15
6384.0 1.2637e-15
6386.0 1.2612e-15
6388.0 1.2994e-15
6390.0 1.3354e-15
6392.0 1.3018e-15
6394.0 1.3509e-15
6396.0 1.2798e-15
6398.0 1.2491e-15
6400.0 1.2492e-15
6402.0 1.2124e-15
6404.0 1.3517e-15
6406.0 1.3207e-15
6408.0 1.3092e-15
6410.0 1.3106e-15
6412.0 1.2932e-15
6414.0 1.2922e-15
6416.0 1.2980e-15
6418.0 1.2430e-15
6420.0 1.2746e-15
6422.0 1.4137e-15
6424.0 1.3690e-15
6426.0 1.3008e-15
6428.0 1.3808e-15
6430.0 1.2621e-15
6432.0 1.3022e-15
6434.0 1.3791e-15
6436.0 1.2528e-15
6438.0 1.3203e-15
6440.0 1.3297e-15
6442.0 1.3146e-15
6444.0 1.2956e-15
6446.0 1.3110e-15
6448.0 1.2678e-15
6450.0 1.2361e-15
6452.0 1.2807e-15
6454.0 1.2281e-15
6456.0 1.2388e-15
6458.0 1.2524e-15
6460.0 1.3462e-15
6462.0 1.3070e-15
6464.0 1.3097e-15
6466.0 1.2717e-15
6468.0 1.2510e-15
6470.0 1.2816e-15
6472.0 1.3302e-15
6474.0 1.3527e-15
6476.0 1.2796e-15
6478.0 1.2878e-15
6480.0 1.2764e-15
6482.0 1.2181e-15
6484.0 1.2658e-15
6486.0 1.3245e-15
6488.0 1.3363e-15
6490.0 1.2870e-15
6492.0 1.2439e-15
6494.0 1.3214e-15
6496.0 1.3548e-15
6498.0 1.3073e-15
6500.0 1.2769e-15
6502.0 1.3415e-15
6504.0 1.3216e-15
6506.0 1.2443e-15
6508.0 1.2444e-15
6510.0 1.2885e-15
6512.0 1.2549e-15
6514.0 1.2785e-15
6516.0 1.3032e-15
6518.0 1.2581e-15
6520.0 1.2754e-15
6522.0 1.2694e-15
6524.0 1.2761e-15
6526.0 1.2893e-15
6528.0 1.1932e-15
6530.0 1.2995e-15
6532.0 1.2897e-15
6534.0 1.2343e-15
6536.0 1.2542e-15
6538.0 1.1979e-15
6540.0 1.2822e-15
6542.0 1.2255e-15
6544.0 1.1551e-15
6546.0 1.2225e-15
6548.0 1.2592e-15
6550.0 1.3107e-15
6552.0 1.2177e-15
6554.0 1.2939e-15
6556.0 1.2824e-15
6558.0 1.2749e-15
6560.0 1.3482e-15
6562.0 1.3357e-15
6564.0 1.3649e-15
6566.0 1.2760e-15
6568.0 1.3499e-15
6570.0 1.2827e-15
6572.0 1.2081e-15
6574.0 1.2566e-15
6576.0 1.3459e-15
6578.0 1.3617e-15
6580.0 1.3192e-15
6582.0 1.2993e-15
6584.0 1.3162e-15
6586.0 1.2032e-15
6588.0 1.2682e-15
6590.0 1.1705e-15
6592.0 1.1830e-15
6594.0 1.0168e-15
6596.0 1.1475e-15
6598.0 1.1635e-15
6600.0 1.1167e-15
6602.0 1.1655e-15
6604.0 1.2584e-15
6606.0 1.1788e-15
6608.0 1.1530e-15
6610.0 1.2497e-15
6612.0 1.1872e-15
6614.0 1.1811e-15
6616.0 1.2720e-15
6618.0 1.1906e-15
6620.0 1.3302e-15
6622.0 1.2749e-15
6624.0 1.2515e-15
6626.0 1.2201e-15
6628.0 1.2540e-15
6630.0 1.3700e-15
6632.0 1.3018e-15
6634.0 1.2929e-15
6636.0 1.2184e-15
6638.0 1.2852e-15
6640.0 1.2553e-15
6642.0 1.3845e-15
6644.0 1.2445e-15
6646.0 1.2243e-15
6648.0 1.1913e-15
6650.0 1.2204e-15
6652.0 1.2191e-15
6654.0 1.2177e-15
6656.0 1.2367e-15
6658.0 1.3317e-15
6660.0 1.2453e-15
6662.0 1.2048e-15
6664.0 1.2397e-15
6666.0 1.2579e-15
6668.0 1.2494e-15
6670.0 1.3065e-15
6672.0 1.2257e-15
6674.0 1.1783e-15
6676.0 1.2337e-15
6678.0 1.2473e-15
6680.0 1.2704e-15
6682.0 1.2699e-15
6684.0 1.2509e-15
6686.0 1.2235e-15
6688.0 1.1877e-15
6690.0 1.1889e-15
6692.0 1.2044e-15
6694.0 1.2152e-15
6696.0 1.1509e-15
6698.0 1.1470e-15
6700.0 1.2006e-15
6702.0 1.1690e-15
6704.0 1.1439e-15
6706.0 1.1818e-15
6708.0 1.1900e-15
6710.0 1.2054e-15
6712.0 1.2486e-15
6714.0 1.2098e-15
6716.0 1.2643e-15
6718.0 1.2036e-15
6720.0 1.1217e-15
6722.0 1.2402e-15
6724.0 1.2070e-15
6726.0 1.2499e-15
6728.0 1.2129e-15
6730.0 1.1636e-15
6732.0 1.1477e-15
6734.0 1.1969e-15
6736.0 1.1300e-15
6738.0 1.1433e-15
6740.0 1.1701e-15
6742.0 1.1567e-15
6744.0 1.1227e-15
6746.0 1.2206e-15
6748.0 1.1860e-15
6750.0 1.1409e-15
6752.0 1.1217e-15
6754.0 1.1576e-15
6756.0 1.2328e-15
6758.0 1.1975e-15
6760.0 1.1764e-15
6762.0 1.0897e-15
6764.0 1.1602e-15
6766.0 1.2248e-15
6768.0 1.2081e-15
6770.0 1.2307e-15
6772.0 1.1530e-15
6774.0 1.1263e-15
6776.0 1.1288e-15
6778.0 1.2175e-15
6780.0 1.1943e-15
6782.0 1.2121e-15
6784.0 1.2378e-15
6786.0 1.2066e-15
6788.0 1.1817e-15
6790.0 1.1372e-15
6792.0 1.2341e-15
6794.0 1.1770e-15
6796.0 1.2118e-15
6798.0 1.1602e-15
6800.0 1.1691e-15
6802.0 1.1500e-15
6804.0 1.1728e-15
6806.0 1.1839e-15
6808.0 1.2179e-15
6810.0 1.1551e-15
6812.0 1.1437e-15
6814.0 1.1250e-15
6816.0 1.2405e-15
6818.0 1.2192e-15
6820.0 1.2160e-15
6822.0 1.1632e-15
6824.0 1.2358e-15
6826.0 1.1930e-15
6828.0 1.2421e-15
6830.0 1.1668e-15
6832.0 1.1472e-15
6834.0 1.0426e-15
6836.0 1.1053e-15
6838.0 1.0609e-15
6840.0 1.1098e-15
6842.0 1.1312e-15
6844.0 1.1039e-15
6846.0 1.1063e-15
6848.0 1.1248e-15
6850.0 1.0642e-15
6852.0 1.1717e-15
6854.0 1.1083e-15
6856.0 1.1886e-15
6858.0 1.0976e-15
6860.0 1.1615e-15
6862.0 1.1309e-15
6864.0 1.1197e-15
6866.0 1.0578e-15
6868.0 1.0814e-15
6870.0 1.1802e-15
6872.0 1.2400e-15
6874.0 1.1278e-15
6876.0 1.1588e-15
6878.0 1.1652e-15
6880.0 1.1902e-15
6882.0 1.1840e-15
6884.0 1.0821e-15
6886.0 1.0863e-15
6888.0 1.1208e-15
6890.0 1.1601e-15
6892.0 1.1213e-15
6894.0 1.1427e-15
6896.0 1.2953e-15
6898.0 1.2295e-15
6900.0 1.1816e-15
6902.0 1.1197e-15
6904.0 1.1069e-15
6906.0 1.1114e-15
6908.0 1.1761e-15
6910.0 1.1060e-15
6912.0 1.1498e-15
6914.0 1.1292e-15
6916.0 1.1420e-15
6918.0 1.1687e-15
6920.0 1.1395e-15
6922.0 1.1341e-15
6924.0 1.0669e-15
6926.0 1.1405e-15
6928.0 1.1206e-15
6930.0 1.1031e-15
6932.0 1.1497e-15
6934.0 1.0898e-15
6936.0 1.1748e-15
6938.0 1.1678e-15
6940.0 1.1470e-15
6942.0 1.1765e-15
6944.0 1.0465e-15
6946.0 1.1317e-15
6948.0 1.0710e-15
6950.0 1.0171e-15
6952.0 9.6359e-16
6954.0 1.0521e-15
6956.0 1.0668e-15
6958.0 1.1065e-15
6960.0 1.1602e-15
6962.0 1.1244e-15
6964.0 1.1157e-15
6966.0 1.0677e-15
6968.0 1.0615e-15
6970.0 1.1101e-15
6972.0 1.0895e-15
6974.0 1.0745e-15
6976.0 1.0526e-15
6978.0 1.0408e-15
6980.0 1.1038e-15
6982.0 1.1014e-15
6984.0 1.0570e-15
6986.0 1.0250e-15
6988.0 1.1228e-15
6990.0 1.1436e-15
6992.0 1.1677e-15
6994.0 1.0448e-15
6996.0 1.1060e-15
6998.0 1.0952e-15
7000.0 1.0786e-15
7002.0 1.1006e-15
7004.0 1.0466e-15
7006.0 1.0958e-15
7008.0 1.1685e-15
7010.0 1.0741e-15
7012.0 1.0927e-15
7014.0 1.1019e-15
7016.0 1.0522e-15
7018.0 1.0957e-15
7020.0 1.0740e-15
7022.0 1.1771e-15
7024.0 1.0916e-15
7026.0 1.0695e-15
7028.0 1.0399e-15
7030.0 1.0538e-15
7032.0 1.0702e-15
7034.0 1.0730e-15
7036.0 1.0783e-15
7038.0 1.1467e-15
7040.0 1.1019e-15
7042.0 1.1059e-15
7044.0 1.1695e-15
7046.0 1.0587e-15
7048.0 1.1104e-15
7050.0 1.0515e-15
7052.0 1.0898e-15
7054.0 1.0618e-15
7056.0 1.0856e-15
7058.0 1.0544e-15
7060.0 1.0560e-15
7062.0 1.0401e-15
7064.0 1.0620e-15
7066.0 1.0276e-15
7068.0 1.1151e-15
7070.0 1.1615e-15
7072.0 1.0374e-15
7074.0 1.0865e-15
7076.0 1.1519e-15
7078.0 1.0541e-15
7080.0 1.0348e-15
7082.0 1.0916e-15
7084.0 1.0701e-15
7086.0 1.0782e-15
7088.0 1.0048e-15
7090.0 1.0861e-15
7092.0 1.1073e-15
7094.0 1.1211e-15
7096.0 1.0160e-15
7098.0 1.0215e-15
7100.0 1.1412e-15
7102.0 1.0796e-15
7104.0 1.1416e-15
7106.0 1.0661e-15
7108.0 1.1221e-15
7110.0 1.0956e-15
7112.0 1.0950e-15
7114.0 1.0189e-15
7116.0 1.1377e-15
7118.0 1.0694e-15
7120.0 1.0464e-15
7122.0 1.0253e-15
7124.0 1.0763e-15
7126.0 1.0739e-15
7128.0 1.0660e-15
7130.0 9.8613e-16
7132.0 1.0859e-15
7134.0 1.0247e-15
7136.0 1.0638e-15
7138.0 9.8153e-16
7140.0 1.0487e-15
7142.0 1.0669e-15
7144.0 1.1194e-15
7146.0 1.0527e-15
7148.0 1.0453e-15
7150.0 1.0369e-15
7152.0 1.0714e-15
7154.0 1.0088e-15
7156.0 1.0569e-15
7158.0 1.0531e-15
7160.0 1.0032e-15
7162.0 1.1099e-15
7164.0 1.0081e-15
7166.0 1.0390e-15
7168.0 1.0265e-15
7170.0 1.0510e-15
7172.0 1.0221e-15
7174.0 9.7261e-16
7176.0 1.0933e-15
7178.0 1.1079e-15
7180.0 1.0933e-15
7182.0 1.0499e-15
7184.0 1.0764e-15
7186.0 1.0314e-15
7188.0 1.1043e-15
7190.0 1.0775e-15
7192.0 1.0816e-15
7194.0 1.1707e-15
7196.0 1.0596e-15
7198.0 1.0567e-15
7200.0 1.0088e-15
7202.0 9.6676e-16
7204.0 1.0426e-15
7206.0 1.0610e-15
7208.0 1.0464e-15
7210.0 1.0477e-15
7212.0 1.0644e-15
7214.0 1.0349e-15
7216.0 1.0815e-15
7218.0 1.0087e-15
7220.0 1.0376e-15
7222.0 9.9520e-16
7224.0 1.0614e-15
7226.0 9.8778e-16
7228.0 1.0520e-15
7230.0 1.0855e-15
7232.0 1.1363e-15
7234.0 1.0926e-15
7236.0 1.0443e-15
7238.0 1.0778e-15
7240.0 1.0971e-15
7242.0 1.0836e-15
7244.0 1.1181e-15
7246.0 1.0014e-15
7248.0 1.0843e-15
7250.0 1.0856e-15
7252.0 1.1134e-15
7254.0 1.1100e-15
7256.0 1.0174e-15
7258.0 1.1125e-15
7260.0 1.0960e-15
7262.0 1.0933e-15
7264.0 1.0703e-15
7266.0 9.6463e-16
7268.0 1.0379e-15
7270.0 1.0365e-15
7272.0 1.0502e-15
7274.0 1.0910e-15
7276.0 1.0708e-15
7278.0 1.0233e-15
7280.0 1.0735e-15
7282.0 1.0906e-15
7284.0 1.0290e-15
7286.0 1.0412e-15
7288.0 1.0735e-15
7290.0 1.0554e-15
7292.0 1.1627e-15
7294.0 1.1357e-15
7296.0 1.1192e-15
7298.0 1.1443e-15
7300.0 1.0624e-15
7302.0 1.1021e-15
7304.0 9.6413e-16
7306.0 1.1110e-15
7308.0 1.0309e-15
7310.0 1.0106e-15
7312.0 1.0733e-15
7314.0 1.0284e-15
7316.0 1.0682e-15
7318.0 1.1091e-15
7320.0 1.0912e-15
7322.0 1.1232e-15
7324.0 1.0808e-15
7326.0 1.0564e-15
7328.0 1.1409e-15
7330.0 1.1088e-15
7332.0 1.0917e-15
7334.0 1.0862e-15
7336.0 1.1781e-15
7338.0 1.0951e-15
7340.0 1.1782e-15
7342.0 1.2313e-15
7344.0 1.3198e-15
7346.0 1.7762e-15
7348.0 2.1403e-15
7350.0 1.7813e-15
7352.0 1.3027e-15
7354.0 1.1682e-15
7356.0 1.1763e-15
7358.0 1.0181e-15
7360.0 1.0145e-15
7362.0 1.0248e-15
7364.0 1.0277e-15
7366.0 1.0896e-15
7368.0 1.2142e-15
7370.0 1.1582e-15
7372.0 1.2266e-15
7374.0 1.1032e-15
7376.0 1.0771e-15
7378.0 1.0855e-15
7380.0 1.0947e-15
7382.0 1.0860e-15
7384.0 1.0056e-15
7386.0 1.0836e-15
7388.0 1.0431e-15
7390.0 1.0508e-15
7392.0 1.0357e-15
7394.0 1.0098e-15
7396.0 1.0139e-15
7398.0 1.0355e-15
7400.0 1.1382e-15
7402.0 1.0852e-15
7404.0 1.0039e-15
7406.0 1.0183e-15
7408.0 1.0192e-15
7410.0 1.0294e-15
7412.0 1.0201e-15
7414.0 9.4187e-16
7416.0 1.0627e-15
7418.0 1.0690e-15
7420.0 1.0647e-15
7422.0 1.0076e-15
7424.0 1.0480e-15
7426.0 1.0926e-15
7428.0 1.0485e-15
7430.0 9.8855e-16
7432.0 9.9755e-16
7434.0 1.0098e-15
7436.0 1.0505e-15
7438.0 9.5562e-16
7440.0 9.5075e-16
7442.0 9.5220e-16
7444.0 1.0283e-15
7446.0 1.0139e-15
7448.0 8.8925e-16
7450.0 1.0076e-15
7452.0 9.4908e-16
7454.0 1.0491e-15
7456.0 1.0046e-15
7458.0 9.7135e-16
7460.0 1.0451e-15
7462.0 1.1014e-15
7464.0 9.7760e-16
7466.0 9.7311e-16
7468.0 1.0332e-15
7470.0 1.1105e-15
7472.0 1.0405e-15
7474.0 9.7417e-16
7476.0 9.6550e-16
7478.0 1.0525e-15
7480.0 1.0942e-15
7482.0 1.0027e-15
7484.0 9.3405e-16
7486.0 1.0086e-15
7488.0 1.0082e-15
7490.0 9.6228e-16
7492.0 9.9877e-16
7494.0 9.8836e-16
7496.0 1.0539e-15
7498.0 9.7279e-16
7500.0 9.4387e-16
7502.0 9.0085e-16
7504.0 1.0052e-15
7506.0 1.0050e-15
7508.0 9.8166e-16
7510.0 9.8919e-16
7512.0 9.9930e-16
7514.0 9.2551e-16
7516.0 9.8092e-16
7518.0 1.0810e-15
7520.0 1.0890e-15
7522.0 1.1194e-15
7524.0 9.8353e-16
7526.0 9.5218e-16
7528.0 9.6168e-16
7530.0 9.5004e-16
7532.0 9.7124e-16
7534.0 1.0142e-15
7536.0 1.0608e-15
7538.0 1.0067e-15
7540.0 1.0536e-15
7542.0 1.0136e-15
7544.0 9.8713e-16
7546.0 9.5137e-16
7548.0 9.4925e-16
7550.0 9.4173e-16
7552.0 9.6157e-16
7554.0 9.2613e-16
7556.0 1.0414e-15
7558.0 1.0118e-15
7560.0 1.0241e-15
7562.0 9.9817e-16
7564.0 1.0058e-15
7566.0 9.5106e-16
7568.0 9.1739e-16
7570.0 9.0818e-16
7572.0 9.5220e-16
7574.0 9.2511e-16
7576.0 9.0977e-16
7578.0 9.8204e-16
7580.0 8.5897e-16
7582.0 9.3164e-16
7584.0 9.7278e-16
7586.0 1.0018e-15
7588.0 9.7604e-16
7590.0 9.1314e-16
7592.0 9.6231e-16
7594.0 8.7422e-16
7596.0 1.0793e-15
7598.0 9.5117e-16
7600.0 1.0994e-15
7602.0 8.2992e-16
7604.0 1.0259e-15
7606.0 9.3270e-16
7608.0 9.1110e-16
7610.0 1.1247e-15
7612.0 1.1215e-15
7614.0 9.7339e-16
7616.0 1.0784e-15
7618.0 9.8177e-16
7620.0 1.0078e-15
7622.0 8.6172e-16
7624.0 9.2143e-16
7626.0 9.6434e-16
7628.0 1.0330e-15
7630.0 9.5501e-16
7632.0 9.1003e-16
7634.0 9.6736e-16
7636.0 1.0004e-15
7638.0 1.0890e-15
7640.0 9.9378e-16
7642.0 9.9787e-16
7644.0 1.0272e-15
7646.0 8.9101e-16
7648.0 9.1467e-16
7650.0 9.4060e-16
7652.0 9.1834e-16
7654.0 9.5827e-16
7656.0 9.7770e-16
7658.0 9.5513e-16
7660.0 1.0246e-15
7662.0 9.2248e-16
7664.0 9.2753e-16
7666.0 8.7052e-16
7668.0 8.9947e-16
7670.0 9.9139e-16
7672.0 9.4059e-16
7674.0 9.0264e-16
7676.0 9.2196e-16
7678.0 9.6335e-16
7680.0 9.3527e-16
7682.0 9.4007e-16
7684.0 9.5131e-16
7686.0 9.2421e-16
7688.0 9.1493e-16
7690.0 9.1826e-16
7692.0 9.5724e-16
7694.0 9.2614e-16
7696.0 9.3923e-16
7698.0 9.3419e-16
7700.0 9.6516e-16
7702.0 8.8244e-16
7704.0 9.0939e-16
7706.0 9.1225e-16
7708.0 9.4142e-16
7710.0 9.1343e-16
7712.0 1.0625e-15
7714.0 9.9386e-16
7716.0 9.6367e-16
7718.0 8.8320e-16
7720.0 9.0492e-16
7722.0 8.9744e-16
7724.0 8.6237e-16
7726.0 8.9100e-16
7728.0 7.9156e-16
7730.0 9.4248e-16
7732.0 9.4939e-16
7734.0 8.8350e-16
7736.0 9.4991e-16
7738.0 9.5274e-16
7740.0 8.8765e-16
7742.0 9.4109e-16
7744.0 9.1573e-16
7746.0 8.2999e-16
7748.0 9.6854e-16
7750.0 9.5889e-16
7752.0 9.0750e-16
7754.0 8.0874e-16
7756.0 9.3698e-16
7758.0 9.5132e-16
7760.0 8.9723e-16
7762.0 9.4045e-16
7764.0 8.5603e-16
7766.0 8.8078e-16
7768.0 8.8300e-16
7770.0 9.4178e-16
7772.0 1.0039e-15
7774.0 9.9306e-16
7776.0 8.8330e-16
7778.0 9.1320e-16
7780.0 9.0875e-16
7782.0 8.7667e-16
7784.0 8.3192e-16
7786.0 9.1089e-16
7788.0 9.0958e-16
7790.0 9.6289e-16
7792.0 9.8525e-16
7794.0 9.0956e-16
7796.0 9.9591e-16
7798.0 8.7856e-16
7800.0 9.7160e-16
7802.0 8.3327e-16
7804.0 9.2774e-16
7806.0 9.5486e-16
7808.0 8.8618e-16
7810.0 8.3367e-16
7812.0 8.4762e-16
7814.0 8.7830e-16
7816.0 9.2093e-16
7818.0 9.0657e-16
7820.0 8.7110e-16
7822.0 9.0311e-16
7824.0 8.2717e-16
7826.0 7.7768e-16
7828.0 9.5763e-16
7830.0 9.1667e-16
7832.0 9.3720e-16
7834.0 9.3666e-16
7836.0 9.2174e-16
7838.0 8.7752e-16
7840.0 8.9967e-16
7842.0 9.9065e-16
7844.0 8.5348e-16
7846.0 8.0592e-16
7848.0 9.0909e-16
7850.0 9.5443e-16
7852.0 9.7686e-16
7854.0 8.5257e-16
7856.0 8.9155e-16
7858.0 8.6726e-16
7860.0 9.2628e-16
7862.0 7.6481e-16
7864.0 8.0502e-16
7866.0 9.3533e-16
7868.0 8.0765e-16
7870.0 9.1315e-16
7872.0 9.7395e-16
7874.0 8.9927e-16
7876.0 9.0724e-16
7878.0 8.3811e-16
7880.0 7.8643e-16
7882.0 8.2319e-16
7884.0 8.4934e-16
7886.0 8.2251e-16
7888.0 8.3699e-16
7890.0 8.9277e-16
7892.0 9.9471e-16
7894.0 9.1028e-16
7896.0 8.5231e-16
7898.0 8.3644e-16
7900.0 8.9734e-16
7902.0 8.7880e-16
7904.0 1.0248e-15
7906.0 8.7616e-16
7908.0 8.6539e-16
7910.0 9.6983e-16
7912.0 9.9326e-16
7914.0 9.4119e-16
7916.0 9.1340e-16
7918.0 8.1876e-16
7920.0 9.3168e-16
7922.0 9.2299e-16
7924.0 8.1779e-16
7926.0 7.9717e-16
7928.0 9.4989e-16
7930.0 8.9892e-16
7932.0 8.3863e-16
7934.0 8.3513e-16
7936.0 8.7523e-16
7938.0 8.6566e-16
7940.0 8.4214e-16
7942.0 8.9981e-16
7944.0 9.2243e-16
7946.0 9.7172e-16
7948.0 9.3974e-16
7950.0 8.4482e-16
7952.0 8.2380e-16
7954.0 7.9850e-16
7956.0 8.2048e-16
7958.0 8.5328e-16
7960.0 8.8562e-16
7962.0 9.0833e-16
7964.0 9.8958e-16
7966.0 1.0112e-15
7968.0 7.7994e-16
7970.0 8.9538e-16
7972.0 8.0515e-16
7974.0 8.3441e-16
7976.0 8.4293e-16
7978.0 8.7897e-16
7980.0 9.5238e-16
7982.0 8.2959e-16
7984.0 8.2792e-16
7986.0 9.3934e-16
7988.0 9.6134e-16
7990.0 8.0645e-16
7992.0 9.8736e-16
7994.0 9.6655e-16
7996.0 8.2130e-16
7998.0 8.6106e-16
8000.0 8.9360e-16
8002.0 8.5754e-16
8004.0 9.0831e-16
8006.0 8.6254e-16
8008.0 8.6263e-16
8010.0 9.1692e-16
8012.0 8.9827e-16
8014.0 8.5069e-16
8016.0 8.3060e-16
8018.0 7.4583e-16
8020.0 8.5161e-16
8022.0 8.1834e-16
8024.0 8.9457e-16
8026.0 8.7020e-16
8028.0 9.5662e-16
8030.0 8.1614e-16
8032.0 8.4910e-16
8034.0 9.0581e-16
8036.0 8.5492e-16
8038.0 9.4400e-16
8040.0 8.4891e-16
8042.0 8.4724e-16
8044.0 9.0158e-16
8046.0 8.7686e-16
8048.0 8.4101e-16
8050.0 9.3427e-16
8052.0 8.9550e-16
8054.0 8.8173e-16
8056.0 8.9744e-16
8058.0 8.5704e-16
8060.0 8.6655e-16
8062.0 8.6434e-16
8064.0 8.2719e-16
8066.0 8.6077e-16
8068.0 8.4612e-16
8070.0 7.7467e-16
8072.0 8.2380e-16
8074.0 7.9809e-16
8076.0 7.6596e-16
8078.0 8.6110e-16
8080.0 9.4682e-16
8082.0 8.3060e-16
8084.0 8.8394e-16
8086.0 7.9418e-16
8088.0 8.1287e-16
8090.0 8.7780e-16
8092.0 9.5629e-16
8094.0 8.6590e-16
8096.0 8.9297e-16
8098.0 8.0506e-16
8100.0 8.6080e-16
8102.0 8.9765e-16
8104.0 8.8283e-16
8106.0 8.0337e-16
8108.0 7.7072e-16
8110.0 8.7378e-16
8112.0 8.5016e-16
8114.0 8.1454e-16
8116.0 8.4530e-16
8118.0 8.3528e-16
8120.0 8.1144e-16
8122.0 8.2077e-16
8124.0 8.0692e-16
8126.0 7.7675e-16
8128.0 7.9652e-16
8130.0 8.8450e-16
8132.0 9.2658e-16
8134.0 8.2534e-16
8136.0 8.2005e-16
8138.0 8.0390e-16
8140.0 7.8391e-16
8142.0 8.0858e-16
8144.0 8.0845e-16
8146.0 8.6647e-16
8148.0 8.8565e-16
8150.0 8.8176e-16
8152.0 9.5449e-16
8154.0 8.9662e-16
8156.0 9.1556e-16
8158.0 8.8965e-16
8160.0 7.8843e-16
8162.0 8.6766e-16
8164.0 8.5722e-16
8166.0 8.1241e-16
8168.0 8.0464e-16
8170.0 7.9976e-16
8172.0 8.8445e-16
8174.0 8.6323e-16
8176.0 8.1308e-16
8178.0 8.5826e-16
8180.0 8.4258e-16
8182.0 9.6926e-16
8184.0 8.1209e-16
8186.0 7.9052e-16
8188.0 8.1707e-16
8190.0 9.2294e-16
8192.0 9.0299e-16
8194.0 9.3239e-16
8196.0 7.8174e-16
8198.0 8.0532e-16
8200.0 8.7356e-16
8202.0 8.5752e-16
8204.0 7.9557e-16
8206.0 7.3504e-16
8208.0 8.2965e-16
8210.0 8.6934e-16
8212.0 8.2636e-16
8214.0 7.7533e-16
8216.0 7.8846e-16
8218.0 8.1754e-16
8220.0 9.1504e-16
8222.0 9.1784e-16
8224.0 9.1475e-16
8226.0 8.3643e-16
8228.0 8.5261e-16
8230.0 8.9126e-16
8232.0 8.8855e-16
8234.0 7.4867e-16
8236.0 8.4732e-16
8238.0 8.6205e-16
8240.0 8.2927e-16
8242.0 8.8502e-16
8244.0 9.1189e-16
8246.0 8.5162e-16
8248.0 8.0134e-16
8250.0 8.2008e-16
8252.0 8.2511e-16
8254.0 7.8974e-16
8256.0 7.8757e-16
8258.0 7.8427e-16
8260.0 7.5178e-16
8262.0 7.9162e-16
8264.0 7.9551e-16
8266.0 7.1401e-16
8268.0 8.2264e-16
8270.0 8.6908e-16
8272.0 8.7432e-16
8274.0 8.1844e-16
8276.0 8.2666e-16
8278.0 7.0903e-16
8280.0 8.3024e-16
8282.0 8.0620e-16
8284.0 8.2644e-16
8286.0 6.6094e-16
8288.0 8.1522e-16
8290.0 7.7750e-16
8292.0 7.9247e-16
8294.0 6.7977e-16
8296.0 7.8436e-16
8298.0 8.7847e-16
8300.0 8.2613e-16
8302.0 6.7054e-16
8304.0 7.9592e-16
8306.0 7.7621e-16
8308.0 8.4225e-16
8310.0 7.9893e-16
8312.0 8.6001e-16
8314.0 7.3959e-16
8316.0 8.3488e-16
8318.0 8.5938e-16
8320.0 8.0147e-16
8322.0 7.8951e-16
8324.0 7.2878e-16
8326.0 7.0675e-16
8328.0 7.3230e-16
8330.0 7.4783e-16
8332.0 6.9285e-16
8334.0 6.8708e-16
8336.0 7.8749e-16
8338.0 7.0554e-16
8340.0 7.9126e-16
8342.0 7.7599e-16
8344.0 9.4021e-16
8346.0 8.3380e-16
8348.0 7.9090e-16
8350.0 7.2339e-16
8352.0 7.5786e-16
8354.0 7.9964e-16
8356.0 8.0349e-16
8358.0 7.6703e-16
8360.0 7.3173e-16
8362.0 8.8865e-16
8364.0 7.3037e-16
8366.0 7.6639e-16
8368.0 7.3725e-16
8370.0 6.4975e-16
8372.0 6.7438e-16
8374.0 7.8940e-16
8376.0 7.8014e-16
8378.0 6.3327e-16
8380.0 7.8052e-16
8382.0 6.4708e-16
8384.0 8.7341e-16
8386.0 7.5743e-16
8388.0 7.9135e-16
8390.0 7.2706e-16
8392.0 7.1061e-16
8394.0 8.1810e-16
8396.0 7.4210e-16
8398.0 9.6838e-16
8400.0 1.1325e-15
