3560.4710000000  -6.948518E-17
3563.2830000000  6.437821E-18
3566.0970000000  1.255398E-17
3568.9130000000  1.338092E-17
3571.7310000000  6.504238E-17
3574.5500000000  9.852804E-17
3577.3710000000  -1.739217E-17
3580.1940000000  5.959516E-18
3583.0190000000  -2.064612E-18
3585.8450000000  4.514773E-17
3588.6730000000  -6.597144E-18
3591.5030000000  -4.000700E-17
3594.3350000000  7.626223E-17
3597.1680000000  2.698218E-17
3600.0030000000  6.538731E-18
3602.8400000000  -3.857340E-18
3605.6780000000  8.752389E-17
3608.5190000000  3.933544E-17
3611.3610000000  6.271276E-17
3614.2050000000  7.651968E-17
3617.0500000000  -4.649623E-17
3619.8970000000  2.714439E-17
3622.7460000000  -2.306478E-18
3625.5970000000  8.104664E-18
3628.4490000000  7.629061E-18
3631.3030000000  -3.269695E-17
3634.1590000000  1.095109E-17
3637.0160000000  -3.298215E-17
3639.8750000000  2.483660E-17
3642.7360000000  6.194270E-17
3645.5990000000  7.264106E-17
3648.4630000000  1.716888E-17
3651.3290000000  3.672857E-17
3654.1960000000  2.691890E-17
3657.0660000000  6.445487E-17
3659.9370000000  1.936062E-17
3662.8090000000  4.433893E-17
3665.6840000000  5.051999E-17
3668.5600000000  5.509802E-17
3671.4370000000  4.170718E-17
3674.3160000000  3.213676E-17
3677.1980000000  4.960696E-17
3680.0800000000  4.009130E-17
3682.9640000000  5.889631E-17
3685.8500000000  7.372640E-17
3688.7380000000  -2.706308E-17
3691.6270000000  6.372054E-17
3694.5180000000  4.386746E-17
3697.4110000000  4.710061E-17
3700.3050000000  1.985642E-17
3703.2010000000  3.241381E-17
3706.0980000000  3.675828E-17
3708.9980000000  6.545686E-17
3711.8980000000  3.942089E-17
3714.8010000000  5.967958E-17
3717.7050000000  1.584417E-17
3720.6100000000  3.315779E-17
3723.5180000000  8.350076E-18
3726.4270000000  3.810909E-17
3729.3370000000  5.607640E-17
3732.2490000000  3.441403E-17
3735.1630000000  1.592122E-17
3738.0780000000  2.561559E-17
3740.9950000000  -9.148934E-18
3743.9140000000  4.265729E-17
3746.8340000000  -1.573902E-18
3749.7560000000  5.126533E-17
3752.6790000000  -2.007824E-17
3755.6040000000  3.751484E-17
3758.5310000000  1.429844E-17
3761.4590000000  2.676925E-17
3764.3890000000  4.110556E-17
3767.3200000000  -8.712461E-18
3770.2530000000  1.343714E-17
3773.1880000000  2.538913E-17
3776.1240000000  5.095169E-17
3779.0610000000  1.036533E-17
3782.0000000000  3.198096E-17
3784.9410000000  5.250451E-17
3787.8840000000  1.593065E-17
3790.8280000000  2.127170E-17
3793.7730000000  5.612341E-17
3796.7200000000  4.494895E-17
3799.6690000000  2.436622E-17
3802.6190000000  4.425159E-17
3805.5710000000  2.284548E-17
3808.5240000000  5.756490E-17
3811.4790000000  3.014777E-17
3814.4350000000  1.000218E-17
3817.3930000000  1.394436E-17
3820.3520000000  3.014122E-17
3823.3130000000  5.385858E-18
3826.2760000000  3.119168E-17
3829.2400000000  4.600040E-17
3832.2060000000  4.948172E-17
3835.1730000000  5.012248E-17
3838.1410000000  2.317149E-17
3841.1110000000  4.378097E-17
3844.0830000000  2.143439E-17
3847.0560000000  3.503647E-17
3850.0310000000  2.214138E-17
3853.0070000000  3.669656E-17
3855.9850000000  3.930109E-17
3858.9640000000  5.087945E-17
3861.9450000000  2.166188E-17
3864.9270000000  4.052986E-17
3867.9110000000  4.286494E-17
3870.8960000000  3.450148E-17
3873.8830000000  2.804682E-17
3876.8710000000  2.939754E-17
3879.8610000000  2.897470E-17
3882.8520000000  4.666652E-17
3885.8440000000  2.452787E-17
3888.8390000000  4.251429E-17
3891.8340000000  2.293200E-17
3894.8310000000  4.209412E-17
3897.8300000000  2.630461E-17
3900.8300000000  2.659570E-17
3903.8320000000  1.936085E-17
3906.8340000000  2.294809E-17
3909.8390000000  3.817215E-17
3912.8450000000  3.076750E-17
3915.8520000000  2.529187E-17
3918.8610000000  4.020685E-17
3921.8710000000  4.792006E-17
3924.8830000000  2.433737E-17
3927.8960000000  3.853080E-17
3930.9110000000  1.970503E-17
3933.9270000000  3.376090E-17
3936.9450000000  3.472046E-17
3939.9640000000  4.394101E-17
3942.9840000000  2.400067E-17
3946.0060000000  1.441161E-17
3949.0290000000  2.959370E-17
3952.0540000000  1.583999E-18
3955.0800000000  4.006746E-17
3958.1080000000  2.382655E-17
3961.1370000000  3.274301E-17
3964.1670000000  3.886909E-17
3967.1990000000  1.920071E-17
3970.2320000000  2.710257E-17
3973.2670000000  6.486899E-18
3976.3030000000  3.328431E-17
3979.3400000000  4.235646E-17
3982.3790000000  4.076184E-17
3985.4200000000  3.702736E-17
3988.4610000000  2.159207E-17
3991.5040000000  1.944748E-17
3994.5490000000  2.537064E-17
3997.5950000000  2.222687E-17
4000.6420000000  3.440523E-17
4003.6910000000  3.093751E-17
4006.7410000000  4.308830E-17
4009.7920000000  3.589437E-17
4012.8450000000  3.254787E-17
4015.8990000000  3.859471E-17
4018.9550000000  3.463570E-17
4022.0120000000  3.262458E-17
4025.0700000000  2.626466E-17
4028.1300000000  2.956755E-17
4031.1910000000  2.932386E-17
4034.2540000000  3.832033E-17
4037.3170000000  3.787539E-17
4040.3830000000  3.693333E-17
4043.4490000000  3.118177E-17
4046.5170000000  2.060036E-17
4049.5860000000  2.374884E-17
4052.6570000000  3.849445E-17
4055.7290000000  3.158655E-17
4058.8020000000  2.540103E-17
4061.8770000000  1.882838E-17
4064.9530000000  2.792788E-17
4068.0300000000  2.871879E-17
4071.1090000000  3.478749E-17
4074.1890000000  3.598350E-17
4077.2700000000  3.560545E-17
4080.3530000000  3.118630E-17
4083.4370000000  2.729652E-17
4086.5220000000  2.911902E-17
4089.6090000000  1.910125E-17
4092.6970000000  2.443098E-17
4095.7860000000  3.521361E-17
4098.8770000000  3.236798E-17
4101.9690000000  2.632075E-17
4105.0620000000  3.570567E-17
4108.1570000000  3.551262E-17
4111.2520000000  3.633995E-17
4114.3500000000  3.542066E-17
4117.4480000000  3.155579E-17
4120.5480000000  3.038531E-17
4123.6490000000  2.721016E-17
4126.7510000000  3.620994E-17
4129.8550000000  3.582299E-17
4132.9600000000  3.614204E-17
4136.0660000000  3.632422E-17
4139.1740000000  2.782181E-17
4142.2830000000  3.194871E-17
4145.3930000000  4.170877E-17
4148.5040000000  2.993172E-17
4151.6170000000  3.782508E-17
4154.7310000000  3.129155E-17
4157.8460000000  3.857839E-17
4160.9630000000  2.930555E-17
4164.0810000000  3.305004E-17
4167.2000000000  3.749377E-17
4170.3200000000  3.515055E-17
4173.4410000000  4.043018E-17
4176.5640000000  2.942515E-17
4179.6880000000  3.816933E-17
4182.8140000000  3.661930E-17
4185.9400000000  3.945462E-17
4189.0680000000  3.288172E-17
4192.1970000000  4.066095E-17
4195.3280000000  4.120578E-17
4198.4590000000  3.853959E-17
4201.5920000000  4.020502E-17
4204.7270000000  3.766731E-17
4207.8620000000  3.619386E-17
4210.9990000000  3.121500E-17
4214.1360000000  4.234235E-17
4217.2750000000  4.751872E-17
4220.4160000000  4.382329E-17
4223.5570000000  4.005340E-17
4226.7000000000  3.728436E-17
4229.8440000000  3.507904E-17
4232.9890000000  3.534489E-17
4236.1350000000  3.638019E-17
4239.2830000000  2.496657E-17
4242.4320000000  4.241796E-17
4245.5820000000  3.480394E-17
4248.7330000000  3.018030E-17
4251.8860000000  3.912652E-17
4255.0390000000  3.212156E-17
4258.1940000000  3.565823E-17
4261.3500000000  3.895495E-17
4264.5070000000  4.288212E-17
4267.6660000000  3.400306E-17
4270.8260000000  2.774072E-17
4273.9860000000  3.200539E-17
4277.1480000000  3.690149E-17
4280.3120000000  3.113225E-17
4283.4760000000  2.864531E-17
4286.6420000000  2.713079E-17
4289.8090000000  3.106620E-17
4292.9770000000  3.519567E-17
4296.1460000000  3.517918E-17
4299.3160000000  3.164513E-17
4302.4880000000  3.579912E-17
4305.6610000000  3.942451E-17
4308.8340000000  3.833754E-17
4312.0090000000  3.289413E-17
4315.1860000000  3.309647E-17
4318.3630000000  4.019938E-17
4321.5420000000  3.214201E-17
4324.7210000000  2.965363E-17
4327.9020000000  2.955712E-17
4331.0840000000  3.316932E-17
4334.2670000000  3.267271E-17
4337.4520000000  4.104043E-17
4340.6370000000  3.387172E-17
4343.8240000000  3.090723E-17
4347.0110000000  4.459294E-17
4350.2000000000  3.539827E-17
4353.3900000000  4.181725E-17
4356.5820000000  4.072576E-17
4359.7740000000  4.111937E-17
4362.9670000000  4.508707E-17
4366.1620000000  3.535015E-17
4369.3570000000  3.177650E-17
4372.5540000000  4.304239E-17
4375.7520000000  3.687636E-17
4378.9510000000  2.899414E-17
4382.1510000000  3.747795E-17
4385.3530000000  3.743755E-17
4388.5550000000  3.820876E-17
4391.7590000000  3.209911E-17
4394.9630000000  3.401988E-17
4398.1690000000  4.222467E-17
4401.3760000000  4.740178E-17
4404.5840000000  3.729345E-17
4407.7930000000  3.395848E-17
4411.0030000000  4.269699E-17
4414.2150000000  4.862464E-17
4417.4270000000  3.675654E-17
4420.6410000000  4.045309E-17
4423.8550000000  4.365466E-17
4427.0710000000  4.595189E-17
4430.2880000000  4.012165E-17
4433.5060000000  4.288540E-17
4436.7250000000  3.827903E-17
4439.9450000000  3.803606E-17
4443.1660000000  4.371149E-17
4446.3880000000  4.274214E-17
4449.6110000000  4.044147E-17
4452.8360000000  4.215666E-17
4456.0620000000  3.514910E-17
4459.2880000000  4.537913E-17
4462.5160000000  4.100987E-17
4465.7440000000  4.298147E-17
4468.9740000000  4.293994E-17
4472.2050000000  3.549606E-17
4475.4370000000  3.859647E-17
4478.6690000000  3.991602E-17
4481.9030000000  3.364098E-17
4485.1390000000  3.412955E-17
4488.3750000000  4.078458E-17
4491.6120000000  4.144805E-17
4494.8500000000  4.419786E-17
4498.0890000000  4.230586E-17
4501.3300000000  4.099623E-17
4504.5710000000  4.271326E-17
4507.8130000000  4.083481E-17
4511.0570000000  3.300709E-17
4514.3010000000  3.718303E-17
4517.5470000000  4.042878E-17
4520.7930000000  4.069118E-17
4524.0410000000  4.491307E-17
4527.2900000000  4.204841E-17
4530.5390000000  3.726116E-17
4533.7900000000  3.445837E-17
4537.0420000000  3.824279E-17
4540.2940000000  3.656896E-17
4543.5480000000  3.825476E-17
4546.8030000000  3.737218E-17
4550.0590000000  4.200261E-17
4553.3150000000  4.351964E-17
4556.5730000000  3.911279E-17
4559.8320000000  3.869177E-17
4563.0920000000  4.061182E-17
4566.3530000000  4.459548E-17
4569.6140000000  4.457103E-17
4572.8770000000  3.853509E-17
4576.1410000000  4.029549E-17
4579.4060000000  4.541560E-17
4582.6720000000  4.138859E-17
4585.9380000000  3.851016E-17
4589.2070000000  4.206729E-17
4592.4760000000  3.975258E-17
4595.7450000000  3.567032E-17
4599.0160000000  4.160186E-17
4602.2880000000  4.034960E-17
4605.5610000000  4.097822E-17
4608.8340000000  4.169529E-17
4612.1090000000  4.365993E-17
4615.3850000000  4.222220E-17
4618.6620000000  4.105042E-17
4621.9390000000  3.492765E-17
4625.2180000000  3.810018E-17
4628.4980000000  3.466048E-17
4631.7780000000  4.574910E-17
4635.0600000000  3.345417E-17
4638.3420000000  3.568794E-17
4641.6260000000  4.234880E-17
4644.9100000000  3.625008E-17
4648.1960000000  4.046466E-17
4651.4820000000  4.589619E-17
4654.7700000000  3.933291E-17
4658.0580000000  4.067890E-17
4661.3470000000  3.343287E-17
4664.6370000000  3.672741E-17
4667.9280000000  4.060701E-17
4671.2210000000  4.043508E-17
4674.5140000000  4.523320E-17
4677.8080000000  4.007592E-17
4681.1030000000  4.594407E-17
4684.3980000000  4.461581E-17
4687.6950000000  4.541081E-17
4690.9930000000  3.878837E-17
4694.2920000000  3.399677E-17
4697.5910000000  3.580475E-17
4700.8920000000  3.904176E-17
4704.1930000000  4.075969E-17
4707.4960000000  3.822455E-17
4710.7990000000  3.674678E-17
4714.1040000000  3.919865E-17
4717.4090000000  4.376988E-17
4720.7150000000  4.006171E-17
4724.0220000000  3.952421E-17
4727.3300000000  3.655522E-17
4730.6390000000  3.621905E-17
4733.9480000000  3.773658E-17
4737.2590000000  4.121662E-17
4740.5710000000  4.096212E-17
4743.8830000000  3.865759E-17
4747.1960000000  3.864048E-17
4750.5110000000  4.255190E-17
4753.8260000000  3.772761E-17
4757.1420000000  4.226093E-17
4760.4590000000  3.926806E-17
4763.7770000000  4.020196E-17
4767.0960000000  3.708397E-17
4770.4160000000  4.124273E-17
4773.7360000000  3.648844E-17
4777.0580000000  4.131616E-17
4780.3800000000  4.225587E-17
4783.7030000000  3.734748E-17
4787.0270000000  3.500091E-17
4790.3530000000  4.543516E-17
4793.6780000000  4.213483E-17
4797.0050000000  3.814023E-17
4800.3330000000  3.625093E-17
4803.6620000000  3.723444E-17
4806.9910000000  4.421046E-17
4810.3210000000  3.740388E-17
4813.6520000000  4.487912E-17
4816.9840000000  4.862762E-17
4820.3170000000  3.907347E-17
4823.6510000000  3.990887E-17
4826.9860000000  4.212845E-17
4830.3210000000  3.885641E-17
4833.6570000000  4.215436E-17
4836.9950000000  4.232851E-17
4840.3330000000  3.840728E-17
4843.6720000000  3.931094E-17
4847.0110000000  4.317569E-17
4850.3520000000  3.894866E-17
4853.6930000000  4.185780E-17
4857.0360000000  3.876769E-17
4860.3790000000  4.149458E-17
4863.7230000000  4.469314E-17
4867.0680000000  4.384296E-17
4870.4140000000  3.983031E-17
4873.7600000000  4.358975E-17
4877.1070000000  4.645721E-17
4880.4560000000  4.170278E-17
4883.8050000000  4.376652E-17
4887.1550000000  4.409695E-17
4890.5050000000  4.314964E-17
4893.8570000000  4.266004E-17
4897.2090000000  4.001908E-17
4900.5620000000  3.852556E-17
4903.9170000000  4.762109E-17
4907.2710000000  4.087701E-17
4910.6270000000  4.140190E-17
4913.9840000000  3.913267E-17
4917.3410000000  3.697804E-17
4920.6990000000  4.025987E-17
4924.0580000000  3.803633E-17
4927.4180000000  4.037110E-17
4930.7780000000  4.151478E-17
4934.1400000000  3.792108E-17
4937.5020000000  3.710802E-17
4940.8650000000  3.757300E-17
4944.2290000000  3.752051E-17
4947.5930000000  3.837073E-17
4950.9580000000  3.662604E-17
4954.3250000000  3.622009E-17
4957.6920000000  3.841214E-17
4961.0600000000  3.515296E-17
4964.4280000000  3.588219E-17
4967.7980000000  3.509770E-17
4971.1680000000  3.577611E-17
4974.5390000000  3.550557E-17
4977.9110000000  3.731461E-17
4981.2830000000  3.460835E-17
4984.6560000000  3.450120E-17
4988.0310000000  3.581563E-17
4991.4050000000  3.855392E-17
4994.7810000000  3.784942E-17
4998.1580000000  3.798872E-17
5001.5350000000  4.054746E-17
5004.9130000000  3.705611E-17
5008.2920000000  4.014264E-17
5011.6710000000  4.067630E-17
5015.0520000000  3.666711E-17
5018.4330000000  4.024002E-17
5021.8140000000  4.029698E-17
5025.1970000000  3.935485E-17
5028.5810000000  3.815387E-17
5031.9650000000  4.430164E-17
5035.3500000000  4.091818E-17
5038.7350000000  3.831799E-17
5042.1220000000  4.231220E-17
5045.5090000000  4.062559E-17
5048.8970000000  3.618960E-17
5052.2860000000  3.948769E-17
5055.6750000000  4.417187E-17
5059.0650000000  4.081267E-17
5062.4560000000  4.375927E-17
5065.8480000000  4.390481E-17
5069.2400000000  4.101779E-17
5072.6330000000  4.290976E-17
5076.0270000000  4.415895E-17
5079.4220000000  4.690963E-17
5082.8170000000  4.115274E-17
5086.2140000000  4.866297E-17
5089.6100000000  3.923560E-17
5093.0080000000  4.213426E-17
5096.4070000000  4.539167E-17
5099.8060000000  4.479713E-17
5103.2060000000  4.328925E-17
5106.6060000000  4.372255E-17
5110.0070000000  4.976164E-17
5113.4090000000  4.753265E-17
5116.8120000000  4.777316E-17
5120.2150000000  4.933646E-17
5123.6200000000  4.729111E-17
5127.0240000000  4.812602E-17
5130.4300000000  5.213929E-17
5133.8360000000  4.682758E-17
5137.2440000000  5.112435E-17
5140.6510000000  4.800194E-17
5144.0600000000  5.085439E-17
5147.4690000000  5.180610E-17
5150.8790000000  4.771440E-17
5154.2900000000  4.926080E-17
5157.7010000000  5.618526E-17
5161.1130000000  4.546986E-17
5164.5250000000  4.983159E-17
5167.9390000000  5.217309E-17
5171.3530000000  4.906447E-17
5174.7680000000  5.181269E-17
5178.1830000000  4.973028E-17
5181.6000000000  5.394019E-17
5185.0160000000  5.134542E-17
5188.4340000000  5.291984E-17
5191.8520000000  5.212323E-17
5195.2710000000  5.134400E-17
5198.6910000000  5.349133E-17
5202.1110000000  5.219164E-17
5205.5320000000  5.791588E-17
5208.9540000000  5.367447E-17
5212.3760000000  5.139282E-17
5215.7990000000  5.095885E-17
5219.2230000000  5.132204E-17
5222.6470000000  5.086785E-17
5226.0730000000  5.171273E-17
5229.4990000000  4.981870E-17
5232.9250000000  5.273961E-17
5236.3520000000  5.256185E-17
5239.7800000000  5.443568E-17
5243.2080000000  5.113070E-17
5246.6380000000  5.063842E-17
5250.0670000000  4.944339E-17
5253.4980000000  5.363891E-17
5256.9290000000  5.134137E-17
5260.3610000000  4.415494E-17
5263.7930000000  4.528353E-17
5267.2270000000  4.896131E-17
5270.6600000000  4.852137E-17
5274.0950000000  4.938802E-17
5277.5300000000  4.671370E-17
5280.9650000000  5.152608E-17
5284.4020000000  4.490257E-17
5287.8390000000  4.844595E-17
5291.2770000000  4.843700E-17
5294.7150000000  4.174047E-17
5298.1540000000  4.264776E-17
5301.5940000000  4.727188E-17
5305.0340000000  4.703818E-17
5308.4750000000  5.135541E-17
5311.9170000000  4.309564E-17
5315.3590000000  5.137604E-17
5318.8020000000  4.569902E-17
5322.2450000000  4.631023E-17
5325.6890000000  4.467453E-17
5329.1340000000  4.752478E-17
5332.5790000000  4.334599E-17
5336.0250000000  4.566154E-17
5339.4720000000  4.558176E-17
5342.9190000000  4.660482E-17
5346.3670000000  4.740232E-17
5349.8160000000  4.555136E-17
5353.2650000000  4.741440E-17
5356.7150000000  4.550506E-17
5360.1650000000  4.464577E-17
5363.6160000000  4.464278E-17
5367.0680000000  4.109858E-17
5370.5200000000  4.107534E-17
5373.9730000000  4.182823E-17
5377.4270000000  4.340737E-17
5380.8810000000  4.135688E-17
5384.3350000000  4.264020E-17
5387.7910000000  3.945306E-17
5391.2470000000  3.766911E-17
5394.7030000000  4.239672E-17
5398.1610000000  4.277093E-17
5401.6180000000  4.293175E-17
5405.0770000000  4.245537E-17
5408.5360000000  4.239708E-17
5411.9950000000  4.255770E-17
5415.4560000000  4.653501E-17
5418.9170000000  4.486197E-17
5422.3780000000  4.750318E-17
5425.8400000000  4.617991E-17
5429.3020000000  4.182581E-17
5432.7660000000  3.672682E-17
5436.2290000000  4.303031E-17
5439.6940000000  4.689511E-17
5443.1590000000  3.962384E-17
5446.6240000000  4.149361E-17
5450.0900000000  4.075442E-17
5453.5570000000  3.898371E-17
5457.0240000000  4.298185E-17
5460.4920000000  4.215255E-17
5463.9610000000  4.071302E-17
5467.4300000000  3.946398E-17
5470.8990000000  4.545097E-17
5474.3700000000  4.490540E-17
5477.8410000000  4.611506E-17
5481.3120000000  4.883157E-17
5484.7840000000  5.044045E-17
5488.2560000000  4.894098E-17
5491.7290000000  5.014441E-17
5495.2030000000  5.061308E-17
5498.6780000000  4.596107E-17
5502.1520000000  4.189011E-17
5505.6280000000  4.176631E-17
5509.1040000000  4.304227E-17
5512.5800000000  4.326968E-17
5516.0580000000  4.193989E-17
5519.5350000000  4.203237E-17
5523.0130000000  4.333712E-17
5526.4920000000  4.299306E-17
5529.9710000000  4.454104E-17
5533.4510000000  4.544130E-17
5536.9320000000  4.519959E-17
5540.4130000000  4.196385E-17
5543.8950000000  4.322973E-17
5547.3760000000  4.370986E-17
5550.8590000000  4.119243E-17
5554.3420000000  4.979323E-17
5557.8260000000  4.600740E-17
5561.3110000000  4.121255E-17
5564.7950000000  4.692774E-17
5568.2810000000  4.722395E-17
5571.7670000000  5.410548E-17
5575.2530000000  4.692311E-17
5578.7400000000  4.401171E-17
5582.2280000000  4.749853E-17
5585.7160000000  4.811926E-17
5589.2050000000  4.387314E-17
5592.6940000000  4.259948E-17
5596.1840000000  4.084853E-17
5599.6740000000  4.204141E-17
5603.1650000000  4.402289E-17
5606.6560000000  3.905541E-17
5610.1480000000  4.268970E-17
5613.6410000000  3.775545E-17
5617.1330000000  4.312967E-17
5620.6270000000  4.084649E-17
5624.1210000000  4.120752E-17
5627.6150000000  4.049392E-17
5631.1100000000  4.347694E-17
5634.6060000000  4.545779E-17
5638.1020000000  4.338575E-17
5641.5990000000  3.790471E-17
5645.0960000000  4.248750E-17
5648.5940000000  4.272022E-17
5652.0920000000  3.875324E-17
5655.5900000000  3.615443E-17
5659.0900000000  3.677792E-17
5662.5890000000  3.664147E-17
5666.0900000000  3.467088E-17
5669.5900000000  4.542640E-17
5673.0920000000  4.330625E-17
5676.5940000000  3.882909E-17
5680.0960000000  3.820573E-17
5683.5990000000  3.893716E-17
5687.1020000000  3.932557E-17
5690.6060000000  3.806963E-17
5694.1100000000  3.720733E-17
5697.6150000000  4.108620E-17
5701.1200000000  3.927221E-17
5704.6260000000  3.953498E-17
5708.1320000000  3.750292E-17
5711.6390000000  4.030197E-17
5715.1460000000  3.987677E-17
5718.6540000000  4.118048E-17
5722.1630000000  4.001260E-17
5725.6720000000  3.702896E-17
5729.1810000000  4.141127E-17
5732.6910000000  3.446958E-17
5736.2010000000  4.367474E-17
5739.7120000000  3.743947E-17
5743.2230000000  4.211416E-17
5746.7350000000  3.969571E-17
5750.2470000000  3.546710E-17
5753.7600000000  3.945688E-17
5757.2730000000  3.968553E-17
5760.7870000000  3.800789E-17
5764.3010000000  3.619313E-17
5767.8160000000  3.718596E-17
5771.3310000000  3.621755E-17
5774.8470000000  4.108166E-17
5778.3630000000  4.146069E-17
5781.8790000000  4.242460E-17
5785.3960000000  3.485329E-17
5788.9140000000  3.491038E-17
5792.4320000000  3.692270E-17
5795.9510000000  3.747470E-17
5799.4700000000  4.325003E-17
5802.9890000000  4.254125E-17
5806.5090000000  3.685908E-17
5810.0290000000  3.691402E-17
5813.5500000000  4.144024E-17
5817.0710000000  4.017536E-17
5820.5930000000  4.378185E-17
5824.1160000000  3.976142E-17
5827.6380000000  4.099861E-17
5831.1620000000  3.782016E-17
5834.6850000000  3.653134E-17
5838.2090000000  4.463547E-17
5841.7340000000  4.306092E-17
5845.2590000000  3.965475E-17
5848.7840000000  4.359280E-17
5852.3110000000  4.519652E-17
5855.8370000000  4.624183E-17
5859.3640000000  4.191034E-17
5862.8910000000  4.482033E-17
5866.4190000000  4.411961E-17
5869.9470000000  4.595532E-17
5873.4760000000  4.283486E-17
5877.0050000000  4.615183E-17
5880.5340000000  4.752466E-17
5884.0640000000  4.484270E-17
5887.5950000000  4.283791E-17
5891.1260000000  5.341468E-17
5894.6570000000  4.204260E-17
5898.1890000000  4.284805E-17
5901.7210000000  4.392556E-17
5905.2540000000  5.055737E-17
5908.7870000000  4.845785E-17
5912.3210000000  4.864961E-17
5915.8550000000  4.509727E-17
5919.3890000000  4.911368E-17
5922.9240000000  5.130077E-17
5926.4590000000  5.278881E-17
5929.9950000000  4.740762E-17
5933.5320000000  4.428163E-17
5937.0680000000  4.635977E-17
5940.6050000000  5.025799E-17
5944.1430000000  4.481437E-17
5947.6810000000  5.285988E-17
5951.2190000000  4.878158E-17
5954.7580000000  4.568589E-17
5958.2970000000  4.465659E-17
5961.8370000000  4.892825E-17
5965.3770000000  5.114072E-17
5968.9170000000  4.950412E-17
5972.4580000000  4.937076E-17
5976.0000000000  5.333301E-17
5979.5420000000  5.171274E-17
5983.0840000000  5.156298E-17
5986.6260000000  4.816751E-17
5990.1700000000  4.745982E-17
5993.7130000000  4.856497E-17
5997.2570000000  4.453388E-17
6000.8010000000  4.792953E-17
6004.3460000000  4.408330E-17
6007.8910000000  4.908524E-17
6011.4370000000  5.223775E-17
6014.9830000000  5.130574E-17
6018.5290000000  4.546967E-17
6022.0760000000  5.252288E-17
6025.6240000000  4.517301E-17
6029.1710000000  5.329921E-17
6032.7190000000  4.377111E-17
6036.2680000000  5.121358E-17
6039.8160000000  4.847229E-17
6043.3660000000  5.507096E-17
6046.9160000000  5.680920E-17
6050.4650000000  5.114662E-17
6054.0160000000  5.199254E-17
6057.5670000000  4.682282E-17
6061.1180000000  4.950144E-17
6064.6700000000  4.824507E-17
6068.2220000000  5.432359E-17
6071.7740000000  5.096388E-17
6075.3280000000  5.707784E-17
6078.8810000000  4.943389E-17
6082.4350000000  4.641358E-17
6085.9890000000  5.231008E-17
6089.5430000000  4.684136E-17
6093.0980000000  5.144765E-17
6096.6530000000  5.808073E-17
6100.2090000000  5.201060E-17
6103.7650000000  5.212933E-17
6107.3220000000  4.916098E-17
6110.8780000000  4.313097E-17
6114.4360000000  5.121226E-17
6117.9940000000  4.950970E-17
6121.5520000000  4.925995E-17
6125.1100000000  5.118131E-17
6128.6690000000  5.174181E-17
6132.2280000000  4.914570E-17
6135.7880000000  5.613783E-17
6139.3480000000  5.766137E-17
6142.9080000000  5.647152E-17
6146.4690000000  4.953517E-17
6150.0300000000  5.372145E-17
6153.5910000000  5.418022E-17
6157.1530000000  5.922162E-17
6160.7150000000  5.614458E-17
6164.2780000000  5.681037E-17
6167.8410000000  5.432898E-17
6171.4050000000  5.269363E-17
6174.9680000000  5.038146E-17
6178.5330000000  5.192596E-17
6182.0970000000  5.442147E-17
6185.6620000000  5.101853E-17
6189.2280000000  5.714729E-17
6192.7930000000  5.054483E-17
6196.3590000000  5.518258E-17
6199.9260000000  5.498287E-17
6203.4920000000  5.207321E-17
6207.0600000000  4.758601E-17
6210.6270000000  5.208557E-17
6214.1950000000  5.359947E-17
6217.7630000000  5.547473E-17
6221.3320000000  5.296157E-17
6224.9010000000  4.964479E-17
6228.4700000000  4.786768E-17
6232.0400000000  4.812107E-17
6235.6100000000  4.997888E-17
6239.1810000000  4.816318E-17
6242.7510000000  4.900569E-17
6246.3230000000  5.216304E-17
6249.8940000000  4.814072E-17
6253.4660000000  4.727546E-17
6257.0390000000  5.251284E-17
6260.6110000000  5.213746E-17
6264.1840000000  5.129694E-17
6267.7570000000  5.001552E-17
6271.3310000000  5.233465E-17
6274.9050000000  5.302030E-17
6278.4790000000  4.741297E-17
6282.0550000000  4.732716E-17
6285.6290000000  4.496486E-17
6289.2050000000  5.405278E-17
6292.7810000000  5.412573E-17
6296.3570000000  5.201796E-17
6299.9340000000  4.749154E-17
6303.5110000000  5.578605E-17
6307.0880000000  4.518369E-17
6310.6660000000  4.073348E-17
6314.2440000000  5.049394E-17
6317.8220000000  5.115089E-17
6321.4000000000  4.863467E-17
6324.9790000000  5.125273E-17
6328.5590000000  4.938665E-17
6332.1390000000  4.883205E-17
6335.7190000000  4.443761E-17
6339.2990000000  4.837999E-17
6342.8800000000  4.987828E-17
6346.4610000000  4.417057E-17
6350.0420000000  4.674709E-17
6353.6240000000  4.618537E-17
6357.2060000000  4.865241E-17
6360.7890000000  4.400903E-17
6364.3710000000  4.321072E-17
6367.9550000000  4.817129E-17
6371.5380000000  4.688097E-17
6375.1220000000  4.594776E-17
6378.7060000000  4.543605E-17
6382.2910000000  4.875200E-17
6385.8750000000  4.839956E-17
6389.4600000000  4.184530E-17
6393.0460000000  4.552382E-17
6396.6320000000  4.632384E-17
6400.2180000000  4.366187E-17
6403.8040000000  4.409749E-17
6407.3910000000  4.247558E-17
6410.9790000000  4.514236E-17
6414.5660000000  4.679501E-17
6418.1540000000  4.357682E-17
6421.7420000000  4.393999E-17
6425.3300000000  4.773278E-17
6428.9190000000  4.775215E-17
6432.5080000000  4.529512E-17
6436.0980000000  4.638985E-17
6439.6880000000  4.783002E-17
6443.2780000000  4.594834E-17
6446.8680000000  4.399083E-17
6450.4590000000  4.526498E-17
6454.0500000000  4.795816E-17
6457.6420000000  4.416275E-17
6461.2330000000  4.553848E-17
6464.8250000000  3.921653E-17
6468.4170000000  4.334013E-17
6472.0100000000  4.277381E-17
6475.6040000000  4.452537E-17
6479.1970000000  4.314817E-17
6482.7910000000  4.437711E-17
6486.3840000000  4.717138E-17
6489.9790000000  5.063728E-17
6493.5730000000  4.675169E-17
6497.1680000000  4.576944E-17
6500.7640000000  4.631639E-17
6504.3590000000  4.444914E-17
6507.9550000000  4.321541E-17
6511.5510000000  4.743768E-17
6515.1480000000  4.436230E-17
6518.7450000000  3.972432E-17
6522.3420000000  4.903487E-17
6525.9390000000  4.582423E-17
6529.5380000000  4.509348E-17
6533.1360000000  4.981878E-17
6536.7340000000  4.136185E-17
6540.3330000000  4.672732E-17
6543.9320000000  4.918970E-17
6547.5310000000  4.138280E-17
6551.1310000000  4.509276E-17
6554.7310000000  4.296148E-17
6558.3310000000  4.364673E-17
6561.9320000000  4.488918E-17
6565.5330000000  4.418816E-17
6569.1340000000  4.378700E-17
6572.7350000000  4.233881E-17
6576.3370000000  4.471944E-17
6579.9390000000  4.417594E-17
6583.5420000000  4.334585E-17
6587.1450000000  4.436984E-17
6590.7480000000  3.909671E-17
6594.3510000000  4.326992E-17
6597.9550000000  4.319032E-17
6601.5590000000  4.953281E-17
6605.1630000000  4.625893E-17
6608.7680000000  4.494466E-17
6612.3730000000  4.683333E-17
6615.9780000000  4.929763E-17
6619.5830000000  4.549881E-17
6623.1890000000  4.460609E-17
6626.7950000000  4.881795E-17
6630.4010000000  5.153786E-17
6634.0080000000  4.650080E-17
6637.6150000000  4.853597E-17
6641.2230000000  4.698375E-17
6644.8300000000  4.363978E-17
6648.4380000000  4.131801E-17
6652.0460000000  4.354302E-17
6655.6550000000  4.419610E-17
6659.2640000000  4.597547E-17
6662.8730000000  4.354683E-17
6666.4820000000  5.040851E-17
6670.0920000000  4.178587E-17
6673.7020000000  4.192524E-17
6677.3120000000  4.144140E-17
6680.9220000000  4.527848E-17
6684.5330000000  4.477999E-17
6688.1450000000  4.631515E-17
6691.7560000000  4.436207E-17
6695.3680000000  4.048324E-17
6698.9790000000  4.636898E-17
6702.5920000000  4.044014E-17
6706.2050000000  4.294061E-17
6709.8170000000  4.367119E-17
6713.4310000000  4.598267E-17
6717.0440000000  4.783219E-17
6720.6580000000  4.387236E-17
6724.2720000000  3.950999E-17
6727.8860000000  3.960178E-17
6731.5010000000  4.103225E-17
6735.1160000000  4.045746E-17
6738.7310000000  4.255179E-17
6742.3470000000  4.574639E-17
6745.9620000000  4.694645E-17
6749.5790000000  4.354456E-17
6753.1950000000  4.062729E-17
6756.8120000000  3.655282E-17
6760.4280000000  4.211159E-17
6764.0450000000  4.203718E-17
6767.6630000000  4.391639E-17
6771.2810000000  4.044212E-17
6774.8990000000  4.135529E-17
6778.5170000000  4.374808E-17
6782.1360000000  3.919641E-17
6785.7550000000  3.929736E-17
6789.3740000000  4.307764E-17
6792.9940000000  4.047802E-17
6796.6130000000  4.071260E-17
6800.2330000000  4.263342E-17
6803.8540000000  4.031482E-17
6807.4740000000  4.320170E-17
6811.0950000000  4.041252E-17
6814.7160000000  4.380770E-17
6818.3380000000  4.470143E-17
6821.9590000000  4.092466E-17
6825.5820000000  3.998493E-17
6829.2040000000  4.569598E-17
6832.8260000000  3.922039E-17
6836.4490000000  3.841894E-17
6840.0720000000  4.069157E-17
6843.6960000000  4.381224E-17
6847.3190000000  4.008874E-17
6850.9430000000  4.220058E-17
6854.5670000000  4.332831E-17
6858.1920000000  3.539374E-17
6861.8170000000  3.870333E-17
6865.4420000000  2.992251E-17
6869.0670000000  3.631985E-17
6872.6930000000  3.245090E-17
6876.3190000000  3.471138E-17
6879.9450000000  3.766992E-17
6883.5710000000  3.552902E-17
6887.1980000000  3.185879E-17
6890.8250000000  3.845514E-17
6894.4520000000  3.913649E-17
6898.0800000000  3.593523E-17
6901.7080000000  4.018859E-17
6905.3350000000  4.219644E-17
6908.9640000000  4.455720E-17
6912.5930000000  3.986694E-17
6916.2210000000  3.922092E-17
6919.8510000000  3.607464E-17
6923.4800000000  4.257684E-17
6927.1100000000  4.123807E-17
6930.7400000000  4.314528E-17
6934.3700000000  3.629277E-17
6938.0000000000  4.467956E-17
6941.6310000000  4.147819E-17
6945.2620000000  3.716469E-17
6948.8940000000  3.937891E-17
6952.5250000000  3.578597E-17
6956.1570000000  3.829983E-17
6959.7890000000  3.616604E-17
6963.4220000000  3.687779E-17
6967.0540000000  3.910975E-17
6970.6870000000  3.693857E-17
6974.3200000000  3.628879E-17
6977.9540000000  4.093987E-17
6981.5880000000  4.359487E-17
6985.2220000000  3.793202E-17
6988.8560000000  3.428606E-17
6992.4910000000  3.879857E-17
6996.1250000000  4.056025E-17
6999.7600000000  4.042051E-17
7003.3960000000  4.121539E-17
7007.0310000000  4.087408E-17
7010.6670000000  3.782262E-17
7014.3030000000  3.717895E-17
7017.9400000000  3.680321E-17
7021.5770000000  4.031819E-17
7025.2130000000  3.923480E-17
7028.8510000000  3.508234E-17
7032.4880000000  3.905998E-17
7036.1260000000  3.912900E-17
7039.7640000000  3.817169E-17
7043.4020000000  3.740372E-17
7047.0410000000  4.013174E-17
7050.6800000000  3.812296E-17
7054.3180000000  3.983463E-17
7057.9580000000  3.716758E-17
7061.5980000000  4.061010E-17
7065.2370000000  3.335651E-17
7068.8770000000  3.951239E-17
7072.5180000000  4.064757E-17
7076.1590000000  3.856579E-17
7079.7990000000  3.512797E-17
7083.4400000000  4.210605E-17
7087.0820000000  3.837016E-17
7090.7240000000  4.077887E-17
7094.3660000000  3.870948E-17
7098.0080000000  3.671241E-17
7101.6500000000  4.017706E-17
7105.2930000000  4.152896E-17
7108.9360000000  4.153755E-17
7112.5800000000  3.848251E-17
7116.2230000000  4.182839E-17
7119.8670000000  3.988846E-17
7123.5110000000  3.953837E-17
7127.1550000000  4.080916E-17
7130.8000000000  4.550075E-17
7134.4440000000  4.402494E-17
7138.0890000000  4.236825E-17
7141.7350000000  4.201512E-17
7145.3800000000  4.411220E-17
7149.0260000000  4.379113E-17
7152.6720000000  4.337223E-17
7156.3190000000  4.187571E-17
7159.9660000000  3.576434E-17
7163.6120000000  4.120070E-17
7167.2600000000  4.127137E-17
7170.9070000000  3.736362E-17
7174.5550000000  3.501675E-17
7178.2030000000  4.041416E-17
7181.8510000000  4.026619E-17
7185.5000000000  3.857515E-17
7189.1480000000  3.422840E-17
7192.7970000000  3.852780E-17
7196.4460000000  3.739018E-17
7200.0960000000  3.979442E-17
7203.7460000000  4.215530E-17
7207.3960000000  4.252963E-17
7211.0460000000  4.279488E-17
7214.6970000000  4.288558E-17
7218.3480000000  4.343858E-17
7221.9990000000  4.028174E-17
7225.6500000000  4.636672E-17
7229.3010000000  4.475228E-17
7232.9530000000  3.817664E-17
7236.6050000000  4.411010E-17
7240.2580000000  4.483348E-17
7243.9110000000  4.615745E-17
7247.5630000000  4.159576E-17
7251.2160000000  3.916621E-17
7254.8700000000  4.144790E-17
7258.5230000000  3.901546E-17
7262.1770000000  4.241001E-17
7265.8320000000  4.360489E-17
7269.4860000000  4.385574E-17
7273.1410000000  3.762262E-17
7276.7960000000  4.658612E-17
7280.4510000000  4.665613E-17
7284.1060000000  4.044855E-17
7287.7620000000  4.087482E-17
7291.4180000000  3.976950E-17
7295.0740000000  4.376347E-17
7298.7310000000  4.296793E-17
7302.3880000000  4.413539E-17
7306.0440000000  4.177254E-17
7309.7020000000  4.319713E-17
7313.3590000000  3.987595E-17
7317.0170000000  3.904986E-17
7320.6750000000  4.325285E-17
7324.3330000000  4.139606E-17
7327.9920000000  4.134910E-17
7331.6510000000  4.767768E-17
7335.3100000000  4.352268E-17
7338.9690000000  4.795164E-17
7342.6290000000  4.569505E-17
7346.2890000000  4.953246E-17
7349.9490000000  4.154503E-17
7353.6090000000  4.197899E-17
7357.2700000000  4.665261E-17
7360.9310000000  4.638703E-17
7364.5920000000  4.914057E-17
7368.2530000000  4.434020E-17
7371.9150000000  4.751489E-17
7375.5770000000  4.177708E-17
7379.2390000000  4.866005E-17
7382.9020000000  5.032164E-17
7386.5640000000  5.125221E-17
7390.2280000000  5.392757E-17
7393.8910000000  6.002606E-17
7397.5540000000  7.038291E-17
7401.2180000000  7.578929E-17
7404.8820000000  7.957813E-17
7408.5460000000  7.887056E-17
7412.2110000000  6.761818E-17
7415.8750000000  6.024168E-17
7419.5410000000  6.198529E-17
7423.2060000000  5.473149E-17
7426.8720000000  5.737984E-17
7430.5380000000  5.197736E-17
7434.2040000000  4.498058E-17
7437.8700000000  4.308597E-17
7441.5370000000  4.398993E-17
7445.2030000000  4.025755E-17
7448.8710000000  4.192793E-17
7452.5380000000  4.503946E-17
7456.2060000000  4.548748E-17
7459.8740000000  4.331445E-17
7463.5420000000  4.354367E-17
7467.2100000000  4.123117E-17
7470.8790000000  4.217438E-17
7474.5480000000  4.570348E-17
7478.2170000000  4.608595E-17
7481.8860000000  4.178139E-17
7485.5560000000  4.480718E-17
7489.2260000000  4.211051E-17
7492.8960000000  4.014714E-17
7496.5670000000  4.138432E-17
7500.2380000000  4.419822E-17
7503.9090000000  4.518003E-17
7507.5800000000  4.189383E-17
7511.2520000000  4.672087E-17
7514.9240000000  4.402294E-17
7518.5960000000  5.137300E-17
7522.2680000000  4.493556E-17
7525.9410000000  4.049043E-17
7529.6140000000  5.606262E-17
7533.2870000000  4.237484E-17
7536.9600000000  4.444858E-17
7540.6340000000  3.641051E-17
7544.3080000000  3.921618E-17
7547.9820000000  4.274487E-17
7551.6570000000  4.512310E-17
7555.3320000000  4.149876E-17
7559.0060000000  3.884863E-17
7562.6820000000  3.936548E-17
7566.3570000000  4.005654E-17
7570.0330000000  4.166702E-17
7573.7090000000  4.259029E-17
7577.3850000000  3.348494E-17
7581.0620000000  3.886050E-17
7584.7390000000  3.556570E-17
7588.4160000000  3.959167E-17
7592.0930000000  3.713951E-17
7595.7710000000  3.841419E-17
7599.4490000000  4.143734E-17
7603.1270000000  4.764912E-17
7606.8060000000  2.972553E-17
7610.4840000000  3.914591E-17
7614.1640000000  3.040056E-17
7617.8430000000  2.983339E-17
7621.5220000000  3.046649E-17
7625.2020000000  3.288422E-17
7628.8820000000  3.055507E-17
7632.5630000000  3.392204E-17
7636.2430000000  3.985857E-17
7639.9240000000  4.060082E-17
7643.6050000000  3.369132E-17
7647.2870000000  3.976879E-17
7650.9680000000  3.556522E-17
7654.6500000000  3.451635E-17
7658.3330000000  3.351214E-17
7662.0150000000  3.764455E-17
7665.6980000000  3.349587E-17
7669.3810000000  3.691150E-17
7673.0640000000  3.868653E-17
7676.7480000000  3.598302E-17
7680.4320000000  3.531210E-17
7684.1160000000  3.799069E-17
7687.8000000000  3.666599E-17
7691.4850000000  3.946317E-17
7695.1700000000  3.342386E-17
7698.8550000000  3.307693E-17
7702.5410000000  3.184232E-17
7706.2270000000  3.677886E-17
7709.9130000000  3.014924E-17
7713.5990000000  3.838682E-17
7717.2860000000  3.071030E-17
7720.9720000000  3.754655E-17
7724.6600000000  4.050608E-17
7728.3470000000  3.577673E-17
7732.0350000000  3.906817E-17
7735.7230000000  3.619980E-17
7739.4110000000  3.743303E-17
7743.1000000000  3.650327E-17
7746.7880000000  4.585434E-17
7750.4770000000  3.117477E-17
7754.1670000000  3.496139E-17
7757.8560000000  3.219465E-17
7761.5460000000  3.813132E-17
7765.2360000000  3.040590E-17
7768.9270000000  3.370459E-17
7772.6180000000  3.425119E-17
7776.3090000000  3.607984E-17
7780.0000000000  3.757052E-17
7783.6910000000  4.080959E-17
7787.3830000000  3.301891E-17
7791.0760000000  3.435092E-17
7794.7680000000  3.449772E-17
7798.4610000000  3.704693E-17
7802.1540000000  3.268887E-17
7805.8470000000  3.701631E-17
7809.5410000000  3.679405E-17
7813.2340000000  2.761820E-17
7816.9290000000  3.186592E-17
7820.6230000000  3.010697E-17
7824.3180000000  3.145382E-17
7828.0130000000  3.318639E-17
7831.7080000000  3.502598E-17
7835.4040000000  3.469378E-17
7839.1000000000  3.460948E-17
7842.7950000000  3.171705E-17
7846.4920000000  4.068164E-17
7850.1890000000  3.501185E-17
7853.8860000000  4.529896E-17
7857.5830000000  3.303481E-17
7861.2810000000  2.576291E-17
7864.9790000000  3.772130E-17
7868.6770000000  3.505272E-17
7872.3750000000  3.433609E-17
7876.0740000000  3.361928E-17
7879.7730000000  3.290255E-17
7883.4720000000  3.218574E-17
7887.1720000000  3.146883E-17
7890.8720000000  3.075182E-17
7894.5720000000  3.003491E-17
7898.2720000000  2.920343E-17
7901.9730000000  3.691196E-17
7905.6740000000  2.826771E-17
7909.3750000000  3.144682E-17
7913.0770000000  4.620189E-17
7916.7790000000  4.223382E-17
7920.4810000000  3.722095E-17
7924.1840000000  3.790117E-17
7927.8860000000  2.604958E-17
7931.5890000000  3.167824E-17
7935.2930000000  3.554485E-17
7938.9970000000  3.416331E-17
7942.7010000000  2.985810E-17
7946.4050000000  3.098106E-17
7950.1090000000  3.415697E-17
7953.8140000000  3.559297E-17
7957.5200000000  3.149100E-17
7961.2250000000  3.264983E-17
7964.9310000000  3.578306E-17
7968.6370000000  4.873935E-17
7972.3430000000  4.095918E-17
7976.0500000000  2.918615E-17
7979.7570000000  3.118823E-17
7983.4640000000  4.173762E-17
7987.1720000000  3.141660E-17
7990.8800000000  3.419983E-17
7994.5880000000  2.957625E-17
7998.2960000000  4.150311E-17
8002.0050000000  4.465908E-17
8005.7140000000  4.148159E-17
8009.4240000000  3.541438E-17
8013.1330000000  4.483838E-17
8016.8440000000  3.527837E-17
8020.5540000000  3.980324E-17
8024.2650000000  3.064484E-17
8027.9760000000  4.277046E-17
8031.6870000000  3.717939E-17
8035.3980000000  3.381958E-17
8039.1100000000  3.527491E-17
8042.8220000000  3.183648E-17
8046.5350000000  3.575682E-17
8050.2480000000  3.285687E-17
8053.9600000000  3.891336E-17
8057.6740000000  3.718993E-17
8061.3880000000  3.177152E-17
8065.1020000000  3.917163E-17
8068.8160000000  3.108924E-17
8072.5310000000  3.457968E-17
8076.2460000000  3.442142E-17
8079.9610000000  3.721308E-17
8083.6770000000  3.268653E-17
8087.3930000000  3.509075E-17
8091.1090000000  3.213881E-17
8094.8260000000  2.893921E-17
8098.5420000000  3.406379E-17
8102.2600000000  3.578981E-17
8105.9770000000  3.119964E-17
8109.6950000000  2.992267E-17
8113.4130000000  3.073986E-17
8117.1310000000  3.777208E-17
8120.8500000000  3.176650E-17
8124.5690000000  3.623348E-17
8128.2890000000  2.811035E-17
8132.0090000000  3.898818E-17
8135.7290000000  3.322070E-17
8139.4490000000  3.364935E-17
8143.1700000000  3.161393E-17
8146.8910000000  2.800791E-17
8150.6120000000  3.081640E-17
8154.3340000000  3.115143E-17
8158.0560000000  3.016978E-17
8161.7780000000  3.131887E-17
8165.5010000000  3.515890E-17
8169.2240000000  3.449173E-17
8172.9470000000  3.107473E-17
8176.6710000000  2.611257E-17
8180.3950000000  3.272319E-17
8184.1190000000  3.382156E-17
8187.8440000000  2.675099E-17
8191.5690000000  2.457872E-17
8195.2940000000  3.807195E-17
8199.0200000000  3.446249E-17
8202.7460000000  3.422936E-17
8206.4730000000  3.781867E-17
8210.1990000000  3.012978E-17
8213.9260000000  3.360087E-17
8217.6530000000  3.096955E-17
8221.3810000000  3.058419E-17
8225.1080000000  2.857310E-17
8228.8370000000  3.249034E-17
8232.5650000000  3.197044E-17
8236.2950000000  3.302093E-17
8240.0240000000  3.674607E-17
8243.7540000000  3.322581E-17
8247.4830000000  3.716739E-17
8251.2140000000  3.739471E-17
8254.9450000000  3.720185E-17
8258.6760000000  3.556375E-17
8262.4070000000  3.952302E-17
8266.1390000000  3.563368E-17
8269.8710000000  3.119783E-17
8273.6040000000  3.473265E-17
8277.3360000000  3.318932E-17
8281.0690000000  3.173538E-17
8284.8030000000  3.450934E-17
8288.5370000000  2.988863E-17
8292.2710000000  3.270306E-17
8296.0060000000  3.249625E-17
8299.7400000000  3.497611E-17
8303.4760000000  3.852632E-17
8307.2110000000  3.084095E-17
8310.9470000000  3.247370E-17
8314.6840000000  2.756470E-17
8318.4200000000  3.431724E-17
8322.1570000000  3.239277E-17
8325.8950000000  3.806751E-17
8329.6320000000  3.709348E-17
8333.3700000000  3.611920E-17
8337.1080000000  3.514492E-17
8340.8470000000  2.554787E-17
8344.5860000000  3.712323E-17
8348.3250000000  3.750644E-17
8352.0650000000  3.125518E-17
8355.8060000000  3.758874E-17
8359.5460000000  2.734474E-17
8363.2870000000  2.795613E-17
8367.0280000000  3.000084E-17
8370.7710000000  3.034562E-17
8374.5120000000  2.468367E-17
8378.2550000000  3.712531E-17
8381.9970000000  3.485069E-17
8385.7400000000  3.049553E-17
8389.4830000000  3.432434E-17
8393.2280000000  2.774205E-17
8396.9720000000  3.881998E-17
8400.7160000000  2.635517E-17
8404.4610000000  3.533653E-17
8408.2060000000  2.559295E-17
8411.9520000000  2.892604E-17
8415.6980000000  3.378998E-17
8419.4440000000  3.354225E-17
8423.1910000000  3.143541E-17
8426.9380000000  2.747230E-17
8430.6870000000  3.658141E-17
8434.4350000000  2.631582E-17
8438.1830000000  3.207060E-17
8441.9310000000  3.206471E-17
8445.6800000000  3.743088E-17
8449.4300000000  2.884707E-17
8453.1800000000  3.779190E-17
8456.9300000000  2.888240E-17
8460.6800000000  2.617326E-17
8464.4310000000  3.960063E-17
8468.1830000000  4.118425E-17
8471.9340000000  3.355907E-17
8475.6870000000  2.508886E-17
8479.4380000000  3.601380E-17
8483.1910000000  3.764952E-17
8486.9440000000  3.241361E-17
8490.6980000000  3.401521E-17
8494.4520000000  3.637804E-17
8498.2070000000  3.146902E-17
8501.9620000000  3.115975E-17
8505.7170000000  1.895066E-17
8509.4730000000  2.862912E-17
8513.2290000000  3.013052E-17
8516.9840000000  3.392179E-17
8520.7410000000  3.546239E-17
8524.4990000000  3.162323E-17
8528.2560000000  3.229621E-17
8532.0150000000  3.934019E-17
8535.7720000000  3.875852E-17
8539.5310000000  3.031260E-17
8543.2900000000  3.385424E-17
8547.0500000000  3.355598E-17
8550.8100000000  2.767883E-17
8554.5700000000  3.788218E-17
8558.3310000000  3.036027E-17
8562.0920000000  2.791021E-17
8565.8540000000  2.843425E-17
8569.6160000000  3.148865E-17
8573.3780000000  3.577488E-17
8577.1410000000  3.171490E-17
8580.9040000000  3.280161E-17
8584.6680000000  3.140396E-17
8588.4320000000  3.625220E-17
8592.1960000000  2.979399E-17
8595.9610000000  3.426845E-17
8599.7270000000  3.405745E-17
8603.4920000000  2.825099E-17
8607.2580000000  2.423816E-17
8611.0240000000  3.308350E-17
8614.7910000000  3.745541E-17
8618.5590000000  3.698574E-17
8622.3260000000  3.362034E-17
8626.0950000000  3.014002E-17
8629.8630000000  3.605151E-17
8633.6320000000  3.027075E-17
8637.4010000000  2.923674E-17
8641.1710000000  3.659684E-17
8644.9410000000  3.349079E-17
8648.7120000000  3.421706E-17
8652.4830000000  2.846957E-17
8656.2550000000  2.789725E-17
8660.0260000000  3.134063E-17
8663.7990000000  3.074313E-17
8667.5710000000  2.749892E-17
8671.3450000000  3.293292E-17
8675.1180000000  3.015414E-17
8678.8930000000  3.623983E-17
8682.6670000000  3.434698E-17
8686.4410000000  2.479358E-17
8690.2170000000  3.189942E-17
8693.9930000000  3.027700E-17
8697.7700000000  3.362459E-17
8701.5460000000  3.460398E-17
8705.3230000000  2.455296E-17
8709.1010000000  2.611822E-17
8712.8790000000  2.652748E-17
8716.6570000000  3.052667E-17
8720.4360000000  3.022614E-17
8724.2150000000  3.509114E-17
8727.9950000000  2.950028E-17
8731.7750000000  3.141457E-17
8735.5560000000  2.849021E-17
8739.3370000000  2.589405E-17
8743.1180000000  2.693856E-17
8746.9000000000  2.743593E-17
8750.6830000000  3.552259E-17
8754.4660000000  2.334070E-17
8758.2490000000  2.747582E-17
8762.0320000000  2.902598E-17
8765.8160000000  2.931237E-17
8769.6020000000  2.562828E-17
8773.3870000000  2.648455E-17
8777.1720000000  2.926346E-17
8780.9580000000  3.413839E-17
8784.7450000000  2.489109E-17
8788.5310000000  2.436828E-17
8792.3190000000  2.915295E-17
8796.1070000000  2.852770E-17
8799.8960000000  3.782446E-17
8803.6850000000  3.083236E-17
8807.4740000000  2.973910E-17
8811.2630000000  3.358625E-17
8815.0540000000  3.190111E-17
8818.8440000000  3.211270E-17
8822.6350000000  1.644953E-17
8826.4270000000  2.269118E-17
8830.2190000000  1.471498E-17
8834.0120000000  5.524152E-18
8837.8050000000  1.191408E-17
8841.5980000000  3.045200E-17
8845.3920000000  2.282571E-17
8849.1870000000  2.802864E-17
8852.9810000000  2.433052E-17
8856.7760000000  3.220745E-17
8860.5720000000  3.091676E-17
8864.3680000000  2.174954E-17
8868.1650000000  2.538630E-17
8871.9630000000  2.888906E-17
8875.7610000000  3.255500E-17
8879.5590000000  3.458620E-17
8883.3570000000  1.120729E-17
8887.1560000000  2.788388E-17
8890.9560000000  2.336567E-17
8894.7570000000  1.927525E-17
8898.5570000000  2.599968E-17
8902.3580000000  2.727555E-17
8906.1600000000  3.571340E-17
8909.9620000000  2.585139E-17
8913.7650000000  3.239906E-17
8917.5670000000  3.285455E-17
8921.3710000000  2.776345E-17
8925.1760000000  6.298809E-18
8928.9800000000  1.364314E-17
8932.7850000000  4.310722E-17
8936.5910000000  3.062102E-17
8940.3970000000  2.755527E-17
8944.2040000000  3.346106E-17
8948.0110000000  3.436647E-17
8951.8180000000  2.985922E-17
8955.6270000000  1.838104E-17
8959.4360000000  1.875791E-17
8963.2440000000  2.920220E-17
8967.0540000000  2.213568E-17
8970.8640000000  2.442062E-17
8974.6750000000  2.621675E-17
8978.4850000000  3.537152E-17
8982.2980000000  2.311808E-17
8986.1090000000  2.821843E-17
8989.9230000000  1.351062E-17
8993.7350000000  2.406636E-17
8997.5500000000  2.221104E-17
9001.3630000000  2.165703E-17
9005.1790000000  4.026606E-17
9008.9940000000  3.777744E-17
9012.8100000000  2.383737E-17
9016.6260000000  3.093266E-17
9020.4420000000  3.485026E-17
9024.2600000000  2.557089E-17
9028.0780000000  2.692888E-17
9031.8960000000  2.736120E-17
9035.7160000000  3.620553E-17
9039.5350000000  3.066254E-17
9043.3540000000  3.065165E-17
9047.1760000000  2.419435E-17
9050.9960000000  2.700653E-17
9054.8180000000  3.227148E-17
9058.6410000000  2.210931E-17
9062.4630000000  3.091483E-17
9066.2860000000  2.270212E-17
9070.1100000000  2.618539E-17
9073.9350000000  2.452262E-17
9077.7590000000  2.292334E-17
9081.5850000000  3.302099E-17
9085.4100000000  2.491903E-17
9089.2370000000  2.381282E-17
9093.0630000000  2.567810E-17
9096.8920000000  2.903182E-17
9100.7200000000  2.401680E-17
9104.5480000000  2.720119E-17
9108.3770000000  3.069194E-17
9112.2070000000  2.436527E-17
9116.0370000000  2.717070E-17
9119.8680000000  2.382190E-17
9123.7000000000  3.176641E-17
9127.5320000000  2.651812E-17
9131.3640000000  3.048493E-17
9135.1970000000  2.696066E-17
9139.0310000000  2.427782E-17
9142.8650000000  2.865299E-17
9146.7000000000  2.232284E-17
9150.5350000000  2.609065E-17
9154.3710000000  3.328977E-17
9158.2080000000  2.558604E-17
9162.0450000000  3.122017E-17
9165.8830000000  2.166709E-17
9169.7210000000  2.332494E-17
9173.5600000000  2.071060E-17
9177.3980000000  2.287464E-17
9181.2380000000  2.694630E-17
9185.0790000000  2.109178E-17
9188.9200000000  2.501789E-17
9192.7620000000  2.431947E-17
9196.6040000000  2.328820E-17
9200.4460000000  2.184839E-17
9204.2900000000  2.303561E-17
9208.1340000000  2.480061E-17
9211.9790000000  3.166874E-17
9215.8230000000  2.636106E-17
9219.6690000000  2.923638E-17
9223.5160000000  3.603465E-17
9227.3620000000  2.976619E-17
9231.2100000000  2.462612E-17
9235.0580000000  3.712036E-17
9238.9060000000  3.022179E-17
9242.7560000000  3.373898E-17
9246.6050000000  2.451329E-17
9250.4560000000  2.479273E-17
9254.3070000000  2.613925E-17
9258.1580000000  2.728319E-17
9262.0110000000  2.719805E-17
9265.8630000000  3.637343E-17
9269.7170000000  2.834661E-17
9273.5710000000  2.536441E-17
9277.4260000000  2.280667E-17
9281.2810000000  2.971947E-17
9285.1370000000  3.008696E-17
9288.9930000000  2.532219E-17
9292.8510000000  3.109698E-17
9296.7080000000  3.137819E-17
9300.5660000000  2.745634E-17
9304.4260000000  2.631644E-17
9308.2850000000  2.266995E-17
9312.1450000000  4.252648E-17
9316.0060000000  2.969166E-17
9319.8670000000  -1.868379E-18
9323.7290000000  1.576921E-17
9327.5920000000  6.644074E-18
9331.4550000000  3.077672E-17
9335.3190000000  1.435200E-17
9339.1840000000  8.595296E-18
9343.0490000000  2.435704E-17
9346.9140000000  1.404888E-17
9350.7800000000  2.332075E-17
9354.6470000000  1.676757E-17
9358.5160000000  2.031121E-17
9362.3840000000  1.637763E-17
9366.2530000000  2.312338E-17
9370.1220000000  2.282548E-17
9373.9920000000  2.252750E-17
9377.8630000000  2.222946E-17
9381.7340000000  2.193141E-17
9385.6060000000  2.163328E-17
9389.4790000000  2.133516E-17
9393.3530000000  2.103689E-17
9397.2270000000  2.073861E-17
9401.1020000000  2.069593E-17
9404.9770000000  1.865963E-17
9408.8540000000  1.952195E-17
9412.7290000000  4.055187E-17
9416.6070000000  2.636135E-17
9420.4850000000  1.677884E-17
9424.3630000000  6.890780E-18
9428.2430000000  3.398128E-17
9432.1230000000  3.076857E-17
9436.0040000000  2.814043E-17
9439.8850000000  2.827000E-17
9443.7670000000  2.116485E-17
9447.6490000000  3.109333E-17
9451.5320000000  -8.018336E-19
9455.4160000000  9.183969E-18
9459.3010000000  3.249551E-17
9463.1870000000  3.550033E-18
9467.0720000000  4.248816E-17
9470.9590000000  3.343406E-18
9474.8470000000  2.811038E-17
9478.7340000000  2.866791E-17
9482.6230000000  1.692648E-17
9486.5120000000  1.769478E-17
9490.4020000000  2.406526E-17
9494.2930000000  8.237467E-18
9498.1850000000  2.036747E-17
9502.0760000000  2.569938E-17
9505.9690000000  2.068822E-17
9509.8620000000  -6.862531E-19
9513.7570000000  9.133437E-18
9517.6510000000  3.170187E-17
9521.5470000000  4.349627E-17
9525.4430000000  2.797664E-17
9529.3400000000  1.950731E-17
9533.2370000000  1.717131E-17
9537.1360000000  1.412527E-17
9541.0350000000  1.245608E-18
9544.9350000000  2.733023E-17
9548.8350000000  2.011288E-17
9552.7360000000  2.908832E-17
9556.6380000000  2.981319E-17
9560.5410000000  2.673020E-17
9564.4430000000  2.116052E-17
9568.3480000000  3.077581E-17
9572.2520000000  2.517364E-17
9576.1580000000  1.438708E-17
9580.0630000000  1.490309E-17
9583.9710000000  2.890635E-17
9587.8780000000  2.809997E-17
9591.7860000000  2.394620E-17
9595.6950000000  2.814980E-17
9599.6050000000  1.469028E-17
9603.5160000000  2.030128E-17
9607.4270000000  1.954893E-17
9611.3390000000  2.698901E-17
9615.2510000000  3.849438E-17
9619.1640000000  2.999555E-17
9623.0780000000  2.006957E-17
9626.9930000000  2.184034E-17
9630.9080000000  3.684733E-17
9634.8250000000  2.713021E-17
9638.7420000000  2.897994E-17
9642.6590000000  3.015971E-17
9646.5780000000  1.226072E-17
9650.4970000000  2.698100E-17
9654.4170000000  1.995388E-17
9658.3380000000  1.643815E-17
9662.2600000000  3.856823E-17
9666.1820000000  2.798771E-17
9670.1040000000  2.178119E-17
9674.0280000000  8.238823E-18
9677.9530000000  2.497166E-17
9681.8780000000  -1.321687E-17
9685.8040000000  1.691152E-17
