3400.0 1.2074e-16
3401.525 1.3767e-16
3403.05 9.0512e-17
3404.575 7.0921e-17
3406.1 7.7967e-17
3407.625 1.4032e-16
3409.15 6.9252e-17
3410.675 6.3005e-17
3412.2 6.5504e-17
3413.725 8.1551e-17
3415.25 5.976e-17
3416.775 6.6821e-17
3418.3 9.8561e-17
3419.825 1.3788e-16
3421.35 5.0785e-17
3422.875 4.3912e-17
3424.4 4.992e-17
3425.925 7.4513e-17
3427.45 5.146e-17
3428.975 8.4234e-17
3430.5 6.7551e-17
3432.025 1.2721e-16
3433.55 1.4796e-16
3435.075 7.5038e-17
3436.6 1.167e-16
3438.125 1.729e-16
3439.65 1.2586e-16
3441.175 9.4644e-17
3442.7 6.7763e-17
3444.225 9.9918e-17
3445.75 9.7913e-17
3447.275 4.142e-17
3448.8 6.7757e-17
3450.325 5.8543e-17
3451.85 8.6017e-17
3453.375 1.0306e-16
3454.9 9.6376e-17
3456.425 1.1088e-16
3457.95 1.013e-16
3459.475 1.0443e-16
3461.0 5.9924e-17
3462.525 7.8031e-17
3464.05 1.0803e-16
3465.575 7.8904e-17
3467.1 7.6441e-17
3468.625 8.3127e-17
3470.15 4.6379e-17
3471.675 6.2515e-17
3473.2 7.3173e-17
3474.725 8.3351e-17
3476.25 7.0705e-17
3477.775 9.9912e-17
3479.3 1.239e-16
3480.825 9.5026e-17
3482.35 8.259e-17
3483.875 8.7411e-17
3485.4 7.9092e-17
3486.925 7.4167e-17
3488.45 7.1814e-17
3489.975 8.076e-17
3491.5 9.6285e-17
3493.025 1.1406e-16
3494.55 1.0893e-16
3496.075 9.0813e-17
3497.6 4.6168e-17
3499.125 9.6567e-17
3500.65 1.2821e-16
3502.175 1.3229e-16
3503.7 6.5433e-17
3505.225 8.3858e-17
3506.75 4.8357e-17
3508.275 1.1506e-16
3509.8 1.0633e-16
3511.325 1.2038e-16
3512.85 1.3816e-16
3514.375 1.3052e-16
3515.9 1.3618e-16
3517.425 1.5509e-16
3518.95 8.8092e-17
3520.475 9.1079e-17
3522.0 1.0078e-16
3523.525 1.4863e-16
3525.05 8.8421e-17
3526.575 6.1172e-17
3528.1 4.9087e-17
3529.625 6.6296e-17
3531.15 9.6447e-17
3532.675 9.4429e-17
3534.2 9.8429e-17
3535.725 6.2684e-17
3537.25 7.266e-17
3538.775 1.0817e-16
3540.3 1.0545e-16
3541.825 8.4831e-17
3543.35 7.8476e-17
3544.875 3.1325e-17
3546.4 5.154e-17
3547.925 3.5373e-17
3549.45 7.67e-17
3550.975 7.1958e-17
3552.5 7.3841e-17
3554.025 6.3351e-17
3555.55 1.0661e-16
3557.075 8.5118e-17
3558.6 8.4873e-17
3560.125 7.0529e-17
3561.65 5.1634e-17
3563.175 9.3981e-17
3564.7 7.472e-17
3566.225 8.1656e-17
3567.75 8.8407e-17
3569.275 1.0246e-16
3570.8 1.1568e-16
3572.325 7.9827e-17
3573.85 7.726e-17
3575.375 1.0348e-16
3576.9 1.0423e-16
3578.425 1.0896e-16
3579.95 9.4663e-17
3581.475 1.2119e-16
3583.0 1.0784e-16
3584.525 1.0509e-16
3586.05 9.3367e-17
3587.575 9.124e-17
3589.1 1.0443e-16
3590.625 1.0211e-16
3592.15 9.3183e-17
3593.675 1.0217e-16
3595.2 8.4109e-17
3596.725 9.0071e-17
3598.25 1.0476e-16
3599.775 7.8234e-17
3601.3 1.1937e-16
3602.825 1.001e-16
3604.35 8.7042e-17
3605.875 8.5663e-17
3607.4 7.8036e-17
3608.925 4.3085e-17
3610.45 8.9907e-17
3611.975 8.8808e-17
3613.5 8.0216e-17
3615.025 8.0474e-17
3616.55 7.6889e-17
3618.075 6.0509e-17
3619.6 6.8604e-17
3621.125 1.1273e-16
3622.65 1.1045e-16
3624.175 8.4602e-17
3625.7 9.6634e-17
3627.225 1.0428e-16
3628.75 8.6326e-17
3630.275 9.2646e-17
3631.8 9.0715e-17
3633.325 6.5308e-17
3634.85 7.4647e-17
3636.375 7.0638e-17
3637.9 6.0242e-17
3639.425 9.3141e-17
3640.95 1.0176e-16
3642.475 8.666e-17
3644.0 9.0053e-17
3645.525 1.1356e-16
3647.05 7.8094e-17
3648.575 5.0447e-17
3650.1 9.9243e-17
3651.625 1.0079e-16
3653.15 9.9431e-17
3654.675 9.5482e-17
3656.2 8.9179e-17
3657.725 1.1102e-16
3659.25 8.5755e-17
3660.775 5.5391e-17
3662.3 8.2978e-17
3663.825 8.7629e-17
3665.35 9.1238e-17
3666.875 6.6121e-17
3668.4 6.075e-17
3669.925 8.3422e-17
3671.45 6.2163e-17
3672.975 9.4699e-17
3674.5 9.8046e-17
3676.025 9.1606e-17
3677.55 9.7601e-17
3679.075 9.452e-17
3680.6 8.2728e-17
3682.125 1.0175e-16
3683.65 9.0361e-17
3685.175 8.1072e-17
3686.7 9.8549e-17
3688.225 9.8903e-17
3689.75 9.8774e-17
3691.275 5.5623e-17
3692.8 7.913e-17
3694.325 8.2531e-17
3695.85 9.4353e-17
3697.375 1.0138e-16
3698.9 4.3602e-17
3700.425 8.2618e-17
3701.95 9.0358e-17
3703.475 7.344e-17
3705.0 6.1085e-17
3706.525 9.1821e-17
3708.05 9.0288e-17
3709.575 8.3709e-17
3711.1 3.1231e-17
3712.625 5.0505e-17
3714.15 9.2061e-17
3715.675 8.1791e-17
3717.2 5.6522e-17
3718.725 8.1986e-17
3720.25 1.1196e-16
3721.775 8.2188e-17
3723.3 1.0918e-16
3724.825 9.5221e-17
3726.35 7.9181e-17
3727.875 8.3704e-17
3729.4 9.4612e-17
3730.925 9.3443e-17
3732.45 5.6539e-17
3733.975 5.7015e-17
3735.5 6.6093e-17
3737.025 8.8235e-17
3738.55 7.781e-17
3740.075 1.017e-16
3741.6 8.8205e-17
3743.125 8.1767e-17
3744.65 8.7068e-17
3746.175 8.3105e-17
3747.7 7.695e-17
3749.225 9.3163e-17
3750.75 7.6949e-17
3752.275 1.0074e-16
3753.8 8.7206e-17
3755.325 8.2342e-17
3756.85 7.0831e-17
3758.375 6.772e-17
3759.9 7.9977e-17
3761.425 9.2594e-17
3762.95 8.0172e-17
3764.475 8.153e-17
3766.0 7.6335e-17
3767.525 7.5756e-17
3769.05 6.4448e-17
3770.575 7.4069e-17
3772.1 9.422e-17
3773.625 6.3314e-17
3775.15 8.8529e-17
3776.675 1.2537e-16
3778.2 1.0721e-16
3779.725 1.0251e-16
3781.25 8.8101e-17
3782.775 7.8585e-17
3784.3 9.0867e-17
3785.825 9.3007e-17
3787.35 7.4248e-17
3788.875 7.9867e-17
3790.4 7.2367e-17
3791.925 7.8122e-17
3793.45 8.6726e-17
3794.975 6.924e-17
3796.5 8.4011e-17
3798.025 8.627e-17
3799.55 8.6698e-17
3801.075 9.0758e-17
3802.6 7.4753e-17
3804.125 1.0754e-16
3805.65 8.1411e-17
3807.175 7.007e-17
3808.7 1.109e-16
3810.225 9.914e-17
3811.75 8.7516e-17
3813.275 6.5464e-17
3814.8 6.4669e-17
3816.325 4.4887e-17
3817.85 6.7295e-17
3819.375 9.1408e-17
3820.9 8.3469e-17
3822.425 8.6409e-17
3823.95 9.4169e-17
3825.475 1.0115e-16
3827.0 7.3913e-17
3828.525 7.161e-17
3830.05 6.4178e-17
3831.575 6.4102e-17
3833.1 7.1755e-17
3834.625 7.6428e-17
3836.15 7.9344e-17
3837.675 9.6149e-17
3839.2 1.0404e-16
3840.725 9.1449e-17
3842.25 8.5292e-17
3843.775 7.8226e-17
3845.3 1.0159e-16
3846.825 9.7311e-17
3848.35 9.1656e-17
3849.875 1.0362e-16
3851.4 1.0054e-16
3852.925 1.0088e-16
3854.45 8.3091e-17
3855.975 7.752e-17
3857.5 8.7844e-17
3859.025 9.3892e-17
3860.55 8.7644e-17
3862.075 8.311e-17
3863.6 7.9995e-17
3865.125 6.8205e-17
3866.65 8.8934e-17
3868.175 9.655e-17
3869.7 6.3246e-17
3871.225 5.471e-17
3872.75 5.8644e-17
3874.275 8.0088e-17
3875.8 1.0003e-16
3877.325 1.1347e-16
3878.85 1.1057e-16
3880.375 8.6165e-17
3881.9 1.0358e-16
3883.425 9.8811e-17
3884.95 8.3021e-17
3886.475 8.0788e-17
3888.0 8.2052e-17
3889.525 8.158e-17
3891.05 7.9944e-17
3892.575 9.2607e-17
3894.1 9.5597e-17
3895.625 7.8781e-17
3897.15 8.5439e-17
3898.675 9.8569e-17
3900.2 7.4673e-17
3901.725 9.3167e-17
3903.25 1.2026e-16
3904.775 1.1336e-16
3906.3 1.1214e-16
3907.825 1.034e-16
3909.35 9.1477e-17
3910.875 1.8245e-16
3912.4 2.7937e-16
3913.925 3.6891e-16
3915.45 4.5268e-16
3916.975 3.9389e-16
3918.5 2.4341e-16
3920.025 1.3848e-16
3921.55 1.008e-16
3923.075 9.6209e-17
3924.6 8.1064e-17
3926.125 7.9555e-17
3927.65 8.9426e-17
3929.175 1.0142e-16
3930.7 1.1028e-16
3932.225 9.777e-17
3933.75 8.3633e-17
3935.275 8.4535e-17
3936.8 8.1355e-17
3938.325 7.1237e-17
3939.85 8.7919e-17
3941.375 8.5629e-17
3942.9 9.6755e-17
3944.425 1.1191e-16
3945.95 8.2012e-17
3947.475 1.0807e-16
3949.0 1.0302e-16
3950.525 8.7468e-17
3952.05 1.0172e-16
3953.575 1.2006e-16
3955.1 8.9741e-17
3956.625 9.7478e-17
3958.15 6.6226e-17
3959.675 8.9361e-17
3961.2 7.7165e-17
3962.725 6.8172e-17
3964.25 8.7843e-17
3965.775 9.6795e-17
3967.3 9.4291e-17
3968.825 8.0482e-17
3970.35 1.0307e-16
3971.875 1.1489e-16
3973.4 1.1223e-16
3974.925 1.1898e-16
3976.45 1.0549e-16
3977.975 9.7273e-17
3979.5 9.0759e-17
3981.025 8.6812e-17
3982.55 1.0585e-16
3984.075 1.0341e-16
3985.6 7.2222e-17
3987.125 9.348e-17
3988.65 8.7904e-17
3990.175 6.2738e-17
3991.7 8.1856e-17
3993.225 9.6135e-17
3994.75 1.1976e-16
3996.275 1.3267e-16
3997.8 1.2343e-16
3999.325 1.2855e-16
4000.85 1.1246e-16
4002.375 1.2095e-16
4003.9 1.1616e-16
4005.425 1.3672e-16
4006.95 1.3412e-16
4008.475 1.2575e-16
4010.0 1.0595e-16
4011.525 1.1376e-16
4013.05 1.1789e-16
4014.575 1.1555e-16
4016.1 8.7863e-17
4017.625 1.032e-16
4019.15 1.0948e-16
4020.675 1.2686e-16
4022.2 1.043e-16
4023.725 9.0404e-17
4025.25 1.0171e-16
4026.775 8.8386e-17
4028.3 1.1179e-16
4029.825 1.0704e-16
4031.35 7.1091e-17
4032.875 8.4677e-17
4034.4 1.0135e-16
4035.925 7.861e-17
4037.45 1.0838e-16
4038.975 1.2336e-16
4040.5 1.1967e-16
4042.025 1.2014e-16
4043.55 9.8838e-17
4045.075 1.1389e-16
4046.6 1.4875e-16
4048.125 1.5285e-16
4049.65 1.2713e-16
4051.175 1.1527e-16
4052.7 1.1024e-16
4054.225 1.0271e-16
4055.75 1.2556e-16
4057.275 1.2067e-16
4058.8 1.2072e-16
4060.325 1.4042e-16
4061.85 1.0632e-16
4063.375 1.0501e-16
4064.9 1.315e-16
4066.425 1.0345e-16
4067.95 9.5047e-17
4069.475 1.0415e-16
4071.0 1.1086e-16
4072.525 1.3116e-16
4074.05 1.433e-16
4075.575 1.2418e-16
4077.1 9.9333e-17
4078.625 9.1954e-17
4080.15 1.0473e-16
4081.675 9.4159e-17
4083.2 9.0579e-17
4084.725 1.1561e-16
4086.25 1.1929e-16
4087.775 1.121e-16
4089.3 7.997e-17
4090.825 7.4974e-17
4092.35 9.727e-17
4093.875 9.6715e-17
4095.4 1.062e-16
4096.925 9.4405e-17
4098.45 1.1072e-16
4099.975 1.3085e-16
4101.5 1.1804e-16
4103.025 1.1465e-16
4104.55 1.3537e-16
4106.075 1.4478e-16
4107.6 1.2911e-16
4109.125 1.4005e-16
4110.65 1.3171e-16
4112.175 1.0873e-16
4113.7 1.3513e-16
4115.225 1.3289e-16
4116.75 1.4375e-16
4118.275 1.4797e-16
4119.8 1.1878e-16
4121.325 1.2496e-16
4122.85 1.1859e-16
4124.375 1.1704e-16
4125.9 1.1365e-16
4127.425 1.0972e-16
4128.95 9.7957e-17
4130.475 9.9492e-17
4132.0 1.0321e-16
4133.525 9.7535e-17
4135.05 1.2795e-16
4136.575 1.306e-16
4138.1 1.2391e-16
4139.625 1.2005e-16
4141.15 1.2623e-16
4142.675 1.1089e-16
4144.2 1.1857e-16
4145.725 1.1516e-16
4147.25 1.334e-16
4148.775 1.2875e-16
4150.3 1.3699e-16
4151.825 1.0975e-16
4153.35 1.1772e-16
4154.875 1.3803e-16
4156.4 1.2128e-16
4157.925 1.2121e-16
4159.45 1.2802e-16
4160.975 1.1254e-16
4162.5 8.3358e-17
4164.025 7.9601e-17
4165.55 8.7489e-17
4167.075 7.1327e-17
4168.6 7.2122e-17
4170.125 9.5681e-17
4171.65 8.8719e-17
4173.175 7.3119e-17
4174.7 9.652e-17
4176.225 9.9269e-17
4177.75 9.9296e-17
4179.275 1.0927e-16
4180.8 1.3229e-16
4182.325 1.2046e-16
4183.85 1.1405e-16
4185.375 1.3615e-16
4186.9 1.4485e-16
4188.425 1.3975e-16
4189.95 1.4408e-16
4191.475 1.312e-16
4193.0 1.3704e-16
4194.525 1.2745e-16
4196.05 1.4684e-16
4197.575 1.2738e-16
4199.1 1.1829e-16
4200.625 1.1159e-16
4202.15 1.3157e-16
4203.675 1.1931e-16
4205.2 1.1696e-16
4206.725 1.291e-16
4208.25 1.2134e-16
4209.775 1.3525e-16
4211.3 1.2611e-16
4212.825 1.4064e-16
4214.35 1.4321e-16
4215.875 1.3764e-16
4217.4 1.3446e-16
4218.925 1.4065e-16
4220.45 1.3045e-16
4221.975 1.3523e-16
4223.5 1.2761e-16
4225.025 1.4144e-16
4226.55 1.2788e-16
4228.075 1.3309e-16
4229.6 1.4376e-16
4231.125 1.5004e-16
4232.65 1.2994e-16
4234.175 1.2259e-16
4235.7 1.3196e-16
4237.225 1.2534e-16
4238.75 1.2323e-16
4240.275 1.4349e-16
4241.8 1.4347e-16
4243.325 1.4345e-16
4244.85 1.331e-16
4246.375 1.294e-16
4247.9 1.246e-16
4249.425 1.451e-16
4250.95 1.5408e-16
4252.475 1.5685e-16
4254.0 1.5069e-16
4255.525 1.5194e-16
4257.05 1.5314e-16
4258.575 1.3816e-16
4260.1 1.3538e-16
4261.625 1.5966e-16
4263.15 1.6686e-16
4264.675 1.6406e-16
4266.2 1.5465e-16
4267.725 1.2597e-16
4269.25 1.3915e-16
4270.775 1.4055e-16
4272.3 1.3995e-16
4273.825 1.405e-16
4275.35 1.1967e-16
4276.875 1.2574e-16
4278.4 1.4422e-16
4279.925 1.3956e-16
4281.45 1.3289e-16
4282.975 1.2597e-16
4284.5 1.3496e-16
4286.025 1.4254e-16
4287.55 1.3684e-16
4289.075 1.3957e-16
4290.6 1.4386e-16
4292.125 1.407e-16
4293.65 1.287e-16
4295.175 1.2714e-16
4296.7 1.4009e-16
4298.225 1.3304e-16
4299.75 1.2157e-16
4301.275 1.149e-16
4302.8 1.1535e-16
4304.325 9.3899e-17
4305.85 1.1923e-16
4307.375 1.5554e-16
4308.9 1.452e-16
4310.425 1.1323e-16
4311.95 1.202e-16
4313.475 1.2603e-16
4315.0 1.1257e-16
4316.525 1.1414e-16
4318.05 1.2934e-16
4319.575 1.217e-16
4321.1 1.356e-16
4322.625 1.3511e-16
4324.15 1.1401e-16
4325.675 1.3173e-16
4327.2 1.4198e-16
4328.725 1.4535e-16
4330.25 1.4497e-16
4331.775 1.3076e-16
4333.3 1.3382e-16
4334.825 1.3423e-16
4336.35 1.2278e-16
4337.875 1.1916e-16
4339.4 1.2602e-16
4340.925 1.3376e-16
4342.45 1.2828e-16
4343.975 1.3715e-16
4345.5 1.4338e-16
4347.025 1.3321e-16
4348.55 1.3061e-16
4350.075 1.3839e-16
4351.6 1.3067e-16
4353.125 1.2664e-16
4354.65 1.1176e-16
4356.175 1.3434e-16
4357.7 1.7133e-16
4359.225 1.7206e-16
4360.75 1.3829e-16
4362.275 1.1979e-16
4363.8 1.1969e-16
4365.325 1.2986e-16
4366.85 1.3636e-16
4368.375 1.3158e-16
4369.9 1.1956e-16
4371.425 1.2722e-16
4372.95 1.2698e-16
4374.475 1.2132e-16
4376.0 1.0239e-16
4377.525 1.42e-16
4379.05 1.3439e-16
4380.575 1.2428e-16
4382.1 1.2337e-16
4383.625 1.2003e-16
4385.15 1.2849e-16
4386.675 1.1822e-16
4388.2 1.1809e-16
4389.725 1.2819e-16
4391.25 1.0989e-16
4392.775 1.174e-16
4394.3 1.4141e-16
4395.825 1.3828e-16
4397.35 1.3204e-16
4398.875 1.3519e-16
4400.4 1.1811e-16
4401.925 1.3568e-16
4403.45 1.3923e-16
4404.975 1.4265e-16
4406.5 1.3222e-16
4408.025 1.1784e-16
4409.55 1.2741e-16
4411.075 1.2586e-16
4412.6 1.4089e-16
4414.125 1.4584e-16
4415.65 1.2347e-16
4417.175 1.3355e-16
4418.7 1.2575e-16
4420.225 1.3985e-16
4421.75 1.4552e-16
4423.275 1.395e-16
4424.8 1.3439e-16
4426.325 1.3929e-16
4427.85 1.3791e-16
4429.375 1.4462e-16
4430.9 1.2557e-16
4432.425 1.3176e-16
4433.95 1.2566e-16
4435.475 9.8264e-17
4437.0 1.4052e-16
4438.525 1.4105e-16
4440.05 1.2519e-16
4441.575 1.1473e-16
4443.1 1.3894e-16
4444.625 1.3346e-16
4446.15 1.3207e-16
4447.675 1.3026e-16
4449.2 1.2104e-16
4450.725 1.2078e-16
4452.25 1.23e-16
4453.775 1.2582e-16
4455.3 1.3537e-16
4456.825 1.2497e-16
4458.35 1.1969e-16
4459.875 1.386e-16
4461.4 1.2316e-16
4462.925 1.2861e-16
4464.45 1.3277e-16
4465.975 1.3175e-16
4467.5 1.1026e-16
4469.025 1.3433e-16
4470.55 1.3082e-16
4472.075 1.1962e-16
4473.6 1.0391e-16
4475.125 1.1335e-16
4476.65 1.2457e-16
4478.175 1.29e-16
4479.7 1.3485e-16
4481.225 1.3568e-16
4482.75 1.3512e-16
4484.275 1.1801e-16
4485.8 1.1372e-16
4487.325 1.1008e-16
4488.85 1.2045e-16
4490.375 1.1089e-16
4491.9 1.1117e-16
4493.425 1.3102e-16
4494.95 1.4245e-16
4496.475 1.2044e-16
4498.0 1.141e-16
4499.525 1.1028e-16
4501.05 1.3431e-16
4502.575 1.2651e-16
4504.1 1.1984e-16
4505.625 1.2079e-16
4507.15 1.426e-16
4508.675 1.487e-16
4510.2 1.2129e-16
4511.725 1.305e-16
4513.25 1.272e-16
4514.775 1.3137e-16
4516.3 1.2512e-16
4517.825 1.202e-16
4519.35 1.1774e-16
4520.875 1.1945e-16
4522.4 1.2869e-16
4523.925 1.2561e-16
4525.45 1.0148e-16
4526.975 1.1464e-16
4528.5 1.2356e-16
4530.025 1.3496e-16
4531.55 1.3747e-16
4533.075 1.4035e-16
4534.6 1.3656e-16
4536.125 1.4386e-16
4537.65 1.4034e-16
4539.175 1.1556e-16
4540.7 1.2503e-16
4542.225 1.3685e-16
4543.75 1.2266e-16
4545.275 1.1302e-16
4546.8 1.2631e-16
4548.325 1.2923e-16
4549.85 1.2891e-16
4551.375 1.1769e-16
4552.9 1.1102e-16
4554.425 1.107e-16
4555.95 1.2442e-16
4557.475 1.8583e-16
4559.0 1.88e-16
4560.525 1.6256e-16
4562.05 1.2931e-16
4563.575 1.0742e-16
4565.1 9.7663e-17
4566.625 1.0925e-16
4568.15 1.2502e-16
4569.675 1.3306e-16
4571.2 1.3621e-16
4572.725 1.3082e-16
4574.25 1.3421e-16
4575.775 1.3248e-16
4577.3 1.1434e-16
4578.825 1.2997e-16
4580.35 1.3662e-16
4581.875 1.3279e-16
4583.4 1.3709e-16
4584.925 1.317e-16
4586.45 1.2177e-16
4587.975 1.3444e-16
4589.5 1.3038e-16
4591.025 1.2156e-16
4592.55 1.467e-16
4594.075 1.3551e-16
4595.6 1.324e-16
4597.125 1.2999e-16
4598.65 1.4162e-16
4600.175 1.3546e-16
4601.7 1.2919e-16
4603.225 1.3593e-16
4604.75 1.3435e-16
4606.275 1.2517e-16
4607.8 1.0839e-16
4609.325 1.1238e-16
4610.85 1.171e-16
4612.375 1.2831e-16
4613.9 1.2994e-16
4615.425 1.1646e-16
4616.95 1.343e-16
4618.475 1.5104e-16
4620.0 1.3923e-16
4621.525 1.4925e-16
4623.05 1.4005e-16
4624.575 1.1839e-16
4626.1 1.0867e-16
4627.625 1.1067e-16
4629.15 1.283e-16
4630.675 1.4075e-16
4632.2 1.4311e-16
4633.725 1.3839e-16
4635.25 1.3708e-16
4636.775 1.4237e-16
4638.3 1.2021e-16
4639.825 1.2783e-16
4641.35 1.2206e-16
4642.875 1.3647e-16
4644.4 1.2306e-16
4645.925 1.2355e-16
4647.45 1.2987e-16
4648.975 1.2844e-16
4650.5 1.4127e-16
4652.025 1.2571e-16
4653.55 1.2936e-16
4655.075 1.3555e-16
4656.6 1.4434e-16
4658.125 1.4096e-16
4659.65 1.3276e-16
4661.175 1.2438e-16
4662.7 1.1761e-16
4664.225 1.2846e-16
4665.75 1.412e-16
4667.275 1.3175e-16
4668.8 1.0814e-16
4670.325 1.2343e-16
4671.85 1.4729e-16
4673.375 1.4217e-16
4674.9 1.2679e-16
4676.425 1.2233e-16
4677.95 9.9631e-17
4679.475 1.1004e-16
4681.0 1.263e-16
4682.525 1.1227e-16
4684.05 1.2643e-16
4685.575 1.2478e-16
4687.1 1.221e-16
4688.625 1.1817e-16
4690.15 1.1362e-16
4691.675 1.172e-16
4693.2 1.3695e-16
4694.725 1.5082e-16
4696.25 1.4761e-16
4697.775 1.3652e-16
4699.3 1.4486e-16
4700.825 1.3671e-16
4702.35 1.3991e-16
4703.875 1.0851e-16
4705.4 1.2251e-16
4706.925 1.402e-16
4708.45 1.3324e-16
4709.975 1.2333e-16
4711.5 1.415e-16
4713.025 1.2518e-16
4714.55 1.2446e-16
4716.075 1.3505e-16
4717.6 1.1411e-16
4719.125 1.2187e-16
4720.65 1.294e-16
4722.175 1.3827e-16
4723.7 1.2302e-16
4725.225 1.3137e-16
4726.75 1.405e-16
4728.275 1.3253e-16
4729.8 1.2375e-16
4731.325 1.3104e-16
4732.85 1.4448e-16
4734.375 1.4186e-16
4735.9 1.3277e-16
4737.425 1.2307e-16
4738.95 1.445e-16
4740.475 1.4418e-16
4742.0 1.4211e-16
4743.525 1.4643e-16
4745.05 1.3018e-16
4746.575 1.3495e-16
4748.1 1.495e-16
4749.625 1.4905e-16
4751.15 1.3228e-16
4752.675 1.3023e-16
4754.2 1.2736e-16
4755.725 1.2804e-16
4757.25 1.3713e-16
4758.775 1.2127e-16
4760.3 1.3116e-16
4761.825 1.3523e-16
4763.35 1.3888e-16
4764.875 1.3987e-16
4766.4 1.4414e-16
4767.925 1.4134e-16
4769.45 1.4555e-16
4770.975 1.5473e-16
4772.5 1.3712e-16
4774.025 1.4735e-16
4775.55 1.2966e-16
4777.075 1.2617e-16
4778.6 1.4006e-16
4780.125 1.3258e-16
4781.65 1.2883e-16
4783.175 1.4667e-16
4784.7 1.5485e-16
4786.225 1.3627e-16
4787.75 1.5272e-16
4789.275 1.5659e-16
4790.8 1.5396e-16
4792.325 1.4199e-16
4793.85 1.2362e-16
4795.375 1.4544e-16
4796.9 1.4926e-16
4798.425 1.441e-16
4799.95 1.4414e-16
4801.475 1.3825e-16
4803.0 1.4367e-16
4804.525 1.4456e-16
4806.05 1.3446e-16
4807.575 1.4448e-16
4809.1 1.4457e-16
4810.625 1.4668e-16
4812.15 1.4334e-16
4813.675 1.5333e-16
4815.2 1.5125e-16
4816.725 1.258e-16
4818.25 1.268e-16
4819.775 1.5427e-16
4821.3 1.5756e-16
4822.825 1.4536e-16
4824.35 1.4462e-16
4825.875 1.4126e-16
4827.4 1.4366e-16
4828.925 1.3488e-16
4830.45 1.4097e-16
4831.975 1.4527e-16
4833.5 1.439e-16
4835.025 1.4838e-16
4836.55 1.5204e-16
4838.075 1.5202e-16
4839.6 1.5077e-16
4841.125 1.556e-16
4842.65 1.5561e-16
4844.175 1.4338e-16
4845.7 1.6169e-16
4847.225 1.7744e-16
4848.75 1.5351e-16
4850.275 1.3599e-16
4851.8 1.4636e-16
4853.325 1.5296e-16
4854.85 1.5615e-16
4856.375 1.6132e-16
4857.9 1.5916e-16
4859.425 1.5521e-16
4860.95 1.4619e-16
4862.475 1.5675e-16
4864.0 1.4902e-16
4865.525 1.5153e-16
4867.05 1.5598e-16
4868.575 1.4211e-16
4870.1 1.4437e-16
4871.625 1.4902e-16
4873.15 1.475e-16
4874.675 1.3991e-16
4876.2 1.3726e-16
4877.725 1.4426e-16
4879.25 1.3612e-16
4880.775 1.3969e-16
4882.3 1.4197e-16
4883.825 1.3927e-16
4885.35 1.5647e-16
4886.875 1.492e-16
4888.4 1.4906e-16
4889.925 1.4877e-16
4891.45 1.5115e-16
4892.975 1.5087e-16
4894.5 1.5365e-16
4896.025 1.4782e-16
4897.55 1.3893e-16
4899.075 1.4325e-16
4900.6 1.4312e-16
4902.125 1.545e-16
4903.65 1.3649e-16
4905.175 1.3327e-16
4906.7 1.4928e-16
4908.225 1.4928e-16
4909.75 1.5519e-16
4911.275 1.4501e-16
4912.8 1.4544e-16
4914.325 1.3472e-16
4915.85 1.3938e-16
4917.375 1.3341e-16
4918.9 1.4206e-16
4920.425 1.7036e-16
4921.95 1.5132e-16
4923.475 1.3636e-16
4925.0 1.4122e-16
4926.525 1.531e-16
4928.05 1.4826e-16
4929.575 1.3235e-16
4931.1 1.4517e-16
4932.625 1.4664e-16
4934.15 1.4108e-16
4935.675 1.3865e-16
4937.2 1.3245e-16
4938.725 1.2955e-16
4940.25 1.329e-16
4941.775 1.3712e-16
4943.3 1.347e-16
4944.825 1.4096e-16
4946.35 1.4778e-16
4947.875 1.5493e-16
4949.4 1.4903e-16
4950.925 1.3669e-16
4952.45 1.2765e-16
4953.975 1.3664e-16
4955.5 1.4362e-16
4957.025 1.4319e-16
4958.55 1.4886e-16
4960.075 1.6429e-16
4961.6 1.5935e-16
4963.125 1.4716e-16
4964.65 1.3362e-16
4966.175 1.1691e-16
4967.7 1.2997e-16
4969.225 1.4342e-16
4970.75 1.3198e-16
4972.275 1.2074e-16
4973.8 1.4365e-16
4975.325 1.5865e-16
4976.85 1.4533e-16
4978.375 1.2756e-16
4979.9 1.305e-16
4981.425 1.4502e-16
4982.95 1.3154e-16
4984.475 1.2931e-16
4986.0 1.282e-16
4987.525 1.1832e-16
4989.05 1.3956e-16
4990.575 1.3508e-16
4992.1 1.3058e-16
4993.625 1.2702e-16
4995.15 1.3741e-16
4996.675 1.3186e-16
4998.2 1.3356e-16
4999.725 1.289e-16
5001.25 1.2339e-16
5002.775 1.1585e-16
5004.3 1.0634e-16
5005.825 1.2681e-16
5007.35 1.257e-16
5008.875 1.3272e-16
5010.4 1.2639e-16
5011.925 1.2027e-16
5013.45 1.1978e-16
5014.975 1.2562e-16
5016.5 1.4007e-16
5018.025 1.3872e-16
5019.55 1.2929e-16
5021.075 1.246e-16
5022.6 1.2726e-16
5024.125 1.2365e-16
5025.65 1.1805e-16
5027.175 1.3489e-16
5028.7 1.2299e-16
5030.225 1.1881e-16
5031.75 1.38e-16
5033.275 1.2392e-16
5034.8 1.0918e-16
5036.325 1.136e-16
5037.85 1.3515e-16
5039.375 1.2451e-16
5040.9 1.2699e-16
5042.425 1.3083e-16
5043.95 1.3488e-16
5045.475 1.321e-16
5047.0 1.3361e-16
5048.525 1.3829e-16
5050.05 1.3688e-16
5051.575 1.3238e-16
5053.1 1.1969e-16
5054.625 1.3872e-16
5056.15 1.4484e-16
5057.675 1.5037e-16
5059.2 1.5393e-16
5060.725 1.5101e-16
5062.25 1.3819e-16
5063.775 1.4735e-16
5065.3 1.5589e-16
5066.825 1.4286e-16
5068.35 1.3283e-16
5069.875 1.4008e-16
5071.4 1.4879e-16
5072.925 1.4894e-16
5074.45 1.4895e-16
5075.975 1.468e-16
5077.5 1.4303e-16
5079.025 1.3936e-16
5080.55 1.4776e-16
5082.075 1.299e-16
5083.6 1.4162e-16
5085.125 1.3909e-16
5086.65 1.4637e-16
5088.175 1.252e-16
5089.7 1.2613e-16
5091.225 1.3624e-16
5092.75 1.173e-16
5094.275 1.2153e-16
5095.8 1.2932e-16
5097.325 1.26e-16
5098.85 1.1164e-16
5100.375 1.0683e-16
5101.9 1.2304e-16
5103.425 1.7851e-16
5104.95 2.1928e-16
5106.475 2.2129e-16
5108.0 1.802e-16
5109.525 1.426e-16
5111.05 1.4232e-16
5112.575 1.2444e-16
5114.1 1.133e-16
5115.625 1.2198e-16
5117.15 1.2662e-16
5118.675 1.2656e-16
5120.2 1.4531e-16
5121.725 1.3929e-16
5123.25 1.4957e-16
5124.775 1.3368e-16
5126.3 1.2279e-16
5127.825 1.4395e-16
5129.35 1.4986e-16
5130.875 1.3689e-16
5132.4 1.2835e-16
5133.925 1.3766e-16
5135.45 1.5232e-16
5136.975 1.4853e-16
5138.5 1.5151e-16
5140.025 1.3934e-16
5141.55 1.277e-16
5143.075 1.4229e-16
5144.6 1.552e-16
5146.125 1.4821e-16
5147.65 1.5597e-16
5149.175 1.5739e-16
5150.7 1.5022e-16
5152.225 1.4216e-16
5153.75 1.6338e-16
5155.275 1.6953e-16
5156.8 1.5166e-16
5158.325 1.4514e-16
5159.85 1.601e-16
5161.375 1.5832e-16
5162.9 1.4915e-16
5164.425 1.4147e-16
5165.95 1.4523e-16
5167.475 1.5657e-16
5169.0 1.3989e-16
5170.525 1.433e-16
5172.05 1.3493e-16
5173.575 1.338e-16
5175.1 1.3411e-16
5176.625 1.3759e-16
5178.15 1.4538e-16
5179.675 1.4764e-16
5181.2 1.3866e-16
5182.725 1.1908e-16
5184.25 1.3944e-16
5185.775 1.2998e-16
5187.3 1.3122e-16
5188.825 1.2398e-16
5190.35 1.2999e-16
5191.875 1.3721e-16
5193.4 1.3569e-16
5194.925 1.3527e-16
5196.45 1.3559e-16
5197.975 1.4204e-16
5199.5 1.5451e-16
5201.025 1.4063e-16
5202.55 1.437e-16
5204.075 1.4128e-16
5205.6 1.3507e-16
5207.125 1.6206e-16
5208.65 1.7207e-16
5210.175 1.6446e-16
5211.7 1.3985e-16
5213.225 1.2065e-16
5214.75 1.4149e-16
5216.275 1.345e-16
5217.8 1.3228e-16
5219.325 1.248e-16
5220.85 1.3156e-16
5222.375 1.4127e-16
5223.9 1.3755e-16
5225.425 1.44e-16
5226.95 1.2221e-16
5228.475 1.3141e-16
5230.0 1.4171e-16
5231.525 1.3136e-16
5233.05 1.2776e-16
5234.575 1.2736e-16
5236.1 1.2519e-16
5237.625 1.4148e-16
5239.15 1.3883e-16
5240.675 1.4294e-16
5242.2 1.3664e-16
5243.725 1.3466e-16
5245.25 1.3218e-16
5246.775 1.4719e-16
5248.3 1.4719e-16
5249.825 1.5998e-16
5251.35 1.4469e-16
5252.875 1.3376e-16
5254.4 1.4841e-16
5255.925 1.6944e-16
5257.45 2.18e-16
5258.975 2.1631e-16
5260.5 1.9612e-16
5262.025 1.7725e-16
5263.55 1.5174e-16
5265.075 1.3584e-16
5266.6 1.1731e-16
5268.125 1.4181e-16
5269.65 1.6043e-16
5271.175 1.3968e-16
5272.7 1.4829e-16
5274.225 1.3989e-16
5275.75 1.2437e-16
5277.275 1.4247e-16
5278.8 1.5757e-16
5280.325 1.485e-16
5281.85 1.4667e-16
5283.375 1.3779e-16
5284.9 1.4585e-16
5286.425 1.4866e-16
5287.95 1.4835e-16
5289.475 1.5503e-16
5291.0 1.4846e-16
5292.525 1.4923e-16
5294.05 1.5646e-16
5295.575 1.4997e-16
5297.1 1.3513e-16
5298.625 1.3005e-16
5300.15 1.6006e-16
5301.675 1.4388e-16
5303.2 1.4195e-16
5304.725 1.4011e-16
5306.25 1.4047e-16
5307.775 1.3936e-16
5309.3 1.4608e-16
5310.825 1.5064e-16
5312.35 1.4381e-16
5313.875 1.3331e-16
5315.4 1.409e-16
5316.925 1.2267e-16
5318.45 1.1176e-16
5319.975 1.1726e-16
5321.5 1.3655e-16
5323.025 1.4215e-16
5324.55 1.3515e-16
5326.075 1.2963e-16
5327.6 1.2482e-16
5329.125 1.3565e-16
5330.65 1.2542e-16
5332.175 1.2835e-16
5333.7 1.2367e-16
5335.225 1.2482e-16
5336.75 1.3028e-16
5338.275 1.2694e-16
5339.8 1.1676e-16
5341.325 1.172e-16
5342.85 1.1126e-16
5344.375 1.0277e-16
5345.9 1.1281e-16
5347.425 1.0843e-16
5348.95 1.2119e-16
5350.475 1.4504e-16
5352.0 1.185e-16
5353.525 1.065e-16
5355.05 1.1601e-16
5356.575 1.1496e-16
5358.1 1.0546e-16
5359.625 1.1264e-16
5361.15 1.0972e-16
5362.675 1.3724e-16
5364.2 1.2277e-16
5365.725 1.0636e-16
5367.25 9.7828e-17
5368.775 1.2668e-16
5370.3 1.5236e-16
5371.825 1.3665e-16
5373.35 1.3528e-16
5374.875 1.3659e-16
5376.4 1.2976e-16
5377.925 1.3567e-16
5379.45 1.3128e-16
5380.975 1.1244e-16
5382.5 1.0975e-16
5384.025 1.0928e-16
5385.55 1.187e-16
5387.075 1.1961e-16
5388.6 1.1666e-16
5390.125 1.3123e-16
5391.65 1.2627e-16
5393.175 1.2989e-16
5394.7 1.4608e-16
5396.225 1.2172e-16
5397.75 1.0277e-16
5399.275 1.2759e-16
5400.8 1.2046e-16
5402.325 1.0775e-16
5403.85 1.1929e-16
5405.375 1.2012e-16
5406.9 1.3646e-16
5408.425 1.287e-16
5409.95 1.1893e-16
5411.475 1.2602e-16
5413.0 1.2717e-16
5414.525 1.2038e-16
5416.05 1.3491e-16
5417.575 1.399e-16
5419.1 1.3894e-16
5420.625 1.4641e-16
5422.15 1.3825e-16
5423.675 1.3693e-16
5425.2 1.2309e-16
5426.725 1.3062e-16
5428.25 1.2188e-16
5429.775 1.2401e-16
5431.3 1.3282e-16
5432.825 1.2723e-16
5434.35 1.3037e-16
5435.875 1.2613e-16
5437.4 1.2736e-16
5438.925 1.298e-16
5440.45 1.3621e-16
5441.975 1.4736e-16
5443.5 1.3378e-16
5445.025 1.138e-16
5446.55 1.2097e-16
5448.075 1.318e-16
5449.6 1.3507e-16
5451.125 1.1987e-16
5452.65 1.183e-16
5454.175 1.2861e-16
5455.7 1.4183e-16
5457.225 1.3714e-16
5458.75 1.3945e-16
5460.275 1.4894e-16
5461.8 1.5093e-16
5463.325 1.7582e-16
5464.85 1.4734e-16
5466.375 1.1821e-16
5467.9 1.3512e-16
5469.425 1.2068e-16
5470.95 1.207e-16
5472.475 1.3672e-16
5474.0 1.2441e-16
5475.525 1.2113e-16
5477.05 1.4931e-16
5478.575 1.3087e-16
5480.1 1.2261e-16
5481.625 1.4181e-16
5483.15 1.2799e-16
5484.675 1.2286e-16
5486.2 1.2033e-16
5487.725 1.108e-16
5489.25 1.5185e-16
5490.775 1.2282e-16
5492.3 1.2258e-16
5493.825 1.3166e-16
5495.35 1.393e-16
5496.875 1.2883e-16
5498.4 1.4606e-16
5499.925 1.2361e-16
5501.45 1.2848e-16
5502.975 1.2524e-16
5504.5 1.2124e-16
5506.025 1.1313e-16
5507.55 1.2258e-16
5509.075 1.1657e-16
5510.6 1.2373e-16
5512.125 1.4082e-16
5513.65 1.4059e-16
5515.175 1.2353e-16
5516.7 1.3004e-16
5518.225 1.3358e-16
5519.75 1.1598e-16
5521.275 1.2644e-16
5522.8 1.2513e-16
5524.325 1.2721e-16
5525.85 1.2202e-16
5527.375 1.2273e-16
5528.9 1.2819e-16
5530.425 1.2974e-16
5531.95 1.1661e-16
5533.475 1.2479e-16
5535.0 1.2627e-16
5536.525 1.2122e-16
5538.05 1.2598e-16
5539.575 1.1891e-16
5541.1 1.2729e-16
5542.625 1.2904e-16
5544.15 1.2352e-16
5545.675 1.2204e-16
5547.2 1.2931e-16
5548.725 1.3638e-16
5550.25 1.3207e-16
5551.775 1.3255e-16
5553.3 1.4987e-16
5554.825 1.4428e-16
5556.35 1.4141e-16
5557.875 1.44e-16
5559.4 1.5169e-16
5560.925 1.4149e-16
5562.45 1.3555e-16
5563.975 1.3032e-16
5565.5 1.392e-16
5567.025 1.3803e-16
5568.55 1.4108e-16
5570.075 1.4172e-16
5571.6 1.3855e-16
5573.125 1.4212e-16
5574.65 1.55e-16
5576.175 1.4394e-16
5577.7 1.4271e-16
5579.225 1.2489e-16
5580.75 1.3146e-16
5582.275 1.4433e-16
5583.8 1.3287e-16
5585.325 1.2557e-16
5586.85 1.3233e-16
5588.375 1.3447e-16
5589.9 1.3303e-16
5591.425 1.4545e-16
5592.95 1.4056e-16
5594.475 1.4113e-16
5596.0 1.4831e-16
5597.525 1.4639e-16
5599.05 1.3512e-16
5600.575 1.3306e-16
5602.1 1.3941e-16
5603.625 1.5406e-16
5605.15 1.5154e-16
5606.675 1.4988e-16
5608.2 1.4846e-16
5609.725 1.3381e-16
5611.25 1.3333e-16
5612.775 1.4451e-16
5614.3 1.4525e-16
5615.825 1.4172e-16
5617.35 1.4349e-16
5618.875 1.446e-16
5620.4 1.4502e-16
5621.925 1.4647e-16
5623.45 1.5417e-16
5624.975 1.5044e-16
5626.5 1.427e-16
5628.025 1.4063e-16
5629.55 1.376e-16
5631.075 1.5001e-16
5632.6 1.5985e-16
5634.125 1.5428e-16
5635.65 1.4569e-16
5637.175 1.4087e-16
5638.7 1.4224e-16
5640.225 1.3948e-16
5641.75 1.4055e-16
5643.275 1.337e-16
5644.8 1.4768e-16
5646.325 1.4482e-16
5647.85 1.3334e-16
5649.375 1.3867e-16
5650.9 1.3602e-16
5652.425 1.4505e-16
5653.95 1.3669e-16
5655.475 1.3818e-16
5657.0 1.6541e-16
5658.525 1.573e-16
5660.05 1.5005e-16
5661.575 1.4817e-16
5663.1 1.4893e-16
5664.625 1.4616e-16
5666.15 1.3786e-16
5667.675 1.4381e-16
5669.2 1.4839e-16
5670.725 1.3359e-16
5672.25 1.2974e-16
5673.775 1.1943e-16
5675.3 1.399e-16
5676.825 1.4631e-16
5678.35 1.4336e-16
5679.875 1.5285e-16
5681.4 1.6165e-16
5682.925 1.5169e-16
5684.45 1.4245e-16
5685.975 1.4029e-16
5687.5 1.369e-16
5689.025 1.3958e-16
5690.55 1.4844e-16
5692.075 1.5735e-16
5693.6 1.6177e-16
5695.125 1.5567e-16
5696.65 1.3421e-16
5698.175 1.3337e-16
5699.7 1.3923e-16
5701.225 1.511e-16
5702.75 1.5596e-16
5704.275 1.4333e-16
5705.8 1.3623e-16
5707.325 1.3918e-16
5708.85 1.3916e-16
5710.375 1.5072e-16
5711.9 1.5198e-16
5713.425 1.4983e-16
5714.95 1.4713e-16
5716.475 1.538e-16
5718.0 1.5816e-16
5719.525 1.4483e-16
5721.05 1.4226e-16
5722.575 1.4456e-16
5724.1 1.5136e-16
5725.625 1.512e-16
5727.15 1.3645e-16
5728.675 1.3721e-16
5730.2 1.3834e-16
5731.725 1.3561e-16
5733.25 1.3687e-16
5734.775 1.2428e-16
5736.3 1.2542e-16
5737.825 1.2903e-16
5739.35 1.3308e-16
5740.875 1.2828e-16
5742.4 1.2378e-16
5743.925 1.3061e-16
5745.45 1.3877e-16
5746.975 1.4082e-16
5748.5 1.3342e-16
5750.025 1.2518e-16
5751.55 1.2571e-16
5753.075 1.2664e-16
5754.6 1.2682e-16
5756.125 1.2818e-16
5757.65 1.3299e-16
5759.175 1.3344e-16
5760.7 1.3281e-16
5762.225 1.3423e-16
5763.75 1.3507e-16
5765.275 1.275e-16
5766.8 1.3326e-16
5768.325 1.358e-16
5769.85 1.361e-16
5771.375 1.401e-16
5772.9 1.4673e-16
5774.425 1.4294e-16
5775.95 1.3124e-16
5777.475 1.4089e-16
5779.0 1.4527e-16
5780.525 1.4447e-16
5782.05 1.4255e-16
5783.575 1.3922e-16
5785.1 1.3568e-16
5786.625 1.299e-16
5788.15 1.3464e-16
5789.675 1.43e-16
5791.2 1.4589e-16
5792.725 1.4844e-16
5794.25 1.5026e-16
5795.775 1.4901e-16
5797.3 1.4425e-16
5798.825 1.4994e-16
5800.35 1.5345e-16
5801.875 1.4425e-16
5803.4 1.352e-16
5804.925 1.3824e-16
5806.45 1.3848e-16
5807.975 1.406e-16
5809.5 1.4346e-16
5811.025 1.4687e-16
5812.55 1.4944e-16
5814.075 1.4567e-16
5815.6 1.4625e-16
5817.125 1.4731e-16
5818.65 1.4528e-16
5820.175 1.3692e-16
5821.7 1.3771e-16
5823.225 1.4549e-16
5824.75 1.4967e-16
5826.275 1.4655e-16
5827.8 1.4244e-16
5829.325 1.3569e-16
5830.85 1.3504e-16
5832.375 1.3817e-16
5833.9 1.4422e-16
5835.425 1.4574e-16
5836.95 1.3682e-16
5838.475 1.3301e-16
5840.0 1.3337e-16
5841.525 1.4127e-16
5843.05 1.4366e-16
5844.575 1.3865e-16
5846.1 1.2655e-16
5847.625 1.2846e-16
5849.15 1.3118e-16
5850.675 1.2583e-16
5852.2 1.2346e-16
5853.725 1.2668e-16
5855.25 1.3198e-16
5856.775 1.3472e-16
5858.3 1.2493e-16
5859.825 1.1969e-16
5861.35 1.3057e-16
5862.875 1.3924e-16
5864.4 1.4263e-16
5865.925 1.3537e-16
5867.45 1.2829e-16
5868.975 1.2815e-16
5870.5 1.2457e-16
5872.025 1.2143e-16
5873.55 1.196e-16
5875.075 1.1281e-16
5876.6 1.1328e-16
5878.125 1.1913e-16
5879.65 1.2406e-16
5881.175 1.1876e-16
5882.7 1.1195e-16
5884.225 1.1413e-16
5885.75 1.2241e-16
5887.275 1.3334e-16
5888.8 1.4925e-16
5890.325 1.4139e-16
5891.85 1.3393e-16
5893.375 1.3313e-16
5894.9 1.3582e-16
5896.425 1.3922e-16
5897.95 1.411e-16
5899.475 1.3458e-16
5901.0 1.2671e-16
5902.525 1.1903e-16
5904.05 1.2685e-16
5905.575 1.3312e-16
5907.1 1.2665e-16
5908.625 1.2422e-16
5910.15 1.293e-16
5911.675 1.2983e-16
5913.2 1.2848e-16
5914.725 1.2831e-16
5916.25 1.2992e-16
5917.775 1.3166e-16
5919.3 1.2589e-16
5920.825 1.3299e-16
5922.35 1.4088e-16
5923.875 1.3621e-16
5925.4 1.3669e-16
5926.925 1.3531e-16
5928.45 1.2144e-16
5929.975 1.2311e-16
5931.5 1.3862e-16
5933.025 1.3792e-16
5934.55 1.2545e-16
5936.075 1.2348e-16
5937.6 1.2826e-16
5939.125 1.2807e-16
5940.65 1.3014e-16
5942.175 1.3233e-16
5943.7 1.3001e-16
5945.225 1.316e-16
5946.75 1.2694e-16
5948.275 1.2886e-16
5949.8 1.3664e-16
5951.325 1.3207e-16
5952.85 1.3217e-16
5954.375 1.3579e-16
5955.9 1.3847e-16
5957.425 1.4018e-16
5958.95 1.3196e-16
5960.475 1.3006e-16
5962.0 1.3562e-16
5963.525 1.4173e-16
5965.05 1.3906e-16
5966.575 1.3076e-16
5968.1 1.2753e-16
5969.625 1.2347e-16
5971.15 1.1972e-16
5972.675 1.2241e-16
5974.2 1.277e-16
5975.725 1.2498e-16
5977.25 1.2528e-16
5978.775 1.3367e-16
5980.3 1.324e-16
5981.825 1.2636e-16
5983.35 1.2198e-16
5984.875 1.2529e-16
5986.4 1.2815e-16
5987.925 1.2024e-16
5989.45 1.2133e-16
5990.975 1.2766e-16
5992.5 1.3204e-16
5994.025 1.3634e-16
5995.55 1.3241e-16
5997.075 1.2189e-16
5998.6 1.2584e-16
6000.125 1.3566e-16
6001.65 1.326e-16
6003.175 1.3447e-16
6004.7 1.3357e-16
6006.225 1.302e-16
6007.75 1.2727e-16
6009.275 1.1884e-16
6010.8 1.1873e-16
6012.325 1.2449e-16
6013.85 1.2768e-16
6015.375 1.2461e-16
6016.9 1.2266e-16
6018.425 1.2741e-16
6019.95 1.2732e-16
6021.475 1.2707e-16
6023.0 1.2996e-16
6024.525 1.3345e-16
6026.05 1.3083e-16
6027.575 1.1892e-16
6029.1 1.1359e-16
6030.625 1.1904e-16
6032.15 1.1726e-16
6033.675 1.1639e-16
6035.2 1.2436e-16
6036.725 1.276e-16
6038.25 1.1528e-16
6039.775 1.1022e-16
6041.3 1.1356e-16
6042.825 1.0865e-16
6044.35 1.1532e-16
6045.875 1.2296e-16
6047.4 1.1624e-16
6048.925 1.0521e-16
6050.45 1.1029e-16
6051.975 1.2178e-16
6053.5 1.2261e-16
6055.025 1.2502e-16
6056.55 1.2896e-16
6058.075 1.2012e-16
6059.6 1.0925e-16
6061.125 1.126e-16
6062.65 1.1862e-16
6064.175 1.1138e-16
6065.7 1.1007e-16
6067.225 1.166e-16
6068.75 1.0941e-16
6070.275 1.0673e-16
6071.8 1.0932e-16
6073.325 1.0699e-16
6074.85 1.0771e-16
6076.375 1.1131e-16
6077.9 1.1153e-16
6079.425 1.0769e-16
6080.95 1.0893e-16
6082.475 1.0562e-16
6084.0 1.0559e-16
6085.525 1.0711e-16
6087.05 1.0234e-16
6088.575 1.0603e-16
6090.1 1.0694e-16
6091.625 1.0589e-16
6093.15 1.0948e-16
6094.675 1.1386e-16
6096.2 1.1201e-16
6097.725 1.0901e-16
6099.25 1.096e-16
6100.775 1.0552e-16
6102.3 1.0615e-16
6103.825 1.0942e-16
6105.35 1.0919e-16
6106.875 1.0553e-16
6108.4 1.0746e-16
6109.925 1.088e-16
6111.45 1.0507e-16
6112.975 1.0945e-16
6114.5 1.1257e-16
6116.025 1.1064e-16
6117.55 1.064e-16
6119.075 1.0508e-16
6120.6 1.1189e-16
6122.125 1.2159e-16
6123.65 1.2282e-16
6125.175 1.213e-16
6126.7 1.2012e-16
6128.225 1.1813e-16
6129.75 1.1527e-16
6131.275 1.1857e-16
6132.8 1.2808e-16
6134.325 1.2924e-16
6135.85 1.2657e-16
6137.375 1.2562e-16
6138.9 1.2298e-16
6140.425 1.2422e-16
6141.95 1.2162e-16
6143.475 1.1518e-16
6145.0 1.2058e-16
6146.525 1.2512e-16
6148.05 1.2262e-16
6149.575 1.2751e-16
6151.1 1.3143e-16
6152.625 1.2992e-16
6154.15 1.2124e-16
6155.675 1.161e-16
6157.2 1.1908e-16
6158.725 1.2331e-16
6160.25 1.2686e-16
6161.775 1.2512e-16
6163.3 1.2653e-16
6164.825 1.2936e-16
6166.35 1.3426e-16
6167.875 1.3803e-16
6169.4 1.4308e-16
6170.925 1.438e-16
6172.45 1.4237e-16
6173.975 1.4499e-16
6175.5 1.3894e-16
6177.025 1.3567e-16
6178.55 1.3516e-16
6180.075 1.3384e-16
6181.6 1.3158e-16
6183.125 1.1846e-16
6184.65 1.1444e-16
6186.175 1.1786e-16
6187.7 1.1865e-16
6189.225 1.2036e-16
6190.75 1.2485e-16
6192.275 1.2894e-16
6193.8 1.2625e-16
6195.325 1.2535e-16
6196.85 1.2099e-16
6198.375 1.2182e-16
6199.9 1.2982e-16
6201.425 1.2958e-16
6202.95 1.2609e-16
6204.475 1.2424e-16
6206.0 1.2676e-16
6207.525 1.3311e-16
6209.05 1.3447e-16
6210.575 1.3889e-16
6212.1 1.4117e-16
6213.625 1.3495e-16
6215.15 1.3188e-16
6216.675 1.277e-16
6218.2 1.2562e-16
6219.725 1.2722e-16
6221.25 1.3163e-16
6222.775 1.2918e-16
6224.3 1.2095e-16
6225.825 1.2596e-16
6227.35 1.3137e-16
6228.875 1.2982e-16
6230.4 1.2139e-16
6231.925 1.3019e-16
6233.45 1.4082e-16
6234.975 1.378e-16
6236.5 1.3194e-16
6238.025 1.2764e-16
6239.55 1.2309e-16
6241.075 1.261e-16
6242.6 1.2319e-16
6244.125 1.3138e-16
6245.65 1.3596e-16
6247.175 1.2514e-16
6248.7 1.2578e-16
6250.225 1.3517e-16
6251.75 1.2945e-16
6253.275 1.2452e-16
6254.8 1.232e-16
6256.325 1.2804e-16
6257.85 1.3368e-16
6259.375 1.2717e-16
6260.9 1.2752e-16
6262.425 1.2334e-16
6263.95 1.2099e-16
6265.475 1.2748e-16
6267.0 1.2725e-16
6268.525 1.1937e-16
6270.05 1.1965e-16
6271.575 1.2483e-16
6273.1 1.2524e-16
6274.625 1.2585e-16
6276.15 1.2569e-16
6277.675 1.2605e-16
6279.2 1.1956e-16
6280.725 1.1063e-16
6282.25 1.1082e-16
6283.775 1.1578e-16
6285.3 1.1519e-16
6286.825 1.244e-16
6288.35 1.343e-16
6289.875 1.2484e-16
6291.4 1.1585e-16
6292.925 1.1601e-16
6294.45 1.1586e-16
6295.975 1.245e-16
6297.5 1.2796e-16
6299.025 1.2083e-16
6300.55 1.3169e-16
6302.075 1.2204e-16
6303.6 1.1296e-16
6305.125 1.1197e-16
6306.65 1.1429e-16
6308.175 1.1168e-16
6309.7 1.1489e-16
6311.225 1.1586e-16
6312.75 1.1799e-16
6314.275 1.1911e-16
6315.8 1.2001e-16
6317.325 1.2454e-16
6318.85 1.1581e-16
6320.375 1.1165e-16
6321.9 1.1121e-16
6323.425 1.1194e-16
6324.95 1.1307e-16
6326.475 1.1758e-16
6328.0 1.1638e-16
6329.525 1.2356e-16
6331.05 1.2348e-16
6332.575 1.2381e-16
6334.1 1.1764e-16
6335.625 1.1053e-16
6337.15 1.1755e-16
6338.675 1.1963e-16
6340.2 1.1546e-16
6341.725 1.1517e-16
6343.25 1.2144e-16
6344.775 1.2941e-16
6346.3 1.2521e-16
6347.825 1.2336e-16
6349.35 1.1993e-16
6350.875 1.1957e-16
6352.4 1.2512e-16
6353.925 1.2286e-16
6355.45 1.122e-16
6356.975 1.077e-16
6358.5 1.1577e-16
6360.025 1.1936e-16
6361.55 1.1063e-16
6363.075 1.0769e-16
6364.6 1.1692e-16
6366.125 1.1837e-16
6367.65 1.1562e-16
6369.175 1.1692e-16
6370.7 1.1502e-16
6372.225 1.1169e-16
6373.75 1.1882e-16
6375.275 1.1635e-16
6376.8 1.1769e-16
6378.325 1.209e-16
6379.85 1.1812e-16
6381.375 1.1546e-16
6382.9 1.1088e-16
6384.425 1.108e-16
6385.95 1.1113e-16
6387.475 1.1257e-16
6389.0 1.1676e-16
6390.525 1.1945e-16
6392.05 1.1287e-16
6393.575 1.1213e-16
6395.1 1.1479e-16
6396.625 1.1266e-16
6398.15 1.1595e-16
6399.675 1.1738e-16
6401.2 1.2142e-16
6402.725 1.2538e-16
6404.25 1.1909e-16
6405.775 1.1261e-16
6407.3 1.1867e-16
6408.825 1.2267e-16
6410.35 1.2094e-16
6411.875 1.1742e-16
6413.4 1.1884e-16
6414.925 1.1894e-16
6416.45 1.2118e-16
6417.975 1.1707e-16
6419.5 1.2521e-16
6421.025 1.2822e-16
6422.55 1.1919e-16
6424.075 1.1622e-16
6425.6 1.1636e-16
6427.125 1.172e-16
6428.65 1.1901e-16
6430.175 1.1799e-16
6431.7 1.1973e-16
6433.225 1.195e-16
6434.75 1.1757e-16
6436.275 1.195e-16
6437.8 1.1796e-16
6439.325 1.2222e-16
6440.85 1.2991e-16
6442.375 1.2596e-16
6443.9 1.1889e-16
6445.425 1.1748e-16
6446.95 1.17e-16
6448.475 1.1849e-16
6450.0 1.1979e-16
6451.525 1.2117e-16
6453.05 1.2614e-16
6454.575 1.224e-16
6456.1 1.194e-16
6457.625 1.1688e-16
6459.15 1.136e-16
6460.675 1.1313e-16
6462.2 1.1702e-16
6463.725 1.1713e-16
6465.25 1.164e-16
6466.775 1.1418e-16
6468.3 1.1343e-16
6469.825 1.1501e-16
6471.35 1.1147e-16
6472.875 1.0804e-16
6474.4 1.0991e-16
6475.925 1.093e-16
6477.45 1.0636e-16
6478.975 1.1062e-16
6480.5 1.1517e-16
6482.025 1.1699e-16
6483.55 1.1789e-16
6485.075 1.1209e-16
6486.6 1.0661e-16
6488.125 1.0796e-16
6489.65 1.0837e-16
6491.175 1.082e-16
6492.7 1.1155e-16
6494.225 1.1453e-16
6495.75 1.1193e-16
6497.275 1.1252e-16
6498.8 1.0931e-16
6500.325 1.086e-16
6501.85 1.092e-16
6503.375 1.1219e-16
6504.9 1.2271e-16
6506.425 1.2487e-16
6507.95 1.1745e-16
6509.475 1.119e-16
6511.0 1.1131e-16
6512.525 1.1207e-16
6514.05 1.1967e-16
6515.575 1.2424e-16
6517.1 1.2386e-16
6518.625 1.1957e-16
6520.15 1.1589e-16
6521.675 1.1546e-16
6523.2 1.1679e-16
6524.725 1.1471e-16
6526.25 1.1178e-16
6527.775 1.1506e-16
6529.3 1.1882e-16
6530.825 1.1837e-16
6532.35 1.2419e-16
6533.875 1.2743e-16
6535.4 1.2012e-16
6536.925 1.2023e-16
6538.45 1.1923e-16
6539.975 1.1414e-16
6541.5 1.1808e-16
6543.025 1.2638e-16
6544.55 1.2736e-16
6546.075 1.185e-16
6547.6 1.1539e-16
6549.125 1.252e-16
6550.65 1.2604e-16
6552.175 1.198e-16
6553.7 1.241e-16
6555.225 1.2689e-16
6556.75 1.2747e-16
6558.275 1.3005e-16
6559.8 1.3785e-16
6561.325 1.5437e-16
6562.85 1.5873e-16
6564.375 1.5156e-16
6565.9 1.4464e-16
6567.425 1.4034e-16
6568.95 1.4055e-16
6570.475 1.2804e-16
6572.0 1.167e-16
6573.525 1.1796e-16
6575.05 1.2207e-16
6576.575 1.24e-16
6578.1 1.1974e-16
6579.625 1.1843e-16
6581.15 1.1611e-16
6582.675 1.1585e-16
6584.2 1.1541e-16
6585.725 1.142e-16
6587.25 1.1288e-16
6588.775 1.1335e-16
6590.3 1.0971e-16
6591.825 1.1227e-16
6593.35 1.1808e-16
6594.875 1.0927e-16
6596.4 1.0464e-16
6597.925 1.1378e-16
6599.45 1.1509e-16
6600.975 1.1041e-16
6602.5 1.1036e-16
6604.025 1.115e-16
6605.55 1.0612e-16
6607.075 1.0817e-16
6608.6 1.1367e-16
6610.125 1.1527e-16
6611.65 1.1666e-16
6613.175 1.2062e-16
6614.7 1.2575e-16
6616.225 1.2895e-16
6617.75 1.2139e-16
6619.275 1.1198e-16
6620.8 1.1226e-16
6622.325 1.1428e-16
6623.85 1.0709e-16
6625.375 1.0415e-16
6626.9 1.0808e-16
6628.425 1.0924e-16
6629.95 1.018e-16
6631.475 1.0634e-16
6633.0 1.1292e-16
6634.525 1.1299e-16
6636.05 1.0789e-16
6637.575 1.0274e-16
6639.1 1.0872e-16
6640.625 1.1143e-16
6642.15 1.0881e-16
6643.675 1.0221e-16
6645.2 1.0443e-16
6646.725 1.1197e-16
6648.25 1.125e-16
6649.775 1.0762e-16
6651.3 1.0282e-16
6652.825 1.0099e-16
6654.35 9.9521e-17
6655.875 1.027e-16
6657.4 1.0905e-16
6658.925 1.0781e-16
6660.45 1.0431e-16
6661.975 1.0241e-16
6663.5 1.0609e-16
6665.025 1.0953e-16
6666.55 1.0527e-16
6668.075 1.0171e-16
6669.6 1.0131e-16
6671.125 1.0255e-16
6672.65 1.035e-16
6674.175 9.7829e-17
6675.7 1.0084e-16
6677.225 9.6916e-17
6678.75 9.6497e-17
6680.275 1.0428e-16
6681.8 1.0564e-16
6683.325 9.7953e-17
6684.85 9.9696e-17
6686.375 1.0363e-16
6687.9 1.0279e-16
6689.425 1.0122e-16
6690.95 1.056e-16
6692.475 1.0588e-16
6694.0 1.0525e-16
6695.525 1.0212e-16
6697.05 9.7129e-17
6698.575 9.4486e-17
6700.1 9.4774e-17
6701.625 9.4645e-17
6703.15 1.0031e-16
6704.675 1.0489e-16
6706.2 9.6348e-17
6707.725 9.4874e-17
6709.25 9.8581e-17
6710.775 9.5054e-17
6712.3 8.8483e-17
6713.825 9.1265e-17
6715.35 9.3439e-17
6716.875 9.1732e-17
6718.4 8.5235e-17
6719.925 9.2872e-17
6721.45 9.8341e-17
6722.975 9.0511e-17
6724.5 8.7849e-17
6726.025 8.5015e-17
6727.55 8.9887e-17
6729.075 9.5823e-17
6730.6 9.7053e-17
6732.125 9.077e-17
6733.65 9.0475e-17
6735.175 9.4143e-17
6736.7 9.4432e-17
6738.225 9.7617e-17
6739.75 9.961e-17
6741.275 9.1994e-17
6742.8 8.9973e-17
6744.325 9.1232e-17
6745.85 8.7954e-17
6747.375 8.8259e-17
6748.9 9.0541e-17
6750.425 9.2526e-17
6751.95 9.1572e-17
6753.475 9.2044e-17
6755.0 9.4123e-17
6756.525 9.4983e-17
6758.05 9.0358e-17
6759.575 8.759e-17
6761.1 8.763e-17
6762.625 9.0438e-17
6764.15 9.882e-17
6765.675 9.929e-17
6767.2 9.3766e-17
6768.725 9.3443e-17
6770.25 9.8891e-17
6771.775 1.0186e-16
6773.3 9.5887e-17
6774.825 8.9769e-17
6776.35 9.4196e-17
6777.875 9.7073e-17
6779.4 1.0035e-16
6780.925 1.0136e-16
6782.45 9.9688e-17
6783.975 1.0333e-16
6785.5 1.0661e-16
6787.025 1.0113e-16
6788.55 9.6257e-17
6790.075 9.8619e-17
6791.6 1.021e-16
6793.125 1.0609e-16
6794.65 1.1059e-16
6796.175 1.1197e-16
6797.7 1.0853e-16
6799.225 1.0747e-16
6800.75 1.1065e-16
6802.275 1.117e-16
6803.8 1.1412e-16
6805.325 1.1824e-16
6806.85 1.1714e-16
6808.375 1.1428e-16
6809.9 1.1716e-16
6811.425 1.1798e-16
6812.95 1.1563e-16
6814.475 1.1763e-16
6816.0 1.1936e-16
6817.525 1.2252e-16
6819.05 1.2049e-16
6820.575 1.2275e-16
6822.1 1.3266e-16
6823.625 1.3622e-16
6825.15 1.3932e-16
6826.675 1.4006e-16
6828.2 1.4146e-16
6829.725 1.4571e-16
6831.25 1.4862e-16
6832.775 1.4478e-16
6834.3 1.4287e-16
6835.825 1.4595e-16
6837.35 1.4792e-16
6838.875 1.4734e-16
6840.4 1.5485e-16
6841.925 1.5561e-16
6843.45 1.5231e-16
6844.975 1.478e-16
6846.5 1.4974e-16
6848.025 1.5227e-16
6849.55 1.5579e-16
6851.075 1.6334e-16
6852.6 1.6121e-16
6854.125 1.5446e-16
6855.65 1.5082e-16
6857.175 1.505e-16
6858.7 1.6126e-16
6860.225 1.7037e-16
6861.75 1.598e-16
6863.275 1.5393e-16
6864.8 1.5306e-16
6866.325 1.6177e-16
6867.85 1.6717e-16
6869.375 1.7009e-16
6870.9 1.797e-16
6872.425 1.8783e-16
6873.95 2.0134e-16
6875.475 2.0919e-16
6877.0 2.0471e-16
6878.525 1.8221e-16
6880.05 1.6518e-16
6881.575 1.5958e-16
6883.1 1.5704e-16
6884.625 1.6845e-16
6886.15 2.0523e-16
6887.675 2.9508e-16
6889.2 4.1036e-16
6890.725 4.9086e-16
6892.25 4.675e-16
6893.775 3.496e-16
6895.3 2.3007e-16
6896.825 1.6775e-16
6898.35 1.476e-16
6899.875 1.473e-16
6901.4 1.4382e-16
6902.925 1.4705e-16
6904.45 1.4492e-16
6905.975 1.4575e-16
6907.5 1.7077e-16
6909.025 2.0955e-16
6910.55 2.4488e-16
6912.075 2.6593e-16
6913.6 2.589e-16
6915.125 2.1924e-16
6916.65 1.6924e-16
6918.175 1.4216e-16
6919.7 1.3842e-16
6921.225 1.4584e-16
6922.75 1.5182e-16
6924.275 1.4698e-16
6925.8 1.4266e-16
6927.325 1.4109e-16
6928.85 1.4085e-16
6930.375 1.3727e-16
6931.9 1.3249e-16
6933.425 1.2882e-16
6934.95 1.3274e-16
6936.475 1.4183e-16
6938.0 1.4053e-16
6939.525 1.3845e-16
6941.05 1.3035e-16
6942.575 1.1828e-16
6944.1 1.2755e-16
6945.625 1.3972e-16
6947.15 1.3795e-16
6948.675 1.4279e-16
6950.2 1.4318e-16
6951.725 1.359e-16
6953.25 1.3092e-16
6954.775 1.2526e-16
6956.3 1.2398e-16
6957.825 1.2913e-16
6959.35 1.264e-16
6960.875 1.2434e-16
6962.4 1.2936e-16
6963.925 1.2586e-16
6965.45 1.2005e-16
6966.975 1.2428e-16
6968.5 1.3116e-16
6970.025 1.2282e-16
6971.55 1.1761e-16
6973.075 1.2028e-16
6974.6 1.1938e-16
6976.125 1.2567e-16
6977.65 1.3575e-16
6979.175 1.3686e-16
6980.7 1.266e-16
6982.225 1.1826e-16
6983.75 1.2008e-16
6985.275 1.2651e-16
6986.8 1.2749e-16
6988.325 1.2038e-16
6989.85 1.1439e-16
6991.375 1.1674e-16
6992.9 1.2469e-16
6994.425 1.2312e-16
6995.95 1.1638e-16
6997.475 1.1089e-16
6999.0 1.0723e-16
7000.525 1.1682e-16
7002.05 1.1839e-16
7003.575 1.1074e-16
7005.1 1.1404e-16
7006.625 1.1446e-16
7008.15 1.1401e-16
7009.675 1.2043e-16
7011.2 1.2734e-16
7012.725 1.2517e-16
7014.25 1.1627e-16
7015.775 1.163e-16
7017.3 1.1744e-16
7018.825 1.1261e-16
7020.35 1.1018e-16
7021.875 1.1202e-16
7023.4 1.1524e-16
7024.925 1.1703e-16
7026.45 1.1624e-16
7027.975 1.1579e-16
7029.5 1.1564e-16
7031.025 1.1242e-16
7032.55 1.108e-16
7034.075 1.0975e-16
7035.6 1.0693e-16
7037.125 1.0779e-16
7038.65 1.1253e-16
7040.175 1.151e-16
7041.7 1.1269e-16
7043.225 1.1195e-16
7044.75 1.1547e-16
7046.275 1.1231e-16
7047.8 1.2778e-16
7049.325 1.6388e-16
7050.85 1.8492e-16
7052.375 1.8865e-16
7053.9 1.7683e-16
7055.425 1.4463e-16
7056.95 1.25e-16
7058.475 1.1707e-16
7060.0 1.1795e-16
7061.525 1.1798e-16
7063.05 1.273e-16
7064.575 1.4928e-16
7066.1 1.6395e-16
7067.625 1.5982e-16
7069.15 1.4645e-16
7070.675 1.2703e-16
7072.2 1.168e-16
7073.725 1.1694e-16
7075.25 1.1548e-16
7076.775 1.1032e-16
7078.3 1.0752e-16
7079.825 1.1283e-16
7081.35 1.1376e-16
7082.875 1.0806e-16
7084.4 1.0805e-16
7085.925 1.121e-16
7087.45 1.1166e-16
7088.975 1.0519e-16
7090.5 1.0682e-16
7092.025 1.1185e-16
7093.55 1.0657e-16
7095.075 1.0546e-16
7096.6 1.0565e-16
7098.125 1.0611e-16
7099.65 1.1215e-16
7101.175 1.1359e-16
7102.7 1.1301e-16
7104.225 1.0898e-16
7105.75 1.1001e-16
7107.275 1.1223e-16
7108.8 1.1008e-16
7110.325 1.139e-16
7111.85 1.115e-16
7113.375 1.1048e-16
7114.9 1.1184e-16
7116.425 1.0536e-16
7117.95 1.026e-16
7119.475 1.0481e-16
7121.0 1.1104e-16
7122.525 1.1441e-16
7124.05 1.1073e-16
7125.575 1.0511e-16
7127.1 1.0637e-16
7128.625 1.051e-16
7130.15 1.0518e-16
7131.675 1.1342e-16
7133.2 1.1413e-16
7134.725 1.0887e-16
7136.25 1.0693e-16
7137.775 1.1261e-16
7139.3 1.1436e-16
7140.825 1.1178e-16
7142.35 1.0858e-16
7143.875 1.0619e-16
7145.4 1.112e-16
7146.925 1.1655e-16
7148.45 1.1624e-16
7149.975 1.1103e-16
7151.5 1.0716e-16
7153.025 1.0757e-16
7154.55 1.1048e-16
7156.075 1.1246e-16
7157.6 1.1262e-16
7159.125 1.1246e-16
7160.65 1.0932e-16
7162.175 1.0569e-16
7163.7 1.0541e-16
7165.225 1.1034e-16
7166.75 1.1318e-16
7168.275 1.0947e-16
7169.8 1.072e-16
7171.325 1.131e-16
7172.85 1.1466e-16
7174.375 1.0864e-16
7175.9 1.0951e-16
7177.425 1.1031e-16
7178.95 1.0703e-16
7180.475 1.0323e-16
7182.0 1.0186e-16
7183.525 1.06e-16
7185.05 1.0871e-16
7186.575 1.0744e-16
7188.1 1.0781e-16
7189.625 1.0683e-16
7191.15 1.0521e-16
7192.675 1.0609e-16
7194.2 1.0693e-16
7195.725 1.0713e-16
7197.25 1.0472e-16
7198.775 1.0243e-16
7200.3 1.0173e-16
7201.825 1.0074e-16
7203.35 1.0405e-16
7204.875 1.0925e-16
7206.4 1.1081e-16
7207.925 1.1197e-16
7209.45 1.0822e-16
7210.975 1.043e-16
7212.5 1.0702e-16
7214.025 1.0979e-16
7215.55 1.1215e-16
7217.075 1.1066e-16
7218.6 1.1056e-16
7220.125 1.0944e-16
7221.65 1.1576e-16
7223.175 1.1242e-16
7224.7 1.0745e-16
7226.225 1.065e-16
7227.75 1.0479e-16
7229.275 1.0897e-16
7230.8 1.0621e-16
7232.325 1.0486e-16
7233.85 1.0524e-16
7235.375 1.0533e-16
7236.9 1.1008e-16
7238.425 1.1303e-16
7239.95 1.1874e-16
7241.475 1.146e-16
7243.0 1.0893e-16
7244.525 9.96e-17
7246.05 9.6918e-17
7247.575 9.8678e-17
7249.1 9.78e-17
7250.625 9.9302e-17
7252.15 1.0378e-16
7253.675 1.0142e-16
7255.2 1.0216e-16
7256.725 1.071e-16
7258.25 1.1076e-16
7259.775 1.0821e-16
7261.3 1.0584e-16
7262.825 1.12e-16
7264.35 1.154e-16
7265.875 1.0627e-16
7267.4 1.0857e-16
7268.925 1.1255e-16
7270.45 1.0986e-16
7271.975 1.2205e-16
7273.5 1.1785e-16
7275.025 1.0331e-16
7276.55 1.0887e-16
7278.075 1.1486e-16
7279.6 1.0837e-16
7281.125 1.0257e-16
7282.65 1.0438e-16
7284.175 1.0864e-16
7285.7 1.1131e-16
7287.225 1.0448e-16
7288.75 1.0224e-16
7290.275 1.0091e-16
7291.8 1.089e-16
7293.325 1.0875e-16
7294.85 1.0753e-16
7296.375 1.0274e-16
7297.9 9.7633e-17
7299.425 1.0469e-16
7300.95 1.0838e-16
7302.475 1.0501e-16
7304.0 9.9345e-17
7305.525 9.6325e-17
7307.05 9.8836e-17
7308.575 1.0356e-16
7310.1 1.0608e-16
7311.625 1.1112e-16
7313.15 1.175e-16
7314.675 1.1676e-16
7316.2 1.1512e-16
7317.725 1.0775e-16
7319.25 9.8645e-17
7320.775 1.0141e-16
7322.3 1.0748e-16
7323.825 1.0926e-16
7325.35 1.1313e-16
7326.875 1.0959e-16
7328.4 1.0108e-16
7329.925 1.0708e-16
7331.45 1.0949e-16
7332.975 1.0213e-16
7334.5 9.8082e-17
7336.025 1.0106e-16
7337.55 1.1667e-16
7339.075 1.1757e-16
7340.6 1.1595e-16
7342.125 1.2701e-16
7343.65 1.136e-16
7345.175 1.0271e-16
7346.7 1.0533e-16
7348.225 1.104e-16
7349.75 1.1221e-16
7351.275 1.1041e-16
7352.8 1.0852e-16
7354.325 1.1185e-16
7355.85 1.1236e-16
7357.375 1.1392e-16
7358.9 1.1089e-16
7360.425 1.0427e-16
7361.95 1.0315e-16
7363.475 1.0668e-16
7365.0 1.1017e-16
7366.525 1.099e-16
7368.05 1.0819e-16
7369.575 1.1254e-16
7371.1 1.0592e-16
7372.625 9.6488e-17
7374.15 9.9142e-17
7375.675 1.0303e-16
7377.2 1.0434e-16
7378.725 1.0671e-16
7380.25 1.1238e-16
7381.775 1.104e-16
7383.3 1.0959e-16
7384.825 1.1121e-16
7386.35 1.1461e-16
7387.875 1.082e-16
7389.4 1.0792e-16
7390.925 1.0545e-16
7392.45 1.0388e-16
7393.975 1.1415e-16
7395.5 1.1181e-16
7397.025 1.1001e-16
7398.55 1.1776e-16
7400.075 1.1683e-16
7401.6 1.0645e-16
7403.125 9.9226e-17
7404.65 1.132e-16
7406.175 1.4021e-16
7407.7 1.3305e-16
7409.225 1.0596e-16
7410.75 1.0095e-16
7412.275 1.0562e-16
7413.8 1.0649e-16
7415.325 1.0515e-16
7416.85 1.0153e-16
7418.375 1.0049e-16
7419.9 9.8773e-17
7421.425 1.0169e-16
7422.95 1.0573e-16
7424.475 1.1029e-16
7426.0 1.0528e-16
7427.525 1.0206e-16
7429.05 1.0778e-16
7430.575 1.0518e-16
7432.1 9.9641e-17
7433.625 1.0381e-16
7435.15 1.0745e-16
7436.675 1.0727e-16
7438.2 1.071e-16
7439.725 1.0302e-16
7441.25 1.0585e-16
7442.775 1.0448e-16
7444.3 9.8825e-17
7445.825 1.0015e-16
7447.35 1.0128e-16
7448.875 9.7218e-17
7450.4 9.2719e-17
7451.925 9.2872e-17
7453.45 9.4162e-17
7454.975 9.5046e-17
7456.5 9.5913e-17
7458.025 9.8418e-17
7459.55 1.0018e-16
7461.075 9.8511e-17
7462.6 9.8756e-17
7464.125 9.8632e-17
7465.65 1.0055e-16
7467.175 1.0392e-16
7468.7 9.8127e-17
7470.225 9.4592e-17
7471.75 1.0084e-16
7473.275 1.0408e-16
7474.8 1.0195e-16
7476.325 9.6739e-17
7477.85 9.6171e-17
7479.375 9.8976e-17
7480.9 9.4673e-17
7482.425 9.2532e-17
7483.95 9.6413e-17
7485.475 9.9913e-17
7487.0 9.7811e-17
7488.525 9.9422e-17
7490.05 1.0595e-16
7491.575 1.0665e-16
7493.1 1.0521e-16
7494.625 1.0469e-16
7496.15 9.8793e-17
7497.675 9.3825e-17
7499.2 9.8087e-17
7500.725 9.4867e-17
7502.25 9.2009e-17
7503.775 9.5213e-17
7505.3 1.0022e-16
7506.825 9.8259e-17
7508.35 9.28e-17
7509.875 9.541e-17
7511.4 9.9145e-17
7512.925 1.0009e-16
7514.45 1.0504e-16
7515.975 1.0931e-16
7517.5 1.0148e-16
7519.025 1.024e-16
7520.55 1.1197e-16
7522.075 1.0531e-16
7523.6 1.0066e-16
7525.125 1.0015e-16
7526.65 9.6325e-17
7528.175 9.5773e-17
7529.7 9.7784e-17
7531.225 1.0734e-16
7532.75 1.0709e-16
7534.275 1.0111e-16
7535.8 9.8879e-17
7537.325 1.0062e-16
7538.85 9.9265e-17
7540.375 9.6825e-17
7541.9 9.8318e-17
7543.425 9.8691e-17
7544.95 9.6509e-17
7546.475 9.6444e-17
7548.0 9.586e-17
7549.525 9.8911e-17
7551.05 1.0055e-16
7552.575 9.9362e-17
7554.1 1.0043e-16
7555.625 1.0603e-16
7557.15 1.039e-16
7558.675 1.0185e-16
7560.2 1.044e-16
7561.725 1.0226e-16
7563.25 1.0081e-16
7564.775 9.984e-17
7566.3 9.9886e-17
7567.825 1.0543e-16
7569.35 1.1212e-16
7570.875 1.102e-16
7572.4 1.027e-16
7573.925 9.769e-17
7575.45 9.2069e-17
7576.975 9.2044e-17
7578.5 9.5234e-17
7580.025 1.012e-16
7581.55 9.8805e-17
7583.075 9.5555e-17
7584.6 9.9828e-17
7586.125 1.0193e-16
7587.65 9.976e-17
7589.175 9.7013e-17
7590.7 9.4973e-17
7592.225 9.7446e-17
7593.75 1.0106e-16
7595.275 9.8638e-17
7596.8 9.7546e-17
7598.325 9.5487e-17
7599.85 8.4429e-17
7601.375 8.494e-17
7602.9 9.6547e-17
7604.425 9.8575e-17
7605.95 1.0719e-16
7607.475 1.0692e-16
7609.0 1.0108e-16
7610.525 1.0905e-16
7612.05 1.1555e-16
7613.575 1.1605e-16
7615.1 1.1279e-16
7616.625 1.0965e-16
7618.15 1.0729e-16
7619.675 1.0585e-16
7621.2 1.0149e-16
7622.725 1.0259e-16
7624.25 1.074e-16
7625.775 1.1178e-16
7627.3 1.0979e-16
7628.825 1.1765e-16
7630.35 1.1723e-16
7631.875 9.9933e-17
7633.4 1.0084e-16
7634.925 9.9418e-17
7636.45 9.0834e-17
7637.975 9.9459e-17
7639.5 1.0427e-16
7641.025 9.5072e-17
7642.55 1.0172e-16
7644.075 1.1125e-16
7645.6 1.0909e-16
7647.125 1.083e-16
7648.65 1.0467e-16
7650.175 1.0284e-16
7651.7 1.0972e-16
7653.225 1.1202e-16
7654.75 1.0784e-16
7656.275 1.0556e-16
7657.8 1.0681e-16
7659.325 1.1665e-16
7660.85 1.1621e-16
7662.375 1.1419e-16
7663.9 1.1062e-16
7665.425 1.0275e-16
7666.95 1.0299e-16
7668.475 1.1016e-16
7670.0 1.0645e-16
7671.525 9.9634e-17
7673.05 9.9539e-17
7674.575 1.0442e-16
7676.1 1.1121e-16
7677.625 1.0854e-16
7679.15 1.038e-16
7680.675 9.8932e-17
7682.2 1.0499e-16
7683.725 1.0114e-16
7685.25 1.0546e-16
7686.775 1.1111e-16
7688.3 1.0726e-16
7689.825 1.0459e-16
7691.35 1.05e-16
7692.875 1.0451e-16
7694.4 1.0728e-16
7695.925 1.0889e-16
7697.45 1.1045e-16
7698.975 1.1068e-16
7700.5 1.1194e-16
7702.025 1.1101e-16
7703.55 1.0998e-16
7705.075 1.0269e-16
7706.6 9.6595e-17
7708.125 1.007e-16
7709.65 1.0862e-16
7711.175 1.1359e-16
7712.7 1.1222e-16
7714.225 1.111e-16
7715.75 1.1201e-16
7717.275 1.1386e-16
7718.8 1.0662e-16
7720.325 9.8497e-17
7721.85 9.9952e-17
7723.375 1.0876e-16
7724.9 1.0619e-16
7726.425 9.7851e-17
7727.95 1.0045e-16
7729.475 1.052e-16
7731.0 1.0582e-16
7732.525 1.0374e-16
7734.05 1.0924e-16
7735.575 1.1107e-16
7737.1 1.0597e-16
7738.625 1.0835e-16
7740.15 1.0683e-16
7741.675 1.0285e-16
7743.2 1.0204e-16
7744.725 1.0273e-16
7746.25 1.0889e-16
7747.775 1.0859e-16
7749.3 1.0497e-16
7750.825 1.0315e-16
7752.35 9.3971e-17
7753.875 8.9265e-17
7755.4 9.5827e-17
7756.925 1.0207e-16
7758.45 1.0408e-16
7759.975 1.0319e-16
7761.5 1.0108e-16
7763.025 1.0084e-16
7764.55 1.0031e-16
7766.075 1.0098e-16
7767.6 1.028e-16
7769.125 1.0401e-16
7770.65 1.0476e-16
7772.175 1.0299e-16
7773.7 1.0329e-16
7775.225 1.0447e-16
7776.75 1.0661e-16
7778.275 1.0737e-16
7779.8 1.0698e-16
7781.325 1.0325e-16
7782.85 9.8371e-17
7784.375 9.741e-17
7785.9 9.6978e-17
7787.425 1.0195e-16
7788.95 1.0486e-16
7790.475 1.1194e-16
7792.0 1.0334e-16
7793.525 1.0075e-16
7795.05 1.1312e-16
7796.575 1.1298e-16
7798.1 1.0497e-16
7799.625 1.0009e-16
7801.15 1.0156e-16
7802.675 1.0635e-16
7804.2 1.0779e-16
7805.725 1.0546e-16
7807.25 1.1153e-16
7808.775 1.0864e-16
7810.3 9.4774e-17
7811.825 9.0231e-17
7813.35 9.597e-17
7814.875 9.9762e-17
7816.4 1.0356e-16
7817.925 1.1097e-16
7819.45 1.1557e-16
7820.975 1.105e-16
7822.5 1.1017e-16
7824.025 1.0454e-16
7825.55 9.8454e-17
7827.075 9.8539e-17
7828.6 1.045e-16
7830.125 1.0711e-16
7831.65 9.917e-17
7833.175 9.867e-17
7834.7 9.9075e-17
7836.225 1.0203e-16
7837.75 1.1277e-16
7839.275 1.2e-16
7840.8 1.1758e-16
7842.325 1.1047e-16
7843.85 1.0791e-16
7845.375 1.0773e-16
7846.9 1.0076e-16
7848.425 1.0003e-16
7849.95 1.1229e-16
7851.475 1.1317e-16
7853.0 1.0284e-16
7854.525 9.5019e-17
7856.05 9.5475e-17
7857.575 1.0259e-16
7859.1 1.0714e-16
7860.625 1.0492e-16
7862.15 9.8056e-17
7863.675 9.6917e-17
7865.2 9.6898e-17
7866.725 1.0678e-16
7868.25 1.1786e-16
7869.775 1.1325e-16
7871.3 1.05e-16
7872.825 1.0148e-16
7874.35 9.7631e-17
7875.875 9.8674e-17
7877.4 1.0255e-16
7878.925 1.0709e-16
7880.45 1.0379e-16
7881.975 1.0754e-16
7883.5 1.007e-16
7885.025 1.0496e-16
7886.55 1.1287e-16
7888.075 1.1073e-16
7889.6 1.052e-16
7891.125 1.0947e-16
7892.65 1.0175e-16
7894.175 9.3772e-17
7895.7 9.413e-17
7897.225 9.9195e-17
7898.75 1.0524e-16
7900.275 1.0059e-16
7901.8 9.9558e-17
7903.325 9.7104e-17
7904.85 9.8475e-17
7906.375 1.0805e-16
7907.9 1.155e-16
7909.425 1.2475e-16
7910.95 1.1822e-16
7912.475 1.0829e-16
7914.0 1.151e-16
7915.525 1.0327e-16
7917.05 9.5018e-17
7918.575 9.9504e-17
7920.1 1.0617e-16
7921.625 1.0643e-16
7923.15 9.9503e-17
7924.675 1.0204e-16
7926.2 1.0815e-16
7927.725 1.118e-16
7929.25 1.0527e-16
7930.775 1.0482e-16
7932.3 9.939e-17
7933.825 9.2255e-17
7935.35 9.7072e-17
7936.875 1.0063e-16
7938.4 9.8091e-17
7939.925 1.0021e-16
7941.45 1.0643e-16
7942.975 1.0189e-16
7944.5 9.6154e-17
7946.025 1.0037e-16
7947.55 1.0035e-16
7949.075 1.0022e-16
7950.6 1.0311e-16
7952.125 1.0083e-16
7953.65 9.6277e-17
7955.175 9.52e-17
7956.7 9.828e-17
7958.225 1.0184e-16
7959.75 1.0731e-16
7961.275 1.1235e-16
7962.8 1.0793e-16
7964.325 9.9384e-17
7965.85 1.0201e-16
7967.375 9.8504e-17
7968.9 8.9841e-17
7970.425 9.4458e-17
7971.95 1.0212e-16
7973.475 1.0273e-16
7975.0 1.0265e-16
7976.525 1.0772e-16
7978.05 1.1101e-16
7979.575 1.0818e-16
7981.1 9.6398e-17
7982.625 9.0952e-17
7984.15 9.4106e-17
7985.675 9.541e-17
7987.2 9.5097e-17
7988.725 1.0789e-16
7990.25 1.0977e-16
7991.775 1.0177e-16
7993.3 1.1465e-16
7994.825 1.0974e-16
7996.35 9.0035e-17
7997.875 8.7473e-17
7999.4 9.3102e-17
8000.925 9.3098e-17
8002.45 9.195e-17
8003.975 9.1845e-17
8005.5 9.6147e-17
8007.025 9.5669e-17
8008.55 9.8059e-17
8010.075 1.0134e-16
8011.6 9.8205e-17
8013.125 8.7592e-17
8014.65 8.9767e-17
8016.175 9.2778e-17
8017.7 9.549e-17
8019.225 1.0012e-16
8020.75 9.596e-17
8022.275 1.0046e-16
8023.8 1.0501e-16
8025.325 1.0476e-16
8026.85 1.0621e-16
8028.375 9.9347e-17
8029.9 9.73e-17
8031.425 1.0082e-16
8032.95 9.8713e-17
8034.475 9.4018e-17
8036.0 9.3781e-17
8037.525 9.7491e-17
8039.05 9.778e-17
8040.575 9.0583e-17
8042.1 9.5955e-17
8043.625 9.5665e-17
8045.15 8.8376e-17
8046.675 9.0466e-17
8048.2 9.5987e-17
8049.725 9.7566e-17
8051.25 1.0286e-16
8052.775 1.0261e-16
8054.3 1.0069e-16
8055.825 9.8206e-17
8057.35 1.0135e-16
8058.875 1.068e-16
8060.4 1.0248e-16
8061.925 9.6875e-17
8063.45 9.6825e-17
8064.975 8.5986e-17
8066.5 8.3323e-17
8068.025 9.1089e-17
8069.55 9.3057e-17
8071.075 8.9274e-17
8072.6 8.4203e-17
8074.125 8.5319e-17
8075.65 8.9046e-17
8077.175 9.0167e-17
8078.7 9.1072e-17
8080.225 9.4217e-17
8081.75 9.1361e-17
8083.275 8.7329e-17
8084.8 8.9984e-17
8086.325 9.2045e-17
8087.85 9.1989e-17
8089.375 9.0241e-17
8090.9 8.9123e-17
8092.425 8.7707e-17
8093.95 9.1538e-17
8095.475 9.569e-17
8097.0 8.9951e-17
8098.525 8.7553e-17
8100.05 9.1536e-17
8101.575 9.3247e-17
8103.1 9.3861e-17
8104.625 9.5642e-17
8106.15 1.0071e-16
8107.675 1.0302e-16
8109.2 9.6126e-17
8110.725 9.3577e-17
8112.25 9.4535e-17
8113.775 9.4955e-17
8115.3 9.504e-17
8116.825 9.3619e-17
8118.35 9.5213e-17
8119.875 9.7815e-17
8121.4 9.9788e-17
8122.925 1.013e-16
8124.45 1.0251e-16
8125.975 9.8305e-17
8127.5 9.5594e-17
8129.025 9.3408e-17
8130.55 9.8255e-17
8132.075 1.0251e-16
8133.6 9.9439e-17
8135.125 9.53e-17
8136.65 9.5376e-17
8138.175 1.0352e-16
8139.7 9.7208e-17
8141.225 9.5692e-17
8142.75 1.023e-16
8144.275 1.0675e-16
8145.8 1.0611e-16
8147.325 1.0624e-16
8148.85 1.0258e-16
8150.375 9.7844e-17
8151.9 9.8316e-17
8153.425 1.041e-16
8154.95 1.0257e-16
8156.475 9.7386e-17
8158.0 9.4984e-17
8159.525 9.4471e-17
8161.05 9.5018e-17
8162.575 1.0017e-16
8164.1 1.0197e-16
8165.625 9.3474e-17
8167.15 9.1804e-17
8168.675 9.5586e-17
8170.2 1.006e-16
8171.725 1.0239e-16
8173.25 1.0135e-16
8174.775 1.0388e-16
8176.3 1.0207e-16
8177.825 9.2698e-17
8179.35 8.9117e-17
8180.875 9.8151e-17
8182.4 9.8745e-17
8183.925 9.411e-17
8185.45 9.5135e-17
8186.975 9.1977e-17
8188.5 9.1829e-17
8190.025 9.6737e-17
8191.55 1.0183e-16
8193.075 9.8421e-17
8194.6 8.9865e-17
8196.125 8.9986e-17
8197.65 9.427e-17
8199.175 9.2886e-17
8200.7 8.9194e-17
8202.225 9.1311e-17
8203.75 9.4046e-17
8205.275 9.8103e-17
8206.8 1.0232e-16
8208.325 1.0141e-16
8209.85 9.5873e-17
8211.375 9.53e-17
8212.9 9.6757e-17
8214.425 9.4578e-17
8215.95 9.3383e-17
8217.475 8.7938e-17
8219.0 8.7303e-17
8220.525 9.0853e-17
8222.05 9.2489e-17
8223.575 9.7658e-17
8225.1 1.0021e-16
8226.625 9.5933e-17
8228.15 9.1725e-17
8229.675 9.5601e-17
8231.2 9.5245e-17
8232.725 9.7265e-17
8234.25 9.7367e-17
8235.775 9.4526e-17
8237.3 9.3742e-17
8238.825 9.3272e-17
8240.35 9.8252e-17
8241.875 1.0149e-16
8243.4 9.9913e-17
8244.925 9.5571e-17
8246.45 9.1086e-17
8247.975 9.017e-17
8249.5 9.5759e-17
8251.025 9.5994e-17
8252.55 9.323e-17
8254.075 9.845e-17
8255.6 9.8003e-17
8257.125 9.2453e-17
8258.65 9.2074e-17
8260.175 9.4309e-17
8261.7 9.3259e-17
8263.225 9.0436e-17
8264.75 9.3067e-17
8266.275 9.7807e-17
8267.8 9.2287e-17
8269.325 8.9149e-17
8270.85 9.4142e-17
8272.375 9.7729e-17
8273.9 9.7553e-17
8275.425 9.3561e-17
8276.95 9.9964e-17
8278.475 1.0723e-16
8280.0 1.009e-16
8281.525 9.4959e-17
8283.05 9.2889e-17
8284.575 8.7876e-17
8286.1 8.4763e-17
8287.625 9.5821e-17
8289.15 1.0564e-16
8290.675 9.1903e-17
8292.2 8.6923e-17
8293.725 1.0114e-16
8295.25 1.0513e-16
8296.775 9.7964e-17
8298.3 9.3999e-17
8299.825 9.4961e-17
8301.35 9.6736e-17
8302.875 9.1982e-17
8304.4 8.7336e-17
8305.925 9.143e-17
8307.45 9.6644e-17
8308.975 1.0117e-16
8310.5 1.0231e-16
8312.025 9.3954e-17
8313.55 8.8393e-17
8315.075 8.9258e-17
8316.6 8.8279e-17
8318.125 9.0128e-17
8319.65 9.3662e-17
8321.175 9.3355e-17
8322.7 9.1402e-17
8324.225 9.3644e-17
8325.75 9.6158e-17
8327.275 9.8709e-17
8328.8 9.3983e-17
8330.325 9.1324e-17
8331.85 9.3818e-17
8333.375 9.085e-17
8334.9 9.1676e-17
8336.425 9.0773e-17
8337.95 8.719e-17
8339.475 9.9362e-17
8341.0 1.2007e-16
8342.525 1.1326e-16
8344.05 1.0152e-16
8345.575 9.4365e-17
8347.1 8.4514e-17
8348.625 8.5614e-17
8350.15 9.7935e-17
8351.675 8.9828e-17
8353.2 8.9809e-17
8354.725 1.0008e-16
8356.25 9.3127e-17
8357.775 9.0855e-17
8359.3 9.6583e-17
8360.825 1.0698e-16
8362.35 1.0304e-16
8363.875 9.3418e-17
8365.4 9.2006e-17
8366.925 9.259e-17
8368.45 8.9766e-17
8369.975 9.4194e-17
8371.5 9.7833e-17
8373.025 9.4416e-17
8374.55 9.4464e-17
8376.075 9.7299e-17
8377.6 1.059e-16
8379.125 1.1429e-16
8380.65 1.0629e-16
8382.175 1.0016e-16
8383.7 1.0109e-16
8385.225 9.4739e-17
8386.75 8.9004e-17
8388.275 9.4543e-17
8389.8 9.9522e-17
8391.325 9.6601e-17
8392.85 9.1566e-17
8394.375 9.8522e-17
8395.9 1.1449e-16
8397.425 1.0623e-16
8398.95 9.2191e-17
8400.475 9.1736e-17
8402.0 8.794e-17
8403.525 8.586e-17
8405.05 8.883e-17
8406.575 9.1045e-17
8408.1 9.2265e-17
8409.625 9.618e-17
8411.15 1.0167e-16
8412.675 9.8067e-17
8414.2 9.3295e-17
8415.725 9.8333e-17
8417.25 1.0035e-16
8418.775 9.8227e-17
8420.3 9.9306e-17
8421.825 9.7681e-17
8423.35 9.3073e-17
8424.875 9.1229e-17
8426.4 1.0388e-16
8427.925 1.1442e-16
8429.45 1.0289e-16
8430.975 1.0698e-16
8432.5 1.1675e-16
8434.025 9.8525e-17
8435.55 9.5133e-17
8437.075 1.0112e-16
8438.6 9.8944e-17
8440.125 9.9468e-17
8441.65 1.0058e-16
8443.175 9.8346e-17
8444.7 9.7324e-17
8446.225 9.7094e-17
8447.75 9.9092e-17
8449.275 1.0607e-16
8450.8 1.0242e-16
8452.325 9.4134e-17
8453.85 1.0127e-16
8455.375 9.4923e-17
8456.9 8.7626e-17
8458.425 9.4458e-17
8459.95 1.0074e-16
8461.475 1.0207e-16
8463.0 1.0574e-16
8464.525 1.0786e-16
8466.05 1.1118e-16
8467.575 9.943e-17
8469.1 8.8188e-17
8470.625 8.9439e-17
8472.15 9.2205e-17
8473.675 9.2481e-17
8475.2 9.2669e-17
8476.725 9.0456e-17
8478.25 9.1513e-17
8479.775 9.223e-17
8481.3 9.2922e-17
8482.825 1.0014e-16
8484.35 1.032e-16
8485.875 9.8614e-17
8487.4 9.7296e-17
8488.925 1.0606e-16
8490.45 1.0598e-16
8491.975 9.9492e-17
8493.5 9.7634e-17
8495.025 1.0028e-16
8496.55 9.5889e-17
8498.075 9.0419e-17
8499.6 9.691e-17
8501.125 1.0669e-16
8502.65 9.3723e-17
8504.175 9.3067e-17
8505.7 1.0669e-16
8507.225 9.0397e-17
8508.75 7.9699e-17
8510.275 9.0381e-17
8511.8 9.3926e-17
8513.325 9.7931e-17
8514.85 1.066e-16
8516.375 1.0448e-16
8517.9 9.3692e-17
8519.425 9.3181e-17
8520.95 1.0071e-16
8522.475 1.0114e-16
8524.0 9.9163e-17
8525.525 1.0065e-16
8527.05 1.0111e-16
8528.575 1.0256e-16
8530.1 1.0444e-16
8531.625 9.8962e-17
8533.15 9.0486e-17
8534.675 9.8167e-17
8536.2 1.0612e-16
8537.725 1.0187e-16
8539.25 1.0161e-16
8540.775 1.02e-16
8542.3 9.7385e-17
8543.825 1.017e-16
8545.35 1.0609e-16
8546.875 1.0562e-16
8548.4 1.0369e-16
8549.925 1.002e-16
8551.45 9.2693e-17
8552.975 9.0312e-17
8554.5 9.3297e-17
8556.025 9.2665e-17
8557.55 9.5436e-17
8559.075 9.3658e-17
8560.6 9.4089e-17
8562.125 9.6105e-17
8563.65 9.7647e-17
8565.175 9.6783e-17
8566.7 9.6208e-17
8568.225 9.7134e-17
8569.75 9.8662e-17
8571.275 9.6423e-17
8572.8 9.5331e-17
8574.325 9.8734e-17
8575.85 1.0187e-16
8577.375 9.9674e-17
8578.9 9.9741e-17
8580.425 1.0349e-16
8581.95 1.0063e-16
8583.475 1.0041e-16
8585.0 1.0328e-16
8586.525 9.7158e-17
8588.05 9.57e-17
8589.575 1.0208e-16
8591.1 1.0273e-16
8592.625 9.8734e-17
8594.15 9.7836e-17
8595.675 9.5321e-17
8597.2 9.7014e-17
8598.725 9.5121e-17
8600.25 9.3897e-17
8601.775 1.0192e-16
8603.3 9.9639e-17
8604.825 9.1162e-17
8606.35 9.2381e-17
8607.875 9.6281e-17
8609.4 9.2198e-17
8610.925 9.3698e-17
8612.45 9.8844e-17
8613.975 9.7177e-17
8615.5 9.7357e-17
8617.025 1.0102e-16
8618.55 9.9845e-17
8620.075 9.5046e-17
8621.6 1.0295e-16
8623.125 1.1232e-16
8624.65 1.0343e-16
8626.175 9.8747e-17
8627.7 9.8376e-17
8629.225 9.6057e-17
8630.75 1.0439e-16
8632.275 1.0849e-16
8633.8 1.056e-16
8635.325 1.0349e-16
8636.85 1.0542e-16
8638.375 1.0431e-16
8639.9 1.0138e-16
8641.425 9.5856e-17
8642.95 9.7098e-17
8644.475 9.9194e-17
8646.0 1.0147e-16
8647.525 1.0613e-16
8649.05 9.9887e-17
8650.575 1.016e-16
8652.1 1.0567e-16
8653.625 1.009e-16
8655.15 9.7088e-17
8656.675 9.9306e-17
8658.2 9.9182e-17
8659.725 1.0058e-16
8661.25 9.8584e-17
8662.775 9.2534e-17
8664.3 9.8961e-17
8665.825 1.0312e-16
8667.35 1.0146e-16
8668.875 1.0095e-16
8670.4 1.0285e-16
8671.925 9.5805e-17
8673.45 8.9389e-17
8674.975 1.008e-16
8676.5 1.0863e-16
8678.025 9.5778e-17
8679.55 9.3744e-17
8681.075 1.0365e-16
8682.6 1.0702e-16
8684.125 1.0342e-16
8685.65 1.071e-16
8687.175 1.0332e-16
8688.7 9.9451e-17
8690.225 9.8096e-17
8691.75 9.7562e-17
8693.275 9.857e-17
8694.8 9.7239e-17
8696.325 9.7833e-17
8697.85 9.7411e-17
8699.375 9.121e-17
8700.9 9.1257e-17
8702.425 9.4689e-17
8703.95 9.657e-17
8705.475 9.2995e-17
8707.0 9.1206e-17
8708.525 9.632e-17
8710.05 9.4659e-17
8711.575 9.0671e-17
8713.1 9.1006e-17
8714.625 9.1554e-17
8716.15 9.566e-17
8717.675 9.5754e-17
8719.2 8.7707e-17
8720.725 8.7442e-17
8722.25 9.061e-17
8723.775 8.4273e-17
8725.3 8.094e-17
8726.825 8.5759e-17
8728.35 9.0674e-17
8729.875 9.0146e-17
8731.4 8.7392e-17
8732.925 9.1689e-17
8734.45 9.267e-17
8735.975 8.5605e-17
8737.5 8.2495e-17
8739.025 8.4482e-17
8740.55 8.3588e-17
8742.075 8.1761e-17
8743.6 8.27e-17
8745.125 7.6403e-17
8746.65 7.2797e-17
8748.175 7.9586e-17
8749.7 8.3768e-17
8751.225 8.0582e-17
8752.75 7.8978e-17
8754.275 8.257e-17
8755.8 8.1335e-17
8757.325 8.8128e-17
8758.85 9.9752e-17
8760.375 8.393e-17
8761.9 6.8951e-17
8763.425 7.4964e-17
8764.95 8.7835e-17
8766.475 8.9664e-17
8768.0 8.2553e-17
8769.525 6.7957e-17
8771.05 5.6413e-17
8772.575 6.9642e-17
8774.1 8.3426e-17
8775.625 9.2871e-17
8777.15 8.9582e-17
8778.675 8.8591e-17
8780.2 7.9842e-17
8781.725 6.8543e-17
8783.25 7.1107e-17
8784.775 7.869e-17
8786.3 8.5445e-17
8787.825 9.4993e-17
8789.35 8.7669e-17
8790.875 8.9237e-17
8792.4 9.5058e-17
8793.925 7.9574e-17
8795.45 7.3724e-17
8796.975 8.3509e-17
8798.5 9.1121e-17
8800.025 8.8962e-17
8801.55 8.5514e-17
8803.075 8.5501e-17
8804.6 8.2464e-17
8806.125 8.2201e-17
8807.65 8.4259e-17
8809.175 8.3367e-17
8810.7 8.4272e-17
8812.225 8.8422e-17
8813.75 8.8832e-17
8815.275 8.1615e-17
8816.8 7.4361e-17
8818.325 7.6128e-17
8819.85 7.9849e-17
8821.375 8.2959e-17
8822.9 1.1601e-16
8824.425 1.3002e-16
8825.95 1.0011e-16
8827.475 1.0525e-16
8829.0 9.5239e-17
8830.525 5.6955e-17
8832.05 8.2196e-17
8833.575 1.1616e-16
8835.1 1.0297e-16
8836.625 9.995e-17
8838.15 1.0064e-16
8839.675 7.2651e-17
8841.2 6.8988e-17
8842.725 7.9173e-17
8844.25 9.1093e-17
8845.775 1.0002e-16
8847.3 9.7023e-17
8848.825 9.3554e-17
8850.35 9.4746e-17
8851.875 9.8234e-17
8853.4 9.0763e-17
8854.925 9.1272e-17
8856.45 9.5146e-17
8857.975 9.3347e-17
8859.5 9.0578e-17
8861.025 8.8715e-17
8862.55 9.305e-17
8864.075 1.0642e-16
8865.6 1.1076e-16
8867.125 9.5546e-17
8868.65 8.5191e-17
8870.175 8.3592e-17
8871.7 9.132e-17
8873.225 9.7679e-17
8874.75 9.6793e-17
8876.275 9.2577e-17
8877.8 9.1808e-17
8879.325 8.3038e-17
8880.85 8.5014e-17
8882.375 1.2169e-16
8883.9 1.0847e-16
8885.425 8.5363e-17
8886.95 1.0265e-16
8888.475 8.7328e-17
8890.0 7.9888e-17
8891.525 8.8752e-17
8893.05 1.0102e-16
8894.575 1.046e-16
8896.1 9.9831e-17
8897.625 1.0104e-16
8899.15 1.2122e-16
8900.675 1.2728e-16
8902.2 1.1889e-16
8903.725 1.1685e-16
8905.25 1.0281e-16
8906.775 8.9884e-17
8908.3 9.4476e-17
8909.825 1.0272e-16
8911.35 1.0249e-16
8912.875 9.1261e-17
8914.4 9.0759e-17
8915.925 1.2506e-16
8917.45 1.3724e-16
8918.975 1.139e-16
8920.5 1.0401e-16
8922.025 8.6008e-17
8923.55 7.0903e-17
8925.075 7.918e-17
8926.6 8.9762e-17
8928.125 9.6125e-17
8929.65 1.0193e-16
8931.175 1.006e-16
8932.7 9.0409e-17
8934.225 9.206e-17
8935.75 1.0063e-16
8937.275 9.7581e-17
8938.8 1.0412e-16
8940.325 1.2315e-16
8941.85 1.2165e-16
8943.375 1.0228e-16
8944.9 8.4571e-17
8946.425 8.0846e-17
8947.95 8.3912e-17
8949.475 8.9085e-17
8951.0 8.7709e-17
8952.525 8.2779e-17
8954.05 1.028e-16
8955.575 1.2989e-16
8957.1 1.2595e-16
8958.625 1.282e-16
8960.15 1.0995e-16
8961.675 7.3275e-17
8963.2 8.4891e-17
8964.725 8.825e-17
8966.25 7.3088e-17
8967.775 6.7207e-17
8969.3 6.6405e-17
8970.825 7.1559e-17
8972.35 7.9014e-17
8973.875 9.0163e-17
8975.4 9.4106e-17
8976.925 9.1403e-17
8978.45 9.4102e-17
8979.975 9.687e-17
8981.5 9.6781e-17
8983.025 9.9544e-17
8984.55 1.1089e-16
8986.075 1.1073e-16
8987.6 1.0395e-16
8989.125 1.1177e-16
8990.65 1.0445e-16
8992.175 9.5253e-17
8993.7 9.2106e-17
8995.225 9.9923e-17
8996.75 1.1753e-16
8998.275 1.2623e-16
8999.8 1.1975e-16
9001.325 1.2424e-16
9002.85 1.1873e-16
9004.375 9.586e-17
9005.9 1.0074e-16
9007.425 1.0793e-16
9008.95 1.1403e-16
9010.475 1.138e-16
9012.0 1.1128e-16
9013.525 1.1082e-16
9015.05 1.1647e-16
9016.575 1.2612e-16
9018.1 1.2025e-16
9019.625 1.1302e-16
9021.15 1.1756e-16
9022.675 1.2177e-16
9024.2 1.2117e-16
9025.725 1.1701e-16
9027.25 1.1132e-16
9028.775 1.1076e-16
9030.3 1.118e-16
9031.825 1.1555e-16
9033.35 1.2231e-16
9034.875 1.2235e-16
9036.4 1.2135e-16
9037.925 1.2412e-16
9039.45 1.2209e-16
9040.975 1.1735e-16
9042.5 1.1688e-16
9044.025 1.1955e-16
9045.55 1.2859e-16
9047.075 1.3762e-16
9048.6 1.3293e-16
9050.125 1.2765e-16
9051.65 1.3059e-16
9053.175 1.2622e-16
9054.7 1.3007e-16
9056.225 1.2771e-16
9057.75 1.2558e-16
9059.275 1.3126e-16
9060.8 1.3217e-16
9062.325 1.2838e-16
9063.85 1.2587e-16
9065.375 1.2342e-16
9066.9 1.2771e-16
9068.425 1.3238e-16
9069.95 1.3012e-16
9071.475 1.2516e-16
9073.0 1.3017e-16
9074.525 1.2694e-16
9076.05 1.2519e-16
9077.575 1.2807e-16
9079.1 1.329e-16
9080.625 1.3141e-16
9082.15 1.2974e-16
9083.675 1.2873e-16
9085.2 1.3086e-16
9086.725 1.2297e-16
9088.25 1.2008e-16
9089.775 1.2884e-16
9091.3 1.237e-16
9092.825 1.1266e-16
9094.35 1.1199e-16
9095.875 1.0918e-16
9097.4 1.0584e-16
9098.925 1.1879e-16
9100.45 1.2733e-16
9101.975 1.2607e-16
9103.5 1.3271e-16
9105.025 1.3181e-16
9106.55 1.2167e-16
9108.075 1.1898e-16
9109.6 1.2661e-16
9111.125 1.248e-16
9112.65 1.2621e-16
9114.175 1.2663e-16
9115.7 1.2691e-16
9117.225 1.2683e-16
9118.75 1.2111e-16
9120.275 1.1458e-16
9121.8 1.1468e-16
9123.325 1.1998e-16
9124.85 1.2342e-16
9126.375 1.2655e-16
9127.9 1.3332e-16
9129.425 1.2856e-16
9130.95 1.1536e-16
9132.475 1.1918e-16
9134.0 1.2954e-16
9135.525 1.2655e-16
9137.05 1.2076e-16
9138.575 1.2021e-16
9140.1 1.2225e-16
9141.625 1.2522e-16
9143.15 1.2946e-16
9144.675 1.2971e-16
9146.2 1.2479e-16
9147.725 1.2425e-16
9149.25 1.2407e-16
9150.775 1.2673e-16
9152.3 1.2475e-16
9153.825 1.1634e-16
9155.35 1.1602e-16
9156.875 1.1638e-16
9158.4 1.2021e-16
9159.925 1.2696e-16
9161.45 1.29e-16
9162.975 1.1942e-16
9164.5 1.1613e-16
9166.025 1.2254e-16
9167.55 1.2211e-16
9169.075 1.1793e-16
9170.6 1.1938e-16
9172.125 1.2218e-16
9173.65 1.2031e-16
9175.175 1.1386e-16
9176.7 1.118e-16
9178.225 1.1211e-16
9179.75 1.097e-16
9181.275 1.087e-16
9182.8 1.119e-16
9184.325 1.1557e-16
9185.85 1.1687e-16
9187.375 1.2102e-16
9188.9 1.2166e-16
9190.425 1.1573e-16
9191.95 1.1139e-16
9193.475 1.1164e-16
9195.0 1.0952e-16
9196.525 1.1699e-16
9198.05 1.1982e-16
9199.575 1.126e-16
9201.1 1.0752e-16
9202.625 1.0968e-16
9204.15 1.1564e-16
9205.675 1.2132e-16
9207.2 1.1966e-16
9208.725 1.1478e-16
9210.25 1.099e-16
9211.775 1.1184e-16
9213.3 1.1714e-16
9214.825 1.1558e-16
9216.35 1.1718e-16
9217.875 1.2096e-16
9219.4 1.214e-16
9220.925 1.1811e-16
9222.45 1.2377e-16
9223.975 1.2392e-16
9225.5 1.169e-16
9227.025 1.0937e-16
9228.55 1.1024e-16
9230.075 1.151e-16
9231.6 1.1511e-16
9233.125 1.144e-16
9234.65 1.1497e-16
9236.175 1.1654e-16
9237.7 1.2012e-16
9239.225 1.2297e-16
9240.75 1.2108e-16
9242.275 1.1565e-16
9243.8 1.102e-16
9245.325 1.1151e-16
9246.85 1.1534e-16
9248.375 1.1463e-16
9249.9 1.1358e-16
9251.425 1.1409e-16
9252.95 1.1104e-16
9254.475 1.1236e-16
9256.0 1.1521e-16
9257.525 1.0829e-16
9259.05 1.0925e-16
9260.575 1.1406e-16
9262.1 1.1521e-16
9263.625 1.1341e-16
9265.15 1.0954e-16
9266.675 1.1233e-16
9268.2 1.1106e-16
9269.725 1.056e-16
9271.25 1.1072e-16
9272.775 1.1622e-16
9274.3 1.0567e-16
9275.825 9.8777e-17
9277.35 1.0546e-16
9278.875 1.0221e-16
9280.4 9.5255e-17
9281.925 9.7326e-17
9283.45 1.02e-16
9284.975 1.0435e-16
9286.5 1.1252e-16
9288.025 1.1384e-16
9289.55 1.1038e-16
9291.075 1.148e-16
9292.6 1.1457e-16
9294.125 1.1092e-16
9295.65 1.0668e-16
9297.175 1.09e-16
9298.7 1.0878e-16
9300.225 1.0329e-16
9301.75 1.1469e-16
9303.275 1.4549e-16
9304.8 1.5472e-16
9306.325 1.2657e-16
9307.85 8.2867e-17
9309.375 1.343e-16
9310.9 1.1325e-16
9312.425 9.6066e-17
9313.95 1.3012e-16
9315.475 9.6982e-17
9317.0 4.7187e-17
9318.525 7.1725e-17
9320.05 9.784e-17
9321.575 9.3218e-17
9323.1 1.3183e-16
9324.625 1.5178e-16
9326.15 9.9989e-17
9327.675 8.1838e-17
9329.2 1.034e-16
9330.725 1.152e-16
9332.25 1.1922e-16
9333.775 1.1741e-16
9335.3 1.1986e-16
9336.825 1.2504e-16
9338.35 1.0452e-16
9339.875 8.4485e-17
9341.4 1.0441e-16
9342.925 1.3092e-16
9344.45 1.2474e-16
9345.975 1.0658e-16
9347.5 1.0191e-16
9349.025 1.1459e-16
9350.55 1.203e-16
9352.075 1.0845e-16
9353.6 9.5624e-17
9355.125 1.0577e-16
9356.65 1.2121e-16
9358.175 1.1281e-16
9359.7 1.0845e-16
9361.225 1.1068e-16
9362.75 1.1545e-16
9364.275 1.1548e-16
9365.8 1.0012e-16
9367.325 1.1076e-16
9368.85 1.0503e-16
9370.375 7.044e-17
9371.9 1.1375e-16
9373.425 1.8755e-16
9374.95 1.6793e-16
9376.475 1.6804e-16
9378.0 1.1753e-16
9379.525 5.0635e-17
9381.05 7.846e-17
9382.575 9.5844e-17
9384.1 1.0246e-16
9385.625 9.7499e-17
9387.15 9.9206e-17
9388.675 1.0258e-16
9390.2 1.0795e-16
9391.725 1.0855e-16
9393.25 1.1157e-16
9394.775 1.097e-16
9396.3 1.0914e-16
9397.825 1.239e-16
9399.35 1.2438e-16
9400.875 1.0706e-16
9402.4 9.5321e-17
9403.925 1.0108e-16
9405.45 9.8353e-17
9406.975 1.0087e-16
9408.5 1.0657e-16
9410.025 1.1189e-16
9411.55 1.0579e-16
9413.075 9.7035e-17
9414.6 1.1704e-16
9416.125 1.3935e-16
9417.65 1.2737e-16
9419.175 1.1886e-16
9420.7 1.0708e-16
9422.225 8.006e-17
9423.75 7.6701e-17
9425.275 8.9867e-17
9426.8 1.0523e-16
9428.325 1.1047e-16
9429.85 1.0355e-16
9431.375 9.1221e-17
9432.9 8.5299e-17
9434.425 1.0192e-16
9435.95 1.4783e-16
9437.475 1.666e-16
9439.0 1.49e-16
9440.525 1.6607e-16
9442.05 1.106e-16
9443.575 6.012e-17
9445.1 8.7122e-17
9446.625 9.3741e-17
9448.15 9.575e-17
9449.675 9.5405e-17
9451.2 8.4405e-17
9452.725 9.1686e-17
9454.25 1.2467e-16
9455.775 1.3776e-16
9457.3 1.181e-16
9458.825 1.226e-16
9460.35 1.0435e-16
9461.875 7.9052e-17
9463.4 8.9966e-17
9464.925 9.2318e-17
9466.45 9.285e-17
9467.975 9.8646e-17
9469.5 9.7335e-17
9471.025 8.7208e-17
9472.55 9.78e-17
9474.075 1.2386e-16
9475.6 1.2315e-16
9477.125 1.1132e-16
9478.65 9.2063e-17
9480.175 7.1804e-17
9481.7 7.3209e-17
9483.225 9.7676e-17
9484.75 1.0568e-16
9486.275 1.0517e-16
9487.8 1.034e-16
9489.325 1.0657e-16
9490.85 1.1357e-16
9492.375 1.1355e-16
9493.9 1.0388e-16
9495.425 9.6849e-17
9496.95 8.4558e-17
9498.475 1.0963e-16
9500.0 1.3642e-16
9501.525 1.1611e-16
9503.05 1.116e-16
9504.575 1.2631e-16
9506.1 1.0068e-16
9507.625 9.191e-17
9509.15 9.6072e-17
9510.675 1.0673e-16
9512.2 1.0156e-16
9513.725 9.3666e-17
9515.25 1.2578e-16
9516.775 1.6664e-16
9518.3 1.8053e-16
9519.825 1.8431e-16
9521.35 1.5828e-16
9522.875 1.2823e-16
9524.4 1.1241e-16
9525.925 1.151e-16
9527.45 1.1616e-16
9528.975 1.1124e-16
9530.5 1.095e-16
9532.025 1.1003e-16
9533.55 1.0758e-16
9535.075 1.0937e-16
9536.6 1.1062e-16
9538.125 1.0453e-16
9539.65 9.8479e-17
9541.175 1.0183e-16
9542.7 1.0792e-16
9544.225 1.1228e-16
9545.75 1.1359e-16
9547.275 1.1343e-16
9548.8 1.122e-16
9550.325 1.1918e-16
9551.85 1.2696e-16
9553.375 1.2409e-16
9554.9 1.1184e-16
9556.425 9.8584e-17
9557.95 1.0257e-16
9559.475 9.8316e-17
9561.0 8.4045e-17
9562.525 9.2961e-17
9564.05 1.3224e-16
9565.575 1.3961e-16
9567.1 1.2442e-16
9568.625 1.0775e-16
9570.15 8.4819e-17
9571.675 8.5555e-17
9573.2 9.4209e-17
9574.725 9.6595e-17
9576.25 1.0194e-16
9577.775 1.1142e-16
9579.3 1.11e-16
9580.825 1.1327e-16
9582.35 1.0795e-16
9583.875 1.0512e-16
9585.4 1.0221e-16
9586.925 9.7083e-17
9588.45 9.2634e-17
9589.975 9.9756e-17
9591.5 1.0243e-16
9593.025 1.0338e-16
9594.55 9.8094e-17
9596.075 1.1379e-16
9597.6 1.1492e-16
9599.125 1.0172e-16
9600.65 9.8676e-17
9602.175 9.9749e-17
9603.7 1.1337e-16
9605.225 1.1632e-16
9606.75 1.2295e-16
9608.275 1.1246e-16
9609.8 8.1103e-17
9611.325 8.5756e-17
9612.85 1.1094e-16
9614.375 1.1147e-16
9615.9 1.1778e-16
9617.425 1.3081e-16
9618.95 1.1325e-16
9620.475 1.0484e-16
9622.0 1.1049e-16
9623.525 1.0287e-16
9625.05 9.6607e-17
9626.575 1.0045e-16
9628.1 1.0755e-16
9629.625 1.0652e-16
9631.15 1.0333e-16
9632.675 1.0302e-16
9634.2 1.0845e-16
9635.725 1.074e-16
9637.25 1.0804e-16
9638.775 1.094e-16
9640.3 1.074e-16
9641.825 1.0851e-16
9643.35 1.104e-16
9644.875 1.0704e-16
9646.4 1.0737e-16
9647.925 1.0942e-16
9649.45 1.136e-16
9650.975 1.0708e-16
9652.5 9.7059e-17
9654.025 1.0761e-16
9655.55 1.274e-16
9657.075 1.2767e-16
9658.6 1.1602e-16
9660.125 1.1064e-16
9661.65 9.8873e-17
9663.175 1.0193e-16
9664.7 1.2104e-16
9666.225 1.2523e-16
9667.75 1.1933e-16
9669.275 1.1644e-16
9670.8 1.108e-16
9672.325 1.0109e-16
9673.85 9.8458e-17
9675.375 1.0041e-16
9676.9 1.1395e-16
9678.425 1.3368e-16
9679.95 1.2781e-16
9681.475 1.1435e-16
9683.0 1.1177e-16
9684.525 9.7972e-17
9686.05 8.383e-17
9687.575 9.9531e-17
9689.1 1.0525e-16
9690.625 1.1031e-16
9692.15 1.0901e-16
9693.675 1.0111e-16
9695.2 1.045e-16
9696.725 1.2193e-16
9698.25 9.0086e-17
9699.775 9.5075e-17
9701.3 1.0287e-16
9702.825 9.5562e-17
9704.35 9.0326e-17
9705.875 9.8227e-17
9707.4 1.12e-16
9708.925 1.2273e-16
9710.45 1.1181e-16
9711.975 1.0522e-16
9713.5 9.3607e-17
9715.025 8.8252e-17
9716.55 1.186e-16
9718.075 1.3443e-16
9719.6 1.3641e-16
9721.125 1.201e-16
9722.65 9.102e-17
9724.175 1.0109e-16
9725.7 1.0461e-16
9727.225 1.0989e-16
9728.75 1.1772e-16
9730.275 1.203e-16
9731.8 1.1059e-16
9733.325 1.2388e-16
9734.85 1.4087e-16
9736.375 1.1992e-16
9737.9 9.7814e-17
9739.425 1.0263e-16
9740.95 1.098e-16
9742.475 1.222e-16
9744.0 1.331e-16
9745.525 1.2602e-16
9747.05 1.1148e-16
9748.575 1.0736e-16
9750.1 1.1294e-16
9751.625 1.182e-16
9753.15 1.0802e-16
9754.675 1.0815e-16
9756.2 1.1319e-16
9757.725 9.9841e-17
9759.25 9.6942e-17
9760.775 1.0883e-16
9762.3 1.1601e-16
9763.825 1.178e-16
9765.35 1.1598e-16
9766.875 1.1828e-16
9768.4 1.1631e-16
9769.925 1.0661e-16
9771.45 1.0888e-16
9772.975 1.0801e-16
9774.5 9.756e-17
9776.025 9.5282e-17
9777.55 1.0196e-16
9779.075 1.0804e-16
9780.6 1.1159e-16
9782.125 1.1445e-16
9783.65 1.0833e-16
9785.175 1.0912e-16
9786.7 1.5025e-16
9788.225 1.7194e-16
9789.75 1.463e-16
9791.275 1.6809e-16
9792.8 1.423e-16
9794.325 9.0426e-17
9795.85 9.8539e-17
9797.375 1.3833e-16
9798.9 1.395e-16
9800.425 1.1167e-16
9801.95 1.1102e-16
9803.475 1.1e-16
9805.0 1.2004e-16
9806.525 1.2415e-16
9808.05 1.2101e-16
9809.575 1.269e-16
9811.1 1.2006e-16
9812.625 1.1696e-16
9814.15 1.1131e-16
9815.675 1.0681e-16
9817.2 1.1417e-16
9818.725 1.2192e-16
9820.25 1.1508e-16
9821.775 1.1864e-16
9823.3 1.1628e-16
9824.825 1.0798e-16
9826.35 1.0854e-16
9827.875 1.1442e-16
9829.4 1.2085e-16
9830.925 1.2206e-16
9832.45 1.146e-16
9833.975 1.1606e-16
9835.5 1.2686e-16
9837.025 1.1826e-16
9838.55 1.0092e-16
9840.075 1.0433e-16
9841.6 1.1511e-16
9843.125 1.0858e-16
9844.65 1.1863e-16
9846.175 1.1353e-16
9847.7 8.6781e-17
9849.225 9.5809e-17
9850.75 9.7961e-17
9852.275 8.8965e-17
9853.8 9.7269e-17
9855.325 1.1134e-16
9856.85 1.1653e-16
9858.375 1.1124e-16
9859.9 1.0593e-16
9861.425 1.1421e-16
9862.95 1.17e-16
9864.475 1.1573e-16
9866.0 1.0254e-16
9867.525 1.2447e-16
9869.05 1.7941e-16
9870.575 1.6356e-16
9872.1 1.1153e-16
9873.625 1.1826e-16
9875.15 1.0214e-16
9876.675 7.5521e-17
9878.2 1.0322e-16
9879.725 1.1415e-16
9881.25 1.1105e-16
9882.775 1.1155e-16
9884.3 1.1383e-16
9885.825 1.0282e-16
9887.35 8.9556e-17
9888.875 9.9145e-17
9890.4 1.151e-16
9891.925 1.2616e-16
9893.45 1.2919e-16
9894.975 1.2698e-16
9896.5 1.0322e-16
9898.025 8.9202e-17
9899.55 1.0072e-16
9901.075 9.8222e-17
9902.6 8.2368e-17
9904.125 8.7644e-17
9905.65 1.0214e-16
9907.175 1.0554e-16
9908.7 1.0259e-16
9910.225 1.2912e-16
9911.75 1.9637e-16
9913.275 1.6067e-16
9914.8 1.5369e-16
9916.325 1.3845e-16
9917.85 7.6048e-17
9919.375 8.9402e-17
9920.9 1.0987e-16
9922.425 9.7723e-17
9923.95 9.5405e-17
9925.475 1.0686e-16
9927.0 1.0977e-16
9928.525 1.1559e-16
9930.05 1.244e-16
9931.575 1.0479e-16
9933.1 9.8935e-17
9934.625 1.0886e-16
9936.15 1.0581e-16
9937.675 9.753e-17
9939.2 1.1353e-16
9940.725 1.1913e-16
9942.25 1.4091e-16
9943.775 1.3771e-16
9945.3 8.6164e-17
9946.825 7.5967e-17
9948.35 9.4175e-17
9949.875 8.4501e-17
9951.4 5.5354e-17
9952.925 1.0196e-16
9954.45 1.5148e-16
9955.975 1.6603e-16
9957.5 1.7144e-16
9959.025 1.2297e-16
9960.55 6.9053e-17
9962.075 1.0259e-16
9963.6 1.262e-16
9965.125 7.6608e-17
9966.65 7.8665e-17
9968.175 1.227e-16
9969.7 1.3655e-16
9971.225 1.3146e-16
9972.75 1.2969e-16
9974.275 1.2221e-16
9975.8 9.6087e-17
9977.325 8.6937e-17
9978.85 1.0972e-16
9980.375 1.1928e-16
9981.9 1.0071e-16
9983.425 1.1029e-16
9984.95 1.2056e-16
9986.475 1.0867e-16
9988.0 1.1344e-16
9989.525 1.1938e-16
9991.05 1.1982e-16
9992.575 1.1587e-16
9994.1 1.0383e-16
9995.625 1.1361e-16
9997.15 1.3048e-16
9998.675 1.1889e-16
10000.2 1.1821e-16
10001.725 1.1408e-16
10003.25 9.4198e-17
10004.775 1.1743e-16
10006.3 1.8317e-16
10007.825 2.4666e-16
10009.35 3.2104e-16
10010.875 3.2244e-16
10012.4 1.8598e-16
10013.925 1.401e-16
10015.45 1.402e-16
10016.975 8.8878e-17
10018.5 9.2255e-17
10020.025 1.1458e-16
10021.55 1.3988e-16
10023.075 1.6733e-16
10024.6 1.2352e-16
10026.125 9.3616e-17
10027.65 1.0749e-16
10029.175 7.0696e-17
10030.7 8.7328e-17
10032.225 1.2528e-16
10033.75 1.1027e-16
10035.275 1.0707e-16
10036.8 1.2266e-16
10038.325 1.1011e-16
10039.85 9.9075e-17
10041.375 1.2064e-16
10042.9 1.333e-16
10044.425 1.0609e-16
10045.95 1.1363e-16
10047.475 1.1821e-16
10049.0 1.0755e-16
10050.525 1.0572e-16
10052.05 1.1929e-16
10053.575 1.2365e-16
10055.1 1.1267e-16
10056.625 1.1519e-16
10058.15 1.3801e-16
10059.675 1.3747e-16
10061.2 1.1884e-16
10062.725 1.2443e-16
10064.25 1.1268e-16
10065.775 9.3731e-17
10067.3 1.0336e-16
10068.825 1.168e-16
10070.35 1.1421e-16
10071.875 1.0181e-16
10073.4 1.0018e-16
10074.925 1.0464e-16
10076.45 9.8545e-17
10077.975 1.1437e-16
10079.5 2.0528e-16
10081.025 2.0686e-16
10082.55 1.8046e-16
10084.075 1.7144e-16
10085.6 1.1918e-16
10087.125 8.9505e-17
10088.65 1.1073e-16
10090.175 1.0764e-16
10091.7 8.8946e-17
10093.225 8.6104e-17
10094.75 9.7733e-17
10096.275 1.0827e-16
10097.8 1.0538e-16
10099.325 1.022e-16
10100.85 1.3512e-16
10102.375 1.617e-16
10103.9 1.3391e-16
10105.425 1.1149e-16
10106.95 9.8113e-17
10108.475 7.5326e-17
10110.0 8.0668e-17
10111.525 1.0915e-16
10113.05 1.1354e-16
10114.575 9.6153e-17
10116.1 9.4422e-17
10117.625 1.0617e-16
10119.15 1.1374e-16
10120.675 1.6455e-16
10122.2 2.2811e-16
10123.725 1.7335e-16
10125.25 1.1207e-16
10126.775 8.8997e-17
10128.3 7.9015e-17
10129.825 8.4611e-17
10131.35 1.1562e-16
10132.875 1.219e-16
10134.4 1.1862e-16
10135.925 1.0892e-16
10137.45 1.3112e-16
10138.975 1.389e-16
10140.5 1.0874e-16
10142.025 8.493e-17
10143.55 7.9441e-17
10145.075 7.2748e-17
10146.6 5.5686e-17
10148.125 8.5906e-17
10149.65 1.1794e-16
10151.175 1.3089e-16
10152.7 1.108e-16
10154.225 9.5012e-17
10155.75 4.037e-17
10157.275 3.8215e-17
10158.8 9.2015e-17
10160.325 7.8993e-17
10161.85 7.9706e-17
10163.375 9.3573e-17
10164.9 1.1705e-16
10166.425 1.1336e-16
10167.95 1.1464e-16
10169.475 1.7593e-16
10171.0 1.6105e-16
10172.525 1.3445e-16
10174.05 1.6683e-16
10175.575 1.1855e-16
10177.1 6.9973e-17
10178.625 1.0246e-16
10180.15 1.7166e-16
10181.675 1.8972e-16
10183.2 1.4741e-16
10184.725 1.2189e-16
10186.25 1.3306e-16
10187.775 8.7713e-17
10189.3 7.391e-17
10190.825 1.1266e-16
10192.35 9.927e-17
10193.875 4.4244e-17
10195.4 6.6151e-17
10196.925 1.1385e-16
10198.45 1.0727e-16
10199.975 9.6069e-17
10201.5 1.2668e-16
10203.025 1.5331e-16
10204.55 1.3909e-16
10206.075 1.0215e-16
10207.6 1.5975e-16
10209.125 1.8695e-16
10210.65 1.2377e-16
10212.175 1.3646e-16
10213.7 9.3791e-17
10215.225 4.8393e-18
10216.75 3.8805e-17
10218.275 1.1283e-16
10219.8 8.8786e-17
10221.325 7.4322e-17
10222.85 1.5143e-16
10224.375 1.0267e-16
10225.9 -1.183e-17
10227.425 3.9482e-17
10228.95 9.6749e-17
10230.475 8.6569e-17
10232.0 1.268e-16
10233.525 1.25e-16
10235.05 7.5533e-17
10236.575 6.9156e-17
10238.1 7.8592e-17
10239.625 7.3531e-17
10241.15 6.994e-17
10242.675 1.2048e-16
10244.2 1.2867e-16
10245.725 1.0622e-16
10247.25 8.2507e-17
10248.775 8.6451e-17
10250.3 6.7067e-17
10251.825 6.7416e-17
10253.35 1.1054e-16
10254.875 1.6037e-16
10256.4 1.671e-16
10257.925 1.1139e-16
10259.45 1.1042e-16
10260.975 1.3672e-16
10262.5 1.043e-16
10264.025 8.482e-17
10265.55 9.4727e-17
10267.075 7.2906e-17
10268.6 7.1626e-17
10270.125 8.5824e-17
10271.65 1.0694e-16
10273.175 9.0922e-17
10274.7 6.0618e-17
10276.225 1.0873e-16
10277.75 1.1137e-16
10279.275 8.1906e-17
10280.8 1.4102e-16
10282.325 1.8241e-16
10283.85 1.863e-16
10285.375 2.1412e-17
10286.9 -4.1224e-17
10288.425 -4.671e-17
10289.95 3.6189e-18
10291.475 5.2572e-17
10293.0 1.2825e-16
10294.525 1.4616e-16
10296.05 1.5368e-16
10297.575 1.6438e-16
10299.1 2.06e-16
10300.625 2.2263e-16
10302.15 1.9485e-16
10303.675 1.1221e-16
10305.2 8.0149e-17
10306.725 1.349e-16
10308.25 1.7906e-16
10309.775 7.9937e-17
10311.3 3.1799e-17
10312.825 1.0172e-16
10314.35 1.2726e-16
10315.875 1.0429e-16
10317.4 5.7347e-17
10318.925 5.5518e-17
10320.45 6.5515e-17
10321.975 6.4791e-17
10323.5 9.5327e-17
10325.025 1.5397e-16
10326.55 7.4389e-17
10328.075 1.4194e-17
10329.6 6.1731e-17
10331.125 6.3493e-17
10332.65 8.1153e-17
10334.175 1.1354e-16
10335.7 8.9833e-17
10337.225 4.7757e-17
10338.75 4.9507e-17
10340.275 1.4882e-16
10341.8 2.0231e-16
10343.325 1.5e-16
10344.85 1.5354e-16
10346.375 8.5761e-17
10347.9 2.7205e-17
10349.425 7.5308e-17
10350.95 3.3605e-17
10352.475 -6.8333e-17
10354.0 -6.6073e-17
10355.525 8.5167e-17
10357.05 1.366e-16
10358.575 5.8034e-17
10360.1 8.6367e-17
10361.625 1.3931e-16
10363.15 8.1094e-17
10364.675 2.4859e-17
10366.2 9.2583e-17
10367.725 1.5862e-16
10369.25 1.575e-16
10370.775 2.5301e-16
10372.3 2.3233e-16
10373.825 -1.5067e-18
10375.35 -6.1058e-17
10376.875 3.2775e-17
10378.4 8.5003e-17
10379.925 -1.0436e-17
10381.45 8.6192e-18
10382.975 9.9291e-17
10384.5 1.5569e-16
10386.025 1.1138e-16
10387.55 1.3178e-16
10389.075 6.9078e-17
10390.6 -3.0373e-17
10392.125 6.4609e-18
10393.65 9.28e-17
10395.175 8.1135e-17
10396.7 8.7091e-17
10398.225 1.9216e-16
10399.75 1.2824e-16
10401.275 1.3047e-17
10402.8 1.2051e-16
10404.325 1.2958e-16
10405.85 5.8087e-17
10407.375 1.1344e-16
10408.9 1.7189e-16
10410.425 1.201e-16
10411.95 4.6569e-17
10413.475 1.5767e-16
10415.0 2.8892e-16
10416.525 2.3244e-16
10418.05 2.0434e-16
10419.575 1.6465e-16
10421.1 7.9806e-17
10422.625 1.0965e-16
10424.15 1.054e-16
10425.675 1.0076e-16
10427.2 4.1703e-17
10428.725 4.1715e-18
10430.25 4.4733e-17
10431.775 4.5292e-17
10433.3 3.2427e-17
10434.825 2.6376e-17
10436.35 -3.7406e-17
10437.875 8.8304e-18
10439.4 9.1169e-17
10440.925 1.3922e-16
10442.45 1.7721e-16
10443.975 1.0465e-16
10445.5 9.7546e-17
10447.025 8.6923e-17
10448.55 5.6657e-17
10450.075 6.3464e-17
10451.6 6.9472e-17
10453.125 -2.8695e-17
10454.65 -6.3365e-17
10456.175 5.8995e-17
10457.7 1.7833e-16
10459.225 1.3995e-16
10460.75 4.9448e-17
10462.275 9.7225e-17
10463.8 9.4806e-17
10465.325 2.0665e-17
10466.85 1.5298e-16
10468.375 2.0621e-16
10469.9 7.2964e-17
10471.425 3.2313e-17
10472.95 1.0411e-16
10474.475 9.7268e-17
10476.0 1.3078e-17
10477.525 4.9028e-17
10479.05 1.0706e-16
10480.575 4.4833e-17
10482.1 1.6242e-17
10483.625 4.8459e-17
10485.15 7.149e-17
10486.675 4.2406e-17
10488.2 3.6224e-17
10489.725 7.697e-17
10491.25 -4.1938e-18
10492.775 -1.9144e-17
10494.3 8.8294e-17
10495.825 8.6367e-17
10497.35 -7.6882e-18
10498.875 -3.4506e-17
10500.4 5.5841e-17
