# DICHROIC = D55
# HA = +01:32:55.8
# ANGLE = 27 deg 17 min
# OBSERVER = Adams  Karambelkar
# OBSLST = 16:22:57.5
# OBJECT = ZTF18aaqgadq
# CASSPA = 49.00
# PARALLAC = 46.54
# HOURANG = W01:32:55.8
# CCDTEMP = 161.60
# LAMPS = 0000000
# RA = 14:49:09.70
# GRATING = 600/4000
# APERTURE = 1.5
# TELFOCUS = 41.31 mm
# AIRMASS = 1.121
# DEC = +16:27:47.9
# UTSHUT = 2018-05-16T08:34:22.317
# EXPTIME = 600
3400.000 1.4003e-16
3401.525 1.907e-16
3403.050 1.0811e-16
3404.575 1.3456e-16
3406.100 1.3682e-16
3407.625 1.316e-16
3409.150 9.8532e-17
3410.675 1.1233e-16
3412.200 1.6221e-16
3413.725 1.2449e-16
3415.250 8.7383e-17
3416.775 1.1108e-16
3418.300 7.2841e-17
3419.825 7.6394e-17
3421.350 1.0242e-16
3422.875 9.3282e-17
3424.400 1.0163e-16
3425.925 6.1663e-17
3427.450 4.9738e-17
3428.975 1.2093e-16
3430.500 1.1159e-16
3432.025 8.684e-17
3433.550 5.4495e-17
3435.075 1.021e-16
3436.600 6.9543e-17
3438.125 7.3252e-17
3439.650 7.68e-17
3441.175 7.7878e-17
3442.700 7.467e-17
3444.225 3.3768e-17
3445.750 6.8851e-17
3447.275 7.1545e-17
3448.800 6.3487e-17
3450.325 4.9497e-17
3451.850 5.8214e-17
3453.375 7.9481e-17
3454.900 9.9767e-17
3456.425 6.0312e-17
3457.950 5.3752e-17
3459.475 7.258e-17
3461.000 6.9779e-17
3462.525 5.5114e-17
3464.050 1.1321e-16
3465.575 6.8858e-17
3467.100 7.386e-17
3468.625 1.2694e-16
3470.150 1.2601e-16
3471.675 7.8535e-17
3473.200 7.1433e-17
3474.725 8.6829e-17
3476.250 6.8755e-17
3477.775 5.3782e-17
3479.300 4.6567e-17
3480.825 7.519e-17
3482.350 1.1227e-16
3483.875 1.0323e-16
3485.400 8.139e-17
3486.925 7.8615e-17
3488.450 7.5567e-17
3489.975 6.376e-17
3491.500 8.1452e-17
3493.025 7.396e-17
3494.550 8.7398e-17
3496.075 6.2664e-17
3497.600 5.3586e-17
3499.125 7.5078e-17
3500.650 9.0569e-17
3502.175 9.5316e-17
3503.700 8.7455e-17
3505.225 8.4162e-17
3506.750 8.1122e-17
3508.275 7.913e-17
3509.800 6.7757e-17
3511.325 7.3971e-17
3512.850 6.5888e-17
3514.375 9.242e-17
3515.900 8.8752e-17
3517.425 9.0728e-17
3518.950 8.9049e-17
3520.475 1.099e-16
3522.000 1.2251e-16
3523.525 1.1473e-16
3525.050 1.263e-16
3526.575 1.0754e-16
3528.100 9.5962e-17
3529.625 9.5052e-17
3531.150 1.1331e-16
3532.675 1.0018e-16
3534.200 9.7701e-17
3535.725 1.072e-16
3537.250 1.08e-16
3538.775 1.1269e-16
3540.300 1.133e-16
3541.825 9.0206e-17
3543.350 7.7062e-17
3544.875 1.1514e-16
3546.400 1.1683e-16
3547.925 1.0191e-16
3549.450 1.1834e-16
3550.975 5.9583e-17
3552.500 7.2862e-17
3554.025 9.2485e-17
3555.550 6.8644e-17
3557.075 7.7463e-17
3558.600 7.9324e-17
3560.125 7.854e-17
3561.650 7.5808e-17
3563.175 6.6855e-17
3564.700 8.5977e-17
3566.225 6.8429e-17
3567.750 1.0093e-16
3569.275 9.6762e-17
3570.800 8.8471e-17
3572.325 1.0191e-16
3573.850 8.6688e-17
3575.375 8.4639e-17
3576.900 8.529e-17
3578.425 9.9532e-17
3579.950 1.0215e-16
3581.475 6.9824e-17
3583.000 9.0743e-17
3584.525 8.3827e-17
3586.050 9.2151e-17
3587.575 8.299e-17
3589.100 9.2857e-17
3590.625 1.2999e-16
3592.150 1.3731e-16
3593.675 1.3676e-16
3595.200 1.1288e-16
3596.725 1.1861e-16
3598.250 1.1821e-16
3599.775 1.4948e-16
3601.300 1.0637e-16
3602.825 1.0968e-16
3604.350 1.0935e-16
3605.875 1.0905e-16
3607.400 1.1135e-16
3608.925 1.1402e-16
3610.450 1.1602e-16
3611.975 1.1145e-16
3613.500 1.0648e-16
3615.025 1.274e-16
3616.550 1.2128e-16
3618.075 1.0561e-16
3619.600 1.1174e-16
3621.125 1.0754e-16
3622.650 9.2919e-17
3624.175 8.8961e-17
3625.700 5.3802e-17
3627.225 7.2411e-17
3628.750 1.1473e-16
3630.275 1.4908e-16
3631.800 1.2882e-16
3633.325 1.0901e-16
3634.850 9.5258e-17
3636.375 9.0108e-17
3637.900 1.0494e-16
3639.425 1.0901e-16
3640.950 1.0834e-16
3642.475 9.4161e-17
3644.000 1.0222e-16
3645.525 1.0575e-16
3647.050 9.9925e-17
3648.575 1.0623e-16
3650.100 1.1305e-16
3651.625 9.8639e-17
3653.150 9.5893e-17
3654.675 9.974e-17
3656.200 1.2002e-16
3657.725 1.2306e-16
3659.250 1.2868e-16
3660.775 1.1325e-16
3662.300 1.2152e-16
3663.825 1.3667e-16
3665.350 1.3581e-16
3666.875 1.211e-16
3668.400 1.3681e-16
3669.925 1.3508e-16
3671.450 1.3175e-16
3672.975 1.3895e-16
3674.500 1.5569e-16
3676.025 1.1231e-16
3677.550 1.0793e-16
3679.075 1.3317e-16
3680.600 1.4147e-16
3682.125 1.2881e-16
3683.650 1.5068e-16
3685.175 1.5088e-16
3686.700 1.1505e-16
3688.225 1.1466e-16
3689.750 1.4067e-16
3691.275 1.5112e-16
3692.800 1.0838e-16
3694.325 9.9714e-17
3695.850 1.3455e-16
3697.375 1.3232e-16
3698.900 1.0489e-16
3700.425 1.4369e-16
3701.950 1.6536e-16
3703.475 1.0547e-16
3705.000 1.0942e-16
3706.525 1.2984e-16
3708.050 1.1553e-16
3709.575 1.1316e-16
3711.100 1.1337e-16
3712.625 1.0122e-16
3714.150 1.0597e-16
3715.675 1.0962e-16
3717.200 9.0277e-17
3718.725 1.1771e-16
3720.250 1.0897e-16
3721.775 1.1059e-16
3723.300 1.3477e-16
3724.825 1.0961e-16
3726.350 1.1147e-16
3727.875 9.8778e-17
3729.400 9.4504e-17
3730.925 1.101e-16
3732.450 1.1272e-16
3733.975 8.3335e-17
3735.500 7.7784e-17
3737.025 9.2301e-17
3738.550 1.1553e-16
3740.075 1.0145e-16
3741.600 1.1235e-16
3743.125 1.1209e-16
3744.650 1.0503e-16
3746.175 1.1705e-16
3747.700 1.2483e-16
3749.225 1.1442e-16
3750.750 1.3192e-16
3752.275 1.3109e-16
3753.800 1.3116e-16
3755.325 1.4704e-16
3756.850 1.3545e-16
3758.375 1.3722e-16
3759.900 1.3676e-16
3761.425 1.5204e-16
3762.950 1.4678e-16
3764.475 1.5094e-16
3766.000 1.4747e-16
3767.525 1.4952e-16
3769.050 1.7963e-16
3770.575 1.7054e-16
3772.100 1.5087e-16
3773.625 1.7642e-16
3775.150 1.6655e-16
3776.675 1.5921e-16
3778.200 1.5265e-16
3779.725 1.5381e-16
3781.250 1.6963e-16
3782.775 1.7286e-16
3784.300 1.6229e-16
3785.825 1.7621e-16
3787.350 1.7643e-16
3788.875 1.6021e-16
3790.400 1.5578e-16
3791.925 1.737e-16
3793.450 1.704e-16
3794.975 1.6826e-16
3796.500 1.7693e-16
3798.025 1.711e-16
3799.550 1.5919e-16
3801.075 1.7861e-16
3802.600 1.7564e-16
3804.125 1.6782e-16
3805.650 1.6506e-16
3807.175 1.7451e-16
3808.700 1.6285e-16
3810.225 1.5673e-16
3811.750 1.8752e-16
3813.275 1.6532e-16
3814.800 1.7783e-16
3816.325 1.8143e-16
3817.850 1.6762e-16
3819.375 1.6385e-16
3820.900 1.5636e-16
3822.425 1.6642e-16
3823.950 1.6287e-16
3825.475 1.7967e-16
3827.000 1.7528e-16
3828.525 1.6009e-16
3830.050 1.4848e-16
3831.575 1.4818e-16
3833.100 1.5717e-16
3834.625 1.5965e-16
3836.150 1.4902e-16
3837.675 1.5498e-16
3839.200 1.4136e-16
3840.725 1.4031e-16
3842.250 1.3959e-16
3843.775 1.3969e-16
3845.300 1.7381e-16
3846.825 1.5853e-16
3848.350 1.7078e-16
3849.875 1.8625e-16
3851.400 1.7559e-16
3852.925 1.7091e-16
3854.450 1.6343e-16
3855.975 1.858e-16
3857.500 1.9172e-16
3859.025 1.7734e-16
3860.550 1.5674e-16
3862.075 1.5683e-16
3863.600 1.5521e-16
3865.125 1.6284e-16
3866.650 1.6227e-16
3868.175 1.5484e-16
3869.700 1.7627e-16
3871.225 1.6604e-16
3872.750 1.4608e-16
3874.275 1.5546e-16
3875.800 1.5152e-16
3877.325 1.6029e-16
3878.850 1.8703e-16
3880.375 1.7477e-16
3881.900 1.6942e-16
3883.425 1.6131e-16
3884.950 1.6461e-16
3886.475 1.7669e-16
3888.000 1.9076e-16
3889.525 1.7191e-16
3891.050 1.8769e-16
3892.575 1.863e-16
3894.100 1.7248e-16
3895.625 1.914e-16
3897.150 2.1635e-16
3898.675 2.1173e-16
3900.200 1.9173e-16
3901.725 1.9178e-16
3903.250 1.9166e-16
3904.775 1.8121e-16
3906.300 1.8588e-16
3907.825 1.9812e-16
3909.350 1.9865e-16
3910.875 2.0394e-16
3912.400 1.8945e-16
3913.925 1.8979e-16
3915.450 2.0006e-16
3916.975 2.0106e-16
3918.500 1.9411e-16
3920.025 2.1179e-16
3921.550 2.0206e-16
3923.075 1.9601e-16
3924.600 2.0675e-16
3926.125 2.0118e-16
3927.650 1.8158e-16
3929.175 1.8093e-16
3930.700 1.8068e-16
3932.225 1.8125e-16
3933.750 1.5879e-16
3935.275 1.7581e-16
3936.800 1.7673e-16
3938.325 1.6228e-16
3939.850 1.6249e-16
3941.375 1.7075e-16
3942.900 1.759e-16
3944.425 1.565e-16
3945.950 1.5423e-16
3947.475 1.4906e-16
3949.000 1.5571e-16
3950.525 1.4703e-16
3952.050 1.4743e-16
3953.575 1.3146e-16
3955.100 1.2295e-16
3956.625 1.3926e-16
3958.150 1.4055e-16
3959.675 1.3906e-16
3961.200 1.3286e-16
3962.725 1.2103e-16
3964.250 1.4801e-16
3965.775 1.3158e-16
3967.300 1.15e-16
3968.825 1.1957e-16
3970.350 1.1529e-16
3971.875 1.1244e-16
3973.400 1.0933e-16
3974.925 1.1125e-16
3976.450 1.0388e-16
3977.975 9.9471e-17
3979.500 1.1692e-16
3981.025 1.1461e-16
3982.550 9.8376e-17
3984.075 9.8097e-17
3985.600 9.3523e-17
3987.125 8.2464e-17
3988.650 9.3227e-17
3990.175 1.0825e-16
3991.700 9.9046e-17
3993.225 1.049e-16
3994.750 8.5596e-17
3996.275 1.0541e-16
3997.800 1.0658e-16
3999.325 1.1651e-16
4000.850 1.1254e-16
4002.375 8.3854e-17
4003.900 9.6682e-17
4005.425 9.0024e-17
4006.950 9.126e-17
4008.475 1.0531e-16
4010.000 1.009e-16
4011.525 8.278e-17
4013.050 9.0595e-17
4014.575 9.4951e-17
4016.100 9.9983e-17
4017.625 8.6467e-17
4019.150 9.2851e-17
4020.675 1.0597e-16
4022.200 9.6665e-17
4023.725 1.0025e-16
4025.250 1.0686e-16
4026.775 8.7274e-17
4028.300 9.7511e-17
4029.825 9.8764e-17
4031.350 1.1322e-16
4032.875 9.2422e-17
4034.400 9.295e-17
4035.925 1.0091e-16
4037.450 1.0494e-16
4038.975 9.534e-17
4040.500 1.0378e-16
4042.025 1.1944e-16
4043.550 9.117e-17
4045.075 1.0523e-16
4046.600 1.1292e-16
4048.125 7.5522e-17
4049.650 9.1103e-17
4051.175 1.0691e-16
4052.700 9.4011e-17
4054.225 1.0942e-16
4055.750 1.1392e-16
4057.275 1.1742e-16
4058.800 1.0738e-16
4060.325 1.1517e-16
4061.850 1.0974e-16
4063.375 1.1111e-16
4064.900 1.0806e-16
4066.425 1.0844e-16
4067.950 1.2359e-16
4069.475 1.0843e-16
4071.000 1.0857e-16
4072.525 9.3725e-17
4074.050 9.0815e-17
4075.575 1.1925e-16
4077.100 9.6847e-17
4078.625 9.3865e-17
4080.150 1.1543e-16
4081.675 1.0383e-16
4083.200 9.4611e-17
4084.725 1.1312e-16
4086.250 1.0111e-16
4087.775 9.9512e-17
4089.300 9.7088e-17
4090.825 1.147e-16
4092.350 1.1485e-16
4093.875 1.0763e-16
4095.400 1.1562e-16
4096.925 1.2076e-16
4098.450 1.1227e-16
4099.975 1.2218e-16
4101.500 1.1514e-16
4103.025 1.119e-16
4104.550 1.1757e-16
4106.075 1.1733e-16
4107.600 1.2887e-16
4109.125 1.3413e-16
4110.650 1.2799e-16
4112.175 1.2479e-16
4113.700 1.2981e-16
4115.225 1.3505e-16
4116.750 1.3926e-16
4118.275 1.3846e-16
4119.800 1.4282e-16
4121.325 1.5452e-16
4122.850 1.4773e-16
4124.375 1.522e-16
4125.900 1.5365e-16
4127.425 1.664e-16
4128.950 1.7586e-16
4130.475 1.6654e-16
4132.000 1.8198e-16
4133.525 1.9278e-16
4135.050 1.936e-16
4136.575 1.9579e-16
4138.100 1.9545e-16
4139.625 1.8944e-16
4141.150 1.8447e-16
4142.675 1.9891e-16
4144.200 1.9699e-16
4145.725 1.9356e-16
4147.250 2.0333e-16
4148.775 2.0707e-16
4150.300 2.1657e-16
4151.825 2.3214e-16
4153.350 2.1901e-16
4154.875 2.2422e-16
4156.400 2.3065e-16
4157.925 2.3539e-16
4159.450 2.358e-16
4160.975 2.294e-16
4162.500 2.2596e-16
4164.025 2.4637e-16
4165.550 2.6102e-16
4167.075 2.4791e-16
4168.600 2.4583e-16
4170.125 2.4701e-16
4171.650 2.4184e-16
4173.175 2.4113e-16
4174.700 2.461e-16
4176.225 2.6811e-16
4177.750 2.5621e-16
4179.275 2.5135e-16
4180.800 2.6189e-16
4182.325 2.6708e-16
4183.850 2.6981e-16
4185.375 2.6834e-16
4186.900 2.6933e-16
4188.425 2.5771e-16
4189.950 2.6919e-16
4191.475 2.5693e-16
4193.000 2.5099e-16
4194.525 2.6581e-16
4196.050 2.7056e-16
4197.575 2.6695e-16
4199.100 2.5341e-16
4200.625 2.4845e-16
4202.150 2.6533e-16
4203.675 2.5553e-16
4205.200 2.4692e-16
4206.725 2.3213e-16
4208.250 2.2301e-16
4209.775 2.4842e-16
4211.300 2.2981e-16
4212.825 2.3901e-16
4214.350 2.315e-16
4215.875 2.4254e-16
4217.400 2.4171e-16
4218.925 2.3591e-16
4220.450 2.646e-16
4221.975 2.5042e-16
4223.500 2.3029e-16
4225.025 2.3629e-16
4226.550 2.3765e-16
4228.075 2.5065e-16
4229.600 2.5792e-16
4231.125 2.464e-16
4232.650 2.5789e-16
4234.175 2.4638e-16
4235.700 2.3221e-16
4237.225 2.2642e-16
4238.750 2.3895e-16
4240.275 2.3336e-16
4241.800 2.3596e-16
4243.325 2.0913e-16
4244.850 2.0111e-16
4246.375 2.1368e-16
4247.900 2.0704e-16
4249.425 1.8445e-16
4250.950 1.9197e-16
4252.475 1.9855e-16
4254.000 1.9949e-16
4255.525 1.9677e-16
4257.050 1.7304e-16
4258.575 1.9168e-16
4260.100 2.0207e-16
4261.625 2.0472e-16
4263.150 2.0564e-16
4264.675 2.0817e-16
4266.200 1.9129e-16
4267.725 2.1242e-16
4269.250 2.1313e-16
4270.775 1.9244e-16
4272.300 1.9341e-16
4273.825 1.8449e-16
4275.350 1.881e-16
4276.875 1.8392e-16
4278.400 1.8872e-16
4279.925 1.911e-16
4281.450 1.7718e-16
4282.975 1.7578e-16
4284.500 1.8566e-16
4286.025 1.9078e-16
4287.550 1.966e-16
4289.075 1.9223e-16
4290.600 1.9374e-16
4292.125 1.8979e-16
4293.650 1.8037e-16
4295.175 1.8297e-16
4296.700 2.0172e-16
4298.225 1.9669e-16
4299.750 1.9855e-16
4301.275 1.8867e-16
4302.800 1.916e-16
4304.325 1.9549e-16
4305.850 1.917e-16
4307.375 1.9478e-16
4308.900 1.888e-16
4310.425 1.8667e-16
4311.950 2.0677e-16
4313.475 2.0171e-16
4315.000 1.9584e-16
4316.525 1.8751e-16
4318.050 1.9966e-16
4319.575 2.1622e-16
4321.100 2.0151e-16
4322.625 2.0412e-16
4324.150 2.0615e-16
4325.675 1.9772e-16
4327.200 2.0875e-16
4328.725 2.1806e-16
4330.250 2.2027e-16
4331.775 2.1689e-16
4333.300 2.1708e-16
4334.825 2.119e-16
4336.350 2.3503e-16
4337.875 2.1787e-16
4339.400 2.1102e-16
4340.925 2.0499e-16
4342.450 2.2994e-16
4343.975 2.4682e-16
4345.500 2.2041e-16
4347.025 2.3519e-16
4348.550 2.23e-16
4350.075 2.3715e-16
4351.600 2.4229e-16
4353.125 2.2542e-16
4354.650 2.1359e-16
4356.175 2.2304e-16
4357.700 2.4922e-16
4359.225 2.5219e-16
4360.750 2.407e-16
4362.275 2.2346e-16
4363.800 2.4105e-16
4365.325 2.494e-16
4366.850 2.3051e-16
4368.375 2.5107e-16
4369.900 2.3178e-16
4371.425 2.1366e-16
4372.950 2.2065e-16
4374.475 2.4793e-16
4376.000 2.3661e-16
4377.525 2.4278e-16
4379.050 2.2746e-16
4380.575 2.312e-16
4382.100 2.6361e-16
4383.625 2.5315e-16
4385.150 2.4987e-16
4386.675 2.5736e-16
4388.200 2.617e-16
4389.725 2.4747e-16
4391.250 2.5202e-16
4392.775 2.6134e-16
4394.300 2.4044e-16
4395.825 2.3858e-16
4397.350 2.2254e-16
4398.875 2.2346e-16
4400.400 2.5582e-16
4401.925 2.6169e-16
4403.450 2.4256e-16
4404.975 2.6195e-16
4406.500 2.5783e-16
4408.025 2.5369e-16
4409.550 2.4793e-16
4411.075 2.6194e-16
4412.600 2.5164e-16
4414.125 2.3832e-16
4415.650 2.2513e-16
4417.175 2.4104e-16
4418.700 2.2469e-16
4420.225 2.5388e-16
4421.750 2.5048e-16
4423.275 2.344e-16
4424.800 2.4991e-16
4426.325 2.5553e-16
4427.850 2.4608e-16
4429.375 2.5949e-16
4430.900 2.577e-16
4432.425 2.2682e-16
4433.950 2.3051e-16
4435.475 2.2862e-16
4437.000 2.3887e-16
4438.525 2.6749e-16
4440.050 2.4408e-16
4441.575 2.4145e-16
4443.100 2.6251e-16
4444.625 2.5509e-16
4446.150 2.4285e-16
4447.675 2.3506e-16
4449.200 2.2388e-16
4450.725 2.2744e-16
4452.250 2.2865e-16
4453.775 2.4835e-16
4455.300 2.3795e-16
4456.825 2.4742e-16
4458.350 2.402e-16
4459.875 2.6793e-16
4461.400 2.5129e-16
4462.925 2.572e-16
4464.450 2.5286e-16
4465.975 2.2604e-16
4467.500 2.343e-16
4469.025 2.5513e-16
4470.550 2.5106e-16
4472.075 2.3745e-16
4473.600 2.4276e-16
4475.125 2.2442e-16
4476.650 2.381e-16
4478.175 2.5587e-16
4479.700 2.3708e-16
4481.225 2.3728e-16
4482.750 2.5123e-16
4484.275 2.5597e-16
4485.800 2.5558e-16
4487.325 2.3095e-16
4488.850 2.3536e-16
4490.375 2.3965e-16
4491.900 2.308e-16
4493.425 2.3427e-16
4494.950 2.5124e-16
4496.475 2.3978e-16
4498.000 2.4607e-16
4499.525 2.3585e-16
4501.050 2.3588e-16
4502.575 2.4379e-16
4504.100 2.4092e-16
4505.625 2.2987e-16
4507.150 2.4019e-16
4508.675 2.3574e-16
4510.200 2.3118e-16
4511.725 2.3181e-16
4513.250 2.2533e-16
4514.775 2.1446e-16
4516.300 2.3501e-16
4517.825 2.0975e-16
4519.350 2.0763e-16
4520.875 2.3698e-16
4522.400 2.1996e-16
4523.925 2.0901e-16
4525.450 2.1498e-16
4526.975 2.3451e-16
4528.500 2.4208e-16
4530.025 2.1087e-16
4531.550 2.1157e-16
4533.075 2.1081e-16
4534.600 2.3189e-16
4536.125 2.2742e-16
4537.650 2.1339e-16
4539.175 2.0588e-16
4540.700 2.1814e-16
4542.225 2.0439e-16
4543.750 2.0518e-16
4545.275 2.1295e-16
4546.800 2.0306e-16
4548.325 2.2071e-16
4549.850 1.9628e-16
4551.375 2.0621e-16
4552.900 1.9909e-16
4554.425 1.874e-16
4555.950 1.9172e-16
4557.475 2.0227e-16
4559.000 2.0112e-16
4560.525 2.0615e-16
4562.050 1.977e-16
4563.575 2.1341e-16
4565.100 2.0427e-16
4566.625 2.0699e-16
4568.150 1.975e-16
4569.675 2.0313e-16
4571.200 1.9498e-16
4572.725 1.8999e-16
4574.250 2.0119e-16
4575.775 1.8195e-16
4577.300 1.8141e-16
4578.825 1.9591e-16
4580.350 1.7473e-16
4581.875 1.6395e-16
4583.400 1.8848e-16
4584.925 2.0781e-16
4586.450 2.0686e-16
4587.975 2.0309e-16
4589.500 1.9892e-16
4591.025 1.8174e-16
4592.550 1.9247e-16
4594.075 1.8825e-16
4595.600 1.692e-16
4597.125 1.6661e-16
4598.650 1.7057e-16
4600.175 1.8218e-16
4601.700 1.591e-16
4603.225 1.5744e-16
4604.750 1.6291e-16
4606.275 1.3676e-16
4607.800 1.2407e-16
4609.325 1.4806e-16
4610.850 1.5516e-16
4612.375 1.4229e-16
4613.900 1.3216e-16
4615.425 1.2993e-16
4616.950 1.3616e-16
4618.475 1.3937e-16
4620.000 1.4812e-16
4621.525 1.4054e-16
4623.050 1.5115e-16
4624.575 1.5153e-16
4626.100 1.4947e-16
4627.625 1.5647e-16
4629.150 1.4741e-16
4630.675 1.4933e-16
4632.200 1.4734e-16
4633.725 1.5292e-16
4635.250 1.4639e-16
4636.775 1.5027e-16
4638.300 1.5397e-16
4639.825 1.3774e-16
4641.350 1.5788e-16
4642.875 1.6633e-16
4644.400 1.5948e-16
4645.925 1.5548e-16
4647.450 1.5807e-16
4648.975 1.6741e-16
4650.500 1.6204e-16
4652.025 1.5203e-16
4653.550 1.5249e-16
4655.075 1.6492e-16
4656.600 1.6115e-16
4658.125 1.3631e-16
4659.650 1.6028e-16
4661.175 1.7539e-16
4662.700 1.7689e-16
4664.225 1.6534e-16
4665.750 1.6482e-16
4667.275 1.6002e-16
4668.800 1.6545e-16
4670.325 1.7097e-16
4671.850 1.6197e-16
4673.375 1.6282e-16
4674.900 1.66e-16
4676.425 1.7453e-16
4677.950 1.6001e-16
4679.475 1.5575e-16
4681.000 1.6284e-16
4682.525 1.6714e-16
4684.050 1.9409e-16
4685.575 1.7591e-16
4687.100 1.7558e-16
4688.625 1.8072e-16
4690.150 1.6449e-16
4691.675 1.6165e-16
4693.200 1.5422e-16
4694.725 1.6716e-16
4696.250 1.7975e-16
4697.775 1.719e-16
4699.300 1.4295e-16
4700.825 1.6236e-16
4702.350 1.8297e-16
4703.875 1.7282e-16
4705.400 1.7247e-16
4706.925 1.706e-16
4708.450 1.7854e-16
4709.975 1.689e-16
4711.500 1.704e-16
4713.025 1.7911e-16
4714.550 1.8064e-16
4716.075 1.6835e-16
4717.600 1.6961e-16
4719.125 1.6225e-16
4720.650 1.6401e-16
4722.175 1.8818e-16
4723.700 1.7239e-16
4725.225 1.7406e-16
4726.750 1.7108e-16
4728.275 1.7835e-16
4729.800 1.7792e-16
4731.325 1.6951e-16
4732.850 1.8862e-16
4734.375 1.9129e-16
4735.900 1.6015e-16
4737.425 1.4966e-16
4738.950 1.6872e-16
4740.475 1.8023e-16
4742.000 1.7733e-16
4743.525 1.8156e-16
4745.050 1.8153e-16
4746.575 1.9078e-16
4748.100 1.7758e-16
4749.625 1.7789e-16
4751.150 1.8748e-16
4752.675 1.9076e-16
4754.200 1.8384e-16
4755.725 1.8713e-16
4757.250 1.9604e-16
4758.775 1.834e-16
4760.300 1.868e-16
4761.825 1.9159e-16
4763.350 1.816e-16
4764.875 2.0194e-16
4766.400 1.8527e-16
4767.925 1.9596e-16
4769.450 1.8343e-16
4770.975 1.7935e-16
4772.500 1.8991e-16
4774.025 1.971e-16
4775.550 1.8911e-16
4777.075 1.8742e-16
4778.600 1.8922e-16
4780.125 2.0089e-16
4781.650 1.9308e-16
4783.175 1.9257e-16
4784.700 1.9847e-16
4786.225 2.0247e-16
4787.750 2.1403e-16
4789.275 2.1185e-16
4790.800 2.0449e-16
4792.325 2.0829e-16
4793.850 2.2651e-16
4795.375 2.1819e-16
4796.900 2.1357e-16
4798.425 2.1833e-16
4799.950 2.0842e-16
4801.475 2.1792e-16
4803.000 2.0853e-16
4804.525 2.1038e-16
4806.050 2.0783e-16
4807.575 2.182e-16
4809.100 2.2254e-16
4810.625 2.2069e-16
4812.150 2.1762e-16
4813.675 2.1631e-16
4815.200 2.1897e-16
4816.725 2.2325e-16
4818.250 2.3614e-16
4819.775 2.4766e-16
4821.300 2.3083e-16
4822.825 2.2645e-16
4824.350 2.2251e-16
4825.875 2.3642e-16
4827.400 2.3625e-16
4828.925 2.2297e-16
4830.450 2.2435e-16
4831.975 2.1391e-16
4833.500 2.3017e-16
4835.025 2.458e-16
4836.550 2.2465e-16
4838.075 2.2197e-16
4839.600 2.2542e-16
4841.125 2.3372e-16
4842.650 2.35e-16
4844.175 2.4005e-16
4845.700 2.4743e-16
4847.225 2.2182e-16
4848.750 2.2907e-16
4850.275 2.1769e-16
4851.800 2.2126e-16
4853.325 2.3297e-16
4854.850 2.3186e-16
4856.375 2.2767e-16
4857.900 2.1564e-16
4859.425 2.297e-16
4860.950 2.3433e-16
4862.475 2.2465e-16
4864.000 2.3514e-16
4865.525 2.2326e-16
4867.050 2.3353e-16
4868.575 2.3384e-16
4870.100 2.3287e-16
4871.625 2.3377e-16
4873.150 2.1776e-16
4874.675 2.1608e-16
4876.200 2.2033e-16
4877.725 2.1824e-16
4879.250 2.1895e-16
4880.775 2.2253e-16
4882.300 2.1353e-16
4883.825 2.2105e-16
4885.350 2.1641e-16
4886.875 2.2177e-16
4888.400 2.3844e-16
4889.925 2.3048e-16
4891.450 2.1937e-16
4892.975 2.2142e-16
4894.500 2.1279e-16
4896.025 2.1318e-16
4897.550 2.2119e-16
4899.075 2.304e-16
4900.600 2.3546e-16
4902.125 2.3771e-16
4903.650 2.4569e-16
4905.175 2.3874e-16
4906.700 2.2045e-16
4908.225 2.1218e-16
4909.750 2.3212e-16
4911.275 2.2099e-16
4912.800 2.0633e-16
4914.325 2.0413e-16
4915.850 2.2767e-16
4917.375 2.1844e-16
4918.900 2.1629e-16
4920.425 2.1047e-16
4921.950 2.2129e-16
4923.475 2.1617e-16
4925.000 2.1677e-16
4926.525 2.3458e-16
4928.050 2.2011e-16
4929.575 2.1867e-16
4931.100 2.3061e-16
4932.625 2.2478e-16
4934.150 2.2474e-16
4935.675 2.1731e-16
4937.200 2.2612e-16
4938.725 2.3728e-16
4940.250 2.4017e-16
4941.775 2.3674e-16
4943.300 2.4047e-16
4944.825 2.2621e-16
4946.350 2.3379e-16
4947.875 2.3113e-16
4949.400 2.2314e-16
4950.925 2.0694e-16
4952.450 2.1975e-16
4953.975 2.292e-16
4955.500 2.1475e-16
4957.025 2.0874e-16
4958.550 2.0549e-16
4960.075 2.1597e-16
4961.600 2.194e-16
4963.125 2.1469e-16
4964.650 2.1621e-16
4966.175 2.2193e-16
4967.700 2.1571e-16
4969.225 2.0959e-16
4970.750 2.0264e-16
4972.275 1.9569e-16
4973.800 1.9534e-16
4975.325 1.9323e-16
4976.850 1.9572e-16
4978.375 1.9755e-16
4979.900 2.0609e-16
4981.425 1.9335e-16
4982.950 1.9939e-16
4984.475 2.0643e-16
4986.000 2.0357e-16
4987.525 1.9571e-16
4989.050 2.0043e-16
4990.575 1.8695e-16
4992.100 1.9691e-16
4993.625 2.0596e-16
4995.150 1.9009e-16
4996.675 1.7701e-16
4998.200 1.799e-16
4999.725 1.7316e-16
5001.250 1.8584e-16
5002.775 2.0036e-16
5004.300 1.8531e-16
5005.825 1.8394e-16
5007.350 1.838e-16
5008.875 1.831e-16
5010.400 1.8677e-16
5011.925 1.833e-16
5013.450 1.7372e-16
5014.975 1.7463e-16
5016.500 1.7655e-16
5018.025 1.9153e-16
5019.550 1.8764e-16
5021.075 1.9325e-16
5022.600 1.9473e-16
5024.125 1.7854e-16
5025.650 1.7777e-16
5027.175 1.7691e-16
5028.700 1.7847e-16
5030.225 2.1055e-16
5031.750 2.0346e-16
5033.275 1.9672e-16
5034.800 1.954e-16
5036.325 1.9128e-16
5037.850 1.7884e-16
5039.375 1.8794e-16
5040.900 1.9172e-16
5042.425 1.9594e-16
5043.950 1.8926e-16
5045.475 1.7548e-16
5047.000 1.6924e-16
5048.525 1.6854e-16
5050.050 1.86e-16
5051.575 1.9108e-16
5053.100 1.8311e-16
5054.625 1.9512e-16
5056.150 1.9271e-16
5057.675 1.8786e-16
5059.200 1.8425e-16
5060.725 1.8881e-16
5062.250 1.7737e-16
5063.775 1.734e-16
5065.300 1.8424e-16
5066.825 1.8772e-16
5068.350 1.6753e-16
5069.875 1.6986e-16
5071.400 1.5878e-16
5072.925 1.6603e-16
5074.450 1.5796e-16
5075.975 1.6305e-16
5077.500 1.6887e-16
5079.025 1.5524e-16
5080.550 1.6863e-16
5082.075 1.5977e-16
5083.600 1.7046e-16
5085.125 1.5528e-16
5086.650 1.542e-16
5088.175 1.6646e-16
5089.700 1.6523e-16
5091.225 1.6177e-16
5092.750 1.4938e-16
5094.275 1.5832e-16
5095.800 1.6483e-16
5097.325 1.5927e-16
5098.850 1.6975e-16
5100.375 1.6775e-16
5101.900 1.6027e-16
5103.425 1.5868e-16
5104.950 1.5415e-16
5106.475 1.5136e-16
5108.000 1.5761e-16
5109.525 1.7108e-16
5111.050 1.5206e-16
5112.575 1.5831e-16
5114.100 1.6491e-16
5115.625 1.5727e-16
5117.150 1.5805e-16
5118.675 1.699e-16
5120.200 1.6625e-16
5121.725 1.6644e-16
5123.250 1.6343e-16
5124.775 1.6681e-16
5126.300 1.5684e-16
5127.825 1.5814e-16
5129.350 1.473e-16
5130.875 1.5518e-16
5132.400 1.573e-16
5133.925 1.5425e-16
5135.450 1.4415e-16
5136.975 1.632e-16
5138.500 1.7322e-16
5140.025 1.7079e-16
5141.550 1.5893e-16
5143.075 1.605e-16
5144.600 1.7315e-16
5146.125 1.5919e-16
5147.650 1.6729e-16
5149.175 1.6552e-16
5150.700 1.6003e-16
5152.225 1.6824e-16
5153.750 1.7967e-16
5155.275 1.7116e-16
5156.800 1.6008e-16
5158.325 1.6704e-16
5159.850 1.7152e-16
5161.375 1.7437e-16
5162.900 1.5008e-16
5164.425 1.5468e-16
5165.950 1.5924e-16
5167.475 1.4616e-16
5169.000 1.6047e-16
5170.525 1.5821e-16
5172.050 1.5739e-16
5173.575 1.4746e-16
5175.100 1.5235e-16
5176.625 1.3655e-16
5178.150 1.3619e-16
5179.675 1.3489e-16
5181.200 1.3092e-16
5182.725 1.4194e-16
5184.250 1.4518e-16
5185.775 1.5308e-16
5187.300 1.428e-16
5188.825 1.386e-16
5190.350 1.315e-16
5191.875 1.2754e-16
5193.400 1.3791e-16
5194.925 1.3623e-16
5196.450 1.3392e-16
5197.975 1.3366e-16
5199.500 1.2778e-16
5201.025 1.296e-16
5202.550 1.2166e-16
5204.075 1.1567e-16
5205.600 1.186e-16
5207.125 1.2504e-16
5208.650 1.2146e-16
5210.175 1.1996e-16
5211.700 1.1527e-16
5213.225 1.068e-16
5214.750 1.1263e-16
5216.275 1.267e-16
5217.800 1.2178e-16
5219.325 1.1234e-16
5220.850 1.2384e-16
5222.375 1.151e-16
5223.900 1.2067e-16
5225.425 1.1979e-16
5226.950 1.0038e-16
5228.475 1.2483e-16
5230.000 1.3096e-16
5231.525 1.1069e-16
5233.050 1.0546e-16
5234.575 1.1674e-16
5236.100 1.2519e-16
5237.625 1.16e-16
5239.150 1.1186e-16
5240.675 1.2781e-16
5242.200 1.3605e-16
5243.725 1.343e-16
5245.250 1.4357e-16
5246.775 1.448e-16
5248.300 1.3897e-16
5249.825 1.5218e-16
5251.350 1.4152e-16
5252.875 1.4301e-16
5254.400 1.3863e-16
5255.925 1.32e-16
5257.450 1.4354e-16
5258.975 1.58e-16
5260.500 1.7073e-16
5262.025 1.5043e-16
5263.550 1.3323e-16
5265.075 1.4128e-16
5266.600 1.695e-16
5268.125 1.6455e-16
5269.650 1.5123e-16
5271.175 1.5823e-16
5272.700 1.3724e-16
5274.225 1.4518e-16
5275.750 1.6513e-16
5277.275 1.6366e-16
5278.800 1.4192e-16
5280.325 1.5909e-16
5281.850 1.5475e-16
5283.375 1.7564e-16
5284.900 1.6894e-16
5286.425 1.5883e-16
5287.950 1.5127e-16
5289.475 1.6295e-16
5291.000 1.5945e-16
5292.525 1.529e-16
5294.050 1.5218e-16
5295.575 1.6194e-16
5297.100 1.5109e-16
5298.625 1.5874e-16
5300.150 1.67e-16
5301.675 1.7449e-16
5303.200 1.8054e-16
5304.725 1.7027e-16
5306.250 1.6241e-16
5307.775 1.5033e-16
5309.300 1.7215e-16
5310.825 1.7183e-16
5312.350 1.7344e-16
5313.875 1.748e-16
5315.400 1.7452e-16
5316.925 1.6422e-16
5318.450 1.4605e-16
5319.975 1.5632e-16
5321.500 1.7147e-16
5323.025 1.7384e-16
5324.550 1.7028e-16
5326.075 1.6241e-16
5327.600 1.5595e-16
5329.125 1.5743e-16
5330.650 1.6691e-16
5332.175 1.4313e-16
5333.700 1.3869e-16
5335.225 1.5953e-16
5336.750 1.6138e-16
5338.275 1.4645e-16
5339.800 1.4715e-16
5341.325 1.5085e-16
5342.850 1.5704e-16
5344.375 1.4863e-16
5345.900 1.5631e-16
5347.425 1.804e-16
5348.950 1.6912e-16
5350.475 1.6599e-16
5352.000 1.53e-16
5353.525 1.5094e-16
5355.050 1.5794e-16
5356.575 1.5731e-16
5358.100 1.3311e-16
5359.625 1.5273e-16
5361.150 1.6053e-16
5362.675 1.6055e-16
5364.200 1.4822e-16
5365.725 1.3107e-16
5367.250 1.4359e-16
5368.775 1.5117e-16
5370.300 1.491e-16
5371.825 1.2788e-16
5373.350 1.4331e-16
5374.875 1.4811e-16
5376.400 1.2781e-16
5377.925 1.4784e-16
5379.450 1.3322e-16
5380.975 1.1425e-16
5382.500 1.427e-16
5384.025 1.5571e-16
5385.550 1.5462e-16
5387.075 1.5562e-16
5388.600 1.5223e-16
5390.125 1.5744e-16
5391.650 1.5373e-16
5393.175 1.4781e-16
5394.700 1.3873e-16
5396.225 1.4664e-16
5397.750 1.6647e-16
5399.275 1.3937e-16
5400.800 1.3389e-16
5402.325 1.4116e-16
5403.850 1.3931e-16
5405.375 1.524e-16
5406.900 1.6267e-16
5408.425 1.4359e-16
5409.950 1.4931e-16
5411.475 1.2821e-16
5413.000 1.4475e-16
5414.525 1.434e-16
5416.050 1.5163e-16
5417.575 1.5357e-16
5419.100 1.7123e-16
5420.625 1.4697e-16
5422.150 1.367e-16
5423.675 1.4965e-16
5425.200 1.6182e-16
5426.725 1.7023e-16
5428.250 1.4902e-16
5429.775 1.6472e-16
5431.300 1.7298e-16
5432.825 1.6297e-16
5434.350 1.5041e-16
5435.875 1.5766e-16
5437.400 1.6703e-16
5438.925 1.7695e-16
5440.450 1.7462e-16
5441.975 1.4993e-16
5443.500 1.854e-16
5445.025 1.649e-16
5446.550 1.4281e-16
5448.075 1.6019e-16
5449.600 1.8188e-16
5451.125 2.0134e-16
5452.650 1.9605e-16
5454.175 1.7734e-16
5455.700 1.7774e-16
5457.225 1.9919e-16
5458.750 2.2075e-16
5460.275 1.9654e-16
5461.800 1.6522e-16
5463.325 1.8592e-16
5464.850 2.1836e-16
5466.375 2.1746e-16
5467.900 2.2632e-16
5469.425 2.3154e-16
5470.950 2.3514e-16
5472.475 2.177e-16
5474.000 2.0693e-16
5475.525 1.8617e-16
5477.050 1.8814e-16
5478.575 1.9859e-16
5480.100 2.505e-16
5481.625 2.522e-16
5483.150 1.9387e-16
5484.675 1.8289e-16
5486.200 1.6766e-16
5487.725 1.6878e-16
5489.250 1.9147e-16
5490.775 1.5786e-16
5492.300 1.6375e-16
5493.825 1.7181e-16
5495.350 2.0827e-16
5496.875 2.3319e-16
5498.400 2.0769e-16
5499.925 1.896e-16
5501.450 1.8136e-16
5502.975 1.8558e-16
5504.500 1.8994e-16
5506.025 1.8277e-16
5507.550 1.7155e-16
5509.075 1.6878e-16
5510.600 1.5529e-16
5512.125 1.7007e-16
5513.650 1.7423e-16
5515.175 1.847e-16
5516.700 1.9441e-16
5518.225 1.9439e-16
5519.750 1.7415e-16
5521.275 1.8047e-16
5522.800 1.8862e-16
5524.325 1.6737e-16
5525.850 1.5902e-16
5527.375 1.806e-16
5528.900 1.7415e-16
5530.425 1.7076e-16
5531.950 1.8248e-16
5533.475 1.7515e-16
5535.000 1.6788e-16
5536.525 1.6256e-16
5538.050 1.5715e-16
5539.575 1.5861e-16
5541.100 1.5558e-16
5542.625 1.6456e-16
5544.150 1.6735e-16
5545.675 1.5813e-16
5547.200 1.5588e-16
5548.725 1.6139e-16
5550.250 1.5529e-16
5551.775 1.709e-16
5553.300 1.7222e-16
5554.825 1.6454e-16
5556.350 1.647e-16
5557.875 1.5552e-16
5559.400 1.6049e-16
5560.925 1.608e-16
5562.450 1.5579e-16
5563.975 1.4867e-16
5565.500 1.5484e-16
5567.025 1.6114e-16
5568.550 1.5818e-16
5570.075 1.6861e-16
5571.600 1.6663e-16
5573.125 1.7103e-16
5574.650 1.8371e-16
5576.175 1.839e-16
5577.700 1.6111e-16
5579.225 1.7235e-16
5580.750 1.6195e-16
5582.275 1.4712e-16
5583.800 1.616e-16
5585.325 1.5661e-16
5586.850 1.6031e-16
5588.375 1.7272e-16
5589.900 1.8111e-16
5591.425 1.7639e-16
5592.950 1.6497e-16
5594.475 1.6613e-16
5596.000 1.7154e-16
5597.525 1.6917e-16
5599.050 1.7689e-16
5600.575 1.6436e-16
5602.100 1.6264e-16
5603.625 1.5975e-16
5605.150 1.703e-16
5606.675 1.7576e-16
5608.200 1.7936e-16
5609.725 1.8817e-16
5611.250 1.6406e-16
5612.775 1.5597e-16
5614.300 1.5279e-16
5615.825 1.5124e-16
5617.350 1.495e-16
5618.875 1.5382e-16
5620.400 1.7024e-16
5621.925 1.7e-16
5623.450 1.6595e-16
5624.975 1.5549e-16
5626.500 1.5831e-16
5628.025 1.4851e-16
5629.550 1.4202e-16
5631.075 1.4744e-16
5632.600 1.5944e-16
5634.125 1.6195e-16
5635.650 1.5961e-16
5637.175 1.4303e-16
5638.700 1.442e-16
5640.225 1.6198e-16
5641.750 1.6404e-16
5643.275 1.4809e-16
5644.800 1.3794e-16
5646.325 1.3086e-16
5647.850 1.2939e-16
5649.375 1.4047e-16
5650.900 1.3178e-16
5652.425 1.4187e-16
5653.950 1.5369e-16
5655.475 1.5031e-16
5657.000 1.4846e-16
5658.525 1.5001e-16
5660.050 1.4007e-16
5661.575 1.3715e-16
5663.100 1.3311e-16
5664.625 1.2821e-16
5666.150 1.3331e-16
5667.675 1.4482e-16
5669.200 1.4665e-16
5670.725 1.3567e-16
5672.250 1.5175e-16
5673.775 1.5186e-16
5675.300 1.3608e-16
5676.825 1.4042e-16
5678.350 1.3615e-16
5679.875 1.4109e-16
5681.400 1.4494e-16
5682.925 1.4421e-16
5684.450 1.278e-16
5685.975 1.3268e-16
5687.500 1.3967e-16
5689.025 1.4148e-16
5690.550 1.4506e-16
5692.075 1.4306e-16
5693.600 1.4148e-16
5695.125 1.3686e-16
5696.650 1.5283e-16
5698.175 1.5758e-16
5699.700 1.3405e-16
5701.225 1.2918e-16
5702.750 1.4305e-16
5704.275 1.3223e-16
5705.800 1.199e-16
5707.325 1.2261e-16
5708.850 1.3559e-16
5710.375 1.4509e-16
5711.900 1.4644e-16
5713.425 1.4196e-16
5714.950 1.4332e-16
5716.475 1.4803e-16
5718.000 1.3799e-16
5719.525 1.4641e-16
5721.050 1.4095e-16
5722.575 1.3032e-16
5724.100 1.2377e-16
5725.625 1.3195e-16
5727.150 1.3361e-16
5728.675 1.3632e-16
5730.200 1.5151e-16
5731.725 1.5046e-16
5733.250 1.4702e-16
5734.775 1.4689e-16
5736.300 1.3565e-16
5737.825 1.3514e-16
5739.350 1.3621e-16
5740.875 1.3735e-16
5742.400 1.4169e-16
5743.925 1.4934e-16
5745.450 1.3975e-16
5746.975 1.3644e-16
5748.500 1.3741e-16
5750.025 1.2419e-16
5751.550 1.2689e-16
5753.075 1.445e-16
5754.600 1.6239e-16
5756.125 1.5141e-16
5757.650 1.473e-16
5759.175 1.4484e-16
5760.700 1.4261e-16
5762.225 1.4554e-16
5763.750 1.4371e-16
5765.275 1.488e-16
5766.800 1.3597e-16
5768.325 1.3205e-16
5769.850 1.3841e-16
5771.375 1.4361e-16
5772.900 1.3722e-16
5774.425 1.3921e-16
5775.950 1.4483e-16
5777.475 1.3855e-16
5779.000 1.2994e-16
5780.525 1.3186e-16
5782.050 1.2891e-16
5783.575 1.2246e-16
5785.100 1.3836e-16
5786.625 1.4757e-16
5788.150 1.5096e-16
5789.675 1.4267e-16
5791.200 1.3726e-16
5792.725 1.3119e-16
5794.250 1.2689e-16
5795.775 1.2782e-16
5797.300 1.3333e-16
5798.825 1.3662e-16
5800.350 1.3574e-16
5801.875 1.4142e-16
5803.400 1.3768e-16
5804.925 1.309e-16
5806.450 1.1324e-16
5807.975 1.069e-16
5809.500 1.2133e-16
5811.025 1.3715e-16
5812.550 1.2372e-16
5814.075 1.1492e-16
5815.600 1.2039e-16
5817.125 1.2648e-16
5818.650 1.3475e-16
5820.175 1.2523e-16
5821.700 1.1438e-16
5823.225 1.2083e-16
5824.750 1.2437e-16
5826.275 1.1216e-16
5827.800 1.1478e-16
5829.325 1.2188e-16
5830.850 1.2029e-16
5832.375 1.2774e-16
5833.900 1.3353e-16
5835.425 1.209e-16
5836.950 1.0307e-16
5838.475 1.0415e-16
5840.000 1.2e-16
5841.525 1.2352e-16
5843.050 1.1565e-16
5844.575 1.1346e-16
5846.100 1.1923e-16
5847.625 1.0668e-16
5849.150 1.058e-16
5850.675 1.1287e-16
5852.200 1.1686e-16
5853.725 1.1917e-16
5855.250 1.1496e-16
5856.775 1.1185e-16
5858.300 1.1454e-16
5859.825 1.1886e-16
5861.350 1.1395e-16
5862.875 1.0798e-16
5864.400 1.1547e-16
5865.925 1.0663e-16
5867.450 1.0241e-16
5868.975 1.1104e-16
5870.500 1.1715e-16
5872.025 1.2122e-16
5873.550 1.2081e-16
5875.075 1.122e-16
5876.600 1.1607e-16
5878.125 1.1488e-16
5879.650 1.0613e-16
5881.175 1.084e-16
5882.700 1.0213e-16
5884.225 1.1322e-16
5885.750 1.3207e-16
5887.275 1.3666e-16
5888.800 1.3033e-16
5890.325 1.2667e-16
5891.850 1.1452e-16
5893.375 1.1003e-16
5894.900 1.2338e-16
5896.425 1.3165e-16
5897.950 1.2761e-16
5899.475 1.2456e-16
5901.000 1.2759e-16
5902.525 1.2421e-16
5904.050 1.2256e-16
5905.575 1.2554e-16
5907.100 1.3456e-16
5908.625 1.3621e-16
5910.150 1.3371e-16
5911.675 1.2874e-16
5913.200 1.2426e-16
5914.725 1.2379e-16
5916.250 1.2804e-16
5917.775 1.4086e-16
5919.300 1.4001e-16
5920.825 1.3027e-16
5922.350 1.3964e-16
5923.875 1.5217e-16
5925.400 1.5069e-16
5926.925 1.4223e-16
5928.450 1.4664e-16
5929.975 1.5464e-16
5931.500 1.5427e-16
5933.025 1.4867e-16
5934.550 1.4624e-16
5936.075 1.3795e-16
5937.600 1.3763e-16
5939.125 1.4574e-16
5940.650 1.5113e-16
5942.175 1.4918e-16
5943.700 1.5283e-16
5945.225 1.5325e-16
5946.750 1.5489e-16
5948.275 1.538e-16
5949.800 1.447e-16
5951.325 1.4065e-16
5952.850 1.4419e-16
5954.375 1.5116e-16
5955.900 1.6094e-16
5957.425 1.5128e-16
5958.950 1.5131e-16
5960.475 1.4858e-16
5962.000 1.3985e-16
5963.525 1.4368e-16
5965.050 1.4456e-16
5966.575 1.3949e-16
5968.100 1.5094e-16
5969.625 1.515e-16
5971.150 1.474e-16
5972.675 1.5543e-16
5974.200 1.5185e-16
5975.725 1.4179e-16
5977.250 1.5137e-16
5978.775 1.51e-16
5980.300 1.4637e-16
5981.825 1.5043e-16
5983.350 1.5444e-16
5984.875 1.5427e-16
5986.400 1.5785e-16
5987.925 1.56e-16
5989.450 1.4264e-16
5990.975 1.459e-16
5992.500 1.642e-16
5994.025 1.6402e-16
5995.550 1.546e-16
5997.075 1.5063e-16
5998.600 1.5229e-16
6000.125 1.5823e-16
6001.650 1.6551e-16
6003.175 1.6426e-16
6004.700 1.5391e-16
6006.225 1.505e-16
6007.750 1.6148e-16
6009.275 1.536e-16
6010.800 1.4415e-16
6012.325 1.4029e-16
6013.850 1.4718e-16
6015.375 1.558e-16
6016.900 1.4506e-16
6018.425 1.3852e-16
6019.950 1.5077e-16
6021.475 1.5209e-16
6023.000 1.4384e-16
6024.525 1.4819e-16
6026.050 1.5552e-16
6027.575 1.4655e-16
6029.100 1.361e-16
6030.625 1.4112e-16
6032.150 1.5457e-16
6033.675 1.5643e-16
6035.200 1.4266e-16
6036.725 1.4459e-16
6038.250 1.6365e-16
6039.775 1.6121e-16
6041.300 1.4811e-16
6042.825 1.4149e-16
6044.350 1.4631e-16
6045.875 1.4817e-16
6047.400 1.4524e-16
6048.925 1.5379e-16
6050.450 1.5522e-16
6051.975 1.4473e-16
6053.500 1.4391e-16
6055.025 1.5825e-16
6056.550 1.5755e-16
6058.075 1.4904e-16
6059.600 1.5072e-16
6061.125 1.5498e-16
6062.650 1.5661e-16
6064.175 1.5697e-16
6065.700 1.5187e-16
6067.225 1.5127e-16
6068.750 1.5403e-16
6070.275 1.4621e-16
6071.800 1.4264e-16
6073.325 1.4897e-16
6074.850 1.5133e-16
6076.375 1.425e-16
6077.900 1.3778e-16
6079.425 1.5226e-16
6080.950 1.5788e-16
6082.475 1.4557e-16
6084.000 1.4186e-16
6085.525 1.4493e-16
6087.050 1.4467e-16
6088.575 1.4999e-16
6090.100 1.5148e-16
6091.625 1.4364e-16
6093.150 1.389e-16
6094.675 1.419e-16
6096.200 1.4374e-16
6097.725 1.4566e-16
6099.250 1.5244e-16
6100.775 1.5175e-16
6102.300 1.4894e-16
6103.825 1.5114e-16
6105.350 1.4679e-16
6106.875 1.4665e-16
6108.400 1.6347e-16
6109.925 1.5889e-16
6111.450 1.3585e-16
6112.975 1.4046e-16
6114.500 1.4885e-16
6116.025 1.419e-16
6117.550 1.4159e-16
6119.075 1.4651e-16
6120.600 1.3089e-16
6122.125 1.2468e-16
6123.650 1.3741e-16
6125.175 1.4166e-16
6126.700 1.4701e-16
6128.225 1.4334e-16
6129.750 1.3371e-16
6131.275 1.3417e-16
6132.800 1.3339e-16
6134.325 1.3507e-16
6135.850 1.386e-16
6137.375 1.3757e-16
6138.900 1.3201e-16
6140.425 1.2885e-16
6141.950 1.287e-16
6143.475 1.3006e-16
6145.000 1.2361e-16
6146.525 1.2259e-16
6148.050 1.3041e-16
6149.575 1.3207e-16
6151.100 1.3224e-16
6152.625 1.293e-16
6154.150 1.2519e-16
6155.675 1.1978e-16
6157.200 1.2181e-16
6158.725 1.2716e-16
6160.250 1.2586e-16
6161.775 1.2133e-16
6163.300 1.1474e-16
6164.825 1.1362e-16
6166.350 1.1465e-16
6167.875 1.2247e-16
6169.400 1.2982e-16
6170.925 1.2856e-16
6172.450 1.2261e-16
6173.975 1.2324e-16
6175.500 1.2196e-16
6177.025 1.1718e-16
6178.550 1.2062e-16
6180.075 1.2032e-16
6181.600 1.2092e-16
6183.125 1.1877e-16
6184.650 1.1324e-16
6186.175 1.2302e-16
6187.700 1.3047e-16
6189.225 1.2467e-16
6190.750 1.2415e-16
6192.275 1.2416e-16
6193.800 1.2265e-16
6195.325 1.2223e-16
6196.850 1.1735e-16
6198.375 1.0812e-16
6199.900 1.078e-16
6201.425 1.1221e-16
6202.950 1.1438e-16
6204.475 1.1782e-16
6206.000 1.23e-16
6207.525 1.321e-16
6209.050 1.4283e-16
6210.575 1.4083e-16
6212.100 1.3041e-16
6213.625 1.2353e-16
6215.150 1.2139e-16
6216.675 1.2244e-16
6218.200 1.2101e-16
6219.725 1.253e-16
6221.250 1.2824e-16
6222.775 1.339e-16
6224.300 1.3526e-16
6225.825 1.3257e-16
6227.350 1.3838e-16
6228.875 1.3598e-16
6230.400 1.2978e-16
6231.925 1.3282e-16
6233.450 1.3557e-16
6234.975 1.3965e-16
6236.500 1.35e-16
6238.025 1.3087e-16
6239.550 1.3512e-16
6241.075 1.3356e-16
6242.600 1.3612e-16
6244.125 1.3821e-16
6245.650 1.3655e-16
6247.175 1.4517e-16
6248.700 1.4278e-16
6250.225 1.2868e-16
6251.750 1.3741e-16
6253.275 1.4979e-16
6254.800 1.5379e-16
6256.325 1.4234e-16
6257.850 1.2939e-16
6259.375 1.3222e-16
6260.900 1.4168e-16
6262.425 1.4836e-16
6263.950 1.4843e-16
6265.475 1.4056e-16
6267.000 1.4184e-16
6268.525 1.4671e-16
6270.050 1.4376e-16
6271.575 1.4402e-16
6273.100 1.5103e-16
6274.625 1.4828e-16
6276.150 1.4523e-16
6277.675 1.4241e-16
6279.200 1.4745e-16
6280.725 1.4966e-16
6282.250 1.5258e-16
6283.775 1.5561e-16
6285.300 1.622e-16
6286.825 1.7099e-16
6288.350 1.5654e-16
6289.875 1.529e-16
6291.400 1.5363e-16
6292.925 1.3945e-16
6294.450 1.3553e-16
6295.975 1.392e-16
6297.500 1.4327e-16
6299.025 1.5437e-16
6300.550 1.4908e-16
6302.075 1.404e-16
6303.600 1.3616e-16
6305.125 1.381e-16
6306.650 1.399e-16
6308.175 1.2793e-16
6309.700 1.4141e-16
6311.225 1.5377e-16
6312.750 1.4348e-16
6314.275 1.3382e-16
6315.800 1.3903e-16
6317.325 1.4742e-16
6318.850 1.5448e-16
6320.375 1.4796e-16
6321.900 1.4008e-16
6323.425 1.4168e-16
6324.950 1.4348e-16
6326.475 1.4492e-16
6328.000 1.4261e-16
6329.525 1.3485e-16
6331.050 1.4617e-16
6332.575 1.5993e-16
6334.100 1.5218e-16
6335.625 1.3833e-16
6337.150 1.3418e-16
6338.675 1.3623e-16
6340.200 1.4466e-16
6341.725 1.5333e-16
6343.250 1.5296e-16
6344.775 1.5248e-16
6346.300 1.4826e-16
6347.825 1.3449e-16
6349.350 1.2872e-16
6350.875 1.4143e-16
6352.400 1.5853e-16
6353.925 1.5708e-16
6355.450 1.3828e-16
6356.975 1.3115e-16
6358.500 1.4357e-16
6360.025 1.4691e-16
6361.550 1.4361e-16
6363.075 1.4867e-16
6364.600 1.6109e-16
6366.125 1.6308e-16
6367.650 1.4995e-16
6369.175 1.4573e-16
6370.700 1.4395e-16
6372.225 1.4258e-16
6373.750 1.4593e-16
6375.275 1.4949e-16
6376.800 1.4452e-16
6378.325 1.3822e-16
6379.850 1.4173e-16
6381.375 1.4002e-16
6382.900 1.3518e-16
6384.425 1.3773e-16
6385.950 1.378e-16
6387.475 1.3844e-16
6389.000 1.373e-16
6390.525 1.3265e-16
6392.050 1.2925e-16
6393.575 1.2665e-16
6395.100 1.344e-16
6396.625 1.4072e-16
6398.150 1.3704e-16
6399.675 1.31e-16
6401.200 1.342e-16
6402.725 1.3527e-16
6404.250 1.3094e-16
6405.775 1.3211e-16
6407.300 1.3079e-16
6408.825 1.3339e-16
6410.350 1.3971e-16
6411.875 1.3344e-16
6413.400 1.3833e-16
6414.925 1.402e-16
6416.450 1.3535e-16
6417.975 1.3789e-16
6419.500 1.3758e-16
6421.025 1.3766e-16
6422.550 1.4571e-16
6424.075 1.5217e-16
6425.600 1.4341e-16
6427.125 1.3784e-16
6428.650 1.4293e-16
6430.175 1.4214e-16
6431.700 1.3775e-16
6433.225 1.3127e-16
6434.750 1.4094e-16
6436.275 1.5045e-16
6437.800 1.4627e-16
6439.325 1.4054e-16
6440.850 1.3296e-16
6442.375 1.3941e-16
6443.900 1.4234e-16
6445.425 1.3518e-16
6446.950 1.2897e-16
6448.475 1.2589e-16
6450.000 1.2364e-16
6451.525 1.3034e-16
6453.050 1.3218e-16
6454.575 1.3812e-16
6456.100 1.3263e-16
6457.625 1.2391e-16
6459.150 1.2646e-16
6460.675 1.2968e-16
6462.200 1.3302e-16
6463.725 1.2108e-16
6465.250 1.2027e-16
6466.775 1.2004e-16
6468.300 1.2902e-16
6469.825 1.3497e-16
6471.350 1.2632e-16
6472.875 1.1936e-16
6474.400 1.1025e-16
6475.925 1.0391e-16
6477.450 1.1298e-16
6478.975 1.2199e-16
6480.500 1.1964e-16
6482.025 1.1528e-16
6483.550 1.1716e-16
6485.075 1.1874e-16
6486.600 1.0629e-16
6488.125 1.1516e-16
6489.650 1.0574e-16
6491.175 9.804e-17
6492.700 1.0317e-16
6494.225 1.0927e-16
6495.750 1.0551e-16
6497.275 1.0312e-16
6498.800 9.9578e-17
6500.325 9.6661e-17
6501.850 1.0376e-16
6503.375 1.0629e-16
6504.900 1.0092e-16
6506.425 9.5154e-17
6507.950 9.7855e-17
6509.475 8.9097e-17
6511.000 8.3117e-17
6512.525 7.9889e-17
6514.050 9.0114e-17
6515.575 8.687e-17
6517.100 8.0817e-17
6518.625 8.267e-17
6520.150 7.7088e-17
6521.675 8.2783e-17
6523.200 9.0409e-17
6524.725 8.1685e-17
6526.250 8.9072e-17
6527.775 8.1702e-17
6529.300 7.001e-17
6530.825 6.9877e-17
6532.350 7.012e-17
6533.875 6.9305e-17
6535.400 6.5935e-17
6536.925 6.2427e-17
6538.450 6.3146e-17
6539.975 6.9315e-17
6541.500 6.8097e-17
6543.025 6.5361e-17
6544.550 6.3082e-17
6546.075 6.6727e-17
6547.600 7.2973e-17
6549.125 7.3315e-17
6550.650 7.4654e-17
6552.175 7.1381e-17
6553.700 6.457e-17
6555.225 6.2856e-17
6556.750 6.6151e-17
6558.275 7.122e-17
6559.800 6.2525e-17
6561.325 6.3759e-17
6562.850 7.0722e-17
6564.375 6.7835e-17
6565.900 6.2236e-17
6567.425 6.7133e-17
6568.950 6.8501e-17
6570.475 6.6552e-17
6572.000 6.0588e-17
6573.525 5.9338e-17
6575.050 6.2666e-17
6576.575 6.1678e-17
6578.100 6.0269e-17
6579.625 6.0039e-17
6581.150 6.3504e-17
6582.675 6.9794e-17
6584.200 6.6351e-17
6585.725 6.3597e-17
6587.250 6.2194e-17
6588.775 6.7408e-17
6590.300 6.6296e-17
6591.825 6.3836e-17
6593.350 6.8081e-17
6594.875 6.9582e-17
6596.400 6.5416e-17
6597.925 6.7958e-17
6599.450 6.8567e-17
6600.975 6.7722e-17
6602.500 7.0236e-17
6604.025 7.1398e-17
6605.550 7.3241e-17
6607.075 6.7271e-17
6608.600 5.9885e-17
6610.125 6.214e-17
6611.650 6.7685e-17
6613.175 6.8852e-17
6614.700 7.1823e-17
6616.225 7.3234e-17
6617.750 7.043e-17
6619.275 7.0747e-17
6620.800 8.0051e-17
6622.325 8.0881e-17
6623.850 7.3847e-17
6625.375 7.2899e-17
6626.900 7.0695e-17
6628.425 7.8704e-17
6629.950 8.4421e-17
6631.475 8.2466e-17
6633.000 9.0244e-17
6634.525 9.0507e-17
6636.050 8.283e-17
6637.575 8.3915e-17
6639.100 8.7238e-17
6640.625 9.2685e-17
6642.150 9.3207e-17
6643.675 8.6839e-17
6645.200 8.7451e-17
6646.725 8.8105e-17
6648.250 8.9741e-17
6649.775 9.1077e-17
6651.300 9.1653e-17
6652.825 9.6945e-17
6654.350 9.7308e-17
6655.875 1.0003e-16
6657.400 1.0304e-16
6658.925 9.8495e-17
6660.450 9.2793e-17
6661.975 9.6583e-17
6663.500 1.0078e-16
6665.025 9.5686e-17
6666.550 9.2631e-17
6668.075 9.2999e-17
6669.600 9.7458e-17
6671.125 1.0342e-16
6672.650 1.082e-16
6674.175 1.0979e-16
6675.700 1.0899e-16
6677.225 1.0433e-16
6678.750 1.0059e-16
6680.275 1.0543e-16
6681.800 1.1051e-16
6683.325 1.1292e-16
6684.850 1.1246e-16
6686.375 1.0803e-16
6687.900 1.0758e-16
6689.425 1.1112e-16
6690.950 1.1141e-16
6692.475 1.0582e-16
6694.000 1.0458e-16
6695.525 1.1347e-16
6697.050 1.1882e-16
6698.575 1.1311e-16
6700.100 1.0659e-16
6701.625 1.0358e-16
6703.150 1.0722e-16
6704.675 1.1681e-16
6706.200 1.1641e-16
6707.725 1.0802e-16
6709.250 1.0671e-16
6710.775 1.1446e-16
6712.300 1.2091e-16
6713.825 1.2728e-16
6715.350 1.2459e-16
6716.875 1.2032e-16
6718.400 1.2643e-16
6719.925 1.2419e-16
6721.450 1.111e-16
6722.975 1.154e-16
6724.500 1.1876e-16
6726.025 1.0829e-16
6727.550 1.1488e-16
6729.075 1.2635e-16
6730.600 1.247e-16
6732.125 1.2197e-16
6733.650 1.2134e-16
6735.175 1.1888e-16
6736.700 1.1919e-16
6738.225 1.2115e-16
6739.750 1.2015e-16
6741.275 1.1722e-16
6742.800 1.2067e-16
6744.325 1.2283e-16
6745.850 1.3449e-16
6747.375 1.3355e-16
6748.900 1.2805e-16
6750.425 1.31e-16
6751.950 1.2498e-16
6753.475 1.2187e-16
6755.000 1.2006e-16
6756.525 1.2333e-16
6758.050 1.2686e-16
6759.575 1.2397e-16
6761.100 1.1984e-16
6762.625 1.2073e-16
6764.150 1.2252e-16
6765.675 1.292e-16
6767.200 1.3091e-16
6768.725 1.2527e-16
6770.250 1.2038e-16
6771.775 1.211e-16
6773.300 1.206e-16
6774.825 1.2509e-16
6776.350 1.264e-16
6777.875 1.326e-16
6779.400 1.3223e-16
6780.925 1.3092e-16
6782.450 1.3574e-16
6783.975 1.2996e-16
6785.500 1.3047e-16
6787.025 1.2764e-16
6788.550 1.2793e-16
6790.075 1.2605e-16
6791.600 1.2424e-16
6793.125 1.3009e-16
6794.650 1.3031e-16
6796.175 1.1996e-16
6797.700 1.239e-16
6799.225 1.2954e-16
6800.750 1.2547e-16
6802.275 1.2369e-16
6803.800 1.2776e-16
6805.325 1.3505e-16
6806.850 1.3278e-16
6808.375 1.3584e-16
6809.900 1.3561e-16
6811.425 1.3005e-16
6812.950 1.2906e-16
6814.475 1.2804e-16
6816.000 1.3372e-16
6817.525 1.3192e-16
6819.050 1.335e-16
6820.575 1.3533e-16
6822.100 1.2618e-16
6823.625 1.2677e-16
6825.150 1.2702e-16
6826.675 1.2519e-16
6828.200 1.3322e-16
6829.725 1.3301e-16
6831.250 1.263e-16
6832.775 1.3122e-16
6834.300 1.352e-16
6835.825 1.3377e-16
6837.350 1.2884e-16
6838.875 1.2631e-16
6840.400 1.2734e-16
6841.925 1.2453e-16
6843.450 1.1605e-16
6844.975 1.1865e-16
6846.500 1.2789e-16
6848.025 1.3299e-16
6849.550 1.3136e-16
6851.075 1.2129e-16
6852.600 1.1e-16
6854.125 1.1947e-16
6855.650 1.2548e-16
6857.175 1.2854e-16
6858.700 1.2484e-16
6860.225 1.1615e-16
6861.750 1.1209e-16
6863.275 1.1228e-16
6864.800 1.0152e-16
6866.325 1.0341e-16
6867.850 9.6175e-17
6869.375 8.4219e-17
6870.900 8.8894e-17
6872.425 9.4384e-17
6873.950 9.0677e-17
6875.475 9.8821e-17
6877.000 1.1185e-16
6878.525 1.1145e-16
6880.050 1.1001e-16
6881.575 1.1609e-16
6883.100 1.1173e-16
6884.625 1.0843e-16
6886.150 1.1382e-16
6887.675 1.0478e-16
6889.200 9.4017e-17
6890.725 9.8689e-17
6892.250 1.0361e-16
6893.775 1.0411e-16
6895.300 1.0612e-16
6896.825 1.0616e-16
6898.350 1.1572e-16
6899.875 1.2719e-16
6901.400 1.2363e-16
6902.925 1.1096e-16
6904.450 1.014e-16
6905.975 1.0659e-16
6907.500 1.105e-16
6909.025 1.0222e-16
6910.550 9.8962e-17
6912.075 1.0539e-16
6913.600 1.0488e-16
6915.125 1.0108e-16
6916.650 1.0913e-16
6918.175 1.1208e-16
6919.700 1.1021e-16
6921.225 1.1351e-16
6922.750 1.1788e-16
6924.275 1.1792e-16
6925.800 1.102e-16
6927.325 1.0394e-16
6928.850 1.0734e-16
6930.375 1.1354e-16
6931.900 1.1418e-16
6933.425 1.106e-16
6934.950 1.0316e-16
6936.475 1.1214e-16
6938.000 1.2233e-16
6939.525 1.1813e-16
6941.050 1.1323e-16
6942.575 1.1061e-16
6944.100 1.0986e-16
6945.625 1.1334e-16
6947.150 1.1255e-16
6948.675 1.065e-16
6950.200 1.0304e-16
6951.725 1.0881e-16
6953.250 1.1195e-16
6954.775 1.0728e-16
6956.300 1.0819e-16
6957.825 1.0536e-16
6959.350 1.0466e-16
6960.875 1.0824e-16
6962.400 1.0489e-16
6963.925 1.0412e-16
6965.450 1.1095e-16
6966.975 1.1182e-16
6968.500 1.0999e-16
6970.025 1.1268e-16
6971.550 1.0909e-16
6973.075 1.0576e-16
6974.600 1.0355e-16
6976.125 1.108e-16
6977.650 1.0191e-16
6979.175 1.0098e-16
6980.700 1.0917e-16
6982.225 1.0696e-16
6983.750 1.0145e-16
6985.275 1.0944e-16
6986.800 1.1081e-16
6988.325 9.8595e-17
6989.850 9.7508e-17
6991.375 1.0241e-16
6992.900 1.0603e-16
6994.425 1.0708e-16
6995.950 1.1297e-16
6997.475 1.099e-16
6999.000 1.0993e-16
7000.525 1.1224e-16
7002.050 1.1079e-16
7003.575 9.9265e-17
7005.100 9.5707e-17
7006.625 1.0162e-16
7008.150 1.0854e-16
7009.675 1.0216e-16
7011.200 1.0661e-16
7012.725 1.1113e-16
7014.250 1.0813e-16
7015.775 1.0567e-16
7017.300 1.0184e-16
7018.825 1.0086e-16
7020.350 1.0223e-16
7021.875 1.0642e-16
7023.400 1.0823e-16
7024.925 1.1102e-16
7026.450 1.089e-16
7027.975 1.0027e-16
7029.500 9.5889e-17
7031.025 1.06e-16
7032.550 1.0848e-16
7034.075 1.0252e-16
7035.600 1.0258e-16
7037.125 9.8318e-17
7038.650 9.4315e-17
7040.175 1.042e-16
7041.700 1.1171e-16
7043.225 1.0942e-16
7044.750 1.0387e-16
7046.275 1.1015e-16
7047.800 1.0635e-16
7049.325 1.0656e-16
7050.850 1.0799e-16
7052.375 1.0734e-16
7053.900 1.071e-16
7055.425 1.0307e-16
7056.950 9.8692e-17
7058.475 1.0594e-16
7060.000 1.1216e-16
7061.525 1.0459e-16
7063.050 1.0598e-16
7064.575 1.1418e-16
7066.100 1.0914e-16
7067.625 1.0742e-16
7069.150 1.0523e-16
7070.675 1.0797e-16
7072.200 1.0839e-16
7073.725 1.0876e-16
7075.250 9.821e-17
7076.775 9.9791e-17
7078.300 1.1428e-16
7079.825 1.1474e-16
7081.350 1.0267e-16
7082.875 9.6537e-17
7084.400 9.8603e-17
7085.925 9.8435e-17
7087.450 1.0355e-16
7088.975 1.0676e-16
7090.500 1.0397e-16
7092.025 1.0052e-16
7093.550 9.8166e-17
7095.075 9.6284e-17
7096.600 9.8013e-17
7098.125 1.0146e-16
7099.650 1.0436e-16
7101.175 1.016e-16
7102.700 9.6868e-17
7104.225 9.9379e-17
7105.750 1.0314e-16
7107.275 1.0407e-16
7108.800 1.0345e-16
7110.325 1.0329e-16
7111.850 9.9882e-17
7113.375 9.0257e-17
7114.900 8.9999e-17
7116.425 1.0145e-16
7117.950 1.0785e-16
7119.475 1.0418e-16
7121.000 9.8074e-17
7122.525 9.9794e-17
7124.050 1.0055e-16
7125.575 9.2324e-17
7127.100 9.0446e-17
7128.625 8.9336e-17
7130.150 8.6364e-17
7131.675 9.167e-17
7133.200 9.0995e-17
7134.725 9.0102e-17
7136.250 9.2662e-17
7137.775 9.3554e-17
7139.300 9.4242e-17
7140.825 8.8917e-17
7142.350 8.8822e-17
7143.875 8.772e-17
7145.400 8.4053e-17
7146.925 8.5386e-17
7148.450 8.9551e-17
7149.975 9.332e-17
7151.500 9.4658e-17
7153.025 1.0065e-16
7154.550 9.9322e-17
7156.075 9.4802e-17
7157.600 9.3483e-17
7159.125 8.5589e-17
7160.650 9.1446e-17
7162.175 9.5369e-17
7163.700 9.3707e-17
7165.225 9.5892e-17
7166.750 9.774e-17
7168.275 9.6642e-17
7169.800 9.4209e-17
7171.325 9.435e-17
7172.850 9.3178e-17
7174.375 8.7269e-17
7175.900 8.2139e-17
7177.425 7.7881e-17
7178.950 7.1506e-17
7180.475 7.3395e-17
7182.000 8.2539e-17
7183.525 8.1707e-17
7185.050 8.5609e-17
7186.575 9.1983e-17
7188.100 9.0402e-17
7189.625 8.1956e-17
7191.150 8.1029e-17
7192.675 8.2279e-17
7194.200 8.2203e-17
7195.725 7.8134e-17
7197.250 7.2306e-17
7198.775 8.4198e-17
7200.300 7.9147e-17
7201.825 7.2346e-17
7203.350 8.2202e-17
7204.875 9.2559e-17
7206.400 8.752e-17
7207.925 8.7497e-17
7209.450 8.8321e-17
7210.975 8.4532e-17
7212.500 8.5393e-17
7214.025 8.9579e-17
7215.550 9.6541e-17
7217.075 9.5254e-17
7218.600 8.9801e-17
7220.125 8.4678e-17
7221.650 8.0198e-17
7223.175 7.8609e-17
7224.700 7.8586e-17
7226.225 8.0274e-17
7227.750 8.2891e-17
7229.275 8.4296e-17
7230.800 8.0721e-17
7232.325 7.4855e-17
7233.850 6.9838e-17
7235.375 7.4435e-17
7236.900 7.8812e-17
7238.425 8.1889e-17
7239.950 8.8279e-17
7241.475 8.4368e-17
7243.000 7.004e-17
7244.525 6.8536e-17
7246.050 6.9861e-17
7247.575 6.9656e-17
7249.100 6.9821e-17
7250.625 6.865e-17
7252.150 6.6703e-17
7253.675 7.2718e-17
7255.200 7.6404e-17
7256.725 7.6417e-17
7258.250 7.7407e-17
7259.775 7.9599e-17
7261.300 7.5609e-17
7262.825 7.7031e-17
7264.350 7.7174e-17
7265.875 7.8496e-17
7267.400 8.1282e-17
7268.925 7.5958e-17
7270.450 7.721e-17
7271.975 8.7791e-17
7273.500 9.0772e-17
7275.025 8.6384e-17
7276.550 7.2731e-17
7278.075 6.4684e-17
7279.600 7.3452e-17
7281.125 8.3477e-17
7282.650 8.3544e-17
7284.175 7.5486e-17
7285.700 7.1321e-17
7287.225 7.3625e-17
7288.750 7.67e-17
7290.275 7.8734e-17
7291.800 8.3602e-17
7293.325 8.3602e-17
7294.850 7.6472e-17
7296.375 7.0637e-17
7297.900 7.1622e-17
7299.425 8.0364e-17
7300.950 8.2093e-17
7302.475 7.8614e-17
7304.000 7.6923e-17
7305.525 7.4945e-17
7307.050 7.5733e-17
7308.575 7.6637e-17
7310.100 7.5886e-17
7311.625 8.1926e-17
7313.150 8.3726e-17
7314.675 8.4388e-17
7316.200 8.5882e-17
7317.725 8.2943e-17
7319.250 7.9025e-17
7320.775 7.4984e-17
7322.300 7.4236e-17
7323.825 8.4641e-17
7325.350 9.1313e-17
7326.875 8.1508e-17
7328.400 8.1803e-17
7329.925 8.5532e-17
7331.450 7.8184e-17
7332.975 8.0078e-17
7334.500 8.1224e-17
7336.025 8.04e-17
7337.550 8.1911e-17
7339.075 7.683e-17
7340.600 7.7466e-17
7342.125 8.2196e-17
7343.650 8.2989e-17
7345.175 8.3387e-17
7346.700 7.5995e-17
7348.225 7.0272e-17
7349.750 7.9638e-17
7351.275 8.3322e-17
7352.800 8.1279e-17
7354.325 8.5025e-17
7355.850 8.6422e-17
7357.375 7.5477e-17
7358.900 7.7948e-17
7360.425 7.6891e-17
7361.950 7.2277e-17
7363.475 8.0712e-17
7365.000 8.7299e-17
7366.525 8.6911e-17
7368.050 9.4846e-17
7369.575 9.5848e-17
7371.100 8.9599e-17
7372.625 8.2493e-17
7374.150 7.7068e-17
7375.675 7.6502e-17
7377.200 7.965e-17
7378.725 7.5261e-17
7380.250 7.9102e-17
7381.775 8.6117e-17
7383.300 8.3459e-17
7384.825 7.4331e-17
7386.350 6.9942e-17
7387.875 7.1261e-17
7389.400 7.7803e-17
7390.925 7.9992e-17
7392.450 8.3522e-17
7393.975 8.1801e-17
7395.500 8.2775e-17
7397.025 8.3187e-17
7398.550 8.3298e-17
7400.075 8.4864e-17
7401.600 8.2471e-17
7403.125 7.9457e-17
7404.650 7.3305e-17
7406.175 7.5874e-17
7407.700 8.0466e-17
7409.225 8.256e-17
7410.750 8.2583e-17
7412.275 8.1277e-17
7413.800 8.9517e-17
7415.325 8.6485e-17
7416.850 7.8644e-17
7418.375 8.0947e-17
7419.900 7.8002e-17
7421.425 7.5648e-17
7422.950 7.4656e-17
7424.475 7.893e-17
7426.000 8.3832e-17
7427.525 8.0604e-17
7429.050 7.9171e-17
7430.575 7.4805e-17
7432.100 7.1594e-17
7433.625 7.7614e-17
7435.150 7.9776e-17
7436.675 7.716e-17
7438.200 7.3722e-17
7439.725 7.4125e-17
7441.250 7.0914e-17
7442.775 6.8178e-17
7444.300 7.2135e-17
7445.825 7.3466e-17
7447.350 7.0066e-17
7448.875 7.4181e-17
7450.400 8.2257e-17
7451.925 7.7783e-17
7453.450 7.0451e-17
7454.975 7.1794e-17
7456.500 7.7568e-17
7458.025 7.3167e-17
7459.550 7.4638e-17
7461.075 8.1001e-17
7462.600 7.7652e-17
7464.125 7.8088e-17
7465.650 8.1808e-17
7467.175 8.1457e-17
7468.700 8.0586e-17
7470.225 8.0381e-17
7471.750 8.3811e-17
7473.275 7.8965e-17
7474.800 6.6369e-17
7476.325 6.7524e-17
7477.850 7.6117e-17
7479.375 6.7993e-17
7480.900 6.8036e-17
7482.425 7.838e-17
7483.950 8.2685e-17
7485.475 7.8454e-17
7487.000 7.7144e-17
7488.525 8.2033e-17
7490.050 8.109e-17
7491.575 8.2144e-17
7493.100 8.0155e-17
7494.625 7.4373e-17
7496.150 7.1076e-17
7497.675 7.887e-17
7499.200 8.3144e-17
7500.725 7.0383e-17
7502.250 6.7816e-17
7503.775 8.0074e-17
7505.300 8.1525e-17
7506.825 8.0233e-17
7508.350 7.7217e-17
7509.875 7.3486e-17
7511.400 6.6914e-17
7512.925 7.7001e-17
7514.450 8.3881e-17
7515.975 7.6579e-17
7517.500 7.3022e-17
7519.025 8.0341e-17
7520.550 7.2171e-17
7522.075 6.8096e-17
7523.600 7.3253e-17
7525.125 7.2454e-17
7526.650 7.8266e-17
7528.175 7.7213e-17
7529.700 7.0712e-17
7531.225 7.0545e-17
7532.750 6.6164e-17
7534.275 6.1332e-17
7535.800 6.6714e-17
7537.325 7.5281e-17
7538.850 7.9248e-17
7540.375 7.1828e-17
7541.900 6.7287e-17
7543.425 7.709e-17
7544.950 7.5997e-17
7546.475 7.1436e-17
7548.000 7.725e-17
7549.525 7.7906e-17
7551.050 7.4951e-17
7552.575 7.5112e-17
7554.100 7.4222e-17
7555.625 7.7794e-17
7557.150 7.4285e-17
7558.675 6.4995e-17
7560.200 6.6164e-17
7561.725 6.8941e-17
7563.250 6.9102e-17
7564.775 6.9969e-17
7566.300 7.6267e-17
7567.825 7.1658e-17
7569.350 6.692e-17
7570.875 6.3037e-17
7572.400 6.5604e-17
7573.925 6.9899e-17
7575.450 7.6999e-17
7576.975 7.6744e-17
7578.500 6.7939e-17
7580.025 6.683e-17
7581.550 7.498e-17
7583.075 8.0122e-17
7584.600 7.3388e-17
7586.125 6.8253e-17
7587.650 7.065e-17
7589.175 6.9079e-17
7590.700 5.4362e-17
7592.225 4.1392e-17
7593.750 3.9618e-17
7595.275 3.9013e-17
7596.800 3.1636e-17
7598.325 2.2735e-17
7599.850 2.5172e-17
7601.375 2.5521e-17
7602.900 2.1243e-17
7604.425 2.4433e-17
7605.950 3.1125e-17
7607.475 3.5613e-17
7609.000 3.8832e-17
7610.525 3.0831e-17
7612.050 2.565e-17
7613.575 3.7381e-17
7615.100 4.3886e-17
7616.625 5.2539e-17
7618.150 6.0936e-17
7619.675 4.7183e-17
7621.200 3.7037e-17
7622.725 3.8318e-17
7624.250 3.1839e-17
7625.775 3.2579e-17
7627.300 4.0343e-17
7628.825 4.5688e-17
7630.350 4.6501e-17
7631.875 4.3708e-17
7633.400 3.6895e-17
7634.925 4.1697e-17
7636.450 4.7998e-17
7637.975 4.5908e-17
7639.500 4.2153e-17
7641.025 4.5594e-17
7642.550 4.8952e-17
7644.075 4.979e-17
7645.600 5.4799e-17
7647.125 5.8973e-17
7648.650 5.9553e-17
7650.175 5.7867e-17
7651.700 5.5537e-17
7653.225 5.4949e-17
7654.750 5.4319e-17
7656.275 5.8588e-17
7657.800 6.1226e-17
7659.325 6.7435e-17
7660.850 6.6757e-17
7662.375 6.298e-17
7663.900 5.8815e-17
7665.425 6.0744e-17
7666.950 6.6603e-17
7668.475 6.2849e-17
7670.000 6.8124e-17
7671.525 6.8492e-17
7673.050 6.2758e-17
7674.575 6.0312e-17
7676.100 6.4528e-17
7677.625 6.6732e-17
7679.150 6.6484e-17
7680.675 7.0586e-17
7682.200 7.4829e-17
7683.725 6.8997e-17
7685.250 6.5025e-17
7686.775 6.8219e-17
7688.300 7.0157e-17
7689.825 7.3329e-17
7691.350 7.3226e-17
7692.875 6.0197e-17
7694.400 5.3918e-17
7695.925 6.6586e-17
7697.450 7.3083e-17
7698.975 7.059e-17
7700.500 7.5769e-17
7702.025 6.8411e-17
7703.550 6.3014e-17
7705.075 7.0495e-17
7706.600 7.0006e-17
7708.125 6.8893e-17
7709.650 6.8981e-17
7711.175 6.798e-17
7712.700 7.4086e-17
7714.225 8.2475e-17
7715.750 8.0971e-17
7717.275 7.6667e-17
7718.800 7.91e-17
7720.325 7.8002e-17
7721.850 7.7666e-17
7723.375 8.2573e-17
7724.900 7.343e-17
7726.425 6.7042e-17
7727.950 7.0255e-17
7729.475 6.7246e-17
7731.000 7.3513e-17
7732.525 7.8822e-17
7734.050 6.8285e-17
7735.575 6.6363e-17
7737.100 7.8377e-17
7738.625 8.3072e-17
7740.150 8.3898e-17
7741.675 7.5891e-17
7743.200 6.3584e-17
7744.725 6.3965e-17
7746.250 7.4944e-17
7747.775 8.1221e-17
7749.300 7.5938e-17
7750.825 7.681e-17
7752.350 7.5062e-17
7753.875 6.9045e-17
7755.400 7.2984e-17
7756.925 7.7652e-17
7758.450 7.057e-17
7759.975 6.5924e-17
7761.500 6.4931e-17
7763.025 6.4686e-17
7764.550 7.3891e-17
7766.075 8.0304e-17
7767.600 6.7972e-17
7769.125 6.5628e-17
7770.650 7.232e-17
7772.175 7.1527e-17
7773.700 7.2525e-17
7775.225 7.0135e-17
7776.750 6.775e-17
7778.275 7.3265e-17
7779.800 6.9924e-17
7781.325 7.3338e-17
7782.850 7.1958e-17
7784.375 7.224e-17
7785.900 6.9309e-17
7787.425 7.0766e-17
7788.950 6.997e-17
7790.475 7.0903e-17
7792.000 7.4043e-17
7793.525 8.6179e-17
7795.050 7.5063e-17
7796.575 6.3419e-17
7798.100 5.9951e-17
7799.625 5.4743e-17
7801.150 5.9733e-17
7802.675 7.114e-17
7804.200 7.0978e-17
7805.725 6.6624e-17
7807.250 6.7332e-17
7808.775 7.2378e-17
7810.300 8.0239e-17
7811.825 7.1403e-17
7813.350 6.4181e-17
7814.875 7.2896e-17
7816.400 7.1707e-17
7817.925 6.1611e-17
7819.450 7.0184e-17
7820.975 7.594e-17
7822.500 6.3183e-17
7824.025 5.6251e-17
7825.550 5.4356e-17
7827.075 5.8525e-17
7828.600 6.2575e-17
7830.125 6.2552e-17
7831.650 6.7735e-17
7833.175 6.8324e-17
7834.700 7.1571e-17
7836.225 6.7885e-17
7837.750 6.7423e-17
7839.275 7.0978e-17
7840.800 6.4339e-17
7842.325 6.1064e-17
7843.850 6.5182e-17
7845.375 6.2954e-17
7846.900 5.7625e-17
7848.425 6.1769e-17
7849.950 6.9639e-17
7851.475 7.4478e-17
7853.000 7.356e-17
7854.525 6.4913e-17
7856.050 6.124e-17
7857.575 6.3581e-17
7859.100 6.1574e-17
7860.625 6.2425e-17
7862.150 6.5389e-17
7863.675 6.1098e-17
7865.200 5.9105e-17
7866.725 5.9122e-17
7868.250 5.4979e-17
7869.775 6.1779e-17
7871.300 6.9752e-17
7872.825 6.4745e-17
7874.350 5.7506e-17
7875.875 5.5176e-17
7877.400 5.8505e-17
7878.925 7.0931e-17
7880.450 7.2548e-17
7881.975 6.384e-17
7883.500 6.2221e-17
7885.025 6.8037e-17
7886.550 6.5459e-17
7888.075 6.153e-17
7889.600 6.7537e-17
7891.125 5.5775e-17
7892.650 5.2789e-17
7894.175 5.2707e-17
7895.700 5.0826e-17
7897.225 4.7789e-17
7898.750 5.8181e-17
7900.275 6.6718e-17
7901.800 6.3327e-17
7903.325 6.4148e-17
7904.850 6.8206e-17
7906.375 6.4833e-17
7907.900 6.0313e-17
7909.425 6.4452e-17
7910.950 5.7711e-17
7912.475 6.5517e-17
7914.000 7.0188e-17
7915.525 5.6698e-17
7917.050 5.727e-17
7918.575 6.4212e-17
7920.100 5.7975e-17
7921.625 5.7573e-17
7923.150 6.9999e-17
7924.675 6.9102e-17
7926.200 6.0843e-17
7927.725 6.1254e-17
7929.250 5.4232e-17
7930.775 6.5405e-17
7932.300 6.8179e-17
7933.825 6.2858e-17
7935.350 6.5042e-17
7936.875 6.2472e-17
7938.400 5.7327e-17
7939.925 5.5605e-17
7941.450 6.1328e-17
7942.975 6.2521e-17
7944.500 5.8866e-17
7946.025 5.9627e-17
7947.550 6.0167e-17
7949.075 5.0841e-17
7950.600 5.3304e-17
7952.125 5.8593e-17
7953.650 5.9799e-17
7955.175 5.6661e-17
7956.700 5.3384e-17
7958.225 5.7352e-17
7959.750 6.433e-17
7961.275 6.4461e-17
7962.800 5.901e-17
7964.325 6.0059e-17
7965.850 5.7966e-17
7967.375 5.7337e-17
7968.900 5.6723e-17
7970.425 5.5927e-17
7971.950 5.6236e-17
7973.475 5.6696e-17
7975.000 5.9602e-17
7976.525 5.6974e-17
7978.050 5.3278e-17
7979.575 5.4937e-17
7981.100 6.0386e-17
7982.625 5.9536e-17
7984.150 5.6563e-17
7985.675 5.639e-17
7987.200 5.7324e-17
7988.725 6.7017e-17
7990.250 6.5483e-17
7991.775 5.6643e-17
7993.300 6.3079e-17
7994.825 6.1425e-17
7996.350 5.4893e-17
7997.875 5.8283e-17
7999.400 5.7666e-17
8000.925 5.1112e-17
8002.450 4.8568e-17
8003.975 5.8869e-17
8005.500 6.5635e-17
8007.025 6.5055e-17
8008.550 5.8748e-17
8010.075 5.7989e-17
8011.600 5.6781e-17
8013.125 4.9328e-17
8014.650 4.5765e-17
8016.175 5.6643e-17
8017.700 6.2579e-17
8019.225 4.7991e-17
8020.750 4.8011e-17
8022.275 6.0941e-17
8023.800 6.2877e-17
8025.325 6.3217e-17
8026.850 6.2836e-17
8028.375 5.9064e-17
8029.900 5.6862e-17
8031.425 5.8218e-17
8032.950 6.1685e-17
8034.475 6.1723e-17
8036.000 5.4927e-17
8037.525 5.3775e-17
8039.050 5.9146e-17
8040.575 6.1682e-17
8042.100 6.576e-17
8043.625 5.7015e-17
8045.150 6.0376e-17
8046.675 6.4168e-17
8048.200 5.6144e-17
8049.725 5.1284e-17
8051.250 5.1193e-17
8052.775 5.6399e-17
8054.300 5.2123e-17
8055.825 5.0161e-17
8057.350 5.8468e-17
8058.875 6.1971e-17
8060.400 5.787e-17
8061.925 5.6964e-17
8063.450 5.6521e-17
8064.975 5.1935e-17
8066.500 5.0057e-17
8068.025 5.4666e-17
8069.550 5.4433e-17
8071.075 6.0326e-17
8072.600 6.4012e-17
8074.125 5.9924e-17
8075.650 5.4211e-17
8077.175 5.7037e-17
8078.700 6.0841e-17
8080.225 5.8511e-17
8081.750 5.3543e-17
8083.275 5.5813e-17
8084.800 5.7935e-17
8086.325 5.2775e-17
8087.850 5.5487e-17
8089.375 6.2404e-17
8090.900 7.1709e-17
8092.425 8.0343e-17
8093.950 7.7558e-17
8095.475 6.436e-17
8097.000 6.0596e-17
8098.525 6.1628e-17
8100.050 5.5445e-17
8101.575 5.4789e-17
8103.100 5.0457e-17
8104.625 5.1361e-17
8106.150 5.7857e-17
8107.675 5.582e-17
8109.200 5.5268e-17
8110.725 5.8136e-17
8112.250 5.5961e-17
8113.775 5.5875e-17
8115.300 5.5563e-17
8116.825 5.9028e-17
8118.350 6.5375e-17
8119.875 5.958e-17
8121.400 5.3286e-17
8122.925 5.237e-17
8124.450 4.8854e-17
8125.975 4.8069e-17
8127.500 5.7069e-17
8129.025 5.8694e-17
8130.550 5.5311e-17
8132.075 6.1945e-17
8133.600 6.3585e-17
8135.125 5.2762e-17
8136.650 5.0119e-17
8138.175 5.7493e-17
8139.700 5.8957e-17
8141.225 5.9467e-17
8142.750 5.5507e-17
8144.275 4.9207e-17
8145.800 5.2529e-17
8147.325 5.3368e-17
8148.850 5.1961e-17
8150.375 5.4326e-17
8151.900 5.0858e-17
8153.425 5.1733e-17
8154.950 5.8872e-17
8156.475 5.9678e-17
8158.000 5.5792e-17
8159.525 5.5799e-17
8161.050 5.4596e-17
8162.575 5.1576e-17
8164.100 5.4622e-17
8165.625 5.6367e-17
8167.150 5.9064e-17
8168.675 5.3067e-17
8170.200 6.4418e-17
8171.725 6.6815e-17
8173.250 6.9783e-17
8174.775 6.5045e-17
8176.300 5.4158e-17
8177.825 5.8316e-17
8179.350 6.1003e-17
8180.875 6.0164e-17
8182.400 6.4872e-17
8183.925 6.5374e-17
8185.450 6.0582e-17
8186.975 6.2279e-17
8188.500 5.645e-17
8190.025 5.2478e-17
8191.550 5.9708e-17
8193.075 5.8991e-17
8194.600 5.2969e-17
8196.125 6.1075e-17
8197.650 6.4114e-17
8199.175 5.7388e-17
8200.700 5.9499e-17
8202.225 6.4741e-17
8203.750 6.5516e-17
8205.275 6.2253e-17
8206.800 6.3557e-17
8208.325 6.1287e-17
8209.850 5.6336e-17
8211.375 6.1666e-17
8212.900 6.3638e-17
8214.425 5.9359e-17
8215.950 5.8036e-17
8217.475 6.1625e-17
8219.000 6.1277e-17
8220.525 5.899e-17
8222.050 5.8428e-17
8223.575 5.5328e-17
8225.100 5.5502e-17
8226.625 5.1887e-17
8228.150 5.1924e-17
8229.675 5.1608e-17
8231.200 5.0987e-17
8232.725 5.5672e-17
8234.250 6.1393e-17
8235.775 6.7958e-17
8237.300 6.5636e-17
8238.825 5.5512e-17
8240.350 5.131e-17
8241.875 5.4807e-17
8243.400 5.6316e-17
8244.925 6.9129e-17
8246.450 7.6606e-17
8247.975 6.3074e-17
8249.500 5.7537e-17
8251.025 6.6006e-17
8252.550 6.1941e-17
8254.075 5.1833e-17
8255.600 5.1264e-17
8257.125 5.6917e-17
8258.650 6.0275e-17
8260.175 6.4757e-17
8261.700 6.8978e-17
8263.225 6.3057e-17
8264.750 5.8201e-17
8266.275 6.4367e-17
8267.800 7.3923e-17
8269.325 7.1241e-17
8270.850 5.8697e-17
8272.375 5.643e-17
8273.900 5.9629e-17
8275.425 6.5807e-17
8276.950 5.8727e-17
8278.475 5.5249e-17
8280.000 5.8359e-17
8281.525 6.1864e-17
8283.050 6.1266e-17
8284.575 6.6768e-17
8286.100 6.1888e-17
8287.625 5.1821e-17
8289.150 6.3673e-17
8290.675 6.9965e-17
8292.200 6.4606e-17
8293.725 7.0182e-17
8295.250 7.552e-17
8296.775 7.2441e-17
8298.300 7.5012e-17
8299.825 8.0785e-17
8301.350 6.9879e-17
8302.875 6.5453e-17
8304.400 7.0444e-17
8305.925 6.9499e-17
8307.450 6.9489e-17
8308.975 6.9892e-17
8310.500 6.4145e-17
8312.025 5.7583e-17
8313.550 6.018e-17
8315.075 6.5934e-17
8316.600 6.9017e-17
8318.125 7.0326e-17
8319.650 6.6616e-17
8321.175 6.3698e-17
8322.700 6.3327e-17
8324.225 6.3256e-17
8325.750 6.8442e-17
8327.275 7.272e-17
8328.800 7.2485e-17
8330.325 6.6828e-17
8331.850 6.1634e-17
8333.375 6.4718e-17
8334.900 6.5324e-17
8336.425 6.0381e-17
8337.950 5.9118e-17
8339.475 7.5562e-17
8341.000 8.9183e-17
8342.525 8.1707e-17
8344.050 7.3443e-17
8345.575 8.9257e-17
8347.100 7.5253e-17
8348.625 5.3773e-17
8350.150 5.8039e-17
8351.675 7.6425e-17
8353.200 7.4661e-17
8354.725 6.9759e-17
8356.250 6.2329e-17
8357.775 5.8882e-17
8359.300 6.4548e-17
8360.825 7.238e-17
8362.350 7.0784e-17
8363.875 6.8623e-17
8365.400 7.1373e-17
8366.925 7.7308e-17
8368.450 7.2509e-17
8369.975 7.0577e-17
8371.500 6.9963e-17
8373.025 7.2195e-17
8374.550 8.1497e-17
8376.075 7.3811e-17
8377.600 7.6626e-17
8379.125 8.3484e-17
8380.650 7.3092e-17
8382.175 6.5875e-17
8383.700 6.8123e-17
8385.225 7.062e-17
8386.750 7.1528e-17
8388.275 6.5772e-17
8389.800 6.5497e-17
8391.325 6.6694e-17
8392.850 6.436e-17
8394.375 6.285e-17
8395.900 8.0384e-17
8397.425 9.3619e-17
8398.950 8.3928e-17
8400.475 7.4637e-17
8402.000 6.5598e-17
8403.525 6.3257e-17
8405.050 6.8179e-17
8406.575 6.9352e-17
8408.100 7.406e-17
8409.625 7.2607e-17
8411.150 7.7103e-17
8412.675 7.5898e-17
8414.200 6.9278e-17
8415.725 7.3997e-17
8417.250 5.9465e-17
8418.775 5.5958e-17
8420.300 6.5263e-17
8421.825 6.8334e-17
8423.350 6.7332e-17
8424.875 6.6337e-17
8426.400 7.1926e-17
8427.925 7.8356e-17
8429.450 7.9187e-17
8430.975 7.698e-17
8432.500 6.913e-17
8434.025 5.984e-17
8435.550 5.9595e-17
8437.075 6.8135e-17
8438.600 7.6776e-17
8440.125 7.6074e-17
8441.650 7.4738e-17
8443.175 6.8542e-17
8444.700 6.7095e-17
8446.225 7.2971e-17
8447.750 7.342e-17
8449.275 7.4083e-17
8450.800 6.7763e-17
8452.325 6.8356e-17
8453.850 7.2715e-17
8455.375 7.3995e-17
8456.900 6.7699e-17
8458.425 6.9747e-17
8459.950 6.9425e-17
8461.475 7.6117e-17
8463.000 8.125e-17
8464.525 8.2537e-17
8466.050 7.0558e-17
8467.575 6.2197e-17
8469.100 6.204e-17
8470.625 6.5078e-17
8472.150 6.8697e-17
8473.675 7.1217e-17
8475.200 7.3695e-17
8476.725 7.0667e-17
8478.250 6.78e-17
8479.775 6.6958e-17
8481.300 7.0442e-17
8482.825 6.9661e-17
8484.350 6.8216e-17
8485.875 6.8323e-17
8487.400 6.4912e-17
8488.925 7.1336e-17
8490.450 7.7343e-17
8491.975 7.1618e-17
8493.500 6.7378e-17
8495.025 7.2394e-17
8496.550 6.9113e-17
8498.075 7.0997e-17
8499.600 7.0973e-17
8501.125 6.7747e-17
8502.650 7.1332e-17
8504.175 8.6142e-17
8505.700 8.6611e-17
8507.225 7.3673e-17
8508.750 6.7639e-17
8510.275 6.1257e-17
8511.800 6.6273e-17
8513.325 7.2231e-17
8514.850 6.786e-17
8516.375 6.7739e-17
8517.900 7.005e-17
8519.425 7.2333e-17
8520.950 6.7346e-17
8522.475 5.8626e-17
8524.000 6.0781e-17
8525.525 6.7204e-17
8527.050 7.5335e-17
8528.575 7.8981e-17
8530.100 7.4321e-17
8531.625 7.0802e-17
8533.150 7.3176e-17
8534.675 7.4326e-17
8536.200 7.1351e-17
8537.725 7.0087e-17
8539.250 6.7034e-17
8540.775 6.3128e-17
8542.300 6.2123e-17
8543.825 6.1402e-17
8545.350 6.3702e-17
8546.875 7.2032e-17
8548.400 7.3434e-17
8549.925 6.8778e-17
8551.450 6.8339e-17
8552.975 6.4066e-17
8554.500 6.4165e-17
8556.025 6.4508e-17
8557.550 6.5931e-17
8559.075 6.378e-17
8560.600 6.0035e-17
8562.125 6.2296e-17
8563.650 6.1246e-17
8565.175 6.1718e-17
8566.700 6.7771e-17
8568.225 6.9155e-17
8569.750 5.4659e-17
8571.275 5.2092e-17
8572.800 6.3601e-17
8574.325 5.918e-17
8575.850 5.7416e-17
8577.375 5.247e-17
8578.900 5.6455e-17
8580.425 6.0359e-17
8581.950 5.6094e-17
8583.475 5.9266e-17
8585.000 5.7738e-17
8586.525 5.6057e-17
8588.050 6.3493e-17
8589.575 6.4407e-17
8591.100 6.6276e-17
8592.625 6.583e-17
8594.150 5.6428e-17
8595.675 5.7699e-17
8597.200 6.2309e-17
8598.725 6.1473e-17
8600.250 5.9846e-17
8601.775 6.0019e-17
8603.300 6.2839e-17
8604.825 6.0357e-17
8606.350 6.4974e-17
8607.875 6.6047e-17
8609.400 5.956e-17
8610.925 6.3115e-17
8612.450 6.2381e-17
8613.975 6.4988e-17
8615.500 5.7661e-17
8617.025 5.8364e-17
8618.550 5.932e-17
8620.075 6.1701e-17
8621.600 6.517e-17
8623.125 5.7152e-17
8624.650 5.4717e-17
8626.175 6.2723e-17
8627.700 6.6435e-17
8629.225 5.8779e-17
8630.750 5.04e-17
8632.275 5.8343e-17
8633.800 6.7918e-17
8635.325 6.7983e-17
8636.850 6.8703e-17
8638.375 6.2151e-17
8639.900 5.1614e-17
8641.425 5.8595e-17
8642.950 7.0171e-17
8644.475 6.9926e-17
8646.000 5.1674e-17
8647.525 3.9078e-17
8649.050 4.6728e-17
8650.575 5.6009e-17
8652.100 6.7169e-17
8653.625 6.7446e-17
8655.150 6.0242e-17
8656.675 6.351e-17
8658.200 6.7767e-17
8659.725 6.1503e-17
8661.250 5.8207e-17
8662.775 5.7851e-17
8664.300 5.6073e-17
8665.825 6.669e-17
8667.350 6.9852e-17
8668.875 5.8629e-17
8670.400 5.2013e-17
8671.925 5.9678e-17
8673.450 6.3665e-17
8674.975 5.6072e-17
8676.500 5.8725e-17
8678.025 5.9712e-17
8679.550 5.808e-17
8681.075 6.1921e-17
8682.600 6.2357e-17
8684.125 5.6586e-17
8685.650 5.6366e-17
8687.175 5.3143e-17
8688.700 5.8946e-17
8690.225 5.6002e-17
8691.750 5.2468e-17
8693.275 5.605e-17
8694.800 6.2755e-17
8696.325 6.3388e-17
8697.850 5.9288e-17
8699.375 5.9601e-17
8700.900 6.1295e-17
8702.425 5.6765e-17
8703.950 5.5655e-17
8705.475 5.1957e-17
8707.000 4.6534e-17
8708.525 5.5118e-17
8710.050 5.9649e-17
8711.575 5.8391e-17
8713.100 5.9942e-17
8714.625 5.7951e-17
8716.150 5.5908e-17
8717.675 5.4437e-17
8719.200 5.5826e-17
8720.725 5.6652e-17
8722.250 5.7951e-17
8723.775 5.6295e-17
8725.300 5.6174e-17
8726.825 6.398e-17
8728.350 6.1003e-17
8729.875 5.3783e-17
8731.400 4.2241e-17
8732.925 4.3556e-17
8734.450 5.5091e-17
8735.975 6.0549e-17
8737.500 5.289e-17
8739.025 5.1657e-17
8740.550 5.6936e-17
8742.075 5.5004e-17
8743.600 4.9263e-17
8745.125 4.7078e-17
8746.650 5.5921e-17
8748.175 5.4397e-17
8749.700 4.6738e-17
8751.225 4.8809e-17
8752.750 5.2974e-17
8754.275 5.2254e-17
8755.800 5.8725e-17
8757.325 7.6633e-17
8758.850 6.9526e-17
8760.375 4.416e-17
8761.900 4.1978e-17
8763.425 5.8764e-17
8764.950 7.0097e-17
8766.475 6.7972e-17
8768.000 5.1274e-17
8769.525 4.9529e-17
8771.050 4.5524e-17
8772.575 4.7937e-17
8774.100 6.0842e-17
8775.625 6.9763e-17
8777.150 6.3742e-17
8778.675 4.7634e-17
8780.200 4.2949e-17
8781.725 4.2561e-17
8783.250 4.4689e-17
8784.775 4.7668e-17
8786.300 5.4259e-17
8787.825 5.635e-17
8789.350 5.1883e-17
8790.875 4.59e-17
8792.400 4.2532e-17
8793.925 3.6407e-17
8795.450 3.8906e-17
8796.975 4.4181e-17
8798.500 4.6937e-17
8800.025 5.1102e-17
8801.550 5.2952e-17
8803.075 5.3577e-17
8804.600 5.2309e-17
8806.125 5.125e-17
8807.650 5.1018e-17
8809.175 4.4512e-17
8810.700 4.3409e-17
8812.225 4.7851e-17
8813.750 4.9495e-17
8815.275 4.7621e-17
8816.800 4.5351e-17
8818.325 5.1685e-17
8819.850 4.9677e-17
8821.375 4.9153e-17
8822.900 4.8889e-17
8824.425 4.9949e-17
8825.950 5.8872e-17
8827.475 6.2666e-17
8829.000 4.2082e-17
8830.525 3.0506e-17
8832.050 5.1709e-17
8833.575 6.6823e-17
8835.100 5.9317e-17
8836.625 5.3045e-17
8838.150 5.1156e-17
8839.675 5.2167e-17
8841.200 5.3587e-17
8842.725 4.9018e-17
8844.250 4.3866e-17
8845.775 4.4124e-17
8847.300 4.8137e-17
8848.825 5.5621e-17
8850.350 5.5634e-17
8851.875 4.2488e-17
8853.400 3.8342e-17
8854.925 4.1128e-17
8856.450 4.2154e-17
8857.975 4.4868e-17
8859.500 4.7661e-17
8861.025 5.7385e-17
8862.550 6.1128e-17
8864.075 5.4282e-17
8865.600 5.1368e-17
8867.125 4.9451e-17
8868.650 4.557e-17
8870.175 4.6257e-17
8871.700 5.2954e-17
8873.225 5.3964e-17
8874.750 5.1537e-17
8876.275 5.5185e-17
8877.800 5.7204e-17
8879.325 5.2997e-17
8880.850 4.3988e-17
8882.375 5.8067e-17
8883.900 6.7959e-17
8885.425 6.2575e-17
8886.950 5.8821e-17
8888.475 4.4584e-17
8890.000 4.7496e-17
8891.525 5.6116e-17
8893.050 4.8085e-17
8894.575 4.7955e-17
8896.100 5.2222e-17
8897.625 4.7895e-17
8899.150 5.4552e-17
8900.675 5.7793e-17
8902.200 4.6811e-17
8903.725 4.4208e-17
8905.250 5.3661e-17
8906.775 5.2079e-17
8908.300 5.1271e-17
8909.825 4.6949e-17
8911.350 4.7681e-17
8912.875 4.8927e-17
8914.400 5.2018e-17
8915.925 5.7951e-17
8917.450 4.7766e-17
8918.975 5.1743e-17
8920.500 6.6427e-17
8922.025 5.1099e-17
8923.550 3.4733e-17
8925.075 4.2241e-17
8926.600 4.7186e-17
8928.125 4.6699e-17
8929.650 4.7748e-17
8931.175 5.321e-17
8932.700 5.1193e-17
8934.225 5.2391e-17
8935.750 5.2943e-17
8937.275 4.7345e-17
8938.800 4.747e-17
8940.325 5.3971e-17
8941.850 5.3529e-17
8943.375 4.6915e-17
8944.900 4.3861e-17
8946.425 4.8772e-17
8947.950 5.3381e-17
8949.475 5.0428e-17
8951.000 4.8492e-17
8952.525 4.8635e-17
8954.050 6.3975e-17
8955.575 7.3166e-17
8957.100 5.6789e-17
8958.625 4.3593e-17
8960.150 3.6761e-17
8961.675 3.5994e-17
8963.200 4.5388e-17
8964.725 5.4964e-17
8966.250 6.0114e-17
8967.775 5.8988e-17
8969.300 5.2807e-17
8970.825 4.4474e-17
8972.350 3.8892e-17
8973.875 4.187e-17
8975.400 4.7003e-17
8976.925 4.3094e-17
8978.450 4.024e-17
8979.975 4.466e-17
8981.500 4.558e-17
8983.025 4.7119e-17
8984.550 4.9001e-17
8986.075 4.5756e-17
8987.600 4.3947e-17
8989.125 3.9029e-17
8990.650 4.2295e-17
8992.175 4.4474e-17
8993.700 5.5675e-17
8995.225 5.7082e-17
8996.750 5.3293e-17
8998.275 5.6919e-17
8999.800 5.7342e-17
9001.325 5.6787e-17
9002.850 4.9315e-17
9004.375 4.0952e-17
9005.900 4.6311e-17
9007.425 4.9996e-17
9008.950 5.75e-17
9010.475 5.7341e-17
9012.000 5.1866e-17
9013.525 5.9368e-17
9015.050 6.175e-17
9016.575 6.4653e-17
9018.100 5.9692e-17
9019.625 6.0107e-17
9021.150 5.6856e-17
9022.675 5.7966e-17
9024.200 6.0306e-17
9025.725 5.465e-17
9027.250 5.5729e-17
9028.775 5.9004e-17
9030.300 6.0012e-17
9031.825 6.2858e-17
9033.350 6.1058e-17
9034.875 6.0812e-17
9036.400 6.6053e-17
9037.925 6.4167e-17
9039.450 6.2374e-17
9040.975 5.4737e-17
9042.500 5.5395e-17
9044.025 6.1103e-17
9045.550 5.6492e-17
9047.075 5.6059e-17
9048.600 6.6956e-17
9050.125 7.2245e-17
9051.650 6.5243e-17
9053.175 5.4701e-17
9054.700 5.3759e-17
9056.225 5.716e-17
9057.750 5.3529e-17
9059.275 5.2926e-17
9060.800 5.7954e-17
9062.325 6.3887e-17
9063.850 6.1347e-17
9065.375 5.5506e-17
9066.900 6.1011e-17
9068.425 5.7217e-17
9069.950 5.0163e-17
9071.475 5.3895e-17
9073.000 5.3334e-17
9074.525 5.1758e-17
9076.050 5.1236e-17
9077.575 5.277e-17
9079.100 5.0583e-17
9080.625 4.9455e-17
9082.150 5.4794e-17
9083.675 6.0356e-17
9085.200 5.781e-17
9086.725 5.745e-17
9088.250 6.3675e-17
9089.775 6.0529e-17
9091.300 5.2475e-17
9092.825 5.1657e-17
9094.350 5.7257e-17
9095.875 5.4856e-17
9097.400 6.2309e-17
9098.925 6.5585e-17
9100.450 6.0261e-17
9101.975 5.8077e-17
9103.500 5.6522e-17
9105.025 5.2979e-17
9106.550 5.4107e-17
9108.075 5.1786e-17
9109.600 5.36e-17
9111.125 5.697e-17
9112.650 5.8313e-17
9114.175 6.1399e-17
9115.700 7.1725e-17
9117.225 6.0504e-17
9118.750 5.4057e-17
9120.275 6.7592e-17
9121.800 6.7315e-17
9123.325 5.9919e-17
9124.850 6.0832e-17
9126.375 5.8327e-17
9127.900 5.3904e-17
9129.425 5.6093e-17
9130.950 5.3178e-17
9132.475 6.0744e-17
9134.000 6.6086e-17
9135.525 6.0428e-17
9137.050 5.6362e-17
9138.575 6.1632e-17
9140.100 6.2036e-17
9141.625 5.9823e-17
9143.150 5.9466e-17
9144.675 6.6407e-17
9146.200 7.0688e-17
9147.725 5.6467e-17
9149.250 4.7152e-17
9150.775 4.5297e-17
9152.300 4.7286e-17
9153.825 5.0502e-17
9155.350 5.5132e-17
9156.875 6.4218e-17
9158.400 6.4454e-17
9159.925 6.1719e-17
9161.450 6.5099e-17
9162.975 6.8066e-17
9164.500 6.7877e-17
9166.025 6.5656e-17
9167.550 6.7093e-17
9169.075 7.0946e-17
9170.600 7.1733e-17
9172.125 7.0481e-17
9173.650 6.4315e-17
9175.175 5.7779e-17
9176.700 5.5954e-17
9178.225 5.8715e-17
9179.750 6.7902e-17
9181.275 6.9258e-17
9182.800 6.5364e-17
9184.325 6.1982e-17
9185.850 6.2067e-17
9187.375 7.028e-17
9188.900 6.7253e-17
9190.425 5.9416e-17
9191.950 6.2818e-17
9193.475 7.5189e-17
9195.000 7.2629e-17
9196.525 7.5633e-17
9198.050 7.3015e-17
9199.575 7.4937e-17
9201.100 8.318e-17
9202.625 7.6707e-17
9204.150 6.5021e-17
9205.675 6.4063e-17
9207.200 6.3874e-17
9208.725 7.4242e-17
9210.250 7.8272e-17
9211.775 7.6279e-17
9213.300 7.7152e-17
9214.825 7.8053e-17
9216.350 7.5953e-17
9217.875 7.43e-17
9219.400 7.3291e-17
9220.925 7.5508e-17
9222.450 7.9447e-17
9223.975 8.4357e-17
9225.500 7.26e-17
9227.025 6.2514e-17
9228.550 7.041e-17
9230.075 7.4009e-17
9231.600 7.2768e-17
9233.125 6.9244e-17
9234.650 7.1498e-17
9236.175 7.2927e-17
9237.700 6.6532e-17
9239.225 6.7423e-17
9240.750 6.5959e-17
9242.275 6.9115e-17
9243.800 7.2481e-17
9245.325 7.346e-17
9246.850 7.6704e-17
9248.375 7.6387e-17
9249.900 8.4529e-17
9251.425 8.8726e-17
9252.950 8.2442e-17
9254.475 7.3827e-17
9256.000 7.5568e-17
9257.525 7.9675e-17
9259.050 7.1049e-17
9260.575 6.3526e-17
9262.100 6.3418e-17
9263.625 6.2761e-17
9265.150 6.5673e-17
9266.675 6.7833e-17
9268.200 7.4164e-17
9269.725 7.512e-17
9271.250 7.3196e-17
9272.775 7.8694e-17
9274.300 6.8097e-17
9275.825 5.929e-17
9277.350 6.2978e-17
9278.875 5.6936e-17
9280.400 4.9045e-17
9281.925 5.8819e-17
9283.450 5.9861e-17
9284.975 5.7834e-17
9286.500 6.5905e-17
9288.025 6.5227e-17
9289.550 6.4161e-17
9291.075 5.9692e-17
9292.600 5.6919e-17
9294.125 4.9261e-17
9295.650 4.5242e-17
9297.175 5.6646e-17
9298.700 5.0549e-17
9300.225 5.8313e-17
9301.750 6.4602e-17
9303.275 6.5827e-17
9304.800 6.2659e-17
9306.325 4.5459e-17
9307.850 4.5314e-17
9309.375 4.7812e-17
9310.900 3.6677e-17
9312.425 3.5997e-17
9313.950 6.1543e-17
9315.475 4.0619e-17
9317.000 3.0275e-17
9318.525 4.8134e-17
9320.050 6.496e-17
9321.575 6.3165e-17
9323.100 5.5075e-17
9324.625 5.1571e-17
9326.150 5.204e-17
9327.675 5.3549e-17
9329.200 4.8284e-17
9330.725 4.134e-17
9332.250 3.9314e-17
9333.775 3.7883e-17
9335.300 2.6054e-17
9336.825 3.5759e-17
9338.350 5.216e-17
9339.875 4.4524e-17
9341.400 4.9499e-17
9342.925 6.0174e-17
9344.450 6.1457e-17
9345.975 5.9213e-17
9347.500 5.3112e-17
9349.025 4.9304e-17
9350.550 4.8131e-17
9352.075 4.8483e-17
9353.600 4.4723e-17
9355.125 4.393e-17
9356.650 5.0005e-17
9358.175 5.1098e-17
9359.700 4.8269e-17
9361.225 4.4538e-17
9362.750 4.5249e-17
9364.275 4.7244e-17
9365.800 4.3753e-17
9367.325 4.3842e-17
9368.850 4.2669e-17
9370.375 5.0215e-17
9371.900 8.1857e-17
9373.425 8.155e-17
9374.950 6.3005e-17
9376.475 6.6425e-17
9378.000 4.1775e-17
9379.525 2.388e-17
9381.050 4.4571e-17
9382.575 5.6829e-17
9384.100 5.1095e-17
9385.625 4.7358e-17
9387.150 5.8623e-17
9388.675 6.2583e-17
9390.200 5.7094e-17
9391.725 4.9762e-17
9393.250 5.0956e-17
9394.775 5.7024e-17
9396.300 6.3828e-17
9397.825 5.1966e-17
9399.350 5.3696e-17
9400.875 6.3501e-17
9402.400 6.2104e-17
9403.925 5.0558e-17
9405.450 5.5843e-17
9406.975 5.7439e-17
9408.500 4.7186e-17
9410.025 5.7395e-17
9411.550 6.6138e-17
9413.075 5.2328e-17
9414.600 6.1001e-17
9416.125 7.7116e-17
9417.650 7.8742e-17
9419.175 7.8043e-17
9420.700 6.5872e-17
9422.225 5.4728e-17
9423.750 5.0744e-17
9425.275 5.3323e-17
9426.800 5.9135e-17
9428.325 6.0118e-17
9429.850 6.0349e-17
9431.375 5.7341e-17
9432.900 5.5062e-17
9434.425 4.7408e-17
9435.950 5.4907e-17
9437.475 6.5627e-17
9439.000 4.975e-17
9440.525 3.3631e-17
9442.050 2.1032e-17
9443.575 3.5576e-17
9445.100 4.9984e-17
9446.625 5.8168e-17
9448.150 5.2355e-17
9449.675 4.5097e-17
9451.200 3.7599e-17
9452.725 3.6916e-17
9454.250 5.0737e-17
9455.775 5.2069e-17
9457.300 4.9062e-17
9458.825 4.3343e-17
9460.350 3.3702e-17
9461.875 3.8231e-17
9463.400 5.1013e-17
9464.925 5.3465e-17
9466.450 4.9473e-17
9467.975 4.0864e-17
9469.500 3.1945e-17
9471.025 4.3136e-17
9472.550 5.575e-17
9474.075 2.7302e-17
9475.600 -2.2901e-19
9477.125 4.6606e-18
9478.650 3.5316e-18
9480.175 2.2599e-17
9481.700 6.1059e-17
9483.225 6.5649e-17
9484.750 5.3796e-17
9486.275 5.3003e-17
9487.800 5.7989e-17
9489.325 5.492e-17
9490.850 4.5952e-17
9492.375 4.4959e-17
9493.900 5.3242e-17
9495.425 4.7678e-17
9496.950 3.6741e-17
9498.475 4.3493e-17
9500.000 4.3394e-17
9501.525 3.4071e-17
9503.050 4.6977e-17
9504.575 4.6628e-17
9506.100 4.0474e-17
9507.625 5.0603e-17
9509.150 5.9125e-17
9510.675 4.6312e-17
9512.200 3.6754e-17
9513.725 3.3981e-17
9515.250 3.0339e-17
9516.775 2.8777e-17
9518.300 3.419e-17
9519.825 4.0406e-17
9521.350 3.5525e-17
9522.875 4.0955e-17
9524.400 4.4959e-17
9525.925 4.3793e-17
9527.450 4.1617e-17
9528.975 4.0092e-17
9530.500 4.0967e-17
9532.025 4.2234e-17
9533.550 3.9191e-17
9535.075 4.1991e-17
9536.600 4.5776e-17
9538.125 4.7334e-17
9539.650 3.3215e-17
9541.175 3.052e-17
9542.700 3.8689e-17
9544.225 4.193e-17
9545.750 3.4564e-17
9547.275 4.2683e-17
9548.800 5.7283e-17
9550.325 5.1394e-17
9551.850 5.328e-17
9553.375 4.2485e-17
9554.900 3.1604e-17
9556.425 3.4602e-17
9557.950 4.5341e-17
9559.475 4.7018e-17
9561.000 5.2886e-17
9562.525 5.6002e-17
9564.050 5.8433e-17
9565.575 5.3851e-17
9567.100 4.0223e-17
9568.625 3.3727e-17
9570.150 4.1117e-17
9571.675 5.2828e-17
9573.200 4.6811e-17
9574.725 4.2132e-17
9576.250 4.2662e-17
9577.775 3.5364e-17
9579.300 3.4565e-17
9580.825 4.2716e-17
9582.350 5.0654e-17
9583.875 4.4871e-17
9585.400 4.2277e-17
9586.925 4.7677e-17
9588.450 4.2036e-17
9589.975 4.1996e-17
9591.500 4.3233e-17
9593.025 4.2296e-17
9594.550 4.8053e-17
9596.075 4.4765e-17
9597.600 3.8758e-17
9599.125 4.7496e-17
9600.650 5.2437e-17
9602.175 4.3299e-17
9603.700 4.6241e-17
9605.225 5.3961e-17
9606.750 5.1293e-17
9608.275 5.1433e-17
9609.800 5.6352e-17
9611.325 5.5038e-17
9612.850 5.5101e-17
9614.375 4.8008e-17
9615.900 4.2955e-17
9617.425 4.9711e-17
9618.950 4.6484e-17
9620.475 3.9937e-17
9622.000 4.4797e-17
9623.525 4.75e-17
9625.050 4.9514e-17
9626.575 5.0616e-17
9628.100 5.181e-17
9629.625 3.6693e-17
9631.150 3.8625e-17
9632.675 4.4103e-17
9634.200 5.1469e-17
9635.725 4.6569e-17
9637.250 3.864e-17
9638.775 4.4029e-17
9640.300 5.5223e-17
9641.825 4.7681e-17
9643.350 4.8082e-17
9644.875 5.4748e-17
9646.400 5.4374e-17
9647.925 5.7742e-17
9649.450 6.2054e-17
9650.975 5.8717e-17
9652.500 5.6254e-17
9654.025 5.4566e-17
9655.550 5.0426e-17
9657.075 4.9668e-17
9658.600 4.4184e-17
9660.125 4.0656e-17
9661.650 3.7608e-17
9663.175 4.4134e-17
9664.700 5.3888e-17
9666.225 4.7897e-17
9667.750 4.1456e-17
9669.275 4.622e-17
9670.800 4.8021e-17
9672.325 4.2437e-17
9673.850 4.1179e-17
9675.375 4.4852e-17
9676.900 5.4103e-17
9678.425 5.9132e-17
9679.950 5.2568e-17
9681.475 5.5779e-17
9683.000 5.7585e-17
9684.525 6.3094e-17
9686.050 6.8896e-17
9687.575 6.841e-17
9689.100 6.7199e-17
9690.625 5.3529e-17
9692.150 4.076e-17
9693.675 3.6949e-17
9695.200 5.4298e-17
9696.725 6.6741e-17
9698.250 7.8112e-17
9699.775 7.4509e-17
9701.300 5.9415e-17
9702.825 5.4836e-17
9704.350 5.0373e-17
9705.875 4.6228e-17
9707.400 5.2953e-17
9708.925 6.089e-17
9710.450 6.1049e-17
9711.975 5.8326e-17
9713.500 5.3659e-17
9715.025 5.4568e-17
9716.550 6.3968e-17
9718.075 8.1916e-17
9719.600 7.4701e-17
9721.125 5.6805e-17
9722.650 6.2194e-17
9724.175 5.4558e-17
9725.700 4.4539e-17
9727.225 4.5738e-17
9728.750 5.0768e-17
9730.275 5.3625e-17
9731.800 6.2236e-17
9733.325 5.4902e-17
9734.850 3.8366e-17
9736.375 4.1698e-17
9737.900 4.5627e-17
9739.425 5.4826e-17
9740.950 5.6956e-17
9742.475 4.2157e-17
9744.000 4.6234e-17
9745.525 6.5176e-17
9747.050 6.7416e-17
9748.575 5.5307e-17
9750.100 5.9925e-17
9751.625 6.3199e-17
9753.150 6.0498e-17
9754.675 5.9594e-17
9756.200 7.1436e-17
9757.725 7.1334e-17
9759.250 5.3321e-17
9760.775 5.0517e-17
9762.300 5.9406e-17
9763.825 6.4293e-17
9765.350 6.5031e-17
9766.875 6.262e-17
9768.400 5.5956e-17
9769.925 5.8849e-17
9771.450 5.8077e-17
9772.975 5.3573e-17
9774.500 5.5817e-17
9776.025 6.1854e-17
9777.550 6.6215e-17
9779.075 4.8207e-17
9780.600 4.0451e-17
9782.125 5.8235e-17
9783.650 5.3669e-17
9785.175 4.7823e-17
9786.700 4.8997e-17
9788.225 4.9773e-17
9789.750 5.3854e-17
9791.275 5.9759e-17
9792.800 5.6511e-17
9794.325 4.1493e-17
9795.850 4.2232e-17
9797.375 4.9593e-17
9798.900 5.407e-17
9800.425 5.8583e-17
9801.950 6.3563e-17
9803.475 5.5155e-17
9805.000 5.9735e-17
9806.525 6.2468e-17
9808.050 4.216e-17
9809.575 3.9046e-17
9811.100 5.6809e-17
9812.625 5.7506e-17
9814.150 5.1085e-17
9815.675 6.399e-17
9817.200 7.3058e-17
9818.725 7.0919e-17
9820.250 6.3756e-17
9821.775 7.0724e-17
9823.300 7.3452e-17
9824.825 6.8226e-17
9826.350 5.696e-17
9827.875 5.1559e-17
9829.400 4.9276e-17
9830.925 5.3102e-17
9832.450 4.8761e-17
9833.975 5.0471e-17
9835.500 6.8114e-17
9837.025 5.9981e-17
9838.550 6.0696e-17
9840.075 5.5342e-17
9841.600 5.0974e-17
9843.125 5.8464e-17
9844.650 5.8498e-17
9846.175 3.8335e-17
9847.700 4.1756e-17
9849.225 4.8119e-17
9850.750 5.4899e-17
9852.275 4.7813e-17
9853.800 6.8431e-17
9855.325 7.7324e-17
9856.850 6.2698e-17
9858.375 5.4411e-17
9859.900 6.0366e-17
9861.425 6.0425e-17
9862.950 4.5362e-17
9864.475 4.9795e-17
9866.000 5.4647e-17
9867.525 4.2814e-17
9869.050 6.2694e-17
9870.575 5.2963e-17
9872.100 5.9934e-17
9873.625 7.4428e-17
9875.150 4.4697e-17
9876.675 3.8898e-17
9878.200 5.6548e-17
9879.725 6.4795e-17
9881.250 5.8433e-17
9882.775 5.157e-17
9884.300 5.7469e-17
9885.825 6.8464e-17
9887.350 7.5034e-17
9888.875 6.5882e-17
9890.400 6.0384e-17
9891.925 6.3784e-17
9893.450 5.574e-17
9894.975 4.9151e-17
9896.500 4.4768e-17
9898.025 4.2731e-17
9899.550 4.8568e-17
9901.075 5.6689e-17
9902.600 5.1841e-17
9904.125 4.4667e-17
9905.650 5.7996e-17
9907.175 5.2305e-17
9908.700 3.9431e-17
9910.225 6.6189e-17
9911.750 9.2043e-17
9913.275 8.3667e-17
9914.800 8.3926e-17
9916.325 6.5787e-17
9917.850 3.7237e-17
9919.375 4.3233e-17
9920.900 4.2784e-17
9922.425 4.5317e-17
9923.950 3.7358e-17
9925.475 3.7098e-17
9927.000 4.3206e-17
9928.525 5.0808e-17
9930.050 6.7248e-17
9931.575 7.6775e-17
9933.100 6.7855e-17
9934.625 5.4832e-17
9936.150 5.4767e-17
9937.675 6.9757e-17
9939.200 8.5019e-17
9940.725 6.5652e-17
9942.250 6.2253e-17
9943.775 6.9489e-17
9945.300 5.7455e-17
9946.825 8.834e-17
9948.350 8.5643e-17
9949.875 4.4701e-17
9951.400 4.0424e-17
9952.925 6.862e-17
9954.450 5.7571e-17
9955.975 4.3435e-17
9957.500 8.9939e-17
9959.025 4.7035e-17
9960.550 2.4173e-17
9962.075 5.1517e-17
9963.600 5.3765e-17
9965.125 4.469e-17
9966.650 4.9038e-17
9968.175 7.0893e-17
9969.700 7.4165e-17
9971.225 4.9699e-17
9972.750 4.7163e-17
9974.275 5.8246e-17
9975.800 6.3469e-17
9977.325 6.3864e-17
9978.850 6.4769e-17
9980.375 7.2656e-17
9981.900 5.3708e-17
9983.425 4.5316e-17
9984.950 5.8259e-17
9986.475 6.7297e-17
9988.000 5.5125e-17
9989.525 5.7057e-17
9991.050 6.0569e-17
9992.575 5.3165e-17
9994.100 5.6679e-17
9995.625 6.6394e-17
9997.150 5.8556e-17
9998.675 4.7227e-17
10000.200 4.5888e-17
10001.725 5.0094e-17
10003.250 5.2269e-17
10004.775 4.0186e-17
10006.300 4.2195e-17
10007.825 6.672e-17
10009.350 8.6766e-17
10010.875 1.196e-16
10012.400 9.8523e-17
10013.925 4.1353e-17
10015.450 4.5755e-17
10016.975 4.3617e-17
10018.500 3.4716e-17
10020.025 3.8407e-17
10021.550 5.1121e-17
10023.075 6.4303e-17
10024.600 7.6012e-17
10026.125 8.1807e-17
10027.650 5.6797e-17
10029.175 3.7183e-17
10030.700 4.8963e-17
10032.225 4.043e-17
10033.750 5.1887e-17
10035.275 7.5171e-17
10036.800 6.1699e-17
10038.325 5.3937e-17
10039.850 5.805e-17
10041.375 6.6576e-17
10042.900 5.7173e-17
10044.425 3.4808e-17
10045.950 3.3013e-17
10047.475 4.7037e-17
10049.000 4.5291e-17
10050.525 4.6191e-17
10052.050 4.0693e-17
10053.575 4.2751e-17
10055.100 3.708e-17
10056.625 4.8615e-17
10058.150 4.7594e-17
10059.675 4.2859e-17
10061.200 4.2547e-17
10062.725 3.3226e-17
10064.250 1.5022e-17
10065.775 2.9991e-17
10067.300 7.1284e-17
10068.825 6.6441e-17
10070.350 3.8468e-17
10071.875 3.0179e-17
10073.400 2.3687e-17
10074.925 2.8767e-17
10076.450 6.0194e-17
10077.975 7.6256e-17
10079.500 8.7879e-17
10081.025 9.6047e-17
10082.550 5.6154e-17
10084.075 5.0103e-17
10085.600 6.1034e-17
10087.125 6.0296e-17
10088.650 5.8814e-17
10090.175 6.7165e-17
10091.700 5.831e-17
10093.225 5.802e-17
10094.750 5.5821e-17
10096.275 6.0336e-17
10097.800 5.7078e-17
10099.325 6.1757e-17
10100.850 5.5914e-17
10102.375 6.3637e-17
10103.900 4.3624e-17
10105.425 2.2918e-17
10106.950 4.7807e-17
10108.475 5.3085e-17
10110.000 4.1726e-17
10111.525 4.4259e-17
10113.050 5.9426e-17
10114.575 6.6396e-17
10116.100 4.8444e-17
10117.625 2.7965e-17
10119.150 4.1873e-17
10120.675 7.8937e-17
10122.200 5.7664e-17
10123.725 6.1683e-17
10125.250 8.3284e-17
10126.775 2.8602e-17
10128.300 3.7852e-17
10129.825 7.7768e-17
10131.350 6.4187e-17
10132.875 5.2859e-17
10134.400 5.4795e-17
10135.925 2.2625e-17
10137.450 6.2744e-18
10138.975 1.6504e-17
10140.500 5.2467e-17
10142.025 7.355e-17
10143.550 5.2414e-17
10145.075 6.1142e-17
10146.600 6.182e-17
10148.125 6.7304e-17
10149.650 7.5798e-17
10151.175 9.1403e-17
10152.700 9.5819e-17
10154.225 5.2579e-17
10155.750 3.7832e-17
10157.275 5.2116e-17
10158.800 4.2778e-17
10160.325 4.0087e-17
10161.850 3.8599e-17
10163.375 5.4181e-17
10164.900 5.5965e-17
10166.425 5.6232e-17
10167.950 5.3523e-17
10169.475 7.5889e-17
10171.000 3.3748e-17
10172.525 6.4804e-17
10174.050 4.1182e-17
10175.575 2.0186e-17
10177.100 4.6184e-17
10178.625 4.8726e-17
10180.150 6.1312e-17
10181.675 6.9777e-17
10183.200 5.2568e-17
10184.725 5.2895e-17
10186.250 5.7671e-17
10187.775 4.7061e-17
10189.300 5.9722e-17
10190.825 8.6405e-17
10192.350 8.0181e-17
10193.875 4.5938e-17
10195.400 4.5337e-17
10196.925 6.1357e-17
10198.450 6.5612e-17
10199.975 3.7027e-17
10201.500 4.8467e-17
10203.025 9.0067e-17
10204.550 6.5119e-17
10206.075 7.6721e-18
10207.600 1.2917e-17
10209.125 3.6767e-17
10210.650 1.4298e-17
10212.175 3.7906e-18
10213.700 5.6812e-18
10215.225 3.3653e-17
10216.750 9.3491e-17
10218.275 8.2142e-17
10219.800 7.183e-18
10221.325 -1.2747e-17
10222.850 4.7931e-17
10224.375 1.0064e-16
10225.900 4.835e-17
10227.425 3.7464e-17
10228.950 7.3761e-17
10230.475 5.8642e-17
10232.000 2.6218e-17
10233.525 2.5495e-17
10235.050 4.47e-17
10236.575 1.821e-17
10238.100 3.0042e-17
10239.625 7.1806e-17
10241.150 3.8591e-17
10242.675 8.0168e-18
10244.200 4.7807e-17
10245.725 6.6549e-17
10247.250 3.7259e-17
10248.775 5.4401e-17
10250.300 7.6152e-17
10251.825 1.8372e-17
10253.350 -1.6308e-17
10254.875 1.1917e-17
10256.400 3.6046e-17
10257.925 4.8851e-17
10259.450 2.9611e-17
10260.975 3.2854e-17
10262.500 3.1221e-17
10264.025 9.456e-19
10265.550 3.1937e-17
10267.075 6.7268e-17
10268.600 5.2177e-17
10270.125 -6.8724e-18
10271.650 -2.107e-17
10273.175 -1.314e-18
10274.700 1.4621e-17
10276.225 8.7059e-21
10277.750 6.6059e-18
10279.275 2.5246e-17
10280.800 2.9488e-17
10282.325 1.7096e-18
10283.850 -1.411e-17
10285.375 2.1614e-17
10286.900 1.3803e-16
10288.425 1.4149e-16
10289.950 7.0076e-17
10291.475 2.762e-19
10293.000 -1.0115e-17
10294.525 6.6519e-17
10296.050 9.2276e-17
10297.575 8.2792e-17
10299.100 4.3954e-17
10300.625 4.0962e-17
10302.150 9.7211e-17
10303.675 1.5531e-16
10305.200 9.1518e-17
10306.725 5.2325e-17
10308.250 8.1736e-17
10309.775 8.3568e-17
10311.300 2.5378e-17
10312.825 -2.525e-17
10314.350 -4.6106e-17
10315.875 2.7611e-17
10317.400 1.1718e-16
10318.925 4.5584e-17
10320.450 1.6172e-17
10321.975 3.7738e-17
10323.500 2.3948e-17
10325.025 -1.162e-17
10326.550 -1.6311e-17
10328.075 -6.2323e-18
10329.600 2.2112e-17
10331.125 4.1415e-17
10332.650 1.0554e-17
10334.175 7.0363e-17
10335.700 1.1526e-16
10337.225 1.0882e-16
10338.750 3.3402e-17
10340.275 -1.76e-17
10341.800 6.2555e-17
10343.325 4.556e-17
10344.850 7.1941e-18
10346.375 9.1316e-17
10347.900 1.2203e-16
10349.425 6.756e-17
10350.950 2.1184e-17
10352.475 -2.2088e-18
10354.000 -2.2666e-18
10355.525 -3.3809e-18
10357.050 6.5416e-18
10358.575 6.2313e-17
10360.100 9.592e-17
10361.625 9.7478e-17
10363.150 9.0152e-17
10364.675 9.1313e-17
10366.200 6.4032e-17
10367.725 -3.5188e-17
10369.250 -3.3149e-17
10370.775 5.5099e-17
10372.300 7.2134e-17
10373.825 2.3855e-17
10375.350 2.2764e-17
10376.875 2.141e-17
10378.400 3.2481e-17
10379.925 7.9743e-17
10381.450 8.125e-17
10382.975 2.1151e-17
10384.500 4.5293e-18
10386.025 2.9374e-17
10387.550 -1.5462e-17
10389.075 1.4052e-16
10390.600 1.4915e-16
10392.125 8.2958e-18
10393.650 4.4221e-17
10395.175 1.4382e-16
10396.700 1.2133e-16
10398.225 6.3503e-17
10399.750 2.4167e-17
10401.275 4.3969e-17
10402.800 7.9659e-17
10404.325 5.1898e-17
10405.850 -5.2781e-17
10407.375 -3.096e-17
10408.900 6.4124e-17
10410.425 1.2267e-18
10411.950 -8.4583e-19
10413.475 -5.9337e-18
10415.000 -2.8906e-17
10416.525 4.7254e-17
10418.050 2.6713e-17
10419.575 1.7909e-17
10421.100 4.8687e-17
10422.625 -1.5917e-17
10424.150 2.1778e-17
10425.675 1.8699e-17
10427.200 9.2438e-17
10428.725 1.458e-16
10430.250 4.4603e-17
10431.775 6.6326e-18
10433.300 5.6143e-17
10434.825 8.9572e-17
10436.350 -3.5293e-17
10437.875 -2.7852e-17
10439.400 5.6657e-17
10440.925 9.7801e-17
10442.450 1.1774e-17
10443.975 -1.2273e-17
10445.500 -6.2742e-18
10447.025 -3.4299e-17
10448.550 -1.5886e-17
10450.075 4.8059e-17
10451.600 8.9638e-17
10453.125 9.7596e-17
10454.650 8.8883e-17
10456.175 7.9572e-17
10457.700 3.277e-17
10459.225 1.4204e-17
10460.750 7.9217e-17
10462.275 6.0696e-17
10463.800 -3.9448e-18
10465.325 -3.3852e-17
10466.850 -1.8716e-18
10468.375 4.393e-17
10469.900 8.8189e-17
10471.425 9.3191e-17
10472.950 3.8731e-17
10474.475 4.249e-17
10476.000 2.4742e-17
10477.525 -5.7466e-18
10479.050 2.5019e-17
10480.575 4.7513e-17
10482.100 6.6377e-17
10483.625 5.8853e-17
10485.150 1.9406e-17
10486.675 2.3088e-17
10488.200 5.2734e-17
10489.725 3.2103e-17
10491.250 1.5113e-17
10492.775 -1.3478e-17
10494.300 -5.4879e-17
10495.825 -1.2075e-17
10497.350 1.1188e-17
10498.875 5.0271e-18
10500.400 2.8147e-17
