3800.  9.532391E-17
3803.51227235794  1.128482E-16
3807.02454471588  9.309395E-17
3810.53681707382  5.015957E-17
3814.04908943176  4.774033E-17
3817.5613617897  7.619215E-17
3821.07363414765  6.731498E-17
3824.58590650559  6.994172E-17
3828.09817886353  7.309426E-17
3831.61045122147  2.323716E-17
3835.12272357941  5.559598E-17
3838.63499593735  8.836266E-17
3842.14726829529  1.214561E-16
3845.65954065323  1.168109E-16
3849.17181301117  7.760877E-17
3852.68408536911  5.721005E-17
3856.19635772705  4.187458E-17
3859.70863008499  7.908830E-17
3863.22090244293  9.406489E-17
3866.73317480087  1.006404E-16
3870.24544715881  1.167708E-16
3873.75771951676  1.139177E-16
3877.2699918747  9.778833E-17
3880.78226423264  5.730637E-17
3884.29453659058  7.515952E-17
3887.80680894852  1.001620E-16
3891.31908130646  6.302571E-17
3894.8313536644  1.152270E-17
3898.34362602234  4.397591E-17
3901.85589838028  7.355886E-17
3905.36817073822  1.031160E-16
3908.88044309616  1.236266E-16
3912.3927154541  1.208947E-16
3915.90498781204  8.321579E-17
3919.41726016998  3.854815E-17
3922.92953252792  7.522267E-17
3926.44180488587  8.994155E-17
3929.95407724381  8.430483E-17
3933.46634960175  1.290139E-16
3936.97862195969  1.206981E-16
3940.49089431763  1.295435E-16
3944.00316667557  8.067454E-17
3947.51543903351  9.241582E-17
3951.02771139145  1.294700E-16
3954.53998374939  9.978795E-17
3958.05225610733  8.364564E-17
3961.56452846527  1.006876E-16
3965.07680082321  1.106549E-16
3968.58907318115  1.021026E-16
3972.10134553909  9.333033E-17
3975.61361789703  7.176913E-17
3979.12589025498  8.742536E-17
3982.63816261292  7.360023E-17
3986.15043497086  7.427181E-17
3989.6627073288  6.975498E-17
3993.17497968674  8.758414E-17
3996.68725204468  8.685185E-17
4000.19952440262  6.953426E-17
4003.71179676056  9.003201E-17
4007.2240691185  8.220704E-17
4010.73634147644  6.609563E-17
4014.24861383438  7.900194E-17
4017.76088619232  8.519727E-17
4021.27315855026  1.034341E-16
4024.78543090821  8.114754E-17
4028.29770326614  6.125104E-17
4031.80997562409  8.260040E-17
4035.32224798203  8.822008E-17
4038.83452033997  1.190238E-16
4042.34679269791  1.326846E-16
4045.85906505585  1.103516E-16
4049.37133741379  8.177680E-17
4052.88360977173  9.744401E-17
4056.39588212967  1.147859E-16
4059.90815448761  1.289572E-16
4063.42042684555  1.132118E-16
4066.93269920349  9.392437E-17
4070.44497156143  7.642047E-17
4073.95724391937  7.861859E-17
4077.46951627731  9.006104E-17
4080.98178863525  1.040882E-16
4084.4940609932  1.001075E-16
4088.00633335114  1.162096E-16
4091.51860570908  1.124841E-16
4095.03087806702  1.288923E-16
4098.54315042496  1.244811E-16
4102.0554227829  1.159454E-16
4105.56769514084  1.431607E-16
4109.07996749878  1.423162E-16
4112.59223985672  1.253985E-16
4116.10451221466  1.093745E-16
4119.6167845726  1.092930E-16
4123.12905693054  1.085915E-16
4126.64132928848  8.790496E-17
4130.15360164643  9.764811E-17
4133.66587400437  1.319026E-16
4137.17814636231  1.190910E-16
4140.69041872025  1.150181E-16
4144.20269107819  9.022277E-17
4147.71496343613  9.016251E-17
4151.22723579407  9.774770E-17
4154.73950815201  9.332363E-17
4158.25178050995  7.752848E-17
4161.76405286789  9.640751E-17
4165.27632522583  1.107642E-16
4168.78859758377  9.231100E-17
4172.30086994171  9.644326E-17
4175.81314229965  1.208838E-16
4179.32541465759  9.401059E-17
4182.83768701554  7.746018E-17
4186.34995937348  7.991279E-17
4189.86223173142  8.138730E-17
4193.37450408936  7.923243E-17
4196.8867764473  1.008480E-16
4200.39904880524  1.134848E-16
4203.91132116318  9.721058E-17
4207.42359352112  8.631092E-17
4210.93586587906  8.103250E-17
4214.448138237  6.995562E-17
4217.96041059494  7.809820E-17
4221.47268295288  1.097004E-16
4224.98495531082  9.948531E-17
4228.49722766876  8.699940E-17
4232.0095000267  7.246763E-17
4235.52177238465  9.657590E-17
4239.03404474259  1.025644E-16
4242.54631710053  1.022302E-16
4246.05858945847  9.727841E-17
4249.57086181641  9.261350E-17
4253.08313417435  9.717810E-17
4256.59540653229  9.148031E-17
4260.10767889023  7.592485E-17
4263.61995124817  7.758922E-17
4267.13222360611  9.524527E-17
4270.64449596405  1.035934E-16
4274.15676832199  9.254706E-17
4277.66904067993  8.973748E-17
4281.18131303788  1.032733E-16
4284.69358539581  9.540731E-17
4288.20585775376  9.896298E-17
4291.7181301117  1.037830E-16
4295.23040246964  9.431271E-17
4298.74267482758  1.039198E-16
4302.25494718552  1.116705E-16
4305.76721954346  1.355972E-16
4309.2794919014  1.273777E-16
4312.79176425934  9.686264E-17
4316.30403661728  8.803593E-17
4319.81630897522  9.907680E-17
4323.32858133316  1.161631E-16
4326.8408536911  1.141258E-16
4330.35312604904  1.122178E-16
4333.86539840698  1.159775E-16
4337.37767076492  9.962588E-17
4340.88994312287  1.035959E-16
4344.40221548081  1.033468E-16
4347.91448783875  7.865918E-17
4351.42676019669  8.921087E-17
4354.93903255463  9.908126E-17
4358.45130491257  1.093473E-16
4361.96357727051  1.048387E-16
4365.47584962845  8.857199E-17
4368.98812198639  8.347486E-17
4372.50039434433  9.292082E-17
4376.01266670227  9.002144E-17
4379.52493906021  9.675548E-17
4383.03721141815  7.473450E-17
4386.5494837761  8.174690E-17
4390.06175613404  9.240955E-17
4393.57402849198  9.038874E-17
4397.08630084992  8.640904E-17
4400.59857320786  9.563519E-17
4404.1108455658  6.961097E-17
4407.62311792374  7.910867E-17
4411.13539028168  9.851196E-17
4414.64766263962  9.108679E-17
4418.15993499756  8.848313E-17
4421.6722073555  9.146024E-17
4425.18447971344  9.942531E-17
4428.69675207138  9.712487E-17
4432.20902442932  8.518168E-17
4435.72129678726  7.563035E-17
4439.2335691452  8.447225E-17
4442.74584150315  8.220196E-17
4446.25811386109  1.001346E-16
4449.77038621903  1.139689E-16
4453.28265857697  1.020459E-16
4456.79493093491  7.219413E-17
4460.30720329285  6.524860E-17
4463.81947565079  7.411898E-17
4467.33174800873  7.870770E-17
4470.84402036667  7.130476E-17
4474.35629272461  7.923672E-17
4477.86856508255  7.258335E-17
4481.38083744049  7.204926E-17
4484.89310979843  7.922048E-17
4488.40538215637  7.917440E-17
4491.91765451432  7.985003E-17
4495.42992687226  9.725076E-17
4498.94219923019  7.501418E-17
4502.45447158814  8.556802E-17
4505.96674394608  8.942360E-17
4509.47901630402  8.064192E-17
4512.99128866196  8.716140E-17
4516.5035610199  1.071121E-16
4520.01583337784  1.014490E-16
4523.52810573578  8.265199E-17
4527.04037809372  8.876713E-17
4530.55265045166  8.835930E-17
4534.0649228096  9.267583E-17
4537.57719516754  8.822206E-17
4541.08946752548  9.157089E-17
4544.60173988343  1.029777E-16
4548.11401224137  8.144518E-17
4551.62628459931  7.464833E-17
4555.13855695725  7.956533E-17
4558.65082931519  8.831549E-17
4562.16310167313  7.505628E-17
4565.67537403107  8.506960E-17
4569.18764638901  8.519219E-17
4572.69991874695  8.656347E-17
4576.21219110489  9.228862E-17
4579.72446346283  8.579270E-17
4583.23673582077  7.609326E-17
4586.74900817871  7.482833E-17
4590.26128053665  8.222895E-17
4593.77355289459  7.941952E-17
4597.28582525254  9.532834E-17
4600.79809761048  9.265666E-17
4604.31036996842  6.862229E-17
4607.82264232636  7.132407E-17
4611.3349146843  8.329933E-17
4614.84718704224  1.014446E-16
4618.35945940018  8.684807E-17
4621.87173175812  9.613641E-17
4625.38400411606  1.008668E-16
4628.896276474  8.120359E-17
4632.40854883194  6.723787E-17
4635.92082118988  8.857298E-17
4639.43309354782  7.995618E-17
4642.94536590576  8.892890E-17
4646.4576382637  1.082502E-16
4649.96991062165  8.825560E-17
4653.48218297959  7.864779E-17
4656.99445533753  9.042544E-17
4660.50672769547  8.896916E-17
4664.01900005341  7.857313E-17
4667.53127241135  9.479924E-17
4671.04354476929  1.022326E-16
4674.55581712723  8.983299E-17
4678.06808948517  9.128638E-17
4681.58036184311  1.022340E-16
4685.09263420105  9.741942E-17
4688.60490655899  1.012509E-16
4692.11717891693  9.666561E-17
4695.62945127487  7.985670E-17
4699.14172363281  9.755617E-17
4702.65399599076  8.238952E-17
4706.1662683487  8.585282E-17
4709.67854070664  1.042641E-16
4713.19081306458  1.083242E-16
4716.70308542252  9.484263E-17
4720.21535778046  8.738359E-17
4723.7276301384  9.517039E-17
4727.23990249634  1.021889E-16
4730.75217485428  8.543666E-17
4734.26444721222  8.693378E-17
4737.77671957016  1.126821E-16
4741.2889919281  9.654847E-17
4744.80126428604  8.278930E-17
4748.31353664398  1.024788E-16
4751.82580900192  1.081962E-16
4755.33808135986  9.585295E-17
4758.85035371781  8.821423E-17
4762.36262607575  9.620175E-17
4765.87489843369  1.022355E-16
4769.38717079163  7.738748E-17
4772.89944314957  8.401822E-17
4776.41171550751  8.901779E-17
4779.92398786545  8.976320E-17
4783.43626022339  8.515304E-17
4786.94853258133  8.126638E-17
4790.46080493927  8.209267E-17
4793.97307729721  8.951173E-17
4797.48534965515  9.704149E-17
4800.99762201309  9.603241E-17
4804.50989437103  8.752159E-17
4808.02216672898  8.452982E-17
4811.53443908692  8.163770E-17
4815.04671144486  7.893796E-17
4818.5589838028  7.664821E-17
4822.07125616074  8.319454E-17
4825.58352851868  8.864637E-17
4829.09580087662  9.457542E-17
4832.60807323456  8.613380E-17
4836.1203455925  9.207472E-17
4839.63261795044  8.461166E-17
4843.14489030838  7.733527E-17
4846.65716266632  8.831076E-17
4850.16943502426  1.020444E-16
4853.6817073822  9.515870E-17
4857.19397974014  8.216948E-17
4860.70625209808  8.698334E-17
4864.21852445603  8.922683E-17
4867.73079681397  8.315225E-17
4871.24306917191  8.955622E-17
4874.75534152985  9.953588E-17
4878.26761388779  9.288214E-17
4881.77988624573  8.682007E-17
4885.29215860367  8.919207E-17
4888.80443096161  8.301667E-17
4892.31670331955  8.826762E-17
4895.82897567749  8.552995E-17
4899.34124803543  1.083105E-16
4902.85352039337  1.111738E-16
4906.36579275131  9.117946E-17
4909.87806510926  8.852308E-17
4913.3903374672  8.696245E-17
4916.90260982514  9.279495E-17
4920.41488218308  9.936272E-17
4923.92715454102  9.368680E-17
4927.43942689896  8.715395E-17
4930.9516992569  7.876982E-17
4934.46397161484  8.336642E-17
4937.97624397278  9.559863E-17
4941.48851633072  8.367417E-17
4945.00078868866  8.466066E-17
4948.5130610466  7.830820E-17
4952.02533340454  8.177062E-17
4955.53760576248  7.842621E-17
4959.04987812042  7.769553E-17
4962.56215047836  9.848206E-17
4966.0744228363  9.219432E-17
4969.58669519425  8.418647E-17
4973.09896755219  8.634501E-17
4976.61123991013  7.245194E-17
4980.12351226807  7.135726E-17
4983.63578462601  7.234413E-17
4987.14805698395  7.179692E-17
4990.66032934189  8.458372E-17
4994.17260169983  8.865071E-17
4997.68487405777  8.192881E-17
5001.19714641571  9.161479E-17
5004.70941877365  8.227077E-17
5008.22169113159  8.003757E-17
5011.73396348954  8.627604E-17
5015.24623584748  8.949557E-17
5018.75850820542  8.631967E-17
5022.27078056336  8.675637E-17
5025.7830529213  9.177040E-17
5029.29532527924  9.029070E-17
5032.80759763718  8.229333E-17
5036.31986999512  8.054877E-17
5039.83214235306  7.378591E-17
5043.344414711  7.588863E-17
5046.85668706894  7.753386E-17
5050.36895942688  6.771779E-17
5053.88123178482  6.908450E-17
5057.39350414276  9.076850E-17
5060.9057765007  7.633326E-17
5064.41804885865  5.448805E-17
5067.93032121659  5.912319E-17
5071.44259357453  6.788285E-17
5074.95486593247  6.460981E-17
5078.46713829041  7.296828E-17
5081.97941064835  7.741523E-17
5085.49168300629  7.401045E-17
5089.00395536423  6.630759E-17
5092.51622772217  6.100246E-17
5096.02850008011  6.710343E-17
5099.54077243805  6.459747E-17
5103.05304479599  5.551066E-17
5106.56531715393  6.193797E-17
5110.07758951187  7.029143E-17
5113.58986186981  7.134724E-17
5117.10213422776  7.391670E-17
5120.6144065857  7.008958E-17
5124.12667894364  6.026508E-17
5127.63895130158  6.383248E-17
5131.15122365952  7.174426E-17
5134.66349601746  7.797377E-17
5138.1757683754  6.537496E-17
5141.68804073334  5.543618E-17
5145.20031309128  5.887474E-17
5148.71258544922  7.036012E-17
5152.22485780716  6.807833E-17
5155.7371301651  5.773521E-17
5159.24940252304  5.415529E-17
5162.76167488098  6.627613E-17
5166.27394723892  6.834508E-17
5169.78621959687  7.618510E-17
5173.29849195481  7.289976E-17
5176.81076431275  6.987387E-17
5180.32303667069  7.365322E-17
5183.83530902863  6.427323E-17
5187.34758138657  6.619365E-17
5190.85985374451  6.959325E-17
5194.37212610245  6.032370E-17
5197.88439846039  6.281807E-17
5201.39667081833  7.603697E-17
5204.90894317627  7.295592E-17
5208.42121553421  6.449243E-17
5211.93348789215  5.964747E-17
5215.44576025009  6.296225E-17
5218.95803260803  7.385356E-17
5222.47030496598  7.914205E-17
5225.98257732392  7.112340E-17
5229.49484968186  6.952344E-17
5233.0071220398  8.021708E-17
5236.51939439774  7.843797E-17
5240.03166675568  7.789674E-17
5243.54393911362  7.576426E-17
5247.05621147156  6.747181E-17
5250.5684838295  6.489441E-17
5254.08075618744  6.849402E-17
5257.59302854538  6.414285E-17
5261.10530090332  6.430411E-17
5264.61757326126  6.180504E-17
5268.1298456192  6.225191E-17
5271.64211797714  7.437880E-17
5275.15439033509  7.694816E-17
5278.66666269303  8.161696E-17
5282.17893505097  7.628772E-17
5285.69120740891  7.439091E-17
5289.20347976685  7.615103E-17
5292.71575212479  6.593923E-17
5296.22802448273  7.561206E-17
5299.74029684067  8.027460E-17
5303.25256919861  7.666454E-17
5306.76484155655  7.984448E-17
5310.27711391449  8.752895E-17
5313.78938627243  8.659772E-17
5317.30165863037  8.063461E-17
5320.81393098831  8.080492E-17
5324.32620334625  7.947573E-17
5327.8384757042  8.508716E-17
5331.35074806214  8.339387E-17
5334.86302042008  6.475478E-17
5338.37529277802  6.273124E-17
5341.88756513596  6.391928E-17
5345.3998374939  6.166704E-17
5348.91210985184  6.267430E-17
5352.42438220978  6.905912E-17
5355.93665456772  6.563261E-17
5359.44892692566  6.901511E-17
5362.9611992836  7.973471E-17
5366.47347164154  8.514587E-17
5369.98574399948  7.252464E-17
5373.49801635742  7.680592E-17
5377.01028871536  7.500017E-17
5380.52256107331  6.913366E-17
5384.03483343125  7.834099E-17
5387.54710578919  8.568987E-17
5391.05937814713  7.348283E-17
5394.57165050507  6.846735E-17
5398.08392286301  7.616132E-17
5401.59619522095  7.117403E-17
5405.10846757889  7.466118E-17
5408.62073993683  7.067980E-17
5412.13301229477  6.552403E-17
5415.64528465271  6.845141E-17
5419.15755701065  6.704423E-17
5422.66982936859  7.547101E-17
5426.18210172653  8.333116E-17
5429.69437408448  7.661449E-17
5433.20664644242  7.717538E-17
5436.71891880036  7.761189E-17
5440.2311911583  7.720065E-17
5443.74346351624  7.807986E-17
5447.25573587418  6.359376E-17
5450.76800823212  6.872654E-17
5454.28028059006  6.881640E-17
5457.792552948  6.117564E-17
5461.30482530594  6.642868E-17
5464.81709766388  6.527432E-17
5468.32937002182  6.634287E-17
5471.84164237976  7.086793E-17
5475.3539147377  7.547995E-17
5478.86618709564  7.795358E-17
5482.37845945358  7.238676E-17
5485.89073181153  7.041764E-17
5489.40300416947  6.897847E-17
5492.91527652741  6.687379E-17
5496.42754888535  6.736334E-17
5499.93982124329  6.998346E-17
5503.45209360123  7.411017E-17
5506.96436595917  6.562022E-17
5510.47663831711  6.735351E-17
5513.98891067505  6.437615E-17
5517.50118303299  6.255208E-17
5521.01345539093  7.052723E-17
5524.52572774887  7.658650E-17
5528.03800010681  7.347983E-17
5531.55027246475  7.400896E-17
5535.0625448227  6.868253E-17
5538.57481718064  6.531212E-17
5542.08708953858  7.262306E-17
5545.59936189652  7.155673E-17
5549.11163425446  7.799496E-17
5552.6239066124  7.016755E-17
5556.13617897034  6.802159E-17
5559.64845132828  6.960972E-17
5563.16072368622  7.119786E-17
5566.67299604416  7.278599E-17
5570.1852684021  7.437412E-17
5573.69754076004  7.596248E-17
5577.20981311798  7.755061E-17
5580.72208547593  7.913874E-17
5584.23435783386  8.072688E-17
5587.7466301918  8.231501E-17
5591.25890254975  8.390315E-17
5594.77117490769  8.064128E-17
5598.28344726563  7.254858E-17
5601.79571962357  8.563290E-17
5605.30799198151  7.893460E-17
5608.82026433945  7.838041E-17
5612.33253669739  7.358649E-17
5615.84480905533  6.619627E-17
5619.35708141327  6.497686E-17
5622.86935377121  7.231744E-17
5626.38162612915  6.911130E-17
5629.89389848709  7.458995E-17
5633.40617084503  8.592658E-17
5636.91844320297  8.267118E-17
5640.43071556092  7.577100E-17
5643.94298791886  6.920575E-17
5647.4552602768  7.628476E-17
5650.96753263474  7.693737E-17
5654.47980499268  6.801684E-17
5657.99207735062  6.463839E-17
5661.50434970856  7.492268E-17
5665.0166220665  7.899054E-17
5668.52889442444  7.145819E-17
5672.04116678238  7.220575E-17
5675.55343914032  9.179051E-17
5679.06571149826  8.560312E-17
5682.5779838562  7.750925E-17
5686.09025621415  8.533909E-17
5689.60252857208  8.634552E-17
5693.11480093003  6.953917E-17
5696.62707328797  6.214779E-17
5700.13934564591  7.449481E-17
5703.65161800385  7.183674E-17
5707.16389036179  6.968810E-17
5710.67616271973  6.259795E-17
5714.18843507767  6.438325E-17
5717.70070743561  7.085783E-17
5721.21297979355  8.420250E-17
5724.72525215149  8.134161E-17
5728.23752450943  7.239417E-17
5731.74979686737  6.722165E-17
5735.26206922531  6.709490E-17
5738.77434158325  6.255927E-17
5742.2866139412  6.211288E-17
5745.79888629914  7.248145E-17
5749.31115865708  7.122570E-17
5752.82343101502  7.256721E-17
5756.33570337296  7.187221E-17
5759.8479757309  7.975973E-17
5763.36024808884  7.210207E-17
5766.87252044678  6.666536E-17
5770.38479280472  6.580870E-17
5773.89706516266  6.921090E-17
5777.4093375206  7.727924E-17
5780.92160987854  7.110695E-17
5784.43388223648  6.887533E-17
5787.94615459442  6.753780E-17
5791.45842695237  6.661649E-17
5794.97069931031  6.662510E-17
5798.48297166825  6.639314E-17
5801.99524402619  6.706371E-17
5805.50751638413  5.981519E-17
5809.01978874207  5.736698E-17
5812.53206110001  6.736749E-17
5816.04433345795  6.259613E-17
5819.55660581589  6.617789E-17
5823.06887817383  6.571040E-17
5826.58115053177  5.197647E-17
5830.09342288971  5.301085E-17
5833.60569524765  6.284251E-17
5837.11796760559  6.375279E-17
5840.63023996353  5.499788E-17
5844.14251232147  5.302405E-17
5847.65478467942  6.303016E-17
5851.16705703736  5.990264E-17
5854.6793293953  5.407122E-17
5858.19160175324  5.451664E-17
5861.70387411118  5.576707E-17
5865.21614646912  5.738922E-17
5868.72841882706  6.326446E-17
5872.240691185  6.024123E-17
5875.75296354294  5.200227E-17
5879.26523590088  4.868789E-17
5882.77750825882  5.749669E-17
5886.28978061676  6.522465E-17
5889.8020529747  5.105784E-17
5893.31432533264  3.128177E-17
5896.82659769058  3.469789E-17
5900.33887004853  3.212622E-17
5903.85114240647  5.129884E-17
5907.36341476441  4.236127E-17
5910.87568712235  5.161952E-17
5914.38795948029  4.664577E-17
5917.90023183823  5.384569E-17
5921.41250419617  4.999161E-17
5924.92477655411  5.669568E-17
5928.43704891205  4.766205E-17
5931.94932126999  4.469328E-17
5935.46159362793  4.040471E-17
5938.97386598587  3.936995E-17
5942.48613834381  4.315487E-17
5945.99841070175  4.813767E-17
5949.51068305969  5.261522E-17
5953.02295541764  4.935075E-17
5956.53522777558  4.156264E-17
5960.04750013352  4.446865E-17
5963.55977249146  4.808557E-17
5967.0720448494  4.622918E-17
5970.58431720734  4.112250E-17
5974.09658956528  4.261193E-17
5977.60886192322  5.784023E-17
5981.12113428116  5.081001E-17
5984.6334066391  4.565285E-17
5988.14567899704  4.065247E-17
5991.65795135498  4.330347E-17
5995.17022371292  3.924257E-17
5998.68249607086  2.889671E-17
6002.1947684288  3.412776E-17
6005.70704078674  4.102372E-17
6009.21931314469  4.787301E-17
6012.73158550263  4.305712E-17
6016.24385786057  3.316821E-17
6019.75613021851  3.861426E-17
6023.26840257645  3.031467E-17
6026.78067493439  2.601921E-17
6030.29294729233  3.992157E-17
6033.80521965027  4.877397E-17
6037.31749200821  4.434723E-17
6040.82976436615  3.856901E-17
6044.34203672409  3.669046E-17
6047.85430908203  2.602665E-17
6051.36658143997  2.419866E-17
6054.87885379791  3.006183E-17
6058.39112615586  3.326191E-17
6061.9033985138  3.114957E-17
6065.41567087174  3.143615E-17
6068.92794322968  3.469014E-17
6072.44021558762  3.452868E-17
6075.95248794556  3.592989E-17
6079.4647603035  3.532329E-17
6082.97703266144  3.797178E-17
6086.48930501938  4.611129E-17
6090.00157737732  4.721406E-17
6093.51384973526  4.037664E-17
6097.0261220932  4.315997E-17
6100.53839445114  3.987434E-17
6104.05066680908  3.072042E-17
6107.56293916703  3.244449E-17
6111.07521152496  4.366764E-17
6114.58748388291  3.684360E-17
6118.09975624085  2.520941E-17
6121.61202859879  2.684459E-17
6125.12430095673  2.995260E-17
6128.63657331467  2.805146E-17
6132.14884567261  2.684561E-17
6135.66111803055  2.848347E-17
6139.17339038849  3.102402E-17
6142.68566274643  4.626434E-17
6146.19793510437  3.706265E-17
6149.71020746231  2.981439E-17
6153.22247982025  3.234552E-17
6156.73475217819  3.433038E-17
6160.24702453614  3.639954E-17
6163.75929689408  3.116791E-17
6167.27156925202  2.357217E-17
6170.78384160996  2.677519E-17
6174.2961139679  3.075885E-17
6177.80838632584  2.011028E-17
6181.32065868378  1.993613E-17
6184.83293104172  2.376031E-17
6188.34520339966  2.559180E-17
6191.8574757576  3.077882E-17
6195.36974811554  2.467413E-17
6198.88202047348  3.307848E-17
6202.39429283142  2.866674E-17
6205.90656518936  1.951613E-17
6209.4188375473  2.122897E-17
6212.93110990525  1.996153E-17
6216.44338226318  2.369457E-17
6219.95565462113  3.580685E-17
6223.46792697907  3.391399E-17
6226.98019933701  3.650550E-17
6230.49247169495  4.035905E-17
6234.00474405289  4.028824E-17
6237.51701641083  3.180118E-17
6241.02928876877  2.056470E-17
6244.54156112671  2.524821E-17
6248.05383348465  2.670398E-17
6251.56610584259  2.120877E-17
6255.07837820053  2.374799E-17
6258.59065055847  3.012657E-17
6262.10292291641  4.084969E-17
6265.61519527436  2.856222E-17
6269.1274676323  3.046359E-17
6272.63973999024  4.144399E-17
6276.15201234818  3.280594E-17
6279.66428470612  3.104290E-17
6283.17655706406  1.986121E-17
6286.688829422  1.487359E-17
6290.20110177994  1.973194E-17
6293.71337413788  1.322249E-17
6297.22564649582  2.261464E-17
6300.73791885376  3.776135E-17
6304.2501912117  2.747170E-17
6307.76246356964  1.238326E-17
6311.27473592759  2.570149E-17
6314.78700828552  3.894940E-17
6318.29928064347  2.781507E-17
6321.81155300141  2.546340E-17
6325.32382535935  2.970732E-17
6328.83609771729  2.781701E-17
6332.34837007523  2.561887E-17
6335.86064243317  3.079942E-17
6339.37291479111  3.465019E-17
6342.88518714905  3.001793E-17
6346.39745950699  4.006213E-17
6349.90973186493  4.238593E-17
6353.42200422287  4.585825E-17
6356.93427658081  4.489137E-17
6360.44654893875  3.026049E-17
6363.95882129669  2.736850E-17
6367.47109365463  2.322188E-17
6370.98336601258  3.103612E-17
6374.49563837052  3.185484E-17
6378.00791072846  3.416525E-17
6381.5201830864  3.045850E-17
6385.03245544434  3.561075E-17
6388.54472780228  3.651756E-17
6392.05700016022  3.112652E-17
6395.56927251816  2.337434E-17
6399.0815448761  3.524100E-17
6402.59381723404  3.804308E-17
6406.10608959198  3.256291E-17
6409.61836194992  3.660053E-17
6413.13063430787  3.784144E-17
6416.6429066658  3.332142E-17
6420.15517902374  3.587755E-17
6423.66745138169  2.856154E-17
6427.17972373963  3.468984E-17
6430.69199609757  3.945679E-17
6434.20426845551  3.389187E-17
6437.71654081345  2.541719E-17
6441.22881317139  2.986270E-17
6444.74108552933  3.753769E-17
6448.25335788727  3.793404E-17
6451.76563024521  3.493513E-17
6455.27790260315  3.138631E-17
6458.79017496109  3.309049E-17
6462.30244731903  3.362719E-17
6465.81471967697  2.307258E-17
6469.32699203491  2.058887E-17
6472.83926439286  3.195942E-17
6476.3515367508  2.675122E-17
6479.86380910874  2.506993E-17
6483.37608146668  3.598195E-17
6486.88835382462  3.630837E-17
6490.40062618256  4.132085E-17
6493.9128985405  4.319118E-17
6497.42517089844  4.495402E-17
6500.93744325638  3.443249E-17
6504.44971561432  2.888024E-17
6507.96198797226  2.860156E-17
6511.4742603302  2.229673E-17
6514.98653268814  2.402546E-17
6518.49880504608  3.430052E-17
6522.01107740403  3.649647E-17
6525.52334976196  4.021874E-17
6529.03562211991  3.208251E-17
6532.54789447785  3.237769E-17
6536.06016683579  4.294122E-17
6539.57243919373  4.861836E-17
6543.08471155167  4.033501E-17
6546.59698390961  2.758772E-17
6550.10925626755  3.427108E-17
6553.62152862549  3.221531E-17
6557.13380098343  3.962392E-17
6560.64607334137  3.506044E-17
6564.15834569931  3.043696E-17
6567.67061805725  3.718220E-17
6571.18289041519  4.118893E-17
6574.69516277314  3.486550E-17
6578.20743513107  2.935370E-17
6581.71970748902  3.573129E-17
6585.23197984696  4.504183E-17
6588.7442522049  4.423335E-17
6592.25652456284  3.939276E-17
6595.76879692078  3.110293E-17
6599.28106927872  3.319035E-17
6602.79334163666  3.977580E-17
6606.3056139946  3.577846E-17
6609.81788635254  3.558992E-17
6613.33015871048  4.154056E-17
6616.84243106842  4.155820E-17
6620.35470342636  3.568011E-17
6623.86697578431  2.970406E-17
6627.37924814225  2.850387E-17
6630.89152050019  3.262660E-17
6634.40379285813  3.749964E-17
6637.91606521607  3.586683E-17
6641.42833757401  3.051145E-17
6644.94060993195  3.359238E-17
6648.45288228989  4.040911E-17
6651.96515464783  4.955650E-17
6655.47742700577  4.491649E-17
6658.98969936371  3.228631E-17
6662.50197172165  3.483903E-17
6666.01424407959  3.703765E-17
6669.52651643753  4.231522E-17
6673.03878879547  4.123296E-17
6676.55106115342  3.788600E-17
6680.06333351136  3.522367E-17
6683.5756058693  3.719443E-17
6687.08787822724  3.753578E-17
6690.60015058518  4.140189E-17
6694.11242294312  3.191178E-17
6697.62469530106  3.106646E-17
6701.136967659  3.597815E-17
6704.64924001694  3.977246E-17
6708.16151237488  4.147056E-17
6711.67378473282  4.101710E-17
6715.18605709076  4.046240E-17
6718.6983294487  4.171177E-17
6722.21060180664  2.960715E-17
6725.72287416458  2.946125E-17
6729.23514652253  3.045143E-17
6732.74741888047  3.543367E-17
6736.25969123841  4.218958E-17
6739.77196359635  3.563390E-17
6743.28423595429  3.803402E-17
6746.79650831223  4.298547E-17
6750.30878067017  4.054556E-17
6753.82105302811  3.521478E-17
6757.33332538605  3.319651E-17
6760.84559774399  4.044712E-17
6764.35787010193  3.793508E-17
6767.87014245987  3.105777E-17
6771.38241481781  3.994079E-17
6774.89468717575  4.444076E-17
6778.40695953369  4.023103E-17
6781.91923189163  3.784829E-17
6785.43150424958  4.370070E-17
6788.94377660752  3.955376E-17
6792.45604896546  4.246111E-17
6795.9683213234  4.578885E-17
6799.48059368134  4.120740E-17
6802.99286603928  4.314006E-17
6806.50513839722  4.630547E-17
6810.01741075516  3.790194E-17
6813.5296831131  3.694994E-17
6817.04195547104  3.790628E-17
6820.55422782898  3.532601E-17
6824.06650018692  3.912203E-17
6827.57877254486  3.729393E-17
6831.0910449028  4.076152E-17
6834.60331726075  4.416033E-17
6838.11558961869  4.373908E-17
6841.62786197663  4.335020E-17
6845.14013433457  3.500231E-17
6848.65240669251  2.861645E-17
6852.16467905045  3.734786E-17
6855.67695140839  5.559389E-17
6859.18922376633  5.885966E-17
6862.70149612427  4.318296E-17
6866.21376848221  3.337219E-17
6869.72604084015  3.448251E-17
6873.23831319809  4.142340E-17
6876.75058555603  4.950604E-17
6880.26285791397  5.125882E-17
6883.77513027191  4.735728E-17
6887.28740262986  4.806123E-17
6890.7996749878  4.754419E-17
6894.31194734574  4.016243E-17
6897.82421970368  3.215391E-17
6901.33649206162  3.543316E-17
6904.84876441956  4.238706E-17
6908.3610367775  4.652364E-17
6911.87330913544  4.169843E-17
6915.38558149338  3.645808E-17
6918.89785385132  3.943898E-17
6922.41012620926  3.985795E-17
6925.9223985672  4.541207E-17
6929.43467092514  4.261654E-17
6932.94694328309  4.191139E-17
6936.45921564102  4.222216E-17
6939.97148799897  4.704680E-17
6943.48376035691  4.269312E-17
6946.99603271485  4.196641E-17
6950.50830507279  4.476303E-17
6954.02057743073  3.789026E-17
6957.53284978867  2.910154E-17
6961.04512214661  3.903138E-17
6964.55739450455  4.869333E-17
6968.06966686249  4.101419E-17
6971.58193922043  4.162921E-17
6975.09421157837  4.892033E-17
6978.60648393631  4.273603E-17
6982.11875629425  3.502837E-17
6985.6310286522  4.108045E-17
6989.14330101013  4.526928E-17
6992.65557336808  3.976651E-17
6996.16784572602  3.290925E-17
6999.68011808396  3.657413E-17
7003.1923904419  4.194628E-17
7006.70466279984  4.739086E-17
7010.21693515778  4.399287E-17
7013.72920751572  4.497769E-17
7017.24147987366  5.486184E-17
7020.7537522316  5.445033E-17
7024.26602458954  5.156411E-17
7027.77829694748  4.526081E-17
7031.29056930542  5.296287E-17
7034.80284166336  5.489351E-17
7038.3151140213  5.464893E-17
7041.82738637924  5.331394E-17
7045.33965873719  5.323217E-17
7048.85193109513  5.427887E-17
7052.36420345307  4.760923E-17
7055.87647581101  4.314998E-17
7059.38874816895  3.831011E-17
7062.90102052689  3.763063E-17
7066.41329288483  4.649911E-17
7069.92556524277  5.013052E-17
7073.43783760071  5.200818E-17
7076.95010995865  5.120763E-17
7080.46238231659  4.291532E-17
7083.97465467453  4.591535E-17
7087.48692703247  5.427165E-17
7090.99919939041  4.831225E-17
7094.51147174836  4.131367E-17
7098.0237441063  5.092572E-17
7101.53601646424  5.698633E-17
7105.04828882218  5.680464E-17
7108.56056118012  6.248406E-17
7112.07283353806  7.980240E-17
7115.585105896  9.440615E-17
7119.09737825394  8.462383E-17
7122.60965061188  9.300074E-17
7126.12192296982  9.108890E-17
7129.63419532776  7.997003E-17
7133.1464676857  6.634515E-17
7136.65874004364  6.246616E-17
7140.17101240158  6.030454E-17
7143.68328475952  5.208070E-17
7147.19555711747  4.521303E-17
7150.70782947541  4.580288E-17
7154.22010183335  5.521295E-17
7157.73237419129  5.803833E-17
7161.24464654923  4.736151E-17
7164.75691890717  4.722723E-17
7168.26919126511  5.655513E-17
7171.78146362305  4.958253E-17
7175.29373598099  3.589738E-17
7178.80600833893  2.981591E-17
7182.31828069687  3.111962E-17
7185.83055305481  3.854233E-17
7189.34282541275  3.798135E-17
7192.85509777069  3.808103E-17
7196.36737012864  3.573880E-17
7199.87964248657  3.405667E-17
7203.39191484452  3.658386E-17
7206.90418720246  4.302642E-17
7210.4164595604  4.551693E-17
7213.92873191834  3.480087E-17
7217.44100427628  3.048838E-17
7220.95327663422  3.186764E-17
7224.46554899216  3.361346E-17
7227.9778213501  3.104187E-17
7231.49009370804  3.148318E-17
7235.00236606598  3.229662E-17
7238.51463842392  4.240395E-17
7242.02691078186  3.933683E-17
7245.5391831398  3.818252E-17
7249.05145549775  3.446339E-17
7252.56372785568  2.754851E-17
7256.07600021363  3.255090E-17
7259.58827257157  3.685887E-17
7263.10054492951  3.529923E-17
7266.61281728745  3.304205E-17
7270.12508964539  2.781437E-17
7273.63736200333  2.475082E-17
7277.14963436127  2.955070E-17
7280.66190671921  1.708872E-17
7284.17417907715  1.511492E-17
7287.68645143509  1.407408E-17
7291.19872379303  2.645996E-17
7294.71099615097  3.013980E-17
7298.22326850892  2.232574E-17
7301.73554086686  2.494854E-17
7305.2478132248  2.268909E-17
7308.76008558274  2.499815E-17
7312.27235794068  3.827866E-17
7315.78463029862  3.248515E-17
7319.29690265656  2.760223E-17
7322.8091750145  2.406961E-17
7326.32144737244  2.381753E-17
7329.83371973038  2.370860E-17
7333.34599208832  2.963456E-17
7336.85826444626  2.497816E-17
7340.3705368042  1.294844E-17
7343.88280916214  1.492471E-17
7347.39508152008  2.286837E-17
7350.90735387803  3.403677E-17
7354.41962623596  3.466822E-17
7357.93189859391  2.456528E-17
7361.44417095185  3.189347E-17
7364.95644330979  3.513874E-17
7368.46871566773  2.913344E-17
7371.98098802567  2.565640E-17
7375.49326038361  2.296449E-17
7379.00553274155  2.348290E-17
7382.51780509949  1.424851E-17
7386.03007745743  9.976493E-18
7389.54234981537  2.688577E-17
7393.05462217331  3.140242E-17
7396.56689453125  2.645992E-17
7400.07916688919  2.885197E-17
7403.59143924714  2.849193E-17
7407.10371160507  2.571453E-17
7410.61598396302  2.862675E-17
7414.12825632096  2.341016E-17
7417.6405286789  2.396069E-17
7421.15280103684  2.431226E-17
7424.66507339478  1.869606E-17
7428.17734575272  1.850352E-17
7431.68961811066  2.149665E-17
7435.2018904686  1.888496E-17
7438.71416282654  1.589122E-17
7442.22643518448  1.771417E-17
7445.73870754242  1.871510E-17
7449.25097990036  2.758587E-17
7452.7632522583  3.154108E-17
7456.27552461624  2.819038E-17
7459.78779697419  2.076820E-17
7463.30006933213  3.069320E-17
7466.81234169007  3.458961E-17
7470.32461404801  2.298829E-17
7473.83688640595  2.081885E-17
7477.34915876389  3.079185E-17
7480.86143112183  3.503079E-17
7484.37370347977  2.655873E-17
7487.88597583771  1.786402E-17
7491.39824819565  1.019933E-17
7494.91052055359  1.984026E-17
7498.42279291153  2.520151E-17
7501.93506526947  2.423290E-17
7505.44733762741  3.562285E-17
7508.95960998535  2.334382E-17
7512.4718823433  1.625845E-17
7515.98415470123  2.332250E-17
7519.49642705918  9.592969E-18
7523.00869941712  1.505377E-17
7526.52097177506  2.556788E-17
7530.033244133  2.579027E-17
7533.54551649094  2.625863E-17
7537.05778884888  3.090420E-17
7540.57006120682  3.092624E-17
7544.08233356476  2.480045E-17
7547.5946059227  2.517352E-17
7551.10687828064  2.523085E-17
7554.61915063858  2.661776E-17
7558.13142299652  3.200284E-17
7561.64369535447  2.992085E-17
7565.15596771241  1.720725E-17
7568.66824007035  2.514755E-17
7572.18051242829  2.853965E-17
7575.69278478623  1.919874E-17
7579.20505714417  2.179884E-17
7582.71732950211  2.471998E-17
7586.22960186005  2.080941E-17
7589.74187421799  2.245246E-17
7593.25414657593  3.112252E-17
7596.76641893387  2.944469E-17
7600.27869129181  1.357303E-17
7603.79096364975  1.898307E-17
7607.30323600769  2.524626E-17
7610.81550836563  1.026706E-17
7614.32778072358  2.649062E-17
7617.84005308152  2.023707E-17
7621.35232543946  1.631834E-17
7624.8645977974  1.208334E-17
7628.37687015534  1.598111E-17
7631.88914251328  2.831447E-17
7635.40141487122  2.619093E-17
7638.91368722916  1.896219E-17
7642.4259595871  2.696400E-17
7645.93823194504  3.378328E-17
7649.45050430298  3.471104E-17
7652.96277666092  3.493516E-17
7656.47504901886  2.513686E-17
7659.9873213768  2.087154E-17
7663.49959373474  2.666862E-17
7667.01186609268  2.868170E-17
7670.52413845063  2.983426E-17
7674.03641080857  2.553205E-17
7677.54868316651  2.070447E-17
7681.06095552445  2.893842E-17
7684.57322788239  3.130940E-17
7688.08550024033  3.290773E-17
7691.59777259827  4.280249E-17
7695.11004495621  3.704540E-17
7698.62231731415  2.978670E-17
7702.13458967209  2.653580E-17
7705.64686203003  3.139581E-17
7709.15913438797  2.327302E-17
7712.67140674591  3.074772E-17
7716.18367910385  2.461951E-17
7719.69595146179  1.477976E-17
7723.20822381974  2.509264E-17
7726.72049617768  3.423948E-17
7730.23276853562  2.591604E-17
7733.74504089356  2.281856E-17
7737.2573132515  3.275211E-17
7740.76958560944  3.118262E-17
7744.28185796738  1.619858E-17
7747.79413032532  1.899321E-17
7751.30640268326  2.807733E-17
7754.8186750412  1.423040E-17
7758.33094739914  5.343110E-18
7761.84321975708  1.123009E-17
7765.35549211502  2.047208E-17
7768.86776447296  2.044244E-17
7772.3800368309  2.702972E-17
7775.89230918885  2.660541E-17
7779.40458154679  2.985533E-17
7782.91685390473  2.632264E-17
7786.42912626267  3.388479E-17
7789.94139862061  3.728007E-17
7793.45367097855  3.114032E-17
7796.96594333649  2.170581E-17
7800.47821569443  3.151034E-17
7803.99048805237  3.073836E-17
7807.50276041031  1.947598E-17
7811.01503276825  1.851181E-17
7814.52730512619  8.349873E-18
7818.03957748413  6.058633E-18
7821.55184984207  2.304875E-17
7825.06412220002  3.224719E-17
7828.57639455796  3.911647E-17
7832.0886669159  3.674856E-17
7835.60093927384  2.310949E-17
7839.11321163178  1.065361E-17
7842.62548398972  1.746512E-17
7846.13775634766  2.051398E-17
7849.6500287056  2.191593E-17
7853.16230106354  2.029890E-17
7856.67457342148  3.981673E-17
7860.18684577942  3.910745E-17
7863.69911813736  2.308542E-17
7867.2113904953  1.349810E-17
7870.72366285324  1.998006E-17
7874.23593521118  3.954708E-17
7877.74820756913  3.688154E-17
7881.26047992707  2.523851E-17
7884.77275228501  2.539034E-17
7888.28502464295  2.281177E-17
7891.79729700089  2.984978E-17
7895.30956935883  3.576492E-17
7898.82184171677  2.048164E-17
7902.33411407471  1.686051E-17
7905.84638643265  2.661556E-17
7909.35865879059  2.257682E-17
7912.87093114853  1.782870E-17
7916.38320350647  2.696647E-17
7919.89547586441  2.322811E-17
7923.40774822236  3.336786E-17
7926.9200205803  3.067083E-17
7930.43229293824  1.884187E-17
7933.94456529618  3.173578E-17
7937.45683765412  4.453356E-17
7940.96911001206  4.326494E-17
7944.48138237  3.712477E-17
7947.99365472794  3.299998E-17
7951.50592708588  2.139672E-17
7955.01819944382  1.265299E-17
7958.53047180176  2.086390E-17
7962.0427441597  2.827557E-17
7965.55501651764  2.549813E-17
7969.06728887558  1.603443E-17
7972.57956123353  2.279786E-17
7976.09183359147  2.091640E-17
7979.60410594941  3.079986E-17
7983.11637830735  2.991417E-17
7986.62865066529  3.231823E-17
7990.14092302323  3.880872E-17
7993.65319538117  2.324606E-17
7997.16546773911  1.917520E-17
8000.67774009705  2.612497E-17
8004.19001245499  3.291892E-17
8007.70228481293  3.072743E-17
8011.21455717087  2.347668E-17
8014.72682952881  2.609150E-17
8018.23910188675  2.789550E-17
8021.75137424469  2.400182E-17
8025.26364660264  2.784290E-17
8028.77591896058  2.869941E-17
8032.28819131852  1.840320E-17
8035.80046367646  1.562452E-17
8039.3127360344  2.275641E-17
8042.82500839234  2.133083E-17
8046.33728075028  2.788468E-17
8049.84955310822  2.361664E-17
8053.36182546616  3.135184E-18
8056.8740978241  2.651415E-17
8060.38637018204  3.096212E-17
8063.89864253998  1.583389E-17
8067.41091489792  1.423289E-17
8070.92318725586  2.701318E-17
8074.4354596138  3.667386E-17
8077.94773197174  2.873224E-17
8081.46000432969  2.775725E-17
8084.97227668763  3.383773E-17
8088.48454904557  2.566192E-17
8091.99682140351  1.837442E-17
8095.50909376145  1.753951E-17
8099.02136611939  2.393057E-17
8102.53363847733  2.339901E-17
8106.04591083527  1.776990E-17
8109.55818319321  2.380639E-17
8113.07045555115  2.447913E-17
8116.58272790909  1.131421E-17
8120.09500026703  1.490560E-17
8123.60727262497  3.410231E-17
8127.11954498291  3.095869E-17
8130.63181734085  2.063090E-17
8134.1440896988  1.799782E-17
8137.65636205673  2.177117E-17
8141.16863441468  2.332831E-17
8144.68090677262  2.784975E-17
8148.19317913056  2.713215E-17
8151.7054514885  2.348255E-17
8155.21772384644  3.195868E-17
8158.72999620438  2.684003E-17
8162.24226856232  2.143133E-17
8165.75454092026  1.895163E-17
8169.2668132782  2.146115E-17
8172.77908563614  2.068058E-17
8176.29135799408  2.943628E-17
8179.80363035202  2.742393E-17
8183.31590270996  1.817807E-17
8186.82817506791  2.366626E-17
8190.34044742585  2.582597E-17
8193.85271978379  2.047244E-17
8197.36499214173  1.520820E-17
8200.87726449967  2.047634E-17
8204.38953685761  2.640175E-17
8207.90180921555  2.494918E-17
8211.41408157349  2.201650E-17
8214.92635393143  2.135867E-17
8218.43862628937  2.326508E-17
8221.95089864731  1.765730E-17
8225.46317100525  2.041381E-17
8228.97544336319  2.249085E-17
8232.48771572113  2.138152E-17
8235.99998807908  1.741778E-17
8239.51226043702  1.743404E-17
8243.02453279496  1.829000E-17
8246.5368051529  2.150425E-17
8250.04907751084  1.954390E-17
8253.56134986878  1.959894E-17
8257.07362222672  2.256902E-17
8260.58589458466  1.750746E-17
8264.0981669426  1.409508E-17
8267.61043930054  1.430565E-17
8271.12271165848  1.423793E-17
8274.63498401642  1.933371E-17
8278.14725637436  1.904423E-17
8281.6595287323  2.972098E-17
8285.17180109024  4.124665E-17
8288.68407344818  3.298274E-18
8292.19634580613  3.736516E-18
8295.70861816407  1.207496E-17
8299.22089052201  2.059069E-17
8302.73316287995  5.350939E-18
8306.24543523789  6.162079E-18
8309.75770759583  2.044682E-17
8313.26997995377  2.334130E-17
8316.78225231171  8.557154E-18
8320.29452466965  1.722640E-17
8323.80679702759  3.970935E-17
8327.31906938553  3.379312E-17
8330.83134174347  1.761399E-17
8334.34361410141  1.239364E-17
8337.85588645936  1.681614E-17
8341.36815881729  1.445364E-17
8344.88043117524  5.169123E-18
8348.39270353318  9.344093E-18
8351.90497589112  2.806322E-17
8355.41724824906  2.536192E-17
8358.929520607  1.278773E-17
8362.44179296494  1.264406E-17
8365.95406532288  8.416358E-18
8369.46633768082  8.641706E-18
8372.97861003876  1.269043E-17
8376.4908823967  2.804524E-17
8380.00315475464  3.099769E-17
8383.51542711258  1.246267E-17
8387.02769947052  8.014483E-18
8390.53997182846  1.514620E-17
8394.05224418641  2.124355E-17
8397.56451654435  1.700392E-17
8401.07678890229  8.533823E-18
8404.58906126023  1.883811E-17
8408.10133361817  2.121425E-17
8411.61360597611  2.303241E-17
8415.12587833405  2.187214E-17
8418.63815069199  2.289551E-17
8422.15042304993  1.346518E-17
8425.66269540787  4.705708E-18
8429.17496776581  3.197973E-17
8432.68724012375  3.884117E-17
8436.19951248169  6.650023E-18
8439.71178483963  5.257046E-19
8443.22405719757  1.046050E-17
8446.73632955552  5.600806E-19
8450.24860191346  -2.784217E-19
8453.7608742714  1.642005E-17
8457.27314662934  2.225512E-17
8460.78541898728  1.773355E-17
8464.29769134522  6.277981E-18
8467.80996370316  -9.448235E-19
8471.3222360611  6.066015E-19
8474.83450841904  1.250749E-17
8478.34678077698  3.411678E-17
8481.85905313492  4.043146E-17
8485.37132549286  3.495349E-17
8488.8835978508  2.896080E-17
8492.39587020874  2.659226E-17
8495.90814256668  2.237361E-17
8499.42041492463  2.154871E-17
8502.93268728257  3.764709E-17
8506.44495964051  3.780377E-17
8509.95723199845  2.609384E-17
8513.46950435639  1.429625E-17
8516.98177671433  9.708166E-18
8520.49404907227  1.997852E-17
8524.00632143021  2.052219E-17
8527.51859378815  1.873580E-17
8531.03086614609  1.491528E-17
8534.54313850403  1.393896E-17
8538.05541086197  2.635269E-17
8541.56768321991  2.055879E-17
8545.07995557785  9.284321E-18
8548.59222793579  1.562257E-17
8552.10450029374  2.093671E-17
8555.61677265168  2.237293E-17
8559.12904500962  1.468354E-17
8562.64131736756  2.186451E-17
8566.1535897255  2.180772E-17
8569.66586208344  1.712567E-17
8573.17813444138  5.328116E-18
8576.69040679932  8.724374E-18
8580.20267915726  1.976741E-17
8583.7149515152  2.524311E-17
8587.22722387314  2.283860E-17
8590.73949623108  1.211941E-17
8594.25176858902  1.419691E-17
8597.76404094696  2.800153E-17
8601.2763133049  2.555596E-17
8604.78858566285  1.977175E-17
8608.30085802079  2.629189E-17
8611.81313037873  1.774065E-17
8615.32540273667  3.978162E-18
8618.83767509461  1.286134E-17
8622.34994745255  1.947738E-17
8625.86221981049  3.697045E-17
8629.37449216843  3.594006E-17
8632.88676452637  2.345019E-17
8636.39903688431  3.406393E-17
8639.91130924225  3.823096E-17
8643.42358160019  3.237510E-17
8646.93585395813  3.192913E-17
8650.44812631608  2.906949E-17
8653.96039867401  2.685903E-17
8657.47267103196  2.125765E-17
8660.9849433899  2.080280E-17
8664.49721574784  3.127499E-17
8668.00948810578  1.111233E-17
8671.52176046372  2.451296E-17
8675.03403282166  2.915848E-17
8678.5463051796  2.356604E-17
8682.05857753754  2.822698E-17
8685.57084989548  1.776743E-17
8689.08312225342  5.923321E-18
8692.59539461136  8.898348E-18
8696.1076669693  1.082220E-17
8699.61993932724  8.421387E-18
8703.13221168518  6.918848E-18
8706.64448404312  1.041712E-17
8710.15675640107  1.382406E-17
8713.66902875901  3.932958E-18
8717.18130111695  1.317080E-17
8720.69357347489  2.109005E-17
8724.20584583283  1.710194E-17
8727.71811819077  2.282068E-17
8731.23039054871  2.007608E-17
8734.74266290665  1.760312E-17
8738.25493526459  2.669052E-17
8741.76720762253  1.981137E-17
8745.27947998047  1.455057E-17
8748.79175233841  1.885734E-17
8752.30402469635  1.277027E-17
8755.8162970543  2.187315E-17
8759.32856941224  3.515542E-17
8762.84084177018  2.339298E-17
8766.35311412812  1.361783E-17
8769.86538648606  4.462816E-18
8773.377658844  6.618135E-18
8776.88993120194  2.043815E-17
8780.40220355988  -1.594378E-18
8783.91447591782  -7.181584E-19
8787.42674827576  2.392628E-17
8790.9390206337  2.197558E-17
8794.45129299164  2.262173E-17
8797.96356534958  3.004616E-17
8801.47583770752  2.261925E-17
8804.98811006546  2.870423E-17
8808.50038242341  3.491601E-17
8812.01265478135  3.180811E-17
8815.52492713929  2.405927E-17
8819.03719949723  2.844520E-17
8822.54947185517  3.011572E-17
8826.06174421311  2.044074E-17
8829.57401657105  8.281150E-18
8833.08628892899  5.733125E-18
8836.59856128693  2.759946E-17
8840.11083364487  5.749745E-17
8843.62310600281  5.102574E-17
8847.13537836075  2.337599E-17
8850.64765071869  2.184954E-17
8854.15992307663  3.084399E-17
8857.67219543457  4.011848E-17
8861.18446779252  4.125811E-17
8864.69674015046  2.089509E-17
8868.2090125084  3.428844E-17
8871.72128486634  2.930444E-17
8875.23355722428  2.600331E-17
8878.74582958222  3.347800E-17
8882.25810194016  3.208481E-17
8885.7703742981  3.338020E-17
8889.28264665604  5.229635E-17
8892.79491901398  4.840280E-17
8896.30719137192  2.520485E-17
8899.81946372986  4.116168E-17
8903.3317360878  4.230837E-17
8906.84400844574  4.457404E-17
8910.35628080368  4.649098E-17
8913.86855316162  1.716190E-17
8917.38082551957  3.383460E-17
8920.89309787751  4.759866E-17
8924.40537023545  4.931606E-17
8927.91764259339  3.866659E-17
8931.42991495133  2.249803E-17
8934.94218730927  3.447623E-17
8938.45445966721  4.634825E-17
8941.96673202515  4.081030E-17
8945.47900438309  5.231849E-17
8948.99127674103  5.167927E-17
8952.50354909897  3.695256E-17
8956.01582145691  2.781399E-17
8959.52809381485  3.837580E-17
8963.04036617279  5.874386E-17
8966.55263853073  6.838106E-17
8970.06491088868  3.856208E-17
8973.57718324662  1.800198E-17
8977.08945560456  2.593144E-17
8980.6017279625  3.906678E-17
8984.11400032044  5.770321E-17
8987.62627267838  5.837291E-17
8991.13854503632  3.975924E-17
8994.65081739426  2.116140E-17
8998.1630897522  3.621680E-17
9001.67536211014  7.229593E-17
9005.18763446808  5.900332E-17
9008.69990682602  4.265033E-17
9012.21217918397  4.036922E-17
9015.7244515419  4.234130E-17
9019.23672389985  4.487238E-17
9022.74899625779  4.176512E-17
9026.26126861573  4.108943E-17
9029.77354097367  4.517070E-17
9033.28581333161  4.273885E-17
9036.79808568955  4.145845E-17
9040.31035804749  5.422495E-17
9043.82263040543  5.552788E-17
9047.33490276337  4.985278E-17
9050.84717512131  3.105266E-17
9054.35944747925  3.022162E-17
9057.87171983719  3.685029E-17
9061.38399219513  4.028156E-17
9064.89626455307  3.460248E-17
9068.40853691101  2.616876E-17
9071.92080926896  3.654117E-17
9075.43308162689  4.136206E-17
9078.94535398484  3.941873E-17
9082.45762634278  2.903374E-17
9085.96989870072  3.346898E-17
9089.48217105866  2.756322E-17
9092.9944434166  3.673785E-17
9096.50671577454  4.589877E-17
9100.01898813248  3.208731E-17
9103.53126049042  3.683675E-17
9107.04353284836  3.846114E-17
9110.5558052063  2.203677E-17
9114.06807756424  3.039154E-17
9117.58034992218  2.871163E-17
9121.09262228013  3.488624E-17
9124.60489463807  3.616829E-17
9128.11716699601  3.194683E-17
9131.62943935395  2.906353E-17
9135.14171171189  1.990047E-17
9138.65398406983  2.551978E-17
9142.16625642777  3.350771E-17
9145.67852878571  4.487521E-17
9149.19080114365  4.639681E-17
9152.70307350159  3.507721E-17
9156.21534585953  4.434922E-17
9159.72761821747  3.598086E-17
9163.23989057541  2.585338E-17
9166.75216293335  2.427330E-17
9170.26443529129  4.042649E-17
9173.77670764924  4.304348E-17
9177.28898000718  2.797117E-17
9180.80125236512  3.023214E-17
9184.31352472306  4.572469E-17
9187.825797081  4.660380E-17
9191.33806943894  4.172668E-17
9194.85034179688  4.337471E-17
9198.36261415482  4.111682E-17
9201.87488651276  4.215368E-17
9205.3871588707  4.532504E-17
9208.89943122864  4.934718E-17
9212.41170358658  5.413007E-17
9215.92397594452  5.563871E-17
9219.43624830246  5.179962E-17
9222.9485206604  4.527492E-17
9226.46079301834  4.642039E-17
9229.97306537629  4.524506E-17
9233.48533773423  3.895191E-17
9236.99761009217  4.463235E-17
9240.50988245011  4.616126E-17
9244.02215480805  4.992227E-17
9247.53442716599  4.888175E-17
9251.04669952393  5.660799E-17
9254.55897188187  4.596530E-17
9258.07124423981  5.562897E-17
9261.58351659775  6.410603E-17
9265.09578895569  4.734464E-17
9268.60806131363  5.173803E-17
9272.12033367157  6.687520E-17
9275.63260602951  5.428193E-17
9279.14487838745  4.935381E-17
9282.6571507454  5.166484E-17
9286.16942310334  5.461691E-17
9289.68169546128  5.025058E-17
9293.19396781922  4.732039E-17
9296.70624017716  5.730181E-17
9300.2185125351  6.436607E-17
9303.73078489304  5.926332E-17
9307.24305725098  4.425479E-17
9310.75532960892  5.417414E-17
9314.26760196686  8.381398E-17
9317.7798743248  5.716523E-17
9321.29214668274  5.649798E-17
9324.80441904068  5.707552E-17
9328.31669139862  2.470470E-17
9331.82896375656  2.785813E-17
9335.34123611451  2.828127E-17
9338.85350847245  2.149746E-17
9342.36578083039  2.883562E-17
9345.87805318833  3.829956E-17
9349.39032554627  4.291506E-17
9352.90259790421  2.989214E-17
9356.41487026215  2.524559E-17
9359.92714262009  3.011050E-17
9363.43941497803  4.047567E-17
9366.95168733597  3.783656E-17
9370.46395969391  4.215275E-17
9373.97623205185  1.656627E-17
9377.48850440979  -5.778794E-19
9381.00077676774  1.110715E-17
9384.51304912568  -2.879467E-18
9388.02532148362  1.310633E-18
9391.53759384156  4.951441E-17
9395.0498661995  5.394054E-17
9398.56213855744  3.762301E-17
9402.07441091538  2.768166E-17
9405.58668327332  4.977082E-17
9409.09895563126  4.633820E-17
9412.6112279892  3.208148E-17
9416.12350034714  3.269280E-17
9419.63577270508  3.435840E-17
9423.14804506302  4.473239E-17
9426.66031742096  4.336297E-17
9430.1725897789  3.355444E-17
9433.68486213685  5.336196E-17
9437.19713449478  4.946846E-17
9440.70940685273  3.600147E-17
9444.22167921067  3.272895E-17
9447.73395156861  3.290934E-17
9451.24622392655  3.630743E-17
9454.75849628449  2.669993E-17
9458.27076864243  3.070198E-17
9461.78304100037  6.402303E-17
9465.29531335831  5.190700E-17
9468.80758571625  6.034165E-17
9472.31985807419  4.088484E-17
9475.83213043213  7.800937E-18
9479.34440279007  1.239909E-17
9482.85667514801  2.317350E-17
9486.36894750596  3.058868E-17
9489.88121986389  5.827440E-17
9493.39349222184  4.450218E-17
9496.90576457978  -9.499561E-18
9500.41803693772  2.363781E-17
9503.93030929566  5.895181E-17
9507.4425816536  6.427806E-17
9510.95485401154  5.144219E-17
9514.46712636948  6.840299E-17
9517.97939872742  2.882643E-17
9521.49167108536  -9.028157E-18
9525.0039434433  4.083193E-17
9528.51621580124  6.237111E-17
9532.02848815918  3.333959E-17
9535.54076051712  5.133064E-17
9539.05303287507  5.698583E-17
9542.56530523301  3.815734E-17
9546.07757759095  3.730590E-17
9549.58984994889  2.994530E-17
9553.10212230683  2.093602E-17
9556.61439466477  3.828170E-17
9560.12666702271  6.313437E-17
9563.63893938065  7.550014E-17
9567.15121173859  6.796569E-17
9570.66348409653  2.104175E-17
9574.17575645447  -7.293691E-18
9577.68802881241  5.468120E-18
9581.20030117035  1.381392E-17
9584.71257352829  2.611836E-17
9588.22484588623  4.469464E-17
9591.73711824418  4.525392E-17
9595.24939060212  3.817596E-17
9598.76166296006  3.159281E-17
9602.273935318  1.318154E-17
9605.78620767594  1.607886E-17
9609.29848003388  2.630954E-17
9612.81075239182  2.312019E-17
9616.32302474976  2.179295E-17
9619.8352971077  5.181832E-18
9623.34756946564  -3.678554E-18
9626.85984182358  9.875616E-18
9630.37211418152  1.651970E-17
9633.88438653946  2.609255E-17
9637.3966588974  2.609255E-17
