3400.0 2.1457e-18
3401.532046 1.6687e-18
3403.064092 1.0118e-18
3404.596138 -1.2038e-18
3406.128184 2.4727e-18
3407.66023 -8.8403e-19
3409.192276 -1.3502e-18
3410.724322 4.452e-18
3412.256368 5.3886e-18
3413.788414 -1.5003e-18
3415.32046 2.4319e-18
3416.852506 2.0854e-18
3418.384552 1.4123e-18
3419.916598 4.6116e-18
3421.448644 6.3233e-19
3422.98069 -8.6622e-19
3424.512736 1.9397e-18
3426.044782 -3.5271e-18
3427.576828 3.6391e-18
3429.108874 1.3866e-18
3430.64092 -1.2376e-18
3432.172966 2.2077e-18
3433.705012 2.7537e-18
3435.237058 1.9114e-18
3436.769104 4.0513e-18
3438.30115 5.6167e-19
3439.833196 -7.9595e-19
3441.365242 1.9143e-18
3442.897288 -2.7943e-19
3444.429334 -8.0842e-19
3445.96138 2.5861e-18
3447.493426 -2.753e-18
3449.025472 2.5187e-18
3450.557518 9.5022e-20
3452.089564 1.1394e-18
3453.62161 3.9691e-18
3455.153656 2.7044e-18
3456.685702 7.7184e-18
3458.217748 2.5152e-18
3459.749794 -1.969e-19
3461.28184 5.3134e-19
3462.813886 1.7012e-18
3464.345932 1.5626e-18
3465.877978 -1.3932e-19
3467.410024 3.1768e-19
3468.94207 7.8287e-19
3470.474116 -3.1892e-18
3472.006162 -2.3335e-19
3473.538208 1.0177e-18
3475.070254 5.3993e-19
3476.6023 1.1662e-18
3478.134346 4.1665e-19
3479.666392 -2.1313e-18
3481.198438 1.3673e-18
3482.730484 5.2651e-18
3484.26253 7.1034e-18
3485.794576 6.4406e-18
3487.326622 -1.7984e-18
3488.858668 3.5198e-18
3490.390714 3.001e-18
3491.92276 4.4714e-18
3493.454806 5.382e-19
3494.986852 -5.6617e-19
3496.518898 9.5942e-19
3498.050944 2.2213e-18
3499.58299 -2.1715e-18
3501.115036 -1.9404e-18
3502.647082 1.2237e-20
3504.179128 -5.2127e-19
3505.711174 5.0943e-18
3507.24322 3.8744e-18
3508.775266 -1.0963e-18
3510.307312 -1.1137e-19
3511.839358 -1.6786e-18
3513.371404 3.7837e-18
3514.90345 1.121e-18
3516.435496 2.0692e-18
3517.967542 3.3872e-18
3519.499588 9.6547e-19
3521.031634 5.2419e-18
3522.56368 3.5401e-18
3524.095726 -4.7453e-19
3525.627772 -3.6692e-18
3527.159818 9.6242e-19
3528.691864 2.8806e-18
3530.22391 -9.6782e-19
3531.755956 -1.1701e-18
3533.288002 6.3548e-19
3534.820048 -4.614e-19
3536.352094 -3.7965e-18
3537.88414 -8.8919e-19
3539.416186 3.885e-18
3540.948232 9.7805e-20
3542.480278 -5.0332e-19
3544.012324 7.1044e-19
3545.54437 -1.5888e-18
3547.076416 1.0831e-18
3548.608462 9.91e-19
3550.140508 -2.4028e-18
3551.672554 1.8013e-18
3553.2046 -2.7078e-19
3554.736646 -2.1041e-18
3556.268692 1.9195e-18
3557.800738 1.2338e-18
3559.332784 -2.0529e-18
3560.86483 4.813e-19
3562.396876 2.6401e-19
3563.928922 -1.1502e-18
3565.460968 -2.9154e-19
3566.993014 3.7862e-19
3568.52506 -1.2171e-18
3570.057106 -2.4705e-18
3571.589152 1.1884e-18
3573.121198 -1.444e-18
3574.653244 5.5569e-18
3576.18529 1.1535e-18
3577.717336 -1.0992e-18
3579.249382 3.2659e-19
3580.781428 1.1893e-18
3582.313474 -1.5671e-18
3583.84552 -6.6509e-19
3585.377566 1.2526e-18
3586.909612 -1.607e-19
3588.441658 1.5481e-18
3589.973704 1.9223e-19
3591.50575 -1.2948e-18
3593.037796 -4.2788e-19
3594.569842 -2.206e-18
3596.101888 2.2118e-19
3597.633934 5.5237e-19
3599.16598 9.5856e-19
3600.698026 -1.0961e-18
3602.230072 9.0542e-19
3603.762118 6.6679e-19
3605.294164 -2.0913e-18
3606.82621 -1.7459e-18
3608.358256 -9.8209e-19
3609.890302 -9.3523e-19
3611.422348 3.479e-19
3612.954394 -1.5234e-18
3614.48644 1.1239e-18
3616.018486 1.4259e-18
3617.550532 -4.7225e-19
3619.082578 2.6634e-19
3620.614624 2.9977e-18
3622.14667 9.4062e-19
3623.678716 -1.433e-18
3625.210762 3.0423e-19
3626.742808 1.3086e-18
3628.274854 -4.9695e-19
3629.8069 1.5881e-19
3631.338946 1.1722e-18
3632.870992 -8.1916e-19
3634.403038 -5.0073e-20
3635.935084 -2.0702e-18
3637.46713 -4.9363e-20
3638.999176 -1.307e-18
3640.531222 -1.0405e-18
3642.063268 1.4746e-18
3643.595314 1.9125e-18
3645.12736 3.6622e-19
3646.659406 -1.4394e-18
3648.191452 -1.4669e-18
3649.723498 -2.7117e-18
3651.255544 3.3924e-18
3652.78759 -6.8684e-19
3654.319636 -1.908e-18
3655.851682 2.2573e-18
3657.383728 1.0826e-18
3658.915774 5.0136e-19
3660.44782 -2.7983e-18
3661.979866 -3.3086e-18
3663.511912 4.114e-19
3665.043958 2.6753e-19
3666.576004 -1.7107e-19
3668.10805 1.1786e-18
3669.640096 1.7987e-18
3671.172142 -7.1524e-20
3672.704188 1.3747e-18
3674.236234 3.7843e-18
3675.76828 1.0979e-18
3677.300326 2.0329e-18
3678.832372 6.6887e-19
3680.364418 -8.6631e-19
3681.896464 -2.3278e-18
3683.42851 -3.3998e-18
3684.960556 -2.3733e-18
3686.492602 3.5742e-19
3688.024648 -7.0268e-19
3689.556694 -1.2172e-18
3691.08874 -7.359e-19
3692.620786 1.014e-18
3694.152832 7.384e-19
3695.684878 1.4234e-18
3697.216924 -2.1911e-19
3698.74897 -8.7281e-19
3700.281016 -2.2396e-18
3701.813062 -3.4572e-20
3703.345108 1.5141e-18
3704.877154 -4.3348e-19
3706.4092 -3.1801e-18
3707.941246 -1.3493e-18
3709.473292 1.1793e-18
3711.005338 2.4544e-18
3712.537384 2.1822e-18
3714.06943 4.2648e-19
3715.601476 7.3436e-19
3717.133522 7.7994e-19
3718.665568 -5.5497e-19
3720.197614 -4.1586e-19
3721.72966 1.077e-18
3723.261706 -4.4635e-19
3724.793752 -1.5274e-18
3726.325798 -1.3426e-18
3727.857844 -2.0702e-18
3729.38989 -9.52e-19
3730.921936 8.1845e-19
3732.453982 -6.5166e-19
3733.986028 2.2996e-19
3735.518074 -1.2412e-19
3737.05012 9.114e-19
3738.582166 2.6264e-18
3740.114212 5.2293e-19
3741.646258 -8.9178e-19
3743.178304 7.4916e-19
3744.71035 1.1092e-18
3746.242396 2.8155e-18
3747.774442 -2.2434e-19
3749.306488 -1.5205e-19
3750.838534 2.4121e-19
3752.37058 -4.6322e-19
3753.902626 5.0914e-19
3755.434672 2.225e-18
3756.966718 1.8905e-18
3758.498764 2.0609e-18
3760.03081 -1.3112e-18
3761.562856 -1.1587e-18
3763.094902 3.285e-19
3764.626948 1.3621e-18
3766.158994 1.7289e-18
3767.69104 9.5246e-19
3769.223086 8.9231e-19
3770.755132 1.3038e-20
3772.287178 -1.395e-18
3773.819224 -2.7114e-19
3775.35127 -4.0431e-19
3776.883316 4.6039e-19
3778.415362 1.8243e-18
3779.947408 6.4105e-19
3781.479454 -1.4569e-18
3783.0115 2.3039e-18
3784.543546 1.9293e-19
3786.075592 2.9709e-18
3787.607638 1.1592e-18
3789.139684 2.2577e-18
3790.67173 -1.4001e-18
3792.203776 7.0447e-19
3793.735822 -1.1806e-18
3795.267868 -2.1448e-19
3796.799914 1.2206e-18
3798.33196 1.2324e-19
3799.864006 1.4478e-18
3801.396052 1.3518e-18
3802.928098 8.9431e-19
3804.460144 1.0923e-20
3805.99219 -1.8319e-19
3807.524236 2.4165e-18
3809.056282 1.2384e-18
3810.588328 2.3697e-18
3812.120374 1.8871e-18
3813.65242 4.3086e-19
3815.184466 5.0954e-19
3816.716512 -1.2998e-18
3818.248558 -3.1836e-19
3819.780604 1.4722e-18
3821.31265 1.852e-19
3822.844696 1.3645e-18
3824.376742 2.7838e-19
3825.908788 -5.2323e-19
3827.440834 1.182e-18
3828.97288 -3.9771e-20
3830.504926 3.3441e-19
3832.036972 8.8906e-19
3833.569018 1.232e-18
3835.101064 1.184e-18
3836.63311 -7.2963e-19
3838.165156 -1.238e-18
3839.697202 9.6104e-20
3841.229248 1.8668e-19
3842.761294 -1.648e-18
3844.29334 -2.0541e-18
3845.825386 -9.8818e-21
3847.357432 -7.5332e-19
3848.889478 -7.8168e-19
3850.421524 1.4228e-18
3851.95357 8.5466e-19
3853.485616 7.4237e-19
3855.017662 -1.285e-18
3856.549708 -3.6437e-19
3858.081754 1.2808e-18
3859.6138 -1.449e-18
3861.145846 -1.4814e-19
3862.677892 3.5551e-19
3864.209938 -1.0696e-18
3865.741984 -3.3538e-19
3867.27403 6.382e-19
3868.806076 -8.1437e-19
3870.338122 -5.9346e-19
3871.870168 -6.0909e-19
3873.402214 1.2945e-18
3874.93426 1.5175e-18
3876.466306 -8.1498e-19
3877.998352 1.6787e-18
3879.530398 -3.0098e-19
3881.062444 -1.1694e-18
3882.59449 1.8634e-18
3884.126536 1.0229e-18
3885.658582 1.9072e-18
3887.190628 4.4554e-19
3888.722674 -9.9574e-19
3890.25472 1.0754e-18
3891.786766 7.414e-19
3893.318812 1.3671e-18
3894.850858 -4.2744e-19
3896.382904 -2.1187e-19
3897.91495 -8.9518e-19
3899.446996 9.4593e-19
3900.979042 2.5388e-19
3902.511088 4.2473e-19
3904.043134 1.7574e-18
3905.57518 1.2845e-18
3907.107226 2.8028e-18
3908.639272 2.5213e-18
3910.171318 9.0533e-19
3911.703364 4.0626e-19
3913.23541 -6.6316e-19
3914.767456 1.2555e-19
3916.299502 -2.239e-18
3917.831548 -1.2645e-18
3919.363594 -3.6118e-19
3920.89564 6.2603e-19
3922.427686 4.8023e-19
3923.959732 1.4788e-18
3925.491778 8.4994e-20
3927.023824 5.2954e-19
3928.55587 6.8648e-19
3930.087916 -2.1179e-19
3931.619962 -9.4284e-19
3933.152008 -8.5392e-21
3934.684054 4.671e-19
3936.2161 -7.3291e-19
3937.748146 2.2059e-20
3939.280192 1.3604e-18
3940.812238 9.2476e-19
3942.344284 -4.4561e-19
3943.87633 3.5364e-19
3945.408376 -5.0576e-19
3946.940422 -1.2489e-18
3948.472468 -1.2076e-18
3950.004514 1.596e-19
3951.53656 8.5137e-19
3953.068606 -2.3831e-20
3954.600652 1.8377e-18
3956.132698 1.0009e-18
3957.664744 5.0465e-20
3959.19679 4.6472e-19
3960.728836 5.7292e-19
3962.260882 1.0384e-18
3963.792928 1.8464e-18
3965.324974 1.0644e-18
3966.85702 2.9711e-19
3968.389066 7.6841e-19
3969.921112 5.4911e-19
3971.453158 -6.4153e-21
3972.985204 -3.3831e-19
3974.51725 7.9278e-19
3976.049296 1.9673e-19
3977.581342 -1.4982e-18
3979.113388 -5.0377e-19
3980.645434 2.0981e-19
3982.17748 1.6159e-19
3983.709526 -1.4956e-18
3985.241572 1.2641e-19
3986.773618 1.4549e-19
3988.305664 1.3508e-18
3989.83771 4.2746e-19
3991.369756 1.6103e-18
3992.901802 -4.1869e-20
3994.433848 1.3291e-18
3995.965894 1.1695e-18
3997.49794 -6.1275e-19
3999.029986 1.2287e-18
4000.562032 9.5228e-19
4002.094078 -8.5971e-19
4003.626124 5.3385e-19
4005.15817 1.3364e-18
4006.690216 1.3698e-18
4008.222262 1.7e-19
4009.754308 1.5935e-18
4011.286354 3.4912e-18
4012.8184 3.1911e-18
4014.350446 1.0622e-18
4015.882492 1.2293e-18
4017.414538 8.6042e-19
4018.946584 3.5204e-19
4020.47863 2.4659e-18
4022.010676 1.4051e-18
4023.542722 7.1162e-19
4025.074768 -3.0485e-18
4026.606814 -8.0737e-19
4028.13886 5.8433e-20
4029.670906 -3.164e-19
4031.202952 2.4375e-19
4032.734998 2.8372e-18
4034.267044 6.6936e-19
4035.79909 -1.2366e-19
4037.331136 -4.5771e-20
4038.863182 -3.4962e-19
4040.395228 9.4715e-19
4041.927274 -1.4519e-18
4043.45932 -1.3451e-19
4044.991366 2.8496e-19
4046.523412 3.296e-19
4048.055458 -1.5918e-19
4049.587504 1.5046e-19
4051.11955 -1.7854e-20
4052.651596 -4.3839e-19
4054.183642 1.5163e-18
4055.715688 1.467e-18
4057.247734 5.5218e-20
4058.77978 9.4352e-19
4060.311826 -1.0052e-18
4061.843872 -8.574e-20
4063.375918 -6.6274e-19
4064.907964 -6.0516e-20
4066.44001 1.8891e-20
4067.972056 -4.7035e-19
4069.504102 4.4541e-19
4071.036148 5.3116e-19
4072.568194 -1.4582e-18
4074.10024 -3.4465e-19
4075.632286 -3.1468e-19
4077.164332 4.0176e-19
4078.696378 -4.6975e-20
4080.228424 5.3368e-19
4081.76047 1.3514e-18
4083.292516 6.9751e-19
4084.824562 -1.2762e-18
4086.356608 3.9275e-19
4087.888654 5.709e-19
4089.4207 -3.9611e-20
4090.952746 8.782e-19
4092.484792 -9.1345e-19
4094.016838 5.7663e-19
4095.548884 4.9056e-19
4097.08093 2.3351e-18
4098.612976 8.1927e-19
4100.145022 1.073e-19
4101.677068 1.8018e-18
4103.209114 1.3672e-18
4104.74116 1.2849e-18
4106.273206 7.3454e-19
4107.805252 -9.1944e-19
4109.337298 -8.4161e-19
4110.869344 1.0215e-18
4112.40139 1.6203e-18
4113.933436 2.2427e-18
4115.465482 -4.5189e-19
4116.997528 -2.2511e-19
4118.529574 1.0896e-19
4120.06162 1.3469e-18
4121.593666 9.6527e-19
4123.125712 1.5348e-18
4124.657758 2.0552e-18
4126.189804 1.9303e-18
4127.72185 3.054e-18
4129.253896 5.3018e-19
4130.785942 4.8207e-20
4132.317988 2.0567e-19
4133.850034 2.4757e-18
4135.38208 2.9516e-18
4136.914126 1.4747e-18
4138.446172 1.3745e-18
4139.978218 -1.2751e-18
4141.510264 1.8923e-19
4143.04231 1.6486e-19
4144.574356 3.3929e-19
4146.106402 1.7673e-18
4147.638448 6.8991e-19
4149.170494 1.6968e-19
4150.70254 1.1291e-18
4152.234586 3.7455e-19
4153.766632 2.6042e-18
4155.298678 2.7206e-18
4156.830724 2.293e-19
4158.36277 1.0424e-18
4159.894816 -8.6128e-19
4161.426862 -1.0604e-18
4162.958908 -7.9081e-19
4164.490954 -2.5372e-19
4166.023 3.4911e-19
4167.555046 1.0703e-18
4169.087092 -5.5811e-19
4170.619138 -1.8454e-19
4172.151184 -2.0301e-19
4173.68323 3.369e-19
4175.215276 9.5271e-19
4176.747322 -2.0557e-18
4178.279368 -3.7302e-20
4179.811414 5.1253e-19
4181.34346 3.3792e-19
4182.875506 1.1751e-18
4184.407552 1.4586e-18
4185.939598 -4.6846e-19
4187.471644 7.787e-19
4189.00369 1.4146e-18
4190.535736 8.7265e-19
4192.067782 1.2087e-18
4193.599828 7.8981e-19
4195.131874 8.4008e-19
4196.66392 2.2722e-18
4198.195966 1.5609e-18
4199.728012 2.8421e-18
4201.260058 1.1425e-18
4202.792104 1.1824e-18
4204.32415 8.0206e-19
4205.856196 2.1643e-19
4207.388242 5.0405e-19
4208.920288 1.5322e-19
4210.452334 6.7934e-19
4211.98438 1.4525e-18
4213.516426 1.8855e-18
4215.048472 1.2941e-18
4216.580518 4.0109e-19
4218.112564 -1.196e-19
4219.64461 3.6433e-19
4221.176656 1.3822e-18
4222.708702 1.7755e-18
4224.240748 4.8627e-19
4225.772794 4.7696e-19
4227.30484 1.3102e-18
4228.836886 1.7646e-18
4230.368932 9.2116e-19
4231.900978 3.5679e-19
4233.433024 6.7988e-19
4234.96507 1.1247e-18
4236.497116 -8.6071e-20
4238.029162 3.6125e-19
4239.561208 -2.6454e-19
4241.093254 1.2989e-18
4242.6253 2.4063e-18
4244.157346 2.1286e-18
4245.689392 5.6367e-19
4247.221438 -1.2341e-19
4248.753484 7.0517e-20
4250.28553 1.5299e-19
4251.817576 -6.5781e-19
4253.349622 -3.2548e-19
4254.881668 3.8169e-19
4256.413714 1.0507e-18
4257.94576 2.1126e-18
4259.477806 5.7543e-19
4261.009852 1.278e-18
4262.541898 2.0161e-18
4264.073944 7.5683e-19
4265.60599 9.7656e-19
4267.138036 4.7781e-19
4268.670082 4.1385e-19
4270.202128 1.8186e-19
4271.734174 1.5834e-18
4273.26622 6.8238e-19
4274.798266 2.0131e-18
4276.330312 1.3081e-18
4277.862358 1.0469e-18
4279.394404 2.3696e-18
4280.92645 1.5332e-18
4282.458496 -3.7366e-19
4283.990542 2.063e-18
4285.522588 2.5267e-18
4287.054634 1.7922e-18
4288.58668 2.6723e-19
4290.118726 6.7437e-19
4291.650772 3.2991e-18
4293.182818 1.0739e-18
4294.714864 2.3927e-19
4296.24691 3.3166e-19
4297.778956 2.9194e-19
4299.311002 8.4023e-19
4300.843048 2.254e-18
4302.375094 2.0181e-18
4303.90714 2.5183e-18
4305.439186 2.2388e-18
4306.971232 1.6706e-18
4308.503278 2.2225e-18
4310.035324 5.864e-19
4311.56737 6.7822e-19
4313.099416 -3.5752e-19
4314.631462 4.759e-19
4316.163508 1.7563e-18
4317.695554 1.4117e-18
4319.2276 -7.5895e-19
4320.759646 9.9767e-19
4322.291692 1.7071e-18
4323.823738 -5.5241e-19
4325.355784 3.7948e-20
4326.88783 1.4747e-18
4328.419876 1.6604e-18
4329.951922 1.0725e-18
4331.483968 -1.645e-19
4333.016014 9.3142e-19
4334.54806 8.3077e-19
4336.080106 1.7394e-18
4337.612152 1.7753e-18
4339.144198 1.1049e-18
4340.676244 6.6289e-19
4342.20829 7.2147e-19
4343.740336 1.7685e-18
4345.272382 2.404e-18
4346.804428 -5.5645e-19
4348.336474 -8.4721e-20
4349.86852 1.9047e-18
4351.400566 9.7702e-19
4352.932612 7.9958e-19
4354.464658 1.8448e-18
4355.996704 7.7892e-19
4357.52875 3.3976e-19
4359.060796 4.8824e-19
4360.592842 1.1227e-18
4362.124888 2.4273e-18
4363.656934 9.546e-19
4365.18898 -1.6124e-18
4366.721026 -3.5705e-19
4368.253072 1.2033e-18
4369.785118 1.8328e-18
4371.317164 6.9908e-19
4372.84921 -4.9503e-19
4374.381256 1.1034e-19
4375.913302 -1.6247e-19
4377.445348 1.893e-19
4378.977394 1.8061e-18
4380.50944 1.0673e-18
4382.041486 1.4472e-18
4383.573532 7.3261e-19
4385.105578 1.3301e-18
4386.637624 1.3921e-18
4388.16967 1.884e-18
4389.701716 8.397e-19
4391.233762 -4.5292e-20
4392.765808 -1.4727e-20
4394.297854 -6.9811e-19
4395.8299 -1.0847e-20
4397.361946 4.5812e-19
4398.893992 1.1577e-18
4400.426038 -2.9775e-19
4401.958084 1.4028e-18
4403.49013 2.9209e-18
4405.022176 2.0744e-18
4406.554222 -1.2089e-18
4408.086268 -5.4316e-19
4409.618314 8.0065e-19
4411.15036 1.2763e-18
4412.682406 1.8374e-18
4414.214452 2.213e-18
4415.746498 2.7584e-19
4417.278544 3.865e-18
4418.81059 1.5278e-18
4420.342636 -4.6979e-19
4421.874682 1.7697e-18
4423.406728 -6.0292e-19
4424.938774 -1.1373e-19
4426.47082 6.1133e-19
4428.002866 2.2434e-19
4429.534912 2.0736e-18
4431.066958 3.9915e-19
4432.599004 1.3031e-18
4434.13105 1.4876e-18
4435.663096 9.9557e-20
4437.195142 1.3212e-18
4438.727188 1.0229e-18
4440.259234 9.4573e-19
4441.79128 -1.5351e-18
4443.323326 2.1996e-19
4444.855372 2.1859e-18
4446.387418 -4.0526e-19
4447.919464 -4.434e-19
4449.45151 2.6719e-18
4450.983556 5.1488e-19
4452.515602 -1.0855e-18
4454.047648 -5.8494e-19
4455.579694 8.1192e-20
4457.11174 1.2766e-18
4458.643786 3.4183e-18
4460.175832 3.2885e-18
4461.707878 -3.2195e-19
4463.239924 1.0181e-18
4464.77197 5.0943e-19
4466.304016 1.5635e-18
4467.836062 -1.444e-18
4469.368108 -7.014e-19
4470.900154 2.7257e-18
4472.4322 5.2224e-19
4473.964246 7.6544e-19
4475.496292 -5.5461e-19
4477.028338 5.4309e-19
4478.560384 1.8523e-18
4480.09243 1.7308e-18
4481.624476 3.6156e-19
4483.156522 1.143e-18
4484.688568 7.3064e-19
4486.220614 6.8867e-19
4487.75266 3.722e-19
4489.284706 1.9404e-19
4490.816752 2.6904e-18
4492.348798 2.67e-18
4493.880844 2.8353e-18
4495.41289 3.8753e-19
4496.944936 1.9099e-18
4498.476982 1.3922e-18
4500.009028 8.85e-19
4501.541074 2.6426e-19
4503.07312 7.1955e-19
4504.605166 1.5316e-18
4506.137212 2.1177e-18
4507.669258 2.5437e-18
4509.201304 1.0704e-18
4510.73335 1.5325e-18
4512.265396 9.2768e-19
4513.797442 1.0308e-18
4515.329488 2.1765e-19
4516.861534 -4.6592e-20
4518.39358 -4.266e-19
4519.925626 1.0961e-18
4521.457672 1.9503e-18
4522.989718 1.8668e-18
4524.521764 -4.9682e-19
4526.05381 3.0323e-22
4527.585856 1.6272e-18
4529.117902 8.2489e-19
4530.649948 8.0083e-19
4532.181994 2.2153e-18
4533.71404 7.7788e-19
4535.246086 7.6399e-19
4536.778132 -2.2547e-19
4538.310178 2.3679e-18
4539.842224 1.4863e-18
4541.37427 -3.0476e-20
4542.906316 -4.1113e-19
4544.438362 2.4811e-19
4545.970408 -6.4926e-19
4547.502454 1.2208e-18
4549.0345 6.0531e-20
4550.566546 1.6242e-18
4552.098592 1.885e-19
4553.630638 2.0511e-19
4555.162684 -5.3262e-19
4556.69473 5.2467e-19
4558.226776 4.1163e-19
4559.758822 -2.6652e-19
4561.290868 -2.111e-19
4562.822914 1.3779e-19
4564.35496 -4.3336e-19
4565.887006 -7.7271e-19
4567.419052 4.6477e-19
4568.951098 2.3575e-18
4570.483144 1.4772e-18
4572.01519 -2.0988e-20
4573.547236 3.0314e-19
4575.079282 1.0433e-18
4576.611328 -7.399e-19
4578.143374 5.8883e-19
4579.67542 -9.937e-19
4581.207466 -1.1071e-18
4582.739512 4.4684e-19
4584.271558 1.3668e-18
4585.803604 5.7258e-19
4587.33565 -2.1459e-20
4588.867696 -8.1906e-19
4590.399742 1.611e-19
4591.931788 1.5756e-18
4593.463834 2.0096e-18
4594.99588 1.2002e-18
4596.527926 5.2069e-19
4598.059972 1.7447e-18
4599.592018 1.1176e-18
4601.124064 -6.612e-19
4602.65611 3.9052e-19
4604.188156 1.307e-18
4605.720202 -1.1318e-19
4607.252248 -1.2453e-18
4608.784294 2.7002e-19
4610.31634 3.7182e-19
4611.848386 8.1517e-19
4613.380432 -2.4953e-22
4614.912478 -1.3548e-18
4616.444524 6.9433e-19
4617.97657 1.5546e-18
4619.508616 -4.6934e-19
4621.040662 -2.667e-19
4622.572708 7.0585e-20
4624.104754 1.2036e-18
4625.6368 4.6421e-19
4627.168846 -2.5892e-19
4628.700892 1.6298e-18
4630.232938 2.6519e-19
4631.764984 2.5053e-19
4633.29703 9.9974e-19
4634.829076 6.3554e-19
4636.361122 3.3646e-19
4637.893168 1.283e-18
4639.425214 -6.2879e-19
4640.95726 3.743e-19
4642.489306 8.5408e-19
4644.021352 9.3909e-19
4645.553398 8.4656e-19
4647.085444 1.0432e-18
4648.61749 -1.0395e-19
4650.149536 3.0401e-19
4651.681582 -4.25e-19
4653.213628 3.7873e-19
4654.745674 1.1361e-19
4656.27772 1.8955e-18
4657.809766 9.1933e-19
4659.341812 -7.2077e-19
4660.873858 9.6388e-20
4662.405904 -4.0425e-19
4663.93795 1.5203e-18
4665.469996 1.3553e-18
4667.002042 6.4494e-20
4668.534088 -2.8739e-19
4670.066134 6.959e-19
4671.59818 1.6287e-18
4673.130226 8.2213e-19
4674.662272 1.6987e-18
4676.194318 2.3515e-18
4677.726364 2.0274e-18
4679.25841 8.0754e-19
4680.790456 -6.3034e-20
4682.322502 2.7378e-19
4683.854548 -4.2895e-19
4685.386594 -6.0804e-19
4686.91864 1.0936e-18
4688.450686 1.7382e-18
4689.982732 1.8991e-18
4691.514778 1.0209e-18
4693.046824 -7.3338e-19
4694.57887 1.8355e-18
4696.110916 1.4267e-18
4697.642962 -1.4963e-18
4699.175008 -6.8846e-19
4700.707054 8.4381e-19
4702.2391 2.2669e-18
4703.771146 3.3129e-19
4705.303192 4.9838e-19
4706.835238 9.735e-19
4708.367284 -2.9015e-22
4709.89933 1.1743e-18
4711.431376 1.0316e-18
4712.963422 2.5468e-19
4714.495468 8.135e-19
4716.027514 1.0168e-18
4717.55956 8.562e-19
4719.091606 -3.7948e-19
4720.623652 -9.8993e-19
4722.155698 -1.0339e-18
4723.687744 -5.6583e-19
4725.21979 -3.5034e-19
4726.751836 1.1398e-18
4728.283882 2.6546e-19
4729.815928 1.9839e-19
4731.347974 1.8063e-18
4732.88002 5.7798e-19
4734.412066 3.1339e-19
4735.944112 -9.7241e-19
4737.476158 1.3084e-18
4739.008204 3.6727e-19
4740.54025 5.5887e-19
4742.072296 1.2522e-18
4743.604342 1.0936e-18
4745.136388 2.3162e-18
4746.668434 1.5398e-18
4748.20048 -1.5927e-18
4749.732526 4.5519e-19
4751.264572 2.1755e-20
4752.796618 2.0515e-18
4754.328664 -1.0644e-19
4755.86071 6.4549e-19
4757.392756 8.2127e-19
4758.924802 -2.5133e-19
4760.456848 -8.5609e-19
4761.988894 3.3065e-19
4763.52094 -1.2825e-18
4765.052986 -5.5352e-19
4766.585032 -2.1802e-19
4768.117078 -3.9547e-19
4769.649124 1.4718e-18
4771.18117 1.0927e-19
4772.713216 5.8926e-19
4774.245262 -1.3952e-18
4775.777308 6.8572e-19
4777.309354 -4.1452e-20
4778.8414 -6.4287e-19
4780.373446 -1.1854e-19
4781.905492 -9.1431e-19
4783.437538 4.0997e-19
4784.969584 -1.1654e-18
4786.50163 -3.0044e-19
4788.033676 -6.8817e-19
4789.565722 7.2403e-19
4791.097768 4.355e-19
4792.629814 2.7874e-19
4794.16186 -2.7864e-19
4795.693906 -5.7137e-20
4797.225952 1.1384e-18
4798.757998 1.1959e-18
4800.290044 1.6776e-18
4801.82209 7.4342e-19
4803.354136 1.8969e-20
4804.886182 1.1231e-18
4806.418228 1.3696e-18
4807.950274 2.6476e-19
4809.48232 5.3485e-19
4811.014366 -9.0628e-19
4812.546412 -5.8269e-20
4814.078458 1.3674e-19
4815.610504 1.039e-18
4817.14255 -5.0481e-21
4818.674596 7.3364e-20
4820.206642 9.54e-19
4821.738688 1.7255e-18
4823.270734 1.3024e-18
4824.80278 -3.297e-19
4826.334826 -1.0019e-18
4827.866872 1.0795e-18
4829.398918 4.9014e-19
4830.930964 4.1984e-19
4832.46301 -2.7479e-19
4833.995056 -9.1145e-19
4835.527102 -1.3903e-18
4837.059148 1.0404e-18
4838.591194 -1.5073e-20
4840.12324 2.6898e-19
4841.655286 1.7828e-18
4843.187332 7.2843e-19
4844.719378 1.186e-18
4846.251424 -5.7208e-19
4847.78347 -5.478e-20
4849.315516 5.6836e-19
4850.847562 -6.3094e-19
4852.379608 1.5064e-18
4853.911654 -7.3425e-19
4855.4437 -1.4084e-19
4856.975746 4.2722e-19
4858.507792 9.5561e-19
4860.039838 5.2568e-19
4861.571884 -1.1733e-19
4863.10393 2.5704e-19
4864.635976 2.4172e-18
4866.168022 1.7072e-18
4867.700068 1.3392e-18
4869.232114 -1.4422e-18
4870.76416 3.5084e-19
4872.296206 2.61e-18
4873.828252 1.1598e-18
4875.360298 2.2515e-18
4876.892344 1.5132e-18
4878.42439 1.2246e-19
4879.956436 2.3245e-18
4881.488482 2.5454e-18
4883.020528 1.1461e-21
4884.552574 -2.1703e-19
4886.08462 1.1505e-18
4887.616666 9.5124e-20
4889.148712 1.6497e-18
4890.680758 7.1714e-19
4892.212804 -2.2178e-19
4893.74485 -5.3639e-19
4895.276896 -5.7934e-19
4896.808942 -3.1762e-19
4898.340988 1.5998e-18
4899.873034 9.1939e-19
4901.40508 5.5181e-19
4902.937126 -2.0249e-19
4904.469172 7.4924e-19
4906.001218 7.5167e-19
4907.533264 5.681e-19
4909.06531 8.893e-19
4910.597356 1.0423e-18
4912.129402 4.876e-19
4913.661448 1.4244e-20
4915.193494 -9.9858e-19
4916.72554 1.4677e-19
4918.257586 -3.0061e-19
4919.789632 7.2574e-19
4921.321678 1.1724e-18
4922.853724 3.6979e-19
4924.38577 1.1367e-18
4925.917816 5.1378e-19
4927.449862 3.6872e-20
4928.981908 -1.27e-19
4930.513954 -1.2327e-19
4932.046 7.9913e-19
4933.578046 6.3888e-19
4935.110092 5.4005e-19
4936.642138 1.0986e-18
4938.174184 1.6519e-18
4939.70623 1.3985e-18
4941.238276 1.9103e-18
4942.770322 1.7505e-19
4944.302368 1.26e-19
4945.834414 -3.8447e-19
4947.36646 7.1411e-19
4948.898506 1.6603e-18
4950.430552 1.2324e-18
4951.962598 2.8549e-19
4953.494644 9.8464e-19
4955.02669 3.7472e-19
4956.558736 -2.5873e-19
4958.090782 -9.6111e-19
4959.622828 2.8151e-19
4961.154874 2.5767e-19
4962.68692 4.29e-19
4964.218966 -2.191e-19
4965.751012 1.1407e-18
4967.283058 1.4671e-18
4968.815104 1.5061e-18
4970.34715 6.132e-19
4971.879196 1.0426e-18
4973.411242 2.2931e-18
4974.943288 1.5512e-18
4976.475334 5.6605e-20
4978.00738 -2.0109e-18
4979.539426 -6.7821e-19
4981.071472 -6.2534e-19
4982.603518 1.4853e-19
4984.135564 5.3044e-19
4985.66761 -5.5757e-19
4987.199656 -4.4935e-20
4988.731702 5.2453e-19
4990.263748 3.5246e-19
4991.795794 -6.2107e-19
4993.32784 1.9776e-19
4994.859886 2.3537e-19
4996.391932 1.2609e-18
4997.923978 8.5227e-19
4999.456024 -1.6989e-19
5000.98807 4.7785e-19
5002.520116 -5.8776e-19
5004.052162 -1.7108e-19
5005.584208 -3.8741e-19
5007.116254 -7.0117e-19
5008.6483 1.6734e-18
5010.180346 1.9445e-18
5011.712392 1.0712e-18
5013.244438 6.419e-20
5014.776484 5.2061e-19
5016.30853 1.406e-18
5017.840576 9.0385e-19
5019.372622 8.4192e-19
5020.904668 1.2779e-18
5022.436714 7.1933e-19
5023.96876 2.544e-18
5025.500806 9.7595e-19
5027.032852 1.0608e-18
5028.564898 1.0597e-18
5030.096944 1.4709e-18
5031.62899 1.8026e-18
5033.161036 -8.3301e-20
5034.693082 -3.6121e-19
5036.225128 1.0298e-18
5037.757174 1.438e-18
5039.28922 6.5137e-19
5040.821266 2.1309e-18
5042.353312 1.6844e-18
5043.885358 5.3675e-19
5045.417404 6.3043e-19
5046.94945 5.2261e-19
5048.481496 -2.0914e-20
5050.013542 1.135e-19
5051.545588 1.3388e-20
5053.077634 6.8699e-19
5054.60968 6.8905e-19
5056.141726 -7.8583e-19
5057.673772 1.3099e-19
5059.205818 5.2826e-19
5060.737864 -6.0201e-19
5062.26991 1.5132e-18
5063.801956 -8.8148e-19
5065.334002 8.4688e-20
5066.866048 1.2465e-18
5068.398094 -7.1235e-19
5069.93014 5.8533e-19
5071.462186 1.54e-18
5072.994232 -2.7488e-19
5074.526278 -6.1738e-19
5076.058324 1.507e-18
5077.59037 2.34e-19
5079.122416 -2.6513e-19
5080.654462 1.3675e-18
5082.186508 4.0973e-20
5083.718554 6.3928e-19
5085.2506 1.6437e-18
5086.782646 -3.1085e-19
5088.314692 -3.1754e-19
5089.846738 1.9898e-19
5091.378784 1.9481e-18
5092.91083 2.4929e-18
5094.442876 4.9245e-19
5095.974922 -1.839e-18
5097.506968 -9.5363e-19
5099.039014 1.1777e-18
5100.57106 4.7338e-19
5102.103106 9.6344e-19
5103.635152 1.1063e-18
5105.167198 5.0998e-19
5106.699244 -1.1508e-18
5108.23129 -7.6424e-20
5109.763336 8.2747e-19
5111.295382 5.2646e-19
5112.827428 -1.0802e-19
5114.359474 9.1992e-20
5115.89152 -3.7337e-19
5117.423566 6.5657e-19
5118.955612 1.0448e-18
5120.487658 8.7075e-19
5122.019704 1.8008e-18
5123.55175 1.6755e-19
5125.083796 6.7894e-19
5126.615842 -3.3185e-19
5128.147888 5.053e-19
5129.679934 1.0152e-19
5131.21198 1.2177e-18
5132.744026 -2.5682e-19
5134.276072 7.1759e-19
5135.808118 2.3721e-19
5137.340164 -2.9805e-20
5138.87221 1.7466e-18
5140.404256 -4.8871e-19
5141.936302 2.8307e-19
5143.468348 -2.3167e-19
5145.000394 1.6948e-19
5146.53244 4.0312e-19
5148.064486 1.3011e-18
5149.596532 1.3766e-18
5151.128578 -8.9579e-21
5152.660624 1.5991e-18
5154.19267 2.4e-18
5155.724716 1.2552e-18
5157.256762 3.2543e-19
5158.788808 -1.4851e-18
5160.320854 -1.6414e-19
5161.8529 -3.1933e-19
5163.384946 -7.1846e-19
5164.916992 1.0729e-18
5166.449038 8.1425e-19
5167.981084 5.2729e-19
5169.51313 6.8165e-20
5171.045176 6.8583e-19
5172.577222 -1.2531e-19
5174.109268 8.8805e-19
5175.641314 7.4397e-19
5177.17336 1.3913e-18
5178.705406 2.8302e-18
5180.237452 4.1736e-19
5181.769498 3.5607e-19
5183.301544 -1.1569e-20
5184.83359 6.4991e-19
5186.365636 3.3116e-18
5187.897682 9.4678e-19
5189.429728 8.4478e-19
5190.961774 8.9498e-19
5192.49382 5.1021e-19
5194.025866 -2.5299e-19
5195.557912 1.9531e-20
5197.089958 1.8577e-19
5198.622004 1.9822e-18
5200.15405 -6.3832e-20
5201.686096 4.2519e-19
5203.218142 -3.3099e-19
5204.750188 -1.3168e-18
5206.282234 1.39e-19
5207.81428 -6.8149e-20
5209.346326 -2.4447e-19
5210.878372 1.8809e-19
5212.410418 4.8172e-19
5213.942464 -8.5586e-19
5215.47451 -2.9043e-19
5217.006556 -1.7086e-19
5218.538602 9.7674e-19
5220.070648 1.3523e-19
5221.602694 -1.8603e-19
5223.13474 -1.5219e-18
5224.666786 1.2473e-18
5226.198832 1.1668e-18
5227.730878 2.355e-18
5229.262924 7.8778e-19
5230.79497 1.5514e-18
5232.327016 5.493e-19
5233.859062 -5.5661e-19
5235.391108 9.4463e-19
5236.923154 3.2339e-19
5238.4552 2.8374e-19
5239.987246 -9.8516e-19
5241.519292 1.6697e-19
5243.051338 3.3814e-19
5244.583384 1.0931e-18
5246.11543 1.6046e-18
5247.647476 2.2693e-18
5249.179522 9.4063e-19
5250.711568 -5.8503e-19
5252.243614 3.7785e-20
5253.77566 2.5449e-19
5255.307706 1.6376e-18
5256.839752 1.9984e-18
5258.371798 9.993e-19
5259.903844 2.7908e-19
5261.43589 -2.7407e-19
5262.967936 1.6701e-18
5264.499982 -2.0375e-19
5266.032028 -3.0136e-19
5267.564074 1.1838e-19
5269.09612 1.5196e-18
5270.628166 3.7317e-19
5272.160212 9.5774e-19
5273.692258 1.5873e-18
5275.224304 1.3731e-18
5276.75635 1.8287e-18
5278.288396 -6.5738e-19
5279.820442 -1.3707e-19
5281.352488 7.269e-19
5282.884534 1.3365e-18
5284.41658 7.6854e-19
5285.948626 6.2338e-19
5287.480672 4.5398e-19
5289.012718 7.3731e-19
5290.544764 -3.1752e-19
5292.07681 1.655e-18
5293.608856 -7.6518e-21
5295.140902 -9.0598e-20
5296.672948 2.086e-18
5298.204994 1.6373e-18
5299.73704 8.4322e-19
5301.269086 -9.005e-19
5302.801132 -3.66e-19
5304.333178 1.1331e-18
5305.865224 2.3137e-20
5307.39727 5.2205e-21
5308.929316 -7.23e-19
5310.461362 -8.8409e-21
5311.993408 1.1493e-18
5313.525454 8.9167e-19
5315.0575 -1.6004e-19
5316.589546 -2.2388e-19
5318.121592 7.7616e-19
5319.653638 8.4212e-19
5321.185684 -3.9251e-19
5322.71773 -1.065e-18
5324.249776 3.9941e-19
5325.781822 3.2153e-19
5327.313868 9.2718e-19
5328.845914 3.7093e-19
5330.37796 4.2705e-19
5331.910006 1.896e-19
5333.442052 2.956e-19
5334.974098 1.0632e-18
5336.506144 -4.4623e-19
5338.03819 -1.2788e-18
5339.570236 -1.8618e-18
5341.102282 -1.4133e-19
5342.634328 4.8884e-19
5344.166374 1.7893e-18
5345.69842 -7.1033e-19
5347.230466 8.3253e-19
5348.762512 1.5634e-18
5350.294558 -4.1149e-19
5351.826604 6.0668e-20
5353.35865 4.264e-19
5354.890696 8.5919e-19
5356.422742 4.8668e-19
5357.954788 -1.2201e-18
5359.486834 -7.2538e-19
5361.01888 4.7462e-19
5362.550926 -2.9329e-19
5364.082972 -2.5915e-20
5365.615018 9.3174e-21
5367.147064 2.2502e-18
5368.67911 2.41e-20
5370.211156 -9.8648e-19
5371.743202 1.4355e-18
5373.275248 1.8179e-19
5374.807294 1.4203e-18
5376.33934 1.6463e-18
5377.871386 -2.3199e-19
5379.403432 -2.0722e-18
5380.935478 -4.4946e-19
5382.467524 1.2053e-18
5383.99957 2.3529e-19
5385.531616 -1.9252e-19
5387.063662 7.0271e-19
5388.595708 7.6155e-19
5390.127754 8.546e-19
5391.6598 4.2128e-19
5393.191846 2.3496e-18
5394.723892 1.0957e-18
5396.255938 1.0978e-18
5397.787984 1.3203e-18
5399.32003 1.1007e-18
5400.852076 1.4255e-18
5402.384122 7.5977e-19
5403.916168 -1.6764e-19
5405.448214 1.0894e-19
5406.98026 7.8488e-19
5408.512306 2.5812e-18
5410.044352 4.7006e-19
5411.576398 -1.2831e-19
5413.108444 7.1409e-19
5414.64049 2.463e-18
5416.172536 2.011e-18
5417.704582 2.6208e-18
5419.236628 -2.0949e-19
5420.768674 -1.4127e-18
5422.30072 1.4157e-18
5423.832766 -1.2149e-18
5425.364812 1.7862e-19
5426.896858 2.4947e-19
5428.428904 1.1634e-18
5429.96095 1.7503e-18
5431.492996 8.4127e-19
5433.025042 1.3819e-19
5434.557088 9.7686e-19
5436.089134 -3.1064e-19
5437.62118 1.8595e-18
5439.153226 6.0039e-19
5440.685272 1.591e-18
5442.217318 9.4686e-19
5443.749364 1.7427e-18
5445.28141 2.3063e-18
5446.813456 1.8558e-18
5448.345502 2.6158e-18
5449.877548 1.0538e-18
5451.409594 1.3949e-18
5452.94164 -2.0856e-19
5454.473686 -6.7751e-19
5456.005732 1.0186e-18
5457.537778 2.1421e-19
5459.069824 -4.344e-19
5460.60187 1.5391e-18
5462.133916 -1.3357e-18
5463.665962 -1.3549e-19
5465.198008 3.9618e-19
5466.730054 -9.6954e-19
5468.2621 8.2966e-19
5469.794146 2.8413e-18
5471.326192 9.922e-19
5472.858238 5.5679e-20
5474.390284 -1.6153e-19
5475.92233 1.263e-18
5477.454376 -6.7021e-19
5478.986422 -8.4249e-19
5480.518468 -1.4294e-18
5482.050514 1.2331e-19
5483.58256 2.8441e-18
5485.114606 1.42e-18
5486.646652 1.2137e-18
5488.178698 4.3726e-19
5489.710744 -7.1422e-20
5491.24279 -6.0175e-19
5492.774836 -2.6007e-18
5494.306882 -4.6942e-19
5495.838928 -2.9675e-19
5497.370974 -1.4306e-18
5498.90302 2.1086e-19
5500.435066 4.8263e-19
5501.967112 9.1077e-19
5503.499158 9.6007e-19
5505.031204 7.6039e-19
5506.56325 1.0475e-18
5508.095296 8.1235e-19
5509.627342 3.6031e-19
5511.159388 8.9009e-19
5512.691434 7.7828e-19
5514.22348 2.9894e-19
5515.755526 1.0922e-19
5517.287572 4.3811e-19
5518.819618 1.0226e-18
5520.351664 2.9072e-19
5521.88371 5.3509e-19
5523.415756 1.0724e-18
5524.947802 6.0394e-19
5526.479848 -5.7484e-20
5528.011894 3.1521e-19
5529.54394 6.473e-19
5531.075986 5.4711e-19
5532.608032 1.1031e-18
5534.140078 1.1877e-18
5535.672124 6.1885e-19
5537.20417 6.4033e-19
5538.736216 5.9657e-19
5540.268262 1.9224e-19
5541.800308 1.3516e-18
5543.332354 7.1997e-19
5544.8644 8.662e-20
5546.396446 -1.6208e-19
5547.928492 2.1483e-19
5549.460538 6.6233e-19
5550.992584 3.1269e-19
5552.52463 -7.5367e-20
5554.056676 7.6622e-20
5555.588722 6.2383e-20
5557.120768 -1.6785e-19
5558.652814 3.3237e-20
5560.18486 5.9279e-19
5561.716906 -7.1611e-21
5563.248952 7.0841e-20
5564.780998 3.6505e-19
5566.313044 7.7559e-19
5567.84509 1.3391e-18
5569.377136 7.8305e-19
5570.909182 4.9863e-19
5572.441228 7.3045e-19
5573.973274 5.5485e-19
5575.50532 1.8677e-18
5577.037366 2.1419e-18
5578.569412 9.9497e-19
5580.101458 1.0875e-18
5581.633504 1.3752e-18
5583.16555 5.4307e-19
5584.697596 -4.8023e-19
5586.229642 3.9084e-19
5587.761688 1.1994e-18
5589.293734 8.0073e-19
5590.82578 5.5665e-19
5592.357826 1.0474e-18
5593.889872 1.1354e-18
5595.421918 4.1769e-19
5596.953964 7.0883e-19
5598.48601 6.7526e-19
5600.018056 4.5828e-19
5601.550102 7.3456e-19
5603.082148 2.5393e-19
5604.614194 1.5519e-19
5606.14624 4.3549e-19
5607.678286 6.0596e-19
5609.210332 5.4382e-19
5610.742378 4.4347e-19
5612.274424 7.0893e-19
5613.80647 5.2223e-19
5615.338516 3.0461e-19
5616.870562 4.1089e-19
5618.402608 1.0844e-18
5619.934654 1.1986e-18
5621.4667 6.4867e-19
5622.998746 7.728e-20
5624.530792 4.357e-19
5626.062838 8.8651e-19
5627.594884 4.7482e-19
5629.12693 6.0132e-19
5630.658976 7.7965e-19
5632.191022 6.781e-19
5633.723068 4.0639e-19
5635.255114 6.3344e-19
5636.78716 6.5587e-19
5638.319206 1.2428e-19
5639.851252 1.3974e-19
5641.383298 2.5894e-19
5642.915344 2.2406e-19
5644.44739 3.3435e-19
5645.979436 8.2649e-19
5647.511482 9.4184e-19
5649.043528 2.1906e-19
5650.575574 4.5029e-19
5652.10762 1.1684e-18
5653.639666 5.0447e-19
5655.171712 1.7831e-19
5656.703758 4.7931e-19
5658.235804 8.4918e-19
5659.76785 8.2337e-19
5661.299896 5.3182e-19
5662.831942 4.53e-19
5664.363988 4.1543e-19
5665.896034 6.0577e-19
5667.42808 7.5991e-19
5668.960126 2.4572e-19
5670.492172 1.1944e-19
5672.024218 4.6224e-19
5673.556264 2.3655e-19
5675.08831 4.4401e-19
5676.620356 6.5755e-19
5678.152402 7.4106e-19
5679.684448 9.5996e-19
5681.216494 6.5547e-19
5682.74854 5.1918e-19
5684.280586 5.8466e-19
5685.812632 9.7502e-19
5687.344678 1.421e-18
5688.876724 2.9135e-19
5690.40877 2.5469e-19
5691.940816 6.0804e-19
5693.472862 4.036e-19
5695.004908 1.9724e-19
5696.536954 2.4515e-19
5698.069 5.4004e-19
5699.601046 2.8345e-19
5701.133092 2.6339e-19
5702.665138 6.093e-19
5704.197184 8.0305e-19
5705.72923 7.8999e-19
5707.261276 5.5378e-19
5708.793322 3.7299e-19
5710.325368 2.5367e-19
5711.857414 1.8634e-19
5713.38946 4.3472e-19
5714.921506 5.3479e-19
5716.453552 6.0804e-19
5717.985598 6.492e-19
5719.517644 3.1242e-19
5721.04969 2.027e-19
5722.581736 5.1707e-19
5724.113782 6.9887e-19
5725.645828 8.164e-19
5727.177874 7.7636e-19
5728.70992 4.2531e-19
5730.241966 5.8363e-19
5731.774012 7.7047e-19
5733.306058 7.1834e-19
5734.838104 4.1049e-19
5736.37015 3.7903e-20
5737.902196 2.3229e-19
5739.434242 5.5297e-19
5740.966288 5.4085e-19
5742.498334 4.0603e-19
5744.03038 2.907e-19
5745.562426 3.0463e-19
5747.094472 5.5696e-19
5748.626518 6.2011e-19
5750.158564 6.834e-19
5751.69061 9.681e-19
5753.222656 6.4132e-19
5754.754702 5.6829e-20
5756.286748 6.3576e-20
5757.818794 3.2644e-19
5759.35084 6.4997e-19
5760.882886 7.728e-19
5762.414932 6.7188e-19
5763.946978 6.2557e-19
5765.479024 7.6701e-19
5767.01107 6.2685e-19
5768.543116 4.639e-19
5770.075162 6.5306e-19
5771.607208 6.2205e-19
5773.139254 6.9697e-19
5774.6713 7.2989e-19
5776.203346 4.1699e-19
5777.735392 3.3816e-19
5779.267438 2.6019e-19
5780.799484 1.8128e-19
5782.33153 4.349e-19
5783.863576 6.6602e-19
5785.395622 2.7043e-19
5786.927668 -4.4061e-20
5788.459714 4.7851e-19
5789.99176 7.938e-19
5791.523806 6.4063e-19
5793.055852 2.7296e-19
5794.587898 4.2237e-19
5796.119944 5.6405e-19
5797.65199 5.6416e-19
5799.184036 7.5385e-19
5800.716082 7.8299e-19
5802.248128 7.8918e-19
5803.780174 8.8388e-19
5805.31222 6.414e-19
5806.844266 3.7587e-19
5808.376312 3.1962e-19
5809.908358 4.0121e-19
5811.440404 6.7231e-19
5812.97245 8.316e-19
5814.504496 4.3654e-19
5816.036542 3.2408e-19
5817.568588 3.8384e-19
5819.100634 2.7261e-19
5820.63268 4.5378e-19
5822.164726 5.76e-19
5823.696772 4.4336e-19
5825.228818 4.5125e-19
5826.760864 2.3115e-19
5828.29291 1.8252e-19
5829.824956 2.9161e-19
5831.357002 6.6246e-19
5832.889048 5.5647e-19
5834.421094 2.4539e-19
5835.95314 5.0951e-19
5837.485186 9.4694e-19
5839.017232 9.7896e-19
5840.549278 8.1358e-19
5842.081324 7.0148e-19
5843.61337 3.6424e-19
5845.145416 3.5284e-19
5846.677462 6.7829e-19
5848.209508 4.8844e-19
5849.741554 1.4938e-19
5851.2736 2.889e-19
5852.805646 5.2048e-19
5854.337692 5.4494e-19
5855.869738 1.3894e-19
5857.401784 1.8776e-19
5858.93383 4.0036e-19
5860.465876 6.917e-19
5861.997922 8.0996e-19
5863.529968 5.7228e-19
5865.062014 2.7008e-19
5866.59406 1.9462e-19
5868.126106 3.0475e-19
5869.658152 4.8323e-19
5871.190198 6.1189e-19
5872.722244 4.7518e-19
5874.25429 5.3272e-19
5875.786336 7.8877e-19
5877.318382 5.1897e-19
5878.850428 2.9164e-19
5880.382474 2.9524e-19
5881.91452 2.2348e-19
5883.446566 3.4045e-19
5884.978612 4.5254e-19
5886.510658 2.0398e-19
5888.042704 2.197e-19
5889.57475 1.5572e-19
5891.106796 4.0525e-19
5892.638842 8.4922e-19
5894.170888 5.9736e-19
5895.702934 5.2603e-19
5897.23498 1.0961e-18
5898.767026 1.233e-18
5900.299072 9.1276e-19
5901.831118 8.053e-19
5903.363164 4.2993e-19
5904.89521 3.7576e-19
5906.427256 4.7342e-19
5907.959302 2.7552e-19
5909.491348 2.1876e-19
5911.023394 3.1524e-19
5912.55544 5.688e-19
5914.087486 5.5038e-19
5915.619532 3.937e-19
5917.151578 5.2783e-19
5918.683624 6.5267e-19
5920.21567 6.6434e-19
5921.747716 5.472e-19
5923.279762 3.7731e-19
5924.811808 5.0177e-19
5926.343854 4.8854e-19
5927.8759 2.0388e-19
5929.407946 3.4999e-19
5930.939992 6.3318e-19
5932.472038 3.4952e-19
5934.004084 2.0334e-19
5935.53613 6.2973e-19
5937.068176 6.6869e-19
5938.600222 4.0592e-19
5940.132268 4.346e-19
5941.664314 4.1827e-19
5943.19636 2.6653e-19
5944.728406 5.9954e-19
5946.260452 8.4873e-19
5947.792498 6.4732e-19
5949.324544 6.1771e-19
5950.85659 5.4772e-19
5952.388636 5.8506e-19
5953.920682 5.358e-19
5955.452728 3.6873e-19
5956.984774 2.9323e-19
5958.51682 2.0165e-19
5960.048866 3.5498e-19
5961.580912 5.9916e-19
5963.112958 7.0547e-19
5964.645004 7.143e-19
5966.17705 4.2487e-19
5967.709096 3.2067e-19
5969.241142 1.4667e-19
5970.773188 2.2132e-19
5972.305234 6.0651e-19
5973.83728 7.381e-19
5975.369326 5.6612e-19
5976.901372 2.7312e-19
5978.433418 4.268e-19
5979.965464 6.6589e-19
5981.49751 7.5065e-19
5983.029556 6.5137e-19
5984.561602 5.6344e-19
5986.093648 6.4671e-19
5987.625694 7.5944e-19
5989.15774 6.8265e-19
5990.689786 3.6618e-19
5992.221832 2.7532e-19
5993.753878 3.3318e-19
5995.285924 4.6927e-19
5996.81797 5.001e-19
5998.350016 7.1766e-19
5999.882062 7.4862e-19
6001.414108 5.3925e-19
6002.946154 5.1824e-19
6004.4782 4.3938e-19
6006.010246 4.3342e-19
6007.542292 2.6012e-19
6009.074338 1.6881e-19
6010.606384 2.4497e-19
6012.13843 3.0957e-19
6013.670476 1.4251e-19
6015.202522 2.6468e-19
6016.734568 3.5686e-19
6018.266614 3.3859e-19
6019.79866 4.4607e-19
6021.330706 5.3883e-19
6022.862752 6.6102e-19
6024.394798 4.3887e-19
6025.926844 4.3071e-19
6027.45889 3.7755e-19
6028.990936 6.5957e-19
6030.522982 7.3279e-19
6032.055028 4.2626e-19
6033.587074 3.2354e-19
6035.11912 3.1488e-19
6036.651166 7.2214e-19
6038.183212 7.4029e-19
6039.715258 7.572e-19
6041.247304 4.0216e-19
6042.77935 1.1635e-19
6044.311396 9.8008e-21
6045.843442 6.9231e-20
6047.375488 4.4415e-19
6048.907534 3.9075e-19
6050.43958 1.9356e-19
6051.971626 4.2977e-19
6053.503672 5.9784e-19
6055.035718 3.4066e-19
6056.567764 2.0608e-19
6058.09981 3.6737e-20
6059.631856 -7.463e-20
6061.163902 4.4751e-19
6062.695948 8.8726e-19
6064.227994 4.698e-19
6065.76004 2.6013e-19
6067.292086 2.3627e-19
6068.824132 2.3095e-19
6070.356178 4.1451e-19
6071.888224 2.5836e-19
6073.42027 1.2809e-19
6074.952316 -1.0882e-19
6076.484362 2.8156e-21
6078.016408 2.6936e-19
6079.548454 4.4689e-19
6081.0805 4.5751e-19
6082.612546 2.8669e-19
6084.144592 3.6462e-19
6085.676638 4.0079e-19
6087.208684 3.3289e-19
6088.74073 3.4807e-19
6090.272776 4.0694e-19
6091.804822 5.069e-19
6093.336868 3.0085e-19
6094.868914 2.0435e-19
6096.40096 1.8764e-19
6097.933006 -5.7155e-20
6099.465052 -1.0388e-19
6100.997098 6.9842e-20
6102.529144 -4.8193e-22
6104.06119 -1.1212e-19
6105.593236 1.0126e-19
6107.125282 3.342e-19
6108.657328 2.4774e-19
6110.189374 2.1898e-19
6111.72142 1.0555e-19
6113.253466 1.2916e-19
6114.785512 4.3157e-19
6116.317558 5.7316e-19
6117.849604 6.5061e-19
6119.38165 7.2331e-19
6120.913696 1.1174e-18
6122.445742 9.7043e-19
6123.977788 4.4978e-19
6125.509834 2.5048e-19
6127.04188 3.3142e-19
6128.573926 8.8718e-19
6130.105972 6.7203e-19
6131.638018 8.7857e-20
6133.170064 1.5895e-19
6134.70211 2.2097e-19
6136.234156 2.1189e-19
6137.766202 4.1631e-19
6139.298248 6.8117e-19
6140.830294 9.3383e-19
6142.36234 6.5495e-19
6143.894386 3.8282e-19
6145.426432 5.5127e-19
6146.958478 4.6538e-19
6148.490524 4.1783e-19
6150.02257 4.3574e-19
6151.554616 2.4441e-19
6153.086662 5.1061e-19
6154.618708 7.3646e-19
6156.150754 4.2556e-19
6157.6828 6.3498e-19
6159.214846 8.8083e-19
6160.746892 5.0161e-19
6162.278938 2.9702e-19
6163.810984 4.4896e-19
6165.34303 5.352e-19
6166.875076 6.6033e-19
6168.407122 6.4743e-19
6169.939168 3.9226e-19
6171.471214 1.4346e-19
6173.00326 1.0349e-20
6174.535306 2.7831e-19
6176.067352 5.9433e-19
6177.599398 6.9967e-19
6179.131444 6.9058e-19
6180.66349 5.2957e-19
6182.195536 3.7864e-19
6183.727582 4.1143e-19
6185.259628 2.6545e-19
6186.791674 2.8183e-19
6188.32372 6.3105e-19
6189.855766 5.0501e-19
6191.387812 2.9941e-19
6192.919858 4.1772e-19
6194.451904 3.266e-19
6195.98395 4.1393e-19
6197.515996 5.9632e-19
6199.048042 3.7764e-19
6200.580088 3.9527e-19
6202.112134 5.3101e-19
6203.64418 4.7644e-19
6205.176226 5.2561e-19
6206.708272 4.3005e-19
6208.240318 5.565e-19
6209.772364 5.61e-19
6211.30441 4.8102e-19
6212.836456 6.1544e-19
6214.368502 7.6236e-19
6215.900548 5.5313e-19
6217.432594 6.1844e-19
6218.96464 6.0811e-19
6220.496686 5.1537e-19
6222.028732 6.631e-19
6223.560778 8.871e-19
6225.092824 1.0214e-18
6226.62487 7.4574e-19
6228.156916 2.9156e-19
6229.688962 4.7953e-19
6231.221008 7.1781e-19
6232.753054 5.8884e-19
6234.2851 4.4557e-19
6235.817146 4.757e-19
6237.349192 3.9946e-19
6238.881238 3.3043e-19
6240.413284 5.0606e-19
6241.94533 5.7246e-19
6243.477376 4.125e-19
6245.009422 3.3978e-19
6246.541468 1.962e-19
6248.073514 5.7888e-19
6249.60556 7.9878e-19
6251.137606 4.7133e-19
6252.669652 2.6814e-19
6254.201698 6.7863e-19
6255.733744 1.1883e-18
6257.26579 8.0602e-19
6258.797836 6.1684e-19
6260.329882 6.0689e-19
6261.861928 1.561e-19
6263.393974 3.7101e-19
6264.92602 9.6568e-19
6266.458066 9.9858e-19
6267.990112 8.2042e-19
6269.522158 8.0381e-19
6271.054204 4.0649e-19
6272.58625 2.5049e-19
6274.118296 4.6886e-19
6275.650342 4.306e-19
6277.182388 5.9396e-19
6278.714434 5.9867e-19
6280.24648 4.0915e-19
6281.778526 5.6727e-19
6283.310572 5.8049e-19
6284.842618 6.329e-19
6286.374664 7.6608e-19
6287.90671 7.2526e-19
6289.438756 3.2837e-19
6290.970802 8.4737e-20
6292.502848 3.8961e-19
6294.034894 3.9593e-19
6295.56694 3.233e-19
6297.098986 2.3132e-19
6298.631032 2.5788e-19
6300.163078 3.418e-19
6301.695124 1.8727e-19
6303.22717 4.7706e-21
6304.759216 2.7484e-19
6306.291262 4.9204e-19
6307.823308 5.7495e-19
6309.355354 6.2805e-19
6310.8874 7.4802e-19
6312.419446 4.2392e-19
6313.951492 1.5383e-19
6315.483538 3.177e-19
6317.015584 5.5962e-19
6318.54763 6.641e-19
6320.079676 3.354e-19
6321.611722 -6.088e-20
6323.143768 1.3564e-19
6324.675814 4.9135e-20
6326.20786 4.7555e-20
6327.739906 4.9892e-19
6329.271952 2.6275e-19
6330.803998 -1.2338e-20
6332.336044 1.4712e-19
6333.86809 4.2132e-19
6335.400136 7.1111e-19
6336.932182 4.9373e-19
6338.464228 1.3334e-19
6339.996274 2.6568e-19
6341.52832 4.8896e-19
6343.060366 5.1143e-19
6344.592412 3.2078e-19
6346.124458 1.5675e-19
6347.656504 2.6706e-19
6349.18855 4.7891e-19
6350.720596 2.9439e-19
6352.252642 3.5289e-19
6353.784688 5.1608e-19
6355.316734 3.5579e-19
6356.84878 5.2058e-19
6358.380826 8.8581e-19
6359.912872 6.8274e-19
6361.444918 5.1432e-19
6362.976964 2.667e-19
6364.50901 2.3791e-19
6366.041056 6.91e-19
6367.573102 7.213e-19
6369.105148 4.1697e-19
6370.637194 3.0676e-19
6372.16924 2.3326e-19
6373.701286 2.1524e-19
6375.233332 5.8152e-19
6376.765378 5.0526e-19
6378.297424 3.0331e-19
6379.82947 2.4943e-19
6381.361516 4.1924e-19
6382.893562 7.9362e-19
6384.425608 7.879e-19
6385.957654 6.6868e-19
6387.4897 6.8536e-19
6389.021746 5.4797e-19
6390.553792 3.2492e-19
6392.085838 3.7806e-19
6393.617884 3.9659e-19
6395.14993 3.4924e-19
6396.681976 5.5539e-19
6398.214022 6.3461e-19
6399.746068 5.1053e-19
6401.278114 4.8345e-19
6402.81016 3.0829e-19
6404.342206 8.3426e-20
6405.874252 1.9986e-19
6407.406298 5.0098e-19
6408.938344 5.1374e-19
6410.47039 5.102e-19
6412.002436 6.1036e-19
6413.534482 3.7511e-19
6415.066528 3.429e-19
6416.598574 2.6004e-19
6418.13062 2.8262e-19
6419.662666 4.6515e-19
6421.194712 4.0612e-19
6422.726758 2.5875e-19
6424.258804 2.4136e-19
6425.79085 5.241e-19
6427.322896 7.9248e-19
6428.854942 7.0122e-19
6430.386988 5.9727e-19
6431.919034 6.7631e-19
6433.45108 4.3966e-19
6434.983126 3.3557e-19
6436.515172 5.8489e-19
6438.047218 5.507e-19
6439.579264 4.4475e-19
6441.11131 5.998e-19
6442.643356 4.5793e-19
6444.175402 2.9583e-19
6445.707448 4.7632e-19
6447.239494 3.414e-19
6448.77154 2.1681e-19
6450.303586 3.073e-19
6451.835632 4.0453e-19
6453.367678 4.2454e-19
6454.899724 5.4606e-19
6456.43177 5.9526e-19
6457.963816 5.7837e-19
6459.495862 8.3007e-19
6461.027908 6.6017e-19
6462.559954 4.7819e-19
6464.092 2.9131e-19
6465.624046 3.2242e-19
6467.156092 4.1782e-19
6468.688138 3.8976e-19
6470.220184 4.573e-19
6471.75223 4.9627e-19
6473.284276 3.8863e-19
6474.816322 3.07e-19
6476.348368 4.1204e-19
6477.880414 3.6185e-19
6479.41246 3.5877e-19
6480.944506 4.0369e-19
6482.476552 3.8528e-19
6484.008598 3.5312e-19
6485.540644 3.8416e-19
6487.07269 4.4056e-19
6488.604736 2.2932e-19
6490.136782 2.5614e-19
6491.668828 4.7651e-19
6493.200874 5.4638e-19
6494.73292 8.4262e-19
6496.264966 6.577e-19
6497.797012 6.8225e-20
6499.329058 1.36e-19
6500.861104 4.4554e-19
6502.39315 3.9245e-19
6503.925196 4.2315e-19
6505.457242 6.2625e-19
6506.989288 6.662e-19
6508.521334 7.381e-19
6510.05338 7.823e-19
6511.585426 7.0715e-19
6513.117472 7.5102e-19
6514.649518 5.3965e-19
6516.181564 2.8053e-19
6517.71361 2.7392e-19
6519.245656 2.7195e-19
6520.777702 6.3855e-19
6522.309748 7.1113e-19
6523.841794 3.4925e-19
6525.37384 4.8128e-19
6526.905886 6.3556e-19
6528.437932 6.9905e-19
6529.969978 6.6588e-19
6531.502024 3.4532e-19
6533.03407 3.0528e-19
6534.566116 2.7306e-19
6536.098162 2.8064e-19
6537.630208 4.9956e-19
6539.162254 6.8219e-19
6540.6943 6.611e-19
6542.226346 5.2571e-19
6543.758392 4.5693e-19
6545.290438 3.2958e-19
6546.822484 4.8483e-19
6548.35453 6.9012e-19
6549.886576 4.1783e-19
6551.418622 2.2147e-19
6552.950668 3.1634e-19
6554.482714 6.3628e-19
6556.01476 6.1763e-19
6557.546806 4.8094e-19
6559.078852 5.5654e-19
6560.610898 4.8535e-19
6562.142944 5.0295e-19
6563.67499 4.632e-19
6565.207036 6.0369e-19
6566.739082 5.1564e-19
6568.271128 2.1263e-19
6569.803174 1.1358e-19
6571.33522 1.6872e-19
6572.867266 1.6459e-19
6574.399312 2.1375e-19
6575.931358 5.6184e-19
6577.463404 5.745e-19
6578.99545 3.3292e-19
6580.527496 4.0999e-19
6582.059542 6.3625e-19
6583.591588 7.288e-19
6585.123634 7.1505e-19
6586.65568 4.7835e-19
6588.187726 3.0697e-19
6589.719772 3.5808e-19
6591.251818 4.3943e-19
6592.783864 6.8598e-19
6594.31591 6.1886e-19
6595.847956 2.5797e-19
6597.380002 4.0819e-19
6598.912048 5.6486e-19
6600.444094 4.5229e-19
6601.97614 3.7535e-19
6603.508186 3.4093e-19
6605.040232 3.2338e-19
6606.572278 3.466e-19
6608.104324 1.95e-19
6609.63637 6.4681e-20
6611.168416 1.9944e-19
6612.700462 3.8078e-19
6614.232508 5.2994e-19
6615.764554 5.2201e-19
6617.2966 3.8923e-19
6618.828646 5.0468e-19
6620.360692 5.6721e-19
6621.892738 4.3181e-19
6623.424784 5.6585e-19
6624.95683 5.0844e-19
6626.488876 3.8906e-19
6628.020922 5.8416e-19
6629.552968 6.9342e-19
6631.085014 6.1488e-19
6632.61706 2.8795e-19
6634.149106 1.6022e-20
6635.681152 2.5894e-19
6637.213198 5.9345e-19
6638.745244 5.4962e-19
6640.27729 5.4602e-19
6641.809336 4.6982e-19
6643.341382 2.3097e-19
6644.873428 3.4296e-19
6646.405474 3.5083e-19
6647.93752 1.4985e-19
6649.469566 1.5398e-19
6651.001612 1.9157e-19
6652.533658 3.4026e-19
6654.065704 5.7197e-19
6655.59775 5.3193e-19
6657.129796 3.0835e-19
6658.661842 4.9016e-19
6660.193888 6.4463e-19
6661.725934 6.0689e-19
6663.25798 7.067e-19
6664.790026 5.3453e-19
6666.322072 1.6469e-19
6667.854118 6.9945e-20
6669.386164 1.2473e-19
6670.91821 2.9079e-19
6672.450256 3.6746e-19
6673.982302 3.7057e-19
6675.514348 3.6208e-19
6677.046394 3.7505e-19
6678.57844 4.5615e-19
6680.110486 4.8059e-19
6681.642532 3.0885e-19
6683.174578 2.4905e-19
6684.706624 4.4216e-19
6686.23867 4.747e-19
6687.770716 5.1297e-19
6689.302762 5.9542e-19
6690.834808 4.8618e-19
6692.366854 4.5456e-19
6693.8989 3.9269e-19
6695.430946 2.7782e-19
6696.962992 2.7484e-19
6698.495038 3.0072e-19
6700.027084 3.2304e-19
6701.55913 9.8274e-20
6703.091176 5.6555e-20
6704.623222 4.8328e-19
6706.155268 6.0077e-19
6707.687314 5.0389e-19
6709.21936 3.7694e-19
6710.751406 2.9986e-19
6712.283452 5.0897e-19
6713.815498 4.3408e-19
6715.347544 2.9693e-19
6716.87959 4.0907e-19
6718.411636 3.1418e-19
6719.943682 6.322e-20
6721.475728 2.2003e-19
6723.007774 5.3615e-19
6724.53982 3.2874e-19
6726.071866 1.4938e-19
6727.603912 4.1101e-19
6729.135958 6.1292e-19
6730.668004 4.8548e-19
6732.20005 2.3737e-19
6733.732096 2.0536e-19
6735.264142 1.0912e-19
6736.796188 -1.1812e-19
6738.328234 2.1254e-20
6739.86028 2.8564e-19
6741.392326 2.4806e-19
6742.924372 2.5247e-19
6744.456418 4.1773e-19
6745.988464 5.1422e-19
6747.52051 5.0841e-19
6749.052556 4.1671e-19
6750.584602 5.5029e-19
6752.116648 4.9763e-19
6753.648694 2.1731e-19
6755.18074 2.2055e-19
6756.712786 3.8934e-19
6758.244832 2.3864e-19
6759.776878 2.4219e-19
6761.308924 4.0804e-19
6762.84097 3.8216e-19
6764.373016 3.2676e-19
6765.905062 3.4864e-19
6767.437108 2.6953e-19
6768.969154 1.0248e-19
6770.5012 2.7441e-19
6772.033246 3.6735e-19
6773.565292 2.0083e-19
6775.097338 2.6689e-19
6776.629384 4.5488e-19
6778.16143 2.7585e-19
6779.693476 1.2437e-19
6781.225522 1.665e-19
6782.757568 1.5258e-19
6784.289614 2.4351e-19
6785.82166 3.6853e-19
6787.353706 5.5751e-19
6788.885752 6.3119e-19
6790.417798 5.4435e-19
6791.949844 5.4108e-19
6793.48189 4.037e-19
6795.013936 2.4789e-19
6796.545982 2.3032e-19
6798.078028 2.9763e-19
6799.610074 3.8213e-19
6801.14212 4.6556e-19
6802.674166 5.5374e-19
6804.206212 4.574e-19
6805.738258 3.2622e-19
6807.270304 3.6971e-19
6808.80235 4.474e-19
6810.334396 4.8834e-19
6811.866442 4.5417e-19
6813.398488 5.3761e-19
6814.930534 6.1927e-19
6816.46258 5.0832e-19
6817.994626 4.8719e-19
6819.526672 6.7669e-19
6821.058718 7.4354e-19
6822.590764 6.4463e-19
6824.12281 7.3337e-19
6825.654856 5.8354e-19
6827.186902 4.9692e-19
6828.718948 7.9404e-19
6830.250994 1.0331e-18
6831.78304 1.0828e-18
6833.315086 8.945e-19
6834.847132 7.4106e-19
6836.379178 9.2362e-19
6837.911224 9.7759e-19
6839.44327 7.0103e-19
6840.975316 7.0894e-19
6842.507362 7.1994e-19
6844.039408 5.1605e-19
6845.571454 6.5821e-19
6847.1035 8.0892e-19
6848.635546 7.5881e-19
6850.167592 8.5999e-19
6851.699638 8.7648e-19
6853.231684 8.8895e-19
6854.76373 9.3391e-19
6856.295776 7.5299e-19
6857.827822 9.0745e-19
6859.359868 1.1812e-18
6860.891914 1.0894e-18
6862.42396 9.9006e-19
6863.956006 6.9078e-19
6865.488052 6.6165e-19
6867.020098 8.0988e-19
6868.552144 6.8497e-19
6870.08419 6.302e-19
6871.616236 7.4347e-19
6873.148282 9.9062e-19
6874.680328 1.143e-18
6876.212374 1.1629e-18
6877.74442 1.1534e-18
6879.276466 1.1686e-18
6880.808512 1.1154e-18
6882.340558 9.9263e-19
6883.872604 1.0238e-18
6885.40465 1.009e-18
6886.936696 7.8963e-19
6888.468742 5.8338e-19
6890.000788 6.8981e-19
6891.532834 8.2838e-19
6893.06488 8.0287e-19
6894.596926 9.2265e-19
6896.128972 9.7574e-19
6897.661018 8.8042e-19
6899.193064 7.3871e-19
6900.72511 9.3182e-19
6902.257156 1.1945e-18
6903.789202 1.0518e-18
6905.321248 9.8644e-19
6906.853294 1.087e-18
6908.38534 1.0538e-18
6909.917386 8.9096e-19
6911.449432 7.759e-19
6912.981478 7.1142e-19
6914.513524 6.0983e-19
6916.04557 6.5538e-19
6917.577616 7.6688e-19
6919.109662 7.4802e-19
6920.641708 5.8075e-19
6922.173754 6.3821e-19
6923.7058 8.419e-19
6925.237846 7.8828e-19
6926.769892 7.9019e-19
6928.301938 9.4196e-19
6929.833984 9.5298e-19
6931.36603 8.4608e-19
6932.898076 8.9112e-19
6934.430122 9.089e-19
6935.962168 8.5187e-19
6937.494214 9.8998e-19
6939.02626 9.3705e-19
6940.558306 6.5009e-19
6942.090352 7.5629e-19
6943.622398 8.8887e-19
6945.154444 7.2873e-19
6946.68649 7.1406e-19
6948.218536 8.0273e-19
6949.750582 7.8068e-19
6951.282628 7.3786e-19
6952.814674 7.8619e-19
6954.34672 8.8807e-19
6955.878766 9.6271e-19
6957.410812 1.034e-18
6958.942858 9.1807e-19
6960.474904 7.3185e-19
6962.00695 5.7384e-19
6963.538996 6.2182e-19
6965.071042 8.653e-19
6966.603088 8.7857e-19
6968.135134 8.1439e-19
6969.66718 7.4445e-19
6971.199226 5.479e-19
6972.731272 4.3578e-19
6974.263318 5.9797e-19
6975.795364 7.6869e-19
6977.32741 7.6897e-19
6978.859456 8.2034e-19
6980.391502 8.1954e-19
6981.923548 7.1638e-19
6983.455594 6.839e-19
6984.98764 6.6218e-19
6986.519686 4.7199e-19
6988.051732 3.8053e-19
6989.583778 4.6557e-19
6991.115824 5.772e-19
6992.64787 6.0246e-19
6994.179916 5.437e-19
6995.711962 6.8413e-19
6997.244008 9.3343e-19
6998.776054 8.0932e-19
7000.3081 5.2447e-19
7001.840146 8.4809e-19
7003.372192 1.0318e-18
7004.904238 8.6289e-19
7006.436284 8.5139e-19
7007.96833 8.1045e-19
7009.500376 6.9572e-19
7011.032422 6.046e-19
7012.564468 5.7084e-19
7014.096514 5.2003e-19
7015.62856 5.8272e-19
7017.160606 7.2132e-19
7018.692652 7.677e-19
7020.224698 6.1761e-19
7021.756744 3.0187e-19
7023.28879 4.6045e-19
7024.820836 6.7306e-19
7026.352882 4.7864e-19
7027.884928 4.4469e-19
7029.416974 5.4589e-19
7030.94902 4.9249e-19
7032.481066 4.519e-19
7034.013112 3.1205e-19
7035.545158 2.5008e-19
7037.077204 4.8841e-19
7038.60925 5.5686e-19
7040.141296 4.7741e-19
7041.673342 6.4284e-19
7043.205388 6.1281e-19
7044.737434 3.0348e-19
7046.26948 4.0076e-19
7047.801526 8.7198e-19
7049.333572 7.9305e-19
7050.865618 6.748e-19
7052.397664 6.6502e-19
7053.92971 5.3185e-19
7055.461756 5.1991e-19
7056.993802 6.3637e-19
7058.525848 5.6251e-19
7060.057894 4.4802e-19
7061.58994 4.4686e-19
7063.121986 4.0258e-19
7064.654032 4.8441e-19
7066.186078 3.3336e-19
7067.718124 2.8218e-19
7069.25017 3.0725e-19
7070.782216 4.3248e-19
7072.314262 6.1268e-19
7073.846308 5.2977e-19
7075.378354 4.1085e-19
7076.9104 4.741e-19
7078.442446 4.9767e-19
7079.974492 5.4563e-19
7081.506538 5.4412e-19
7083.038584 4.7702e-19
7084.57063 5.292e-19
7086.102676 5.7102e-19
7087.634722 3.7583e-19
7089.166768 3.1731e-19
7090.698814 4.9461e-19
7092.23086 3.7314e-19
7093.762906 2.6301e-19
7095.294952 4.7654e-19
7096.826998 4.5697e-19
7098.359044 5.0651e-19
7099.89109 6.3229e-19
7101.423136 5.3354e-19
7102.955182 4.4715e-19
7104.487228 3.5107e-19
7106.019274 1.8818e-19
7107.55132 6.0017e-19
7109.083366 7.0058e-19
7110.615412 3.8974e-19
7112.147458 5.6163e-19
7113.679504 6.6013e-19
7115.21155 5.8128e-19
7116.743596 4.5543e-19
7118.275642 3.6336e-19
7119.807688 3.9045e-19
7121.339734 5.6607e-19
7122.87178 7.1945e-19
7124.403826 6.2899e-19
7125.935872 5.2126e-19
7127.467918 3.7749e-19
7128.999964 3.3698e-19
7130.53201 3.8013e-19
7132.064056 4.5475e-19
7133.596102 4.9539e-19
7135.128148 4.8583e-19
7136.660194 4.9874e-19
7138.19224 5.5936e-19
7139.724286 6.9888e-19
7141.256332 5.584e-19
7142.788378 4.4543e-19
7144.320424 4.1511e-19
7145.85247 3.5483e-19
7147.384516 5.0321e-19
7148.916562 4.9874e-19
7150.448608 2.7733e-19
7151.980654 4.2317e-19
7153.5127 6.6685e-19
7155.044746 6.1053e-19
7156.576792 4.7481e-19
7158.108838 4.6389e-19
7159.640884 3.8306e-19
7161.17293 4.0074e-19
7162.704976 4.7464e-19
7164.237022 3.8635e-19
7165.769068 3.6822e-19
7167.301114 3.5899e-19
7168.83316 4.0649e-19
7170.365206 5.1303e-19
7171.897252 3.0441e-19
7173.429298 2.7493e-19
7174.961344 4.2672e-19
7176.49339 4.6563e-19
7178.025436 5.3265e-19
7179.557482 6.8841e-19
7181.089528 4.4291e-19
7182.621574 2.2638e-19
7184.15362 4.4998e-19
7185.685666 4.414e-19
7187.217712 4.693e-19
7188.749758 5.1206e-19
7190.281804 3.726e-19
7191.81385 3.5088e-19
7193.345896 4.4334e-19
7194.877942 3.5531e-19
7196.409988 4.9521e-19
7197.942034 7.3416e-19
7199.47408 5.3799e-19
7201.006126 4.7584e-19
7202.538172 5.795e-19
7204.070218 4.9416e-19
7205.602264 4.9812e-19
7207.13431 5.6564e-19
7208.666356 4.1817e-19
7210.198402 4.1802e-19
7211.730448 3.6374e-19
7213.262494 3.0397e-19
7214.79454 5.4269e-19
7216.326586 6.2705e-19
7217.858632 4.1755e-19
7219.390678 3.2067e-19
7220.922724 2.2281e-19
7222.45477 1.5061e-19
7223.986816 3.5581e-19
7225.518862 4.3294e-19
7227.050908 3.197e-19
7228.582954 3.0788e-19
7230.115 2.8028e-19
7231.647046 1.8081e-19
7233.179092 2.3382e-19
7234.711138 1.6604e-19
7236.243184 1.5681e-19
7237.77523 5.4322e-19
7239.307276 7.9746e-19
7240.839322 5.7153e-19
7242.371368 4.5688e-19
7243.903414 5.7092e-19
7245.43546 4.8077e-19
7246.967506 5.3403e-19
7248.499552 5.6193e-20
7250.031598 -1.0871e-20
7251.563644 1.7629e-19
7253.09569 3.319e-19
7254.627736 2.9676e-19
7256.159782 1.9936e-19
7257.691828 1.0221e-19
7259.223874 3.1335e-19
7260.75592 5.6161e-19
7262.287966 3.4839e-19
7263.820012 3.0654e-19
7265.352058 3.6735e-19
7266.884104 3.9647e-19
7268.41615 5.7443e-19
7269.948196 4.3845e-19
7271.480242 4.0948e-19
7273.012288 4.5336e-19
7274.544334 -3.676e-20
7276.07638 9.8258e-20
7277.608426 7.9145e-19
7279.140472 6.4084e-19
7280.672518 2.1125e-19
7282.204564 3.6032e-19
7283.73661 3.0033e-19
7285.268656 3.4645e-19
7286.800702 5.0916e-19
7288.332748 3.4929e-19
7289.864794 3.6464e-19
7291.39684 4.0279e-19
7292.928886 1.6696e-19
7294.460932 3.748e-19
7295.992978 7.6311e-19
7297.525024 7.8179e-19
7299.05707 6.3287e-19
7300.589116 5.7358e-19
7302.121162 3.9193e-19
7303.653208 1.214e-19
7305.185254 3.5703e-20
7306.7173 4.0402e-19
7308.249346 6.0003e-19
7309.781392 3.8758e-19
7311.313438 4.3856e-19
7312.845484 4.8899e-19
7314.37753 5.0825e-19
7315.909576 5.486e-19
7317.441622 5.2886e-19
7318.973668 4.4032e-19
7320.505714 5.6485e-19
7322.03776 7.5373e-19
7323.569806 8.1206e-19
7325.101852 5.5752e-19
7326.633898 4.6097e-19
7328.165944 3.6687e-19
7329.69799 4.3513e-19
7331.230036 4.4667e-19
7332.762082 3.3688e-19
7334.294128 4.5171e-19
7335.826174 4.2355e-19
7337.35822 8.5533e-20
7338.890266 -1.8254e-20
7340.422312 1.9373e-19
7341.954358 3.3692e-19
7343.486404 4.0461e-19
7345.01845 4.2437e-19
7346.550496 3.2909e-19
7348.082542 2.6588e-19
7349.614588 3.3566e-19
7351.146634 4.9142e-19
7352.67868 4.0004e-19
7354.210726 2.7394e-19
7355.742772 4.1303e-19
7357.274818 5.8972e-19
7358.806864 4.2938e-19
7360.33891 1.5745e-19
7361.870956 3.6973e-19
7363.403002 4.1091e-19
7364.935048 1.3274e-19
7366.467094 1.2196e-19
7367.99914 2.7675e-19
7369.531186 5.0689e-19
7371.063232 4.8985e-19
7372.595278 4.0204e-19
7374.127324 5.0745e-19
7375.65937 5.5701e-19
7377.191416 3.438e-19
7378.723462 1.2245e-19
7380.255508 2.9916e-19
7381.787554 4.2478e-19
7383.3196 2.5021e-19
7384.851646 3.0599e-19
7386.383692 3.7284e-19
7387.915738 3.7905e-19
7389.447784 6.555e-19
7390.97983 6.8547e-19
7392.511876 4.6011e-19
7394.043922 3.7559e-19
7395.575968 1.9467e-19
7397.108014 1.6982e-19
7398.64006 1.5504e-19
7400.172106 1.2525e-19
7401.704152 2.4735e-19
7403.236198 3.1927e-19
7404.768244 4.4798e-19
7406.30029 5.3735e-19
7407.832336 4.8425e-19
7409.364382 4.6613e-19
7410.896428 6.3389e-19
7412.428474 6.1487e-19
7413.96052 3.8545e-19
7415.492566 2.9574e-19
7417.024612 2.8366e-19
7418.556658 3.3624e-19
7420.088704 3.661e-19
7421.62075 3.3729e-19
7423.152796 3.9522e-19
7424.684842 5.0066e-19
7426.216888 4.0756e-19
7427.748934 2.4422e-19
7429.28098 3.1287e-19
7430.813026 3.5441e-19
7432.345072 4.6177e-19
7433.877118 6.7168e-19
7435.409164 6.2904e-19
7436.94121 5.8708e-19
7438.473256 3.9751e-19
7440.005302 2.3571e-19
7441.537348 3.379e-19
7443.069394 4.4051e-19
7444.60144 5.4809e-19
7446.133486 5.5396e-19
7447.665532 4.5196e-19
7449.197578 4.001e-19
7450.729624 4.485e-19
7452.26167 4.4277e-19
7453.793716 2.6608e-19
7455.325762 3.5781e-19
7456.857808 5.4949e-19
7458.389854 2.2852e-19
7459.9219 1.3029e-19
7461.453946 4.3297e-19
7462.985992 5.4152e-19
7464.518038 6.2782e-19
7466.050084 6.32e-19
7467.58213 2.7668e-19
7469.114176 1.8288e-19
7470.646222 4.1646e-19
7472.178268 4.9378e-19
7473.710314 4.3516e-19
7475.24236 3.758e-19
7476.774406 3.1791e-19
7478.306452 3.4581e-19
7479.838498 6.0003e-19
7481.370544 6.9025e-19
7482.90259 5.9253e-19
7484.434636 5.863e-19
7485.966682 4.8569e-19
7487.498728 4.8718e-19
7489.030774 5.86e-19
7490.56282 3.7073e-19
7492.094866 2.4967e-19
7493.626912 4.0271e-19
7495.158958 5.6126e-19
7496.691004 5.8038e-19
7498.22305 4.398e-19
7499.755096 3.7041e-19
7501.287142 5.073e-19
7502.819188 5.2981e-19
7504.351234 5.515e-19
7505.88328 6.4101e-19
7507.415326 2.4112e-19
7508.947372 1.3901e-19
7510.479418 3.8775e-19
7512.011464 5.0685e-19
7513.54351 4.6352e-19
7515.075556 4.0105e-19
7516.607602 4.108e-19
7518.139648 4.4981e-19
7519.671694 2.7099e-19
7521.20374 3.7993e-19
7522.735786 9.7703e-19
7524.267832 7.7679e-19
7525.799878 2.8513e-19
7527.331924 6.3182e-19
7528.86397 7.8331e-19
7530.396016 6.0749e-19
7531.928062 6.0627e-19
7533.460108 5.2153e-19
7534.992154 4.4388e-19
7536.5242 5.3423e-19
7538.056246 4.1899e-19
7539.588292 2.6834e-19
7541.120338 4.5697e-19
7542.652384 5.62e-19
7544.18443 5.8125e-19
7545.716476 4.1807e-19
7547.248522 3.9712e-19
7548.780568 4.0485e-19
7550.312614 2.8087e-19
7551.84466 2.2698e-19
7553.376706 1.4218e-19
7554.908752 2.0628e-19
7556.440798 2.3813e-19
7557.972844 4.3242e-19
7559.50489 6.191e-19
7561.036936 4.7664e-19
7562.568982 3.6419e-19
7564.101028 4.3175e-19
7565.633074 6.3544e-19
7567.16512 5.8681e-19
7568.697166 2.1692e-19
7570.229212 5.9621e-20
7571.761258 1.9672e-19
7573.293304 4.6127e-19
7574.82535 3.6745e-19
7576.357396 4.3895e-19
7577.889442 3.8243e-19
7579.421488 1.2506e-19
7580.953534 1.4973e-19
7582.48558 3.5439e-19
7584.017626 4.6528e-19
7585.549672 3.1346e-19
7587.081718 2.0223e-19
7588.613764 2.2364e-19
7590.14581 4.2641e-19
7591.677856 5.7191e-19
7593.209902 4.9323e-19
7594.741948 4.0868e-19
7596.273994 3.9498e-19
7597.80604 1.516e-19
7599.338086 1.6552e-19
7600.870132 -2.3253e-20
7602.402178 -3.1182e-20
7603.934224 3.6801e-19
7605.46627 5.6923e-19
7606.998316 6.7557e-19
7608.530362 4.4282e-19
7610.062408 1.1351e-19
7611.594454 3.7646e-19
7613.1265 9.4035e-19
7614.658546 5.7643e-19
7616.190592 4.1192e-19
7617.722638 6.5811e-19
7619.254684 6.2283e-19
7620.78673 4.3601e-19
7622.318776 4.2135e-19
7623.850822 2.7605e-19
7625.382868 1.3366e-19
7626.914914 4.9752e-19
7628.44696 6.3602e-19
7629.979006 4.5471e-19
7631.511052 4.3552e-19
7633.043098 3.5802e-19
7634.575144 5.8308e-19
7636.10719 5.8295e-19
7637.639236 4.1341e-19
7639.171282 4.0826e-19
7640.703328 3.101e-19
7642.235374 3.8304e-19
7643.76742 5.5194e-19
7645.299466 4.8975e-19
7646.831512 4.2618e-19
7648.363558 4.0544e-19
7649.895604 4.1888e-19
7651.42765 6.8822e-19
7652.959696 7.1973e-19
7654.491742 4.3571e-19
7656.023788 3.1688e-19
7657.555834 3.4426e-19
7659.08788 3.6125e-19
7660.619926 6.4607e-19
7662.151972 7.4395e-19
7663.684018 3.4252e-19
7665.216064 2.5301e-19
7666.74811 4.413e-19
7668.280156 4.678e-19
7669.812202 2.7202e-19
7671.344248 2.8237e-19
7672.876294 4.861e-19
7674.40834 4.4925e-19
7675.940386 4.5283e-19
7677.472432 4.7272e-19
7679.004478 3.8261e-19
7680.536524 3.5259e-19
7682.06857 4.6009e-19
7683.600616 7.394e-19
7685.132662 6.6619e-19
7686.664708 4.1241e-19
7688.196754 5.3765e-19
7689.7288 5.1906e-19
7691.260846 3.2822e-19
7692.792892 3.9011e-19
7694.324938 4.5046e-19
7695.856984 3.0882e-19
7697.38903 2.6994e-19
7698.921076 3.561e-19
7700.453122 3.1693e-19
7701.985168 4.845e-19
7703.517214 6.0589e-19
7705.04926 4.7605e-19
7706.581306 6.3505e-19
7708.113352 5.6095e-19
7709.645398 3.2689e-19
7711.177444 3.1733e-19
7712.70949 1.6327e-19
7714.241536 6.4475e-20
7715.773582 4.8565e-19
7717.305628 7.9998e-19
7718.837674 5.5218e-19
7720.36972 4.8669e-19
7721.901766 4.3456e-19
7723.433812 3.4627e-19
7724.965858 4.2652e-19
7726.497904 5.315e-19
7728.02995 4.2748e-19
7729.561996 2.665e-19
7731.094042 1.2824e-19
7732.626088 1.5713e-19
7734.158134 3.7432e-19
7735.69018 6.0918e-19
7737.222226 6.344e-19
7738.754272 5.1611e-19
7740.286318 3.676e-19
7741.818364 3.9736e-19
7743.35041 4.0711e-19
7744.882456 5.8312e-19
7746.414502 7.5692e-19
7747.946548 4.029e-19
7749.478594 -1.7895e-19
7751.01064 -1.6231e-20
7752.542686 4.764e-19
7754.074732 3.4687e-19
7755.606778 5.3478e-19
7757.138824 6.0291e-19
7758.67087 2.7147e-19
7760.202916 1.8049e-19
7761.734962 1.672e-19
7763.267008 3.6134e-19
7764.799054 5.5247e-19
7766.3311 5.2855e-19
7767.863146 4.1601e-19
7769.395192 5.3284e-19
7770.927238 4.2199e-19
7772.459284 1.7218e-19
7773.99133 3.5803e-19
7775.523376 4.5108e-19
7777.055422 3.3361e-19
7778.587468 5.5915e-19
7780.119514 8.1535e-19
7781.65156 3.3365e-19
7783.183606 1.6213e-19
7784.715652 3.8932e-19
7786.247698 5.6037e-19
7787.779744 5.6798e-19
7789.31179 4.8136e-19
7790.843836 2.7132e-19
7792.375882 -1.1301e-19
7793.907928 -1.1731e-19
7795.439974 8.4174e-20
7796.97202 5.2995e-19
7798.504066 6.9752e-19
7800.036112 5.5833e-19
7801.568158 5.1616e-19
7803.100204 5.4977e-19
7804.63225 5.109e-19
7806.164296 1.0723e-19
7807.696342 1.9524e-19
7809.228388 5.4821e-19
7810.760434 4.1589e-19
7812.29248 5.615e-19
7813.824526 5.6422e-19
7815.356572 2.8171e-19
7816.888618 2.3859e-19
7818.420664 4.1388e-19
7819.95271 8.1495e-19
7821.484756 6.8532e-19
7823.016802 5.7179e-19
7824.548848 7.3612e-19
7826.080894 6.5328e-19
7827.61294 4.5058e-19
7829.144986 4.3847e-19
7830.677032 5.4984e-19
7832.209078 6.5583e-19
7833.741124 3.7545e-19
7835.27317 2.7883e-19
7836.805216 4.005e-19
7838.337262 3.685e-19
7839.869308 5.8964e-19
7841.401354 4.6766e-19
7842.9334 4.2982e-19
7844.465446 6.143e-19
7845.997492 3.3931e-19
7847.529538 5.8322e-20
7849.061584 2.3009e-19
7850.59363 3.7399e-19
7852.125676 5.4486e-19
7853.657722 5.0604e-19
7855.189768 5.6616e-19
7856.721814 5.0923e-19
7858.25386 4.9777e-19
7859.785906 7.4602e-19
7861.317952 8.0152e-19
7862.849998 6.7002e-19
7864.382044 6.8993e-19
7865.91409 6.9383e-19
7867.446136 5.0709e-19
7868.978182 3.4787e-19
7870.510228 2.7867e-19
7872.042274 1.91e-19
7873.57432 1.0269e-19
7875.106366 1.9105e-19
7876.638412 2.2296e-19
7878.170458 -3.8235e-20
7879.702504 -2.4979e-21
7881.23455 3.5182e-19
7882.766596 3.8144e-19
7884.298642 1.2666e-19
7885.830688 4.3528e-20
7887.362734 2.7672e-19
7888.89478 5.0963e-19
7890.426826 5.5206e-19
7891.958872 3.581e-19
7893.490918 2.1497e-19
7895.022964 2.339e-19
7896.55501 3.6934e-19
7898.087056 4.7194e-19
7899.619102 4.0788e-19
7901.151148 3.0363e-19
7902.683194 4.3622e-19
7904.21524 4.2712e-19
7905.747286 2.4538e-19
7907.279332 3.895e-19
7908.811378 3.4516e-19
7910.343424 7.1283e-20
7911.87547 3.8289e-19
7913.407516 6.3273e-19
7914.939562 4.4153e-19
7916.471608 4.2978e-19
7918.003654 3.409e-19
7919.5357 3.0374e-19
7921.067746 4.529e-19
7922.599792 4.5929e-19
7924.131838 3.1809e-19
7925.663884 1.846e-19
7927.19593 2.9686e-19
7928.727976 4.6856e-19
7930.260022 5.5889e-19
7931.792068 6.9048e-19
7933.324114 6.5533e-19
7934.85616 5.3286e-19
7936.388206 4.2209e-19
7937.920252 4.171e-19
7939.452298 3.7906e-19
7940.984344 2.8806e-19
7942.51639 5.307e-19
7944.048436 5.6173e-19
7945.580482 1.7567e-19
7947.112528 2.7394e-19
7948.644574 3.6825e-19
7950.17662 1.9753e-19
7951.708666 2.8683e-19
7953.240712 5.0702e-19
7954.772758 5.3273e-19
7956.304804 3.4582e-19
7957.83685 3.7423e-19
7959.368896 5.9246e-19
7960.900942 6.7181e-19
7962.432988 4.3089e-19
7963.965034 7.5718e-20
7965.49708 3.1162e-19
7967.029126 4.3864e-19
7968.561172 1.9421e-19
7970.093218 3.0406e-19
7971.625264 4.5402e-19
7973.15731 5.2217e-19
7974.689356 6.233e-19
7976.221402 5.2155e-19
7977.753448 3.6163e-19
7979.285494 4.9637e-19
7980.81754 4.5027e-19
7982.349586 4.3099e-19
7983.881632 4.7716e-19
7985.413678 3.5946e-19
7986.945724 4.5216e-19
7988.47777 7.1126e-19
7990.009816 7.5729e-19
7991.541862 6.6971e-19
7993.073908 3.1765e-19
7994.605954 -5.6381e-21
7996.138 4.5498e-19
7997.670046 6.3472e-19
7999.202092 5.6661e-19
8000.734138 4.8489e-19
8002.266184 4.2459e-19
8003.79823 3.7677e-19
8005.330276 3.651e-19
8006.862322 3.496e-19
8008.394368 2.6064e-19
8009.926414 3.4046e-19
8011.45846 3.3169e-19
8012.990506 3.4202e-19
8014.522552 3.061e-19
8016.054598 2.3042e-19
8017.586644 2.9762e-19
8019.11869 4.1753e-19
8020.650736 6.1144e-19
8022.182782 4.5957e-19
8023.714828 3.5916e-19
8025.246874 7.318e-19
8026.77892 5.8541e-19
8028.310966 4.1043e-19
8029.843012 5.2743e-19
8031.375058 3.3528e-19
8032.907104 3.4419e-19
8034.43915 3.8294e-19
8035.971196 2.1833e-19
8037.503242 1.1128e-19
8039.035288 1.7793e-19
8040.567334 1.9928e-19
8042.09938 2.463e-19
8043.631426 3.6524e-19
8045.163472 4.4005e-19
8046.695518 5.4564e-19
8048.227564 3.8499e-19
8049.75961 3.1079e-19
8051.291656 3.9497e-19
8052.823702 3.4665e-19
8054.355748 2.6269e-19
8055.887794 1.335e-19
8057.41984 1.8485e-19
8058.951886 5.4017e-19
8060.483932 3.5074e-19
8062.015978 7.3132e-20
8063.548024 3.5649e-19
8065.08007 4.8069e-19
8066.612116 2.8201e-19
8068.144162 3.4611e-19
8069.676208 5.3303e-19
8071.208254 4.7715e-19
8072.7403 4.3843e-19
8074.272346 4.8744e-19
8075.804392 5.1297e-19
8077.336438 3.9028e-19
8078.868484 3.0157e-19
8080.40053 2.6218e-19
8081.932576 2.5198e-19
8083.464622 3.3473e-19
8084.996668 3.2091e-19
8086.528714 2.8798e-19
8088.06076 4.4172e-19
8089.592806 5.101e-19
8091.124852 3.9955e-19
8092.656898 3.1251e-19
8094.188944 4.4875e-19
8095.72099 4.8653e-19
8097.253036 4.1592e-19
8098.785082 4.9988e-19
8100.317128 5.2821e-19
8101.849174 3.8263e-19
8103.38122 3.3266e-19
8104.913266 5.0326e-19
8106.445312 5.0671e-19
8107.977358 3.1778e-19
8109.509404 3.6321e-19
8111.04145 4.6746e-19
8112.573496 4.2752e-19
8114.105542 3.6947e-19
8115.637588 1.6204e-19
8117.169634 2.0185e-20
8118.70168 3.4443e-19
8120.233726 5.0855e-19
8121.765772 3.7313e-19
8123.297818 4.2525e-19
8124.829864 4.643e-19
8126.36191 5.2065e-19
8127.893956 5.3134e-19
8129.426002 3.136e-19
8130.958048 1.3506e-19
8132.490094 1.7974e-19
8134.02214 2.4835e-19
8135.554186 1.7647e-19
8137.086232 1.8239e-19
8138.618278 3.8705e-19
8140.150324 6.1879e-19
8141.68237 7.0665e-19
8143.214416 6.6856e-19
8144.746462 5.7237e-19
8146.278508 5.0174e-19
8147.810554 4.328e-19
8149.3426 3.9274e-19
8150.874646 3.837e-19
8152.406692 3.137e-19
8153.938738 4.282e-19
8155.470784 5.6228e-19
8157.00283 4.1994e-19
8158.534876 3.0021e-19
8160.066922 4.2864e-19
8161.598968 4.7292e-19
8163.131014 4.2958e-19
8164.66306 4.7014e-19
8166.195106 5.8493e-19
8167.727152 6.2665e-19
8169.259198 5.0822e-19
8170.791244 4.8471e-19
8172.32329 5.5373e-19
8173.855336 3.6722e-19
8175.387382 2.7839e-19
8176.919428 3.212e-19
8178.451474 1.6576e-19
8179.98352 9.0327e-20
8181.515566 1.8255e-19
8183.047612 2.2377e-19
8184.579658 4.0489e-19
8186.111704 5.9717e-19
8187.64375 2.4109e-19
8189.175796 1.9837e-19
8190.707842 3.1182e-19
8192.239888 7.9826e-20
8193.771934 1.9824e-19
8195.30398 5.3804e-19
8196.836026 3.0303e-19
8198.368072 1.9212e-20
8199.900118 6.3453e-20
8201.432164 2.359e-19
8202.96421 4.4955e-19
8204.496256 3.306e-19
8206.028302 2.6101e-19
8207.560348 2.3741e-19
8209.092394 3.6288e-19
8210.62444 4.5693e-19
8212.156486 5.4307e-19
8213.688532 4.736e-19
8215.220578 3.6027e-19
8216.752624 4.5463e-19
8218.28467 4.9002e-19
8219.816716 3.5178e-19
8221.348762 1.4003e-19
8222.880808 2.576e-19
8224.412854 4.8353e-19
8225.9449 4.9721e-19
8227.476946 4.3465e-19
8229.008992 3.5515e-19
8230.541038 3.1613e-19
8232.073084 1.4719e-19
8233.60513 3.4081e-19
8235.137176 4.1668e-19
8236.669222 3.3804e-19
8238.201268 3.0385e-19
8239.733314 3.3505e-19
8241.26536 3.8362e-19
8242.797406 4.2874e-19
8244.329452 4.4191e-19
8245.861498 3.0495e-19
8247.393544 1.4151e-19
8248.92559 1.192e-19
8250.457636 3.8064e-19
8251.989682 4.6134e-19
8253.521728 2.4468e-19
8255.053774 2.5085e-19
8256.58582 2.9844e-19
8258.117866 3.3538e-19
8259.649912 4.2894e-19
8261.181958 4.9545e-19
8262.714004 3.6713e-19
8264.24605 6.6428e-20
8265.778096 2.7893e-19
8267.310142 6.2689e-19
8268.842188 7.0131e-19
8270.374234 4.7007e-19
8271.90628 1.956e-19
8273.438326 3.8062e-19
8274.970372 6.3379e-19
8276.502418 4.2591e-19
8278.034464 4.9446e-19
8279.56651 7.8292e-19
8281.098556 7.0154e-19
8282.630602 4.2647e-19
8284.162648 4.8723e-19
8285.694694 5.9348e-19
8287.22674 4.2347e-19
8288.758786 6.3143e-20
8290.290832 -2.9909e-19
8291.822878 -2.1829e-19
8293.354924 1.6366e-19
8294.88697 3.0382e-19
8296.419016 1.4713e-20
8297.951062 -6.7936e-20
8299.483108 3.1704e-19
8301.015154 5.9497e-19
8302.5472 4.6311e-19
8304.079246 2.7354e-19
8305.611292 4.09e-19
8307.143338 6.4155e-19
8308.675384 4.6789e-19
8310.20743 4.3242e-19
8311.739476 5.6532e-19
8313.271522 5.339e-19
8314.803568 7.7249e-19
8316.335614 6.954e-19
8317.86766 3.6345e-19
8319.399706 4.1106e-19
8320.931752 4.396e-19
8322.463798 3.5213e-19
8323.995844 3.9178e-19
8325.52789 4.0948e-19
8327.059936 3.8986e-19
8328.591982 5.2822e-19
8330.124028 5.6035e-19
8331.656074 4.291e-19
8333.18812 3.8022e-19
8334.720166 3.5155e-19
8336.252212 4.392e-19
8337.784258 5.4463e-19
8339.316304 4.5989e-19
8340.84835 3.9505e-19
8342.380396 6.8084e-19
8343.912442 6.818e-19
8345.444488 2.4087e-19
8346.976534 -1.8973e-19
8348.50858 9.8121e-20
8350.040626 3.1386e-19
8351.572672 -1.2935e-19
8353.104718 -2.3376e-19
8354.636764 2.5848e-19
8356.16881 4.1051e-19
8357.700856 2.7876e-19
8359.232902 3.1168e-19
8360.764948 4.4683e-19
8362.296994 4.6501e-19
8363.82904 5.4744e-19
8365.361086 5.4302e-19
8366.893132 4.1223e-19
8368.425178 3.6287e-19
8369.957224 2.7479e-19
8371.48927 2.3337e-19
8373.021316 4.4212e-19
8374.553362 5.7281e-19
8376.085408 4.517e-19
8377.617454 5.5703e-19
8379.1495 8.3184e-19
8380.681546 6.1964e-19
8382.213592 5.5495e-19
8383.745638 5.8932e-19
8385.277684 1.8205e-19
8386.80973 1.9815e-19
8388.341776 2.6763e-19
8389.873822 3.5343e-19
8391.405868 4.4745e-19
8392.937914 4.5034e-19
8394.46996 7.4216e-19
8396.002006 7.6469e-19
8397.534052 5.1288e-19
8399.066098 4.2947e-19
8400.598144 4.9204e-19
8402.13019 6.5091e-19
8403.662236 5.4156e-19
8405.194282 5.1831e-19
8406.726328 3.3449e-19
8408.258374 2.588e-19
8409.79042 4.2425e-19
8411.322466 2.5103e-20
8412.854512 -1.4082e-19
8414.386558 2.3935e-19
8415.918604 3.0539e-19
8417.45065 3.1408e-19
8418.982696 5.3155e-19
8420.514742 6.1002e-19
8422.046788 4.5241e-19
8423.578834 2.7913e-19
8425.11088 2.2971e-19
8426.642926 6.4698e-19
8428.174972 1.0548e-18
8429.707018 5.1538e-19
8431.239064 1.8295e-19
8432.77111 3.9365e-19
8434.303156 4.7753e-19
8435.835202 4.3e-19
8437.367248 4.4812e-19
8438.899294 3.3068e-19
8440.43134 1.7226e-19
8441.963386 1.3896e-19
8443.495432 2.5929e-19
8445.027478 4.5337e-19
8446.559524 3.6321e-19
8448.09157 2.1412e-21
8449.623616 1.0596e-19
8451.155662 3.0057e-19
8452.687708 5.3394e-19
8454.219754 7.0122e-19
8455.7518 4.3017e-19
8457.283846 5.1896e-20
8458.815892 1.8955e-19
8460.347938 6.884e-19
8461.879984 9.1405e-19
8463.41203 9.1397e-19
8464.944076 6.703e-19
8466.476122 2.557e-19
8468.008168 1.4507e-19
8469.540214 3.0663e-19
8471.07226 2.1806e-19
8472.604306 2.3297e-19
8474.136352 3.4365e-19
8475.668398 4.2936e-19
8477.200444 6.9636e-19
8478.73249 6.1246e-19
8480.264536 3.7296e-19
8481.796582 2.8719e-19
8483.328628 2.466e-19
8484.860674 4.204e-19
8486.39272 5.4753e-19
8487.924766 2.3974e-19
8489.456812 2.7298e-21
8490.988858 3.426e-19
8492.520904 4.0382e-19
8494.05295 1.9305e-19
8495.584996 2.6204e-19
8497.117042 3.0327e-19
8498.649088 3.7346e-19
8500.181134 2.5382e-19
8501.71318 4.398e-20
8503.245226 -7.8577e-20
8504.777272 2.5708e-21
8506.309318 3.8351e-19
8507.841364 4.3258e-19
8509.37341 2.5816e-19
8510.905456 3.1109e-19
8512.437502 5.2694e-19
8513.969548 4.8045e-19
8515.501594 3.3429e-19
8517.03364 4.4092e-19
8518.565686 4.3006e-19
8520.097732 1.6506e-19
8521.629778 2.4153e-19
8523.161824 4.0177e-19
8524.69387 3.275e-19
8526.225916 3.623e-19
8527.757962 3.3229e-19
8529.290008 1.9581e-19
8530.822054 2.3129e-19
8532.3541 3.6818e-19
8533.886146 3.2107e-19
8535.418192 1.5958e-19
8536.950238 3.3317e-19
8538.482284 4.5663e-19
8540.01433 2.6583e-19
8541.546376 2.5266e-19
8543.078422 3.6859e-19
8544.610468 2.3458e-19
8546.142514 -4.985e-20
8547.67456 1.3723e-20
8549.206606 8.6032e-20
8550.738652 1.6815e-19
8552.270698 4.3186e-19
8553.802744 5.5986e-19
8555.33479 2.8095e-19
8556.866836 2.5199e-19
8558.398882 4.6006e-19
8559.930928 4.7879e-19
8561.462974 4.399e-19
8562.99502 4.2524e-19
8564.527066 4.1924e-19
8566.059112 3.8968e-19
8567.591158 4.5374e-19
8569.123204 5.1694e-19
8570.65525 4.4548e-19
8572.187296 5.5491e-19
8573.719342 5.0821e-19
8575.251388 3.8096e-19
8576.783434 3.1478e-19
8578.31548 9.8137e-20
8579.847526 1.5976e-19
8581.379572 2.9892e-19
8582.911618 2.6344e-19
8584.443664 2.7394e-19
8585.97571 1.8351e-19
8587.507756 1.5302e-19
8589.039802 1.5676e-19
8590.571848 2.073e-19
8592.103894 1.8644e-19
8593.63594 3.8984e-19
8595.167986 5.447e-19
8596.700032 5.5966e-19
8598.232078 4.0773e-19
8599.764124 3.9097e-19
8601.29617 4.0538e-19
8602.828216 3.3213e-19
8604.360262 2.5698e-19
8605.892308 3.2269e-19
8607.424354 4.1262e-19
8608.9564 2.5657e-19
8610.488446 3.057e-19
8612.020492 3.7994e-19
8613.552538 1.587e-19
8615.084584 1.5257e-19
8616.61663 3.3216e-19
8618.148676 4.442e-19
8619.680722 4.5319e-19
8621.212768 1.2109e-19
8622.744814 -4.6148e-20
8624.27686 1.5121e-19
8625.808906 -2.4543e-20
8627.340952 -4.7747e-20
8628.872998 3.0759e-19
8630.405044 4.1853e-19
8631.93709 2.7557e-19
8633.469136 3.6829e-19
8635.001182 3.5574e-19
8636.533228 1.6934e-19
8638.065274 3.6867e-19
8639.59732 2.3798e-19
8641.129366 8.4745e-20
8642.661412 3.2177e-19
8644.193458 5.1136e-19
8645.725504 5.3286e-19
8647.25755 3.422e-19
8648.789596 6.4482e-20
8650.321642 -1.3444e-20
8651.853688 2.7027e-19
8653.385734 4.4006e-19
8654.91778 2.31e-19
8656.449826 1.9701e-19
8657.981872 3.7132e-19
8659.513918 3.9992e-19
8661.045964 3.8734e-19
8662.57801 4.6877e-19
8664.110056 4.9065e-19
8665.642102 3.9568e-19
8667.174148 3.7664e-19
8668.706194 4.2281e-19
8670.23824 4.089e-19
8671.770286 5.1985e-19
8673.302332 4.769e-19
8674.834378 3.1302e-19
8676.366424 3.4812e-19
8677.89847 2.2032e-19
8679.430516 4.4961e-20
8680.962562 -2.8252e-22
8682.494608 8.6217e-20
8684.026654 3.0145e-19
8685.5587 3.0952e-19
8687.090746 1.9844e-19
8688.622792 2.6993e-19
8690.154838 3.6345e-19
8691.686884 4.5029e-19
8693.21893 4.6711e-19
8694.750976 3.7913e-19
8696.283022 2.7911e-19
8697.815068 7.4369e-20
8699.347114 1.3666e-19
8700.87916 3.617e-19
8702.411206 3.3098e-19
8703.943252 2.456e-19
8705.475298 4.5552e-19
8707.007344 5.5723e-19
8708.53939 3.1713e-19
8710.071436 2.7183e-19
8711.603482 2.3214e-19
8713.135528 1.8704e-19
8714.667574 3.2326e-19
8716.19962 3.8383e-19
8717.731666 3.4407e-19
8719.263712 4.514e-19
8720.795758 4.4312e-19
8722.327804 2.4614e-19
8723.85985 3.7293e-19
8725.391896 3.5305e-19
8726.923942 2.2583e-19
8728.455988 3.1349e-19
8729.988034 4.2002e-19
8731.52008 2.5475e-19
8733.052126 1.8555e-19
8734.584172 1.1693e-19
8736.116218 1.3196e-19
8737.648264 4.2624e-19
8739.18031 5.3537e-19
8740.712356 5.7276e-19
8742.244402 5.5337e-19
8743.776448 3.5071e-19
8745.308494 4.2548e-19
8746.84054 4.0119e-19
8748.372586 1.7185e-19
8749.904632 2.6487e-19
8751.436678 2.6204e-19
8752.968724 4.2981e-19
8754.50077 3.8465e-19
8756.032816 5.6806e-20
8757.564862 2.2439e-19
8759.096908 1.0641e-19
8760.628954 -3.2805e-19
8762.161 -4.4519e-20
8763.693046 3.9689e-19
8765.225092 3.552e-19
8766.757138 5.8285e-19
8768.289184 8.4704e-19
8769.82123 6.6123e-19
8771.353276 6.975e-19
8772.885322 5.576e-19
8774.417368 1.2527e-19
8775.949414 2.6144e-19
8777.48146 7.4432e-19
8779.013506 5.641e-19
8780.545552 1.469e-19
8782.077598 2.1963e-19
8783.609644 2.6036e-19
8785.14169 2.2989e-19
8786.673736 2.1625e-19
8788.205782 1.5271e-19
8789.737828 3.45e-19
8791.269874 2.965e-19
8792.80192 1.3025e-19
8794.333966 1.5042e-19
8795.866012 1.9553e-19
8797.398058 1.0622e-19
8798.930104 1.977e-19
8800.46215 3.4693e-19
8801.994196 2.0094e-19
8803.526242 1.8736e-19
8805.058288 2.98e-19
8806.590334 3.3555e-19
8808.12238 3.0214e-19
8809.654426 2.7248e-19
8811.186472 4.0526e-19
8812.718518 3.9815e-19
8814.250564 1.8758e-19
8815.78261 1.1097e-19
8817.314656 1.4332e-19
8818.846702 2.1026e-19
8820.378748 3.1363e-19
8821.910794 4.7235e-22
8823.44284 -5.1643e-19
8824.974886 -7.0238e-19
8826.506932 -2.398e-19
8828.038978 3.1364e-19
8829.571024 5.2457e-19
8831.10307 7.9271e-19
8832.635116 6.191e-19
8834.167162 4.2977e-19
8835.699208 1.023e-19
8837.231254 -6.3908e-19
8838.7633 -5.7826e-19
8840.295346 -1.7608e-20
8841.827392 1.433e-19
8843.359438 5.6554e-20
8844.891484 6.0539e-20
8846.42353 -7.3066e-20
8847.955576 1.8406e-20
8849.487622 2.6956e-19
8851.019668 2.4971e-19
8852.551714 3.57e-19
8854.08376 3.4989e-19
8855.615806 1.3769e-19
8857.147852 1.3577e-19
8858.679898 1.1182e-19
8860.211944 2.549e-19
8861.74399 6.423e-19
8863.276036 8.1005e-19
8864.808082 5.3383e-19
8866.340128 5.1269e-20
8867.872174 -2.7668e-19
8869.40422 -1.9093e-19
8870.936266 3.9054e-19
8872.468312 7.6284e-19
8874.000358 5.3571e-19
8875.532404 3.0806e-19
8877.06445 3.4525e-19
8878.596496 4.2146e-19
8880.128542 6.9293e-19
8881.660588 8.2742e-19
8883.192634 2.5889e-20
8884.72468 -3.412e-19
8886.256726 1.7418e-21
8887.788772 -1.6006e-19
8889.320818 2.2926e-19
8890.852864 4.3889e-19
8892.38491 1.7337e-19
8893.916956 3.5951e-19
8895.449002 2.2825e-19
8896.981048 -2.2376e-20
8898.513094 1.9319e-20
8900.04514 1.9182e-19
8901.577186 6.081e-19
8903.109232 9.245e-19
8904.641278 6.0984e-19
8906.173324 2.8403e-19
8907.70537 2.4286e-19
8909.237416 1.4548e-19
8910.769462 1.5513e-19
8912.301508 2.2893e-19
8913.833554 1.7923e-19
8915.3656 -2.3065e-19
8916.897646 -2.5147e-19
8918.429692 8.3619e-20
8919.961738 -3.1579e-19
8921.493784 -2.9207e-20
8923.02583 5.6359e-19
8924.557876 5.9347e-19
8926.089922 4.6926e-19
8927.621968 3.6693e-19
8929.154014 3.7113e-19
8930.68606 2.6353e-19
8932.218106 1.4334e-19
8933.750152 2.7774e-19
8935.282198 2.7439e-19
8936.814244 1.2614e-19
8938.34629 1.9706e-19
8939.878336 -6.8775e-20
8941.410382 -2.272e-19
8942.942428 6.2613e-20
8944.474474 2.8362e-19
8946.00652 4.2211e-19
8947.538566 5.1757e-19
8949.070612 3.8726e-19
8950.602658 4.7159e-19
8952.134704 6.5111e-19
8953.66675 3.892e-19
8955.198796 3.7364e-19
8956.730842 1.8644e-19
8958.262888 -3.6366e-19
8959.794934 -1.6178e-19
8961.32698 5.1843e-19
8962.859026 5.5908e-19
8964.391072 3.3946e-19
8965.923118 4.6113e-19
8967.455164 5.4766e-19
8968.98721 2.7734e-19
8970.519256 1.8006e-19
8972.051302 3.0672e-19
8973.583348 2.9691e-19
8975.115394 2.8671e-19
8976.64744 2.1789e-19
8978.179486 2.0419e-19
8979.711532 3.2063e-19
8981.243578 1.3703e-19
8982.775624 5.3092e-20
8984.30767 1.8613e-19
8985.839716 2.4222e-19
8987.371762 5.9155e-19
8988.903808 7.7852e-19
8990.435854 3.6509e-19
8991.9679 4.0029e-19
8993.499946 3.6037e-19
8995.031992 8.3353e-20
8996.564038 4.3059e-19
8998.096084 4.8748e-19
8999.62813 -7.0185e-20
9001.160176 1.729e-20
9002.692222 5.0938e-19
9004.224268 5.6899e-19
9005.756314 5.4541e-19
9007.28836 5.5395e-19
9008.820406 5.3637e-19
9010.352452 5.5861e-19
9011.884498 4.2149e-19
9013.416544 2.8466e-19
9014.94859 3.8142e-19
9016.480636 3.2827e-19
9018.012682 2.8039e-19
9019.544728 4.9451e-19
9021.076774 5.16e-19
9022.60882 3.4503e-19
9024.140866 3.272e-19
9025.672912 5.5086e-19
9027.204958 5.5437e-19
9028.737004 3.9666e-19
9030.26905 3.4726e-19
9031.801096 3.3731e-19
9033.333142 5.6276e-19
9034.865188 5.706e-19
9036.397234 3.4907e-19
9037.92928 1.645e-19
9039.461326 1.6654e-19
9040.993372 2.8e-19
9042.525418 1.5468e-19
9044.057464 9.3488e-20
9045.58951 4.8389e-19
9047.121556 5.5322e-19
9048.653602 4.098e-19
9050.185648 4.3727e-19
9051.717694 3.6061e-19
9053.24974 4.5047e-19
9054.781786 6.4331e-19
9056.313832 4.7251e-19
9057.845878 3.0203e-19
9059.377924 3.1293e-19
9060.90997 2.9443e-19
9062.442016 3.0512e-19
9063.974062 2.9068e-19
9065.506108 2.9523e-19
9067.038154 2.777e-19
9068.5702 3.5609e-19
9070.102246 1.5472e-19
9071.634292 9.0665e-20
9073.166338 3.7714e-19
9074.698384 5.9851e-19
9076.23043 5.4366e-19
9077.762476 3.9692e-19
9079.294522 1.9113e-19
9080.826568 3.2571e-19
9082.358614 6.4223e-19
9083.89066 4.7261e-19
9085.422706 3.1877e-19
9086.954752 5.414e-19
9088.486798 4.4565e-19
9090.018844 4.7139e-19
9091.55089 5.846e-19
9093.082936 4.2643e-19
9094.614982 4.4452e-19
9096.147028 5.9875e-19
9097.679074 6.4296e-19
9099.21112 7.3726e-19
9100.743166 3.5914e-19
9102.275212 7.8637e-20
9103.807258 2.6677e-19
9105.339304 2.8484e-19
9106.87135 2.5272e-19
9108.403396 3.8141e-19
9109.935442 3.7329e-19
9111.467488 2.6478e-19
9112.999534 4.8814e-19
9114.53158 4.6891e-19
9116.063626 1.4176e-19
9117.595672 2.7187e-20
9119.127718 9.6359e-20
9120.659764 1.3422e-19
9122.19181 2.3002e-19
9123.723856 3.2853e-19
9125.255902 4.1982e-19
9126.787948 5.0136e-19
9128.319994 3.3069e-19
9129.85204 2.5988e-19
9131.384086 3.512e-19
9132.916132 3.0784e-19
9134.448178 1.8541e-19
9135.980224 1.1419e-19
9137.51227 1.9993e-19
9139.044316 3.6381e-19
9140.576362 4.9914e-19
9142.108408 3.601e-19
9143.640454 3.0006e-19
9145.1725 3.3508e-19
9146.704546 2.1031e-19
9148.236592 1.646e-19
9149.768638 1.1385e-19
9151.300684 1.3759e-19
9152.83273 3.5816e-19
9154.364776 4.9735e-19
9155.896822 4.8151e-19
9157.428868 6.0447e-19
9158.960914 5.1016e-19
9160.49296 3.51e-19
9162.025006 3.7561e-19
9163.557052 2.8292e-19
9165.089098 2.5275e-19
9166.621144 3.4509e-19
9168.15319 3.4965e-19
9169.685236 3.7401e-19
9171.217282 4.065e-19
9172.749328 2.7551e-19
9174.281374 1.8326e-19
9175.81342 2.9112e-19
9177.345466 3.2151e-19
9178.877512 3.9023e-19
9180.409558 5.4686e-19
9181.941604 5.4373e-19
9183.47365 4.0946e-19
9185.005696 3.4616e-19
9186.537742 3.0569e-19
9188.069788 2.8129e-19
9189.601834 4.4756e-19
9191.13388 4.4119e-19
9192.665926 3.2087e-19
9194.197972 3.6989e-19
9195.730018 3.5656e-19
9197.262064 3.0212e-19
9198.79411 2.2925e-19
9200.326156 2.6309e-19
9201.858202 3.3278e-19
9203.390248 2.7469e-19
9204.922294 2.099e-19
9206.45434 2.521e-19
9207.986386 3.8937e-19
9209.518432 3.0849e-19
9211.050478 2.3364e-19
9212.582524 3.4394e-19
9214.11457 3.3542e-19
9215.646616 3.9777e-19
9217.178662 6.2346e-19
9218.710708 4.8711e-19
9220.242754 2.671e-19
9221.7748 2.9951e-19
9223.306846 2.6432e-19
9224.838892 1.8028e-19
9226.370938 2.4729e-19
9227.902984 4.3426e-19
9229.43503 5.3687e-19
9230.967076 2.9745e-19
9232.499122 2.9743e-19
9234.031168 4.0611e-19
9235.563214 2.775e-19
9237.09526 2.2174e-19
9238.627306 2.1847e-19
9240.159352 2.0778e-19
9241.691398 2.8143e-19
9243.223444 4.2342e-19
9244.75549 4.6483e-19
9246.287536 4.6435e-19
9247.819582 5.3247e-19
9249.351628 2.7528e-19
9250.883674 1.0698e-19
9252.41572 2.2796e-19
9253.947766 3.3467e-19
9255.479812 2.4459e-19
9257.011858 2.4505e-19
9258.543904 2.564e-19
9260.07595 3.8404e-19
9261.607996 3.9454e-19
9263.140042 2.4469e-19
9264.672088 3.3709e-19
9266.204134 3.5511e-19
9267.73618 3.8434e-19
9269.268226 5.2096e-19
9270.800272 4.628e-19
9272.332318 2.1875e-19
9273.864364 1.7193e-19
9275.39641 1.5394e-19
9276.928456 1.4523e-19
9278.460502 2.1248e-19
9279.992548 1.3284e-19
9281.524594 1.1546e-19
9283.05664 2.6263e-19
9284.588686 1.8148e-19
9286.120732 1.1497e-19
9287.652778 3.0771e-19
9289.184824 3.0831e-19
9290.71687 1.5016e-19
9292.248916 1.5557e-19
9293.780962 1.3052e-19
9295.313008 8.3426e-20
9296.845054 3.1565e-19
9298.3771 6.2259e-19
9299.909146 4.5202e-19
9301.441192 -4.3581e-20
9302.973238 -3.8985e-19
9304.505284 -2.5908e-19
9306.03733 1.1414e-19
9307.569376 -2.5709e-20
9309.101422 -3.6048e-19
9310.633468 -6.3403e-19
9312.165514 3.0553e-19
9313.69756 1.2935e-18
9315.229606 9.3906e-19
9316.761652 6.3892e-19
9318.293698 8.7069e-19
9319.825744 7.3903e-19
9321.35779 3.6656e-19
9322.889836 -5.3501e-19
9324.421882 -6.875e-19
9325.953928 -3.1956e-19
9327.485974 6.2584e-21
9329.01802 3.6325e-19
9330.550066 5.1255e-19
9332.082112 7.9656e-19
9333.614158 9.9392e-19
9335.146204 4.9445e-19
9336.67825 -5.4217e-20
9338.210296 -2.8102e-20
9339.742342 -1.2427e-19
9341.274388 4.1344e-20
9342.806434 1.4213e-19
9344.33848 -7.5849e-20
9345.870526 2.9515e-19
9347.402572 5.6541e-19
9348.934618 4.5198e-19
9350.466664 5.6924e-19
9351.99871 4.4057e-19
9353.530756 -1.5548e-19
9355.062802 -8.2565e-20
9356.594848 3.2689e-19
9358.126894 2.6228e-19
9359.65894 2.5353e-19
9361.190986 2.6051e-19
9362.723032 9.3198e-20
9364.255078 -1.7052e-19
9365.787124 -1.9653e-19
9367.31917 1.0879e-19
9368.851216 9.5651e-19
9370.383262 7.7769e-19
9371.915308 -2.9293e-19
9373.447354 1.5048e-19
9374.9794 -2.1083e-19
9376.511446 -2.1119e-19
9378.043492 1.7399e-18
9379.575538 1.1635e-18
9381.107584 1.3487e-19
9382.63963 3.8386e-19
9384.171676 5.0231e-19
9385.703722 4.282e-19
9387.235768 5.2169e-19
9388.767814 4.3251e-19
9390.29986 1.6543e-19
9391.831906 -5.7733e-20
9393.363952 3.9656e-20
9394.895998 3.5644e-19
9396.428044 2.9855e-19
9397.96009 -1.3724e-20
9399.492136 -2.9024e-20
9401.024182 9.6174e-20
9402.556228 4.6799e-19
9404.088274 5.8149e-19
9405.62032 3.8203e-19
9407.152366 2.0344e-19
9408.684412 3.7274e-19
9410.216458 3.814e-19
9411.748504 2.9567e-19
9413.28055 5.1183e-19
9414.812596 5.109e-19
9416.344642 2.1344e-19
9417.876688 1.9369e-19
9419.408734 -5.6541e-20
9420.94078 -4.3553e-19
9422.472826 -4.7684e-20
9424.004872 2.5269e-19
9425.536918 2.0716e-19
9427.068964 1.9186e-19
9428.60101 -4.9736e-20
9430.133056 -1.9798e-19
9431.665102 2.6712e-19
9433.197148 5.1375e-19
9434.729194 3.0519e-19
9436.26124 3.5511e-19
9437.793286 4.083e-19
9439.325332 4.4711e-19
9440.857378 2.9383e-19
9442.389424 -1.3593e-19
9443.92147 -2.5324e-19
9445.453516 -2.1872e-19
9446.985562 -2.218e-20
9448.517608 2.0119e-19
9450.049654 2.2186e-19
9451.5817 -1.5929e-19
9453.113746 -1.869e-19
9454.645792 2.604e-19
9456.177838 5.3043e-19
9457.709884 -5.5401e-20
9459.24193 -6.2761e-19
9460.773976 -3.4084e-19
9462.306022 2.8965e-19
9463.838068 4.6943e-19
9465.370114 2.3429e-19
9466.90216 4.77e-20
9468.434206 1.5361e-19
9469.966252 5.3923e-19
9471.498298 6.218e-19
9473.030344 2.2599e-19
9474.56239 -3.2373e-19
9476.094436 -2.0241e-19
9477.626482 2.1653e-19
9479.158528 3.6026e-19
9480.690574 -5.1692e-20
9482.22262 -2.325e-19
9483.754666 5.2189e-20
9485.286712 2.191e-19
9486.818758 1.8106e-19
9488.350804 1.5089e-19
9489.88285 2.0571e-19
9491.414896 1.8975e-19
9492.946942 2.0302e-19
9494.478988 1.1172e-19
9496.011034 -3.6374e-19
9497.54308 -4.8359e-19
9499.075126 1.2277e-19
9500.607172 8.1222e-20
9502.139218 -2.2039e-19
9503.671264 6.9532e-20
9505.20331 3.8906e-19
9506.735356 3.9708e-19
9508.267402 2.8718e-19
9509.799448 1.3166e-19
9511.331494 4.9956e-20
9512.86354 4.6346e-20
9514.395586 1.6071e-19
9515.927632 3.5145e-19
9517.459678 5.401e-19
9518.991724 4.7473e-19
9520.52377 2.5004e-19
9522.055816 1.983e-19
9523.587862 1.9841e-19
9525.119908 2.7984e-19
9526.651954 1.6995e-19
9528.184 2.9665e-20
9529.716046 3.071e-20
9531.248092 5.3126e-21
9532.780138 1.2699e-19
9534.312184 1.8699e-19
9535.84423 5.2164e-20
9537.376276 7.2191e-21
9538.908322 3.3815e-19
9540.440368 3.8166e-19
9541.972414 -1.1137e-20
9543.50446 1.6231e-19
9545.036506 5.7365e-19
9546.568552 4.6015e-19
9548.100598 9.4453e-20
9549.632644 -1.2157e-19
9551.16469 -1.3707e-19
9552.696736 2.5373e-19
9554.228782 4.5193e-19
9555.760828 2.2224e-19
9557.292874 6.1498e-20
9558.82492 1.5888e-19
9560.356966 4.3724e-20
9561.889012 -7.5301e-20
9563.421058 1.3985e-19
9564.953104 -2.2151e-19
9566.48515 -7.1821e-19
9568.017196 -3.0194e-19
9569.549242 -9.1694e-20
9571.081288 1.6668e-19
9572.613334 5.0158e-19
9574.14538 2.5221e-19
9575.677426 5.3232e-20
9577.209472 -4.8114e-21
9578.741518 1.1742e-19
9580.273564 3.598e-19
9581.80561 3.6266e-19
9583.337656 2.7484e-19
9584.869702 1.938e-19
9586.401748 5.2251e-20
9587.933794 1.0651e-19
9589.46584 2.7498e-19
9590.997886 5.3595e-19
9592.529932 6.2745e-19
9594.061978 1.7147e-19
9595.594024 1.0791e-19
9597.12607 2.4765e-19
9598.658116 2.1387e-19
9600.190162 1.839e-19
9601.722208 2.8675e-19
9603.254254 1.3987e-19
9604.7863 2.7346e-19
9606.318346 7.1962e-19
9607.850392 5.3738e-19
9609.382438 -8.6707e-21
9610.914484 2.9706e-19
9612.44653 5.0266e-19
9613.978576 4.3383e-19
9615.510622 1.5175e-19
9617.042668 -1.2505e-20
9618.574714 1.6478e-19
9620.10676 2.2558e-19
9621.638806 5.9514e-20
9623.170852 1.6749e-19
9624.702898 7.4086e-20
9626.234944 8.2525e-20
9627.76699 3.3859e-19
9629.299036 2.6796e-19
9630.831082 3.3948e-19
9632.363128 2.2798e-19
9633.895174 -1.3554e-19
9635.42722 9.5121e-20
9636.959266 4.7648e-19
9638.491312 4.2459e-19
9640.023358 2.6448e-19
9641.555404 4.5709e-19
9643.08745 6.5241e-19
9644.619496 4.1579e-19
9646.151542 3.3003e-19
9647.683588 2.4878e-19
9649.215634 2.6608e-19
9650.74768 3.3856e-19
9652.279726 3.3613e-19
9653.811772 2.9356e-19
9655.343818 5.716e-19
9656.875864 8.4085e-19
9658.40791 6.3257e-19
9659.939956 4.7676e-19
9661.472002 2.4847e-19
9663.004048 3.3243e-19
9664.536094 6.742e-19
9666.06814 1.0512e-18
9667.600186 5.106e-19
9669.132232 1.3629e-19
9670.664278 5.1297e-19
9672.196324 6.125e-19
9673.72837 7.2886e-19
9675.260416 4.93e-19
9676.792462 6.3586e-19
9678.324508 3.7804e-19
9679.856554 -1.8521e-19
9681.3886 3.4491e-19
9682.920646 1.0398e-18
9684.452692 6.752e-19
9685.984738 3.2128e-19
9687.516784 4.7741e-19
9689.04883 6.8254e-19
9690.580876 1.5543e-19
9692.112922 -8.916e-20
9693.644968 1.1719e-19
9695.177014 5.2426e-19
9696.70906 5.1281e-19
9698.241106 -2.9985e-19
9699.773152 -5.209e-19
9701.305198 -1.4538e-19
9702.837244 2.6351e-19
9704.36929 5.1778e-19
9705.901336 5.57e-19
9707.433382 3.7621e-19
9708.965428 2.3314e-19
9710.497474 3.7969e-19
9712.02952 1.1027e-19
9713.561566 4.526e-19
9715.093612 9.9456e-19
9716.625658 5.1474e-19
9718.157704 3.1071e-19
9719.68975 3.2451e-19
9721.221796 3.4551e-19
9722.753842 4.931e-19
9724.285888 5.6459e-19
9725.817934 5.9012e-19
9727.34998 6.0656e-19
9728.882026 5.0038e-19
9730.414072 5.2346e-19
9731.946118 7.6716e-19
9733.478164 9.4075e-19
9735.01021 1.0618e-18
9736.542256 9.0681e-19
9738.074302 5.2044e-19
9739.606348 1.3367e-19
9741.138394 3.7689e-19
9742.67044 4.8582e-19
9744.202486 3.725e-19
9745.734532 5.3576e-19
9747.266578 7.6885e-19
9748.798624 4.1326e-19
9750.33067 1.37e-19
9751.862716 2.8621e-20
9753.394762 1.506e-20
9754.926808 1.1668e-19
9756.458854 3.3021e-19
9757.9909 5.3749e-19
9759.522946 3.5474e-19
9761.054992 7.4155e-20
9762.587038 3.0139e-19
9764.119084 5.3236e-19
9765.65113 4.9524e-19
9767.183176 6.666e-19
9768.715222 2.7663e-19
9770.247268 -7.0542e-20
9771.779314 1.3427e-19
9773.31136 2.1754e-19
9774.843406 -5.9262e-20
9776.375452 1.5927e-19
9777.907498 1.4106e-19
9779.439544 7.2487e-20
9780.97159 4.5905e-19
9782.503636 8.4045e-19
9784.035682 3.2879e-19
9785.567728 -4.5354e-19
9787.099774 -1.1623e-19
9788.63182 5.2817e-19
9790.163866 6.968e-19
9791.695912 3.4302e-19
9793.227958 -1.2922e-19
9794.760004 1.8013e-19
9796.29205 4.527e-19
9797.824096 3.7285e-19
9799.356142 6.677e-19
9800.888188 1.075e-18
9802.420234 1.1717e-18
9803.95228 8.9442e-19
9805.484326 5.4858e-20
9807.016372 -3.2465e-19
9808.548418 3.1988e-19
9810.080464 7.1359e-19
9811.61251 2.5389e-19
9813.144556 2.597e-19
9814.676602 3.3375e-19
9816.208648 3.4064e-19
9817.740694 1.7777e-19
9819.27274 -9.9022e-20
9820.804786 -2.3498e-20
9822.336832 1.8694e-19
9823.868878 3.9556e-19
9825.400924 4.7433e-19
9826.93297 2.9109e-19
9828.465016 1.3357e-19
9829.997062 3.14e-20
9831.529108 2.1398e-19
9833.061154 5.8252e-19
9834.5932 8.7898e-19
9836.125246 5.4243e-19
9837.657292 6.1728e-19
9839.189338 7.3978e-19
9840.721384 2.6911e-19
9842.25343 1.2695e-19
9843.785476 5.7743e-19
9845.317522 5.0623e-19
9846.849568 2.9665e-19
9848.381614 1.0552e-19
9849.91366 3.1956e-20
9851.445706 3.9924e-19
9852.977752 3.9428e-19
9854.509798 -1.411e-20
9856.041844 -5.6687e-20
9857.57389 2.9281e-19
9859.105936 3.9596e-19
9860.637982 3.6651e-19
9862.170028 3.7031e-19
9863.702074 5.0307e-19
9865.23412 9.7678e-19
9866.766166 4.7835e-19
9868.298212 -9.0367e-19
9869.830258 -8.4761e-19
9871.362304 -1.5397e-19
9872.89435 1.7079e-19
9874.426396 1.5894e-19
9875.958442 3.1187e-19
9877.490488 4.7744e-19
9879.022534 3.2798e-19
9880.55458 2.3432e-20
9882.086626 2.3792e-19
9883.618672 5.5431e-19
9885.150718 3.5683e-19
9886.682764 3.5108e-19
9888.21481 4.479e-19
9889.746856 2.7709e-19
9891.278902 5.1867e-20
9892.810948 -1.7022e-19
9894.342994 5.4285e-20
9895.87504 3.9034e-19
9897.407086 5.6679e-19
9898.939132 7.3062e-19
9900.471178 7.0368e-19
9902.003224 5.7803e-19
9903.53527 3.1515e-19
9905.067316 2.1282e-19
9906.599362 6.1783e-19
9908.131408 4.0635e-19
9909.663454 -8.1149e-20
9911.1955 -1.1958e-19
9912.727546 -2.2359e-19
9914.259592 -3.0367e-19
9915.791638 5.1407e-19
9917.323684 9.3343e-19
9918.85573 5.2121e-19
9920.387776 2.919e-19
9921.919822 3.0307e-19
9923.451868 3.3196e-19
9924.983914 1.5434e-19
9926.51596 7.782e-20
9928.048006 2.99e-19
9929.580052 5.8728e-19
9931.112098 5.9061e-19
9932.644144 5.8686e-19
9934.17619 6.8553e-19
9935.708236 6.1804e-19
9937.240282 8.5855e-19
9938.772328 8.7126e-19
9940.304374 5.0734e-19
9941.83642 1.1548e-18
9943.368466 7.9784e-19
9944.900512 -5.9859e-19
9946.432558 -4.9745e-20
9947.964604 1.8757e-19
9949.49665 -8.1141e-20
9951.028696 3.8644e-19
9952.560742 7.2496e-19
9954.092788 3.9437e-19
9955.624834 -5.902e-19
9957.15688 -7.9788e-19
9958.688926 -4.5422e-19
9960.220972 1.0826e-18
9961.753018 2.4083e-18
9963.285064 1.293e-18
9964.81711 7.3852e-19
9966.349156 4.654e-19
9967.881202 1.397e-19
9969.413248 4.0559e-19
9970.945294 3.3311e-19
9972.47734 -1.0251e-19
9974.009386 3.9315e-19
9975.541432 5.9479e-19
9977.073478 2.0186e-19
9978.605524 1.3235e-19
9980.13757 2.5382e-19
9981.669616 3.4849e-19
9983.201662 4.1998e-19
9984.733708 2.4326e-19
9986.265754 1.2097e-19
9987.7978 -2.8934e-20
9989.329846 6.4653e-20
9990.861892 4.1145e-19
9992.393938 6.8151e-19
9993.925984 2.8633e-19
9995.45803 7.4881e-20
9996.990076 2.9071e-19
9998.522122 -2.4572e-20
10000.054168 -2.4328e-19
