# DICHROIC = D55
# HA = -00:39:21.5
# ANGLE = 27 deg 17 min
# OBSERVER = Lin Yan
# OBSLST = 09:09:38.1
# OBJECT = ZTF19acgjpgh
# CASSPA = -15.00
# PARALLAC = 345.23
# HOURANG = E00:39:21.5
# CCDTEMP = 161.71
# LAMPS = 0000000
# RA = 09:47:57.21
# GRATING = 600/4000
# APERTURE = 1.5
# TELFOCUS = 43.87 mm
# AIRMASS = 1.204
# DEC = +00:49:45.9
# UTSHUT = 2020-02-25T06:38:41.161
# EXPTIME = 1800
3300.000 3.6113e-17
3301.535 4.084e-18
3303.071 5.5574e-17
3304.606 6.1356e-19
3306.141 -2.4222e-17
3307.677 1.4572e-17
3309.212 5.5877e-17
3310.747 -1.6216e-17
3312.282 2.3223e-17
3313.818 3.3835e-17
3315.353 -3.7085e-17
3316.888 -4.0086e-17
3318.424 -7.4617e-18
3319.959 -2.9131e-18
3321.494 1.1515e-17
3323.030 -1.7001e-17
3324.565 6.7933e-18
3326.100 1.6786e-17
3327.636 4.698e-17
3329.171 4.8485e-17
3330.706 1.0576e-17
3332.242 5.2937e-18
3333.777 4.0424e-17
3335.312 4.6379e-17
3336.848 -1.7597e-17
3338.383 -2.0539e-17
3339.918 1.8996e-17
3341.454 3.637e-17
3342.989 2.4129e-17
3344.524 3.3089e-17
3346.060 -7.5636e-18
3347.595 2.2996e-18
3349.130 2.0859e-17
3350.666 2.1478e-17
3352.201 -9.5778e-18
3353.736 1.4407e-17
3355.271 -1.1377e-17
3356.807 -7.0362e-18
3358.342 2.4458e-17
3359.877 2.9565e-17
3361.413 2.308e-17
3362.948 3.8607e-17
3364.483 5.4484e-17
3366.019 4.397e-17
3367.554 4.6876e-17
3369.089 4.1383e-17
3370.625 5.4457e-17
3372.160 6.5017e-17
3373.695 2.9062e-17
3375.230 1.7047e-18
3376.766 3.3613e-17
3378.301 4.6124e-17
3379.836 5.2237e-18
3381.372 5.6543e-17
3382.907 4.2578e-17
3384.442 1.3954e-17
3385.978 3.1663e-17
3387.513 6.5633e-17
3389.048 9.9346e-18
3390.584 -1.6716e-17
3392.119 2.1291e-17
3393.654 7.3449e-18
3395.190 -1.386e-17
3396.725 4.0601e-18
3398.260 4.4004e-18
3399.796 2.3231e-17
3401.331 1.7244e-17
3402.866 1.4965e-17
3404.402 7.631e-18
3405.937 3.3039e-17
3407.472 2.9137e-17
3409.008 2.2315e-17
3410.543 -1.2915e-17
3412.078 1.8157e-17
3413.614 1.6147e-17
3415.149 3.2607e-17
3416.684 3.3229e-18
3418.219 6.7878e-18
3419.755 4.8158e-18
3421.290 4.5485e-17
3422.825 3.8666e-17
3424.361 5.7595e-17
3425.896 4.6273e-17
3427.431 4.6367e-17
3428.967 4.3048e-17
3430.502 1.4339e-17
3432.037 1.4728e-17
3433.573 2.4347e-17
3435.108 3.0019e-17
3436.643 1.4766e-17
3438.178 3.1936e-17
3439.714 4.4688e-17
3441.249 1.7956e-17
3442.784 2.7833e-17
3444.320 1.0681e-17
3445.855 1.2441e-17
3447.390 8.7723e-18
3448.926 3.6781e-17
3450.461 2.9063e-17
3451.996 4.3204e-19
3453.532 -2.4902e-18
3455.067 1.2773e-17
3456.602 1.501e-17
3458.138 2.5392e-17
3459.673 2.0061e-17
3461.208 3.8117e-17
3462.744 2.7669e-17
3464.279 1.7157e-17
3465.814 3.335e-18
3467.350 1.0529e-17
3468.885 3.1659e-17
3470.420 2.9091e-17
3471.956 2.0226e-17
3473.491 1.1938e-17
3475.026 2.4315e-17
3476.562 2.939e-17
3478.097 3.6076e-17
3479.632 1.5209e-17
3481.167 2.5633e-17
3482.703 1.9427e-17
3484.238 -8.1377e-18
3485.773 1.1049e-17
3487.309 9.1499e-18
3488.844 3.1299e-18
3490.379 3.3876e-17
3491.915 6.2774e-18
3493.450 1.1619e-17
3494.985 3.0903e-17
3496.521 2.4171e-17
3498.056 1.1724e-17
3499.591 1.5387e-17
3501.126 3.4463e-17
3502.662 3.0406e-17
3504.197 1.127e-17
3505.732 -7.4999e-19
3507.268 1.6226e-17
3508.803 -3.5185e-18
3510.338 -3.3374e-19
3511.874 -7.1819e-18
3513.409 4.8928e-18
3514.944 2.149e-17
3516.480 2.2889e-17
3518.015 6.4273e-18
3519.550 2.1793e-17
3521.086 1.5086e-17
3522.621 4.3558e-18
3524.156 2.6357e-17
3525.692 1.9456e-17
3527.227 2.9484e-17
3528.762 1.8071e-17
3530.298 2.2333e-17
3531.833 3.4176e-17
3533.368 3.2877e-17
3534.904 1.2483e-17
3536.439 1.1318e-17
3537.974 2.7006e-17
3539.510 4.0411e-17
3541.045 3.7093e-17
3542.580 2.2142e-17
3544.115 2.3292e-17
3545.651 5.7341e-17
3547.186 4.7829e-17
3548.721 2.9069e-17
3550.257 2.6497e-17
3551.792 1.8512e-17
3553.327 2.8612e-17
3554.863 2.5794e-17
3556.398 2.5805e-17
3557.933 1.9311e-17
3559.469 1.8891e-17
3561.004 1.4453e-17
3562.539 1.2349e-17
3564.074 2.1876e-17
3565.610 1.6989e-17
3567.145 2.9043e-17
3568.680 1.2177e-17
3570.216 1.1956e-17
3571.751 1.662e-17
3573.286 1.7416e-17
3574.822 3.2543e-17
3576.357 1.1992e-17
3577.892 3.4014e-17
3579.428 2.7256e-17
3580.963 2.1144e-17
3582.498 2.6737e-17
3584.034 1.346e-17
3585.569 1.9149e-17
3587.104 2.0556e-17
3588.640 2.6552e-17
3590.175 3.951e-17
3591.710 2.6174e-17
3593.246 1.8895e-17
3594.781 2.2542e-17
3596.316 2.4848e-17
3597.852 1.395e-17
3599.387 1.161e-17
3600.922 2.1889e-17
3602.458 2.3706e-17
3603.993 2.186e-17
3605.528 2.0679e-17
3607.063 2.5553e-17
3608.599 2.9228e-17
3610.134 3.2694e-17
3611.669 3.1681e-17
3613.205 8.2938e-18
3614.740 1.5205e-17
3616.275 1.6021e-17
3617.811 1.5371e-17
3619.346 3.1503e-17
3620.881 2.5267e-17
3622.417 1.8307e-17
3623.952 3.0609e-17
3625.487 1.4691e-17
3627.022 2.8578e-17
3628.558 2.1212e-17
3630.093 3.0064e-17
3631.628 3.4114e-17
3633.164 9.3571e-18
3634.699 2.5752e-17
3636.234 2.4843e-17
3637.770 3.5088e-17
3639.305 2.3009e-17
3640.840 1.0344e-17
3642.376 2.8279e-17
3643.911 3.2039e-17
3645.446 2.572e-17
3646.982 4.3556e-17
3648.517 2.2363e-17
3650.052 1.627e-17
3651.588 2.6677e-17
3653.123 1.909e-17
3654.658 2.8207e-17
3656.194 8.6217e-18
3657.729 -1.0699e-17
3659.264 4.5466e-19
3660.800 -1.306e-18
3662.335 2.3879e-17
3663.870 1.4185e-17
3665.406 2.9164e-17
3666.941 2.5446e-17
3668.476 3.4202e-17
3670.011 2.4879e-17
3671.547 2.3469e-17
3673.082 1.7639e-17
3674.617 2.556e-17
3676.153 2.3227e-17
3677.688 3.0831e-17
3679.223 3.1847e-17
3680.759 2.5839e-17
3682.294 2.039e-17
3683.829 2.9164e-17
3685.365 2.1884e-17
3686.900 2.9613e-17
3688.435 3.157e-17
3689.970 3.2652e-17
3691.506 2.7559e-17
3693.041 1.9505e-17
3694.576 2.9082e-17
3696.112 2.4757e-17
3697.647 1.6576e-17
3699.182 3.5571e-17
3700.718 2.0381e-17
3702.253 1.882e-17
3703.788 1.7212e-17
3705.324 2.4303e-17
3706.859 2.794e-17
3708.394 2.4864e-17
3709.930 2.8328e-17
3711.465 3.3595e-17
3713.000 2.5311e-17
3714.536 2.8157e-17
3716.071 3.0046e-17
3717.606 4.2208e-17
3719.142 3.1583e-17
3720.677 3.3914e-17
3722.212 3.0619e-17
3723.748 4.1101e-17
3725.283 1.4377e-17
3726.818 2.0129e-17
3728.354 4.5837e-17
3729.889 3.2634e-17
3731.424 2.7535e-17
3732.959 2.7197e-17
3734.495 2.4948e-17
3736.030 2.0372e-17
3737.565 1.6115e-17
3739.101 3.1043e-17
3740.636 2.4483e-17
3742.171 3.1823e-17
3743.707 3.6896e-17
3745.242 2.1552e-17
3746.777 2.7723e-17
3748.312 2.2537e-17
3749.848 1.292e-17
3751.383 1.893e-17
3752.918 2.3555e-17
3754.454 2.8523e-17
3755.989 2.7993e-17
3757.524 2.7206e-17
3759.060 1.8251e-17
3760.595 1.797e-17
3762.130 2.4109e-17
3763.666 2.3803e-17
3765.201 1.8316e-17
3766.736 2.4794e-17
3768.272 1.4134e-17
3769.807 2.2313e-17
3771.342 2.2238e-17
3772.878 2.5022e-17
3774.413 1.8739e-17
3775.948 1.6855e-17
3777.484 1.8074e-17
3779.019 2.0743e-17
3780.554 3.306e-17
3782.090 3.9271e-17
3783.625 2.297e-17
3785.160 2.4803e-17
3786.696 1.9302e-17
3788.231 2.0326e-17
3789.766 2.4175e-17
3791.302 2.3077e-17
3792.837 1.5905e-17
3794.372 1.8418e-17
3795.907 2.744e-17
3797.443 3.2406e-17
3798.978 2.8698e-17
3800.513 2.7467e-17
3802.049 1.5459e-17
3803.584 2.1419e-17
3805.119 2.9724e-17
3806.655 1.9668e-17
3808.190 3.0991e-17
3809.725 4.2446e-17
3811.260 2.8102e-17
3812.796 2.17e-17
3814.331 1.6017e-17
3815.866 3.3246e-17
3817.402 2.385e-17
3818.937 2.0945e-17
3820.472 1.6716e-17
3822.008 2.2795e-17
3823.543 1.9147e-17
3825.078 1.5715e-17
3826.614 3.1236e-17
3828.149 2.657e-17
3829.684 2.885e-17
3831.220 2.1297e-17
3832.755 3.1432e-17
3834.290 2.8406e-17
3835.826 3.0247e-17
3837.361 3.5426e-17
3838.896 2.285e-17
3840.432 2.7553e-17
3841.967 3.6181e-17
3843.502 2.4718e-17
3845.038 2.6536e-17
3846.573 2.4423e-17
3848.108 2.667e-17
3849.644 2.3688e-17
3851.179 3.5101e-17
3852.714 3.5869e-17
3854.250 3.8047e-17
3855.785 2.8525e-17
3857.320 3.0992e-17
3858.855 3.9288e-17
3860.391 2.9992e-17
3861.926 2.6862e-17
3863.461 2.1447e-17
3864.997 2.8839e-17
3866.532 3.2339e-17
3868.067 2.8001e-17
3869.603 2.4955e-17
3871.138 1.6878e-17
3872.673 2.603e-17
3874.208 2.8109e-17
3875.744 2.703e-17
3877.279 3.5719e-17
3878.814 2.2679e-17
3880.350 1.1976e-17
3881.885 1.5636e-17
3883.420 2.7242e-17
3884.956 2.7631e-17
3886.491 1.9712e-17
3888.026 3.6316e-17
3889.562 2.995e-17
3891.097 2.3326e-17
3892.632 3.0149e-17
3894.168 3.333e-17
3895.703 3.4572e-17
3897.238 3.5322e-17
3898.774 2.1214e-17
3900.309 2.8637e-17
3901.844 2.9573e-17
3903.380 2.5763e-17
3904.915 2.5088e-17
3906.450 3.19e-17
3907.986 3.6314e-17
3909.521 2.6716e-17
3911.056 2.8582e-17
3912.592 2.9168e-17
3914.127 2.6142e-17
3915.662 3.0805e-17
3917.198 3.2751e-17
3918.733 3.3306e-17
3920.268 4.0509e-17
3921.803 3.7755e-17
3923.339 3.5798e-17
3924.874 4.1974e-17
3926.409 3.7105e-17
3927.945 3.2544e-17
3929.480 1.7309e-17
3931.015 1.7721e-17
3932.551 3.6748e-17
3934.086 3.8199e-17
3935.621 3.2175e-17
3937.156 2.9257e-17
3938.692 3.2614e-17
3940.227 3.188e-17
3941.762 2.8105e-17
3943.298 2.9144e-17
3944.833 4.2239e-17
3946.368 3.3549e-17
3947.904 3.1104e-17
3949.439 3.7396e-17
3950.974 3.7607e-17
3952.510 4.1868e-17
3954.045 4.6151e-17
3955.580 3.5541e-17
3957.116 3.3575e-17
3958.651 3.4769e-17
3960.186 3.3775e-17
3961.722 3.0672e-17
3963.257 4.1123e-17
3964.792 4.5688e-17
3966.328 4.4386e-17
3967.863 4.3374e-17
3969.398 3.9821e-17
3970.934 3.6752e-17
3972.469 3.7059e-17
3974.004 3.4937e-17
3975.540 3.8632e-17
3977.075 4.0823e-17
3978.610 2.8445e-17
3980.146 2.8233e-17
3981.681 2.3986e-17
3983.216 3.3547e-17
3984.751 3.4158e-17
3986.287 3.4279e-17
3987.822 2.6158e-17
3989.357 2.7986e-17
3990.893 3.2207e-17
3992.428 3.5608e-17
3993.963 2.4584e-17
3995.499 2.1526e-17
3997.034 4.2306e-17
3998.569 3.3079e-17
4000.104 2.7746e-17
4001.640 2.9617e-17
4003.175 3.3118e-17
4004.710 2.6424e-17
4006.246 2.8503e-17
4007.781 2.4448e-17
4009.316 2.3191e-17
4010.852 3.3987e-17
4012.387 2.8056e-17
4013.922 2.3869e-17
4015.458 2.6134e-17
4016.993 2.9385e-17
4018.528 2.8523e-17
4020.064 2.4242e-17
4021.599 2.9893e-17
4023.134 3.0809e-17
4024.670 2.7465e-17
4026.205 2.797e-17
4027.740 2.1402e-17
4029.276 3.8054e-17
4030.811 4.3869e-17
4032.346 2.6896e-17
4033.882 2.159e-17
4035.417 3.4802e-17
4036.952 1.7799e-17
4038.488 1.9993e-17
4040.023 2.3875e-17
4041.558 2.5302e-17
4043.094 1.9129e-17
4044.629 2.2092e-17
4046.164 2.493e-17
4047.699 1.818e-17
4049.235 2.3449e-17
4050.770 1.7078e-17
4052.305 1.7001e-17
4053.841 3.2381e-17
4055.376 1.6602e-17
4056.911 1.8563e-17
4058.447 2.0386e-17
4059.982 2.9059e-17
4061.517 2.4535e-17
4063.052 2.1542e-17
4064.588 1.6069e-17
4066.123 1.9683e-17
4067.658 1.8346e-17
4069.194 1.9298e-17
4070.729 1.7724e-17
4072.264 2.1246e-17
4073.800 2.148e-17
4075.335 2.5449e-17
4076.870 2.3127e-17
4078.406 2.1582e-17
4079.941 1.7036e-17
4081.476 1.551e-17
4083.012 2.8734e-17
4084.547 1.9803e-17
4086.082 1.5206e-17
4087.618 2.16e-17
4089.153 3.56e-17
4090.688 2.1448e-17
4092.224 2.4743e-17
4093.759 2.1102e-17
4095.294 2.3312e-17
4096.830 2.353e-17
4098.365 2.4849e-17
4099.900 1.7252e-17
4101.436 2.0436e-17
4102.971 2.3116e-17
4104.506 1.9581e-17
4106.042 1.4543e-17
4107.577 1.9477e-17
4109.112 2.8033e-17
4110.647 2.2461e-17
4112.183 2.9622e-17
4113.718 2.3364e-17
4115.253 2.68e-17
4116.789 2.4219e-17
4118.324 2.6337e-17
4119.859 2.3779e-17
4121.395 2.1816e-17
4122.930 2.9591e-17
4124.465 2.4038e-17
4126.000 2.6367e-17
4127.536 2.9378e-17
4129.071 2.9906e-17
4130.606 2.5207e-17
4132.142 3.303e-17
4133.677 2.7785e-17
4135.212 2.9445e-17
4136.748 2.4748e-17
4138.283 3.1271e-17
4139.818 2.6006e-17
4141.354 3.1492e-17
4142.889 3.2477e-17
4144.424 2.8233e-17
4145.959 2.0792e-17
4147.495 3.1133e-17
4149.030 3.7699e-17
4150.565 3.5984e-17
4152.101 3.6549e-17
4153.636 3.9361e-17
4155.171 4.5868e-17
4156.707 4.2041e-17
4158.242 4.6966e-17
4159.777 3.5429e-17
4161.313 3.6121e-17
4162.848 3.3062e-17
4164.383 3.0987e-17
4165.919 3.667e-17
4167.454 4.2775e-17
4168.989 4.4026e-17
4170.525 4.0099e-17
4172.060 4.5517e-17
4173.595 5.4097e-17
4175.131 4.9981e-17
4176.666 4.6322e-17
4178.201 4.5194e-17
4179.737 5.4065e-17
4181.272 4.9957e-17
4182.807 4.5641e-17
4184.343 5.4295e-17
4185.878 5.1033e-17
4187.413 4.7867e-17
4188.949 5.3511e-17
4190.484 6.3825e-17
4192.019 5.4076e-17
4193.555 6.0554e-17
4195.090 5.187e-17
4196.625 5.4753e-17
4198.160 5.489e-17
4199.696 5.8473e-17
4201.231 5.1235e-17
4202.766 5.1307e-17
4204.302 5.9597e-17
4205.837 6.5662e-17
4207.372 5.5399e-17
4208.908 5.5793e-17
4210.443 4.7456e-17
4211.978 4.7482e-17
4213.514 5.2701e-17
4215.049 5.5961e-17
4216.584 5.0147e-17
4218.120 5.3166e-17
4219.655 4.6907e-17
4221.190 5.0435e-17
4222.726 6.0295e-17
4224.261 6.2697e-17
4225.796 5.1459e-17
4227.332 5.0824e-17
4228.867 5.3524e-17
4230.402 5.2729e-17
4231.938 5.4902e-17
4233.473 5.5071e-17
4235.008 5.4287e-17
4236.543 5.4123e-17
4238.079 4.4193e-17
4239.614 4.2615e-17
4241.149 5.1926e-17
4242.685 4.7752e-17
4244.220 5.2994e-17
4245.755 5.987e-17
4247.291 4.8524e-17
4248.826 5.0773e-17
4250.361 4.1821e-17
4251.896 5.0479e-17
4253.432 4.7105e-17
4254.967 4.4544e-17
4256.502 5.1865e-17
4258.038 4.6188e-17
4259.573 5.1709e-17
4261.108 4.7308e-17
4262.644 5.9241e-17
4264.179 5.3058e-17
4265.714 5.825e-17
4267.250 5.9512e-17
4268.785 4.7556e-17
4270.320 5.6692e-17
4271.855 6.2416e-17
4273.391 5.5535e-17
4274.926 5.5088e-17
4276.461 6.4424e-17
4277.997 5.3225e-17
4279.532 6.1603e-17
4281.067 6.1178e-17
4282.603 5.2766e-17
4284.138 5.8116e-17
4285.673 5.0786e-17
4287.209 5.2676e-17
4288.744 5.6269e-17
4290.279 6.5529e-17
4291.815 6.8822e-17
4293.350 5.4658e-17
4294.885 5.3682e-17
4296.421 5.4362e-17
4297.956 5.5177e-17
4299.491 5.6455e-17
4301.027 6.1547e-17
4302.562 6.4891e-17
4304.097 5.9905e-17
4305.633 5.8452e-17
4307.168 5.8319e-17
4308.703 5.6825e-17
4310.239 5.8012e-17
4311.774 6.1631e-17
4313.309 5.446e-17
4314.844 4.9931e-17
4316.380 5.9093e-17
4317.915 6.33e-17
4319.450 6.7335e-17
4320.986 4.8016e-17
4322.521 6.2361e-17
4324.056 6.5217e-17
4325.592 5.3772e-17
4327.127 5.561e-17
4328.662 4.7638e-17
4330.198 5.0844e-17
4331.733 4.7254e-17
4333.268 5.17e-17
4334.804 5.971e-17
4336.339 5.8425e-17
4337.874 4.7247e-17
4339.410 3.9036e-17
4340.945 4.6391e-17
4342.480 4.9146e-17
4344.016 5.1158e-17
4345.551 5.1304e-17
4347.086 4.327e-17
4348.622 4.3737e-17
4350.157 4.3306e-17
4351.692 4.7255e-17
4353.228 5.5792e-17
4354.763 4.8027e-17
4356.298 3.7905e-17
4357.833 4.7221e-17
4359.369 6.9373e-17
4360.904 6.1075e-17
4362.439 4.1017e-17
4363.975 2.3854e-17
4365.510 4.4428e-17
4367.045 4.5997e-17
4368.581 5.6775e-17
4370.116 5.0027e-17
4371.651 3.7621e-17
4373.187 4.5346e-17
4374.722 4.6052e-17
4376.257 4.6245e-17
4377.792 5.3339e-17
4379.328 5.4804e-17
4380.863 4.3202e-17
4382.398 5.1205e-17
4383.934 5.0757e-17
4385.469 6.3425e-17
4387.004 5.2882e-17
4388.540 4.6085e-17
4390.075 5.1795e-17
4391.610 4.8618e-17
4393.146 4.2702e-17
4394.681 4.7683e-17
4396.216 4.6225e-17
4397.751 4.8297e-17
4399.287 4.9565e-17
4400.822 4.5749e-17
4402.357 4.0753e-17
4403.893 5.1198e-17
4405.428 5.5214e-17
4406.963 4.8915e-17
4408.499 5.7438e-17
4410.034 6.1885e-17
4411.569 5.6876e-17
4413.105 5.6246e-17
4414.640 4.2366e-17
4416.175 5.2507e-17
4417.711 4.8024e-17
4419.246 5.0714e-17
4420.781 6.1022e-17
4422.317 5.6132e-17
4423.852 5.8409e-17
4425.387 5.5159e-17
4426.923 4.2166e-17
4428.458 4.8449e-17
4429.993 4.5596e-17
4431.529 5.0605e-17
4433.064 5.2334e-17
4434.599 4.664e-17
4436.134 4.371e-17
4437.670 4.8016e-17
4439.205 4.5124e-17
4440.740 3.9687e-17
4442.276 5.2784e-17
4443.811 4.6929e-17
4445.346 4.1033e-17
4446.882 4.4766e-17
4448.417 4.5081e-17
4449.952 4.8881e-17
4451.488 4.5763e-17
4453.023 5.3511e-17
4454.558 5.3956e-17
4456.094 5.5296e-17
4457.629 3.8567e-17
4459.164 5.4108e-17
4460.700 6.1527e-17
4462.235 4.2979e-17
4463.770 5.3785e-17
4465.306 4.1613e-17
4466.841 2.7108e-17
4468.376 4.0551e-17
4469.912 4.5913e-17
4471.447 5.3537e-17
4472.982 4.2753e-17
4474.518 4.3749e-17
4476.053 4.2011e-17
4477.588 2.8643e-17
4479.124 4.7555e-17
4480.659 3.4162e-17
4482.194 3.159e-17
4483.729 3.436e-17
4485.265 3.4177e-17
4486.800 2.7148e-17
4488.335 3.6921e-17
4489.871 5.5101e-17
4491.406 4.5143e-17
4492.941 3.3488e-17
4494.477 2.8923e-17
4496.012 4.2541e-17
4497.547 4.8442e-17
4499.083 4.0139e-17
4500.618 4.332e-17
4502.153 4.3312e-17
4503.688 4.3585e-17
4505.224 4.4228e-17
4506.759 4.1357e-17
4508.294 3.2137e-17
4509.830 3.8516e-17
4511.365 4.7575e-17
4512.900 3.0804e-17
4514.436 4.4106e-17
4515.971 4.8859e-17
4517.506 3.348e-17
4519.042 3.5801e-17
4520.577 4.1136e-17
4522.112 4.1018e-17
4523.647 4.7527e-17
4525.183 3.9684e-17
4526.718 4.7242e-17
4528.253 4.0489e-17
4529.789 3.8285e-17
4531.324 2.7578e-17
4532.859 4.3608e-17
4534.395 4.422e-17
4535.930 3.5113e-17
4537.465 2.3223e-17
4539.001 2.9218e-17
4540.536 3.6604e-17
4542.071 3.7741e-17
4543.607 5.1074e-17
4545.142 5.193e-17
4546.677 4.1666e-17
4548.213 4.5958e-17
4549.748 3.8776e-17
4551.283 4.2349e-17
4552.818 3.2922e-17
4554.354 4.8553e-17
4555.889 3.2377e-17
4557.424 4.4262e-17
4558.960 4.0481e-17
4560.495 4.1859e-17
4562.030 3.2766e-17
4563.566 3.5663e-17
4565.101 4.5048e-17
4566.636 4.2495e-17
4568.172 4.1593e-17
4569.707 5.4261e-17
4571.242 4.5423e-17
4572.778 4.9592e-17
4574.313 4.4764e-17
4575.848 4.139e-17
4577.384 2.9876e-17
4578.919 4.3533e-17
4580.454 5.0151e-17
4581.990 4.4496e-17
4583.525 3.9677e-17
4585.060 4.2728e-17
4586.596 5.577e-17
4588.131 4.4827e-17
4589.666 4.9353e-17
4591.202 4.7593e-17
4592.737 4.7116e-17
4594.272 5.0542e-17
4595.808 5.1794e-17
4597.343 3.1865e-17
4598.878 3.7221e-17
4600.414 3.0209e-17
4601.949 4.0579e-17
4603.484 3.366e-17
4605.020 4.3211e-17
4606.555 4.2502e-17
4608.090 4.33e-17
4609.625 4.8095e-17
4611.161 4.0562e-17
4612.696 4.2298e-17
4614.231 3.9509e-17
4615.767 4.6104e-17
4617.302 3.4423e-17
4618.837 4.061e-17
4620.373 4.0431e-17
4621.908 4.6803e-17
4623.443 4.7396e-17
4624.979 3.7712e-17
4626.514 3.2997e-17
4628.049 4.3884e-17
4629.584 4.7543e-17
4631.120 3.5834e-17
4632.655 3.5811e-17
4634.190 4.8872e-17
4635.726 5.3969e-17
4637.261 5.3041e-17
4638.796 4.8194e-17
4640.332 4.7993e-17
4641.867 3.9369e-17
4643.402 3.9586e-17
4644.938 4.2007e-17
4646.473 4.8282e-17
4648.008 4.3849e-17
4649.543 4.5677e-17
4651.079 3.6047e-17
4652.614 3.7059e-17
4654.149 3.853e-17
4655.685 3.3777e-17
4657.220 4.5852e-17
4658.755 5.0339e-17
4660.291 4.6335e-17
4661.826 3.5985e-17
4663.361 4.0745e-17
4664.897 3.1933e-17
4666.432 4.1989e-17
4667.967 4.2454e-17
4669.503 4.7759e-17
4671.038 5.3221e-17
4672.573 4.432e-17
4674.108 4.206e-17
4675.644 3.9639e-17
4677.179 3.4409e-17
4678.714 3.3259e-17
4680.250 3.82e-17
4681.785 3.5053e-17
4683.320 3.2841e-17
4684.856 3.6994e-17
4686.391 3.5046e-17
4687.926 4.4283e-17
4689.462 4.2754e-17
4690.997 4.069e-17
4692.532 4.6762e-17
4694.068 3.7627e-17
4695.603 4.0227e-17
4697.138 3.2409e-17
4698.674 4.0718e-17
4700.209 4.0574e-17
4701.744 4.5191e-17
4703.280 5.7551e-17
4704.815 4.6663e-17
4706.350 4.2643e-17
4707.886 3.8406e-17
4709.421 3.7325e-17
4710.956 3.6033e-17
4712.492 4.1703e-17
4714.027 3.6605e-17
4715.562 4.209e-17
4717.098 5.3687e-17
4718.633 4.6878e-17
4720.168 3.4454e-17
4721.704 4.7071e-17
4723.239 4.5954e-17
4724.774 4.326e-17
4726.310 4.1219e-17
4727.845 4.6381e-17
4729.380 4.4038e-17
4730.916 4.4311e-17
4732.451 4.3059e-17
4733.986 4.5085e-17
4735.521 5.803e-17
4737.057 4.8497e-17
4738.592 3.8184e-17
4740.127 3.4411e-17
4741.663 4.2152e-17
4743.198 4.6099e-17
4744.733 5.3043e-17
4746.269 5.0303e-17
4747.804 4.0511e-17
4749.339 3.9921e-17
4750.875 5.0361e-17
4752.410 3.6257e-17
4753.945 4.1524e-17
4755.480 4.8154e-17
4757.016 3.9249e-17
4758.551 4.6654e-17
4760.086 4.5084e-17
4761.622 3.4156e-17
4763.157 4.6619e-17
4764.692 3.9649e-17
4766.228 3.7271e-17
4767.763 4.0118e-17
4769.298 4.0531e-17
4770.833 4.6284e-17
4772.369 4.4589e-17
4773.904 5.0015e-17
4775.439 4.7632e-17
4776.975 4.6936e-17
4778.510 5.1601e-17
4780.045 3.7814e-17
4781.581 4.1574e-17
4783.116 4.2504e-17
4784.651 5.2497e-17
4786.187 3.8858e-17
4787.722 3.9652e-17
4789.257 5.0454e-17
4790.792 5.6751e-17
4792.328 5.4822e-17
4793.863 4.6149e-17
4795.398 5.5853e-17
4796.934 4.6211e-17
4798.469 4.7133e-17
4800.004 4.847e-17
4801.540 4.7892e-17
4803.075 4.7893e-17
4804.610 5.2267e-17
4806.146 5.6112e-17
4807.681 4.9257e-17
4809.216 4.7359e-17
4810.752 4.6657e-17
4812.287 4.7964e-17
4813.822 5.0468e-17
4815.358 5.0372e-17
4816.893 5.3165e-17
4818.428 4.7062e-17
4819.964 4.6264e-17
4821.499 6.2093e-17
4823.034 5.3826e-17
4824.570 5.4636e-17
4826.105 5.5825e-17
4827.640 4.8023e-17
4829.176 4.6025e-17
4830.711 4.9956e-17
4832.246 5.3815e-17
4833.782 4.4193e-17
4835.317 6.146e-17
4836.852 5.2635e-17
4838.388 4.7501e-17
4839.923 5.4611e-17
4841.458 5.0022e-17
4842.994 5.2196e-17
4844.529 6.0447e-17
4846.064 5.3844e-17
4847.600 5.3691e-17
4849.135 6.3929e-17
4850.670 5.5954e-17
4852.206 6.126e-17
4853.741 6.2441e-17
4855.276 6.4906e-17
4856.812 6.0034e-17
4858.347 6.3025e-17
4859.882 5.646e-17
4861.417 5.5823e-17
4862.953 5.8581e-17
4864.488 5.6937e-17
4866.023 5.7511e-17
4867.559 5.897e-17
4869.094 5.3951e-17
4870.629 5.0827e-17
4872.165 5.2698e-17
4873.700 5.6693e-17
4875.235 5.6964e-17
4876.771 5.6263e-17
4878.306 6.0852e-17
4879.841 6.0673e-17
4881.376 6.1425e-17
4882.912 5.1242e-17
4884.447 5.9751e-17
4885.982 6.3813e-17
4887.518 6.2084e-17
4889.053 5.695e-17
4890.588 5.8672e-17
4892.124 5.9887e-17
4893.659 5.7839e-17
4895.194 4.7663e-17
4896.729 5.7275e-17
4898.265 6.364e-17
4899.800 6.2588e-17
4901.335 6.1604e-17
4902.871 5.678e-17
4904.406 5.6899e-17
4905.941 5.466e-17
4907.477 6.1717e-17
4909.012 5.6669e-17
4910.547 5.9547e-17
4912.083 5.0943e-17
4913.618 5.1931e-17
4915.153 5.2223e-17
4916.688 6.222e-17
4918.224 6.2921e-17
4919.759 5.2453e-17
4921.294 6.7414e-17
4922.830 5.7406e-17
4924.365 5.4297e-17
4925.900 5.6153e-17
4927.436 5.0969e-17
4928.971 5.5822e-17
4930.506 6.8567e-17
4932.042 5.1487e-17
4933.577 5.7846e-17
4935.112 5.5079e-17
4936.648 6.2489e-17
4938.183 5.5706e-17
4939.718 4.724e-17
4941.254 5.7126e-17
4942.789 5.338e-17
4944.324 4.9087e-17
4945.860 5.166e-17
4947.395 5.8219e-17
4948.930 6.0602e-17
4950.466 5.3781e-17
4952.001 6.3205e-17
4953.536 6.8521e-17
4955.072 6.2083e-17
4956.607 5.8501e-17
4958.142 5.2688e-17
4959.678 5.1681e-17
4961.213 5.7546e-17
4962.748 6.3219e-17
4964.284 5.6961e-17
4965.819 4.51e-17
4967.354 4.63e-17
4968.890 5.9801e-17
4970.425 5.0936e-17
4971.960 5.2672e-17
4973.496 5.4729e-17
4975.031 5.9249e-17
4976.566 5.2688e-17
4978.102 5.6083e-17
4979.637 5.917e-17
4981.172 6.3595e-17
4982.708 5.0881e-17
4984.243 5.4834e-17
4985.778 5.6605e-17
4987.313 4.617e-17
4988.849 4.1719e-17
4990.384 4.8947e-17
4991.919 5.9979e-17
4993.455 4.5752e-17
4994.990 4.9152e-17
4996.525 5.327e-17
4998.061 5.2918e-17
4999.596 3.9942e-17
5001.131 4.4038e-17
5002.667 4.7714e-17
5004.202 4.0618e-17
5005.737 4.3214e-17
5007.272 5.4328e-17
5008.808 4.3299e-17
5010.343 4.6528e-17
5011.878 3.5943e-17
5013.414 4.382e-17
5014.949 4.5015e-17
5016.484 4.5631e-17
5018.020 5.5651e-17
5019.555 5.29e-17
5021.090 4.556e-17
5022.625 3.8443e-17
5024.161 4.5721e-17
5025.696 4.6345e-17
5027.231 4.256e-17
5028.767 4.6645e-17
5030.302 4.0879e-17
5031.837 4.2411e-17
5033.373 4.4112e-17
5034.908 5.0787e-17
5036.443 4.8856e-17
5037.979 4.22e-17
5039.514 4.7294e-17
5041.049 4.558e-17
5042.584 4.1491e-17
5044.120 4.4678e-17
5045.655 4.6177e-17
5047.190 4.5002e-17
5048.726 6.4314e-17
5050.261 5.8175e-17
5051.796 4.813e-17
5053.332 4.2063e-17
5054.867 4.4168e-17
5056.402 4.1027e-17
5057.938 4.281e-17
5059.473 4.0504e-17
5061.008 3.6899e-17
5062.544 4.1221e-17
5064.079 4.657e-17
5065.614 3.8752e-17
5067.150 4.5804e-17
5068.685 5.058e-17
5070.220 4.7711e-17
5071.756 3.7127e-17
5073.291 3.5318e-17
5074.826 4.1806e-17
5076.362 3.7253e-17
5077.897 4.3545e-17
5079.432 4.219e-17
5080.968 5.5088e-17
5082.503 5.1791e-17
5084.038 4.5666e-17
5085.574 5.4784e-17
5087.109 5.4719e-17
5088.644 4.1849e-17
5090.180 5.2929e-17
5091.715 3.5014e-17
5093.250 5.2871e-17
5094.786 5.0528e-17
5096.321 5.5977e-17
5097.856 4.6437e-17
5099.392 5.0324e-17
5100.927 5.8447e-17
5102.462 5.2267e-17
5103.998 5.1302e-17
5105.533 4.8655e-17
5107.068 5.3572e-17
5108.604 5.1402e-17
5110.139 4.8628e-17
5111.674 4.9463e-17
5113.209 4.2944e-17
5114.745 5.6947e-17
5116.280 5.4731e-17
5117.815 5.9947e-17
5119.351 5.5108e-17
5120.886 5.654e-17
5122.421 5.5453e-17
5123.957 5.7205e-17
5125.492 4.9965e-17
5127.027 5.2884e-17
5128.562 4.4192e-17
5130.098 5.125e-17
5131.633 6.1473e-17
5133.168 5.5565e-17
5134.704 5.1995e-17
5136.239 3.7656e-17
5137.774 4.1974e-17
5139.310 4.7563e-17
5140.845 5.3514e-17
5142.380 6.0037e-17
5143.916 5.3209e-17
5145.451 5.3237e-17
5146.986 4.8708e-17
5148.521 5.1667e-17
5150.057 4.8011e-17
5151.592 5.5199e-17
5153.127 6.6631e-17
5154.663 5.5654e-17
5156.198 4.8541e-17
5157.733 4.7059e-17
5159.269 6.2828e-17
5160.804 3.99e-17
5162.339 5.0062e-17
5163.875 4.7157e-17
5165.410 5.2477e-17
5166.945 5.5715e-17
5168.480 5.8687e-17
5170.016 5.8242e-17
5171.551 5.872e-17
5173.086 6.3755e-17
5174.622 5.7273e-17
5176.157 5.3912e-17
5177.692 4.8554e-17
5179.228 5.9117e-17
5180.763 5.3265e-17
5182.298 5.1608e-17
5183.834 4.9942e-17
5185.369 5.7191e-17
5186.904 5.6638e-17
5188.440 5.1277e-17
5189.975 5.9333e-17
5191.510 6.6735e-17
5193.046 5.952e-17
5194.581 5.552e-17
5196.116 5.4691e-17
5197.652 5.7781e-17
5199.187 5.7983e-17
5200.722 5.7571e-17
5202.258 5.4339e-17
5203.793 5.8812e-17
5205.328 6.1816e-17
5206.864 5.0505e-17
5208.399 5.6338e-17
5209.934 6.1823e-17
5211.470 6.506e-17
5213.005 5.7587e-17
5214.540 5.6417e-17
5216.076 5.9815e-17
5217.611 6.3487e-17
5219.146 6.3762e-17
5220.682 4.801e-17
5222.217 6.3908e-17
5223.752 6.745e-17
5225.288 6.1706e-17
5226.823 4.9324e-17
5228.358 5.6225e-17
5229.894 5.9275e-17
5231.429 5.423e-17
5232.964 6.0465e-17
5234.500 6.6258e-17
5236.035 6.0673e-17
5237.570 5.9412e-17
5239.105 6.0904e-17
5240.641 6.7297e-17
5242.176 4.9869e-17
5243.711 5.2305e-17
5245.247 5.6614e-17
5246.782 5.0178e-17
5248.317 4.936e-17
5249.853 5.1133e-17
5251.388 4.8477e-17
5252.923 4.6275e-17
5254.458 4.2645e-17
5255.994 3.9223e-17
5257.529 3.0945e-17
5259.064 4.3565e-17
5260.600 5.2523e-17
5262.135 5.5662e-17
5263.670 5.3087e-17
5265.206 5.3611e-17
5266.741 5.542e-17
5268.276 4.6559e-17
5269.812 5.1802e-17
5271.347 5.4769e-17
5272.882 5.7663e-17
5274.417 5.8621e-17
5275.953 5.2137e-17
5277.488 5.7081e-17
5279.023 5.3652e-17
5280.559 5.439e-17
5282.094 5.2789e-17
5283.629 5.0108e-17
5285.165 4.52e-17
5286.700 5.5851e-17
5288.235 6.6383e-17
5289.771 5.0732e-17
5291.306 5.1155e-17
5292.841 5.7847e-17
5294.376 5.9769e-17
5295.912 5.1009e-17
5297.447 6.258e-17
5298.982 5.9673e-17
5300.518 6.8321e-17
5302.053 4.986e-17
5303.588 5.7864e-17
5305.124 5.8737e-17
5306.659 5.7401e-17
5308.194 7.3395e-17
5309.730 5.857e-17
5311.265 5.9335e-17
5312.800 6.7409e-17
5314.336 5.8925e-17
5315.871 6.634e-17
5317.406 6.7936e-17
5318.942 5.8794e-17
5320.477 6.3125e-17
5322.012 6.3172e-17
5323.548 6.7007e-17
5325.083 6.8414e-17
5326.618 7.2729e-17
5328.154 8.1542e-17
5329.689 7.517e-17
5331.224 7.4234e-17
5332.760 7.7863e-17
5334.295 5.8316e-17
5335.830 6.6655e-17
5337.366 7.5689e-17
5338.901 6.9094e-17
5340.436 7.5476e-17
5341.972 7.5937e-17
5343.507 6.9831e-17
5345.042 6.9432e-17
5346.578 7.3108e-17
5348.113 8.1046e-17
5349.648 6.229e-17
5351.184 6.9027e-17
5352.719 7.0903e-17
5354.254 7.0318e-17
5355.790 7.6957e-17
5357.325 8.5148e-17
5358.860 7.9137e-17
5360.396 7.5024e-17
5361.931 6.6499e-17
5363.466 5.8968e-17
5365.001 8.1554e-17
5366.537 6.6191e-17
5368.072 7.4542e-17
5369.607 7.8397e-17
5371.143 7.3505e-17
5372.678 6.6549e-17
5374.213 7.0826e-17
5375.749 6.5145e-17
5377.284 6.6564e-17
5378.819 6.9092e-17
5380.354 6.8471e-17
5381.890 5.9708e-17
5383.425 5.4393e-17
5384.960 5.6027e-17
5386.496 6.4581e-17
5388.031 6.6317e-17
5389.566 4.4889e-17
5391.102 5.1348e-17
5392.637 6.2512e-17
5394.172 6.1906e-17
5395.708 5.5782e-17
5397.243 6.5963e-17
5398.778 5.4778e-17
5400.313 6.6749e-17
5401.849 6.7659e-17
5403.384 5.0815e-17
5404.919 5.6115e-17
5406.455 6.0385e-17
5407.990 4.559e-17
5409.525 4.46e-17
5411.061 4.6296e-17
5412.596 5.8259e-17
5414.131 6.1213e-17
5415.667 5.7624e-17
5417.202 6.7437e-17
5418.737 6.5914e-17
5420.272 4.9072e-17
5421.808 4.989e-17
5423.343 6.5133e-17
5424.878 5.662e-17
5426.414 5.7938e-17
5427.949 5.6556e-17
5429.484 4.5118e-17
5431.020 5.1858e-17
5432.555 4.7618e-17
5434.090 5.6515e-17
5435.626 6.5271e-17
5437.161 4.893e-17
5438.696 5.8547e-17
5440.232 3.3906e-17
5441.767 3.3547e-17
5443.302 4.4719e-17
5444.838 4.4308e-17
5446.373 4.4039e-17
5447.908 5.4748e-17
5449.444 5.4649e-17
5450.979 4.6949e-17
5452.514 6.9475e-17
5454.050 5.3933e-17
5455.585 4.517e-17
5457.120 5.8802e-17
5458.656 4.611e-17
5460.191 7.479e-17
5461.726 3.2018e-17
5463.262 6.0354e-17
5464.797 3.2487e-17
5466.332 4.9272e-17
5467.868 7.0414e-17
5469.403 6.8037e-17
5470.938 4.0334e-17
5472.474 8.1567e-17
5474.009 4.9677e-17
5475.544 3.7375e-17
5477.080 4.216e-17
5478.615 6.456e-17
5480.150 6.3895e-17
5481.686 6.824e-17
5483.221 5.4209e-17
5484.756 5.214e-17
5486.292 5.6349e-17
5487.827 4.9813e-17
5489.362 6.7737e-17
5490.897 7.5871e-17
5492.433 6.482e-17
5493.968 4.2469e-17
5495.503 5.5431e-17
5497.039 5.1751e-17
5498.574 6.4532e-17
5500.109 6.7762e-17
5501.645 6.2038e-17
5503.180 6.8515e-17
5504.715 7.3698e-17
5506.250 7.1159e-17
5507.786 6.7789e-17
5509.321 5.9335e-17
5510.856 6.035e-17
5512.392 6.2915e-17
5513.927 7.248e-17
5515.462 7.1089e-17
5516.998 5.9896e-17
5518.533 5.9529e-17
5520.068 6.1579e-17
5521.604 7.8969e-17
5523.139 7.7139e-17
5524.674 6.5539e-17
5526.209 6.8075e-17
5527.745 7.4587e-17
5529.280 7.3368e-17
5530.815 6.3041e-17
5532.351 6.0201e-17
5533.886 6.9209e-17
5535.421 6.9501e-17
5536.957 7.6156e-17
5538.492 7.6806e-17
5540.027 6.9906e-17
5541.562 7.0831e-17
5543.098 6.2891e-17
5544.633 6.5642e-17
5546.168 6.7547e-17
5547.704 5.9289e-17
5549.239 6.5534e-17
5550.774 7.1727e-17
5552.310 7.2641e-17
5553.845 6.623e-17
5555.380 6.6239e-17
5556.916 7.5056e-17
5558.451 7.5162e-17
5559.986 7.3461e-17
5561.522 7.8319e-17
5563.057 7.5204e-17
5564.592 6.7804e-17
5566.128 6.6554e-17
5567.663 6.6591e-17
5569.198 6.5344e-17
5570.734 6.0203e-17
5572.269 6.1118e-17
5573.804 8.3019e-17
5575.340 8.7553e-17
5576.875 8.2921e-17
5578.410 8.9901e-17
5579.946 8.4588e-17
5581.481 7.2549e-17
5583.016 7.1971e-17
5584.552 6.7139e-17
5586.087 6.5821e-17
5587.622 6.1807e-17
5589.158 6.7066e-17
5590.693 7.272e-17
5592.228 6.1372e-17
5593.764 6.4989e-17
5595.299 6.9554e-17
5596.834 7.7719e-17
5598.370 6.9944e-17
5599.905 6.3448e-17
5601.440 6.3236e-17
5602.976 6.8153e-17
5604.511 7.1132e-17
5606.046 6.6433e-17
5607.582 6.0258e-17
5609.117 7.4032e-17
5610.652 6.9066e-17
5612.188 6.5472e-17
5613.723 6.305e-17
5615.258 6.9884e-17
5616.793 6.7354e-17
5618.329 6.3106e-17
5619.864 6.5424e-17
5621.399 5.9446e-17
5622.935 6.5093e-17
5624.470 6.7883e-17
5626.005 6.4734e-17
5627.541 6.4314e-17
5629.076 6.9448e-17
5630.611 7.1327e-17
5632.146 6.8287e-17
5633.682 6.0766e-17
5635.217 6.538e-17
5636.752 7.0956e-17
5638.288 6.7319e-17
5639.823 6.4981e-17
5641.358 7.8574e-17
5642.894 6.7419e-17
5644.429 4.7781e-17
5645.964 6.0291e-17
5647.500 6.7582e-17
5649.035 6.7308e-17
5650.570 6.9107e-17
5652.105 6.8999e-17
5653.641 6.2127e-17
5655.176 5.8778e-17
5656.711 5.9657e-17
5658.247 5.9805e-17
5659.782 5.8559e-17
5661.317 5.8639e-17
5662.853 6.1223e-17
5664.388 5.965e-17
5665.923 6.2636e-17
5667.458 6.5993e-17
5668.994 6.6642e-17
5670.529 6.6652e-17
5672.064 6.1551e-17
5673.600 6.2772e-17
5675.135 5.9295e-17
5676.670 6.312e-17
5678.206 6.8795e-17
5679.741 6.8965e-17
5681.276 6.7702e-17
5682.812 5.9575e-17
5684.347 6.1472e-17
5685.882 6.2618e-17
5687.418 6.4429e-17
5688.953 6.5638e-17
5690.488 6.7964e-17
5692.024 6.024e-17
5693.559 5.7452e-17
5695.094 5.6918e-17
5696.630 6.0486e-17
5698.165 5.9386e-17
5699.700 5.3637e-17
5701.236 5.3513e-17
5702.771 5.2569e-17
5704.306 5.2058e-17
5705.842 5.6677e-17
5707.377 5.8652e-17
5708.912 6.2122e-17
5710.448 6.034e-17
5711.983 5.5835e-17
5713.518 5.924e-17
5715.054 6.7983e-17
5716.589 6.4955e-17
5718.124 6.3567e-17
5719.660 6.3713e-17
5721.195 6.3887e-17
5722.730 6.0689e-17
5724.266 5.749e-17
5725.801 5.8642e-17
5727.336 5.6837e-17
5728.872 5.5328e-17
5730.407 5.9636e-17
5731.942 6.2925e-17
5733.478 6.1412e-17
5735.013 6.1101e-17
5736.548 5.5244e-17
5738.083 5.8407e-17
5739.619 6.2728e-17
5741.154 5.6798e-17
5742.689 5.6804e-17
5744.225 5.7501e-17
5745.760 6.0185e-17
5747.295 6.5182e-17
5748.831 5.6069e-17
5750.366 5.7494e-17
5751.901 6.3277e-17
5753.437 6.2678e-17
5754.972 6.1636e-17
5756.507 6.338e-17
5758.042 6.5551e-17
5759.578 6.7324e-17
5761.113 5.6734e-17
5762.648 5.1591e-17
5764.184 5.7247e-17
5765.719 6.7548e-17
5767.254 6.6187e-17
5768.790 5.7891e-17
5770.325 5.4521e-17
5771.860 6.0778e-17
5773.396 6.7069e-17
5774.931 6.223e-17
5776.466 5.9233e-17
5778.001 6.0376e-17
5779.537 5.7102e-17
5781.072 5.9883e-17
5782.607 6.8332e-17
5784.143 6.6128e-17
5785.678 5.7318e-17
5787.213 5.6573e-17
5788.749 5.6471e-17
5790.284 6.0854e-17
5791.819 6.4691e-17
5793.354 6.0605e-17
5794.890 5.3193e-17
5796.425 5.3737e-17
5797.960 5.6361e-17
5799.496 5.4261e-17
5801.031 5.824e-17
5802.566 6.5602e-17
5804.102 6.8552e-17
5805.637 6.5393e-17
5807.172 6.0865e-17
5808.708 5.6976e-17
5810.243 5.9885e-17
5811.778 5.9375e-17
5813.314 5.0165e-17
5814.849 4.874e-17
5816.384 5.6697e-17
5817.920 6.4388e-17
5819.455 6.0957e-17
5820.990 6.0515e-17
5822.526 6.6154e-17
5824.061 6.7261e-17
5825.596 5.7545e-17
5827.132 5.1953e-17
5828.667 6.2194e-17
5830.202 6.9828e-17
5831.738 6.2376e-17
5833.273 6.1795e-17
5834.808 6.7997e-17
5836.344 6.9049e-17
5837.879 6.8697e-17
5839.414 6.6922e-17
5840.950 6.5152e-17
5842.485 5.5941e-17
5844.020 5.2777e-17
5845.556 5.6159e-17
5847.091 5.4841e-17
5848.626 5.1387e-17
5850.162 5.9412e-17
5851.697 6.1621e-17
5853.232 6.0158e-17
5854.768 6.0077e-17
5856.303 5.9317e-17
5857.838 6.333e-17
5859.374 6.3494e-17
5860.909 5.8342e-17
5862.444 5.7558e-17
5863.979 5.91e-17
5865.515 6.2503e-17
5867.050 5.759e-17
5868.585 4.9716e-17
5870.121 5.3504e-17
5871.656 6.2729e-17
5873.191 5.9591e-17
5874.727 5.2334e-17
5876.262 5.4221e-17
5877.797 6.1813e-17
5879.333 6.6691e-17
5880.868 6.1862e-17
5882.403 4.9519e-17
5883.938 4.8406e-17
5885.474 6.6305e-17
5887.009 6.7927e-17
5888.544 6.5636e-17
5890.080 6.9684e-17
5891.615 5.9968e-17
5893.150 4.0265e-17
5894.686 5.4799e-17
5896.221 6.7722e-17
5897.756 5.9974e-17
5899.292 5.8531e-17
5900.827 5.5926e-17
5902.362 5.0399e-17
5903.897 5.2352e-17
5905.433 5.6909e-17
5906.968 5.6248e-17
5908.503 6.4007e-17
5910.039 6.5917e-17
5911.574 5.8383e-17
5913.109 5.8714e-17
5914.645 6.2747e-17
5916.180 5.3498e-17
5917.715 5.0553e-17
5919.250 5.2729e-17
5920.786 4.5805e-17
5922.321 4.7542e-17
5923.856 4.9465e-17
5925.392 5.2803e-17
5926.927 5.7707e-17
5928.462 5.1195e-17
5929.998 4.459e-17
5931.533 4.4015e-17
5933.068 5.2977e-17
5934.604 5.461e-17
5936.139 4.6718e-17
5937.674 4.9888e-17
5939.210 5.4365e-17
5940.745 5.3833e-17
5942.280 5.3751e-17
5943.816 4.9393e-17
5945.351 4.3344e-17
5946.886 4.5411e-17
5948.422 5.1174e-17
5949.957 5.1852e-17
5951.492 4.8131e-17
5953.028 4.6795e-17
5954.563 4.5716e-17
5956.098 4.3596e-17
5957.634 4.8088e-17
5959.169 5.4771e-17
5960.704 5.3287e-17
5962.240 5.4618e-17
5963.775 5.4815e-17
5965.310 5.2214e-17
5966.846 5.1657e-17
5968.381 5.3872e-17
5969.916 4.3848e-17
5971.452 3.9048e-17
5972.987 4.7947e-17
5974.522 5.1996e-17
5976.058 5.6726e-17
5977.593 5.6031e-17
5979.128 4.6723e-17
5980.664 4.5879e-17
5982.199 4.6899e-17
5983.734 5.1613e-17
5985.269 5.4751e-17
5986.805 5.585e-17
5988.340 5.2202e-17
5989.875 4.5884e-17
5991.411 4.6094e-17
5992.946 4.902e-17
5994.481 5.0772e-17
5996.017 5.0803e-17
5997.552 4.6776e-17
5999.087 4.6487e-17
6000.623 5.1986e-17
6002.158 6.0074e-17
6003.693 6.1324e-17
6005.229 5.3614e-17
6006.764 5.0603e-17
6008.299 5.446e-17
6009.834 5.8274e-17
6011.370 5.9787e-17
6012.905 5.7043e-17
6014.440 5.6455e-17
6015.976 5.122e-17
6017.511 4.7767e-17
6019.046 4.9377e-17
6020.582 5.4535e-17
6022.117 5.9833e-17
6023.652 5.959e-17
6025.188 5.2644e-17
6026.723 5.2914e-17
6028.258 5.7116e-17
6029.793 5.7871e-17
6031.329 5.43e-17
6032.864 4.8355e-17
6034.399 5.0368e-17
6035.935 4.9832e-17
6037.470 5.181e-17
6039.005 5.3387e-17
6040.541 5.0297e-17
6042.076 4.8674e-17
6043.611 4.6755e-17
6045.146 4.2953e-17
6046.682 4.4771e-17
6048.217 5.1536e-17
6049.752 5.2732e-17
6051.288 4.8118e-17
6052.823 4.4296e-17
6054.358 4.2418e-17
6055.894 4.915e-17
6057.429 4.1464e-17
6058.964 3.5274e-17
6060.500 4.3717e-17
6062.035 4.4732e-17
6063.570 4.5657e-17
6065.106 4.4196e-17
6066.641 3.7528e-17
6068.176 3.7415e-17
6069.712 3.4693e-17
6071.247 3.7828e-17
6072.782 4.404e-17
6074.318 4.4679e-17
6075.853 4.3461e-17
6077.388 4.092e-17
6078.924 3.9744e-17
6080.459 4.3076e-17
6081.994 4.5752e-17
6083.530 4.1517e-17
6085.065 3.79e-17
6086.600 3.7139e-17
6088.136 4.1333e-17
6089.671 5.24e-17
6091.206 4.9586e-17
6092.742 4.2643e-17
6094.277 4.5428e-17
6095.812 5.1836e-17
6097.348 4.8567e-17
6098.883 3.9908e-17
6100.418 3.7667e-17
6101.953 4.0815e-17
6103.489 4.2897e-17
6105.024 4.117e-17
6106.559 4.0592e-17
6108.095 4.3491e-17
6109.630 4.619e-17
6111.165 4.1563e-17
6112.701 3.7808e-17
6114.236 4.3728e-17
6115.771 4.5379e-17
6117.307 4.1153e-17
6118.842 3.7015e-17
6120.377 3.3803e-17
6121.913 3.9547e-17
6123.448 4.2438e-17
6124.983 4.0594e-17
6126.519 4.1196e-17
6128.054 4.33e-17
6129.589 4.2001e-17
6131.125 3.7884e-17
6132.660 3.8878e-17
6134.195 4.0828e-17
6135.730 3.9943e-17
6137.266 3.8378e-17
6138.801 4.0372e-17
6140.336 4.4772e-17
6141.872 4.4765e-17
6143.407 3.9119e-17
6144.942 3.9349e-17
6146.478 4.2793e-17
6148.013 4.4494e-17
6149.548 4.6199e-17
6151.083 4.4584e-17
6152.619 4.2179e-17
6154.154 3.8933e-17
6155.689 3.5496e-17
6157.225 3.9614e-17
6158.760 4.8097e-17
6160.295 5.2005e-17
6161.831 5.2814e-17
6163.366 4.5254e-17
6164.901 4.5296e-17
6166.437 4.5304e-17
6167.972 4.7852e-17
6169.507 4.7808e-17
6171.042 4.9817e-17
6172.578 5.0353e-17
6174.113 5.1729e-17
6175.648 5.2485e-17
6177.184 5.2326e-17
6178.719 5.2854e-17
6180.254 5.2268e-17
6181.790 5.1981e-17
6183.325 5.2435e-17
6184.860 4.9238e-17
6186.396 4.6976e-17
6187.931 4.7036e-17
6189.466 4.9569e-17
6191.002 4.9995e-17
6192.537 4.5682e-17
6194.072 4.5484e-17
6195.608 5.4478e-17
6197.143 5.2477e-17
6198.678 4.82e-17
6200.214 4.795e-17
6201.749 5.1783e-17
6203.284 4.4999e-17
6204.820 4.8438e-17
6206.355 4.8654e-17
6207.890 4.4608e-17
6209.426 5.0005e-17
6210.961 5.713e-17
6212.496 5.9609e-17
6214.032 5.7775e-17
6215.567 5.739e-17
6217.102 5.5747e-17
6218.638 5.2094e-17
6220.173 5.1239e-17
6221.708 4.9095e-17
6223.243 5.0896e-17
6224.779 4.9178e-17
6226.314 5.1005e-17
6227.849 5.0294e-17
6229.385 5.5668e-17
6230.920 5.5927e-17
6232.455 5.4307e-17
6233.991 5.2184e-17
6235.526 5.1373e-17
6237.061 5.3262e-17
6238.597 5.2265e-17
6240.132 5.5413e-17
6241.667 5.2318e-17
6243.203 5.0322e-17
6244.738 5.8675e-17
6246.273 5.6224e-17
6247.809 5.6682e-17
6249.344 6.0505e-17
6250.879 5.6551e-17
6252.415 5.4068e-17
6253.950 5.6067e-17
6255.485 5.1947e-17
6257.021 4.807e-17
6258.556 4.9703e-17
6260.091 5.4842e-17
6261.626 5.3528e-17
6263.162 5.2256e-17
6264.697 5.4568e-17
6266.232 5.6237e-17
6267.768 5.5324e-17
6269.303 5.8765e-17
6270.838 5.9608e-17
6272.374 5.801e-17
6273.909 5.4613e-17
6275.444 5.4432e-17
6276.979 5.3602e-17
6278.515 5.3027e-17
6280.050 5.6247e-17
6281.585 5.8517e-17
6283.121 5.8167e-17
6284.656 5.6354e-17
6286.191 5.2731e-17
6287.727 5.3664e-17
6289.262 5.3817e-17
6290.797 5.2535e-17
6292.333 4.9538e-17
6293.868 4.4431e-17
6295.403 5.3492e-17
6296.938 6.344e-17
6298.474 6.7705e-17
6300.009 6.6085e-17
6301.544 5.1029e-17
6303.080 4.2653e-17
6304.615 4.6062e-17
6306.150 4.4698e-17
6307.686 4.5448e-17
6309.221 5.3808e-17
6310.756 5.648e-17
6312.292 5.0079e-17
6313.827 4.9154e-17
6315.362 5.6547e-17
6316.898 5.685e-17
6318.433 5.5032e-17
6319.968 5.3034e-17
6321.504 5.2292e-17
6323.039 5.456e-17
6324.574 5.8454e-17
6326.110 6.1028e-17
6327.645 5.7751e-17
6329.180 5.2264e-17
6330.716 5.5808e-17
6332.251 5.5182e-17
6333.786 4.9691e-17
6335.322 5.0447e-17
6336.857 5.2432e-17
6338.392 5.1973e-17
6339.927 5.3841e-17
6341.463 5.3413e-17
6342.998 5.0272e-17
6344.533 4.9205e-17
6346.069 4.8604e-17
6347.604 5.0974e-17
6349.139 5.3153e-17
6350.675 5.3948e-17
6352.210 5.269e-17
6353.745 5.0779e-17
6355.281 5.3659e-17
6356.816 5.5685e-17
6358.351 5.7559e-17
6359.887 6.0012e-17
6361.422 5.8717e-17
6362.957 5.3168e-17
6364.493 4.6941e-17
6366.028 4.3573e-17
6367.563 4.2436e-17
6369.099 4.8951e-17
6370.634 5.7377e-17
6372.169 5.0591e-17
6373.705 4.5606e-17
6375.240 4.9955e-17
6376.775 4.7216e-17
6378.311 4.4248e-17
6379.846 4.5554e-17
6381.381 4.9511e-17
6382.917 5.0907e-17
6384.452 5.0956e-17
6385.987 5.0708e-17
6387.522 4.9436e-17
6389.058 4.9625e-17
6390.593 4.8291e-17
6392.128 4.5752e-17
6393.664 4.6255e-17
6395.199 4.7294e-17
6396.734 4.5401e-17
6398.270 4.699e-17
6399.805 4.8819e-17
6401.340 4.7097e-17
6402.875 4.7164e-17
6404.411 4.4535e-17
6405.946 4.2125e-17
6407.481 4.6494e-17
6409.017 5.0211e-17
6410.552 4.8011e-17
6412.087 4.405e-17
6413.623 4.1621e-17
6415.158 4.2854e-17
6416.693 4.654e-17
6418.229 4.7485e-17
6419.764 4.8334e-17
6421.299 4.8342e-17
6422.834 4.7933e-17
6424.370 4.7031e-17
6425.905 4.6496e-17
6427.440 4.6758e-17
6428.976 4.1887e-17
6430.511 4.7115e-17
6432.046 5.4606e-17
6433.582 5.2288e-17
6435.117 5.2362e-17
6436.652 5.3328e-17
6438.188 4.5732e-17
6439.723 4.0816e-17
6441.258 4.4155e-17
6442.794 4.5876e-17
6444.329 3.6639e-17
6445.864 3.6798e-17
6447.400 4.3938e-17
6448.935 4.5627e-17
6450.470 4.7264e-17
6452.006 4.5268e-17
6453.541 4.4195e-17
6455.076 4.3735e-17
6456.612 4.0991e-17
6458.147 4.1874e-17
6459.682 4.3315e-17
6461.217 4.2212e-17
6462.753 4.14e-17
6464.288 4.0654e-17
6465.823 3.9151e-17
6467.359 4.3723e-17
6468.894 4.5615e-17
6470.429 4.0206e-17
6471.965 4.0213e-17
6473.500 4.4567e-17
6475.035 4.3939e-17
6476.571 4.0822e-17
6478.106 4.2546e-17
6479.641 4.9332e-17
6481.177 4.7111e-17
6482.712 4.5365e-17
6484.247 4.8289e-17
6485.783 5.0604e-17
6487.318 4.5742e-17
6488.853 4.6919e-17
6490.389 5.0516e-17
6491.924 5.0206e-17
6493.459 4.9194e-17
6494.995 4.7654e-17
6496.530 5.1054e-17
6498.065 4.6003e-17
6499.601 4.7235e-17
6501.136 4.5696e-17
6502.671 4.7533e-17
6504.207 5.0579e-17
6505.742 4.7846e-17
6507.277 4.3395e-17
6508.812 4.3479e-17
6510.348 4.2744e-17
6511.883 4.6501e-17
6513.418 5.1583e-17
6514.954 5.0396e-17
6516.489 3.9043e-17
6518.024 3.7823e-17
6519.560 4.2533e-17
6521.095 4.6683e-17
6522.630 4.697e-17
6524.166 4.5411e-17
6525.701 4.4918e-17
6527.236 5.2463e-17
6528.771 5.5106e-17
6530.307 5.0869e-17
6531.842 5.0206e-17
6533.377 4.7403e-17
6534.913 4.5806e-17
6536.448 4.7082e-17
6537.983 4.4852e-17
6539.519 4.9844e-17
6541.054 5.1069e-17
6542.589 4.955e-17
6544.125 4.897e-17
6545.660 4.5045e-17
6547.195 4.2065e-17
6548.730 4.4608e-17
6550.266 4.9162e-17
6551.801 4.7759e-17
6553.336 4.5442e-17
6554.872 4.1281e-17
6556.407 4.0666e-17
6557.942 4.0707e-17
6559.478 4.4463e-17
6561.013 4.6445e-17
6562.548 4.5279e-17
6564.084 4.8757e-17
6565.619 4.4748e-17
6567.154 4.5184e-17
6568.690 4.3778e-17
6570.225 4.0463e-17
6571.760 4.1375e-17
6573.296 4.9264e-17
6574.831 5.0939e-17
6576.366 5.0278e-17
6577.901 5.0166e-17
6579.437 5.173e-17
6580.972 4.981e-17
6582.507 5.0891e-17
6584.043 5.1625e-17
6585.578 5.0316e-17
6587.113 5.0753e-17
6588.649 4.928e-17
6590.184 4.8521e-17
6591.719 4.9043e-17
6593.255 5.0657e-17
6594.790 5.1697e-17
6596.325 5.1154e-17
6597.861 4.8759e-17
6599.396 4.6022e-17
6600.931 4.3797e-17
6602.467 4.4404e-17
6604.002 4.7635e-17
6605.537 5.0083e-17
6607.073 4.5261e-17
6608.608 4.369e-17
6610.143 4.5078e-17
6611.679 4.9475e-17
6613.214 5.2115e-17
6614.749 5.1256e-17
6616.285 4.9264e-17
6617.820 4.5927e-17
6619.355 4.772e-17
6620.891 4.8402e-17
6622.426 4.615e-17
6623.961 4.5615e-17
6625.497 4.4769e-17
6627.032 4.6117e-17
6628.567 5.2581e-17
6630.103 5.0159e-17
6631.638 4.6817e-17
6633.173 4.5788e-17
6634.708 4.6219e-17
6636.244 4.4737e-17
6637.779 4.8222e-17
6639.314 4.524e-17
6640.850 4.2754e-17
6642.385 4.7753e-17
6643.920 4.9525e-17
6645.456 5.0119e-17
6646.991 4.6803e-17
6648.526 3.9428e-17
6650.062 3.7542e-17
6651.597 4.2604e-17
6653.132 4.3685e-17
6654.667 4.2535e-17
6656.203 4.1479e-17
6657.738 4.1773e-17
6659.273 4.1789e-17
6660.809 4.2541e-17
6662.344 3.9983e-17
6663.879 3.9139e-17
6665.415 4.0565e-17
6666.950 4.1975e-17
6668.485 4.2346e-17
6670.021 4.2732e-17
6671.556 4.3938e-17
6673.091 4.321e-17
6674.626 4.2353e-17
6676.162 4.1576e-17
6677.697 3.8655e-17
6679.232 3.9547e-17
6680.768 4.2497e-17
6682.303 4.3521e-17
6683.838 4.3432e-17
6685.374 4.3087e-17
6686.909 4.4004e-17
6688.444 4.5515e-17
6689.980 4.1682e-17
6691.515 3.8707e-17
6693.050 3.8006e-17
6694.586 4.2474e-17
6696.121 4.4451e-17
6697.656 4.4346e-17
6699.191 4.6085e-17
6700.727 4.5422e-17
6702.262 4.3229e-17
6703.797 4.1712e-17
6705.333 4.0735e-17
6706.868 4.1059e-17
6708.403 4.3282e-17
6709.939 4.4555e-17
6711.474 4.6292e-17
6713.009 4.6028e-17
6714.545 4.2214e-17
6716.080 4.0562e-17
6717.615 4.2366e-17
6719.151 4.5582e-17
6720.686 4.4009e-17
6722.221 4.5341e-17
6723.757 4.5793e-17
6725.292 4.2608e-17
6726.827 4.1738e-17
6728.363 4.2934e-17
6729.898 4.7057e-17
6731.433 4.5291e-17
6732.969 3.9106e-17
6734.504 3.8485e-17
6736.039 3.9515e-17
6737.575 4.2271e-17
6739.110 4.1736e-17
6740.645 3.951e-17
6742.181 3.9452e-17
6743.716 4.1684e-17
6745.251 3.7007e-17
6746.787 3.5925e-17
6748.322 4.102e-17
6749.857 4.1664e-17
6751.393 3.9793e-17
6752.928 4.3986e-17
6754.463 4.6303e-17
6755.999 4.7947e-17
6757.534 4.8266e-17
6759.069 4.2589e-17
6760.604 4.2596e-17
6762.140 4.517e-17
6763.675 4.8491e-17
6765.210 4.9269e-17
6766.746 4.8874e-17
6768.281 4.739e-17
6769.816 4.7487e-17
6771.352 4.6491e-17
6772.887 4.6993e-17
6774.422 4.9449e-17
6775.958 4.6414e-17
6777.493 4.4783e-17
6779.028 4.6699e-17
6780.563 4.7479e-17
6782.099 4.8024e-17
6783.634 4.7748e-17
6785.169 4.8281e-17
6786.705 4.6782e-17
6788.240 4.621e-17
6789.775 5.1029e-17
6791.311 5.2207e-17
6792.846 5.0163e-17
6794.381 4.8714e-17
6795.917 4.6063e-17
6797.452 4.8532e-17
6798.987 4.7669e-17
6800.522 4.4229e-17
6802.058 4.6917e-17
6803.593 4.9825e-17
6805.128 4.8781e-17
6806.664 4.9985e-17
6808.199 5.3463e-17
6809.734 5.4825e-17
6811.270 5.3698e-17
6812.805 5.2639e-17
6814.340 5.0404e-17
6815.876 4.9054e-17
6817.411 5.3e-17
6818.946 5.2342e-17
6820.481 4.6041e-17
6822.017 4.5192e-17
6823.552 5.0624e-17
6825.087 5.621e-17
6826.623 5.8288e-17
6828.158 5.4495e-17
6829.693 5.2614e-17
6831.229 5.7111e-17
6832.764 5.9131e-17
6834.299 5.9506e-17
6835.835 5.8286e-17
6837.370 5.5981e-17
6838.905 5.5735e-17
6840.441 5.7137e-17
6841.976 5.961e-17
6843.511 5.6611e-17
6845.047 5.6831e-17
6846.582 6.0841e-17
6848.117 6.0609e-17
6849.653 5.9379e-17
6851.188 6.3608e-17
6852.723 6.0197e-17
6854.259 5.8818e-17
6855.794 6.2152e-17
6857.329 5.9074e-17
6858.865 6.0765e-17
6860.400 6.483e-17
6861.935 6.3468e-17
6863.471 6.2095e-17
6865.006 6.135e-17
6866.541 6.22e-17
6868.077 6.7168e-17
6869.612 6.5262e-17
6871.147 6.4725e-17
6872.683 6.3833e-17
6874.218 5.857e-17
6875.753 6.4752e-17
6877.289 6.9486e-17
6878.824 7.0006e-17
6880.359 7.1333e-17
6881.895 6.9741e-17
6883.430 6.8205e-17
6884.965 6.7703e-17
6886.500 6.8538e-17
6888.036 6.8281e-17
6889.571 6.5962e-17
6891.106 6.7611e-17
6892.642 6.8951e-17
6894.177 6.88e-17
6895.712 6.8057e-17
6897.248 6.7499e-17
6898.783 6.6126e-17
6900.318 6.6559e-17
6901.854 6.9806e-17
6903.389 6.8014e-17
6904.924 6.2087e-17
6906.459 6.5994e-17
6907.995 7.5977e-17
6909.530 7.9162e-17
6911.065 7.6205e-17
6912.601 6.9043e-17
6914.136 6.9422e-17
6915.671 7.4005e-17
6917.207 7.4909e-17
6918.742 7.7999e-17
6920.277 7.8709e-17
6921.812 7.9027e-17
6923.348 7.9526e-17
6924.883 7.1479e-17
6926.418 6.6957e-17
6927.954 7.2933e-17
6929.489 7.2899e-17
6931.024 6.9197e-17
6932.560 6.7303e-17
6934.095 7.0315e-17
6935.630 7.3817e-17
6937.166 7.1906e-17
6938.701 7.1317e-17
6940.236 7.3541e-17
6941.771 7.4864e-17
6943.307 7.766e-17
6944.842 7.8945e-17
6946.377 7.68e-17
6947.913 7.5972e-17
6949.448 7.0913e-17
6950.983 6.1023e-17
6952.519 6.5705e-17
6954.054 7.4369e-17
6955.589 7.1028e-17
6957.125 6.438e-17
6958.660 6.5604e-17
6960.195 7.0342e-17
6961.731 7.2601e-17
6963.266 6.8598e-17
6964.801 6.4564e-17
6966.337 6.7901e-17
6967.872 6.7938e-17
6969.407 6.8201e-17
6970.943 7.2058e-17
6972.478 6.9584e-17
6974.013 6.237e-17
6975.549 6.9066e-17
6977.084 8.3097e-17
6978.619 8.8854e-17
6980.155 8.6111e-17
6981.690 8.21e-17
6983.225 7.7239e-17
6984.761 6.7005e-17
6986.296 6.2066e-17
6987.831 6.5216e-17
6989.367 6.4108e-17
6990.902 6.131e-17
6992.437 6.0004e-17
6993.973 5.9527e-17
6995.508 6.1573e-17
6997.043 6.0576e-17
6998.579 6.1813e-17
7000.114 6.4403e-17
7001.649 6.4226e-17
7003.185 6.3329e-17
7004.720 6.0181e-17
7006.255 5.8821e-17
7007.791 6.0407e-17
7009.326 6.0721e-17
7010.861 6.0378e-17
7012.396 6.3846e-17
7013.932 6.3037e-17
7015.467 6.2584e-17
7017.002 6.2234e-17
7018.538 5.8472e-17
7020.073 6.0392e-17
7021.608 6.1973e-17
7023.144 5.8547e-17
7024.679 5.5737e-17
7026.214 5.8668e-17
7027.750 5.9056e-17
7029.285 5.8866e-17
7030.820 6.2857e-17
7032.355 6.1881e-17
7033.891 5.9054e-17
7035.426 5.7764e-17
7036.961 5.5692e-17
7038.497 5.756e-17
7040.032 6.0703e-17
7041.567 6.2226e-17
7043.103 6.1785e-17
7044.638 5.8136e-17
7046.173 5.5562e-17
7047.708 5.9493e-17
7049.244 6.073e-17
7050.779 5.6286e-17
7052.314 5.4179e-17
7053.850 5.4208e-17
7055.385 5.2904e-17
7056.920 5.3777e-17
7058.456 5.5125e-17
7059.991 5.3135e-17
7061.526 5.1804e-17
7063.062 5.536e-17
7064.597 5.6996e-17
7066.132 5.4649e-17
7067.667 5.4957e-17
7069.203 5.5815e-17
7070.738 5.9177e-17
7072.273 6.1629e-17
7073.809 5.7318e-17
7075.344 5.2253e-17
7076.879 5.5223e-17
7078.415 5.6321e-17
7079.950 5.3789e-17
7081.485 5.7641e-17
7083.021 5.8234e-17
7084.556 5.7738e-17
7086.091 5.9356e-17
7087.627 5.7257e-17
7089.162 5.6144e-17
7090.697 5.8077e-17
7092.233 5.7086e-17
7093.768 5.8364e-17
7095.303 5.8266e-17
7096.839 5.5217e-17
7098.374 5.5854e-17
7099.909 5.7143e-17
7101.445 5.5863e-17
7102.980 5.3728e-17
7104.515 5.4412e-17
7106.051 5.5297e-17
7107.586 5.706e-17
7109.121 5.5012e-17
7110.657 5.2848e-17
7112.192 5.3448e-17
7113.727 5.2815e-17
7115.263 5.6401e-17
7116.798 5.5507e-17
7118.333 5.2661e-17
7119.869 5.3882e-17
7121.404 5.532e-17
7122.939 5.6856e-17
7124.475 5.729e-17
7126.010 5.8401e-17
7127.545 6.0129e-17
7129.081 5.5168e-17
7130.616 5.1367e-17
7132.151 5.5063e-17
7133.687 5.4095e-17
7135.222 5.2592e-17
7136.757 5.3706e-17
7138.292 5.4336e-17
7139.828 5.6455e-17
7141.363 5.7582e-17
7142.898 5.8145e-17
7144.434 5.8496e-17
7145.969 5.6448e-17
7147.504 5.385e-17
7149.040 5.3276e-17
7150.575 5.125e-17
7152.110 4.9099e-17
7153.646 5.0193e-17
7155.181 5.2523e-17
7156.716 5.0079e-17
7158.251 4.977e-17
7159.787 5.1289e-17
7161.322 5.3691e-17
7162.857 5.2629e-17
7164.393 4.8399e-17
7165.928 5.0302e-17
7167.463 5.1269e-17
7168.999 4.7121e-17
7170.534 5.054e-17
7172.069 4.7935e-17
7173.604 5.0245e-17
7175.140 5.471e-17
7176.675 5.5527e-17
7178.210 5.2582e-17
7179.746 4.8028e-17
7181.281 4.8229e-17
7182.816 4.9073e-17
7184.352 4.8898e-17
7185.887 4.8811e-17
7187.422 4.6802e-17
7188.958 4.4602e-17
7190.493 4.6306e-17
7192.028 4.8632e-17
7193.563 4.7407e-17
7195.099 4.735e-17
7196.634 4.8373e-17
7198.169 4.7039e-17
7199.705 4.8155e-17
7201.240 4.7447e-17
7202.775 4.4292e-17
7204.311 4.2534e-17
7205.846 4.4074e-17
7207.381 4.7458e-17
7208.917 4.7814e-17
7210.452 5.0667e-17
7211.987 5.5224e-17
7213.523 5.1244e-17
7215.058 4.3764e-17
7216.593 4.602e-17
7218.129 4.9104e-17
7219.664 4.7883e-17
7221.199 4.6324e-17
7222.735 4.6457e-17
7224.270 4.6343e-17
7225.805 4.5247e-17
7227.341 4.5897e-17
7228.876 4.8153e-17
7230.411 4.8469e-17
7231.947 4.3903e-17
7233.482 4.5474e-17
7235.017 4.7825e-17
7236.553 4.9044e-17
7238.088 4.5432e-17
7239.623 4.746e-17
7241.159 4.9706e-17
7242.694 5.2138e-17
7244.229 4.774e-17
7245.765 4.0172e-17
7247.300 3.8274e-17
7248.835 4.3907e-17
7250.371 4.1082e-17
7251.906 3.9988e-17
7253.441 4.4263e-17
7254.977 4.3602e-17
7256.512 4.1819e-17
7258.047 4.3734e-17
7259.583 4.5034e-17
7261.118 4.2896e-17
7262.653 4.5372e-17
7264.188 4.5113e-17
7265.724 4.3365e-17
7267.259 4.3196e-17
7268.794 4.084e-17
7270.330 4.1082e-17
7271.865 4.9715e-17
7273.400 5.5315e-17
7274.936 5.5537e-17
7276.471 5.0241e-17
7278.006 4.0167e-17
7279.542 4.0669e-17
7281.077 5.171e-17
7282.612 5.1457e-17
7284.147 4.502e-17
7285.683 3.9886e-17
7287.218 3.9459e-17
7288.753 4.2931e-17
7290.289 4.4861e-17
7291.824 4.1828e-17
7293.359 3.7798e-17
7294.895 3.9007e-17
7296.430 4.1237e-17
7297.965 4.1597e-17
7299.500 4.5304e-17
7301.036 4.6667e-17
7302.571 4.1291e-17
7304.106 4.0424e-17
7305.642 4.1325e-17
7307.177 3.9448e-17
7308.712 4.092e-17
7310.248 4.18e-17
7311.783 4.4209e-17
7313.318 4.3756e-17
7314.854 4.093e-17
7316.389 3.8018e-17
7317.924 3.0832e-17
7319.459 3.4599e-17
7320.995 3.7375e-17
7322.530 3.7186e-17
7324.065 3.9787e-17
7325.601 4.1911e-17
7327.136 3.3724e-17
7328.671 3.0771e-17
7330.207 3.4586e-17
7331.742 3.6582e-17
7333.277 3.2887e-17
7334.813 3.258e-17
7336.348 3.9077e-17
7337.883 4.2991e-17
7339.419 3.8353e-17
7340.954 3.4825e-17
7342.489 3.0566e-17
7344.025 3.3477e-17
7345.560 3.5134e-17
7347.095 3.4347e-17
7348.631 3.2488e-17
7350.166 3.2685e-17
7351.701 3.1778e-17
7353.237 3.3378e-17
7354.772 3.5526e-17
7356.307 3.5903e-17
7357.843 3.7341e-17
7359.378 3.4498e-17
7360.913 3.2435e-17
7362.449 3.1039e-17
7363.984 3.4035e-17
7365.519 3.8923e-17
7367.055 3.6653e-17
7368.590 3.4747e-17
7370.125 3.2364e-17
7371.661 3.3692e-17
7373.196 3.3017e-17
7374.731 3.5804e-17
7376.267 3.7999e-17
7377.802 4.2113e-17
7379.337 4.0902e-17
7380.873 3.801e-17
7382.408 3.6996e-17
7383.943 3.6446e-17
7385.479 3.7901e-17
7387.014 3.7315e-17
7388.549 3.8417e-17
7390.084 4.1573e-17
7391.620 4.2705e-17
7393.155 3.905e-17
7394.690 3.7031e-17
7396.226 3.9457e-17
7397.761 4.2662e-17
7399.296 4.3939e-17
7400.832 4.2586e-17
7402.367 3.9476e-17
7403.902 3.8097e-17
7405.438 4.0319e-17
7406.973 4.1518e-17
7408.508 4.2794e-17
7410.043 4.5364e-17
7411.579 4.6579e-17
7413.114 4.7385e-17
7414.649 4.9351e-17
7416.185 5.0944e-17
7417.720 4.6296e-17
7419.255 4.4947e-17
7420.791 4.722e-17
7422.326 4.4764e-17
7423.861 4.4531e-17
7425.396 4.564e-17
7426.932 4.6183e-17
7428.467 4.8274e-17
7430.002 4.8456e-17
7431.538 4.8094e-17
7433.073 5.1338e-17
7434.608 5.0243e-17
7436.144 4.9825e-17
7437.679 5.0975e-17
7439.214 4.9494e-17
7440.750 4.8877e-17
7442.285 4.7314e-17
7443.820 4.6912e-17
7445.355 4.826e-17
7446.891 4.6218e-17
7448.426 4.8066e-17
7449.961 5.0803e-17
7451.497 5.0143e-17
7453.032 4.9881e-17
7454.567 4.9537e-17
7456.103 4.699e-17
7457.638 4.663e-17
7459.173 4.911e-17
7460.709 5.004e-17
7462.244 4.9435e-17
7463.779 4.5746e-17
7465.315 4.4339e-17
7466.850 4.5082e-17
7468.385 4.789e-17
7469.921 5.2262e-17
7471.456 5.1417e-17
7472.991 4.8041e-17
7474.527 4.5928e-17
7476.062 4.7416e-17
7477.597 4.7379e-17
7479.133 4.5643e-17
7480.668 4.5671e-17
7482.203 4.6462e-17
7483.739 4.5537e-17
7485.274 4.7228e-17
7486.809 4.8175e-17
7488.345 5.0294e-17
7489.880 4.9894e-17
7491.415 4.9998e-17
7492.951 5.0572e-17
7494.486 4.7878e-17
7496.021 4.7171e-17
7497.557 4.603e-17
7499.092 4.8929e-17
7500.627 5.1891e-17
7502.163 5.2884e-17
7503.698 5.066e-17
7505.233 4.9338e-17
7506.769 5.2106e-17
7508.304 5.1724e-17
7509.839 4.8905e-17
7511.375 4.7785e-17
7512.910 4.7702e-17
7514.445 4.6361e-17
7515.980 4.3063e-17
7517.516 4.5187e-17
7519.051 5.317e-17
7520.586 5.1192e-17
7522.122 4.7849e-17
7523.657 4.7302e-17
7525.192 4.7497e-17
7526.728 4.9249e-17
7528.263 4.9018e-17
7529.798 5.286e-17
7531.333 5.3615e-17
7532.869 4.723e-17
7534.404 4.2697e-17
7535.939 4.6896e-17
7537.475 4.9637e-17
7539.010 4.6655e-17
7540.545 4.1828e-17
7542.081 4.2685e-17
7543.616 4.5809e-17
7545.151 4.3369e-17
7546.687 4.2744e-17
7548.222 4.5435e-17
7549.757 4.2726e-17
7551.292 4.4663e-17
7552.828 4.7143e-17
7554.363 4.4723e-17
7555.898 4.3436e-17
7557.434 4.3478e-17
7558.969 4.4064e-17
7560.504 4.6611e-17
7562.040 4.7379e-17
7563.575 4.5586e-17
7565.110 4.5747e-17
7566.646 5.0189e-17
7568.181 4.7509e-17
7569.716 4.0019e-17
7571.251 3.9809e-17
7572.787 4.2759e-17
7574.322 4.2457e-17
7575.857 4.022e-17
7577.393 4.0972e-17
7578.928 4.4505e-17
7580.463 4.6116e-17
7581.999 4.4378e-17
7583.534 4.1772e-17
7585.069 4.0841e-17
7586.605 4.1595e-17
7588.140 4.2099e-17
7589.675 4.2414e-17
7591.211 3.976e-17
7592.746 3.5879e-17
7594.281 3.4236e-17
7595.817 3.6028e-17
7597.352 4.3381e-17
7598.887 4.1388e-17
7600.423 3.1241e-17
7601.958 3.3923e-17
7603.493 4.1509e-17
7605.029 3.9221e-17
7606.564 3.0805e-17
7608.099 2.8779e-17
7609.635 3.4539e-17
7611.170 4.0204e-17
7612.705 4.0443e-17
7614.241 3.9343e-17
7615.776 4.3117e-17
7617.311 4.5047e-17
7618.847 4.245e-17
7620.382 3.855e-17
7621.917 3.9723e-17
7623.453 4.4425e-17
7624.988 4.0716e-17
7626.523 3.5087e-17
7628.059 4.2691e-17
7629.594 4.4706e-17
7631.129 4.0586e-17
7632.665 3.8674e-17
7634.200 3.6321e-17
7635.735 3.9094e-17
7637.271 4.5484e-17
7638.806 4.2011e-17
7640.341 3.2705e-17
7641.876 3.5286e-17
7643.412 4.1749e-17
7644.947 4.1262e-17
7646.482 3.9796e-17
7648.018 4.0102e-17
7649.553 4.1966e-17
7651.088 4.427e-17
7652.624 3.9363e-17
7654.159 3.9712e-17
7655.694 4.5037e-17
7657.229 4.6906e-17
7658.765 4.4149e-17
7660.300 4.1549e-17
7661.835 4.5839e-17
7663.371 4.836e-17
7664.906 4.6177e-17
7666.441 4.3544e-17
7667.977 4.3187e-17
7669.512 4.2122e-17
7671.047 4.482e-17
7672.583 4.4407e-17
7674.118 4.0187e-17
7675.653 4.4558e-17
7677.188 4.8851e-17
7678.724 4.7429e-17
7680.259 4.5784e-17
7681.794 4.6516e-17
7683.330 4.8817e-17
7684.865 5.0982e-17
7686.400 4.967e-17
7687.936 5.0215e-17
7689.471 5.4086e-17
7691.006 5.5233e-17
7692.542 5.0703e-17
7694.077 4.8547e-17
7695.612 5.0151e-17
7697.147 4.9722e-17
7698.683 5.1239e-17
7700.218 5.178e-17
7701.753 5.2511e-17
7703.289 5.3888e-17
7704.824 5.5306e-17
7706.359 5.7065e-17
7707.895 6.0186e-17
7709.430 5.837e-17
7710.965 5.2655e-17
7712.501 5.7215e-17
7714.036 5.6766e-17
7715.571 5.476e-17
7717.107 6.1146e-17
7718.642 5.8052e-17
7720.177 5.6022e-17
7721.713 5.7707e-17
7723.248 5.9239e-17
7724.783 6.1324e-17
7726.319 5.9937e-17
7727.854 5.8842e-17
7729.389 5.7588e-17
7730.925 5.6662e-17
7732.460 5.7e-17
7733.995 5.8548e-17
7735.531 5.8807e-17
7737.066 5.7013e-17
7738.601 5.5132e-17
7740.137 5.5722e-17
7741.672 5.8537e-17
7743.207 5.7981e-17
7744.743 6.046e-17
7746.278 6.4725e-17
7747.813 5.5718e-17
7749.349 5.88e-17
7750.884 6.7407e-17
7752.419 5.9443e-17
7753.955 5.7436e-17
7755.490 6.3858e-17
7757.025 6.5445e-17
7758.561 6.3261e-17
7760.096 6.0925e-17
7761.631 6.0796e-17
7763.167 6.331e-17
7764.702 6.075e-17
7766.237 5.9623e-17
7767.772 6.6295e-17
7769.308 6.857e-17
7770.843 6.6025e-17
7772.378 6.5543e-17
7773.914 6.2143e-17
7775.449 6.4549e-17
7776.984 6.6642e-17
7778.520 6.351e-17
7780.055 6.2344e-17
7781.590 6.2349e-17
7783.125 5.9796e-17
7784.661 5.7369e-17
7786.196 5.9624e-17
7787.731 5.9697e-17
7789.267 5.6492e-17
7790.802 5.3527e-17
7792.337 5.2213e-17
7793.873 5.8704e-17
7795.408 5.5396e-17
7796.943 4.9454e-17
7798.479 5.4764e-17
7800.014 6.0544e-17
7801.549 6.0901e-17
7803.084 5.7781e-17
7804.620 5.7612e-17
7806.155 5.6383e-17
7807.690 5.4275e-17
7809.226 5.4191e-17
7810.761 5.21e-17
7812.296 4.923e-17
7813.832 5.1525e-17
7815.367 5.4352e-17
7816.902 5.9999e-17
7818.438 6.1872e-17
7819.973 6.3417e-17
7821.508 6.08e-17
7823.043 5.1909e-17
7824.579 4.7684e-17
7826.114 4.8714e-17
7827.649 4.9832e-17
7829.185 5.146e-17
7830.720 5.1007e-17
7832.255 4.9065e-17
7833.791 5.1916e-17
7835.326 5.4746e-17
7836.861 5.8317e-17
7838.397 5.9503e-17
7839.932 5.3913e-17
7841.467 4.8773e-17
7843.003 5.2689e-17
7844.538 5.3525e-17
7846.073 5.0823e-17
7847.609 4.5626e-17
7849.144 4.8382e-17
7850.679 5.4636e-17
7852.215 5.1271e-17
7853.750 4.9271e-17
7855.285 5.2154e-17
7856.821 4.6232e-17
7858.356 4.2968e-17
7859.891 4.7294e-17
7861.427 5.0652e-17
7862.962 5.1818e-17
7864.497 5.3096e-17
7866.033 5.761e-17
7867.568 5.6037e-17
7869.103 5.4806e-17
7870.639 5.4579e-17
7872.174 5.0478e-17
7873.709 4.4634e-17
7875.245 4.4955e-17
7876.780 4.9871e-17
7878.315 4.807e-17
7879.851 4.3438e-17
7881.386 4.4116e-17
7882.921 4.5455e-17
7884.457 4.6579e-17
7885.992 5.15e-17
7887.527 5.1185e-17
7889.062 4.4221e-17
7890.598 3.7655e-17
7892.133 3.9263e-17
7893.668 4.5346e-17
7895.204 4.6913e-17
7896.739 4.5455e-17
7898.274 4.6493e-17
7899.810 4.9484e-17
7901.345 5.1142e-17
7902.880 4.9848e-17
7904.416 4.7185e-17
7905.951 4.5694e-17
7907.486 4.3203e-17
7909.021 4.8796e-17
7910.557 5.9206e-17
7912.092 5.8619e-17
7913.627 5.0645e-17
7915.163 4.0707e-17
7916.698 3.6168e-17
7918.233 4.1351e-17
7919.769 4.2839e-17
7921.304 4.2375e-17
7922.839 4.0822e-17
7924.375 3.8102e-17
7925.910 3.8105e-17
7927.445 3.8449e-17
7928.980 3.866e-17
7930.516 4.4053e-17
7932.051 4.2211e-17
7933.586 3.6111e-17
7935.122 3.7407e-17
7936.657 3.5546e-17
7938.192 3.4748e-17
7939.728 3.9087e-17
7941.263 4.0711e-17
7942.798 4.1051e-17
7944.333 4.4697e-17
7945.869 4.755e-17
7947.404 4.5042e-17
7948.939 4.2957e-17
7950.475 4.092e-17
7952.010 3.6453e-17
7953.545 3.572e-17
7955.081 3.9739e-17
7956.616 3.9093e-17
7958.151 3.5638e-17
7959.687 4.4361e-17
7961.222 4.9007e-17
7962.757 4.2368e-17
7964.293 4.088e-17
7965.828 4.2257e-17
7967.363 4.0679e-17
7968.899 3.7935e-17
7970.434 3.2946e-17
7971.969 3.4264e-17
7973.505 3.7128e-17
7975.040 4.1883e-17
7976.575 4.6832e-17
7978.111 4.1159e-17
7979.646 3.762e-17
7981.181 3.6697e-17
7982.717 3.6476e-17
7984.252 3.7739e-17
7985.787 3.7646e-17
7987.323 3.8023e-17
7988.858 4.3458e-17
7990.393 4.8428e-17
7991.929 4.6536e-17
7993.464 3.8883e-17
7994.999 3.7236e-17
7996.535 3.8664e-17
7998.070 3.4511e-17
7999.605 3.6213e-17
8001.141 3.5369e-17
8002.676 3.5018e-17
8004.211 3.3395e-17
8005.747 3.1693e-17
8007.282 3.3249e-17
8008.817 3.4762e-17
8010.352 3.7741e-17
8011.888 3.7447e-17
8013.423 3.4866e-17
8014.958 3.4006e-17
8016.494 3.1623e-17
8018.029 2.9023e-17
8019.564 3.2399e-17
8021.100 3.9573e-17
8022.635 3.9433e-17
8024.170 3.5426e-17
8025.706 3.3255e-17
8027.241 2.8986e-17
8028.776 2.6624e-17
8030.312 2.986e-17
8031.847 3.0453e-17
8033.382 3.0554e-17
8034.917 2.8822e-17
8036.453 3.1516e-17
8037.988 3.119e-17
8039.523 3.2546e-17
8041.059 3.4101e-17
8042.594 3.3581e-17
8044.129 3.2799e-17
8045.665 2.9996e-17
8047.200 3.1925e-17
8048.735 3.137e-17
8050.271 3.211e-17
8051.806 3.3387e-17
8053.341 3.0611e-17
8054.876 2.8599e-17
8056.412 2.7608e-17
8057.947 3.0985e-17
8059.482 3.1197e-17
8061.018 2.8288e-17
8062.553 2.7092e-17
8064.088 2.9598e-17
8065.624 2.7772e-17
8067.159 2.8185e-17
8068.694 2.9669e-17
8070.229 2.6681e-17
8071.765 2.5666e-17
8073.300 3.0127e-17
8074.835 3.377e-17
8076.371 3.4947e-17
8077.906 3.0381e-17
8079.441 2.7726e-17
8080.977 2.8967e-17
8082.512 2.9111e-17
8084.047 3.1605e-17
8085.583 3.1757e-17
8087.118 3.0566e-17
8088.653 3.1868e-17
8090.189 2.9278e-17
8091.724 2.9765e-17
8093.259 3.1286e-17
8094.795 2.982e-17
8096.330 3.1002e-17
8097.865 3.3191e-17
8099.401 2.993e-17
8100.936 2.6848e-17
8102.471 2.4393e-17
8104.007 2.5109e-17
8105.542 2.741e-17
8107.077 2.5923e-17
8108.613 2.479e-17
8110.148 2.5694e-17
8111.683 2.7158e-17
8113.219 2.7309e-17
8114.754 2.5055e-17
8116.289 2.4917e-17
8117.825 2.8007e-17
8119.360 2.9309e-17
8120.895 2.8526e-17
8122.431 2.7576e-17
8123.966 2.6174e-17
8125.501 2.6792e-17
8127.037 2.7489e-17
8128.572 2.8651e-17
8130.107 3.0958e-17
8131.642 3.1717e-17
8133.178 2.9642e-17
8134.713 2.846e-17
8136.248 2.9947e-17
8137.784 2.8675e-17
8139.319 2.7203e-17
8140.854 2.6854e-17
8142.390 2.7167e-17
8143.925 2.7258e-17
8145.460 2.5405e-17
8146.996 2.6302e-17
8148.531 2.8364e-17
8150.066 2.7924e-17
8151.602 2.82e-17
8153.137 2.9796e-17
8154.672 2.9235e-17
8156.208 2.6429e-17
8157.743 2.8339e-17
8159.278 3.2532e-17
8160.813 3.1068e-17
8162.349 2.8739e-17
8163.884 2.9591e-17
8165.419 3.1125e-17
8166.955 3.1612e-17
8168.490 3.303e-17
8170.025 3.5656e-17
8171.561 3.4836e-17
8173.096 3.1163e-17
8174.631 3.1075e-17
8176.167 3.1317e-17
8177.702 3.337e-17
8179.237 3.2602e-17
8180.772 2.9628e-17
8182.308 3.0236e-17
8183.843 3.3515e-17
8185.378 3.1875e-17
8186.914 3.102e-17
8188.449 3.5658e-17
8189.984 3.4086e-17
8191.520 3.5658e-17
8193.055 3.9439e-17
8194.590 3.946e-17
8196.126 3.7062e-17
8197.661 3.7336e-17
8199.196 4.0334e-17
8200.731 3.8224e-17
8202.267 3.6162e-17
8203.802 3.5886e-17
8205.338 3.7303e-17
8206.873 3.7292e-17
8208.408 3.6373e-17
8209.943 4.0021e-17
8211.479 4.2575e-17
8213.014 4.1159e-17
8214.550 4.0338e-17
8216.085 4.0339e-17
8217.620 4.1342e-17
8219.155 3.8729e-17
8220.690 3.7983e-17
8222.226 4.1123e-17
8223.762 3.9968e-17
8225.297 3.8649e-17
8226.832 3.589e-17
8228.367 3.8014e-17
8229.902 3.9106e-17
8231.438 4.3607e-17
8232.974 4.6143e-17
8234.509 4.2854e-17
8236.044 3.9962e-17
8237.579 3.7539e-17
8239.114 4.0877e-17
8240.649 4.2052e-17
8242.186 4.0715e-17
8243.721 4.0234e-17
8245.256 4.3701e-17
8246.791 4.514e-17
8248.326 4.4872e-17
8249.861 4.3182e-17
8251.397 4.126e-17
8252.933 4.2493e-17
8254.468 4.2579e-17
8256.003 4.1664e-17
8257.538 4.1912e-17
8259.073 4.5402e-17
8260.609 4.7356e-17
8262.145 4.4752e-17
8263.680 4.4349e-17
8265.215 4.3189e-17
8266.750 4.1838e-17
8268.285 4.4649e-17
8269.821 4.8263e-17
8271.356 4.5658e-17
8272.892 4.4593e-17
8274.427 4.8259e-17
8275.962 4.9749e-17
8277.497 4.7091e-17
8279.033 4.635e-17
8280.568 4.797e-17
8282.104 4.8555e-17
8283.639 4.6378e-17
8285.174 4.3046e-17
8286.709 4.1768e-17
8288.245 4.5e-17
8289.780 4.2473e-17
8291.315 3.74e-17
8292.851 3.8894e-17
8294.386 4.1882e-17
8295.921 4.6312e-17
8297.457 4.5331e-17
8298.992 4.3523e-17
8300.527 3.4565e-17
8302.062 3.488e-17
8303.598 3.7664e-17
8305.133 3.5399e-17
8306.668 3.6147e-17
8308.204 3.9768e-17
8309.739 3.6952e-17
8311.274 3.4374e-17
8312.810 3.9079e-17
8314.345 4.1937e-17
8315.880 4.4996e-17
8317.416 4.2784e-17
8318.951 3.6248e-17
8320.486 3.5228e-17
8322.021 3.8303e-17
8323.557 3.7738e-17
8325.092 3.6811e-17
8326.628 3.8955e-17
8328.163 3.8939e-17
8329.698 3.7722e-17
8331.233 3.8713e-17
8332.769 4.0234e-17
8334.304 3.8591e-17
8335.840 3.7938e-17
8337.375 3.6948e-17
8338.910 3.7136e-17
8340.445 5.2235e-17
8341.980 6.1439e-17
8343.516 4.9207e-17
8345.052 4.3898e-17
8346.587 3.7746e-17
8348.122 3.2133e-17
8349.657 3.8955e-17
8351.192 4.01e-17
8352.728 3.7133e-17
8354.264 3.4839e-17
8355.799 3.317e-17
8357.334 3.5601e-17
8358.869 3.9892e-17
8360.404 4.1899e-17
8361.939 3.8226e-17
8363.476 3.7287e-17
8365.011 4.1591e-17
8366.546 4.0168e-17
8368.081 3.7636e-17
8369.616 3.8888e-17
8371.151 3.7929e-17
8372.688 3.637e-17
8374.223 3.6103e-17
8375.758 3.6697e-17
8377.293 3.728e-17
8378.828 3.7035e-17
8380.363 3.4761e-17
8381.899 3.5821e-17
8383.435 3.9715e-17
8384.970 3.7529e-17
8386.505 3.5937e-17
8388.040 3.7825e-17
8389.575 3.7958e-17
8391.111 3.4987e-17
8392.646 3.357e-17
8394.182 3.3789e-17
8395.717 4.0097e-17
8397.252 4.0154e-17
8398.787 3.2513e-17
8400.323 3.3079e-17
8401.858 2.9987e-17
8403.394 2.972e-17
8404.929 3.4895e-17
8406.464 3.236e-17
8407.999 3.0614e-17
8409.535 3.4934e-17
8411.070 4.1528e-17
8412.605 4.116e-17
8414.141 3.1552e-17
8415.676 2.6971e-17
8417.211 2.9037e-17
8418.747 3.0679e-17
8420.282 3.5822e-17
8421.817 3.5034e-17
8423.353 3.1244e-17
8424.888 3.1282e-17
8426.423 3.9557e-17
8427.958 4.1203e-17
8429.494 3.372e-17
8431.029 3.1968e-17
8432.564 3.1103e-17
8434.100 3.0518e-17
8435.635 3.3559e-17
8437.170 3.792e-17
8438.706 3.5836e-17
8440.241 3.2104e-17
8441.776 2.9736e-17
8443.312 3.1719e-17
8444.847 3.5943e-17
8446.382 3.7599e-17
8447.918 3.8249e-17
8449.453 3.8118e-17
8450.988 3.7149e-17
8452.523 4.0751e-17
8454.059 3.699e-17
8455.594 3.5043e-17
8457.130 3.2399e-17
8458.665 3.3973e-17
8460.200 3.8181e-17
8461.735 3.941e-17
8463.271 3.4319e-17
8464.806 2.9114e-17
8466.342 2.5436e-17
8467.877 2.0671e-17
8469.412 2.9962e-17
8470.947 3.5002e-17
8472.482 3.3651e-17
8474.018 3.197e-17
8475.554 3.1057e-17
8477.089 3.0954e-17
8478.624 3.1549e-17
8480.159 3.3964e-17
8481.694 3.3164e-17
8483.229 3.1893e-17
8484.766 3.199e-17
8486.301 3.1372e-17
8487.836 2.8646e-17
8489.371 3.4785e-17
8490.906 3.9209e-17
8492.441 3.8641e-17
8493.978 3.834e-17
8495.513 3.2819e-17
8497.048 3.0842e-17
8498.583 3.2155e-17
8500.118 3.7128e-17
8501.653 3.9015e-17
8503.189 3.3357e-17
8504.725 3.5278e-17
8506.260 3.3469e-17
8507.795 3.0394e-17
8509.330 3.0638e-17
8510.865 3.2095e-17
8512.401 3.1367e-17
8513.937 2.8581e-17
8515.472 3.159e-17
8517.007 3.2443e-17
8518.542 3.0646e-17
8520.077 3.0554e-17
8521.613 3.1554e-17
8523.148 3.2455e-17
8524.684 3.3362e-17
8526.219 3.0487e-17
8527.754 2.9957e-17
8529.289 3.0066e-17
8530.825 3.0244e-17
8532.360 3.4407e-17
8533.896 3.3949e-17
8535.431 3.1487e-17
8536.966 3.2485e-17
8538.501 2.9502e-17
8540.037 2.7036e-17
8541.572 2.791e-17
8543.107 3.0903e-17
8544.643 3.2797e-17
8546.178 3.1485e-17
8547.713 3.3281e-17
8549.248 3.3817e-17
8550.784 2.9432e-17
8552.319 2.635e-17
8553.854 2.6644e-17
8555.390 2.7854e-17
8556.925 3.1666e-17
8558.460 3.2366e-17
8559.996 2.633e-17
8561.531 2.5658e-17
8563.066 2.9899e-17
8564.602 2.9209e-17
8566.137 2.8673e-17
8567.672 3.037e-17
8569.208 3.0491e-17
8570.743 2.8918e-17
8572.278 2.9116e-17
8573.813 3.1194e-17
8575.349 3.1668e-17
8576.884 3.2984e-17
8578.420 3.3604e-17
8579.955 2.9552e-17
8581.490 2.6536e-17
8583.025 2.9857e-17
8584.561 3.1842e-17
8586.096 3.0207e-17
8587.632 3.0423e-17
8589.167 3.0621e-17
8590.702 2.8913e-17
8592.237 2.8852e-17
8593.772 3.1622e-17
8595.308 2.8129e-17
8596.844 2.4266e-17
8598.379 2.7941e-17
8599.914 2.9652e-17
8601.449 3.0598e-17
8602.984 2.8962e-17
8604.520 3.1387e-17
8606.056 3.1464e-17
8607.591 2.6691e-17
8609.126 2.6936e-17
8610.661 2.9743e-17
8612.196 3.2013e-17
8613.731 3.1698e-17
8615.268 2.7767e-17
8616.803 2.9848e-17
8618.338 3.2691e-17
8619.873 3.2657e-17
8621.408 3.1405e-17
8622.943 2.9206e-17
8624.479 2.8515e-17
8626.015 3.3031e-17
8627.550 3.4439e-17
8629.085 2.8227e-17
8630.620 3.1591e-17
8632.155 3.3645e-17
8633.691 2.9379e-17
8635.227 2.6984e-17
8636.762 2.8411e-17
8638.297 3.113e-17
8639.832 3.1344e-17
8641.367 2.5257e-17
8642.903 2.8296e-17
8644.438 3.2894e-17
8645.974 3.0657e-17
8647.509 2.8551e-17
8649.044 3.1564e-17
8650.579 3.2986e-17
8652.115 3.5209e-17
8653.650 3.1086e-17
8655.186 3.5601e-17
8656.721 3.7098e-17
8658.256 2.8119e-17
8659.791 2.0969e-17
8661.327 2.3118e-17
8662.862 2.6708e-17
8664.397 3.3954e-17
8665.933 3.1711e-17
8667.468 2.7184e-17
8669.003 3.0498e-17
8670.538 3.4021e-17
8672.074 3.222e-17
8673.609 2.5015e-17
8675.145 3.0234e-17
8676.680 3.8264e-17
8678.215 3.3929e-17
8679.750 3.1983e-17
8681.286 3.4152e-17
8682.821 3.6521e-17
8684.356 3.6178e-17
8685.892 3.7908e-17
8687.427 3.2753e-17
8688.962 3.4156e-17
8690.498 3.4441e-17
8692.033 3.1715e-17
8693.568 3.3389e-17
8695.104 2.9912e-17
8696.639 2.9968e-17
8698.174 3.549e-17
8699.710 3.3943e-17
8701.245 3.1935e-17
8702.780 3.3437e-17
8704.315 3.6171e-17
8705.851 3.2659e-17
8707.386 2.8751e-17
8708.922 2.9354e-17
8710.457 3.176e-17
8711.992 3.4462e-17
8713.527 3.1301e-17
8715.062 3.1711e-17
8716.598 3.2935e-17
8718.134 3.5732e-17
8719.669 3.7325e-17
8721.204 3.7406e-17
8722.739 3.8396e-17
8724.274 3.4926e-17
8725.810 3.3261e-17
8727.346 3.3168e-17
8728.881 3.3743e-17
8730.416 3.1806e-17
8731.951 3.1066e-17
8733.486 3.1587e-17
8735.021 3.0833e-17
8736.558 2.8656e-17
8738.093 2.9418e-17
8739.628 3.1904e-17
8741.163 3.1219e-17
8742.698 2.77e-17
8744.233 2.6595e-17
8745.770 3.0115e-17
8747.305 3.2635e-17
8748.840 3.0801e-17
8750.375 2.7088e-17
8751.910 2.6203e-17
8753.445 3.1152e-17
8754.981 3.7037e-17
8756.517 3.9253e-17
8758.052 3.4491e-17
8759.587 3.0318e-17
8761.122 3.3201e-17
8762.657 3.5905e-17
8764.193 3.2174e-17
8765.729 3.6168e-17
8767.264 4.2002e-17
8768.799 2.766e-17
8770.334 1.7116e-17
8771.869 2.5594e-17
8773.405 3.542e-17
8774.940 3.0266e-17
8776.476 2.112e-17
8778.011 2.3245e-17
8779.546 2.2508e-17
8781.081 1.7853e-17
8782.617 1.9468e-17
8784.152 2.0273e-17
8785.688 2.1435e-17
8787.223 2.4761e-17
8788.758 2.5757e-17
8790.293 2.5558e-17
8791.828 2.5461e-17
8793.364 2.1954e-17
8794.899 1.8766e-17
8796.435 2.0446e-17
8797.970 1.7066e-17
8799.505 1.8439e-17
8801.040 2.1917e-17
8802.576 2.223e-17
8804.111 2.4067e-17
8805.646 2.4039e-17
8807.182 2.12e-17
8808.717 2.019e-17
8810.252 2.1169e-17
8811.788 1.99e-17
8813.323 2.2012e-17
8814.858 2.1762e-17
8816.394 1.9695e-17
8817.929 1.7915e-17
8819.464 1.6419e-17
8821.000 1.4757e-17
8822.535 2.7206e-17
8824.070 3.4783e-17
8825.605 1.6619e-17
8827.141 2.9912e-17
8828.676 2.7007e-17
8830.212 4.2151e-18
8831.747 1.3395e-17
8833.282 2.424e-17
8834.817 3.4647e-17
8836.353 3.36e-17
8837.888 1.913e-17
8839.424 1.0788e-17
8840.959 1.7443e-17
8842.494 1.8139e-17
8844.029 1.5467e-17
8845.564 1.8239e-17
8847.100 2.1065e-17
8848.636 1.5734e-17
8850.171 1.9294e-17
8851.706 2.0169e-17
8853.241 1.7076e-17
8854.776 1.583e-17
8856.312 1.663e-17
8857.848 1.9632e-17
8859.383 1.9857e-17
8860.918 1.791e-17
8862.453 2.4994e-17
8863.988 2.7154e-17
8865.523 2.0081e-17
8867.060 1.7845e-17
8868.595 2.3857e-17
8870.130 1.6807e-17
8871.665 1.5197e-17
8873.200 1.9689e-17
8874.735 2.2887e-17
8876.271 2.3696e-17
8877.807 2.1953e-17
8879.342 1.5477e-17
8880.877 2.6371e-17
8882.412 3.6742e-17
8883.947 1.822e-17
8885.483 1.7223e-17
8887.019 2.7967e-17
8888.554 1.458e-17
8890.089 1.2445e-17
8891.624 2.0408e-17
8893.159 2.4851e-17
8894.695 2.7366e-17
8896.230 2.6708e-17
8897.766 2.6308e-17
8899.301 2.9842e-17
8900.836 3.0343e-17
8902.371 3.3036e-17
8903.906 2.6319e-17
8905.442 1.8149e-17
8906.978 2.125e-17
8908.513 2.7253e-17
8910.048 2.9941e-17
8911.583 2.4889e-17
8913.118 2.3475e-17
8914.654 3.6056e-17
8916.189 3.8621e-17
8917.725 2.89e-17
8919.260 2.8037e-17
8920.795 3.1955e-17
8922.330 2.0376e-17
8923.866 2.1494e-17
8925.401 3.2641e-17
8926.937 3.2977e-17
8928.472 3.2951e-17
8930.007 3.4114e-17
8931.542 3.3634e-17
8933.078 3.8854e-17
8934.613 4.2737e-17
8936.148 3.798e-17
8937.684 3.5166e-17
8939.219 4.0386e-17
8940.754 3.7675e-17
8942.290 3.328e-17
8943.825 4.1289e-17
8945.360 4.1061e-17
8946.896 3.5252e-17
8948.431 3.4773e-17
8949.966 3.3239e-17
8951.502 3.2505e-17
8953.037 4.5133e-17
8954.572 5.498e-17
8956.107 4.2789e-17
8957.643 3.9759e-17
8959.178 3.6313e-17
8960.714 2.9098e-17
8962.249 3.5955e-17
8963.784 3.8205e-17
8965.319 4.0402e-17
8966.854 4.4437e-17
8968.390 4.8949e-17
8969.926 4.6279e-17
8971.461 4.3099e-17
8972.996 4.6201e-17
8974.531 4.4222e-17
8976.066 4.091e-17
8977.602 4.3721e-17
8979.138 4.6974e-17
8980.673 5.128e-17
8982.208 5.0019e-17
8983.743 5.1666e-17
8985.278 5.0683e-17
8986.813 4.6356e-17
8988.350 5.6913e-17
8989.885 5.6343e-17
8991.420 4.6482e-17
8992.955 4.6462e-17
8994.490 4.7615e-17
8996.025 5.4364e-17
8997.562 6.1823e-17
8999.097 6.5316e-17
9000.632 7.0931e-17
9002.167 6.2839e-17
9003.702 4.9439e-17
9005.237 5.2676e-17
9006.773 5.6312e-17
9008.309 5.5252e-17
9009.844 5.8168e-17
9011.379 6.1659e-17
9012.914 6.2595e-17
9014.449 6.0992e-17
9015.985 5.4502e-17
9017.521 5.5851e-17
9019.056 6.3185e-17
9020.591 6.4079e-17
9022.126 6.3033e-17
9023.661 6.2148e-17
9025.196 6.0293e-17
9026.732 5.9484e-17
9028.268 6.2084e-17
9029.803 6.3514e-17
9031.338 6.5273e-17
9032.873 6.654e-17
9034.408 6.9405e-17
9035.944 6.9765e-17
9037.479 6.8084e-17
9039.015 6.341e-17
9040.550 6.0414e-17
9042.085 5.8529e-17
9043.620 6.1738e-17
9045.156 6.8908e-17
9046.691 6.9133e-17
9048.227 6.9116e-17
9049.762 7.14e-17
9051.297 6.4893e-17
9052.832 5.7701e-17
9054.368 5.7083e-17
9055.903 6.0189e-17
9057.438 6.0368e-17
9058.974 5.9139e-17
9060.509 6.1359e-17
9062.044 6.2237e-17
9063.580 6.393e-17
9065.115 6.3836e-17
9066.650 6.405e-17
9068.186 6.6274e-17
9069.721 6.9179e-17
9071.256 6.5705e-17
9072.792 6.3036e-17
9074.327 6.3305e-17
9075.862 6.4454e-17
9077.397 6.5663e-17
9078.933 6.6617e-17
9080.468 6.8283e-17
9082.004 7.0805e-17
9083.539 6.847e-17
9085.074 6.5898e-17
9086.609 6.5038e-17
9088.145 6.9241e-17
9089.680 6.9847e-17
9091.216 6.5745e-17
9092.751 6.736e-17
9094.286 7.0652e-17
9095.821 6.821e-17
9097.356 6.8371e-17
9098.892 7.3896e-17
9100.428 6.9504e-17
9101.963 6.7221e-17
9103.498 7.2192e-17
9105.033 7.3125e-17
9106.568 7.2642e-17
9108.104 7.2852e-17
9109.640 7.4285e-17
9111.175 7.2462e-17
9112.710 7.1049e-17
9114.245 7.3706e-17
9115.780 7.4911e-17
9117.315 7.4865e-17
9118.852 7.5739e-17
9120.387 7.7356e-17
9121.922 7.9526e-17
9123.457 8.0715e-17
9124.992 8.1316e-17
9126.527 7.6785e-17
9128.063 7.3825e-17
9129.599 7.7549e-17
9131.134 7.8276e-17
9132.669 7.7341e-17
9134.204 7.9134e-17
9135.739 7.8526e-17
9137.275 7.9474e-17
9138.811 8.3488e-17
9140.346 8.4035e-17
9141.881 8.2829e-17
9143.416 7.8772e-17
9144.951 7.717e-17
9146.486 7.9556e-17
9148.022 8.0593e-17
9149.558 7.9429e-17
9151.093 8.2242e-17
9152.628 8.849e-17
9154.163 8.7846e-17
9155.698 8.366e-17
9157.234 8.3731e-17
9158.770 8.7004e-17
9160.305 8.6684e-17
9161.840 8.6007e-17
9163.375 8.4125e-17
9164.910 7.9053e-17
9166.446 8.0488e-17
9167.981 8.2696e-17
9169.517 7.8679e-17
9171.052 7.7429e-17
9172.587 8.1275e-17
9174.122 8.3891e-17
9175.658 8.5129e-17
9177.193 8.8293e-17
9178.729 8.63e-17
9180.264 8.3943e-17
9181.799 8.6067e-17
9183.334 8.5739e-17
9184.870 8.3481e-17
9186.405 8.3981e-17
9187.940 8.4691e-17
9189.476 8.4114e-17
9191.011 8.3156e-17
9192.546 7.9241e-17
9194.082 7.9602e-17
9195.617 8.3495e-17
9197.152 8.7971e-17
9198.688 8.6968e-17
9200.223 8.4122e-17
9201.758 8.3796e-17
9203.294 8.4991e-17
9204.829 8.5519e-17
9206.364 8.311e-17
9207.899 7.6815e-17
9209.435 7.965e-17
9210.970 8.3093e-17
9212.506 8.0185e-17
9214.041 7.9153e-17
9215.576 7.5874e-17
9217.111 7.5235e-17
9218.646 7.7411e-17
9220.182 7.9913e-17
9221.718 7.8619e-17
9223.253 7.5312e-17
9224.788 7.3822e-17
9226.323 7.5828e-17
9227.858 7.893e-17
9229.394 7.7271e-17
9230.930 7.6043e-17
9232.465 7.6302e-17
9234.000 7.5569e-17
9235.535 7.3476e-17
9237.070 7.7458e-17
9238.605 7.8457e-17
9240.142 7.6213e-17
9241.677 7.2027e-17
9243.212 7.2586e-17
9244.747 7.3925e-17
9246.282 7.0768e-17
9247.817 6.8526e-17
9249.354 7.277e-17
9250.889 7.3364e-17
9252.424 7.0245e-17
9253.959 6.983e-17
9255.494 6.6222e-17
9257.029 6.7384e-17
9258.565 6.9196e-17
9260.101 6.9593e-17
9261.636 7.1926e-17
9263.171 7.0047e-17
9264.706 6.5132e-17
9266.241 6.3821e-17
9267.776 6.3753e-17
9269.312 6.5326e-17
9270.848 6.7844e-17
9272.383 6.7612e-17
9273.918 6.5381e-17
9275.453 6.4108e-17
9276.988 6.4917e-17
9278.524 6.5647e-17
9280.060 7.0766e-17
9281.595 7.0992e-17
9283.130 6.4314e-17
9284.665 6.7089e-17
9286.200 7.2464e-17
9287.736 7.4544e-17
9289.271 7.1584e-17
9290.807 6.7438e-17
9292.342 7.1043e-17
9293.877 7.5543e-17
9295.412 7.4401e-17
9296.948 7.0665e-17
9298.483 6.7011e-17
9300.019 6.8453e-17
9301.554 7.9573e-17
9303.089 9.0682e-17
9304.624 9.4207e-17
9306.160 8.7684e-17
9307.695 7.7185e-17
9309.230 7.7417e-17
9310.766 7.8489e-17
9312.301 7.7616e-17
9313.836 6.6979e-17
9315.372 4.4243e-17
9316.907 5.0913e-17
9318.442 8.2539e-17
9319.978 9.0655e-17
9321.513 9.3146e-17
9323.048 9.6015e-17
9324.584 8.0883e-17
9326.119 7.5044e-17
9327.654 7.3429e-17
9329.189 7.0788e-17
9330.725 6.7473e-17
9332.260 6.7801e-17
9333.796 7.3022e-17
9335.331 7.1975e-17
9336.866 6.8583e-17
9338.401 7.1806e-17
9339.937 6.5287e-17
9341.472 6.5792e-17
9343.008 7.1273e-17
9344.543 8.5611e-17
9346.078 8.6075e-17
9347.613 7.9168e-17
9349.148 7.5984e-17
9350.684 7.3398e-17
9352.220 6.1318e-17
9353.755 5.6761e-17
9355.290 6.7639e-17
9356.825 7.0262e-17
9358.360 6.2302e-17
9359.896 6.6989e-17
9361.432 7.0329e-17
9362.967 6.5892e-17
9364.502 6.1435e-17
9366.037 5.7803e-17
9367.572 5.023e-17
9369.107 4.555e-17
9370.644 9.047e-17
9372.179 1.4116e-16
9373.714 1.1811e-16
9375.249 1.1092e-16
9376.784 9.1202e-17
9378.319 2.3681e-17
9379.854 2.6572e-17
9381.391 4.8502e-17
9382.926 5.753e-17
9384.461 5.7585e-17
9385.996 5.2521e-17
9387.531 5.4693e-17
9389.066 5.8516e-17
9390.603 5.9483e-17
9392.138 6.2841e-17
9393.673 5.9112e-17
9395.208 5.1977e-17
9396.743 5.1929e-17
9398.278 6.0448e-17
9399.814 5.4932e-17
9401.350 4.7008e-17
9402.885 5.7288e-17
9404.420 5.5453e-17
9405.955 5.3224e-17
9407.490 4.9543e-17
9409.026 5.136e-17
9410.562 5.2473e-17
9412.097 4.9761e-17
9413.632 4.3432e-17
9415.167 5.7835e-17
9416.702 7.7059e-17
9418.238 6.9554e-17
9419.773 6.3581e-17
9421.309 5.3521e-17
9422.844 4.2447e-17
9424.379 3.9811e-17
9425.914 4.4394e-17
9427.450 4.9932e-17
9428.985 5.2655e-17
9430.521 4.9575e-17
9432.056 4.8624e-17
9433.591 5.3399e-17
9435.126 6.2797e-17
9436.662 5.9968e-17
9438.197 6.2275e-17
9439.732 8.1086e-17
9441.268 4.9453e-17
9442.803 3.0759e-17
9444.338 4.5632e-17
9445.874 5.2096e-17
9447.409 5.353e-17
9448.944 5.6178e-17
9450.479 4.9289e-17
9452.015 5.268e-17
9453.550 6.8071e-17
9455.086 6.9402e-17
9456.621 5.8738e-17
9458.156 6.0956e-17
9459.691 4.6592e-17
9461.227 3.6139e-17
9462.762 4.4578e-17
9464.298 5.1536e-17
9465.833 4.998e-17
9467.368 4.5157e-17
9468.903 4.3014e-17
9470.438 5.0081e-17
9471.974 5.0328e-17
9473.510 5.3981e-17
9475.045 6.0569e-17
9476.580 7.5148e-17
9478.115 6.6903e-17
9479.650 3.3228e-17
9481.186 3.2747e-17
9482.722 5.4274e-17
9484.257 5.9183e-17
9485.792 5.6665e-17
9487.327 5.5007e-17
9488.862 5.316e-17
9490.397 4.9153e-17
9491.934 4.0666e-17
9493.469 3.6919e-17
9495.004 4.3065e-17
9496.539 4.6049e-17
9498.074 5.3392e-17
9499.609 6.4645e-17
9501.145 6.2023e-17
9502.681 6.6398e-17
9504.216 6.4968e-17
9505.751 5.0628e-17
9507.286 4.8158e-17
9508.821 5.0715e-17
9510.356 4.9852e-17
9511.893 4.3369e-17
9513.428 4.4891e-17
9514.963 5.6319e-17
9516.498 4.8954e-17
9518.033 4.3557e-17
9519.568 5.4667e-17
9521.104 4.6768e-17
9522.640 4.0231e-17
9524.175 4.5727e-17
9525.710 5.1255e-17
9527.245 5.337e-17
9528.780 5.3384e-17
9530.316 5.309e-17
9531.852 4.6726e-17
9533.387 4.7288e-17
9534.922 4.8495e-17
9536.457 4.9853e-17
9537.992 4.8322e-17
9539.528 4.5683e-17
9541.063 4.3483e-17
9542.599 4.6246e-17
9544.134 4.2987e-17
9545.669 3.8125e-17
9547.204 4.7127e-17
9548.740 5.7292e-17
9550.275 5.382e-17
9551.811 4.8016e-17
9553.346 3.8346e-17
9554.881 3.095e-17
9556.416 3.8146e-17
9557.952 4.2249e-17
9559.487 3.8933e-17
9561.022 4.1024e-17
9562.558 4.87e-17
9564.093 4.5775e-17
9565.628 5.3722e-17
9567.164 6.8169e-17
9568.699 5.6752e-17
9570.234 3.1222e-17
9571.770 3.3987e-17
9573.305 4.2343e-17
9574.840 4.5063e-17
9576.376 4.8318e-17
9577.911 4.3019e-17
9579.446 3.7333e-17
9580.981 3.9578e-17
9582.517 4.3415e-17
9584.052 4.1414e-17
9585.588 3.7153e-17
9587.123 3.7643e-17
9588.658 4.1697e-17
9590.193 4.2992e-17
9591.729 4.1796e-17
9593.264 3.9275e-17
9594.800 4.1761e-17
9596.335 4.3798e-17
9597.870 4.0899e-17
9599.405 3.804e-17
9600.940 3.6872e-17
9602.476 3.997e-17
9604.012 3.8973e-17
9605.547 3.7492e-17
9607.082 4.0535e-17
9608.617 3.6581e-17
9610.152 3.4695e-17
9611.688 3.5422e-17
9613.224 3.327e-17
9614.759 3.3657e-17
9616.294 3.7256e-17
9617.829 4.1473e-17
9619.364 4.8455e-17
9620.899 4.1338e-17
9622.435 3.3149e-17
9623.971 3.1319e-17
9625.506 2.8343e-17
9627.041 3.2388e-17
9628.576 3.3149e-17
9630.111 3.1257e-17
9631.646 3.3636e-17
9633.183 3.3804e-17
9634.718 3.2906e-17
9636.253 3.5579e-17
9637.788 3.7689e-17
9639.323 3.9352e-17
9640.858 3.7208e-17
9642.395 3.6706e-17
9643.930 3.5257e-17
9645.465 3.242e-17
9647.000 2.7802e-17
9648.535 3.177e-17
9650.070 3.9547e-17
9651.606 3.9723e-17
9653.142 4.1295e-17
9654.677 4.1647e-17
9656.212 3.9556e-17
9657.747 4.0788e-17
9659.282 4.1478e-17
9660.818 3.7577e-17
9662.354 3.2474e-17
9663.889 3.151e-17
9665.424 3.1576e-17
9666.959 3.1108e-17
9668.494 3.4981e-17
9670.030 3.2468e-17
9671.565 2.5122e-17
9673.101 2.2728e-17
9674.636 2.3045e-17
9676.171 2.125e-17
9677.706 2.0356e-17
9679.242 1.959e-17
9680.777 1.5703e-17
9682.312 1.0983e-17
9683.848 7.0662e-18
9685.383 6.7356e-18
9686.918 6.8114e-18
9688.454 5.1676e-18
9689.989 3.9681e-18
9691.524 3.2698e-18
9693.060 2.743e-18
9694.595 2.1773e-18
9696.130 1.8924e-18
9697.666 1.3898e-18
9699.201 7.9977e-19
9700.736 5.0867e-19
