# OBJECT  = ZTF18ABXBMQH        /
# OBJECT  = ZTF18ABXBMQH       / Name of the object observed
# ISISLITW=             1.508929 / Slit width (arcsec)
# ISIDICHR= D5700              / Name of dichroic in blue fold
# MJD-OBS =         58485.175550 / Modified Julian Date at start of observation
# RA      = 09:35:27.796       / RA being tracked at UTOBS (hh:mm:ss.sss)
# DEC     = +52:37:56.01       / Dec being tracked at UTOBS (sdd:mm:ss.ss)
# AIRMASS =             1.095044 / Effective mean airmass during observation
# TELFOCUS=             0.097866 / Telescope focus (m)
# DATE-OBS= 2019-01-02         / Date at start of integration
# EXPTIME =        1200.01000000 / [s] Exposure time
3400.0 1.5772e-16
3402.0 4.6222e-16
3404.0 5.8825e-16
3406.0 2.9085e-16
3408.0 6.5137e-16
3410.0 1.5650e-16
3412.0 6.6339e-16
3414.0 6.9427e-16
3416.0 4.4553e-16
3418.0 7.3928e-16
3420.0 2.2454e-16
3422.0 5.9932e-16
3424.0 7.3517e-16
3426.0 4.7772e-16
3428.0 5.9889e-16
3430.0 3.6615e-16
3432.0 4.8501e-16
3434.0 4.3025e-16
3436.0 5.8030e-16
3438.0 3.9637e-16
3440.0 6.0405e-16
3442.0 7.7446e-16
3444.0 6.4083e-16
3446.0 5.6668e-16
3448.0 5.1626e-16
3450.0 5.2249e-16
3452.0 4.0022e-16
3454.0 7.4143e-16
3456.0 5.0645e-16
3458.0 6.5141e-16
3460.0 3.2986e-16
3462.0 4.3943e-16
3464.0 3.7628e-16
3466.0 7.3184e-16
3468.0 4.3303e-16
3470.0 3.4207e-16
3472.0 5.2426e-16
3474.0 4.1051e-16
3476.0 4.8371e-16
3478.0 4.4752e-16
3480.0 4.3418e-16
3482.0 4.6771e-16
3484.0 4.6326e-16
3486.0 6.4915e-16
3488.0 3.8813e-16
3490.0 5.3909e-16
3492.0 3.7745e-16
3494.0 3.1665e-16
3496.0 5.0730e-16
3498.0 2.9231e-16
3500.0 2.6569e-16
3502.0 4.2495e-16
3504.0 4.6822e-16
3506.0 4.3927e-16
3508.0 5.4798e-16
3510.0 5.0849e-16
3512.0 4.7847e-16
3514.0 4.5833e-16
3516.0 4.7984e-16
3518.0 3.9816e-16
3520.0 5.3287e-16
3522.0 3.9929e-16
3524.0 4.4646e-16
3526.0 7.5293e-16
3528.0 8.0642e-16
3530.0 7.4485e-16
3532.0 5.6013e-16
3534.0 4.9380e-16
3536.0 4.1575e-16
3538.0 4.4791e-16
3540.0 5.9835e-16
3542.0 6.9495e-16
3544.0 6.2932e-16
3546.0 6.6244e-16
3548.0 4.3966e-16
3550.0 5.8242e-16
3552.0 4.9813e-16
3554.0 6.2492e-16
3556.0 6.0573e-16
3558.0 3.4536e-16
3560.0 5.5183e-16
3562.0 5.1876e-16
3564.0 3.7930e-16
3566.0 5.0404e-16
3568.0 4.1463e-16
3570.0 5.2624e-16
3572.0 4.1551e-16
3574.0 3.6455e-16
3576.0 3.3858e-16
3578.0 4.7954e-16
3580.0 5.5920e-16
3582.0 4.8543e-16
3584.0 5.1004e-16
3586.0 5.1724e-16
3588.0 2.8197e-16
3590.0 1.7760e-16
3592.0 4.3083e-16
3594.0 3.0272e-16
3596.0 3.2713e-16
3598.0 5.6362e-16
3600.0 5.9427e-16
3602.0 3.8129e-16
3604.0 4.0291e-16
3606.0 4.7470e-16
3608.0 6.2129e-16
3610.0 4.8386e-16
3612.0 3.9497e-16
3614.0 3.7813e-16
3616.0 4.0647e-16
3618.0 6.2597e-16
3620.0 5.1866e-16
3622.0 5.4171e-16
3624.0 4.7163e-16
3626.0 4.7097e-16
3628.0 5.1444e-16
3630.0 6.9117e-16
3632.0 6.0206e-16
3634.0 8.4774e-16
3636.0 7.1534e-16
3638.0 6.0244e-16
3640.0 5.0103e-16
3642.0 6.4807e-16
3644.0 6.0928e-16
3646.0 4.9539e-16
3648.0 4.0822e-16
3650.0 5.5689e-16
3652.0 5.1461e-16
3654.0 4.7996e-16
3656.0 4.5544e-16
3658.0 5.8528e-16
3660.0 3.6094e-16
3662.0 4.7688e-16
3664.0 5.1257e-16
3666.0 6.0437e-16
3668.0 4.5884e-16
3670.0 6.1079e-16
3672.0 4.5952e-16
3674.0 5.0309e-16
3676.0 5.5591e-16
3678.0 5.6678e-16
3680.0 7.2569e-16
3682.0 4.9434e-16
3684.0 5.2339e-16
3686.0 4.6455e-16
3688.0 5.2866e-16
3690.0 4.1826e-16
3692.0 4.5376e-16
3694.0 4.0538e-16
3696.0 3.8848e-16
3698.0 4.0225e-16
3700.0 4.1770e-16
3702.0 3.9540e-16
3704.0 3.5453e-16
3706.0 3.3180e-16
3708.0 5.8589e-16
3710.0 5.0393e-16
3712.0 4.2412e-16
3714.0 5.0887e-16
3716.0 3.4124e-16
3718.0 4.4340e-16
3720.0 4.0430e-16
3722.0 5.0804e-16
3724.0 3.5786e-16
3726.0 4.8856e-16
3728.0 3.5762e-16
3730.0 4.2788e-16
3732.0 4.1204e-16
3734.0 3.7920e-16
3736.0 5.7983e-16
3738.0 3.6506e-16
3740.0 4.7403e-16
3742.0 4.1635e-16
3744.0 4.3401e-16
3746.0 5.9474e-16
3748.0 5.7610e-16
3750.0 4.3104e-16
3752.0 5.7499e-16
3754.0 4.7715e-16
3756.0 4.5654e-16
3758.0 2.9635e-16
3760.0 4.6366e-16
3762.0 4.8309e-16
3764.0 3.5376e-16
3766.0 4.6928e-16
3768.0 5.4459e-16
3770.0 4.1186e-16
3772.0 4.7108e-16
3774.0 3.5109e-16
3776.0 4.9808e-16
3778.0 4.5137e-16
3780.0 4.9964e-16
3782.0 5.6711e-16
3784.0 4.3493e-16
3786.0 4.1977e-16
3788.0 4.8819e-16
3790.0 3.6836e-16
3792.0 4.3417e-16
3794.0 3.9190e-16
3796.0 4.4593e-16
3798.0 3.1723e-16
3800.0 4.1281e-16
3802.0 6.1208e-16
3804.0 4.7156e-16
3806.0 4.3876e-16
3808.0 3.8518e-16
3810.0 3.1978e-16
3812.0 4.6687e-16
3814.0 5.4523e-16
3816.0 4.5749e-16
3818.0 5.0582e-16
3820.0 4.8264e-16
3822.0 9.3737e-16
3824.0 1.1490e-15
3826.0 5.1295e-16
3828.0 5.2237e-16
3830.0 4.1538e-16
3832.0 4.0757e-16
3834.0 2.7083e-16
3836.0 4.8310e-16
3838.0 4.1007e-16
3840.0 4.2944e-16
3842.0 4.7540e-16
3844.0 5.3454e-16
3846.0 4.7092e-16
3848.0 6.0936e-16
3850.0 4.9090e-16
3852.0 5.1452e-16
3854.0 6.6347e-16
3856.0 6.1787e-16
3858.0 6.2122e-16
3860.0 5.8530e-16
3862.0 3.7361e-16
3864.0 4.8491e-16
3866.0 5.9636e-16
3868.0 5.2396e-16
3870.0 4.8550e-16
3872.0 6.1382e-16
3874.0 5.1963e-16
3876.0 4.7002e-16
3878.0 5.2236e-16
3880.0 4.8161e-16
3882.0 6.4251e-16
3884.0 5.7149e-16
3886.0 5.4672e-16
3888.0 5.9590e-16
3890.0 4.5954e-16
3892.0 5.3905e-16
3894.0 5.9247e-16
3896.0 4.7454e-16
3898.0 5.5521e-16
3900.0 4.6234e-16
3902.0 4.8098e-16
3904.0 5.2990e-16
3906.0 4.9616e-16
3908.0 5.2036e-16
3910.0 5.7595e-16
3912.0 6.0527e-16
3914.0 6.0499e-16
3916.0 5.2952e-16
3918.0 4.1800e-16
3920.0 4.7517e-16
3922.0 5.0755e-16
3924.0 4.6067e-16
3926.0 3.5675e-16
3928.0 5.8709e-16
3930.0 5.6470e-16
3932.0 5.0916e-16
3934.0 4.2248e-16
3936.0 5.6197e-16
3938.0 3.8673e-16
3940.0 5.0278e-16
3942.0 5.7372e-16
3944.0 5.3364e-16
3946.0 5.1992e-16
3948.0 4.2955e-16
3950.0 4.8886e-16
3952.0 4.8855e-16
3954.0 5.8481e-16
3956.0 4.7006e-16
3958.0 5.8966e-16
3960.0 4.3358e-16
3962.0 4.7802e-16
3964.0 6.1091e-16
3966.0 4.4992e-16
3968.0 5.1511e-16
3970.0 5.0908e-16
3972.0 4.3144e-16
3974.0 5.0442e-16
3976.0 4.8989e-16
3978.0 4.6469e-16
3980.0 4.3029e-16
3982.0 4.6536e-16
3984.0 4.7590e-16
3986.0 4.4160e-16
3988.0 4.7634e-16
3990.0 4.3267e-16
3992.0 4.0816e-16
3994.0 4.8197e-16
3996.0 4.6948e-16
3998.0 4.6326e-16
4000.0 4.9289e-16
4002.0 5.7630e-16
4004.0 4.3726e-16
4006.0 5.3984e-16
4008.0 5.6904e-16
4010.0 4.8080e-16
4012.0 5.1305e-16
4014.0 5.2743e-16
4016.0 4.5667e-16
4018.0 5.0976e-16
4020.0 5.5160e-16
4022.0 5.0624e-16
4024.0 5.2413e-16
4026.0 4.5858e-16
4028.0 5.2953e-16
4030.0 5.1940e-16
4032.0 4.9029e-16
4034.0 4.3520e-16
4036.0 5.2172e-16
4038.0 4.3061e-16
4040.0 4.2618e-16
4042.0 5.2786e-16
4044.0 5.9359e-16
4046.0 4.6148e-16
4048.0 4.9669e-16
4050.0 4.9384e-16
4052.0 6.1896e-16
4054.0 5.3792e-16
4056.0 5.2630e-16
4058.0 4.7799e-16
4060.0 5.5597e-16
4062.0 4.7187e-16
4064.0 4.2774e-16
4066.0 5.5937e-16
4068.0 5.3076e-16
4070.0 4.2329e-16
4072.0 5.5608e-16
4074.0 6.5731e-16
4076.0 5.6703e-16
4078.0 4.3968e-16
4080.0 5.0409e-16
4082.0 5.1869e-16
4084.0 5.1995e-16
4086.0 4.5850e-16
4088.0 5.3145e-16
4090.0 5.4999e-16
4092.0 6.1662e-16
4094.0 5.0910e-16
4096.0 4.8410e-16
4098.0 5.2909e-16
4100.0 4.8666e-16
4102.0 4.7625e-16
4104.0 5.1570e-16
4106.0 5.1497e-16
4108.0 4.9481e-16
4110.0 5.5073e-16
4112.0 6.7741e-16
4114.0 5.6475e-16
4116.0 4.8427e-16
4118.0 4.7363e-16
4120.0 5.2559e-16
4122.0 4.9320e-16
4124.0 4.6407e-16
4126.0 5.2743e-16
4128.0 5.7475e-16
4130.0 5.1645e-16
4132.0 5.4879e-16
4134.0 5.3274e-16
4136.0 5.2972e-16
4138.0 5.3330e-16
4140.0 5.3794e-16
4142.0 5.1247e-16
4144.0 6.0637e-16
4146.0 4.8717e-16
4148.0 4.5255e-16
4150.0 5.4595e-16
4152.0 4.9773e-16
4154.0 5.8898e-16
4156.0 5.1902e-16
4158.0 5.4405e-16
4160.0 5.4128e-16
4162.0 6.2804e-16
4164.0 5.2601e-16
4166.0 5.7996e-16
4168.0 5.9586e-16
4170.0 5.9361e-16
4172.0 6.4605e-16
4174.0 4.9083e-16
4176.0 4.5991e-16
4178.0 4.5486e-16
4180.0 5.3690e-16
4182.0 6.1467e-16
4184.0 5.6513e-16
4186.0 5.9394e-16
4188.0 4.7467e-16
4190.0 5.4136e-16
4192.0 4.5503e-16
4194.0 4.9002e-16
4196.0 4.5992e-16
4198.0 5.2197e-16
4200.0 4.7546e-16
4202.0 5.4101e-16
4204.0 5.8807e-16
4206.0 5.3222e-16
4208.0 4.8511e-16
4210.0 5.9179e-16
4212.0 5.9036e-16
4214.0 4.6224e-16
4216.0 5.7020e-16
4218.0 5.6745e-16
4220.0 5.2939e-16
4222.0 4.9142e-16
4224.0 4.5804e-16
4226.0 4.9661e-16
4228.0 4.5079e-16
4230.0 4.9822e-16
4232.0 5.5945e-16
4234.0 4.8925e-16
4236.0 5.2941e-16
4238.0 5.4703e-16
4240.0 5.1107e-16
4242.0 5.2770e-16
4244.0 5.7774e-16
4246.0 5.6583e-16
4248.0 5.1885e-16
4250.0 6.5909e-16
4252.0 5.8877e-16
4254.0 5.8764e-16
4256.0 5.4251e-16
4258.0 5.2877e-16
4260.0 5.2437e-16
4262.0 5.0090e-16
4264.0 5.5167e-16
4266.0 6.2897e-16
4268.0 6.3605e-16
4270.0 5.4818e-16
4272.0 4.9060e-16
4274.0 5.2551e-16
4276.0 5.7848e-16
4278.0 5.4915e-16
4280.0 5.4133e-16
4282.0 5.4649e-16
4284.0 4.6349e-16
4286.0 5.0170e-16
4288.0 4.9078e-16
4290.0 5.4361e-16
4292.0 5.7647e-16
4294.0 5.8164e-16
4296.0 4.9615e-16
4298.0 4.3516e-16
4300.0 5.0555e-16
4302.0 5.9306e-16
4304.0 6.8021e-16
4306.0 5.6315e-16
4308.0 5.7875e-16
4310.0 4.8112e-16
4312.0 5.6651e-16
4314.0 4.9491e-16
4316.0 5.6924e-16
4318.0 4.4357e-16
4320.0 5.7774e-16
4322.0 5.9591e-16
4324.0 4.8272e-16
4326.0 5.2281e-16
4328.0 4.4654e-16
4330.0 5.1544e-16
4332.0 5.4323e-16
4334.0 5.2337e-16
4336.0 5.8292e-16
4338.0 5.6606e-16
4340.0 5.6943e-16
4342.0 5.9780e-16
4344.0 5.6932e-16
4346.0 5.4883e-16
4348.0 5.9694e-16
4350.0 6.0564e-16
4352.0 6.0847e-16
4354.0 5.3732e-16
4356.0 5.5354e-16
4358.0 5.1373e-16
4360.0 5.0602e-16
4362.0 5.6971e-16
4364.0 5.6419e-16
4366.0 5.7759e-16
4368.0 5.0316e-16
4370.0 5.3213e-16
4372.0 5.5877e-16
4374.0 5.4237e-16
4376.0 5.3265e-16
4378.0 5.8463e-16
4380.0 5.5334e-16
4382.0 5.8532e-16
4384.0 5.8002e-16
4386.0 5.7739e-16
4388.0 6.1311e-16
4390.0 6.1202e-16
4392.0 5.1017e-16
4394.0 5.6008e-16
4396.0 5.1341e-16
4398.0 5.7018e-16
4400.0 5.1014e-16
4402.0 5.2726e-16
4404.0 5.8312e-16
4406.0 5.7225e-16
4408.0 6.1508e-16
4410.0 6.0006e-16
4412.0 5.9893e-16
4414.0 4.9334e-16
4416.0 5.8988e-16
4418.0 6.0919e-16
4420.0 5.3555e-16
4422.0 5.4496e-16
4424.0 5.2842e-16
4426.0 5.4624e-16
4428.0 5.9280e-16
4430.0 5.7641e-16
4432.0 5.7838e-16
4434.0 5.7583e-16
4436.0 5.9267e-16
4438.0 5.7686e-16
4440.0 4.6848e-16
4442.0 5.4334e-16
4444.0 5.0709e-16
4446.0 5.6321e-16
4448.0 5.1473e-16
4450.0 5.5490e-16
4452.0 5.6926e-16
4454.0 5.4124e-16
4456.0 5.7290e-16
4458.0 5.5516e-16
4460.0 5.4086e-16
4462.0 4.5312e-16
4464.0 5.5111e-16
4466.0 5.7801e-16
4468.0 5.9046e-16
4470.0 5.1664e-16
4472.0 4.2379e-16
4474.0 6.5775e-16
4476.0 5.4539e-16
4478.0 6.2063e-16
4480.0 5.4436e-16
4482.0 5.2685e-16
4484.0 4.6132e-16
4486.0 4.7057e-16
4488.0 5.9232e-16
4490.0 5.8641e-16
4492.0 5.4885e-16
4494.0 6.3832e-16
4496.0 5.9297e-16
4498.0 5.3272e-16
4500.0 5.4663e-16
4502.0 5.1635e-16
4504.0 5.0834e-16
4506.0 5.7906e-16
4508.0 5.7532e-16
4510.0 5.6827e-16
4512.0 6.3571e-16
4514.0 6.2908e-16
4516.0 4.9469e-16
4518.0 4.6032e-16
4520.0 5.3740e-16
4522.0 6.0359e-16
4524.0 6.1478e-16
4526.0 6.6263e-16
4528.0 5.7436e-16
4530.0 5.2080e-16
4532.0 5.3201e-16
4534.0 5.7854e-16
4536.0 6.7877e-16
4538.0 5.8417e-16
4540.0 5.5435e-16
4542.0 4.7764e-16
4544.0 5.3411e-16
4546.0 6.1669e-16
4548.0 5.5503e-16
4550.0 6.1620e-16
4552.0 6.4131e-16
4554.0 5.8902e-16
4556.0 5.9566e-16
4558.0 5.7793e-16
4560.0 5.8426e-16
4562.0 6.2108e-16
4564.0 5.7521e-16
4566.0 5.1343e-16
4568.0 5.6734e-16
4570.0 5.6953e-16
4572.0 6.0260e-16
4574.0 5.0755e-16
4576.0 5.0991e-16
4578.0 4.8626e-16
4580.0 4.8540e-16
4582.0 5.2306e-16
4584.0 5.1852e-16
4586.0 5.3118e-16
4588.0 5.6268e-16
4590.0 5.8536e-16
4592.0 6.1651e-16
4594.0 5.3413e-16
4596.0 5.2733e-16
4598.0 5.3515e-16
4600.0 5.5671e-16
4602.0 4.7738e-16
4604.0 4.8772e-16
4606.0 5.7035e-16
4608.0 5.5349e-16
4610.0 5.3715e-16
4612.0 5.1572e-16
4614.0 5.1676e-16
4616.0 5.8866e-16
4618.0 5.9449e-16
4620.0 5.2742e-16
4622.0 4.8722e-16
4624.0 4.9049e-16
4626.0 5.7644e-16
4628.0 5.1626e-16
4630.0 6.3020e-16
4632.0 5.9288e-16
4634.0 5.5433e-16
4636.0 5.5252e-16
4638.0 5.6605e-16
4640.0 5.8802e-16
4642.0 5.9575e-16
4644.0 5.3015e-16
4646.0 5.4010e-16
4648.0 6.0598e-16
4650.0 6.0474e-16
4652.0 6.6195e-16
4654.0 5.8115e-16
4656.0 6.0344e-16
4658.0 5.7469e-16
4660.0 5.4856e-16
4662.0 5.9422e-16
4664.0 5.8935e-16
4666.0 6.5539e-16
4668.0 6.0365e-16
4670.0 4.9686e-16
4672.0 6.0907e-16
4674.0 6.3740e-16
4676.0 6.3127e-16
4678.0 5.4855e-16
4680.0 6.3653e-16
4682.0 5.4200e-16
4684.0 3.7543e-16
4686.0 4.5434e-16
4688.0 5.9870e-16
4690.0 6.0908e-16
4692.0 7.1108e-16
4694.0 5.8488e-16
4696.0 6.8385e-16
4698.0 6.5207e-16
4700.0 7.3708e-16
4702.0 5.8585e-16
4704.0 6.2634e-16
4706.0 6.2655e-16
4708.0 6.2479e-16
4710.0 5.5817e-16
4712.0 6.4884e-16
4714.0 6.4236e-16
4716.0 6.1737e-16
4718.0 5.3183e-16
4720.0 5.9712e-16
4722.0 6.0911e-16
4724.0 6.2795e-16
4726.0 6.4235e-16
4728.0 5.8700e-16
4730.0 6.3948e-16
4732.0 5.7262e-16
4734.0 5.5734e-16
4736.0 6.3264e-16
4738.0 5.3870e-16
4740.0 5.9725e-16
4742.0 6.2116e-16
4744.0 6.6089e-16
4746.0 6.1812e-16
4748.0 5.9836e-16
4750.0 6.1162e-16
4752.0 6.3307e-16
4754.0 6.0065e-16
4756.0 6.2566e-16
4758.0 5.9231e-16
4760.0 6.6786e-16
4762.0 5.8235e-16
4764.0 6.5257e-16
4766.0 6.6175e-16
4768.0 7.0176e-16
4770.0 6.4920e-16
4772.0 6.1594e-16
4774.0 6.2598e-16
4776.0 5.1828e-16
4778.0 5.7865e-16
4780.0 5.5810e-16
4782.0 4.7247e-16
4784.0 5.4363e-16
4786.0 6.8316e-16
4788.0 6.7100e-16
4790.0 6.7320e-16
4792.0 6.4011e-16
4794.0 6.8706e-16
4796.0 7.2323e-16
4798.0 6.4181e-16
4800.0 5.2774e-16
4802.0 5.2016e-16
4804.0 5.9640e-16
4806.0 5.8478e-16
4808.0 6.6372e-16
4810.0 6.3910e-16
4812.0 5.8440e-16
4814.0 6.2416e-16
4816.0 5.4337e-16
4818.0 5.9206e-16
4820.0 6.4684e-16
4822.0 6.0963e-16
4824.0 5.7047e-16
4826.0 5.8205e-16
4828.0 6.3783e-16
4830.0 5.6351e-16
4832.0 5.6937e-16
4834.0 5.7980e-16
4836.0 6.3927e-16
4838.0 5.6291e-16
4840.0 5.7256e-16
4842.0 5.7843e-16
4844.0 5.7492e-16
4846.0 5.4987e-16
4848.0 6.0952e-16
4850.0 5.8303e-16
4852.0 6.2558e-16
4854.0 5.9451e-16
4856.0 6.7226e-16
4858.0 5.9267e-16
4860.0 6.7259e-16
4862.0 6.7762e-16
4864.0 6.0652e-16
4866.0 6.6382e-16
4868.0 5.7075e-16
4870.0 5.0968e-16
4872.0 5.2014e-16
4874.0 5.8309e-16
4876.0 5.8174e-16
4878.0 6.3595e-16
4880.0 5.9718e-16
4882.0 6.0861e-16
4884.0 5.7984e-16
4886.0 5.4463e-16
4888.0 5.4499e-16
4890.0 5.4352e-16
4892.0 5.3424e-16
4894.0 4.9919e-16
4896.0 5.1484e-16
4898.0 6.1278e-16
4900.0 5.3706e-16
4902.0 5.4759e-16
4904.0 5.3054e-16
4906.0 5.7778e-16
4908.0 6.0548e-16
4910.0 6.7951e-16
4912.0 5.4076e-16
4914.0 5.5766e-16
4916.0 6.3422e-16
4918.0 5.5686e-16
4920.0 5.6071e-16
4922.0 5.6067e-16
4924.0 6.3217e-16
4926.0 6.1235e-16
4928.0 5.7646e-16
4930.0 6.2590e-16
4932.0 5.6911e-16
4934.0 6.2272e-16
4936.0 6.3500e-16
4938.0 5.3246e-16
4940.0 5.5664e-16
4942.0 5.7654e-16
4944.0 6.1539e-16
4946.0 6.9402e-16
4948.0 6.5703e-16
4950.0 6.8280e-16
4952.0 6.2344e-16
4954.0 6.3591e-16
4956.0 6.5451e-16
4958.0 5.7478e-16
4960.0 6.0010e-16
4962.0 6.2588e-16
4964.0 5.4940e-16
4966.0 5.8156e-16
4968.0 6.3952e-16
4970.0 6.3882e-16
4972.0 5.6658e-16
4974.0 5.7716e-16
4976.0 6.3545e-16
4978.0 6.6348e-16
4980.0 6.1172e-16
4982.0 5.5237e-16
4984.0 6.3529e-16
4986.0 5.8533e-16
4988.0 6.2106e-16
4990.0 6.5818e-16
4992.0 6.1542e-16
4994.0 5.5628e-16
4996.0 5.5679e-16
4998.0 5.7862e-16
5000.0 4.9013e-16
5002.0 5.9215e-16
5004.0 5.9157e-16
5006.0 5.9470e-16
5008.0 6.0126e-16
5010.0 5.7486e-16
5012.0 4.9685e-16
5014.0 5.9793e-16
5016.0 5.6052e-16
5018.0 5.8731e-16
5020.0 5.7553e-16
5022.0 6.0115e-16
5024.0 5.6354e-16
5026.0 6.1826e-16
5028.0 5.4555e-16
5030.0 5.9212e-16
5032.0 5.3505e-16
5034.0 4.9981e-16
5036.0 5.7997e-16
5038.0 7.0406e-16
5040.0 5.2452e-16
5042.0 5.3823e-16
5044.0 5.1700e-16
5046.0 5.8096e-16
5048.0 6.1814e-16
5050.0 5.5283e-16
5052.0 4.7583e-16
5054.0 4.6615e-16
5056.0 5.2833e-16
5058.0 5.7966e-16
5060.0 5.5090e-16
5062.0 5.2932e-16
5064.0 5.2421e-16
5066.0 5.9904e-16
5068.0 5.9350e-16
5070.0 5.8299e-16
5072.0 4.8248e-16
5074.0 5.0250e-16
5076.0 6.0501e-16
5078.0 5.2077e-16
5080.0 5.9388e-16
5082.0 5.6831e-16
5084.0 5.7324e-16
5086.0 6.3402e-16
5088.0 5.7871e-16
5090.0 5.2396e-16
5092.0 4.9525e-16
5094.0 5.5986e-16
5096.0 6.4205e-16
5098.0 5.6392e-16
5100.0 5.1399e-16
5102.0 5.3433e-16
5104.0 5.5649e-16
5106.0 5.4291e-16
5108.0 5.4088e-16
5110.0 5.5888e-16
5112.0 5.5832e-16
5114.0 6.1458e-16
5116.0 5.2097e-16
5118.0 5.5370e-16
5120.0 5.8212e-16
5122.0 4.9248e-16
5124.0 4.7402e-16
5126.0 5.5529e-16
5128.0 5.7713e-16
5130.0 5.8455e-16
5132.0 6.0768e-16
5134.0 4.6386e-16
5136.0 4.9860e-16
5138.0 5.0254e-16
5140.0 5.8491e-16
5142.0 5.6707e-16
5144.0 5.6541e-16
5146.0 6.0056e-16
5148.0 5.0420e-16
5150.0 5.2382e-16
5152.0 5.2418e-16
5154.0 5.2313e-16
5156.0 5.5684e-16
5158.0 6.0880e-16
5160.0 5.8886e-16
5162.0 5.9953e-16
5164.0 5.1678e-16
5166.0 6.3184e-16
5168.0 6.2244e-16
5170.0 6.0094e-16
5172.0 5.6388e-16
5174.0 6.2601e-16
5176.0 6.0677e-16
5178.0 5.2136e-16
5180.0 5.6896e-16
5182.0 5.4074e-16
5184.0 5.6807e-16
5186.0 5.0528e-16
5188.0 4.5541e-16
5190.0 5.6505e-16
5192.0 5.7793e-16
5194.0 6.0474e-16
5196.0 6.0261e-16
5198.0 5.7883e-16
5200.0 5.9142e-16
5202.0 5.7283e-16
5204.0 6.4833e-16
5206.0 5.7829e-16
5208.0 6.1125e-16
5210.0 5.7235e-16
5212.0 6.1760e-16
5214.0 6.3031e-16
5216.0 6.1744e-16
5218.0 6.3228e-16
5220.0 6.1689e-16
5222.0 6.1589e-16
5224.0 6.0754e-16
5226.0 6.2886e-16
5228.0 4.9254e-16
5230.0 5.7182e-16
5232.0 6.8513e-16
5234.0 6.8446e-16
5236.0 6.9523e-16
5238.0 7.2287e-16
5240.0 6.8694e-16
5242.0 7.3529e-16
5244.0 5.4987e-16
5246.0 6.0541e-16
5248.0 6.9916e-16
5250.0 6.4915e-16
5252.0 6.6139e-16
5254.0 6.4484e-16
5256.0 6.2867e-16
5258.0 5.8062e-16
5260.0 5.4669e-16
5262.0 6.2325e-16
5264.0 5.6654e-16
5266.0 5.1781e-16
5268.0 5.6187e-16
5270.0 5.3732e-16
5272.0 5.7195e-16
5274.0 6.2702e-16
5276.0 5.1307e-16
5278.0 4.6205e-16
5280.0 5.3984e-16
5282.0 5.4622e-16
5284.0 4.8248e-16
5286.0 5.1553e-16
5288.0 5.7286e-16
5290.0 5.6998e-16
5292.0 5.2888e-16
5294.0 5.8683e-16
5296.0 6.0863e-16
5298.0 5.6545e-16
5300.0 5.1088e-16
5302.0 5.9945e-16
5304.0 6.0360e-16
5306.0 6.2023e-16
5308.0 5.8396e-16
5310.0 5.7267e-16
5312.0 6.2031e-16
5314.0 6.0686e-16
5316.0 5.3343e-16
5318.0 6.5121e-16
5320.0 6.0176e-16
5322.0 5.3506e-16
5324.0 5.0079e-16
5326.0 5.4352e-16
5328.0 5.6424e-16
5330.0 5.9448e-16
5332.0 5.8159e-16
5334.0 5.1946e-16
5336.0 6.3304e-16
5338.0 5.4653e-16
5340.0 5.1952e-16
5342.0 5.5175e-16
5344.0 5.8781e-16
5346.0 5.4450e-16
5348.0 5.8077e-16
5350.0 4.8434e-16
5352.0 4.7668e-16
5354.0 5.8755e-16
5356.0 5.6203e-16
5358.0 5.8434e-16
5360.0 5.7312e-16
5362.0 6.3207e-16
5364.0 6.2230e-16
5366.0 5.3623e-16
5368.0 6.1960e-16
5370.0 5.4608e-16
5372.0 6.0024e-16
5374.0 6.6575e-16
5376.0 6.2687e-16
5378.0 5.8844e-16
5380.0 5.7682e-16
5382.0 5.7474e-16
5384.0 5.4314e-16
5386.0 5.3435e-16
5388.0 5.8198e-16
5390.0 5.7146e-16
5392.0 6.6467e-16
5394.0 6.4537e-16
5396.0 6.6246e-16
5398.0 6.1822e-16
5400.0 6.2043e-16
5402.0 6.5890e-16
5404.0 5.9359e-16
5406.0 5.7713e-16
5408.0 5.7176e-16
5410.0 6.2763e-16
5412.0 5.9572e-16
5414.0 5.8281e-16
5416.0 5.4614e-16
5418.0 6.5297e-16
5420.0 6.1389e-16
5422.0 6.1112e-16
5424.0 5.8447e-16
5426.0 5.7091e-16
5428.0 6.2360e-16
5430.0 5.4299e-16
5432.0 6.6410e-16
5434.0 6.5234e-16
5436.0 5.9638e-16
5438.0 6.1872e-16
5440.0 5.2970e-16
5442.0 6.1094e-16
5444.0 6.3063e-16
5446.0 5.2017e-16
5448.0 4.9056e-16
5450.0 5.8083e-16
5452.0 5.8773e-16
5454.0 5.3061e-16
5456.0 5.6189e-16
5458.0 5.8976e-16
5460.0 5.5414e-16
5462.0 5.9736e-16
5464.0 5.7523e-16
5466.0 5.6765e-16
5468.0 5.8523e-16
5470.0 6.2259e-16
5472.0 5.9928e-16
5474.0 6.0458e-16
5476.0 6.4373e-16
5478.0 5.8599e-16
5480.0 6.1270e-16
5482.0 6.2270e-16
5484.0 6.4006e-16
5486.0 6.9847e-16
5488.0 5.4636e-16
5490.0 6.1141e-16
5492.0 5.7248e-16
5494.0 6.4619e-16
5496.0 5.1448e-16
5498.0 4.7274e-16
5500.0 5.7302e-16
5502.0 6.2888e-16
5504.0 5.3385e-16
5506.0 5.8061e-16
5508.0 4.9601e-16
5510.0 5.8521e-16
5512.0 5.8287e-16
5514.0 5.9659e-16
5516.0 5.7849e-16
5518.0 5.7093e-16
5520.0 5.6606e-16
5522.0 6.0057e-16
5524.0 5.8890e-16
5526.0 6.1887e-16
5528.0 6.4140e-16
5530.0 6.3928e-16
5532.0 6.3191e-16
5534.0 5.9996e-16
5536.0 5.3545e-16
5538.0 6.3703e-16
5540.0 5.1530e-16
5542.0 6.5129e-16
5544.0 5.4677e-16
5546.0 7.0134e-16
5548.0 5.3194e-16
5550.0 6.7119e-16
5550.0 6.7119e-16
5552.0 6.5720e-16
5552.0 6.5720e-16
5554.0 5.8954e-16
5554.0 5.8954e-16
5556.0 6.1593e-16
5556.0 6.1593e-16
5558.0 6.4885e-16
5558.0 6.4885e-16
5560.0 6.0988e-16
5560.0 6.0988e-16
5562.0 6.1059e-16
5562.0 6.1059e-16
5564.0 6.1562e-16
5564.0 6.1562e-16
5566.0 6.2727e-16
5566.0 6.2727e-16
5568.0 6.9171e-16
5568.0 6.9171e-16
5570.0 6.3127e-16
5570.0 6.3127e-16
5572.0 5.4167e-16
5572.0 5.4167e-16
5574.0 4.8941e-16
5574.0 4.8941e-16
5576.0 5.7445e-16
5576.0 5.7445e-16
5578.0 4.6323e-16
5578.0 4.6323e-16
5580.0 5.8281e-16
5580.0 5.8281e-16
5582.0 4.8875e-16
5582.0 4.8875e-16
5584.0 5.8183e-16
5584.0 5.8183e-16
5586.0 5.4190e-16
5586.0 5.4190e-16
5588.0 5.8480e-16
5588.0 5.8480e-16
5590.0 5.7214e-16
5590.0 5.7214e-16
5592.0 5.8118e-16
5592.0 5.8118e-16
5594.0 5.6097e-16
5594.0 5.6097e-16
5596.0 5.4279e-16
5596.0 5.4279e-16
5598.0 5.1069e-16
5598.0 5.1069e-16
5600.0 5.5987e-16
5600.0 5.5987e-16
5602.0 5.5122e-16
5602.0 5.5122e-16
5604.0 6.1553e-16
5604.0 6.1553e-16
5606.0 5.3089e-16
5606.0 5.3089e-16
5608.0 5.7139e-16
5608.0 5.7139e-16
5610.0 5.8617e-16
5610.0 5.8617e-16
5612.0 5.6185e-16
5612.0 5.6185e-16
5614.0 6.0440e-16
5614.0 6.0440e-16
5616.0 5.8331e-16
5616.0 5.8331e-16
5618.0 5.8202e-16
5618.0 5.8202e-16
5620.0 6.4771e-16
5620.0 6.4771e-16
5622.0 5.1873e-16
5622.0 5.1873e-16
5624.0 5.3709e-16
5624.0 5.3709e-16
5626.0 6.2005e-16
5626.0 6.2005e-16
5628.0 6.3722e-16
5628.0 6.3722e-16
5630.0 5.5114e-16
5630.0 5.5114e-16
5632.0 5.3238e-16
5632.0 5.3238e-16
5634.0 5.0851e-16
5634.0 5.0851e-16
5636.0 5.4781e-16
5636.0 5.4781e-16
5638.0 5.5466e-16
5638.0 5.5466e-16
5640.0 5.2035e-16
5640.0 5.2035e-16
5642.0 4.7253e-16
5642.0 4.7253e-16
5644.0 6.6755e-16
5644.0 6.6755e-16
5646.0 6.4951e-16
5646.0 6.4951e-16
5648.0 6.0075e-16
5648.0 6.0075e-16
5650.0 5.1632e-16
5650.0 5.1632e-16
5652.0 7.2527e-16
5654.0 7.0752e-16
5656.0 5.7643e-16
5658.0 6.4309e-16
5660.0 5.3048e-16
5662.0 6.3720e-16
5664.0 6.9619e-16
5666.0 5.4730e-16
5668.0 6.2776e-16
5670.0 6.1902e-16
5672.0 6.1942e-16
5674.0 4.9804e-16
5676.0 5.9476e-16
5678.0 5.7482e-16
5680.0 5.9476e-16
5682.0 5.9252e-16
5684.0 6.5834e-16
5686.0 6.0842e-16
5688.0 5.2436e-16
5690.0 6.0203e-16
5692.0 6.6928e-16
5694.0 6.0639e-16
5696.0 6.0855e-16
5698.0 5.9470e-16
5700.0 6.7307e-16
5702.0 5.6619e-16
5704.0 6.0084e-16
5706.0 4.8101e-16
5708.0 5.2456e-16
5710.0 5.3599e-16
5712.0 6.1943e-16
5714.0 5.6281e-16
5716.0 6.5509e-16
5718.0 5.7505e-16
5720.0 5.8663e-16
5722.0 5.8799e-16
5724.0 5.8325e-16
5726.0 5.1282e-16
5728.0 5.2761e-16
5730.0 6.2555e-16
5732.0 6.1505e-16
5734.0 5.6308e-16
5736.0 6.0635e-16
5738.0 5.5608e-16
5740.0 5.4733e-16
5742.0 5.5020e-16
5744.0 5.4762e-16
5746.0 5.3311e-16
5748.0 5.7347e-16
5750.0 5.6682e-16
5752.0 5.5779e-16
5754.0 5.4107e-16
5756.0 5.2075e-16
5758.0 5.1608e-16
5760.0 5.8669e-16
5762.0 5.7704e-16
5764.0 6.0345e-16
5766.0 5.3709e-16
5768.0 5.4295e-16
5770.0 5.8301e-16
5772.0 6.3274e-16
5774.0 5.2116e-16
5776.0 5.5838e-16
5778.0 5.3683e-16
5780.0 6.2232e-16
5782.0 5.9331e-16
5784.0 5.9898e-16
5786.0 5.9643e-16
5788.0 6.0150e-16
5790.0 5.8995e-16
5792.0 5.6147e-16
5794.0 5.6961e-16
5796.0 5.7496e-16
5798.0 6.1054e-16
5800.0 6.1023e-16
5802.0 6.5451e-16
5804.0 5.8157e-16
5806.0 5.4611e-16
5808.0 5.7571e-16
5810.0 6.1237e-16
5812.0 5.6742e-16
5814.0 6.0817e-16
5816.0 5.7643e-16
5818.0 6.2406e-16
5820.0 5.6648e-16
5822.0 6.9062e-16
5824.0 6.4186e-16
5826.0 6.3979e-16
5828.0 5.7483e-16
5830.0 6.5843e-16
5832.0 6.3367e-16
5834.0 5.9447e-16
5836.0 6.2784e-16
5838.0 6.5569e-16
5840.0 7.0682e-16
5842.0 7.2316e-16
5844.0 6.9491e-16
5846.0 7.4906e-16
5848.0 7.8180e-16
5850.0 7.6187e-16
5852.0 8.3712e-16
5854.0 7.1539e-16
5856.0 7.1553e-16
5858.0 6.2205e-16
5860.0 6.5888e-16
5862.0 9.2709e-16
5864.0 1.0935e-15
5866.0 8.3441e-16
5868.0 8.1311e-16
5870.0 7.4955e-16
5872.0 7.9088e-16
5874.0 6.7660e-16
5876.0 6.9849e-16
5878.0 7.7853e-16
5880.0 7.1484e-16
5882.0 7.4896e-16
5884.0 6.4392e-16
5886.0 5.9606e-16
5888.0 6.8724e-16
5890.0 6.7145e-16
5892.0 5.8316e-16
5894.0 5.9636e-16
5896.0 6.7054e-16
5898.0 6.3639e-16
5900.0 6.0715e-16
5902.0 6.3009e-16
5904.0 6.2335e-16
5906.0 6.2841e-16
5908.0 6.1603e-16
5910.0 6.0395e-16
5912.0 5.9138e-16
5914.0 5.6386e-16
5916.0 5.4969e-16
5918.0 5.8881e-16
5920.0 5.9643e-16
5922.0 5.9034e-16
5924.0 6.0031e-16
5926.0 5.2989e-16
5928.0 5.6027e-16
5930.0 5.9086e-16
5932.0 5.6264e-16
5934.0 5.6250e-16
5936.0 5.6477e-16
5938.0 6.2384e-16
5940.0 5.7752e-16
5942.0 5.1685e-16
5944.0 5.7189e-16
5946.0 6.1929e-16
5948.0 5.7491e-16
5950.0 5.7908e-16
5952.0 5.5423e-16
5954.0 5.7080e-16
5956.0 5.3138e-16
5958.0 5.9036e-16
5960.0 5.5480e-16
5962.0 5.0326e-16
5964.0 5.3873e-16
5966.0 5.8959e-16
5968.0 5.9326e-16
5970.0 6.0221e-16
5972.0 5.5614e-16
5974.0 5.1448e-16
5976.0 5.4418e-16
5978.0 5.4331e-16
5980.0 5.2471e-16
5982.0 4.8823e-16
5984.0 5.2052e-16
5986.0 5.0205e-16
5988.0 5.5634e-16
5990.0 5.4609e-16
5992.0 5.7457e-16
5994.0 5.5116e-16
5996.0 6.2001e-16
5998.0 5.5448e-16
6000.0 4.8912e-16
6002.0 5.2345e-16
6004.0 5.7989e-16
6006.0 5.6382e-16
6008.0 5.3367e-16
6010.0 5.8066e-16
6012.0 4.8701e-16
6014.0 5.6059e-16
6016.0 5.5729e-16
6018.0 5.2590e-16
6020.0 5.1882e-16
6022.0 5.4687e-16
6024.0 5.3227e-16
6026.0 5.7238e-16
6028.0 4.9587e-16
6030.0 5.1905e-16
6032.0 5.4324e-16
6034.0 5.7386e-16
6036.0 4.9672e-16
6038.0 5.6262e-16
6040.0 5.9215e-16
6042.0 5.6144e-16
6044.0 6.1508e-16
6046.0 5.1731e-16
6048.0 5.1225e-16
6050.0 5.3570e-16
6052.0 5.9179e-16
6054.0 5.5566e-16
6056.0 5.7900e-16
6058.0 5.8201e-16
6060.0 6.1113e-16
6062.0 5.1562e-16
6064.0 4.7229e-16
6066.0 5.3962e-16
6068.0 5.1489e-16
6070.0 4.8420e-16
6072.0 5.0651e-16
6074.0 5.2622e-16
6076.0 5.1274e-16
6078.0 5.0738e-16
6080.0 5.0468e-16
6082.0 5.5460e-16
6084.0 4.4487e-16
6086.0 4.8709e-16
6088.0 5.5124e-16
6090.0 5.3773e-16
6092.0 5.0108e-16
6094.0 4.7956e-16
6096.0 5.1422e-16
6098.0 4.9700e-16
6100.0 4.8944e-16
6102.0 5.2681e-16
6104.0 4.8315e-16
6106.0 5.1941e-16
6108.0 4.9197e-16
6110.0 5.4718e-16
6112.0 5.9004e-16
6114.0 5.6398e-16
6116.0 5.3326e-16
6118.0 5.5434e-16
6120.0 5.9019e-16
6122.0 5.3059e-16
6124.0 4.9402e-16
6126.0 5.3048e-16
6128.0 4.7771e-16
6130.0 5.5092e-16
6132.0 5.1767e-16
6134.0 5.1024e-16
6136.0 5.4280e-16
6138.0 5.9746e-16
6140.0 5.3165e-16
6142.0 4.8796e-16
6144.0 4.7917e-16
6146.0 5.0229e-16
6148.0 5.6492e-16
6150.0 5.1289e-16
6152.0 5.0871e-16
6154.0 4.8461e-16
6156.0 5.5336e-16
6158.0 5.2252e-16
6160.0 4.9366e-16
6162.0 4.8512e-16
6164.0 5.8065e-16
6166.0 4.9985e-16
6168.0 5.4399e-16
6170.0 5.2032e-16
6172.0 4.4649e-16
6174.0 5.5320e-16
6176.0 5.3890e-16
6178.0 5.1483e-16
6180.0 5.2167e-16
6182.0 5.2427e-16
6184.0 4.9073e-16
6186.0 5.5786e-16
6188.0 5.1722e-16
6190.0 5.4664e-16
6192.0 5.1875e-16
6194.0 4.9079e-16
6196.0 5.2476e-16
6198.0 5.1733e-16
6200.0 5.2616e-16
6202.0 5.4534e-16
6204.0 5.0049e-16
6206.0 4.7675e-16
6208.0 5.6929e-16
6210.0 5.4571e-16
6212.0 5.0595e-16
6214.0 5.1288e-16
6216.0 5.5070e-16
6218.0 5.5179e-16
6220.0 5.2986e-16
6222.0 5.5604e-16
6224.0 5.0680e-16
6226.0 5.1029e-16
6228.0 5.5536e-16
6230.0 5.2052e-16
6232.0 5.5859e-16
6234.0 5.9662e-16
6236.0 6.1478e-16
6238.0 5.5586e-16
6240.0 5.9799e-16
6242.0 5.9597e-16
6244.0 5.8222e-16
6246.0 5.9934e-16
6248.0 5.7665e-16
6250.0 5.0477e-16
6252.0 5.3330e-16
6254.0 5.4826e-16
6256.0 6.0889e-16
6258.0 5.5008e-16
6260.0 5.4869e-16
6262.0 5.2989e-16
6264.0 5.4129e-16
6266.0 4.6454e-16
6268.0 5.3616e-16
6270.0 5.1168e-16
6272.0 5.5291e-16
6274.0 5.2283e-16
6276.0 5.8619e-16
6278.0 5.6312e-16
6280.0 5.2823e-16
6282.0 5.4604e-16
6284.0 5.3807e-16
6286.0 4.7552e-16
6288.0 5.1290e-16
6290.0 5.6192e-16
6292.0 5.4912e-16
6294.0 5.6166e-16
6296.0 5.1056e-16
6298.0 5.0721e-16
6300.0 5.3515e-16
6302.0 5.6025e-16
6304.0 5.1649e-16
6306.0 5.2644e-16
6308.0 4.9738e-16
6310.0 5.2505e-16
6312.0 5.5614e-16
6314.0 5.5304e-16
6316.0 5.9596e-16
6318.0 5.6506e-16
6320.0 5.7521e-16
6322.0 5.6211e-16
6324.0 4.8067e-16
6326.0 4.4897e-16
6328.0 5.2121e-16
6330.0 5.7158e-16
6332.0 6.2455e-16
6334.0 7.6519e-16
6336.0 5.9629e-16
6338.0 5.5372e-16
6340.0 5.4896e-16
6342.0 5.7056e-16
6344.0 5.4278e-16
6346.0 5.4732e-16
6348.0 5.2610e-16
6350.0 4.6710e-16
6352.0 5.3473e-16
6354.0 5.7283e-16
6356.0 5.3044e-16
6358.0 5.2979e-16
6360.0 5.6194e-16
6362.0 5.2243e-16
6364.0 5.6881e-16
6366.0 5.6278e-16
6368.0 5.1111e-16
6370.0 5.4620e-16
6372.0 5.5792e-16
6374.0 5.8878e-16
6376.0 6.1256e-16
6378.0 5.7834e-16
6380.0 5.5972e-16
6382.0 5.7140e-16
6384.0 5.3383e-16
6386.0 5.5134e-16
6388.0 5.0148e-16
6390.0 5.4587e-16
6392.0 5.6098e-16
6394.0 5.4786e-16
6396.0 5.5016e-16
6398.0 5.2466e-16
6400.0 5.3455e-16
6402.0 5.2486e-16
6404.0 5.6615e-16
6406.0 5.9275e-16
6408.0 5.6374e-16
6410.0 5.8694e-16
6412.0 5.2538e-16
6414.0 5.3623e-16
6416.0 5.1323e-16
6418.0 6.1426e-16
6420.0 5.1229e-16
6422.0 5.4420e-16
6424.0 5.9177e-16
6426.0 5.5867e-16
6428.0 5.2404e-16
6430.0 5.3311e-16
6432.0 5.4612e-16
6434.0 5.3098e-16
6436.0 4.8973e-16
6438.0 5.0331e-16
6440.0 5.0854e-16
6442.0 5.3588e-16
6444.0 5.0089e-16
6446.0 4.8091e-16
6448.0 5.3509e-16
6450.0 5.1633e-16
6452.0 5.0740e-16
6454.0 5.4621e-16
6456.0 4.9089e-16
6458.0 4.8988e-16
6460.0 5.4353e-16
6462.0 5.5938e-16
6464.0 4.9471e-16
6466.0 4.8823e-16
6468.0 5.3628e-16
6470.0 5.4650e-16
6472.0 4.5895e-16
6474.0 4.6574e-16
6476.0 5.4599e-16
6478.0 5.0094e-16
6480.0 4.8867e-16
6482.0 4.5732e-16
6484.0 5.1480e-16
6486.0 5.4349e-16
6488.0 4.8946e-16
6490.0 4.8378e-16
6492.0 4.9872e-16
6494.0 4.8979e-16
6496.0 4.8619e-16
6498.0 4.6365e-16
6500.0 5.3752e-16
6502.0 5.1011e-16
6504.0 5.3781e-16
6506.0 4.6759e-16
6508.0 5.1338e-16
6510.0 4.9468e-16
6512.0 4.9646e-16
6514.0 5.2517e-16
6516.0 4.6075e-16
6518.0 4.9069e-16
6520.0 4.9247e-16
6522.0 5.1673e-16
6524.0 5.0628e-16
6526.0 5.0470e-16
6528.0 5.1880e-16
6530.0 4.6587e-16
6532.0 4.8201e-16
6534.0 5.0517e-16
6536.0 4.8641e-16
6538.0 4.5895e-16
6540.0 5.0921e-16
6542.0 4.8228e-16
6544.0 4.8998e-16
6546.0 5.1953e-16
6548.0 5.3042e-16
6550.0 4.4933e-16
6552.0 4.4811e-16
6554.0 4.2701e-16
6556.0 5.0571e-16
6558.0 5.2496e-16
6560.0 5.2609e-16
6562.0 5.6600e-16
6564.0 5.2604e-16
6566.0 5.0694e-16
6568.0 4.9327e-16
6570.0 4.6925e-16
6572.0 5.1955e-16
6574.0 5.0791e-16
6576.0 4.4024e-16
6578.0 4.4292e-16
6580.0 5.3942e-16
6582.0 4.7078e-16
6584.0 4.4706e-16
6586.0 5.2028e-16
6588.0 4.9931e-16
6590.0 4.8774e-16
6592.0 4.9489e-16
6594.0 4.7594e-16
6596.0 5.1659e-16
6598.0 4.8311e-16
6600.0 4.5276e-16
6602.0 4.9418e-16
6604.0 4.8429e-16
6606.0 4.8457e-16
6608.0 5.2256e-16
6610.0 4.6017e-16
6612.0 4.2705e-16
6614.0 4.4196e-16
6616.0 4.7221e-16
6618.0 4.5450e-16
6620.0 4.4736e-16
6622.0 5.4658e-16
6624.0 5.0083e-16
6626.0 4.9552e-16
6628.0 4.9324e-16
6630.0 4.8394e-16
6632.0 4.6352e-16
6634.0 4.6639e-16
6636.0 4.3857e-16
6638.0 4.5589e-16
6640.0 4.9887e-16
6642.0 4.5339e-16
6644.0 5.2605e-16
6646.0 4.7028e-16
6648.0 4.7563e-16
6650.0 4.9905e-16
6652.0 4.8430e-16
6654.0 4.9106e-16
6656.0 4.8181e-16
6658.0 4.8832e-16
6660.0 5.1740e-16
6662.0 4.8253e-16
6664.0 4.5198e-16
6666.0 5.1442e-16
6668.0 5.3113e-16
6670.0 4.8653e-16
6672.0 4.8132e-16
6674.0 5.0000e-16
6676.0 5.0724e-16
6678.0 4.7316e-16
6680.0 4.8411e-16
6682.0 4.8532e-16
6684.0 4.9513e-16
6686.0 4.3282e-16
6688.0 4.6847e-16
6690.0 4.5012e-16
6692.0 5.2163e-16
6694.0 4.9601e-16
6696.0 4.9962e-16
6698.0 4.2700e-16
6700.0 4.7320e-16
6702.0 4.8866e-16
6704.0 4.1590e-16
6706.0 4.9254e-16
6708.0 4.0738e-16
6710.0 4.4159e-16
6712.0 4.4737e-16
6714.0 4.5665e-16
6716.0 4.3840e-16
6718.0 4.8142e-16
6720.0 4.7795e-16
6722.0 4.2313e-16
6724.0 4.0302e-16
6726.0 3.9529e-16
6728.0 4.6995e-16
6730.0 5.0934e-16
6732.0 4.4506e-16
6734.0 4.5313e-16
6736.0 4.6367e-16
6738.0 4.6593e-16
6740.0 4.3841e-16
6742.0 4.4985e-16
6744.0 4.4853e-16
6746.0 4.5356e-16
6748.0 4.5073e-16
6750.0 4.7347e-16
6752.0 4.2587e-16
6754.0 4.6845e-16
6756.0 4.4851e-16
6758.0 4.6775e-16
6760.0 4.3122e-16
6762.0 4.3842e-16
6764.0 4.4978e-16
6766.0 4.1307e-16
6768.0 4.4081e-16
6770.0 4.1614e-16
6772.0 4.0975e-16
6774.0 4.3384e-16
6776.0 4.3328e-16
6778.0 4.3426e-16
6780.0 4.0926e-16
6782.0 4.5357e-16
6784.0 4.7989e-16
6786.0 4.4671e-16
6788.0 4.2696e-16
6790.0 4.5997e-16
6792.0 4.3920e-16
6794.0 4.1334e-16
6796.0 4.3888e-16
6798.0 4.7650e-16
6800.0 4.4040e-16
6802.0 3.9518e-16
6804.0 3.8950e-16
6806.0 4.1816e-16
6808.0 4.4396e-16
6810.0 4.3111e-16
6812.0 4.2937e-16
6814.0 4.3669e-16
6816.0 4.3942e-16
6818.0 4.7556e-16
6820.0 4.3422e-16
6822.0 4.2053e-16
6824.0 4.2764e-16
6826.0 4.3590e-16
6828.0 4.1069e-16
6830.0 4.0859e-16
6832.0 4.3795e-16
6834.0 4.8380e-16
6836.0 4.9933e-16
6838.0 4.0431e-16
6840.0 4.2218e-16
6842.0 4.4111e-16
6844.0 3.8987e-16
6846.0 4.1640e-16
6848.0 4.2588e-16
6850.0 4.2967e-16
6852.0 3.9064e-16
6854.0 4.4234e-16
6856.0 4.2522e-16
6858.0 4.3452e-16
6860.0 4.3249e-16
6862.0 3.9642e-16
6864.0 4.5487e-16
6866.0 4.4413e-16
6868.0 4.3679e-16
6870.0 4.3300e-16
6872.0 3.8715e-16
6874.0 4.3835e-16
6876.0 4.4044e-16
6878.0 4.4124e-16
6880.0 3.9155e-16
6882.0 4.0606e-16
6884.0 4.0225e-16
6886.0 4.3544e-16
6888.0 4.4224e-16
6890.0 4.6081e-16
6892.0 5.0109e-16
6894.0 4.9566e-16
6896.0 4.2889e-16
6898.0 3.6918e-16
6900.0 4.0041e-16
6902.0 4.5098e-16
6904.0 4.0028e-16
6906.0 3.7845e-16
6908.0 4.3420e-16
6910.0 4.8101e-16
6912.0 4.3195e-16
6914.0 3.9504e-16
6916.0 4.0206e-16
6918.0 4.4992e-16
6920.0 4.6596e-16
6922.0 4.4022e-16
6924.0 3.6533e-16
6926.0 3.6255e-16
6928.0 4.0058e-16
6930.0 4.2962e-16
6932.0 4.2141e-16
6934.0 4.0224e-16
6936.0 4.5999e-16
6938.0 4.8825e-16
6940.0 4.3383e-16
6942.0 4.2697e-16
6944.0 4.5152e-16
6946.0 4.6232e-16
6948.0 4.4823e-16
6950.0 4.2582e-16
6952.0 4.0198e-16
6954.0 4.0681e-16
6956.0 4.3140e-16
6958.0 4.6991e-16
6960.0 4.5431e-16
6962.0 4.1840e-16
6964.0 4.4173e-16
6966.0 4.4561e-16
6968.0 4.7522e-16
6970.0 3.6964e-16
6972.0 4.2894e-16
6974.0 4.6098e-16
6976.0 4.5014e-16
6978.0 4.4934e-16
6980.0 4.5619e-16
6982.0 4.3816e-16
6984.0 4.9798e-16
6986.0 4.3450e-16
6988.0 4.5554e-16
6990.0 4.7538e-16
6992.0 4.3559e-16
6994.0 4.0806e-16
6996.0 4.4026e-16
6998.0 4.3165e-16
7000.0 4.2844e-16
7002.0 4.3608e-16
7004.0 4.4040e-16
7006.0 4.6745e-16
7008.0 4.2456e-16
7010.0 4.1303e-16
7012.0 4.1615e-16
7014.0 4.8400e-16
7016.0 4.4433e-16
7018.0 4.4845e-16
7020.0 4.0432e-16
7022.0 4.7531e-16
7024.0 4.1641e-16
7026.0 4.7802e-16
7028.0 4.6307e-16
7030.0 4.1835e-16
7032.0 4.8460e-16
7034.0 4.4924e-16
7036.0 5.2719e-16
7038.0 4.5588e-16
7040.0 4.9093e-16
7042.0 4.9739e-16
7044.0 4.3971e-16
7046.0 4.1635e-16
7048.0 4.6352e-16
7050.0 4.6642e-16
7052.0 4.3899e-16
7054.0 4.4253e-16
7056.0 4.5963e-16
7058.0 5.3580e-16
7060.0 4.6279e-16
7062.0 4.5782e-16
7064.0 5.0481e-16
7066.0 5.0204e-16
7068.0 4.0658e-16
7070.0 3.9667e-16
7072.0 4.5979e-16
7074.0 4.9752e-16
7076.0 4.5393e-16
7078.0 4.6308e-16
7080.0 4.7143e-16
7082.0 4.2752e-16
7084.0 4.2923e-16
7086.0 5.3462e-16
7088.0 4.7783e-16
7090.0 5.0734e-16
7092.0 5.2337e-16
7094.0 5.1566e-16
7096.0 4.8105e-16
7098.0 4.6388e-16
7100.0 4.6338e-16
7102.0 4.7744e-16
7104.0 4.9003e-16
7106.0 4.3418e-16
7108.0 4.2774e-16
7110.0 4.4899e-16
7112.0 4.5640e-16
7114.0 4.3912e-16
7116.0 4.6696e-16
7118.0 4.5382e-16
7120.0 5.3200e-16
7122.0 4.9515e-16
7124.0 4.4468e-16
7126.0 4.3834e-16
7128.0 4.8564e-16
7130.0 4.2886e-16
7132.0 4.4978e-16
7134.0 4.3968e-16
7136.0 4.6243e-16
7138.0 4.9609e-16
7140.0 4.6560e-16
7142.0 4.5492e-16
7144.0 4.9456e-16
7146.0 4.8823e-16
7148.0 3.9212e-16
7150.0 4.1756e-16
7152.0 4.7231e-16
7154.0 5.1407e-16
7156.0 4.3495e-16
7158.0 4.1291e-16
7160.0 4.5534e-16
7162.0 4.8428e-16
7164.0 4.3634e-16
7166.0 4.4278e-16
7168.0 4.2773e-16
7170.0 4.0070e-16
7172.0 4.1345e-16
7174.0 4.2590e-16
7176.0 4.2307e-16
7178.0 4.4426e-16
7180.0 4.5927e-16
7182.0 4.1515e-16
7184.0 4.5369e-16
7186.0 4.5870e-16
7188.0 4.3240e-16
7190.0 5.0655e-16
7192.0 4.7631e-16
7194.0 4.1603e-16
7196.0 4.3096e-16
7198.0 4.3732e-16
7200.0 4.3725e-16
7202.0 4.0717e-16
7204.0 4.0409e-16
7206.0 4.5323e-16
7208.0 4.7720e-16
7210.0 4.3215e-16
7212.0 4.3929e-16
7214.0 4.3137e-16
7216.0 4.5840e-16
7218.0 4.7374e-16
7220.0 4.5164e-16
7222.0 4.1961e-16
7224.0 4.2228e-16
7226.0 4.4462e-16
7228.0 3.8299e-16
7230.0 4.1200e-16
7232.0 4.4622e-16
7234.0 4.9600e-16
7236.0 3.9485e-16
7238.0 4.0460e-16
7240.0 4.2829e-16
7242.0 4.5504e-16
7244.0 3.7739e-16
7246.0 3.7816e-16
7248.0 4.1780e-16
7250.0 4.3921e-16
7252.0 4.2718e-16
7254.0 4.2507e-16
7256.0 4.4796e-16
7258.0 4.5785e-16
7260.0 4.5088e-16
7262.0 3.9434e-16
7264.0 4.2627e-16
7266.0 4.0941e-16
7268.0 4.1612e-16
7270.0 3.8040e-16
7272.0 4.0023e-16
7274.0 4.2177e-16
7276.0 5.0901e-16
7278.0 4.1887e-16
7280.0 4.6407e-16
7282.0 3.8047e-16
7284.0 3.8562e-16
7286.0 4.3484e-16
7288.0 4.1460e-16
7290.0 4.2471e-16
7292.0 4.7747e-16
7294.0 4.1640e-16
7296.0 4.2686e-16
7298.0 4.2019e-16
7300.0 3.9873e-16
7302.0 4.4023e-16
7304.0 4.3070e-16
7306.0 3.9738e-16
7308.0 4.0967e-16
7310.0 3.9924e-16
7312.0 4.0929e-16
7314.0 3.8213e-16
7316.0 3.3974e-16
7318.0 4.1757e-16
7320.0 3.9571e-16
7322.0 4.0810e-16
7324.0 4.6541e-16
7326.0 4.4365e-16
7328.0 4.7368e-16
7330.0 4.6756e-16
7332.0 4.4426e-16
7334.0 3.9399e-16
7336.0 4.0369e-16
7338.0 4.0297e-16
7340.0 4.7094e-16
7342.0 4.1750e-16
7344.0 5.0244e-16
7346.0 3.9278e-16
7348.0 4.0912e-16
7350.0 4.3813e-16
7352.0 4.3875e-16
7354.0 4.1632e-16
7356.0 3.9112e-16
7358.0 4.2700e-16
7360.0 4.2192e-16
7362.0 4.2628e-16
7364.0 4.1814e-16
7366.0 4.4771e-16
7368.0 4.7061e-16
7370.0 4.7173e-16
7372.0 4.2996e-16
7374.0 4.0559e-16
7376.0 4.5551e-16
7378.0 3.7027e-16
7380.0 3.9594e-16
7382.0 3.6971e-16
7384.0 4.2412e-16
7386.0 4.1464e-16
7388.0 4.0225e-16
7390.0 4.4072e-16
7392.0 4.6764e-16
7394.0 4.9775e-16
7396.0 4.1663e-16
7398.0 4.1353e-16
7400.0 4.1708e-16
7402.0 4.1763e-16
7404.0 4.2488e-16
7406.0 4.4457e-16
7408.0 3.9121e-16
7410.0 3.9931e-16
7412.0 3.7379e-16
7414.0 3.8599e-16
7416.0 3.9078e-16
7418.0 4.3231e-16
7420.0 4.2818e-16
7422.0 3.9225e-16
7424.0 4.4688e-16
7426.0 4.3023e-16
7428.0 4.4535e-16
7430.0 4.2535e-16
7432.0 4.2014e-16
7434.0 3.5710e-16
7436.0 3.6023e-16
7438.0 4.3757e-16
7440.0 3.6717e-16
7442.0 3.9039e-16
7444.0 3.5731e-16
7446.0 3.9736e-16
7448.0 4.3651e-16
7450.0 4.2799e-16
7452.0 4.2658e-16
7454.0 3.6669e-16
7456.0 3.5107e-16
7458.0 4.1114e-16
7460.0 3.7632e-16
7462.0 4.0680e-16
7464.0 4.1395e-16
7466.0 4.1228e-16
7468.0 4.0865e-16
7470.0 4.0231e-16
7472.0 3.8278e-16
7474.0 3.9850e-16
7476.0 4.0855e-16
7478.0 4.4260e-16
7480.0 4.4595e-16
7482.0 4.3615e-16
7484.0 3.7430e-16
7486.0 4.5880e-16
7488.0 3.6475e-16
7490.0 3.7541e-16
7492.0 4.0004e-16
7494.0 4.0854e-16
7496.0 3.7585e-16
7498.0 4.2256e-16
7500.0 4.2999e-16
7502.0 4.4605e-16
7504.0 3.9502e-16
7506.0 4.5211e-16
7508.0 4.3285e-16
7510.0 4.0539e-16
7512.0 4.1771e-16
7514.0 4.2107e-16
7516.0 4.6597e-16
7518.0 4.6923e-16
7520.0 3.5732e-16
7522.0 3.5435e-16
7524.0 4.5006e-16
7526.0 3.6432e-16
7528.0 3.5555e-16
7530.0 3.8329e-16
7532.0 4.3849e-16
7534.0 4.2127e-16
7536.0 4.4581e-16
7538.0 4.1600e-16
7540.0 4.2103e-16
7542.0 3.9507e-16
7544.0 4.1253e-16
7546.0 4.3520e-16
7548.0 4.0187e-16
7550.0 4.0077e-16
7552.0 4.2330e-16
7554.0 4.3815e-16
7556.0 4.6858e-16
7558.0 4.0773e-16
7560.0 4.8084e-16
7562.0 4.2866e-16
7564.0 4.5217e-16
7566.0 4.3127e-16
7568.0 3.6715e-16
7570.0 4.2655e-16
7572.0 4.2736e-16
7574.0 4.5530e-16
7576.0 4.1925e-16
7578.0 4.0439e-16
7580.0 4.1492e-16
7582.0 4.3213e-16
7584.0 4.5220e-16
7586.0 4.0606e-16
7588.0 4.2779e-16
7590.0 3.8104e-16
7592.0 4.2372e-16
7594.0 4.3545e-16
7596.0 4.6946e-16
7598.0 4.4029e-16
7600.0 4.6118e-16
7602.0 3.6462e-16
7604.0 5.2753e-16
7606.0 4.7029e-16
7608.0 4.1658e-16
7610.0 5.4139e-16
7612.0 4.4834e-16
7614.0 4.1068e-16
7616.0 4.4438e-16
7618.0 3.9762e-16
7620.0 4.1977e-16
7622.0 3.9674e-16
7624.0 5.0519e-16
7626.0 4.5513e-16
7628.0 4.0254e-16
7630.0 3.5894e-16
7632.0 4.2649e-16
7634.0 4.0989e-16
7636.0 3.8153e-16
7638.0 3.9820e-16
7640.0 4.9240e-16
7642.0 4.1295e-16
7644.0 4.4000e-16
7646.0 3.8302e-16
7648.0 3.8525e-16
7650.0 4.5994e-16
7652.0 4.2462e-16
7654.0 4.4251e-16
7656.0 4.0213e-16
7658.0 3.8367e-16
7660.0 4.3000e-16
7662.0 4.2586e-16
7664.0 4.2510e-16
7666.0 4.2050e-16
7668.0 3.5397e-16
7670.0 4.5455e-16
7672.0 4.3556e-16
7674.0 4.1952e-16
7676.0 4.3252e-16
7678.0 4.1405e-16
7680.0 4.3114e-16
7682.0 4.6145e-16
7684.0 4.6425e-16
7686.0 3.8807e-16
7688.0 3.8625e-16
7690.0 4.4554e-16
7692.0 4.5048e-16
7694.0 4.2945e-16
7696.0 3.7941e-16
7698.0 3.9688e-16
7700.0 4.1352e-16
7702.0 4.1745e-16
7704.0 4.4842e-16
7706.0 4.4564e-16
7708.0 4.3537e-16
7710.0 4.3188e-16
7712.0 5.6283e-16
7714.0 4.5776e-16
7716.0 4.8246e-16
7718.0 4.4020e-16
7720.0 4.5719e-16
7722.0 4.4936e-16
7724.0 4.3625e-16
7726.0 4.8781e-16
7728.0 4.2934e-16
7730.0 4.1978e-16
7732.0 4.4054e-16
7734.0 4.2102e-16
7736.0 5.4700e-16
7738.0 5.1928e-16
7740.0 4.5667e-16
7742.0 4.9117e-16
7744.0 4.2594e-16
7746.0 4.8165e-16
7748.0 4.7174e-16
7750.0 4.5497e-16
7752.0 4.7406e-16
7754.0 5.3415e-16
7756.0 4.7510e-16
7758.0 4.5119e-16
7760.0 4.0920e-16
7762.0 4.6160e-16
7764.0 4.5053e-16
7766.0 4.5041e-16
7768.0 4.0186e-16
7770.0 4.2130e-16
7772.0 5.1490e-16
7774.0 4.7009e-16
7776.0 4.7400e-16
7778.0 4.4329e-16
7780.0 4.2862e-16
7782.0 4.1367e-16
7784.0 4.2517e-16
7786.0 5.0316e-16
7788.0 4.4346e-16
7790.0 4.6208e-16
7792.0 4.6797e-16
7794.0 4.6354e-16
7796.0 5.7306e-16
7798.0 5.2745e-16
7800.0 4.8373e-16
7802.0 4.6671e-16
7804.0 4.9396e-16
7806.0 4.0815e-16
7808.0 4.9310e-16
7810.0 5.4361e-16
7812.0 5.0341e-16
7814.0 4.6270e-16
7816.0 4.5608e-16
7818.0 4.9286e-16
7820.0 4.6133e-16
7822.0 5.5720e-16
7824.0 5.1457e-16
7826.0 5.0150e-16
7828.0 5.2814e-16
7830.0 4.9975e-16
7832.0 5.1042e-16
7834.0 5.1961e-16
7836.0 5.6025e-16
7838.0 4.6349e-16
7840.0 6.0408e-16
7842.0 5.2630e-16
7844.0 5.2014e-16
7846.0 4.7671e-16
7848.0 5.4973e-16
7850.0 5.2486e-16
7852.0 6.0240e-16
7854.0 5.9324e-16
7856.0 5.7930e-16
7858.0 5.5096e-16
7860.0 6.2758e-16
7862.0 6.1332e-16
7864.0 5.3789e-16
7866.0 5.7986e-16
7868.0 5.8620e-16
7870.0 5.2631e-16
7872.0 5.7340e-16
7874.0 6.4952e-16
7876.0 6.0692e-16
7878.0 6.3594e-16
7880.0 6.1535e-16
7882.0 6.7168e-16
7884.0 6.8874e-16
7886.0 7.2024e-16
7888.0 7.5105e-16
7890.0 7.6617e-16
7892.0 8.2739e-16
7894.0 7.9742e-16
7896.0 7.9320e-16
7898.0 8.1154e-16
7900.0 8.4557e-16
7902.0 9.6713e-16
7904.0 9.7446e-16
7906.0 8.2100e-16
7908.0 6.5752e-16
7910.0 7.6983e-16
7912.0 1.3065e-15
7914.0 1.9324e-15
7916.0 1.7093e-15
7918.0 1.3205e-15
7920.0 1.2482e-15
7922.0 1.0429e-15
7924.0 1.0126e-15
7926.0 9.1979e-16
7928.0 8.6838e-16
7930.0 8.1492e-16
7932.0 8.1248e-16
7934.0 7.6731e-16
7936.0 7.2486e-16
7938.0 7.2718e-16
7940.0 7.1363e-16
7942.0 6.7654e-16
7944.0 6.4609e-16
7946.0 6.4538e-16
7948.0 6.2105e-16
7950.0 6.0812e-16
7952.0 5.2787e-16
7954.0 5.2414e-16
7956.0 5.5179e-16
7958.0 5.6698e-16
7960.0 5.9771e-16
7962.0 5.1672e-16
7964.0 6.2799e-16
7966.0 5.1330e-16
7968.0 4.5587e-16
7970.0 4.9969e-16
7972.0 5.4705e-16
7974.0 4.8884e-16
7976.0 5.1293e-16
7978.0 4.6167e-16
7980.0 5.4053e-16
7982.0 4.8932e-16
7984.0 3.7988e-16
7986.0 4.7881e-16
7988.0 4.3749e-16
7990.0 4.7643e-16
7992.0 4.7357e-16
7994.0 5.5014e-16
7996.0 4.7502e-16
7998.0 4.9712e-16
8000.0 4.5635e-16
8002.0 5.0649e-16
8004.0 4.6157e-16
8006.0 4.9348e-16
8008.0 4.5329e-16
8010.0 5.1269e-16
8012.0 5.2502e-16
8014.0 4.7648e-16
8016.0 4.5733e-16
8018.0 4.2636e-16
8020.0 4.5527e-16
8022.0 4.5478e-16
8024.0 4.6033e-16
8026.0 4.4917e-16
8028.0 4.1352e-16
8030.0 5.1098e-16
8032.0 4.9168e-16
8034.0 4.6553e-16
8036.0 4.1526e-16
8038.0 4.5633e-16
8040.0 4.5487e-16
8042.0 4.8277e-16
8044.0 4.6904e-16
8046.0 4.8644e-16
8048.0 5.0395e-16
8050.0 4.2513e-16
8052.0 4.8144e-16
8054.0 4.1057e-16
8056.0 4.2049e-16
8058.0 4.9223e-16
8060.0 4.5854e-16
8062.0 5.1426e-16
8064.0 4.7194e-16
8066.0 4.2386e-16
8068.0 4.2307e-16
8070.0 4.3976e-16
8072.0 4.8213e-16
8074.0 4.4259e-16
8076.0 4.1577e-16
8078.0 4.4617e-16
8080.0 4.7198e-16
8082.0 4.3246e-16
8084.0 4.7788e-16
8086.0 4.6852e-16
8088.0 4.7348e-16
8090.0 4.6503e-16
8092.0 4.2988e-16
8094.0 3.7143e-16
8096.0 4.5505e-16
8098.0 4.4595e-16
8100.0 4.6508e-16
8102.0 4.4588e-16
8104.0 4.0995e-16
8106.0 3.7009e-16
8108.0 3.8360e-16
8110.0 4.2249e-16
8112.0 3.9706e-16
8114.0 4.5343e-16
8116.0 4.3200e-16
8118.0 3.6516e-16
8120.0 3.7726e-16
8122.0 4.1653e-16
8124.0 4.2333e-16
8126.0 4.1835e-16
8128.0 4.3145e-16
8130.0 4.4820e-16
8132.0 3.8977e-16
8134.0 3.7238e-16
8136.0 3.5161e-16
8138.0 4.2848e-16
8140.0 3.7806e-16
8142.0 4.2028e-16
8144.0 3.9139e-16
8146.0 4.1146e-16
8148.0 3.4938e-16
8150.0 3.9000e-16
8152.0 3.7008e-16
8154.0 3.7275e-16
8156.0 3.7123e-16
8158.0 3.8954e-16
8160.0 3.9133e-16
8162.0 4.1978e-16
8164.0 4.0488e-16
8166.0 4.0438e-16
8168.0 4.0719e-16
8170.0 3.8921e-16
8172.0 3.4296e-16
8174.0 3.7950e-16
8176.0 4.0580e-16
8178.0 3.9152e-16
8180.0 3.3882e-16
8182.0 3.6157e-16
8184.0 4.0717e-16
8186.0 3.7497e-16
8188.0 4.5172e-16
8190.0 3.9738e-16
8192.0 3.5971e-16
8194.0 4.1246e-16
8196.0 3.9119e-16
8198.0 3.5189e-16
8200.0 3.3032e-16
8202.0 3.4539e-16
8204.0 3.8925e-16
8206.0 3.8427e-16
8208.0 3.5895e-16
8210.0 3.8435e-16
8212.0 3.1123e-16
8214.0 3.0292e-16
8216.0 3.6156e-16
8218.0 3.8968e-16
8220.0 3.1689e-16
8222.0 3.6789e-16
8224.0 4.0061e-16
8226.0 3.9370e-16
8228.0 3.9987e-16
8230.0 3.1819e-16
8232.0 3.4043e-16
8234.0 3.4705e-16
8236.0 3.2883e-16
8238.0 3.8006e-16
8240.0 4.0263e-16
8242.0 3.7278e-16
8244.0 4.1539e-16
8246.0 4.1659e-16
8248.0 4.2564e-16
8250.0 3.8686e-16
8252.0 3.6406e-16
8254.0 3.4631e-16
8256.0 3.6163e-16
8258.0 3.2773e-16
8260.0 3.6312e-16
8262.0 3.6851e-16
8264.0 4.1262e-16
8266.0 3.5577e-16
8268.0 3.0463e-16
8270.0 3.8893e-16
8272.0 3.6253e-16
8274.0 3.7135e-16
8276.0 3.4134e-16
8278.0 3.6028e-16
8280.0 4.0364e-16
8282.0 3.9474e-16
8284.0 3.3559e-16
8286.0 3.7626e-16
8288.0 5.2633e-16
8290.0 4.2501e-16
8292.0 3.7699e-16
8294.0 3.1757e-16
8296.0 3.8244e-16
8298.0 3.9903e-16
8300.0 3.3625e-16
8302.0 3.4801e-16
8304.0 2.7409e-16
8306.0 2.9708e-16
8308.0 3.2376e-16
8310.0 3.8267e-16
8312.0 3.8620e-16
8314.0 3.7803e-16
8316.0 3.4491e-16
8318.0 3.3614e-16
8320.0 3.5674e-16
8322.0 3.0872e-16
8324.0 3.1481e-16
8326.0 2.9377e-16
8328.0 2.0498e-16
8330.0 2.7214e-16
8332.0 3.9075e-16
8334.0 3.9075e-16
8336.0 3.2890e-16
8338.0 3.6557e-16
8340.0 4.4186e-16
8342.0 4.2112e-16
8344.0 3.4236e-16
8346.0 3.1150e-16
8348.0 3.9603e-16
8350.0 2.9114e-16
8352.0 4.2418e-16
8354.0 3.0252e-16
8356.0 4.2108e-16
8358.0 3.6413e-16
8360.0 3.5256e-16
8362.0 2.0818e-16
8364.0 3.3573e-16
8366.0 2.9028e-16
8368.0 3.0440e-16
8370.0 2.2698e-16
8372.0 2.3935e-16
8374.0 4.1852e-16
8376.0 3.8888e-16
8378.0 3.4527e-16
8380.0 4.0335e-16
8382.0 3.1283e-16
8384.0 2.6973e-16
8386.0 4.0350e-16
8388.0 3.5325e-16
8390.0 2.0778e-16
8392.0 3.5622e-16
8394.0 2.3294e-16
8396.0 2.3066e-16
8398.0 2.7595e-16
8400.0 5.0660e-16
