3400.0 1.1848e-17
3401.53393 3.2882e-17
3403.06786 4.0924e-17
3404.60179 6.3941e-17
3406.13572 3.4448e-17
3407.66965 2.8746e-17
3409.20358 2.6995e-17
3410.73751 3.3815e-17
3412.27144 3.6049e-17
3413.80537 4.8619e-17
3415.3393 3.2841e-17
3416.87323 3.3688e-17
3418.40716 1.9682e-17
3419.94109 3.693e-17
3421.47502 3.4141e-17
3423.00895 3.1835e-17
3424.54288 2.0545e-17
3426.07681 2.129e-17
3427.61074 1.5741e-17
3429.14467 3.3756e-17
3430.6786 3.8022e-17
3432.21253 4.6761e-17
3433.74646 4.1298e-17
3435.28039 3.4677e-17
3436.81432 4.552e-17
3438.34825 3.1244e-17
3439.88218 2.7484e-17
3441.41611 3.2409e-17
3442.95004 1.8973e-17
3444.48397 5.7117e-17
3446.0179 5.2331e-17
3447.55183 4.2438e-17
3449.08576 4.2871e-17
3450.61969 4.4776e-17
3452.15362 4.4262e-17
3453.68755 4.7439e-17
3455.22148 4.7031e-17
3456.75541 3.9725e-17
3458.28934 3.4024e-17
3459.82327 4.3322e-17
3461.3572 2.4227e-17
3462.89113 3.4803e-17
3464.42506 2.3895e-17
3465.95899 2.6575e-17
3467.49292 2.3105e-17
3469.02685 4.1106e-17
3470.56078 3.2048e-17
3472.09471 3.4639e-17
3473.62864 3.0763e-17
3475.16257 9.9389e-18
3476.6965 3.2985e-17
3478.23043 1.9157e-17
3479.76436 3.1626e-17
3481.29829 3.7961e-17
3482.83222 3.0261e-17
3484.36615 3.8929e-17
3485.90008 3.3165e-17
3487.43401 3.7592e-17
3488.96794 3.1953e-17
3490.50187 3.4698e-17
3492.0358 2.8785e-17
3493.56973 2.2399e-17
3495.10366 4.078e-17
3496.63759 3.8567e-17
3498.17152 2.9656e-17
3499.70545 2.7017e-17
3501.23938 4.3881e-17
3502.77331 3.2275e-17
3504.30724 2.8403e-17
3505.84117 3.4486e-17
3507.3751 3.2312e-17
3508.90903 3.7435e-17
3510.44296 3.7965e-17
3511.97689 2.5037e-17
3513.51082 2.9382e-17
3515.04475 2.6487e-17
3516.57868 3.4348e-17
3518.11261 3.7139e-17
3519.64654 2.6869e-17
3521.18047 3.0751e-17
3522.7144 4.7499e-17
3524.24833 4.5372e-17
3525.78226 2.3727e-17
3527.31619 3.0196e-17
3528.85012 2.9846e-17
3530.38405 2.3431e-17
3531.91798 2.4431e-17
3533.45191 2.8784e-17
3534.98584 2.6198e-17
3536.51977 3.0699e-17
3538.0537 2.0758e-17
3539.58763 2.6657e-17
3541.12156 2.6403e-17
3542.65549 2.401e-17
3544.18942 2.6816e-17
3545.72335 2.4239e-17
3547.25728 2.7221e-17
3548.79121 3.0814e-17
3550.32514 3.0687e-17
3551.85907 3.849e-17
3553.393 3.5185e-17
3554.92693 3.3002e-17
3556.46086 3.1671e-17
3557.99479 2.1242e-17
3559.52872 3.7262e-17
3561.06265 3.52e-17
3562.59658 4.3519e-17
3564.13051 3.5871e-17
3565.66444 3.2543e-17
3567.19837 3.3722e-17
3568.7323 2.9454e-17
3570.26623 3.1657e-17
3571.80016 3.6947e-17
3573.33409 4.2035e-17
3574.86802 4.656e-17
3576.40195 4.1583e-17
3577.93588 3.8455e-17
3579.46981 5.2237e-17
3581.00374 3.8938e-17
3582.53767 4.6833e-17
3584.0716 3.4894e-17
3585.60553 4.4779e-17
3587.13946 4.081e-17
3588.67339 3.6321e-17
3590.20732 3.5221e-17
3591.74125 2.4533e-17
3593.27518 2.8186e-17
3594.80911 4.6586e-17
3596.34304 3.9355e-17
3597.87697 3.4323e-17
3599.4109 2.7856e-17
3600.94483 3.4671e-17
3602.47876 3.7292e-17
3604.01269 3.3463e-17
3605.54662 3.5847e-17
3607.08055 3.8695e-17
3608.61448 3.4166e-17
3610.14841 4.0692e-17
3611.68234 3.2488e-17
3613.21627 2.2213e-17
3614.7502 2.4503e-17
3616.28413 2.7656e-17
3617.81806 3.7405e-17
3619.35199 3.4874e-17
3620.88592 2.8615e-17
3622.41985 2.7993e-17
3623.95378 3.2647e-17
3625.48771 2.289e-17
3627.02164 2.8082e-17
3628.55557 2.398e-17
3630.0895 3.3969e-17
3631.62343 3.2785e-17
3633.15736 2.8533e-17
3634.69129 3.9651e-17
3636.22522 3.7064e-17
3637.75915 3.3938e-17
3639.29308 3.6876e-17
3640.82701 3.5561e-17
3642.36094 3.4796e-17
3643.89487 4.1538e-17
3645.4288 4.0743e-17
3646.96273 3.7327e-17
3648.49666 2.3493e-17
3650.03059 1.138e-17
3651.56452 2.6097e-17
3653.09845 3.5403e-17
3654.63238 4.9306e-17
3656.16631 4.7965e-17
3657.70024 4.1732e-17
3659.23417 4.0675e-17
3660.7681 4.0108e-17
3662.30203 3.2612e-17
3663.83596 3.7552e-17
3665.36989 3.9897e-17
3666.90382 4.2871e-17
3668.43775 3.6333e-17
3669.97168 3.231e-17
3671.50561 3.8442e-17
3673.03954 4.0967e-17
3674.57347 4.1638e-17
3676.1074 3.7421e-17
3677.64133 3.3513e-17
3679.17526 3.9356e-17
3680.70919 3.5367e-17
3682.24312 4.8367e-17
3683.77705 4.9449e-17
3685.31098 3.6265e-17
3686.84491 3.6463e-17
3688.37884 3.0173e-17
3689.91277 2.9211e-17
3691.4467 3.7404e-17
3692.98063 4.0613e-17
3694.51456 2.7256e-17
3696.04849 2.7698e-17
3697.58242 3.8217e-17
3699.11635 3.4164e-17
3700.65028 2.7256e-17
3702.18421 3.259e-17
3703.71814 3.0503e-17
3705.25207 3.2596e-17
3706.786 3.2416e-17
3708.31993 2.611e-17
3709.85386 2.8446e-17
3711.38779 2.9396e-17
3712.92172 3.9031e-17
3714.45565 3.108e-17
3715.98958 3.2598e-17
3717.52351 3.3527e-17
3719.05744 3.0246e-17
3720.59137 3.1339e-17
3722.1253 4.0505e-17
3723.65923 2.7276e-17
3725.19316 3.5951e-17
3726.72709 3.5012e-17
3728.26102 2.9217e-17
3729.79495 3.9168e-17
3731.32888 2.6934e-17
3732.86281 3.0038e-17
3734.39674 3.5469e-17
3735.93067 3.2506e-17
3737.4646 3.1041e-17
3738.99853 2.7396e-17
3740.53246 2.913e-17
3742.06639 3.9894e-17
3743.60032 4.4676e-17
3745.13425 4.4923e-17
3746.66818 3.2348e-17
3748.20211 3.5131e-17
3749.73604 3.3384e-17
3751.26997 3.9167e-17
3752.8039 3.3959e-17
3754.33783 3.3363e-17
3755.87176 3.833e-17
3757.40569 3.0086e-17
3758.93962 2.7844e-17
3760.47355 3.3606e-17
3762.00748 3.2473e-17
3763.54141 3.1621e-17
3765.07534 3.1272e-17
3766.60927 3.4452e-17
3768.1432 4.2327e-17
3769.67713 3.4756e-17
3771.21106 3.7221e-17
3772.74499 3.3269e-17
3774.27892 2.3894e-17
3775.81285 2.774e-17
3777.34678 3.3571e-17
3778.88071 3.135e-17
3780.41464 2.9536e-17
3781.94857 2.6724e-17
3783.4825 2.4944e-17
3785.01643 2.6744e-17
3786.55036 2.7637e-17
3788.08429 3.255e-17
3789.61822 3.5906e-17
3791.15215 3.7771e-17
3792.68608 2.5604e-17
3794.22001 2.8358e-17
3795.75394 3.7145e-17
3797.28787 4.0797e-17
3798.8218 4.0291e-17
3800.35573 3.49e-17
3801.88966 3.49e-17
3803.42359 2.5466e-17
3804.95752 2.6433e-17
3806.49145 2.9077e-17
3808.02538 3.195e-17
3809.55931 2.7666e-17
3811.09324 3.4997e-17
3812.62717 3.4051e-17
3814.1611 2.9552e-17
3815.69503 2.5719e-17
3817.22896 3.1287e-17
3818.76289 2.8871e-17
3820.29682 2.8835e-17
3821.83075 3.3001e-17
3823.36468 3.5304e-17
3824.89861 3.4852e-17
3826.43254 3.007e-17
3827.96647 2.6557e-17
3829.5004 2.9692e-17
3831.03433 3.0129e-17
3832.56826 3.0546e-17
3834.10219 3.356e-17
3835.63612 3.2051e-17
3837.17005 3.2416e-17
3838.70398 2.6791e-17
3840.23791 3.5796e-17
3841.77184 3.4549e-17
3843.30577 3.169e-17
3844.8397 3.6024e-17
3846.37363 3.1214e-17
3847.90756 3.0833e-17
3849.44149 3.119e-17
3850.97542 2.7437e-17
3852.50935 2.5501e-17
3854.04328 2.8788e-17
3855.57721 3.2518e-17
3857.11114 3.1733e-17
3858.64507 3.4415e-17
3860.179 3.0887e-17
3861.71293 2.2953e-17
3863.24686 3.0701e-17
3864.78079 3.218e-17
3866.31472 3.7732e-17
3867.84865 3.3335e-17
3869.38258 2.905e-17
3870.91651 3.1231e-17
3872.45044 3.766e-17
3873.98437 2.7321e-17
3875.5183 3.3083e-17
3877.05223 3.6898e-17
3878.58616 3.8868e-17
3880.12009 3.1781e-17
3881.65402 3.1397e-17
3883.18795 3.5479e-17
3884.72188 3.3078e-17
3886.25581 3.3757e-17
3887.78974 3.4375e-17
3889.32367 3.423e-17
3890.8576 2.8737e-17
3892.39153 2.7707e-17
3893.92546 3.3937e-17
3895.45939 3.3565e-17
3896.99332 3.163e-17
3898.52725 2.7803e-17
3900.06118 3.3236e-17
3901.59511 3.0865e-17
3903.12904 3.2369e-17
3904.66297 3.6491e-17
3906.1969 3.456e-17
3907.73083 3.5281e-17
3909.26476 3.2578e-17
3910.79869 3.4726e-17
3912.33262 2.7016e-17
3913.86655 3.195e-17
3915.40048 3.2535e-17
3916.93441 2.9103e-17
3918.46834 2.8793e-17
3920.00227 3.0806e-17
3921.5362 3.5352e-17
3923.07013 2.9663e-17
3924.60406 2.9089e-17
3926.13799 3.4986e-17
3927.67192 3.4251e-17
3929.20585 3.1096e-17
3930.73978 2.8536e-17
3932.27371 2.8514e-17
3933.80764 2.7721e-17
3935.34157 3.3634e-17
3936.8755 3.4332e-17
3938.40943 3.5332e-17
3939.94336 2.8967e-17
3941.47729 2.7824e-17
3943.01122 3.1921e-17
3944.54515 2.8987e-17
3946.07908 2.2132e-17
3947.61301 2.6261e-17
3949.14694 2.9488e-17
3950.68087 3.3815e-17
3952.2148 3.8996e-17
3953.74873 3.3989e-17
3955.28266 2.8859e-17
3956.81659 3.3806e-17
3958.35052 3.549e-17
3959.88445 3.3625e-17
3961.41838 3.2415e-17
3962.95231 3.1523e-17
3964.48624 3.8863e-17
3966.02017 4.2297e-17
3967.5541 4.1268e-17
3969.08803 4.6209e-17
3970.62196 3.663e-17
3972.15589 3.4392e-17
3973.68982 3.3662e-17
3975.22375 3.8765e-17
3976.75768 3.4289e-17
3978.29161 2.7491e-17
3979.82554 3.0086e-17
3981.35947 2.7334e-17
3982.8934 3.092e-17
3984.42733 3.0098e-17
3985.96126 3.2909e-17
3987.49519 2.7894e-17
3989.02912 2.9102e-17
3990.56305 3.1695e-17
3992.09698 2.5668e-17
3993.63091 2.8847e-17
3995.16484 3.2642e-17
3996.69877 3.3426e-17
3998.2327 3.3326e-17
3999.76663 2.7271e-17
4001.30056 3.534e-17
4002.83449 3.0442e-17
4004.36842 2.9024e-17
4005.90235 3.4277e-17
4007.43628 3.4453e-17
4008.97021 3.0032e-17
4010.50414 3.4053e-17
4012.03807 3.538e-17
4013.572 2.8724e-17
4015.10593 3.1677e-17
4016.63986 3.1977e-17
4018.17379 3.1855e-17
4019.70772 3.0099e-17
4021.24165 3.4376e-17
4022.77558 3.0062e-17
4024.30951 3.2385e-17
4025.84344 3.5865e-17
4027.37737 3.6296e-17
4028.9113 3.3961e-17
4030.44523 2.8673e-17
4031.97916 3.3023e-17
4033.51309 3.0167e-17
4035.04702 3.0574e-17
4036.58095 3.8807e-17
4038.11488 3.2742e-17
4039.64881 3.6892e-17
4041.18274 3.6993e-17
4042.71667 3.0887e-17
4044.2506 4.3598e-17
4045.78453 5.2213e-17
4047.31846 5.3318e-17
4048.85239 3.6051e-17
4050.38632 3.8197e-17
4051.92025 3.7092e-17
4053.45418 3.6794e-17
4054.98811 3.3806e-17
4056.52204 3.5418e-17
4058.05597 3.7637e-17
4059.5899 3.401e-17
4061.12383 3.395e-17
4062.65776 3.3921e-17
4064.19169 2.7935e-17
4065.72562 2.8004e-17
4067.25955 3.7428e-17
4068.79348 3.9035e-17
4070.32741 3.9362e-17
4071.86134 3.1179e-17
4073.39527 3.038e-17
4074.9292 4.4204e-17
4076.46313 3.7774e-17
4077.99706 2.7881e-17
4079.53099 3.1423e-17
4081.06492 3.4056e-17
4082.59885 3.1242e-17
4084.13278 3.3021e-17
4085.66671 3.868e-17
4087.20064 3.4442e-17
4088.73457 2.9334e-17
4090.2685 2.9476e-17
4091.80243 3.3872e-17
4093.33636 3.5282e-17
4094.87029 3.5815e-17
4096.40422 2.9873e-17
4097.93815 2.6724e-17
4099.47208 2.9338e-17
4101.00601 2.8358e-17
4102.53994 3.435e-17
4104.07387 2.9279e-17
4105.6078 2.7709e-17
4107.14173 2.8947e-17
4108.67566 3.126e-17
4110.20959 3.1094e-17
4111.74352 3.1756e-17
4113.27745 2.6601e-17
4114.81138 3.7829e-17
4116.34531 3.5208e-17
4117.87924 2.848e-17
4119.41317 3.0908e-17
4120.9471 3.1456e-17
4122.48103 2.654e-17
4124.01496 3.2486e-17
4125.54889 2.4354e-17
4127.08282 2.5651e-17
4128.61675 2.4346e-17
4130.15068 2.8689e-17
4131.68461 2.6484e-17
4133.21854 2.8987e-17
4134.75247 1.9445e-17
4136.2864 2.2141e-17
4137.82033 2.739e-17
4139.35426 2.9531e-17
4140.88819 3.4261e-17
4142.42212 2.9275e-17
4143.95605 2.5979e-17
4145.48998 2.6339e-17
4147.02391 2.8213e-17
4148.55784 3.1215e-17
4150.09177 3.0564e-17
4151.6257 2.8073e-17
4153.15963 2.853e-17
4154.69356 2.9307e-17
4156.22749 2.8332e-17
4157.76142 2.8609e-17
4159.29535 2.5555e-17
4160.82928 2.9428e-17
4162.36321 2.9353e-17
4163.89714 2.0897e-17
4165.43107 2.4873e-17
4166.965 2.78e-17
4168.49893 2.7949e-17
4170.03286 2.9289e-17
4171.56679 3.6205e-17
4173.10072 3.8563e-17
4174.63465 3.3941e-17
4176.16858 3.0525e-17
4177.70251 3.1176e-17
4179.23644 3.6868e-17
4180.77037 3.4826e-17
4182.3043 3.7271e-17
4183.83823 3.9711e-17
4185.37216 3.6421e-17
4186.90609 3.4415e-17
4188.44002 3.4726e-17
4189.97395 3.2977e-17
4191.50788 3.4561e-17
4193.04181 4.0923e-17
4194.57574 3.6456e-17
4196.10967 3.4217e-17
4197.6436 3.3478e-17
4199.17753 3.1394e-17
4200.71146 3.5598e-17
4202.24539 4.1399e-17
4203.77932 3.5798e-17
4205.31325 3.0052e-17
4206.84718 3.759e-17
4208.38111 2.8361e-17
4209.91504 3.1381e-17
4211.44897 3.3478e-17
4212.9829 3.1229e-17
4214.51683 3.6106e-17
4216.05076 3.8896e-17
4217.58469 3.5509e-17
4219.11862 4.3235e-17
4220.65255 3.4427e-17
4222.18648 3.3712e-17
4223.72041 3.0909e-17
4225.25434 3.1227e-17
4226.78827 3.6669e-17
4228.3222 3.491e-17
4229.85613 3.4382e-17
4231.39006 3.5312e-17
4232.92399 3.2226e-17
4234.45792 3.3556e-17
4235.99185 3.3704e-17
4237.52578 3.928e-17
4239.05971 3.8676e-17
4240.59364 3.8867e-17
4242.12757 3.9581e-17
4243.6615 3.9464e-17
4245.19543 3.6704e-17
4246.72936 3.9012e-17
4248.26329 4.0983e-17
4249.79722 3.9089e-17
4251.33115 3.2781e-17
4252.86508 3.8233e-17
4254.39901 3.5145e-17
4255.93294 3.2026e-17
4257.46687 3.6312e-17
4259.0008 3.7701e-17
4260.53473 3.6714e-17
4262.06866 3.6956e-17
4263.60259 3.3415e-17
4265.13652 3.6483e-17
4266.67045 3.4104e-17
4268.20438 4.1889e-17
4269.73831 4.1296e-17
4271.27224 3.1484e-17
4272.80617 3.7118e-17
4274.3401 3.7889e-17
4275.87403 2.9554e-17
4277.40796 3.2194e-17
4278.94189 3.6185e-17
4280.47582 3.8903e-17
4282.00975 2.9754e-17
4283.54368 2.9459e-17
4285.07761 3.6758e-17
4286.61154 3.962e-17
4288.14547 3.6367e-17
4289.6794 3.3144e-17
4291.21333 3.5094e-17
4292.74726 3.5779e-17
4294.28119 3.0128e-17
4295.81512 3.0893e-17
4297.34905 3.1106e-17
4298.88298 3.321e-17
4300.41691 3.2547e-17
4301.95084 3.1287e-17
4303.48477 2.9613e-17
4305.0187 3.6487e-17
4306.55263 3.553e-17
4308.08656 2.9866e-17
4309.62049 2.7555e-17
4311.15442 3.0108e-17
4312.68835 2.6016e-17
4314.22228 3.4816e-17
4315.75621 4.5548e-17
4317.29014 4.2989e-17
4318.82407 3.45e-17
4320.358 3.5035e-17
4321.89193 3.1839e-17
4323.42586 2.2859e-17
4324.95979 3.7685e-17
4326.49372 3.7497e-17
4328.02765 3.7081e-17
4329.56158 3.3094e-17
4331.09551 3.1958e-17
4332.62944 3.221e-17
4334.16337 3.3306e-17
4335.6973 3.6172e-17
4337.23123 3.2113e-17
4338.76516 3.4467e-17
4340.29909 3e-17
4341.83302 3.2609e-17
4343.36695 3.3612e-17
4344.90088 3.3709e-17
4346.43481 3.0225e-17
4347.96874 3.0395e-17
4349.50267 3.8118e-17
4351.0366 2.689e-17
4352.57053 2.8862e-17
4354.10446 3.6192e-17
4355.63839 2.7026e-17
4357.17232 2.8417e-17
4358.70625 4.4941e-17
4360.24018 5.3245e-17
4361.77411 3.6497e-17
4363.30804 2.4989e-17
4364.84197 2.92e-17
4366.3759 3.1818e-17
4367.90983 2.9784e-17
4369.44376 3.227e-17
4370.97769 3.4412e-17
4372.51162 2.8824e-17
4374.04555 3.0143e-17
4375.57948 3.5237e-17
4377.11341 3.9197e-17
4378.64734 3.3672e-17
4380.18127 3.0442e-17
4381.7152 3.0808e-17
4383.24913 2.9483e-17
4384.78306 3.0635e-17
4386.31699 3.4474e-17
4387.85092 3.872e-17
4389.38485 3.0931e-17
4390.91878 2.8746e-17
4392.45271 3.6414e-17
4393.98664 4.0607e-17
4395.52057 3.659e-17
4397.0545 3.2141e-17
4398.58843 3.2269e-17
4400.12236 3.1835e-17
4401.65629 3.802e-17
4403.19022 3.4652e-17
4404.72415 3.2162e-17
4406.25808 3.4918e-17
4407.79201 3.3436e-17
4409.32594 3.021e-17
4410.85987 3.4421e-17
4412.3938 3.189e-17
4413.92773 3.1373e-17
4415.46166 3.3623e-17
4416.99559 3.3034e-17
4418.52952 3.1777e-17
4420.06345 3.0694e-17
4421.59738 3.6056e-17
4423.13131 3.5249e-17
4424.66524 3.5682e-17
4426.19917 3.8854e-17
4427.7331 3.57e-17
4429.26703 3.8247e-17
4430.80096 3.2685e-17
4432.33489 3.2212e-17
4433.86882 3.7765e-17
4435.40275 3.8016e-17
4436.93668 3.6795e-17
4438.47061 3.6992e-17
4440.00454 3.603e-17
4441.53847 3.4529e-17
4443.0724 3.5466e-17
4444.60633 3.9133e-17
4446.14026 3.3494e-17
4447.67419 3.715e-17
4449.20812 3.4576e-17
4450.74205 2.3532e-17
4452.27598 3.2631e-17
4453.80991 3.8882e-17
4455.34384 3.4271e-17
4456.87777 3.992e-17
4458.4117 4.1947e-17
4459.94563 3.2809e-17
4461.47956 2.7799e-17
4463.01349 3.0935e-17
4464.54742 3.1758e-17
4466.08135 3.974e-17
4467.61528 4.33e-17
4469.14921 4.2437e-17
4470.68314 4.2203e-17
4472.21707 3.9313e-17
4473.751 3.7236e-17
4475.28493 3.2597e-17
4476.81886 2.4398e-17
4478.35279 3.4812e-17
4479.88672 3.5382e-17
4481.42065 3.7449e-17
4482.95458 3.994e-17
4484.48851 3.4986e-17
4486.02244 2.7787e-17
4487.55637 4.0095e-17
4489.0903 3.9879e-17
4490.62423 3.8903e-17
4492.15816 4.2316e-17
4493.69209 3.4348e-17
4495.22602 2.892e-17
4496.75995 3.2688e-17
4498.29388 3.7592e-17
4499.82781 3.784e-17
4501.36174 3.4835e-17
4502.89567 3.0835e-17
4504.4296 3.2802e-17
4505.96353 3.5033e-17
4507.49746 3.7184e-17
4509.03139 3.9312e-17
4510.56532 3.7676e-17
4512.09925 3.6881e-17
4513.63318 2.8624e-17
4515.16711 2.772e-17
4516.70104 3.4474e-17
4518.23497 3.3247e-17
4519.7689 3.4122e-17
4521.30283 3.9868e-17
4522.83676 4.3189e-17
4524.37069 3.8149e-17
4525.90462 4.0393e-17
4527.43855 3.3094e-17
4528.97248 3.6473e-17
4530.50641 3.1892e-17
4532.04034 3.2201e-17
4533.57427 3.2887e-17
4535.1082 3.6311e-17
4536.64213 3.5796e-17
4538.17606 3.8632e-17
4539.70999 3.2018e-17
4541.24392 3.1489e-17
4542.77785 4.1753e-17
4544.31178 3.2883e-17
4545.84571 3.6395e-17
4547.37964 4.1381e-17
4548.91357 3.3535e-17
4550.4475 2.8448e-17
4551.98143 2.9944e-17
4553.51536 3.0901e-17
4555.04929 4.1001e-17
4556.58322 3.4993e-17
4558.11715 4.0109e-17
4559.65108 3.4947e-17
4561.18501 3.3429e-17
4562.71894 3.0442e-17
4564.25287 3.9111e-17
4565.7868 2.4409e-17
4567.32073 2.8113e-17
4568.85466 3.4476e-17
4570.38859 3.4234e-17
4571.92252 3.9862e-17
4573.45645 3.0607e-17
4574.99038 3.7781e-17
4576.52431 4.1018e-17
4578.05824 3.2151e-17
4579.59217 3.2961e-17
4581.1261 4.0316e-17
4582.66003 3.2532e-17
4584.19396 3.03e-17
4585.72789 4.0227e-17
4587.26182 3.8758e-17
4588.79575 3.7272e-17
4590.32968 3.3623e-17
4591.86361 3.3642e-17
4593.39754 3.4579e-17
4594.93147 2.9149e-17
4596.4654 3.1832e-17
4597.99933 3.9096e-17
4599.53326 3.6336e-17
4601.06719 2.2288e-17
4602.60112 2.7452e-17
4604.13505 3.1967e-17
4605.66898 3.1988e-17
4607.20291 3.738e-17
4608.73684 3.4431e-17
4610.27077 3.9568e-17
4611.8047 3.342e-17
4613.33863 3.4095e-17
4614.87256 3.1379e-17
4616.40649 2.7378e-17
4617.94042 3.5485e-17
4619.47435 3.8622e-17
4621.00828 3.6266e-17
4622.54221 2.9378e-17
4624.07614 2.9166e-17
4625.61007 3.691e-17
4627.144 3.5e-17
4628.67793 2.7478e-17
4630.21186 3.8015e-17
4631.74579 3.9268e-17
4633.27972 3.8118e-17
4634.81365 3.6109e-17
4636.34758 3.1772e-17
4637.88151 3.9366e-17
4639.41544 3.682e-17
4640.94937 3.4269e-17
4642.4833 3.2564e-17
4644.01723 3.3191e-17
4645.55116 2.8716e-17
4647.08509 3.1923e-17
4648.61902 3.3578e-17
4650.15295 3.3539e-17
4651.68688 3.1304e-17
4653.22081 2.5605e-17
4654.75474 2.7579e-17
4656.28867 3.476e-17
4657.8226 3.1603e-17
4659.35653 3.6105e-17
4660.89046 3.2874e-17
4662.42439 2.5973e-17
4663.95832 3.0973e-17
4665.49225 2.8796e-17
4667.02618 3.1739e-17
4668.56011 2.6995e-17
4670.09404 2.6712e-17
4671.62797 2.6046e-17
4673.1619 3.125e-17
4674.69583 2.3671e-17
4676.22976 2.3856e-17
4677.76369 2.8678e-17
4679.29762 2.4226e-17
4680.83155 3.151e-17
4682.36548 2.2382e-17
4683.89941 2.1421e-17
4685.43334 2.4341e-17
4686.96727 2.2819e-17
4688.5012 2.2692e-17
4690.03513 2.5083e-17
4691.56906 2.1835e-17
4693.10299 2.7894e-17
4694.63692 3.2468e-17
4696.17085 3.4758e-17
4697.70478 3.501e-17
4699.23871 2.5828e-17
4700.77264 2.6022e-17
4702.30657 3.2409e-17
4703.8405 2.7378e-17
4705.37443 2.2044e-17
4706.90836 2.7531e-17
4708.44229 2.5652e-17
4709.97622 2.2756e-17
4711.51015 2.2902e-17
4713.04408 3.2307e-17
4714.57801 3.4265e-17
4716.11194 2.8142e-17
4717.64587 2.4749e-17
4719.1798 2.6219e-17
4720.71373 3.0933e-17
4722.24766 3.2746e-17
4723.78159 3.2867e-17
4725.31552 2.7135e-17
4726.84945 2.736e-17
4728.38338 2.4426e-17
4729.91731 2.8057e-17
4731.45124 2.234e-17
4732.98517 2.4682e-17
4734.5191 2.5082e-17
4736.05303 3.3175e-17
4737.58696 3.006e-17
4739.12089 2.4937e-17
4740.65482 3.4151e-17
4742.18875 3.0863e-17
4743.72268 2.4783e-17
4745.25661 2.4798e-17
4746.79054 1.9209e-17
4748.32447 2.2798e-17
4749.8584 2.4338e-17
4751.39233 3.506e-17
4752.92626 3.4832e-17
4754.46019 3.4167e-17
4755.99412 3.4793e-17
4757.52805 3.2532e-17
4759.06198 3.3169e-17
4760.59591 3.6445e-17
4762.12984 4.0231e-17
4763.66377 3.564e-17
4765.1977 3.3883e-17
4766.73163 3.5815e-17
4768.26556 3.5319e-17
4769.79949 4.0491e-17
4771.33342 3.593e-17
4772.86735 2.7437e-17
4774.40128 3.4748e-17
4775.93521 3.3113e-17
4777.46914 3.9319e-17
4779.00307 3.7813e-17
4780.537 3.3255e-17
4782.07093 3.5328e-17
4783.60486 4.1873e-17
4785.13879 3.6293e-17
4786.67272 3.5887e-17
4788.20665 4.1675e-17
4789.74058 3.8309e-17
4791.27451 4.1254e-17
4792.80844 3.742e-17
4794.34237 3.3124e-17
4795.8763 3.4916e-17
4797.41023 3.243e-17
4798.94416 3.2892e-17
4800.47809 3.3304e-17
4802.01202 3.4522e-17
4803.54595 3.9738e-17
4805.07988 3.8957e-17
4806.61381 3.3399e-17
4808.14774 3.656e-17
4809.68167 3.6628e-17
4811.2156 3.098e-17
4812.74953 3.2666e-17
4814.28346 3.8898e-17
4815.81739 3.7145e-17
4817.35132 3.445e-17
4818.88525 3.2487e-17
4820.41918 3.621e-17
4821.95311 3.5232e-17
4823.48704 3.5704e-17
4825.02097 3.0361e-17
4826.5549 3.2499e-17
4828.08883 3.4072e-17
4829.62276 3.371e-17
4831.15669 3.7225e-17
4832.69062 3.99e-17
4834.22455 3.5762e-17
4835.75848 3.1826e-17
4837.29241 3.3035e-17
4838.82634 3.2792e-17
4840.36027 2.7279e-17
4841.8942 3.5225e-17
4843.42813 3.422e-17
4844.96206 3.6293e-17
4846.49599 3.2615e-17
4848.02992 3.6114e-17
4849.56385 3.4642e-17
4851.09778 3.567e-17
4852.63171 3.2406e-17
4854.16564 3.5503e-17
4855.69957 3.4582e-17
4857.2335 4.1231e-17
4858.76743 3.4504e-17
4860.30136 3.6061e-17
4861.83529 3.3055e-17
4863.36922 2.0635e-17
4864.90315 2.7216e-17
4866.43708 3.5051e-17
4867.97101 3.7697e-17
4869.50494 3.3375e-17
4871.03887 3.4279e-17
4872.5728 3.0908e-17
4874.10673 3.2433e-17
4875.64066 3.457e-17
4877.17459 3.3844e-17
4878.70852 3.0848e-17
4880.24245 3.3789e-17
4881.77638 3.3167e-17
4883.31031 2.9119e-17
4884.84424 2.8574e-17
4886.37817 3.3552e-17
4887.9121 3.4393e-17
4889.44603 2.9873e-17
4890.97996 2.4039e-17
4892.51389 3.0385e-17
4894.04782 3.364e-17
4895.58175 3.2086e-17
4897.11568 3.4436e-17
4898.64961 3.5989e-17
4900.18354 3.2727e-17
4901.71747 3.376e-17
4903.2514 3.2244e-17
4904.78533 3.6448e-17
4906.31926 3.3084e-17
4907.85319 3.4981e-17
4909.38712 3.1147e-17
4910.92105 2.6187e-17
4912.45498 2.6547e-17
4913.98891 3.2788e-17
4915.52284 3.716e-17
4917.05677 3.4068e-17
4918.5907 3.485e-17
4920.12463 3.2347e-17
4921.65856 2.8054e-17
4923.19249 2.962e-17
4924.72642 2.7094e-17
4926.26035 3.1369e-17
4927.79428 2.6724e-17
4929.32821 3.2147e-17
4930.86214 3.8641e-17
4932.39607 3.355e-17
4933.93 2.9897e-17
4935.46393 2.7726e-17
4936.99786 3.3635e-17
4938.53179 2.9988e-17
4940.06572 2.6448e-17
4941.59965 3.0394e-17
4943.13358 3.0543e-17
4944.66751 2.8569e-17
4946.20144 2.9817e-17
4947.73537 3.0619e-17
4949.2693 4.0651e-17
4950.80323 3.5202e-17
4952.33716 2.9883e-17
4953.87109 2.5251e-17
4955.40502 2.8837e-17
4956.93895 3.7352e-17
4958.47288 3.2972e-17
4960.00681 2.5819e-17
4961.54074 2.6017e-17
4963.07467 2.9194e-17
4964.6086 2.6051e-17
4966.14253 2.9736e-17
4967.67646 2.7528e-17
4969.21039 2.84e-17
4970.74432 2.919e-17
4972.27825 3.1987e-17
4973.81218 2.6274e-17
4975.34611 3.0168e-17
4976.88004 3.3189e-17
4978.41397 3.288e-17
4979.9479 3.281e-17
4981.48183 2.763e-17
4983.01576 2.5248e-17
4984.54969 2.4526e-17
4986.08362 3.1928e-17
4987.61755 3.5977e-17
4989.15148 2.9649e-17
4990.68541 2.8225e-17
4992.21934 2.1194e-17
4993.75327 2.2549e-17
4995.2872 2.8699e-17
4996.82113 2.5189e-17
4998.35506 2.5546e-17
4999.88899 2.9456e-17
5001.42292 3.0573e-17
5002.95685 3.0249e-17
5004.49078 2.9059e-17
5006.02471 3.0363e-17
5007.55864 3.2161e-17
5009.09257 2.6092e-17
5010.6265 3.1965e-17
5012.16043 3.321e-17
5013.69436 2.6288e-17
5015.22829 2.8438e-17
5016.76222 2.4262e-17
5018.29615 2.5582e-17
5019.83008 3.0533e-17
5021.36401 3.24e-17
5022.89794 3.1003e-17
5024.43187 2.5478e-17
5025.9658 3.044e-17
5027.49973 2.6268e-17
5029.03366 3.1475e-17
5030.56759 3.001e-17
5032.10152 3.2718e-17
5033.63545 2.8736e-17
5035.16938 2.8057e-17
5036.70331 2.7715e-17
5038.23724 3.0597e-17
5039.77117 2.9553e-17
5041.3051 2.7737e-17
5042.83903 2.93e-17
5044.37296 3.2439e-17
5045.90689 3.5473e-17
5047.44082 2.9499e-17
5048.97475 2.767e-17
5050.50868 2.5336e-17
5052.04261 2.9516e-17
5053.57654 2.9679e-17
5055.11047 2.2002e-17
5056.6444 2.4255e-17
5058.17833 3.0626e-17
5059.71226 2.9028e-17
5061.24619 3.2691e-17
5062.78012 3.5281e-17
5064.31405 3.1893e-17
5065.84798 2.5932e-17
5067.38191 2.4495e-17
5068.91584 3.1405e-17
5070.44977 3.1958e-17
5071.9837 3.5017e-17
5073.51763 3.0419e-17
5075.05156 2.9835e-17
5076.58549 2.6689e-17
5078.11942 2.3743e-17
5079.65335 2.578e-17
5081.18728 3.8322e-17
5082.72121 3.2801e-17
5084.25514 3.3801e-17
5085.78907 3.4085e-17
5087.323 2.8728e-17
5088.85693 2.7301e-17
5090.39086 2.6728e-17
5091.92479 3.0888e-17
5093.45872 2.8665e-17
5094.99265 3.1788e-17
5096.52658 3.3917e-17
5098.06051 3.5792e-17
5099.59444 2.9156e-17
5101.12837 3.1551e-17
5102.6623 3.1024e-17
5104.19623 2.1364e-17
5105.73016 2.0023e-17
5107.26409 3.0215e-17
5108.79802 2.8407e-17
5110.33195 2.4881e-17
5111.86588 2.968e-17
5113.39981 3.1459e-17
5114.93374 3.4966e-17
5116.46767 3.2235e-17
5118.0016 2.8729e-17
5119.53553 1.882e-17
5121.06946 2.3203e-17
5122.60339 2.2162e-17
5124.13732 2.8771e-17
5125.67125 2.9288e-17
5127.20518 3.2665e-17
5128.73911 2.6476e-17
5130.27304 2.8676e-17
5131.80697 3.1708e-17
5133.3409 3.0655e-17
5134.87483 3.2213e-17
5136.40876 3.0078e-17
5137.94269 2.8507e-17
5139.47662 2.7925e-17
5141.01055 2.437e-17
5142.54448 2.7734e-17
5144.07841 3.0262e-17
5145.61234 2.7436e-17
5147.14627 2.694e-17
5148.6802 2.7094e-17
5150.21413 2.7216e-17
5151.74806 3.0881e-17
5153.28199 2.9107e-17
5154.81592 2.4498e-17
5156.34985 3.0534e-17
5157.88378 3.6449e-17
5159.41771 3.5297e-17
5160.95164 3.0487e-17
5162.48557 2.5704e-17
5164.0195 2.9355e-17
5165.55343 2.577e-17
5167.08736 2.6702e-17
5168.62129 2.9907e-17
5170.15522 2.8266e-17
5171.68915 3.0745e-17
5173.22308 3.2635e-17
5174.75701 3.0085e-17
5176.29094 3.1632e-17
5177.82487 2.7867e-17
5179.3588 2.9879e-17
5180.89273 2.7742e-17
5182.42666 2.992e-17
5183.96059 2.9676e-17
5185.49452 3.0281e-17
5187.02845 3.2786e-17
5188.56238 3.0213e-17
5190.09631 2.9184e-17
5191.63024 2.6698e-17
5193.16417 2.8943e-17
5194.6981 3.0457e-17
5196.23203 2.8178e-17
5197.76596 2.8163e-17
5199.29989 3.5921e-17
5200.83382 3.4275e-17
5202.36775 2.7684e-17
5203.90168 2.7219e-17
5205.43561 2.5097e-17
5206.96954 2.623e-17
5208.50347 2.3248e-17
5210.0374 2.6305e-17
5211.57133 3.4164e-17
5213.10526 3.458e-17
5214.63919 3.3249e-17
5216.17312 3.496e-17
5217.70705 2.7108e-17
5219.24098 2.2097e-17
5220.77491 2.5871e-17
5222.30884 3.1472e-17
5223.84277 2.7767e-17
5225.3767 2.9371e-17
5226.91063 3.1226e-17
5228.44456 2.9184e-17
5229.97849 3.3431e-17
5231.51242 3.1966e-17
5233.04635 3.4745e-17
5234.58028 3.4086e-17
5236.11421 2.3654e-17
5237.64814 3.0192e-17
5239.18207 4.2527e-17
5240.716 3.3122e-17
5242.24993 3.0349e-17
5243.78386 3.3012e-17
5245.31779 3.6266e-17
5246.85172 2.8614e-17
5248.38565 2.795e-17
5249.91958 3.2699e-17
5251.45351 3.5684e-17
5252.98744 3.2503e-17
5254.52137 2.343e-17
5256.0553 1.9886e-17
5257.58923 2.4356e-17
5259.12316 3.3585e-17
5260.65709 4.3505e-17
5262.19102 3.9064e-17
5263.72495 3.3783e-17
5265.25888 4.2798e-17
5266.79281 4.0945e-17
5268.32674 3.0678e-17
5269.86067 3.6097e-17
5271.3946 2.9145e-17
5272.92853 2.9554e-17
5274.46246 3.7939e-17
5275.99639 3.776e-17
5277.53032 3.3154e-17
5279.06425 4.3462e-17
5280.59818 3.8576e-17
5282.13211 3.858e-17
5283.66604 3.488e-17
5285.19997 3.7064e-17
5286.7339 4.0267e-17
5288.26783 3.1241e-17
5289.80176 2.8313e-17
5291.33569 2.8038e-17
5292.86962 2.9724e-17
5294.40355 2.8851e-17
5295.93748 2.6055e-17
5297.47141 2.9168e-17
5299.00534 2.9966e-17
5300.53927 3.7004e-17
5302.0732 4.2799e-17
5303.60713 3.8697e-17
5305.14106 4.1753e-17
5306.67499 3.13e-17
5308.20892 2.87e-17
5309.74285 3.2581e-17
5311.27678 3.4527e-17
5312.81071 3.3509e-17
5314.34464 3.0779e-17
5315.87857 3.4146e-17
5317.4125 3.0682e-17
5318.94643 2.4306e-17
5320.48036 3.2105e-17
5322.01429 3.967e-17
5323.54822 3.0517e-17
5325.08215 3.2097e-17
5326.61608 3.7919e-17
5328.15001 4.7605e-17
5329.68394 4.3259e-17
5331.21787 4.0218e-17
5332.7518 3.9855e-17
5334.28573 4.0758e-17
5335.81966 4.2693e-17
5337.35359 4.3695e-17
5338.88752 4.0649e-17
5340.42145 3.4419e-17
5341.95538 3.4129e-17
5343.48931 3.3408e-17
5345.02324 3.1336e-17
5346.55717 2.8916e-17
5348.0911 2.6383e-17
5349.62503 2.9965e-17
5351.15896 3.1867e-17
5352.69289 2.9843e-17
5354.22682 3.401e-17
5355.76075 3.8597e-17
5357.29468 3.9148e-17
5358.82861 3.431e-17
5360.36254 3.0706e-17
5361.89647 2.8042e-17
5363.4304 3.1745e-17
5364.96433 3.1783e-17
5366.49826 3.7123e-17
5368.03219 3.2642e-17
5369.56612 2.9108e-17
5371.10005 3.5315e-17
5372.63398 3.3295e-17
5374.16791 3.0331e-17
5375.70184 3.239e-17
5377.23577 3.3594e-17
5378.7697 3.2161e-17
5380.30363 2.4632e-17
5381.83756 2.2475e-17
5383.37149 3.2835e-17
5384.90542 3.7313e-17
5386.43935 3.3887e-17
5387.97328 2.5433e-17
5389.50721 2.4465e-17
5391.04114 2.5187e-17
5392.57507 2.3839e-17
5394.109 2.2381e-17
5395.64293 2.7243e-17
5397.17686 2.5983e-17
5398.71079 2.5945e-17
5400.24472 3.1319e-17
5401.77865 3.1259e-17
5403.31258 3.5217e-17
5404.84651 3.1959e-17
5406.38044 3.3631e-17
5407.91437 3.0952e-17
5409.4483 2.1464e-17
5410.98223 2.1005e-17
5412.51616 2.2976e-17
5414.05009 2.5702e-17
5415.58402 2.0623e-17
5417.11795 2.7792e-17
5418.65188 3.5255e-17
5420.18581 2.6569e-17
5421.71974 2.1979e-17
5423.25367 2.6297e-17
5424.7876 2.8889e-17
5426.32153 2.0665e-17
5427.85546 3.0201e-17
5429.38939 3.488e-17
5430.92332 2.3871e-17
5432.45725 2.4041e-17
5433.99118 2.6892e-17
5435.52511 3.7457e-17
5437.05904 3.528e-17
5438.59297 3.191e-17
5440.1269 3.6192e-17
5441.66083 3.3072e-17
5443.19476 3.7379e-17
5444.72869 3.3055e-17
5446.26262 2.4608e-17
5447.79655 3.3207e-17
5449.33048 3.1563e-17
5450.86441 2.5501e-17
5452.39834 3.0018e-17
5453.93227 3.9319e-17
5455.4662 2.6024e-17
5457.00013 2.3419e-17
5458.53406 3.8722e-17
5460.06799 6.9131e-17
5461.60192 6.7059e-17
5463.13585 3.7105e-17
5464.66978 3.9829e-17
5466.20371 5.3567e-17
5467.73764 4.9462e-17
5469.27157 3.9918e-17
5470.8055 4.473e-17
5472.33943 4.4033e-17
5473.87336 4.3983e-17
5475.40729 3.7794e-17
5476.94122 3.8454e-17
5478.47515 2.2563e-17
5480.00908 3.6693e-17
5481.54301 3.162e-17
5483.07694 2.9344e-17
5484.61087 3.6605e-17
5486.1448 3.4885e-17
5487.67873 4.8658e-17
5489.21266 4.7826e-17
5490.74659 3.3774e-17
5492.28052 5.3403e-17
5493.81445 4.1726e-17
5495.34838 3.9144e-17
5496.88231 3.6239e-17
5498.41624 3.3178e-17
5499.95017 3.6752e-17
5501.4841 3.2929e-17
5503.01803 3.9006e-17
5504.55196 4.2124e-17
5506.08589 3.4923e-17
5507.61982 3.9526e-17
5509.15375 4.3381e-17
5510.68768 4.0634e-17
5512.22161 3.6547e-17
5513.75554 3.4214e-17
5515.28947 3.994e-17
5516.8234 4.2314e-17
5518.35733 4.1427e-17
5519.89126 3.9722e-17
5521.42519 3.5993e-17
5522.95912 3.9191e-17
5524.49305 3.3922e-17
5526.02698 2.9894e-17
5527.56091 3.3772e-17
5529.09484 3.582e-17
5530.62877 3.5382e-17
5532.1627 3.9667e-17
5533.69663 4.523e-17
5535.23056 4.694e-17
5536.76449 4.2619e-17
5538.29842 4.4317e-17
5539.83235 4.4055e-17
5541.36628 4.3659e-17
5542.90021 3.8534e-17
5544.43414 3.5593e-17
5545.96807 3.0777e-17
5547.502 3.1845e-17
5549.03593 3.8899e-17
5550.56986 3.7325e-17
5552.10379 3.8257e-17
5553.63772 3.9611e-17
5555.17165 3.8532e-17
5556.70558 3.6076e-17
5558.23951 4.1465e-17
5559.77344 4.2748e-17
5561.30737 4.3921e-17
5562.8413 4.6425e-17
5564.37523 4.2444e-17
5565.90916 4.0486e-17
5567.44309 3.7715e-17
5568.97702 2.7573e-17
5570.51095 3.2561e-17
5572.04488 4.7322e-17
5573.57881 3.5351e-17
5575.11274 4.1267e-17
5576.64667 6.7188e-17
5578.1806 3.9982e-17
5579.71453 2.4606e-17
5581.24846 3.3958e-17
5582.78239 4.4579e-17
5584.31632 4.1587e-17
5585.85025 3.4473e-17
5587.38418 2.8239e-17
5588.91811 3.7138e-17
5590.45204 3.718e-17
5591.98597 3.6516e-17
5593.5199 3.884e-17
5595.05383 4.0702e-17
5596.58776 3.9128e-17
5598.12169 3.432e-17
5599.65562 3.4766e-17
5601.18955 3.3837e-17
5602.72348 3.9693e-17
5604.25741 5.0429e-17
5605.79134 4.3795e-17
5607.32527 3.588e-17
5608.8592 3.9969e-17
5610.39313 3.8544e-17
5611.92706 4.0765e-17
5613.46099 4.3461e-17
5614.99492 3.716e-17
5616.52885 3.4775e-17
5618.06278 3.8266e-17
5619.59671 4.0785e-17
5621.13064 4.6591e-17
5622.66457 3.8084e-17
5624.1985 3.2213e-17
5625.73243 4.5554e-17
5627.26636 4.1957e-17
5628.80029 3.8215e-17
5630.33422 3.9499e-17
5631.86815 4.0438e-17
5633.40208 4.4543e-17
5634.93601 3.8766e-17
5636.46994 3.6684e-17
5638.00387 3.5986e-17
5639.5378 3.7935e-17
5641.07173 4.0999e-17
5642.60566 3.6282e-17
5644.13959 4.2143e-17
5645.67352 4.1921e-17
5647.20745 4.1472e-17
5648.74138 4.2486e-17
5650.27531 4.0052e-17
5651.80924 3.8749e-17
5653.34317 3.6734e-17
5654.8771 4.0947e-17
5656.41103 4.6178e-17
5657.94496 4.4776e-17
5659.47889 3.9341e-17
5661.01282 3.6681e-17
5662.54675 4.5407e-17
5664.08068 5.0218e-17
5665.61461 4.1346e-17
5667.14854 4.0928e-17
5668.68247 4.4888e-17
5670.2164 3.9038e-17
5671.75033 3.5189e-17
5673.28426 3.8045e-17
5674.81819 3.5029e-17
5676.35212 3.5622e-17
5677.88605 3.7027e-17
5679.41998 4.1079e-17
5680.95391 4.4155e-17
5682.48784 4.0835e-17
5684.02177 3.857e-17
5685.5557 4.1175e-17
5687.08963 4.0151e-17
5688.62356 3.9084e-17
5690.15749 4.0916e-17
5691.69142 3.5437e-17
5693.22535 3.8859e-17
5694.75928 4.3851e-17
5696.29321 3.7204e-17
5697.82714 3.6212e-17
5699.36107 3.6901e-17
5700.895 3.3252e-17
5702.42893 3.5457e-17
5703.96286 3.7303e-17
5705.49679 3.6468e-17
5707.03072 3.9617e-17
5708.56465 3.9017e-17
5710.09858 3.2241e-17
5711.63251 3.2899e-17
5713.16644 3.8817e-17
5714.70037 3.8427e-17
5716.2343 3.7705e-17
5717.76823 3.5619e-17
5719.30216 3.5157e-17
5720.83609 4.1117e-17
5722.37002 3.8979e-17
5723.90395 3.4016e-17
5725.43788 3.4168e-17
5726.97181 3.9908e-17
5728.50574 3.8606e-17
5730.03967 3.925e-17
5731.5736 3.4682e-17
5733.10753 3.5737e-17
5734.64146 3.9114e-17
5736.17539 3.4712e-17
5737.70932 3.0459e-17
5739.24325 3.5618e-17
5740.77718 3.3836e-17
5742.31111 3.2272e-17
5743.84504 3.7912e-17
5745.37897 3.5922e-17
5746.9129 2.7325e-17
5748.44683 3.3547e-17
5749.98076 3.0917e-17
5751.51469 3.4308e-17
5753.04862 3.9707e-17
5754.58255 3.2852e-17
5756.11648 3.7745e-17
5757.65041 3.311e-17
5759.18434 3.0281e-17
5760.71827 2.7973e-17
5762.2522 2.9986e-17
5763.78613 3.8117e-17
5765.32006 3.9351e-17
5766.85399 3.8919e-17
5768.38792 4.0758e-17
5769.92185 3.0729e-17
5771.45578 3.2283e-17
5772.98971 3.0742e-17
5774.52364 3.6891e-17
5776.05757 3.8207e-17
5777.5915 3.5193e-17
5779.12543 3.3964e-17
5780.65936 3.2139e-17
5782.19329 3.3413e-17
5783.72722 2.6036e-17
5785.26115 2.7521e-17
5786.79508 3.2872e-17
5788.32901 3.9773e-17
5789.86294 4.0602e-17
5791.39687 3.4349e-17
5792.9308 3.4459e-17
5794.46473 3.36e-17
5795.99866 3.3636e-17
5797.53259 3.1183e-17
5799.06652 2.9962e-17
5800.60045 3.2868e-17
5802.13438 3.4507e-17
5803.66831 3.4278e-17
5805.20224 3.1114e-17
5806.73617 3.3506e-17
5808.2701 3.4238e-17
5809.80403 3.155e-17
5811.33796 2.8775e-17
5812.87189 3.7381e-17
5814.40582 3.6894e-17
5815.93975 3.2718e-17
5817.47368 3.2703e-17
5819.00761 3.2313e-17
5820.54154 3.5341e-17
5822.07547 3.685e-17
5823.6094 2.918e-17
5825.14333 2.8578e-17
5826.67726 2.9825e-17
5828.21119 3.6228e-17
5829.74512 3.8778e-17
5831.27905 3.598e-17
5832.81298 2.7929e-17
5834.34691 2.3023e-17
5835.88084 2.6527e-17
5837.41477 3.477e-17
5838.9487 3.6919e-17
5840.48263 3.2051e-17
5842.01656 3.1248e-17
5843.55049 3.3391e-17
5845.08442 3.6388e-17
5846.61835 3.2177e-17
5848.15228 2.939e-17
5849.68621 2.7734e-17
5851.22014 2.643e-17
5852.75407 3.4839e-17
5854.288 3.618e-17
5855.82193 2.8482e-17
5857.35586 2.8277e-17
5858.88979 3.1007e-17
5860.42372 3.5051e-17
5861.95765 4.0293e-17
5863.49158 3.6858e-17
5865.02551 3.1862e-17
5866.55944 3.3694e-17
5868.09337 3.4093e-17
5869.6273 2.8112e-17
5871.16123 2.5823e-17
5872.69516 2.9998e-17
5874.22909 2.9231e-17
5875.76302 3.207e-17
5877.29695 3.2857e-17
5878.83088 3.342e-17
5880.36481 2.9408e-17
5881.89874 2.4406e-17
5883.43267 2.8604e-17
5884.9666 3.1352e-17
5886.50053 3.3404e-17
5888.03446 2.9002e-17
5889.56839 3.6701e-17
5891.10232 3.2166e-17
5892.63625 2.4917e-17
5894.17018 3.3599e-17
5895.70411 2.6291e-17
5897.23804 1.6707e-17
5898.77197 2.2726e-17
5900.3059 2.9907e-17
5901.83983 3.3604e-17
5903.37376 3.3063e-17
5904.90769 2.7534e-17
5906.44162 3.0574e-17
5907.97555 3.4257e-17
5909.50948 3.5332e-17
5911.04341 3.5949e-17
5912.57734 3.8476e-17
5914.11127 3.6454e-17
5915.6452 2.4386e-17
5917.17913 2.8633e-17
5918.71306 2.2738e-17
5920.24699 2.3015e-17
5921.78092 3.1481e-17
5923.31485 3.0114e-17
5924.84878 3.1399e-17
5926.38271 3.8804e-17
5927.91664 2.9715e-17
5929.45057 2.9249e-17
5930.9845 2.802e-17
5932.51843 2.2641e-17
5934.05236 2.2761e-17
5935.58629 2.5762e-17
5937.12022 3.6154e-17
5938.65415 3.8084e-17
5940.18808 3.8587e-17
5941.72201 3.7446e-17
5943.25594 3.0518e-17
5944.78987 2.6151e-17
5946.3238 2.4687e-17
5947.85773 3.171e-17
5949.39166 3.2691e-17
5950.92559 2.7623e-17
5952.45952 2.7619e-17
5953.99345 2.8327e-17
5955.52738 2.5436e-17
5957.06131 3.0035e-17
5958.59524 3.2397e-17
5960.12917 2.8714e-17
5961.6631 3.3061e-17
5963.19703 3.5831e-17
5964.73096 3.2864e-17
5966.26489 2.7504e-17
5967.79882 2.6085e-17
5969.33275 2.4663e-17
5970.86668 2.9978e-17
5972.40061 2.6343e-17
5973.93454 3.1268e-17
5975.46847 3.1927e-17
5977.0024 2.8078e-17
5978.53633 2.5418e-17
5980.07026 2.4986e-17
5981.60419 3.0219e-17
5983.13812 3.3436e-17
5984.67205 2.8554e-17
5986.20598 3.5063e-17
5987.73991 3.2074e-17
5989.27384 2.6867e-17
5990.80777 3.0203e-17
5992.3417 3.1245e-17
5993.87563 2.4006e-17
5995.40956 2.7759e-17
5996.94349 2.5719e-17
5998.47742 2.2084e-17
6000.01135 2.5412e-17
6001.54528 2.268e-17
6003.07921 2.7843e-17
6004.61314 2.2618e-17
6006.14707 1.7223e-17
6007.681 3.0438e-17
6009.21493 3.3259e-17
6010.74886 2.9944e-17
6012.28279 2.7131e-17
6013.81672 2.688e-17
6015.35065 2.5828e-17
6016.88458 2.8198e-17
6018.41851 3.302e-17
6019.95244 2.6733e-17
6021.48637 2.7272e-17
6023.0203 2.7722e-17
6024.55423 2.589e-17
6026.08816 3.0173e-17
6027.62209 2.8503e-17
6029.15602 3.2288e-17
6030.68995 3.2839e-17
6032.22388 2.9238e-17
6033.75781 2.7606e-17
6035.29174 2.9067e-17
6036.82567 2.88e-17
6038.3596 2.9593e-17
6039.89353 2.4278e-17
6041.42746 2.384e-17
6042.96139 2.8077e-17
6044.49532 3.0058e-17
6046.02925 2.7191e-17
6047.56318 2.3498e-17
6049.09711 2.4413e-17
6050.63104 2.9643e-17
6052.16497 2.5224e-17
6053.6989 2.3761e-17
6055.23283 2.8497e-17
6056.76676 2.595e-17
6058.30069 2.2659e-17
6059.83462 2.3305e-17
6061.36855 2.3923e-17
6062.90248 2.4646e-17
6064.43641 2.1615e-17
6065.97034 2.2673e-17
6067.50427 2.1067e-17
6069.0382 1.9423e-17
6070.57213 2.2917e-17
6072.10606 2.1228e-17
6073.63999 2.0976e-17
6075.17392 2.3187e-17
6076.70785 2.1289e-17
6078.24178 2.4339e-17
6079.77571 2.6082e-17
6081.30964 2.0781e-17
6082.84357 1.8622e-17
6084.3775 2.3338e-17
6085.91143 2.5257e-17
6087.44536 2.0412e-17
6088.97929 2.0382e-17
6090.51322 2.774e-17
6092.04715 2.6406e-17
6093.58108 2.0439e-17
6095.11501 2.5637e-17
6096.64894 2.9781e-17
6098.18287 2.7896e-17
6099.7168 2.7009e-17
6101.25073 2.2217e-17
6102.78466 2.2545e-17
6104.31859 2.5866e-17
6105.85252 2.1998e-17
6107.38645 2.3033e-17
6108.92038 2.4654e-17
6110.45431 2.1668e-17
6111.98824 2.0362e-17
6113.52217 1.8936e-17
6115.0561 1.8203e-17
6116.59003 2.5467e-17
6118.12396 2.9091e-17
6119.65789 2.6089e-17
6121.19182 2.2595e-17
6122.72575 2.3145e-17
6124.25968 2.3314e-17
6125.79361 2.1408e-17
6127.32754 2.0629e-17
6128.86147 2.1561e-17
6130.3954 1.8714e-17
6131.92933 2.122e-17
6133.46326 2.5234e-17
6134.99719 2.3315e-17
6136.53112 1.7541e-17
6138.06505 1.4291e-17
6139.59898 1.8076e-17
6141.13291 2.3814e-17
6142.66684 2.3963e-17
6144.20077 1.9757e-17
6145.7347 1.5672e-17
6147.26863 1.6777e-17
6148.80256 1.9953e-17
6150.33649 2.3111e-17
6151.87042 2.0935e-17
6153.40435 2.4133e-17
6154.93828 2.2524e-17
6156.47221 1.6973e-17
6158.00614 1.4369e-17
6159.54007 2.268e-17
6161.074 2.115e-17
6162.60793 1.7751e-17
6164.14186 2.3229e-17
6165.67579 2.4807e-17
6167.20972 2.5134e-17
6168.74365 2.3224e-17
6170.27758 2.5444e-17
6171.81151 1.484e-17
6173.34544 1.4889e-17
6174.87937 2.3385e-17
6176.4133 2.5525e-17
6177.94723 2.3656e-17
6179.48116 2.2832e-17
6181.01509 2.3196e-17
6182.54902 2.3013e-17
6184.08295 1.9732e-17
6185.61688 2.2946e-17
6187.15081 2.0048e-17
6188.68474 2.3072e-17
6190.21867 2.4817e-17
6191.7526 2.2124e-17
6193.28653 1.9632e-17
6194.82046 2.748e-17
6196.35439 2.4662e-17
6197.88832 2.1663e-17
6199.42225 2.0846e-17
6200.95618 1.5803e-17
6202.49011 2.051e-17
6204.02404 2.3139e-17
6205.55797 2.1713e-17
6207.0919 2.0539e-17
6208.62583 2.2721e-17
6210.15976 1.9926e-17
6211.69369 1.427e-17
6213.22762 1.7676e-17
6214.76155 2.4463e-17
6216.29548 2.0826e-17
6217.82941 1.6413e-17
6219.36334 2.0089e-17
6220.89727 2.4143e-17
6222.4312 2.8415e-17
6223.96513 2.786e-17
6225.49906 2.1672e-17
6227.03299 1.7565e-17
6228.56692 1.4181e-17
6230.10085 1.684e-17
6231.63478 2.436e-17
6233.16871 2.5766e-17
6234.70264 1.926e-17
6236.23657 2.7272e-17
6237.7705 2.4699e-17
6239.30443 2.2029e-17
6240.83836 2.9213e-17
6242.37229 2.7697e-17
6243.90622 2.4655e-17
6245.44015 2.4433e-17
6246.97408 2.1961e-17
6248.50801 2.5525e-17
6250.04194 2.6085e-17
6251.57587 2.5564e-17
6253.1098 2.4791e-17
6254.64373 3.0358e-17
6256.17766 3.2745e-17
6257.71159 3.4748e-17
6259.24552 3.3247e-17
6260.77945 3.2811e-17
6262.31338 3.5415e-17
6263.84731 3.4368e-17
6265.38124 3.4477e-17
6266.91517 2.9854e-17
6268.4491 2.6218e-17
6269.98303 3.3165e-17
6271.51696 3.4245e-17
6273.05089 3.0087e-17
6274.58482 2.8616e-17
6276.11875 3.0614e-17
6277.65268 3.059e-17
6279.18661 3.116e-17
6280.72054 3.375e-17
6282.25447 3.7501e-17
6283.7884 3.1915e-17
6285.32233 2.9588e-17
6286.85626 3.3391e-17
6288.39019 2.9778e-17
6289.92412 3.0329e-17
6291.45805 3.0422e-17
6292.99198 2.7312e-17
6294.52591 3.1573e-17
6296.05984 3.7883e-17
6297.59377 3.3543e-17
6299.1277 4.1878e-17
6300.66163 3.3746e-17
6302.19556 2.1692e-17
6303.72949 2.5064e-17
6305.26342 2.9704e-17
6306.79735 3.3256e-17
6308.33128 3.4451e-17
6309.86521 2.912e-17
6311.39914 2.8756e-17
6312.93307 3.584e-17
6314.467 3.4892e-17
6316.00093 3.0625e-17
6317.53486 3.1694e-17
6319.06879 3.2096e-17
6320.60272 3.1192e-17
6322.13665 2.8105e-17
6323.67058 2.7593e-17
6325.20451 3.3695e-17
6326.73844 3.412e-17
6328.27237 3.2529e-17
6329.8063 3.266e-17
6331.34023 3.1536e-17
6332.87416 2.6339e-17
6334.40809 2.7818e-17
6335.94202 3.3807e-17
6337.47595 3.5929e-17
6339.00988 3.3432e-17
6340.54381 3.1467e-17
6342.07774 3.1036e-17
6343.61167 3.0671e-17
6345.1456 3.5344e-17
6346.67953 3.6607e-17
6348.21346 3.3478e-17
6349.74739 2.9913e-17
6351.28132 3.236e-17
6352.81525 3.162e-17
6354.34918 3.0062e-17
6355.88311 2.848e-17
6357.41704 3.0194e-17
6358.95097 3.5378e-17
6360.4849 3.1167e-17
6362.01883 2.6275e-17
6363.55276 2.6413e-17
6365.08669 2.547e-17
6366.62062 3.5702e-17
6368.15455 3.9328e-17
6369.68848 2.9471e-17
6371.22241 2.7626e-17
6372.75634 3.2205e-17
6374.29027 3.1959e-17
6375.8242 3.0028e-17
6377.35813 3.1839e-17
6378.89206 2.7514e-17
6380.42599 2.5592e-17
6381.95992 2.9941e-17
6383.49385 2.8812e-17
6385.02778 3.0099e-17
6386.56171 2.5474e-17
6388.09564 2.3069e-17
6389.62957 2.5766e-17
6391.1635 2.8008e-17
6392.69743 2.6316e-17
6394.23136 2.5752e-17
6395.76529 2.6887e-17
6397.29922 2.5795e-17
6398.83315 2.3558e-17
6400.36708 2.6339e-17
6401.90101 2.9312e-17
6403.43494 2.9017e-17
6404.96887 3.1385e-17
6406.5028 2.68e-17
6408.03673 2.6364e-17
6409.57066 2.9474e-17
6411.10459 2.9826e-17
6412.63852 2.7256e-17
6414.17245 2.5952e-17
6415.70638 2.3836e-17
6417.24031 2.3873e-17
6418.77424 2.5876e-17
6420.30817 2.2782e-17
6421.8421 2.6947e-17
6423.37603 2.9619e-17
6424.90996 2.7966e-17
6426.44389 2.3396e-17
6427.97782 2.3389e-17
6429.51175 2.863e-17
6431.04568 3.0693e-17
6432.57961 3.0178e-17
6434.11354 2.7559e-17
6435.64747 2.5738e-17
6437.1814 2.6823e-17
6438.71533 2.6957e-17
6440.24926 2.8698e-17
6441.78319 2.9658e-17
6443.31712 2.7439e-17
6444.85105 2.5061e-17
6446.38498 2.4316e-17
6447.91891 2.6761e-17
6449.45284 2.6823e-17
6450.98677 2.5881e-17
6452.5207 2.8484e-17
6454.05463 3.0088e-17
6455.58856 3.0313e-17
6457.12249 3.1953e-17
6458.65642 3.0639e-17
6460.19035 3.0452e-17
6461.72428 3.0741e-17
6463.25821 2.6204e-17
6464.79214 3.0693e-17
6466.32607 3.5087e-17
6467.86 3.1181e-17
6469.39393 2.6714e-17
6470.92786 2.2746e-17
6472.46179 2.429e-17
6473.99572 2.8472e-17
6475.52965 2.9827e-17
6477.06358 2.7939e-17
6478.59751 2.3687e-17
6480.13144 2.763e-17
6481.66537 3.0498e-17
6483.1993 2.6851e-17
6484.73323 2.7953e-17
6486.26716 2.9821e-17
6487.80109 3.0019e-17
6489.33502 3.1411e-17
6490.86895 3.5656e-17
6492.40288 3.5501e-17
6493.93681 3.1988e-17
6495.47074 3.1264e-17
6497.00467 3.1477e-17
6498.5386 3.1937e-17
6500.07253 2.8809e-17
6501.60646 2.634e-17
6503.14039 2.8861e-17
6504.67432 3.1004e-17
6506.20825 2.9723e-17
6507.74218 2.907e-17
6509.27611 3.0044e-17
6510.81004 3.109e-17
6512.34397 3.5979e-17
6513.8779 3.7692e-17
6515.41183 3.4604e-17
6516.94576 3.4234e-17
6518.47969 3.0416e-17
6520.01362 3.1114e-17
6521.54755 3.3768e-17
6523.08148 2.7939e-17
6524.61541 2.6624e-17
6526.14934 3.0925e-17
6527.68327 2.9813e-17
6529.2172 2.7135e-17
6530.75113 2.9263e-17
6532.28506 2.8657e-17
6533.81899 2.9615e-17
6535.35292 3.2303e-17
6536.88685 3.1624e-17
6538.42078 3.1348e-17
6539.95471 2.7467e-17
6541.48864 2.9719e-17
6543.02257 3.1221e-17
6544.5565 3.1824e-17
6546.09043 3.85e-17
6547.62436 4.0111e-17
6549.15829 4.0169e-17
6550.69222 3.8136e-17
6552.22615 3.7206e-17
6553.76008 3.6231e-17
6555.29401 3.0689e-17
6556.82794 3.8877e-17
6558.36187 4.5912e-17
6559.8958 4.3371e-17
6561.42973 4.1229e-17
6562.96366 4.1939e-17
6564.49759 4.2315e-17
6566.03152 3.9707e-17
6567.56545 4.0696e-17
6569.09938 4.014e-17
6570.63331 3.8093e-17
6572.16724 4.019e-17
6573.70117 3.6371e-17
6575.2351 3.1356e-17
6576.76903 2.956e-17
6578.30296 3.1706e-17
6579.83689 3.6432e-17
6581.37082 3.4372e-17
6582.90475 3.3711e-17
6584.43868 3.526e-17
6585.97261 3.4246e-17
6587.50654 3.2095e-17
6589.04047 2.7849e-17
6590.5744 2.8914e-17
6592.10833 3.1788e-17
6593.64226 3.096e-17
6595.17619 2.9593e-17
6596.71012 3.0436e-17
6598.24405 3.4009e-17
6599.77798 2.9631e-17
6601.31191 2.7007e-17
6602.84584 2.8634e-17
6604.37977 3.2707e-17
6605.9137 3.4167e-17
6607.44763 2.8327e-17
6608.98156 2.5723e-17
6610.51549 2.6197e-17
6612.04942 2.9905e-17
6613.58335 2.891e-17
6615.11728 2.4952e-17
6616.65121 2.6751e-17
6618.18514 3.1507e-17
6619.71907 3.0827e-17
6621.253 2.798e-17
6622.78693 2.8135e-17
6624.32086 3.3804e-17
6625.85479 3.099e-17
6627.38872 2.7856e-17
6628.92265 3.1188e-17
6630.45658 2.9834e-17
6631.99051 2.6181e-17
6633.52444 2.6569e-17
6635.05837 2.4406e-17
6636.5923 2.4209e-17
6638.12623 2.9582e-17
6639.66016 2.9443e-17
6641.19409 2.9263e-17
6642.72802 2.6861e-17
6644.26195 2.6029e-17
6645.79588 2.9486e-17
6647.32981 2.9842e-17
6648.86374 3.077e-17
6650.39767 2.999e-17
6651.9316 2.3342e-17
6653.46553 2.1323e-17
6654.99946 2.3068e-17
6656.53339 2.5876e-17
6658.06732 2.3699e-17
6659.60125 2.3244e-17
6661.13518 2.2288e-17
6662.66911 2.2214e-17
6664.20304 2.5572e-17
6665.73697 2.3053e-17
6667.2709 2.2427e-17
6668.80483 2.6212e-17
6670.33876 2.8718e-17
6671.87269 2.681e-17
6673.40662 2.5486e-17
6674.94055 2.7636e-17
6676.47448 2.5579e-17
6678.00841 2.5235e-17
6679.54234 2.3366e-17
6681.07627 2.1011e-17
6682.6102 2.2706e-17
6684.14413 2.5816e-17
6685.67806 2.8408e-17
6687.21199 2.6523e-17
6688.74592 2.5666e-17
6690.27985 3.0268e-17
6691.81378 3.1547e-17
6693.34771 2.6516e-17
6694.88164 2.6744e-17
6696.41557 2.4103e-17
6697.9495 2.3235e-17
6699.48343 2.3828e-17
6701.01736 2.4123e-17
6702.55129 3.0547e-17
6704.08522 3.0337e-17
6705.61915 2.5183e-17
6707.15308 2.774e-17
6708.68701 2.4941e-17
6710.22094 2.5547e-17
6711.75487 2.7905e-17
6713.2888 2.4107e-17
6714.82273 2.665e-17
6716.35666 2.8153e-17
6717.89059 2.8237e-17
6719.42452 3.0138e-17
6720.95845 2.7655e-17
6722.49238 2.4838e-17
6724.02631 2.8125e-17
6725.56024 2.7792e-17
6727.09417 2.1936e-17
6728.6281 2.1032e-17
6730.16203 2.4369e-17
6731.69596 2.5109e-17
6733.22989 2.3653e-17
6734.76382 2.3109e-17
6736.29775 2.0562e-17
6737.83168 2.1769e-17
6739.36561 2.5392e-17
6740.89954 2.4727e-17
6742.43347 2.611e-17
6743.9674 2.5629e-17
6745.50133 2.5157e-17
6747.03526 2.835e-17
6748.56919 2.5889e-17
6750.10312 2.6258e-17
6751.63705 2.9409e-17
6753.17098 2.9511e-17
6754.70491 3.0682e-17
6756.23884 3.125e-17
6757.77277 3.1629e-17
6759.3067 3.1424e-17
6760.84063 3.0596e-17
6762.37456 3.185e-17
6763.90849 2.9329e-17
6765.44242 2.661e-17
6766.97635 2.6947e-17
6768.51028 2.6139e-17
6770.04421 2.4373e-17
6771.57814 2.5486e-17
6773.11207 2.7432e-17
6774.646 2.8797e-17
6776.17993 3.301e-17
6777.71386 2.8653e-17
6779.24779 2.2933e-17
6780.78172 2.9712e-17
6782.31565 3.0024e-17
6783.84958 2.6242e-17
6785.38351 2.6156e-17
6786.91744 2.8698e-17
6788.45137 2.6214e-17
6789.9853 2.5604e-17
6791.51923 2.8425e-17
6793.05316 2.6048e-17
6794.58709 2.7104e-17
6796.12102 2.5561e-17
6797.65495 2.611e-17
6799.18888 3.2063e-17
6800.72281 3.1279e-17
6802.25674 2.9532e-17
6803.79067 2.9419e-17
6805.3246 2.9008e-17
6806.85853 3.0606e-17
6808.39246 3.2333e-17
6809.92639 3.0763e-17
6811.46032 3.0083e-17
6812.99425 3.0492e-17
6814.52818 3.005e-17
6816.06211 2.84e-17
6817.59604 3.1544e-17
6819.12997 3.1756e-17
6820.6639 2.8674e-17
6822.19783 2.8975e-17
6823.73176 2.7556e-17
6825.26569 2.69e-17
6826.79962 2.9337e-17
6828.33355 3.0995e-17
6829.86748 3.0504e-17
6831.40141 2.9649e-17
6832.93534 2.9344e-17
6834.46927 2.6708e-17
6836.0032 2.6629e-17
6837.53713 2.7105e-17
6839.07106 2.7271e-17
6840.60499 2.9047e-17
6842.13892 2.8976e-17
6843.67285 2.5776e-17
6845.20678 2.8292e-17
6846.74071 2.9773e-17
6848.27464 2.5752e-17
6849.80857 2.7677e-17
6851.3425 2.9018e-17
6852.87643 3.418e-17
6854.41036 3.4283e-17
6855.94429 2.7631e-17
6857.47822 2.993e-17
6859.01215 3.3375e-17
6860.54608 2.8258e-17
6862.08001 2.7889e-17
6863.61394 2.6396e-17
6865.14787 1.7259e-17
6866.6818 1.7808e-17
6868.21573 2.6316e-17
6869.74966 2.8261e-17
6871.28359 3.2203e-17
6872.81752 2.9566e-17
6874.35145 2.6859e-17
6875.88538 2.9263e-17
6877.41931 2.4703e-17
6878.95324 2.4463e-17
6880.48717 2.8818e-17
6882.0211 2.7375e-17
6883.55503 2.7083e-17
6885.08896 2.7785e-17
6886.62289 2.7941e-17
6888.15682 2.5359e-17
6889.69075 2.3747e-17
6891.22468 2.5448e-17
6892.75861 2.4475e-17
6894.29254 2.468e-17
6895.82647 2.3944e-17
6897.3604 2.7708e-17
6898.89433 2.9092e-17
6900.42826 2.9573e-17
6901.96219 2.983e-17
6903.49612 2.5178e-17
6905.03005 2.8216e-17
6906.56398 2.8243e-17
6908.09791 2.4985e-17
6909.63184 2.7528e-17
6911.16577 2.5743e-17
6912.6997 2.5432e-17
6914.23363 2.636e-17
6915.76756 2.243e-17
6917.30149 2.1627e-17
6918.83542 2.4071e-17
6920.36935 2.4889e-17
6921.90328 2.4651e-17
6923.43721 2.5656e-17
6924.97114 2.6081e-17
6926.50507 2.7052e-17
6928.039 2.8409e-17
6929.57293 2.706e-17
6931.10686 2.6252e-17
6932.64079 2.3409e-17
6934.17472 2.4497e-17
6935.70865 2.6639e-17
6937.24258 2.6737e-17
6938.77651 2.4137e-17
6940.31044 2.1206e-17
6941.84437 2.2626e-17
6943.3783 2.3718e-17
6944.91223 2.4974e-17
6946.44616 2.5721e-17
6947.98009 2.7585e-17
6949.51402 2.8359e-17
6951.04795 2.6665e-17
6952.58188 2.6556e-17
6954.11581 2.2912e-17
6955.64974 2.2461e-17
6957.18367 2.2018e-17
6958.7176 2.0335e-17
6960.25153 2.0586e-17
6961.78546 2.1099e-17
6963.31939 2.3761e-17
6964.85332 2.7088e-17
6966.38725 2.7379e-17
6967.92118 2.5539e-17
6969.45511 2.5271e-17
6970.98904 2.3317e-17
6972.52297 2.0616e-17
6974.0569 2.3748e-17
6975.59083 2.9155e-17
6977.12476 3.0484e-17
6978.65869 3.1098e-17
6980.19262 3.0341e-17
6981.72655 3.1636e-17
6983.26048 3.3271e-17
6984.79441 3.0829e-17
6986.32834 2.8276e-17
6987.86227 3.0205e-17
6989.3962 3.0738e-17
6990.93013 2.8164e-17
6992.46406 2.854e-17
6993.99799 2.7595e-17
6995.53192 3.1499e-17
6997.06585 3.3163e-17
6998.59978 3.0153e-17
7000.13371 2.9652e-17
7001.66764 2.7712e-17
7003.20157 3.019e-17
7004.7355 3.199e-17
7006.26943 3.241e-17
7007.80336 3.0984e-17
7009.33729 2.9083e-17
7010.87122 2.9566e-17
7012.40515 3.0288e-17
7013.93908 3.1154e-17
7015.47301 2.9381e-17
7017.00694 2.633e-17
7018.54087 2.5914e-17
7020.0748 2.5449e-17
7021.60873 2.5027e-17
7023.14266 2.542e-17
7024.67659 2.4961e-17
7026.21052 2.658e-17
7027.74445 2.6635e-17
7029.27838 2.6841e-17
7030.81231 2.8274e-17
7032.34624 2.8294e-17
7033.88017 2.853e-17
7035.4141 2.8548e-17
7036.94803 3.0843e-17
7038.48196 2.8211e-17
7040.01589 2.6684e-17
7041.54982 2.8817e-17
7043.08375 2.9055e-17
7044.61768 2.7139e-17
7046.15161 2.1928e-17
7047.68554 2.2109e-17
7049.21947 2.4083e-17
7050.7534 2.2332e-17
7052.28733 2.3797e-17
7053.82126 2.4936e-17
7055.35519 2.4267e-17
7056.88912 2.6432e-17
7058.42305 2.5815e-17
7059.95698 2.5738e-17
7061.49091 2.6508e-17
7063.02484 2.642e-17
7064.55877 2.6083e-17
7066.0927 2.4349e-17
7067.62663 2.5271e-17
7069.16056 2.387e-17
7070.69449 2.5514e-17
7072.22842 2.6478e-17
7073.76235 2.3523e-17
7075.29628 2.1925e-17
7076.83021 2.3599e-17
7078.36414 2.5803e-17
7079.89807 2.8125e-17
7081.432 2.8867e-17
7082.96593 2.8784e-17
7084.49986 2.8206e-17
7086.03379 2.5538e-17
7087.56772 2.3264e-17
7089.10165 2.4826e-17
7090.63558 2.6053e-17
7092.16951 2.7014e-17
7093.70344 2.4618e-17
7095.23737 2.1827e-17
7096.7713 2.1573e-17
7098.30523 2.0596e-17
7099.83916 2.2731e-17
7101.37309 2.7297e-17
7102.90702 2.6316e-17
7104.44095 2.438e-17
7105.97488 2.7251e-17
7107.50881 2.4928e-17
7109.04274 2.3612e-17
7110.57667 2.6146e-17
7112.1106 2.4974e-17
7113.64453 2.4925e-17
7115.17846 2.5261e-17
7116.71239 2.1819e-17
7118.24632 2.2909e-17
7119.78025 2.5558e-17
7121.31418 2.4046e-17
7122.84811 2.5109e-17
7124.38204 2.5713e-17
7125.91597 2.6457e-17
7127.4499 2.52e-17
7128.98383 2.326e-17
7130.51776 2.243e-17
7132.05169 2.2068e-17
7133.58562 2.1827e-17
7135.11955 2.3948e-17
7136.65348 2.7259e-17
7138.18741 2.3972e-17
7139.72134 2.3016e-17
7141.25527 2.4047e-17
7142.7892 2.2885e-17
7144.32313 2.6878e-17
7145.85706 2.7603e-17
7147.39099 2.7469e-17
7148.92492 2.4176e-17
7150.45885 2.2116e-17
7151.99278 2.6602e-17
7153.52671 2.7586e-17
7155.06064 2.6303e-17
7156.59457 2.7236e-17
7158.1285 2.4758e-17
7159.66243 2.2598e-17
7161.19636 2.6733e-17
7162.73029 2.5525e-17
7164.26422 2.4013e-17
7165.79815 2.4854e-17
7167.33208 2.2346e-17
7168.86601 2.352e-17
7170.39994 2.4161e-17
7171.93387 2.4672e-17
7173.4678 2.2986e-17
7175.00173 2.6036e-17
7176.53566 2.438e-17
7178.06959 2.477e-17
7179.60352 2.1711e-17
7181.13745 2.1337e-17
7182.67138 2.0625e-17
7184.20531 2.0072e-17
7185.73924 2.1847e-17
7187.27317 1.9292e-17
7188.8071 1.6398e-17
7190.34103 2.1471e-17
7191.87496 2.439e-17
7193.40889 2.4045e-17
7194.94282 2.074e-17
7196.47675 2.1696e-17
7198.01068 2.364e-17
7199.54461 2.5366e-17
7201.07854 2.0963e-17
7202.61247 2.2845e-17
7204.1464 2.2771e-17
7205.68033 1.9802e-17
7207.21426 2.221e-17
7208.74819 2.2746e-17
7210.28212 2.0289e-17
7211.81605 1.9832e-17
7213.34998 2.1545e-17
7214.88391 2.3996e-17
7216.41784 2.5379e-17
7217.95177 2.4423e-17
7219.4857 2.4749e-17
7221.01963 2.5635e-17
7222.55356 2.43e-17
7224.08749 2.427e-17
7225.62142 2.0489e-17
7227.15535 1.4254e-17
7228.68928 1.6888e-17
7230.22321 2.0175e-17
7231.75714 2.3591e-17
7233.29107 2.7928e-17
7234.825 2.5547e-17
7236.35893 2.5012e-17
7237.89286 2.0648e-17
7239.42679 1.5787e-17
7240.96072 1.8796e-17
7242.49465 2.7541e-17
7244.02858 2.5473e-17
7245.56251 2.0449e-17
7247.09644 1.7576e-17
7248.63037 1.9427e-17
7250.1643 2.2284e-17
7251.69823 2.0225e-17
7253.23216 2.4801e-17
7254.76609 2.349e-17
7256.30002 2.0292e-17
7257.83395 2.2095e-17
7259.36788 2.3062e-17
7260.90181 2.1674e-17
7262.43574 2.2926e-17
7263.96967 2.3448e-17
7265.5036 2.3719e-17
7267.03753 2.174e-17
7268.57146 2.5525e-17
7270.10539 2.6248e-17
7271.63932 2.1921e-17
7273.17325 2.5015e-17
7274.70718 2.4226e-17
7276.24111 2.1011e-17
7277.77504 2.4491e-17
7279.30897 2.966e-17
7280.8429 2.4904e-17
7282.37683 2.1458e-17
7283.91076 2.416e-17
7285.44469 2.5596e-17
7286.97862 2.3409e-17
7288.51255 2.596e-17
7290.04648 2.4619e-17
7291.58041 2.7845e-17
7293.11434 2.0628e-17
7294.64827 1.8793e-17
7296.1822 1.9908e-17
7297.71613 1.5591e-17
7299.25006 2.2701e-17
7300.78399 2.6753e-17
7302.31792 2.5199e-17
7303.85185 2.0837e-17
7305.38578 1.7157e-17
7306.91971 1.7795e-17
7308.45364 1.7398e-17
7309.98757 2.3062e-17
7311.5215 2.0427e-17
7313.05543 1.9337e-17
7314.58936 2.4009e-17
7316.12329 2.8019e-17
7317.65722 2.5264e-17
7319.19115 2.5963e-17
7320.72508 2.3902e-17
7322.25901 2.2423e-17
7323.79294 2.5337e-17
7325.32687 2.2489e-17
7326.8608 2.2637e-17
7328.39473 2.027e-17
7329.92866 1.6065e-17
7331.46259 2.1766e-17
7332.99652 2.1647e-17
7334.53045 2.6319e-17
7336.06438 2.7917e-17
7337.59831 2.6372e-17
7339.13224 2.3013e-17
7340.66617 1.4769e-17
7342.2001 1.3167e-17
7343.73403 1.6991e-17
7345.26796 1.9889e-17
7346.80189 2.0668e-17
7348.33582 2.1749e-17
7349.86975 2.3787e-17
7351.40368 2.4488e-17
7352.93761 2.5293e-17
7354.47154 2.1698e-17
7356.00547 2.2698e-17
7357.5394 2.6748e-17
7359.07333 2.311e-17
7360.60726 2.0586e-17
7362.14119 2.0783e-17
7363.67512 2.2043e-17
7365.20905 2.347e-17
7366.74298 2.5264e-17
7368.27691 2.3027e-17
7369.81084 1.9622e-17
7371.34477 1.394e-17
7372.8787 1.6671e-17
7374.41263 1.8833e-17
7375.94656 2.1937e-17
7377.48049 2.5133e-17
7379.01442 2.3951e-17
7380.54835 2.1184e-17
7382.08228 2.4464e-17
7383.61621 2.5187e-17
7385.15014 2.3031e-17
7386.68407 2.3103e-17
7388.218 2.5453e-17
7389.75193 2.2048e-17
7391.28586 2.2898e-17
7392.81979 2.3213e-17
7394.35372 2.855e-17
7395.88765 3.0533e-17
7397.42158 2.5935e-17
7398.95551 2.1747e-17
7400.48944 2.181e-17
7402.02337 2.2056e-17
7403.5573 2.3092e-17
7405.09123 2.533e-17
7406.62516 2.3458e-17
7408.15909 2.1811e-17
7409.69302 2.3237e-17
7411.22695 2.5549e-17
7412.76088 2.4238e-17
7414.29481 2.1741e-17
7415.82874 2.3576e-17
7417.36267 2.2912e-17
7418.8966 2.2136e-17
7420.43053 2.239e-17
7421.96446 2.3215e-17
7423.49839 2.2802e-17
7425.03232 2.0993e-17
7426.56625 2.0902e-17
7428.10018 2.3595e-17
7429.63411 2.5285e-17
7431.16804 2.3023e-17
7432.70197 2.2431e-17
7434.2359 2.4427e-17
7435.76983 2.6968e-17
7437.30376 2.7333e-17
7438.83769 2.4558e-17
7440.37162 2.3486e-17
7441.90555 2.7717e-17
7443.43948 2.9565e-17
7444.97341 2.5831e-17
7446.50734 2.3183e-17
7448.04127 2.4937e-17
7449.5752 2.6417e-17
7451.10913 2.7174e-17
7452.64306 2.3715e-17
7454.17699 2.4524e-17
7455.71092 2.8429e-17
7457.24485 2.3844e-17
7458.77878 2.2021e-17
7460.31271 2.2955e-17
7461.84664 2.2659e-17
7463.38057 2.2763e-17
7464.9145 2.3743e-17
7466.44843 2.6508e-17
7467.98236 2.6495e-17
7469.51629 2.8116e-17
7471.05022 2.8848e-17
7472.58415 2.3362e-17
7474.11808 2.5321e-17
7475.65201 2.7812e-17
7477.18594 2.5501e-17
7478.71987 2.8869e-17
7480.2538 3.1732e-17
7481.78773 2.8538e-17
7483.32166 2.6388e-17
7484.85559 2.901e-17
7486.38952 2.8488e-17
7487.92345 2.6932e-17
7489.45738 2.5856e-17
7490.99131 2.3659e-17
7492.52524 2.405e-17
7494.05917 2.6334e-17
7495.5931 2.8703e-17
7497.12703 2.8703e-17
7498.66096 2.5214e-17
7500.19489 2.6671e-17
7501.72882 2.5583e-17
7503.26275 2.548e-17
7504.79668 2.5284e-17
7506.33061 2.4001e-17
7507.86454 2.7056e-17
7509.39847 2.8706e-17
7510.9324 2.911e-17
7512.46633 2.8996e-17
7514.00026 3.0632e-17
7515.53419 3.1369e-17
7517.06812 2.8052e-17
7518.60205 2.7503e-17
7520.13598 2.4084e-17
7521.66991 2.5349e-17
7523.20384 3.008e-17
7524.73777 2.7491e-17
7526.2717 2.3955e-17
7527.80563 2.6772e-17
7529.33956 2.427e-17
7530.87349 2.5317e-17
7532.40742 2.6106e-17
7533.94135 2.41e-17
7535.47528 2.8858e-17
7537.00921 3.0486e-17
7538.54314 2.5353e-17
7540.07707 2.5443e-17
7541.611 2.513e-17
7543.14493 2.6968e-17
7544.67886 2.685e-17
7546.21279 2.1976e-17
7547.74672 2.3376e-17
7549.28065 2.3935e-17
7550.81458 2.2356e-17
7552.34851 2.4703e-17
7553.88244 2.3265e-17
7555.41637 2.5476e-17
7556.9503 2.4377e-17
7558.48423 2.3607e-17
7560.01816 2.3007e-17
7561.55209 2.5153e-17
7563.08602 2.6565e-17
7564.61995 2.2713e-17
7566.15388 2.3926e-17
7567.68781 2.5452e-17
7569.22174 2.327e-17
7570.75567 2.8172e-17
7572.2896 3.1871e-17
7573.82353 2.4619e-17
7575.35746 2.6616e-17
7576.89139 3.1039e-17
7578.42532 2.8125e-17
7579.95925 2.6042e-17
7581.49318 2.7083e-17
7583.02711 2.9234e-17
7584.56104 2.8939e-17
7586.09497 2.3576e-17
7587.6289 2.5835e-17
7589.16283 2.3027e-17
7590.69676 2.0259e-17
7592.23069 2.1852e-17
7593.76462 2.074e-17
7595.29855 2.9964e-17
7596.83248 3.5514e-17
7598.36641 3.2913e-17
7599.90034 3.1416e-17
7601.43427 2.372e-17
7602.9682 2.0424e-17
7604.50213 2.5981e-17
7606.03606 2.7333e-17
7607.56999 3.4048e-17
7609.10392 2.9006e-17
7610.63785 2.7941e-17
7612.17178 3.4078e-17
7613.70571 3.1892e-17
7615.23964 2.6814e-17
7616.77357 3.069e-17
7618.3075 2.6393e-17
7619.84143 2.4734e-17
7621.37536 2.3338e-17
7622.90929 1.8327e-17
7624.44322 2.091e-17
7625.97715 2.6275e-17
7627.51108 2.0407e-17
7629.04501 2.436e-17
7630.57894 2.6864e-17
7632.11287 2.9566e-17
7633.6468 2.9611e-17
7635.18073 2.6274e-17
7636.71466 2.6305e-17
7638.24859 2.7157e-17
7639.78252 2.8223e-17
7641.31645 2.9032e-17
7642.85038 3.156e-17
7644.38431 2.5128e-17
7645.91824 2.7934e-17
7647.45217 2.9042e-17
7648.9861 2.6997e-17
7650.52003 2.8713e-17
7652.05396 2.0874e-17
7653.58789 2.205e-17
7655.12182 3.0526e-17
7656.65575 2.8895e-17
7658.18968 2.5762e-17
7659.72361 2.7233e-17
7661.25754 2.7092e-17
7662.79147 2.9167e-17
7664.3254 2.714e-17
7665.85933 2.4545e-17
7667.39326 2.336e-17
7668.92719 2.3334e-17
7670.46112 2.6634e-17
7671.99505 2.5846e-17
7673.52898 2.5829e-17
7675.06291 2.5504e-17
7676.59684 2.4566e-17
7678.13077 2.4012e-17
7679.6647 2.6805e-17
7681.19863 2.7439e-17
7682.73256 2.6094e-17
7684.26649 2.4366e-17
7685.80042 2.3452e-17
7687.33435 2.56e-17
7688.86828 2.677e-17
7690.40221 2.6241e-17
7691.93614 2.7398e-17
7693.47007 2.4999e-17
7695.004 2.5672e-17
7696.53793 2.8801e-17
7698.07186 3.318e-17
7699.60579 3.1587e-17
7701.13972 2.7921e-17
7702.67365 2.7443e-17
7704.20758 2.5012e-17
7705.74151 2.8053e-17
7707.27544 3.2267e-17
7708.80937 2.9623e-17
7710.3433 3.4294e-17
7711.87723 2.7586e-17
7713.41116 2.278e-17
7714.94509 2.6965e-17
7716.47902 2.6306e-17
7718.01295 2.3221e-17
7719.54688 2.4148e-17
7721.08081 2.7485e-17
7722.61474 2.8877e-17
7724.14867 3.1508e-17
7725.6826 2.8008e-17
7727.21653 2.4247e-17
7728.75046 2.6065e-17
7730.28439 2.674e-17
7731.81832 2.826e-17
7733.35225 2.9745e-17
7734.88618 2.7101e-17
7736.42011 2.6343e-17
7737.95404 2.5856e-17
7739.48797 2.4497e-17
7741.0219 2.3068e-17
7742.55583 2.3642e-17
7744.08976 2.4206e-17
7745.62369 1.9451e-17
7747.15762 2.6927e-17
7748.69155 3.1196e-17
7750.22548 2.7332e-17
7751.75941 2.4887e-17
7753.29334 2.2786e-17
7754.82727 2.4536e-17
7756.3612 2.4966e-17
7757.89513 2.4647e-17
7759.42906 2.381e-17
7760.96299 2.4198e-17
7762.49692 2.3338e-17
7764.03085 2.1143e-17
7765.56478 2.4904e-17
7767.09871 2.9365e-17
7768.63264 2.7319e-17
7770.16657 2.8793e-17
7771.7005 2.9104e-17
7773.23443 2.2549e-17
7774.76836 2.2174e-17
7776.30229 2.3044e-17
7777.83622 2.4167e-17
7779.37015 2.8846e-17
7780.90408 2.6616e-17
7782.43801 2.4333e-17
7783.97194 2.2624e-17
7785.50587 2.3503e-17
7787.0398 2.6025e-17
7788.57373 2.3413e-17
7790.10766 2.6291e-17
7791.64159 2.7902e-17
7793.17552 2.8412e-17
7794.70945 3.0028e-17
7796.24338 2.5182e-17
7797.77731 2.4419e-17
7799.31124 2.979e-17
7800.84517 2.6874e-17
7802.3791 2.3992e-17
7803.91303 2.5913e-17
7805.44696 2.566e-17
7806.98089 2.8739e-17
7808.51482 2.7309e-17
7810.04875 2.3821e-17
7811.58268 2.8074e-17
7813.11661 2.9327e-17
7814.65054 2.4189e-17
7816.18447 2.1266e-17
7817.7184 2.7998e-17
7819.25233 3.0847e-17
7820.78626 3.4539e-17
7822.32019 2.707e-17
7823.85412 1.9598e-17
7825.38805 2.3147e-17
7826.92198 2.5173e-17
7828.45591 2.4693e-17
7829.98984 2.577e-17
7831.52377 2.5821e-17
7833.0577 2.5171e-17
7834.59163 2.5878e-17
7836.12556 2.4315e-17
7837.65949 2.5096e-17
7839.19342 2.4304e-17
7840.72735 2.1143e-17
7842.26128 2.464e-17
7843.79521 2.8682e-17
7845.32914 2.245e-17
7846.86307 2.0901e-17
7848.397 2.3892e-17
7849.93093 2.0457e-17
7851.46486 2.2836e-17
7852.99879 2.4655e-17
7854.53272 2.8719e-17
7856.06665 3.1403e-17
7857.60058 4.0918e-17
7859.13451 3.0757e-17
7860.66844 2.5502e-17
7862.20237 1.9533e-17
7863.7363 2.3924e-17
7865.27023 2.4271e-17
7866.80416 2.4879e-17
7868.33809 2.233e-17
7869.87202 2.2381e-17
7871.40595 1.9922e-17
7872.93988 2.3021e-17
7874.47381 2.2847e-17
7876.00774 1.9173e-17
7877.54167 2.6109e-17
7879.0756 2.7431e-17
7880.60953 2.0631e-17
7882.14346 1.9021e-17
7883.67739 2.557e-17
7885.21132 3.0845e-17
7886.74525 2.3412e-17
7888.27918 2.3777e-17
7889.81311 2.9016e-17
7891.34704 2.4564e-17
7892.88097 2.1279e-17
7894.4149 2.1543e-17
7895.94883 2.224e-17
7897.48276 2.6028e-17
7899.01669 2.6286e-17
7900.55062 2.8325e-17
7902.08455 2.651e-17
7903.61848 2.7724e-17
7905.15241 2.5637e-17
7906.68634 2.0027e-17
7908.22027 2.8e-17
7909.7542 2.651e-17
7911.28813 2.7021e-17
7912.82206 3.4706e-17
7914.35599 3.6646e-17
7915.88992 3.0843e-17
7917.42385 2.4793e-17
7918.95778 2.7653e-17
7920.49171 2.3404e-17
7922.02564 2.3248e-17
7923.55957 2.2554e-17
7925.0935 1.9019e-17
7926.62743 1.863e-17
7928.16136 2.0448e-17
7929.69529 2.0345e-17
7931.22922 2.481e-17
7932.76315 2.5191e-17
7934.29708 2.4143e-17
7935.83101 2.5909e-17
7937.36494 2.2551e-17
7938.89887 2.3256e-17
7940.4328 2.4267e-17
7941.96673 2.5501e-17
7943.50066 1.9515e-17
7945.03459 2.3462e-17
7946.56852 2.6661e-17
7948.10245 2.5545e-17
7949.63638 2.4607e-17
7951.17031 2.358e-17
7952.70424 2.3976e-17
7954.23817 2.3015e-17
7955.7721 1.9328e-17
7957.30603 2.17e-17
7958.83996 2.0113e-17
7960.37389 2.3536e-17
7961.90782 2.9332e-17
7963.44175 2.8206e-17
7964.97568 2.6118e-17
7966.50961 2.0983e-17
7968.04354 1.9591e-17
7969.57747 2.2194e-17
7971.1114 2.3237e-17
7972.64533 2.4026e-17
7974.17926 2.577e-17
7975.71319 2.6604e-17
7977.24712 2.9913e-17
7978.78105 2.6299e-17
7980.31498 2.0322e-17
7981.84891 2.2043e-17
7983.38284 2.0894e-17
7984.91677 2.0224e-17
7986.4507 2.1956e-17
7987.98463 1.7075e-17
7989.51856 1.8023e-17
7991.05249 2.3466e-17
7992.58642 2.4394e-17
7994.12035 2.5817e-17
7995.65428 2.1743e-17
7997.18821 1.6773e-17
7998.72214 1.7672e-17
8000.25607 2.2048e-17
8001.79 2.1581e-17
8003.32393 1.737e-17
8004.85786 1.9307e-17
8006.39179 2.2461e-17
8007.92572 2.4054e-17
8009.45965 2.6932e-17
8010.99358 2.5984e-17
8012.52751 2.2615e-17
8014.06144 2.4157e-17
8015.59537 2.0723e-17
8017.1293 1.8372e-17
8018.66323 1.8775e-17
8020.19716 1.6471e-17
8021.73109 1.8543e-17
8023.26502 1.5358e-17
8024.79895 1.9033e-17
8026.33288 2.299e-17
8027.86681 2.0031e-17
8029.40074 1.8853e-17
8030.93467 1.715e-17
8032.4686 1.5789e-17
8034.00253 1.5935e-17
8035.53646 1.8752e-17
8037.07039 2.0567e-17
8038.60432 2.0355e-17
8040.13825 1.8767e-17
8041.67218 1.8737e-17
8043.20611 1.8417e-17
8044.74004 1.7111e-17
8046.27397 1.701e-17
8047.8079 1.8242e-17
8049.34183 1.9153e-17
8050.87576 1.9091e-17
8052.40969 1.8817e-17
8053.94362 1.5501e-17
8055.47755 1.3436e-17
8057.01148 1.481e-17
8058.54541 1.1553e-17
8060.07934 9.3407e-18
8061.61327 1.3184e-17
8063.1472 1.621e-17
8064.68113 1.5922e-17
8066.21506 1.7991e-17
8067.74899 1.8683e-17
8069.28292 1.6255e-17
8070.81685 1.452e-17
8072.35078 1.5959e-17
8073.88471 1.6196e-17
8075.41864 1.5142e-17
8076.95257 1.3395e-17
8078.4865 1.5821e-17
8080.02043 1.7325e-17
8081.55436 1.3694e-17
8083.08829 1.5437e-17
8084.62222 1.6169e-17
8086.15615 1.7341e-17
8087.69008 1.5416e-17
8089.22401 1.3447e-17
8090.75794 1.6715e-17
8092.29187 1.6286e-17
8093.8258 1.5826e-17
8095.35973 2.0135e-17
8096.89366 1.7054e-17
8098.42759 1.6958e-17
8099.96152 1.495e-17
8101.49545 1.8115e-17
8103.02938 1.8839e-17
8104.56331 1.7739e-17
8106.09724 1.5832e-17
8107.63117 1.5342e-17
8109.1651 1.2566e-17
8110.69903 1.229e-17
8112.23296 1.2556e-17
8113.76689 1.6226e-17
8115.30082 1.7013e-17
8116.83475 1.5824e-17
8118.36868 1.2572e-17
8119.90261 1.5417e-17
8121.43654 1.6077e-17
8122.97047 1.9103e-17
8124.5044 2.1511e-17
8126.03833 1.7285e-17
8127.57226 1.8099e-17
8129.10619 1.7906e-17
8130.64012 1.4896e-17
8132.17405 1.6284e-17
8133.70798 1.7403e-17
8135.24191 1.9339e-17
8136.77584 2.0179e-17
8138.30977 1.6307e-17
8139.8437 1.744e-17
8141.37763 1.7708e-17
8142.91156 1.6091e-17
8144.44549 1.7506e-17
8145.97942 1.9738e-17
8147.51335 1.8972e-17
8149.04728 1.5141e-17
8150.58121 1.8195e-17
8152.11514 1.8373e-17
8153.64907 1.546e-17
8155.183 1.7113e-17
8156.71693 1.8389e-17
8158.25086 1.9313e-17
8159.78479 1.8385e-17
8161.31872 1.7898e-17
8162.85265 2.0846e-17
8164.38658 1.8965e-17
8165.92051 1.5605e-17
8167.45444 1.9548e-17
8168.98837 1.7396e-17
8170.5223 1.3912e-17
8172.05623 1.5621e-17
8173.59016 1.5044e-17
8175.12409 1.6408e-17
8176.65802 2.0836e-17
8178.19195 2.2963e-17
8179.72588 2.2444e-17
8181.25981 2.1545e-17
8182.79374 1.8914e-17
8184.32767 1.6667e-17
8185.8616 1.7741e-17
8187.39553 1.7179e-17
8188.92946 1.5477e-17
8190.46339 1.8922e-17
8191.99732 2.4254e-17
8193.53125 2.2378e-17
8195.06518 1.5121e-17
8196.59911 1.3067e-17
8198.13304 1.4798e-17
8199.66697 2.039e-17
8201.2009 2.3197e-17
8202.73483 1.7047e-17
8204.26876 1.7367e-17
8205.80269 2.0703e-17
8207.33662 1.8335e-17
8208.87055 1.5965e-17
8210.40448 1.8225e-17
8211.93841 1.8373e-17
8213.47234 1.5787e-17
8215.00627 1.459e-17
8216.5402 1.1382e-17
8218.07413 1.303e-17
8219.60806 1.6851e-17
8221.14199 1.6867e-17
8222.67592 1.546e-17
8224.20985 1.4013e-17
8225.74378 1.4754e-17
8227.27771 1.65e-17
8228.81164 1.594e-17
8230.34557 1.555e-17
8231.8795 1.9095e-17
8233.41343 2.141e-17
8234.94736 2.0335e-17
8236.48129 1.953e-17
8238.01522 2.0368e-17
8239.54915 1.9248e-17
8241.08308 2.1551e-17
8242.61701 2.7247e-17
8244.15094 2.9459e-17
8245.68487 2.9498e-17
8247.2188 2.4472e-17
8248.75273 2.17e-17
8250.28666 2.5575e-17
8251.82059 2.661e-17
8253.35452 2.5504e-17
8254.88845 2.8164e-17
8256.42238 2.8086e-17
8257.95631 2.6688e-17
8259.49024 2.8613e-17
8261.02417 3.1139e-17
8262.5581 3.1391e-17
8264.09203 2.9586e-17
8265.62596 2.9856e-17
8267.15989 2.9969e-17
8268.69382 2.9416e-17
8270.22775 2.7823e-17
8271.76168 2.6763e-17
8273.29561 3.2488e-17
8274.82954 3.3588e-17
8276.36347 3.0279e-17
8277.8974 3.4901e-17
8279.43133 3.0197e-17
8280.96526 3.0161e-17
8282.49919 3.5499e-17
8284.03312 3.1708e-17
8285.56705 3.3059e-17
8287.10098 3.4724e-17
8288.63491 3.2646e-17
8290.16884 3.0338e-17
8291.70277 2.9434e-17
8293.2367 2.9172e-17
8294.77063 3.8316e-17
8296.30456 3.9412e-17
8297.83849 2.9891e-17
8299.37242 2.9754e-17
8300.90635 3.0268e-17
8302.44028 2.9083e-17
8303.97421 2.8718e-17
8305.50814 3.143e-17
8307.04207 3.3604e-17
8308.576 3.3914e-17
8310.10993 3.057e-17
8311.64386 2.4838e-17
8313.17779 2.5701e-17
8314.71172 2.9385e-17
8316.24565 3.1849e-17
8317.77958 3.0783e-17
8319.31351 3.0751e-17
8320.84744 2.4866e-17
8322.38137 2.634e-17
8323.9153 2.7402e-17
8325.44923 2.9214e-17
8326.98316 2.6563e-17
8328.51709 2.5869e-17
8330.05102 2.6931e-17
8331.58495 2.9254e-17
8333.11888 3.0787e-17
8334.65281 3.0046e-17
8336.18674 2.5616e-17
8337.72067 1.9695e-17
8339.2546 2.2926e-17
8340.78853 3.3229e-17
8342.32246 2.7154e-17
8343.85639 3.113e-17
8345.39032 3.4271e-17
8346.92425 2.5698e-17
8348.45818 2.5329e-17
8349.99211 2.9713e-17
8351.52604 2.8171e-17
8353.05997 2.3043e-17
8354.5939 2.1999e-17
8356.12783 2.4981e-17
8357.66176 2.7977e-17
8359.19569 2.9949e-17
8360.72962 2.66e-17
8362.26355 2.5183e-17
8363.79748 2.9359e-17
8365.33141 2.5468e-17
8366.86534 2.5069e-17
8368.39927 2.6162e-17
8369.9332 2.8265e-17
8371.46713 3.0941e-17
8373.00106 2.6531e-17
8374.53499 2.4423e-17
8376.06892 2.6371e-17
8377.60285 2.5369e-17
8379.13678 2.067e-17
8380.67071 2.6287e-17
8382.20464 2.7806e-17
8383.73857 2.4254e-17
8385.2725 2.3899e-17
8386.80643 2.6808e-17
8388.34036 2.6075e-17
8389.87429 2.5987e-17
8391.40822 2.4108e-17
8392.94215 2.2083e-17
8394.47608 3.4586e-17
8396.01001 3.6708e-17
8397.54394 3.4671e-17
8399.07787 3.0502e-17
8400.6118 2.134e-17
8402.14573 2.0139e-17
8403.67966 2.1446e-17
8405.21359 2.3983e-17
8406.74752 2.9014e-17
8408.28145 2.8777e-17
8409.81538 2.8213e-17
8411.34931 2.6986e-17
8412.88324 2.2918e-17
8414.41717 2.5815e-17
8415.9511 2.6966e-17
8417.48503 2.4933e-17
8419.01896 2.6195e-17
8420.55289 2.3903e-17
8422.08682 1.9744e-17
8423.62075 1.3671e-17
8425.15468 2.0601e-17
8426.68861 3.1171e-17
8428.22254 2.39e-17
8429.75647 2.8664e-17
8431.2904 2.9168e-17
8432.82433 1.89e-17
8434.35826 2.3969e-17
8435.89219 2.5922e-17
8437.42612 2.815e-17
8438.96005 2.7732e-17
8440.49398 2.4458e-17
8442.02791 2.3354e-17
8443.56184 2.3776e-17
8445.09577 2.5975e-17
8446.6297 2.6725e-17
8448.16363 2.5688e-17
8449.69756 2.2881e-17
8451.23149 2.6119e-17
8452.76542 2.7023e-17
8454.29935 2.4668e-17
8455.83328 2.2033e-17
8457.36721 2.3007e-17
8458.90114 2.7761e-17
8460.43507 2.5019e-17
8461.969 2.8898e-17
8463.50293 3.0509e-17
8465.03686 2.7704e-17
8466.57079 2.3854e-17
8468.10472 2.111e-17
8469.63865 2.3911e-17
8471.17258 2.9719e-17
8472.70651 2.4487e-17
8474.24044 2.0861e-17
8475.77437 2.2183e-17
8477.3083 2.519e-17
8478.84223 2.5888e-17
8480.37616 2.3514e-17
8481.91009 2.1732e-17
8483.44402 2.3483e-17
8484.97795 1.9643e-17
8486.51188 1.8489e-17
8488.04581 2.1969e-17
8489.57974 2.6573e-17
8491.11367 2.798e-17
8492.6476 2.7142e-17
8494.18153 2.2345e-17
8495.71546 2.1942e-17
8497.24939 2.2075e-17
8498.78332 2.0889e-17
8500.31725 2.2444e-17
8501.85118 2.2076e-17
8503.38511 2.5881e-17
8504.91904 2.5091e-17
8506.45297 2.7602e-17
8507.9869 2.2855e-17
8509.52083 2.1637e-17
8511.05476 2.2397e-17
8512.58869 2.3364e-17
8514.12262 2.4486e-17
8515.65655 2.2589e-17
8517.19048 2.2405e-17
8518.72441 2.0702e-17
8520.25834 2.0752e-17
8521.79227 2.429e-17
8523.3262 2.0387e-17
8524.86013 1.8797e-17
8526.39406 2.1769e-17
8527.92799 2.3329e-17
8529.46192 2.3972e-17
8530.99585 2.374e-17
8532.52978 1.9548e-17
8534.06371 2.206e-17
8535.59764 2.396e-17
8537.13157 1.9006e-17
8538.6655 1.9483e-17
8540.19943 2.0965e-17
8541.73336 1.7747e-17
8543.26729 2.1999e-17
8544.80122 2.5206e-17
8546.33515 1.8753e-17
8547.86908 1.8343e-17
8549.40301 2.2047e-17
8550.93694 1.9127e-17
8552.47087 2.0379e-17
8554.0048 2.1458e-17
8555.53873 2.1e-17
8557.07266 2.3223e-17
8558.60659 2.0353e-17
8560.14052 1.7768e-17
8561.67445 1.9174e-17
8563.20838 1.8335e-17
8564.74231 1.8379e-17
8566.27624 1.9221e-17
8567.81017 1.8598e-17
8569.3441 1.823e-17
8570.87803 1.8326e-17
8572.41196 2.0308e-17
8573.94589 1.7563e-17
8575.47982 1.7688e-17
8577.01375 1.795e-17
8578.54768 1.7774e-17
8580.08161 1.8543e-17
8581.61554 1.8618e-17
8583.14947 1.9526e-17
8584.6834 1.7394e-17
8586.21733 1.538e-17
8587.75126 1.7498e-17
8589.28519 1.7279e-17
8590.81912 1.6674e-17
8592.35305 1.972e-17
8593.88698 2.0297e-17
8595.42091 2.1625e-17
8596.95484 2.2587e-17
8598.48877 2.0036e-17
8600.0227 1.7227e-17
8601.55663 1.4284e-17
8603.09056 1.497e-17
8604.62449 1.8915e-17
8606.15842 1.7693e-17
8607.69235 1.7694e-17
8609.22628 2.2567e-17
8610.76021 2.2876e-17
8612.29414 2.4006e-17
8613.82807 2.0677e-17
8615.362 1.291e-17
8616.89593 1.7603e-17
8618.42986 2.3659e-17
8619.96379 2.0259e-17
8621.49772 1.5164e-17
8623.03165 1.6209e-17
8624.56558 1.8968e-17
8626.09951 2.214e-17
8627.63344 2.2292e-17
8629.16737 2.2538e-17
8630.7013 2.578e-17
8632.23523 1.8783e-17
8633.76916 1.9047e-17
8635.30309 2.2573e-17
8636.83702 2.154e-17
8638.37095 2.3253e-17
8639.90488 2.1451e-17
8641.43881 1.8583e-17
8642.97274 1.8608e-17
8644.50667 1.9391e-17
8646.0406 2.2472e-17
8647.57453 2.1549e-17
8649.10846 2.3444e-17
8650.64239 2.2512e-17
8652.17632 1.4868e-17
8653.71025 1.2737e-17
8655.24418 2.3072e-17
8656.77811 2.4047e-17
8658.31204 1.9325e-17
8659.84597 1.6585e-17
8661.3799 1.8712e-17
8662.91383 2.3191e-17
8664.44776 2.1498e-17
8665.98169 2.589e-17
8667.51562 2.8575e-17
8669.04955 2.1394e-17
8670.58348 2.2285e-17
8672.11741 1.7742e-17
8673.65134 1.8363e-17
8675.18527 2.2015e-17
8676.7192 2.004e-17
8678.25313 1.9215e-17
8679.78706 2.5448e-17
8681.32099 2.2728e-17
8682.85492 2.1994e-17
8684.38885 2.5485e-17
8685.92278 2.5285e-17
8687.45671 2.0595e-17
8688.99064 1.7874e-17
8690.52457 1.937e-17
8692.0585 2.0841e-17
8693.59243 2.2589e-17
8695.12636 2.2272e-17
8696.66029 2.0639e-17
8698.19422 1.9937e-17
8699.72815 2.0106e-17
8701.26208 2.3899e-17
8702.79601 2.4276e-17
8704.32994 2.2153e-17
8705.86387 2.1406e-17
8707.3978 2.1653e-17
8708.93173 1.9415e-17
8710.46566 1.9767e-17
8711.99959 2.0947e-17
8713.53352 2.3143e-17
8715.06745 2.4188e-17
8716.60138 2.5096e-17
8718.13531 2.1647e-17
8719.66924 2.176e-17
8721.20317 2.2129e-17
8722.7371 2.5762e-17
8724.27103 2.4803e-17
8725.80496 2.3603e-17
8727.33889 2.2847e-17
8728.87282 2.0027e-17
8730.40675 2.2001e-17
8731.94068 2.0263e-17
8733.47461 2.0415e-17
8735.00854 2.0947e-17
8736.54247 1.7606e-17
8738.0764 2.1561e-17
8739.61033 2.1929e-17
8741.14426 2.0006e-17
8742.67819 2.3286e-17
8744.21212 2.3906e-17
8745.74605 2.4038e-17
8747.27998 2.0413e-17
8748.81391 2.0357e-17
8750.34784 2.2408e-17
8751.88177 2.0805e-17
8753.4157 2.376e-17
8754.94963 2.2567e-17
8756.48356 2.5662e-17
8758.01749 2.4425e-17
8759.55142 1.5378e-17
8761.08535 1.7992e-17
8762.61928 2.3808e-17
8764.15321 2.5325e-17
8765.68714 2.7055e-17
8767.22107 1.6224e-17
8768.755 7.7857e-18
8770.28893 1.627e-17
8771.82286 1.6711e-17
8773.35679 2.279e-17
8774.89072 2.6023e-17
8776.42465 2.882e-17
8777.95858 3.4549e-17
8779.49251 2.8134e-17
8781.02644 1.8372e-17
8782.56037 1.9511e-17
8784.0943 1.8012e-17
8785.62823 1.9201e-17
8787.16216 2.2187e-17
8788.69609 1.6364e-17
8790.23002 1.5906e-17
8791.76395 1.6194e-17
8793.29788 1.7853e-17
8794.83181 2.0555e-17
8796.36574 2.0955e-17
8797.89967 2.2814e-17
8799.4336 2.2015e-17
8800.96753 2.1138e-17
8802.50146 2.0893e-17
8804.03539 1.8591e-17
8805.56932 1.4648e-17
8807.10325 1.8024e-17
8808.63718 2.2626e-17
8810.17111 2.0879e-17
8811.70504 2.1056e-17
8813.23897 2.1786e-17
8814.7729 2.2091e-17
8816.30683 2.037e-17
8817.84076 1.6026e-17
8819.37469 1.1613e-17
8820.90862 1.7672e-17
8822.44255 3.0779e-17
8823.97648 3.3032e-17
8825.51041 3.6078e-17
8827.04434 4.5861e-17
8828.57827 2.6634e-17
8830.1122 1.165e-17
8831.64613 3.0287e-17
8833.18006 2.7443e-17
8834.71399 1.9188e-17
8836.24792 1.9348e-17
8837.78185 1.5546e-17
8839.31578 2.0515e-17
8840.84971 1.9242e-17
8842.38364 1.968e-17
8843.91757 2.0477e-17
8845.4515 2.4035e-17
8846.98543 2.1978e-17
8848.51936 1.7717e-17
8850.05329 2.0354e-17
8851.58722 2.1843e-17
8853.12115 2.0108e-17
8854.65508 1.8794e-17
8856.18901 2.1977e-17
8857.72294 2.2659e-17
8859.25687 2.6376e-17
8860.7908 1.9381e-17
8862.32473 1.7714e-17
8863.85866 2.3343e-17
8865.39259 1.6532e-17
8866.92652 2.1202e-17
8868.46045 1.67e-17
8869.99438 1.5536e-17
8871.52831 2.0747e-17
8873.06224 2.3171e-17
8874.59617 2.2709e-17
8876.1301 2.2505e-17
8877.66403 1.9153e-17
8879.19796 1.5224e-17
8880.73189 2.5451e-17
8882.26582 2.6159e-17
8883.79975 2.1445e-17
8885.33368 3.465e-17
8886.86761 2.5976e-17
8888.40154 1.1246e-17
8889.93547 1.769e-17
8891.4694 2.1152e-17
8893.00333 2.4537e-17
8894.53726 2.5144e-17
8896.07119 1.9599e-17
8897.60512 2.4111e-17
8899.13905 3.4997e-17
8900.67298 2.7263e-17
8902.20691 2.5371e-17
8903.74084 1.6307e-17
8905.27477 1.5016e-17
8906.8087 2.2984e-17
8908.34263 2.1956e-17
8909.87656 2.2991e-17
8911.41049 2.2493e-17
8912.94442 1.786e-17
8914.47835 3.5681e-17
8916.01228 2.8601e-17
8917.54621 2.4611e-17
8919.08014 3.9964e-17
8920.61407 2.5567e-17
8922.148 2.0077e-17
8923.68193 2.3416e-17
8925.21586 2.4548e-17
8926.74979 1.9928e-17
8928.28372 1.9663e-17
8929.81765 2.0439e-17
8931.35158 2.1504e-17
8932.88551 2.2538e-17
8934.41944 2.3174e-17
8935.95337 2.3261e-17
8937.4873 2.4352e-17
8939.02123 1.7753e-17
8940.55516 2.3892e-17
8942.08909 2.7834e-17
8943.62302 2.4779e-17
8945.15695 2.4589e-17
8946.69088 2.1609e-17
8948.22481 2.0173e-17
8949.75874 1.9137e-17
8951.29267 1.246e-17
8952.8266 2.7522e-17
8954.36053 2.8698e-17
8955.89446 1.9959e-17
8957.42839 2.0676e-17
8958.96232 1.9638e-17
8960.49625 1.6228e-17
8962.03018 2.0726e-17
8963.56411 2.6229e-17
8965.09804 2.5007e-17
8966.63197 2.1142e-17
8968.1659 2.259e-17
8969.69983 2.3735e-17
8971.23376 2.2684e-17
8972.76769 2.4069e-17
8974.30162 2.5854e-17
8975.83555 2.7557e-17
8977.36948 2.6817e-17
8978.90341 2.2923e-17
8980.43734 1.9256e-17
8981.97127 1.9287e-17
8983.5052 1.8474e-17
8985.03913 1.778e-17
8986.57306 1.8731e-17
8988.10699 2.2039e-17
8989.64092 2.7233e-17
8991.17485 3.0926e-17
8992.70878 3.1751e-17
8994.24271 2.3785e-17
8995.77664 2.8824e-17
8997.31057 3.7374e-17
8998.8445 2.0075e-17
9000.37843 7.7358e-18
9001.91236 1.9624e-17
9003.44629 1.9476e-17
9004.98022 1.9e-17
9006.51415 2.3682e-17
9008.04808 2.2972e-17
9009.58201 2.5256e-17
9011.11594 2.25e-17
9012.64987 1.9472e-17
9014.1838 1.8789e-17
9015.71773 2.1864e-17
9017.25166 2.5091e-17
9018.78559 2.5549e-17
9020.31952 2.0293e-17
9021.85345 1.6488e-17
9023.38738 1.8637e-17
9024.92131 2.2721e-17
9026.45524 2.3258e-17
9027.98917 2.5343e-17
9029.5231 2.6883e-17
9031.05703 2.1814e-17
9032.59096 2.3025e-17
9034.12489 2.5648e-17
9035.65882 2.1995e-17
9037.19275 1.9562e-17
9038.72668 2.0015e-17
9040.26061 1.6723e-17
9041.79454 1.4399e-17
9043.32847 2.1275e-17
9044.8624 2.5187e-17
9046.39633 2.0685e-17
9047.93026 2.3562e-17
9049.46419 2.0263e-17
9050.99812 1.8487e-17
9052.53205 1.8828e-17
9054.06598 1.849e-17
9055.59991 1.963e-17
9057.13384 1.9663e-17
9058.66777 2.161e-17
9060.2017 2.1597e-17
9061.73563 2.1187e-17
9063.26956 2.2872e-17
9064.80349 1.992e-17
9066.33742 1.4663e-17
9067.87135 1.3953e-17
9069.40528 1.8572e-17
9070.93921 2.3151e-17
9072.47314 1.7353e-17
9074.00707 1.4495e-17
9075.541 1.5442e-17
9077.07493 1.4214e-17
9078.60886 1.5964e-17
9080.14279 1.7697e-17
9081.67672 2.093e-17
9083.21065 1.8589e-17
9084.74458 1.7677e-17
9086.27851 2.12e-17
9087.81244 2.0041e-17
9089.34637 2.2741e-17
9090.8803 2.0044e-17
9092.41423 1.5714e-17
9093.94816 1.4779e-17
9095.48209 1.7071e-17
9097.01602 1.7535e-17
9098.54995 1.464e-17
9100.08388 1.6228e-17
9101.61781 1.7068e-17
9103.15174 1.9501e-17
9104.68567 1.9227e-17
9106.2196 1.9046e-17
9107.75353 2.2279e-17
9109.28746 2.1523e-17
9110.82139 1.7869e-17
9112.35532 1.8994e-17
9113.88925 1.761e-17
9115.42318 1.7746e-17
9116.95711 1.7997e-17
9118.49104 1.7391e-17
9120.02497 1.7795e-17
9121.5589 1.8268e-17
9123.09283 1.9211e-17
9124.62676 1.5771e-17
9126.16069 1.1703e-17
9127.69462 1.1146e-17
9129.22855 1.4524e-17
9130.76248 1.9198e-17
9132.29641 1.8949e-17
9133.83034 1.4501e-17
9135.36427 1.4185e-17
9136.8982 2.1078e-17
9138.43213 2.3466e-17
9139.96606 1.9165e-17
9141.49999 1.6851e-17
9143.03392 1.8867e-17
9144.56785 1.6952e-17
9146.10178 1.8794e-17
9147.63571 2.0024e-17
9149.16964 1.621e-17
9150.70357 1.4679e-17
9152.2375 1.7535e-17
9153.77143 2.0455e-17
9155.30536 2.0034e-17
9156.83929 2.3906e-17
9158.37322 1.8248e-17
9159.90715 1.4483e-17
9161.44108 1.6638e-17
9162.97501 1.7144e-17
9164.50894 1.7044e-17
9166.04287 1.686e-17
9167.5768 1.9057e-17
9169.11073 1.8279e-17
9170.64466 1.618e-17
9172.17859 1.6588e-17
9173.71252 1.8154e-17
9175.24645 1.9623e-17
9176.78038 1.9377e-17
9178.31431 1.8436e-17
9179.84824 1.8412e-17
9181.38217 1.8682e-17
9182.9161 1.9e-17
9184.45003 2.0448e-17
9185.98396 2.0354e-17
9187.51789 2.1457e-17
9189.05182 2.1384e-17
9190.58575 1.7396e-17
9192.11968 1.6243e-17
9193.65361 1.8655e-17
9195.18754 1.8551e-17
9196.72147 1.8563e-17
9198.2554 1.7166e-17
9199.78933 1.5693e-17
9201.32326 1.8003e-17
9202.85719 1.8328e-17
9204.39112 1.6811e-17
9205.92505 1.6114e-17
9207.45898 1.6655e-17
9208.99291 1.7685e-17
9210.52684 1.74e-17
9212.06077 1.3703e-17
9213.5947 1.0895e-17
9215.12863 1.665e-17
9216.66256 2.219e-17
9218.19649 2.4124e-17
9219.73042 2.0267e-17
9221.26435 1.537e-17
9222.79828 2.0081e-17
9224.33221 2.199e-17
9225.86614 1.9075e-17
9227.40007 1.4383e-17
9228.934 1.6568e-17
9230.46793 1.883e-17
9232.00186 1.5446e-17
9233.53579 1.6036e-17
9235.06972 1.5159e-17
9236.60365 1.8078e-17
9238.13758 1.5464e-17
9239.67151 1.6075e-17
9241.20544 1.9276e-17
9242.73937 1.6699e-17
9244.2733 1.7269e-17
9245.80723 1.7081e-17
9247.34116 2.0121e-17
9248.87509 1.9214e-17
9250.40902 2.0781e-17
9251.94295 2.1544e-17
9253.47688 1.5672e-17
9255.01081 1.479e-17
9256.54474 1.7103e-17
9258.07867 1.6467e-17
9259.6126 1.6936e-17
9261.14653 2.0064e-17
9262.68046 1.8651e-17
9264.21439 1.6942e-17
9265.74832 1.7267e-17
9267.28225 1.7881e-17
9268.81618 1.341e-17
9270.35011 1.5104e-17
9271.88404 1.693e-17
9273.41797 1.5029e-17
9274.9519 1.3298e-17
9276.48583 1.8336e-17
9278.01976 1.8906e-17
9279.55369 2.0642e-17
9281.08762 1.7479e-17
9282.62155 1.5952e-17
9284.15548 1.3274e-17
9285.68941 1.518e-17
9287.22334 2.5386e-17
9288.75727 2.5239e-17
9290.2912 1.6188e-17
9291.82513 1.1799e-17
9293.35906 1.6454e-17
9294.89299 2.0955e-17
9296.42692 2.1798e-17
9297.96085 1.4422e-17
9299.49478 1.4799e-17
9301.02871 2.8212e-17
9302.56264 2.4439e-17
9304.09657 1.5491e-17
9305.6305 1.8181e-17
9307.16443 1.7142e-17
9308.69836 3.1205e-17
9310.23229 4.4395e-17
9311.76622 2.6189e-17
9313.30015 9.876e-18
9314.83408 -2.0558e-18
9316.36801 6.834e-18
9317.90194 1.9632e-17
9319.43587 2.1132e-17
9320.9698 1.975e-17
9322.50373 1.5791e-17
9324.03766 1.7103e-17
9325.57159 1.5114e-17
9327.10552 1.8313e-17
9328.63945 9.5424e-18
9330.17338 -1.189e-18
9331.70731 6.8038e-18
9333.24124 2.5635e-17
9334.77517 2.1093e-17
9336.3091 1.3375e-17
9337.84303 1.5191e-17
9339.37696 9.6854e-18
9340.91089 9.0825e-18
9342.44482 1.246e-17
9343.97875 2.1475e-17
9345.51268 2.9952e-17
9347.04661 3.0819e-17
9348.58054 1.8884e-17
9350.11447 1.4967e-17
9351.6484 1.7776e-17
9353.18233 1.1961e-17
9354.71626 1.4321e-17
9356.25019 2.4801e-17
9357.78412 2.8461e-17
9359.31805 2.2362e-17
9360.85198 1.6548e-17
9362.38591 1.2588e-17
9363.91984 1.6397e-17
9365.45377 1.9331e-17
9366.9877 -4.413e-18
9368.52163 -2.612e-17
9370.05556 3.1436e-18
9371.58949 1.5511e-17
9373.12342 -6.4813e-18
9374.65735 1.9545e-17
9376.19128 1.575e-17
9377.72521 -1.4783e-17
9379.25914 2.7243e-18
9380.79307 1.8061e-17
9382.327 1.6639e-17
9383.86093 2.0451e-17
9385.39486 2.215e-17
9386.92879 2.1702e-17
9388.46272 1.6933e-17
9389.99665 1.3604e-17
9391.53058 1.7655e-17
9393.06451 1.7599e-17
9394.59844 1.659e-17
9396.13237 1.376e-17
9397.6663 9.6857e-18
9399.20023 1.2147e-17
9400.73416 1.8577e-17
9402.26809 1.9174e-17
9403.80202 1.3974e-17
9405.33595 1.0721e-17
9406.86988 1.1499e-17
9408.40381 8.4147e-18
9409.93774 8.187e-18
9411.47167 9.559e-18
9413.0056 8.7101e-18
9414.53953 1.2928e-17
9416.07346 1.9996e-17
9417.60739 1.4483e-17
9419.14132 1.2411e-17
9420.67525 7.4767e-18
9422.20918 4.5771e-18
9423.74311 2.3376e-18
9425.27704 3.2051e-18
9426.81097 7.1272e-18
9428.3449 1.8459e-17
9429.87883 1.9403e-17
9431.41276 1.5392e-17
9432.94669 1.0372e-17
9434.48062 7.6648e-18
9436.01455 2.6874e-18
9437.54848 1.0875e-17
9439.08241 9.9817e-18
9440.61634 1.3767e-17
9442.15027 -1.8504e-18
9443.6842 7.583e-18
9445.21813 1.7018e-17
9446.75206 1.4288e-17
9448.28599 1.1753e-17
9449.81992 8.7845e-18
9451.35385 6.7367e-18
9452.88778 5.9797e-18
9454.42171 9.6102e-18
9455.95564 1.6532e-18
9457.48957 1.4274e-17
9459.0235 1.723e-17
9460.55743 6.8739e-18
9462.09136 1.3025e-17
9463.62529 1.3629e-17
9465.15922 9.0942e-18
9466.69315 1.0914e-17
9468.22708 1.3523e-17
9469.76101 6.3652e-18
9471.29494 1.1749e-17
9472.82887 2.6986e-17
9474.3628 1.7234e-17
9475.89673 1.6307e-17
9477.43066 1.8884e-18
9478.96459 -9.8938e-19
9480.49852 1.1126e-17
9482.03245 1.9316e-17
9483.56638 2.327e-17
9485.10031 1.6893e-17
9486.63424 1.1453e-17
9488.16817 1.1944e-17
9489.7021 9.4876e-18
9491.23603 8.3146e-18
9492.76996 9.0427e-18
9494.30389 7.323e-18
9495.83782 -1.9775e-18
9497.37175 3.0741e-18
9498.90568 1.9516e-17
9500.43961 2.6143e-17
9501.97354 1.9561e-17
9503.50747 2.0615e-17
9505.0414 1.2498e-17
9506.57533 6.3349e-18
9508.10926 6.7791e-18
9509.64319 9.5571e-18
9511.17712 1.1595e-17
9512.71105 9.5157e-18
9514.24498 5.8166e-18
9515.77891 8.3358e-18
9517.31284 1.4087e-17
9518.84677 1.3494e-17
9520.3807 1.3421e-17
9521.91463 2.0051e-17
9523.44856 1.3964e-17
9524.98249 1.3227e-17
9526.51642 8.2553e-18
9528.05035 7.3171e-18
9529.58428 1.3158e-17
9531.11821 1.9646e-17
9532.65214 2.0461e-17
9534.18607 1.2845e-17
9535.72 1.1753e-17
9537.25393 1.1941e-17
9538.78786 1.1294e-17
9540.32179 1.2231e-17
9541.85572 1.1701e-17
9543.38965 1.2252e-17
9544.92358 1.3342e-17
9546.45751 1.5216e-17
9547.99144 1.9462e-17
9549.52537 1.7256e-17
9551.0593 1.105e-17
9552.59323 1.3516e-17
9554.12716 1.5343e-17
9555.66109 1.1201e-17
9557.19502 1.3617e-17
9558.72895 1.5465e-17
9560.26288 1.4541e-17
9561.79681 2.0858e-17
9563.33074 2.1119e-17
9564.86467 2.4035e-17
9566.3986 1.7297e-17
9567.93253 7.7758e-18
9569.46646 1.322e-17
9571.00039 1.028e-17
9572.53432 1.7263e-17
9574.06825 1.7578e-17
9575.60218 1.1718e-17
9577.13611 8.3021e-18
9578.67004 1.0813e-17
9580.20397 1.3197e-17
9581.7379 1.3797e-17
9583.27183 1.3136e-17
9584.80576 1.2108e-17
9586.33969 1.1898e-17
9587.87362 1.0837e-17
9589.40755 1.1374e-17
9590.94148 1.5699e-17
9592.47541 1.8696e-17
9594.00934 1.9043e-17
9595.54327 1.9697e-17
9597.0772 1.7505e-17
9598.61113 1.5461e-17
9600.14506 1.6242e-17
9601.67899 1.6304e-17
9603.21292 1.8098e-17
9604.74685 1.8028e-17
9606.28078 1.3638e-17
9607.81471 1.4246e-17
9609.34864 1.7171e-17
9610.88257 1.4884e-17
9612.4165 1.963e-17
9613.95043 1.834e-17
9615.48436 1.5738e-17
9617.01829 1.9566e-17
9618.55222 1.0482e-17
9620.08615 9.0562e-19
9621.62008 1.7599e-17
9623.15401 1.4178e-17
9624.68794 9.398e-18
9626.22187 1.9369e-17
9627.7558 2.6949e-17
9629.28973 2.0227e-17
9630.82366 1.9233e-17
9632.35759 1.5914e-17
9633.89152 1.6144e-17
9635.42545 1.8551e-17
9636.95938 1.7028e-17
9638.49331 1.7884e-17
9640.02724 1.8681e-17
9641.56117 1.2528e-17
9643.0951 1.8618e-17
9644.62903 1.4154e-17
9646.16296 1.9806e-17
9647.69689 2.1005e-17
9649.23082 1.882e-17
9650.76475 1.4992e-17
9652.29868 1.694e-17
9653.83261 1.8369e-17
9655.36654 1.9406e-17
9656.90047 2.1157e-17
9658.4344 1.2705e-17
9659.96833 1.2088e-17
9661.50226 1.9472e-17
9663.03619 3.1115e-17
9664.57012 3.4496e-17
9666.10405 2.5396e-17
9667.63798 1.8433e-17
9669.17191 2.0024e-17
9670.70584 2.649e-17
9672.23977 3.1405e-17
9673.7737 1.9936e-17
9675.30763 1.7866e-17
9676.84156 1.8824e-17
9678.37549 2.1372e-17
9679.90942 2.7295e-17
9681.44335 1.618e-17
9682.97728 1.8547e-17
9684.51121 1.9382e-17
9686.04514 2.3334e-17
9687.57907 2.2953e-17
9689.113 1.8919e-17
9690.64693 2.1153e-17
9692.18086 2.3674e-17
9693.71479 2.4475e-17
9695.24872 2.817e-17
9696.78265 2.884e-17
9698.31658 3.2722e-17
9699.85051 2.7563e-17
9701.38444 2.1044e-17
9702.91837 1.8898e-17
9704.4523 1.6181e-17
9705.98623 2.1212e-17
9707.52016 2.7623e-17
9709.05409 1.8336e-17
9710.58802 2.4466e-17
9712.12195 2.6714e-17
9713.65588 2.7135e-17
9715.18981 5.4991e-17
9716.72374 4.3896e-17
9718.25767 2.9993e-17
9719.7916 2.5073e-17
9721.32553 1.1489e-17
9722.85946 1.164e-17
9724.39339 2.0265e-17
9725.92732 2.45e-17
9727.46125 2.3711e-17
9728.99518 1.9e-17
9730.52911 1.9284e-17
9732.06304 1.762e-17
9733.59697 2.5456e-17
9735.1309 2.7034e-17
9736.66483 2.1046e-17
9738.19876 1.5615e-17
9739.73269 1.0481e-17
9741.26662 1.6224e-17
9742.80055 1.8535e-17
9744.33448 2.2202e-17
9745.86841 2.3755e-17
9747.40234 2.1026e-17
9748.93627 2.1479e-17
9750.4702 2.0926e-17
9752.00413 2.2096e-17
9753.53806 2.1355e-17
9755.07199 2.0824e-17
9756.60592 2.3305e-17
9758.13985 1.4804e-17
9759.67378 1.4105e-17
9761.20771 2.2943e-17
9762.74164 2.2451e-17
9764.27557 2.7928e-17
9765.8095 3.0031e-17
9767.34343 2.7965e-17
9768.87736 2.7446e-17
9770.41129 2.7452e-17
9771.94522 2.5603e-17
9773.47915 2.4881e-17
9775.01308 3.34e-17
9776.54701 3.3455e-17
9778.08094 2.5594e-17
9779.61487 2.1529e-17
9781.1488 2.1796e-17
9782.68273 2.748e-17
9784.21666 2.0819e-17
9785.75059 2.9809e-17
9787.28452 1.5742e-16
9788.81845 1.6597e-16
9790.35238 4.9208e-17
9791.88631 7.6523e-18
9793.42024 1.9377e-17
9794.95417 1.8256e-17
9796.4881 2.2254e-17
9798.02203 1.4844e-17
9799.55596 1.5799e-17
9801.08989 2.0395e-17
9802.62382 2.5302e-17
9804.15775 3.8224e-17
9805.69168 3.6528e-17
9807.22561 2.7436e-17
9808.75954 2.3172e-17
9810.29347 1.5356e-17
9811.8274 1.7365e-17
9813.36133 2.5493e-17
9814.89526 2.9179e-17
9816.42919 2.4671e-17
9817.96312 3.0406e-17
9819.49705 3.2639e-17
9821.03098 3.022e-17
9822.56491 2.8519e-17
9824.09884 2.4398e-17
9825.63277 2.0102e-17
9827.1667 1.9043e-17
9828.70063 2.1478e-17
9830.23456 2.3182e-17
9831.76849 2.4482e-17
9833.30242 2.5993e-17
9834.83635 2.8281e-17
9836.37028 2.8653e-17
9837.90421 2.985e-17
9839.43814 2.9752e-17
9840.97207 3.0829e-17
9842.506 3.2741e-17
9844.03993 2.5425e-17
9845.57386 2.0141e-17
9847.10779 2.425e-17
9848.64172 2.6794e-17
9850.17565 2.7385e-17
9851.70958 2.6036e-17
9853.24351 2.6118e-17
9854.77744 2.4858e-17
9856.31137 2.7644e-17
9857.8453 2.5735e-17
9859.37923 2.9593e-17
9860.91316 2.9966e-17
9862.44709 2.3445e-17
9863.98102 2.0776e-17
9865.51495 2.1805e-17
9867.04888 4.9916e-17
9868.58281 4.2067e-17
9870.11674 2.5391e-17
9871.65067 3.4208e-17
9873.1846 2.5988e-17
9874.71853 1.3146e-17
9876.25246 1.2948e-17
9877.78639 2.1503e-17
9879.32032 2.5203e-17
9880.85425 3.0125e-17
9882.38818 3.7357e-17
9883.92211 2.6659e-17
9885.45604 3.7106e-17
9886.98997 3.1473e-17
9888.5239 3.095e-17
9890.05783 3.6115e-17
9891.59176 1.7423e-17
9893.12569 2.2007e-17
9894.65962 3.0232e-17
9896.19355 1.9981e-17
9897.72748 2.5166e-17
9899.26141 2.9454e-17
9900.79534 3.1689e-17
9902.32927 2.7468e-17
9903.8632 2.8551e-17
9905.39713 2.3168e-17
9906.93106 2.6293e-17
9908.46499 2.4398e-17
9909.99892 2.8566e-17
9911.53285 4.4057e-17
9913.06678 4.2063e-17
9914.60071 2.9631e-17
9916.13464 1.3976e-17
9917.66857 1.0604e-17
9919.2025 2.0621e-17
9920.73643 2.4341e-17
9922.27036 2.3403e-17
9923.80429 2.7251e-17
9925.33822 2.786e-17
9926.87215 2.1034e-17
9928.40608 2.4476e-17
9929.94001 3.2607e-17
9931.47394 3.1527e-17
9933.00787 3.1636e-17
9934.5418 2.4609e-17
9936.07573 2.2575e-17
9937.60966 3.2139e-17
9939.14359 2.5839e-17
9940.67752 1.9757e-17
9942.21145 3.2372e-17
9943.74538 2.6733e-17
9945.27931 3.0949e-17
9946.81324 3.8427e-17
9948.34717 1.6581e-17
9949.8811 2.5833e-18
9951.41503 1.654e-17
9952.94896 2.0509e-17
9954.48289 1.8606e-17
9956.01682 7.9533e-18
9957.55075 4.5141e-18
9959.08468 2.9892e-17
9960.61861 2.324e-17
9962.15254 9.075e-18
9963.68647 1.5709e-17
9965.2204 1.834e-17
9966.75433 1.8658e-17
9968.28826 1.3144e-17
9969.82219 1.6083e-17
9971.35612 2.6503e-17
9972.89005 3.1077e-17
9974.42398 2.9102e-17
9975.95791 2.3706e-17
9977.49184 2.0927e-17
9979.02577 2.6937e-17
9980.5597 2.7364e-17
9982.09363 2.6841e-17
9983.62756 2.606e-17
9985.16149 1.7762e-17
9986.69542 1.4954e-17
9988.22935 2.2743e-17
9989.76328 2.8424e-17
9991.29721 2.6492e-17
9992.83114 2.4065e-17
9994.36507 2.3814e-17
9995.899 2.1776e-17
9997.43293 1.8174e-17
9998.96686 1.1629e-17
10000.50079 1.6668e-17
