# DICHROIC = D55
# HA = +04:28:07.5
# ANGLE = 27 deg 17 min
# OBSERVER = Lin Yan
# OBSLST = 16:45:10.2
# OBJECT = ZTF18abcyilc
# CASSPA = 95.00
# PARALLAC = 97.45
# HOURANG = W04:28:07.5
# CCDTEMP = 161.77
# LAMPS = 0000000
# RA = 12:16:13.18
# GRATING = 600/4000
# APERTURE = 1.5
# TELFOCUS = 39.53 mm
# AIRMASS = 1.582
# DEC = +68:33:27.0
# UTSHUT = 2018-07-17T04:52:45.009
# EXPTIME = 900
3500.000 1.4649e-17
3501.525 6.0926e-17
3503.050 4.7799e-17
3504.575 -9.1555e-18
3506.100 1.6976e-17
3507.625 -8.1397e-20
3509.150 -1.0652e-17
3510.675 -2.5557e-19
3512.200 7.8429e-18
3513.725 2.0172e-17
3515.250 -1.2586e-18
3516.775 3.6172e-17
3518.300 2.9986e-17
3519.825 3.8263e-17
3521.350 5.3208e-17
3522.875 1.3841e-17
3524.400 4.5855e-17
3525.925 3.1743e-17
3527.450 -6.617e-19
3528.975 2.1736e-17
3530.500 2.8242e-17
3532.025 -1.0955e-17
3533.550 -1.4817e-17
3535.075 1.573e-17
3536.600 2.0675e-17
3538.125 4.0566e-17
3539.650 6.7403e-17
3541.175 1.4821e-18
3542.700 2.1838e-17
3544.225 1.2587e-17
3545.750 3.005e-17
3547.275 3.2201e-17
3548.800 5.0333e-17
3550.325 2.8196e-17
3551.850 3.0283e-17
3553.375 1.6718e-17
3554.900 5.4461e-19
3556.425 3.2222e-17
3557.950 2.2048e-17
3559.475 5.4269e-18
3561.000 3.4806e-17
3562.525 2.7648e-17
3564.050 7.9273e-18
3565.575 2.1624e-17
3567.100 1.9476e-18
3568.625 2.9201e-17
3570.150 2.0343e-17
3571.675 4.1564e-17
3573.200 2.9999e-17
3574.725 3.6813e-17
3576.250 3.143e-17
3577.775 1.7366e-17
3579.300 1.957e-17
3580.825 1.0969e-17
3582.350 1.6616e-17
3583.875 3.3639e-17
3585.400 4.3509e-17
3586.925 2.5556e-17
3588.450 2.6212e-17
3589.975 6.5704e-17
3591.500 3.0016e-17
3593.025 2.3909e-18
3594.550 6.237e-18
3596.075 2.5901e-17
3597.600 -3.1107e-18
3599.125 5.5155e-17
3600.650 2.6945e-17
3602.175 2.5109e-17
3603.700 5.0836e-17
3605.225 2.9422e-17
3606.750 2.3419e-17
3608.275 1.503e-17
3609.800 3.8367e-17
3611.325 2.4233e-17
3612.850 6.7572e-19
3614.375 4.6028e-17
3615.900 2.0526e-17
3617.425 -1.478e-17
3618.950 3.4664e-18
3620.475 -4.5579e-18
3622.000 7.2152e-18
3623.525 2.2394e-17
3625.050 3.0892e-17
3626.575 1.103e-17
3628.100 1.6331e-17
3629.625 2.5863e-17
3631.150 6.297e-18
3632.675 2.2579e-17
3634.200 3.7612e-17
3635.725 4.6159e-17
3637.250 3.1109e-17
3638.775 1.2963e-17
3640.300 3.597e-17
3641.825 2.3383e-17
3643.350 6.2383e-18
3644.875 3.7062e-17
3646.400 4.0136e-17
3647.925 9.4523e-18
3649.450 1.0719e-18
3650.975 -8.6401e-18
3652.500 1.7286e-17
3654.025 1.394e-17
3655.550 6.6649e-18
3657.075 3.2512e-18
3658.600 3.7595e-17
3660.125 2.354e-17
3661.650 5.3405e-17
3663.175 5.4543e-17
3664.700 -1.0369e-17
3666.225 6.1925e-18
3667.750 2.6737e-17
3669.275 2.2667e-17
3670.800 4.9489e-17
3672.325 3.8432e-17
3673.850 4.1803e-17
3675.375 3.5958e-17
3676.900 2.1983e-17
3678.425 2.9551e-17
3679.950 4.3073e-17
3681.475 4.5258e-17
3683.000 1.4041e-17
3684.525 1.7473e-17
3686.050 4.409e-18
3687.575 1.0683e-17
3689.100 2.9586e-17
3690.625 1.7677e-17
3692.150 1.3539e-17
3693.675 3.1729e-17
3695.200 2.2206e-17
3696.725 3.7026e-17
3698.250 2.6059e-17
3699.775 2.5273e-18
3701.300 1.5681e-17
3702.825 1.819e-17
3704.350 3.8699e-17
3705.875 1.2469e-17
3707.400 1.0906e-17
3708.925 1.9875e-17
3710.450 3.8911e-17
3711.975 4.5849e-19
3713.500 -1.2756e-17
3715.025 -9.8862e-18
3716.550 3.2298e-17
3718.075 1.4174e-17
3719.600 3.9384e-17
3721.125 3.4855e-17
3722.650 3.5878e-17
3724.175 2.6413e-17
3725.700 1.9586e-17
3727.225 1.8237e-17
3728.750 2.8465e-18
3730.275 1.0733e-17
3731.800 4.5421e-17
3733.325 2.4372e-17
3734.850 2.2575e-17
3736.375 1.7632e-17
3737.900 -4.8784e-18
3739.425 2.2931e-17
3740.950 4.0162e-17
3742.475 6.1002e-17
3744.000 3.2047e-17
3745.525 3.4398e-17
3747.050 4.3352e-17
3748.575 1.2783e-17
3750.100 1.4139e-17
3751.625 3.7983e-17
3753.150 9.6877e-18
3754.675 5.4105e-18
3756.200 2.051e-17
3757.725 5.3169e-17
3759.250 2.8481e-17
3760.775 1.3968e-17
3762.300 3.9134e-17
3763.825 2.8899e-17
3765.350 2.2349e-17
3766.875 1.4231e-17
3768.400 1.2442e-17
3769.925 3.1952e-17
3771.450 1.9469e-17
3772.975 5.4062e-18
3774.500 1.5547e-17
3776.025 3.6094e-17
3777.550 2.3415e-17
3779.075 2.121e-17
3780.600 2.3143e-17
3782.125 2.2698e-17
3783.650 1.8099e-17
3785.175 8.5476e-18
3786.700 1.9766e-17
3788.225 2.5663e-17
3789.750 2.0248e-17
3791.275 2.5621e-17
3792.800 4.2788e-17
3794.325 4.0514e-17
3795.850 2.1333e-17
3797.375 3.4349e-17
3798.900 3.3282e-17
3800.425 2.3941e-17
3801.950 1.0002e-17
3803.475 1.026e-17
3805.000 3.7577e-17
3806.525 2.8196e-17
3808.050 3.171e-17
3809.575 3.6632e-17
3811.100 3.9123e-17
3812.625 3.4537e-17
3814.150 4.8212e-17
3815.675 5.6859e-17
3817.200 1.3845e-17
3818.725 2.8891e-17
3820.250 3.7456e-17
3821.775 2.3034e-17
3823.300 2.8314e-17
3824.825 3.285e-17
3826.350 2.4986e-17
3827.875 3.532e-17
3829.400 5.5245e-17
3830.925 3.9123e-17
3832.450 3.1434e-17
3833.975 3.8201e-17
3835.500 1.6446e-17
3837.025 2.4624e-17
3838.550 1.606e-17
3840.075 1.571e-17
3841.600 2.3419e-17
3843.125 1.8983e-17
3844.650 2.8389e-18
3846.175 2.0336e-17
3847.700 2.7354e-17
3849.225 4.1444e-17
3850.750 2.8986e-17
3852.275 2.2715e-17
3853.800 2.1897e-17
3855.325 3.2688e-17
3856.850 2.0496e-17
3858.375 2.3169e-17
3859.900 2.006e-17
3861.425 4.1538e-17
3862.950 4.5537e-17
3864.475 4.6564e-17
3866.000 3.6445e-17
3867.525 2.1892e-17
3869.050 2.1838e-17
3870.575 3.0285e-17
3872.100 2.4738e-17
3873.625 3.9198e-17
3875.150 3.0954e-17
3876.675 3.5389e-17
3878.200 3.1735e-17
3879.725 4.248e-17
3881.250 4.1743e-17
3882.775 3.9798e-17
3884.300 4.1102e-17
3885.825 2.991e-17
3887.350 2.846e-17
3888.875 2.784e-17
3890.400 2.4332e-17
3891.925 2.4778e-17
3893.450 2.8567e-17
3894.975 4.0644e-17
3896.500 2.2861e-17
3898.025 3.7085e-17
3899.550 3.1132e-17
3901.075 3.542e-17
3902.600 4.1038e-17
3904.125 4.6306e-17
3905.650 3.8708e-17
3907.175 3.9528e-17
3908.700 3.1268e-17
3910.225 2.3448e-17
3911.750 2.9151e-17
3913.275 4.2687e-17
3914.800 2.9435e-17
3916.325 3.1735e-17
3917.850 4.4553e-17
3919.375 2.7401e-17
3920.900 3.7248e-17
3922.425 3.7144e-17
3923.950 4.7635e-17
3925.475 2.7722e-17
3927.000 2.5579e-17
3928.525 4.5039e-17
3930.050 2.9043e-17
3931.575 2.2242e-17
3933.100 3.1479e-17
3934.625 4.1723e-17
3936.150 4.1095e-17
3937.675 3.2578e-17
3939.200 3.6725e-17
3940.725 3.7221e-17
3942.250 3.6819e-17
3943.775 4.8253e-17
3945.300 4.4337e-17
3946.825 3.5237e-17
3948.350 3.4383e-17
3949.875 3.5867e-17
3951.400 2.7665e-17
3952.925 5.6298e-17
3954.450 7.9752e-17
3955.975 8.7962e-17
3957.500 8.2846e-17
3959.025 6.1549e-17
3960.550 3.9586e-17
3962.075 4.4108e-17
3963.600 3.6781e-17
3965.125 1.8109e-17
3966.650 4.0402e-17
3968.175 6.4066e-17
3969.700 4.9467e-17
3971.225 3.8947e-17
3972.750 4.3406e-17
3974.275 3.6876e-17
3975.800 4.3987e-17
3977.325 4.0858e-17
3978.850 3.7988e-17
3980.375 2.1587e-17
3981.900 2.289e-17
3983.425 3.4139e-17
3984.950 4.8545e-17
3986.475 4.3569e-17
3988.000 1.8958e-17
3989.525 4.5442e-17
3991.050 5.9761e-17
3992.575 5.1494e-17
3994.100 3.4759e-17
3995.625 3.2535e-17
3997.150 3.7999e-17
3998.675 5.0636e-17
4000.200 2.6655e-17
4001.725 2.4853e-17
4003.250 2.165e-17
4004.775 3.6579e-17
4006.300 3.8717e-17
4007.825 2.6823e-17
4009.350 3.0004e-17
4010.875 3.4723e-17
4012.400 3.7817e-17
4013.925 4.7608e-17
4015.450 4.7669e-17
4016.975 6.3402e-17
4018.500 3.7084e-17
4020.025 3.4082e-17
4021.550 4.1411e-17
4023.075 4.2053e-17
4024.600 5.9969e-17
4026.125 4.1784e-17
4027.650 3.943e-17
4029.175 3.3242e-17
4030.700 5.149e-17
4032.225 4.8709e-17
4033.750 2.9345e-17
4035.275 3.1198e-17
4036.800 5.1794e-17
4038.325 3.2796e-17
4039.850 2.6111e-17
4041.375 2.8872e-17
4042.900 2.2436e-17
4044.425 2.4656e-17
4045.950 4.0158e-17
4047.475 6.3825e-17
4049.000 2.5188e-17
4050.525 2.8286e-17
4052.050 3.5796e-17
4053.575 3.1594e-17
4055.100 1.7035e-17
4056.625 2.2165e-17
4058.150 3.053e-17
4059.675 3.1125e-17
4061.200 3.2711e-17
4062.725 2.5216e-17
4064.250 2.9694e-17
4065.775 3.332e-17
4067.300 2.9211e-17
4068.825 8.7573e-18
4070.350 2.954e-17
4071.875 4.4606e-17
4073.400 3.5354e-17
4074.925 4.7926e-17
4076.450 3.3619e-17
4077.975 5.1054e-17
4079.500 4.084e-17
4081.025 3.9918e-17
4082.550 2.6534e-17
4084.075 3.9706e-17
4085.600 3.2294e-17
4087.125 3.3352e-17
4088.650 2.8622e-17
4090.175 3.8105e-17
4091.700 5.1897e-17
4093.225 4.166e-17
4094.750 3.1013e-17
4096.275 4.5014e-17
4097.800 4.3486e-17
4099.325 3.7116e-17
4100.850 2.8949e-17
4102.375 3.607e-17
4103.900 3.5459e-17
4105.425 3.098e-17
4106.950 4.1759e-17
4108.475 2.9156e-17
4110.000 3.3582e-17
4111.525 3.6137e-17
4113.050 3.4878e-17
4114.575 4.5045e-17
4116.100 4.7064e-17
4117.625 3.9914e-17
4119.150 4.4558e-17
4120.675 4.3026e-17
4122.200 2.7815e-17
4123.725 3.1676e-17
4125.250 3.264e-17
4126.775 2.803e-17
4128.300 4.2577e-17
4129.825 5.4112e-17
4131.350 4.6288e-17
4132.875 2.0779e-17
4134.400 3.7367e-17
4135.925 2.205e-17
4137.450 4.7092e-17
4138.975 3.9963e-17
4140.500 4.5704e-17
4142.025 4.188e-17
4143.550 3.8702e-17
4145.075 5.0399e-17
4146.600 4.9413e-17
4148.125 3.3699e-17
4149.650 3.9877e-17
4151.175 5.0852e-17
4152.700 3.9176e-17
4154.225 4.1099e-17
4155.750 4.8196e-17
4157.275 4.4869e-17
4158.800 5.7177e-17
4160.325 3.6021e-17
4161.850 5.3406e-17
4163.375 5.8357e-17
4164.900 4.1153e-17
4166.425 4.0435e-17
4167.950 4.1984e-17
4169.475 4.776e-17
4171.000 5.4032e-17
4172.525 4.4397e-17
4174.050 4.2337e-17
4175.575 3.0942e-17
4177.100 4.1006e-17
4178.625 4.4497e-17
4180.150 5.4257e-17
4181.675 5.7108e-17
4183.200 4.3944e-17
4184.725 5.2926e-17
4186.250 4.6066e-17
4187.775 4.8561e-17
4189.300 4.0752e-17
4190.825 3.2477e-17
4192.350 4.8394e-17
4193.875 3.5547e-17
4195.400 4.4737e-17
4196.925 4.0495e-17
4198.450 4.0085e-17
4199.975 4.6823e-17
4201.500 5.345e-17
4203.025 4.6228e-17
4204.550 3.2305e-17
4206.075 3.6553e-17
4207.600 3.659e-17
4209.125 2.9676e-17
4210.650 3.5911e-17
4212.175 3.1379e-17
4213.700 3.6103e-17
4215.225 3.3092e-17
4216.750 4.3661e-17
4218.275 5.8625e-17
4219.800 4.8682e-17
4221.325 4.8781e-17
4222.850 5.6614e-17
4224.375 4.8971e-17
4225.900 4.1359e-17
4227.425 3.2283e-17
4228.950 5.5077e-17
4230.475 5.6909e-17
4232.000 5.2476e-17
4233.525 4.396e-17
4235.050 3.5444e-17
4236.575 5.3359e-17
4238.100 5.4508e-17
4239.625 6.0955e-17
4241.150 5.2999e-17
4242.675 2.8873e-17
4244.200 4.5334e-17
4245.725 4.8308e-17
4247.250 6.9384e-17
4248.775 4.4854e-17
4250.300 5.7609e-17
4251.825 6.6151e-17
4253.350 5.7969e-17
4254.875 5.2985e-17
4256.400 4.537e-17
4257.925 4.5537e-17
4259.450 5.3901e-17
4260.975 4.6687e-17
4262.500 5.0573e-17
4264.025 3.6775e-17
4265.550 3.5913e-17
4267.075 5.2661e-17
4268.600 6.1632e-17
4270.125 6.7564e-17
4271.650 5.653e-17
4273.175 5.5384e-17
4274.700 6.1675e-17
4276.225 4.7189e-17
4277.750 5.2979e-17
4279.275 7.442e-17
4280.800 6.5887e-17
4282.325 4.4008e-17
4283.850 4.9641e-17
4285.375 3.3322e-17
4286.900 5.0376e-17
4288.425 4.5365e-17
4289.950 3.3854e-17
4291.475 4.2443e-17
4293.000 4.4479e-17
4294.525 5.6439e-17
4296.050 5.2792e-17
4297.575 5.1649e-17
4299.100 6.0119e-17
4300.625 5.6581e-17
4302.150 4.1455e-17
4303.675 4.2465e-17
4305.200 5.5278e-17
4306.725 5.905e-17
4308.250 5.4047e-17
4309.775 5.7027e-17
4311.300 5.2654e-17
4312.825 3.6207e-17
4314.350 4.5159e-17
4315.875 5.2576e-17
4317.400 4.3377e-17
4318.925 5.6861e-17
4320.450 4.2759e-17
4321.975 2.9439e-17
4323.500 4.417e-17
4325.025 4.542e-17
4326.550 4.6305e-17
4328.075 4.6771e-17
4329.600 3.8752e-17
4331.125 4.4411e-17
4332.650 4.8239e-17
4334.175 4.516e-17
4335.700 4.1256e-17
4337.225 5.2754e-17
4338.750 5.5103e-17
4340.275 4.9558e-17
4341.800 3.7352e-17
4343.325 4.4091e-17
4344.850 3.3868e-17
4346.375 5.0587e-17
4347.900 3.981e-17
4349.425 3.8684e-17
4350.950 4.4964e-17
4352.475 4.1296e-17
4354.000 2.4508e-17
4355.525 1.5706e-17
4357.050 8.5834e-17
4358.575 7.6142e-17
4360.100 8.2751e-17
4361.625 3.7871e-17
4363.150 3.5855e-17
4364.675 4.3932e-17
4366.200 3.886e-17
4367.725 4.0081e-17
4369.250 4.9114e-17
4370.775 5.9004e-17
4372.300 6.6321e-17
4373.825 5.0566e-17
4375.350 4.5845e-17
4376.875 4.4086e-17
4378.400 5.1463e-17
4379.925 5.6771e-17
4381.450 5.0728e-17
4382.975 5.6848e-17
4384.500 4.4903e-17
4386.025 4.5729e-17
4387.550 5.7895e-17
4389.075 4.6448e-17
4390.600 4.4035e-17
4392.125 3.341e-17
4393.650 3.9664e-17
4395.175 7.293e-17
4396.700 7.0596e-17
4398.225 5.0089e-17
4399.750 5.4895e-17
4401.275 5.2819e-17
4402.800 4.1917e-17
4404.325 5.4812e-17
4405.850 5.8317e-17
4407.375 4.5804e-17
4408.900 5.309e-17
4410.425 6.0315e-17
4411.950 5.6327e-17
4413.475 5.4989e-17
4415.000 5.4775e-17
4416.525 2.6046e-17
4418.050 5.9168e-17
4419.575 6.0035e-17
4421.100 5.3473e-17
4422.625 3.6566e-17
4424.150 6.0593e-17
4425.675 4.8159e-17
4427.200 4.5629e-17
4428.725 7.0749e-17
4430.250 4.6287e-17
4431.775 4.0656e-17
4433.300 3.4684e-17
4434.825 4.2368e-17
4436.350 4.237e-17
4437.875 3.8767e-17
4439.400 3.0665e-17
4440.925 4.1199e-17
4442.450 5.2056e-17
4443.975 6.0898e-17
4445.500 6.4417e-17
4447.025 5.5392e-17
4448.550 4.152e-17
4450.075 5.325e-17
4451.600 5.6212e-17
4453.125 6.747e-17
4454.650 6.5884e-17
4456.175 6.9938e-17
4457.700 4.1689e-17
4459.225 5.7585e-17
4460.750 5.992e-17
4462.275 6.1506e-17
4463.800 5.7966e-17
4465.325 5.9337e-17
4466.850 4.399e-17
4468.375 5.3839e-17
4469.900 3.9942e-17
4471.425 3.7273e-17
4472.950 4.7902e-17
4474.475 7.1767e-17
4476.000 6.107e-17
4477.525 6.1481e-17
4479.050 4.4773e-17
4480.575 5.3307e-17
4482.100 5.0864e-17
4483.625 4.1116e-17
4485.150 5.5656e-17
4486.675 5.1497e-17
4488.200 5.3705e-17
4489.725 5.2663e-17
4491.250 4.6254e-17
4492.775 5.0843e-17
4494.300 5.5568e-17
4495.825 6.59e-17
4497.350 6.2245e-17
4498.875 5.5211e-17
4500.400 5.4154e-17
4501.925 6.1051e-17
4503.450 6.5792e-17
4504.975 5.8374e-17
4506.500 5.6631e-17
4508.025 6.2932e-17
4509.550 5.9218e-17
4511.075 6.1933e-17
4512.600 5.4967e-17
4514.125 4.4584e-17
4515.650 6.1514e-17
4517.175 5.9954e-17
4518.700 5.7508e-17
4520.225 6.2225e-17
4521.750 3.5578e-17
4523.275 5.1535e-17
4524.800 7.5626e-17
4526.325 6.5662e-17
4527.850 6.5466e-17
4529.375 6.0779e-17
4530.900 5.9496e-17
4532.425 5.7195e-17
4533.950 3.9143e-17
4535.475 4.9364e-17
4537.000 6.1172e-17
4538.525 5.6495e-17
4540.050 4.8437e-17
4541.575 6.5388e-17
4543.100 5.19e-17
4544.625 4.6831e-17
4546.150 5.5073e-17
4547.675 5.1129e-17
4549.200 2.846e-17
4550.725 4.5434e-17
4552.250 4.6408e-17
4553.775 5.1877e-17
4555.300 6.0664e-17
4556.825 5.4921e-17
4558.350 4.8754e-17
4559.875 5.1369e-17
4561.400 4.7902e-17
4562.925 3.4862e-17
4564.450 4.0687e-17
4565.975 5.7268e-17
4567.500 5.613e-17
4569.025 5.0975e-17
4570.550 5.594e-17
4572.075 5.5598e-17
4573.600 5.5509e-17
4575.125 4.8246e-17
4576.650 4.721e-17
4578.175 5.809e-17
4579.700 6.471e-17
4581.225 3.6362e-17
4582.750 4.4193e-17
4584.275 5.7714e-17
4585.800 5.9933e-17
4587.325 4.1223e-17
4588.850 4.8787e-17
4590.375 5.7385e-17
4591.900 4.9358e-17
4593.425 4.6379e-17
4594.950 4.858e-17
4596.475 3.2985e-17
4598.000 5.3889e-17
4599.525 5.1594e-17
4601.050 5.3469e-17
4602.575 4.948e-17
4604.100 5.6744e-17
4605.625 6.0602e-17
4607.150 5.7727e-17
4608.675 5.0202e-17
4610.200 4.7667e-17
4611.725 5.7563e-17
4613.250 5.6262e-17
4614.775 3.6663e-17
4616.300 5.1779e-17
4617.825 4.9133e-17
4619.350 4.3966e-17
4620.875 4.8678e-17
4622.400 5.6779e-17
4623.925 6.5676e-17
4625.450 5.9354e-17
4626.975 6.2265e-17
4628.500 4.7748e-17
4630.025 4.9418e-17
4631.550 4.8168e-17
4633.075 5.3627e-17
4634.600 4.8191e-17
4636.125 4.3463e-17
4637.650 4.3851e-17
4639.175 5.4309e-17
4640.700 5.1511e-17
4642.225 4.8924e-17
4643.750 5.2262e-17
4645.275 5.4911e-17
4646.800 4.451e-17
4648.325 3.3785e-17
4649.850 4.8128e-17
4651.375 5.4619e-17
4652.900 4.2967e-17
4654.425 4.7588e-17
4655.950 5.2834e-17
4657.475 5.035e-17
4659.000 6.38e-17
4660.525 5.2932e-17
4662.050 4.8013e-17
4663.575 3.7498e-17
4665.100 5.1508e-17
4666.625 5.6267e-17
4668.150 4.6254e-17
4669.675 4.9736e-17
4671.200 5.0027e-17
4672.725 4.1315e-17
4674.250 4.7935e-17
4675.775 7.0053e-17
4677.300 5.6492e-17
4678.825 3.9929e-17
4680.350 4.5268e-17
4681.875 3.416e-17
4683.400 5.2251e-17
4684.925 5.1021e-17
4686.450 4.7034e-17
4687.975 4.6566e-17
4689.500 4.4593e-17
4691.025 4.7507e-17
4692.550 4.6233e-17
4694.075 4.8347e-17
4695.600 3.9621e-17
4697.125 2.9572e-17
4698.650 3.8258e-17
4700.175 4.2716e-17
4701.700 5.3302e-17
4703.225 5.2066e-17
4704.750 4.1279e-17
4706.275 5.3731e-17
4707.800 5.5205e-17
4709.325 4.9392e-17
4710.850 4.7206e-17
4712.375 4.0303e-17
4713.900 4.2958e-17
4715.425 5.2655e-17
4716.950 4.776e-17
4718.475 4.1969e-17
4720.000 4.0651e-17
4721.525 5.712e-17
4723.050 4.827e-17
4724.575 4.4257e-17
4726.100 3.4775e-17
4727.625 5.1186e-17
4729.150 3.7592e-17
4730.675 5.3586e-17
4732.200 3.6777e-17
4733.725 4.7049e-17
4735.250 4.761e-17
4736.775 3.5632e-17
4738.300 5.7274e-17
4739.825 7.4203e-17
4741.350 6.1352e-17
4742.875 5.9212e-17
4744.400 5.3434e-17
4745.925 3.15e-17
4747.450 3.4716e-17
4748.975 5.3944e-17
4750.500 5.5958e-17
4752.025 4.72e-17
4753.550 4.8728e-17
4755.075 5.1515e-17
4756.600 4.3831e-17
4758.125 4.8432e-17
4759.650 5.8424e-17
4761.175 5.986e-17
4762.700 4.6292e-17
4764.225 5.4346e-17
4765.750 4.5738e-17
4767.275 5.5943e-17
4768.800 5.3813e-17
4770.325 5.0702e-17
4771.850 3.7171e-17
4773.375 4.6769e-17
4774.900 4.2082e-17
4776.425 5.9199e-17
4777.950 4.7074e-17
4779.475 6.0427e-17
4781.000 5.1313e-17
4782.525 5.7332e-17
4784.050 5.5433e-17
4785.575 5.1393e-17
4787.100 4.6506e-17
4788.625 5.4809e-17
4790.150 5.699e-17
4791.675 5.855e-17
4793.200 4.519e-17
4794.725 5.9832e-17
4796.250 6.5604e-17
4797.775 5.6232e-17
4799.300 5.2639e-17
4800.825 6.09e-17
4802.350 4.1225e-17
4803.875 4.9174e-17
4805.400 5.0135e-17
4806.925 5.9931e-17
4808.450 5.4546e-17
4809.975 6.8689e-17
4811.500 5.6983e-17
4813.025 6.0761e-17
4814.550 5.6524e-17
4816.075 5.0909e-17
4817.600 5.7349e-17
4819.125 5.144e-17
4820.650 6.5903e-17
4822.175 5.9256e-17
4823.700 6.0848e-17
4825.225 6.3009e-17
4826.750 6.401e-17
4828.275 5.4322e-17
4829.800 6.4474e-17
4831.325 5.8374e-17
4832.850 6.4574e-17
4834.375 5.5604e-17
4835.900 6.6982e-17
4837.425 5.7006e-17
4838.950 6.3991e-17
4840.475 7.1836e-17
4842.000 5.7223e-17
4843.525 7.5258e-17
4845.050 7.4617e-17
4846.575 8.3883e-17
4848.100 6.6614e-17
4849.625 6.1751e-17
4851.150 7.8771e-17
4852.675 8.7151e-17
4854.200 7.5491e-17
4855.725 9.3226e-17
4857.250 7.7342e-17
4858.775 6.6771e-17
4860.300 6.7647e-17
4861.825 8.3781e-17
4863.350 9.4425e-17
4864.875 7.8471e-17
4866.400 8.3208e-17
4867.925 9.0269e-17
4869.450 8.2076e-17
4870.975 9.02e-17
4872.500 9.3467e-17
4874.025 6.533e-17
4875.550 8.9663e-17
4877.075 7.9992e-17
4878.600 7.6933e-17
4880.125 8.0363e-17
4881.650 8.2464e-17
4883.175 9.2176e-17
4884.700 8.3191e-17
4886.225 8.1693e-17
4887.750 7.5706e-17
4889.275 8.7421e-17
4890.800 8.6053e-17
4892.325 7.9999e-17
4893.850 8.8212e-17
4895.375 9.5986e-17
4896.900 8.4997e-17
4898.425 8.5891e-17
4899.950 8.846e-17
4901.475 7.4668e-17
4903.000 7.1701e-17
4904.525 1.0638e-16
4906.050 1.0727e-16
4907.575 9.1149e-17
4909.100 9.5254e-17
4910.625 9.0539e-17
4912.150 8.279e-17
4913.675 7.7631e-17
4915.200 9.9091e-17
4916.725 7.2518e-17
4918.250 7.2975e-17
4919.775 9.2331e-17
4921.300 9.2765e-17
4922.825 9.0193e-17
4924.350 7.6129e-17
4925.875 9.0446e-17
4927.400 9.012e-17
4928.925 9.1529e-17
4930.450 1.0909e-16
4931.975 1.0286e-16
4933.500 8.6539e-17
4935.025 8.835e-17
4936.550 9.5354e-17
4938.075 1.074e-16
4939.600 1.0153e-16
4941.125 9.3203e-17
4942.650 8.8223e-17
4944.175 9.0072e-17
4945.700 9.9315e-17
4947.225 1.0647e-16
4948.750 1.0936e-16
4950.275 9.9883e-17
4951.800 1.0008e-16
4953.325 1.0887e-16
4954.850 1.0629e-16
4956.375 9.4769e-17
4957.900 9.5316e-17
4959.425 1.1097e-16
4960.950 9.3714e-17
4962.475 9.3356e-17
4964.000 9.946e-17
4965.525 8.8672e-17
4967.050 1.0311e-16
4968.575 1.0026e-16
4970.100 9.637e-17
4971.625 9.7337e-17
4973.150 8.14e-17
4974.675 8.7698e-17
4976.200 8.537e-17
4977.725 8.5107e-17
4979.250 6.2976e-17
4980.775 8.989e-17
4982.300 9.7666e-17
4983.825 7.8909e-17
4985.350 8.7387e-17
4986.875 8.4333e-17
4988.400 7.7625e-17
4989.925 8.4306e-17
4991.450 8.4704e-17
4992.975 6.6728e-17
4994.500 7.4681e-17
4996.025 6.1401e-17
4997.550 7.3153e-17
4999.075 8.1749e-17
5000.600 7.0278e-17
5002.125 7.0096e-17
5003.650 7.7067e-17
5005.175 6.0978e-17
5006.700 5.5155e-17
5008.225 6.1061e-17
5009.750 6.7708e-17
5011.275 5.8403e-17
5012.800 7.0931e-17
5014.325 7.4129e-17
5015.850 6.3064e-17
5017.375 6.3428e-17
5018.900 6.516e-17
5020.425 5.4169e-17
5021.950 6.015e-17
5023.475 6.4881e-17
5025.000 6.4367e-17
5026.525 5.7125e-17
5028.050 6.2346e-17
5029.575 6.5602e-17
5031.100 5.0084e-17
5032.625 5.6211e-17
5034.150 6.082e-17
5035.675 6.3209e-17
5037.200 6.9072e-17
5038.725 5.8803e-17
5040.250 3.7352e-17
5041.775 5.9023e-17
5043.300 5.2695e-17
5044.825 4.6765e-17
5046.350 5.1642e-17
5047.875 6.4677e-17
5049.400 6.2204e-17
5050.925 5.4659e-17
5052.450 5.3646e-17
5053.975 5.505e-17
5055.500 5.3144e-17
5057.025 6.0199e-17
5058.550 6.3402e-17
5060.075 6.8983e-17
5061.600 6.0312e-17
5063.125 4.1385e-17
5064.650 5.8619e-17
5066.175 5.9086e-17
5067.700 4.9352e-17
5069.225 5.0027e-17
5070.750 5.9699e-17
5072.275 4.3074e-17
5073.800 6.6657e-17
5075.325 6.7209e-17
5076.850 4.2954e-17
5078.375 5.0632e-17
5079.900 5.8398e-17
5081.425 6.6746e-17
5082.950 6.2494e-17
5084.475 4.1037e-17
5086.000 5.9017e-17
5087.525 6.4964e-17
5089.050 6.4629e-17
5090.575 5.067e-17
5092.100 4.8109e-17
5093.625 4.8634e-17
5095.150 5.5986e-17
5096.675 5.7419e-17
5098.200 7.5513e-17
5099.725 5.3164e-17
5101.250 7.4961e-17
5102.775 5.9202e-17
5104.300 6.2519e-17
5105.825 5.3658e-17
5107.350 5.7765e-17
5108.875 6.4012e-17
5110.400 6.5747e-17
5111.925 5.6352e-17
5113.450 5.8439e-17
5114.975 6.13e-17
5116.500 6.7953e-17
5118.025 6.0535e-17
5119.550 5.6956e-17
5121.075 6.215e-17
5122.600 7.9064e-17
5124.125 7.4911e-17
5125.650 6.2371e-17
5127.175 6.7218e-17
5128.700 6.6084e-17
5130.225 6.6433e-17
5131.750 7.7586e-17
5133.275 7.9288e-17
5134.800 6.8238e-17
5136.325 7.2865e-17
5137.850 7.3181e-17
5139.375 6.679e-17
5140.900 7.5844e-17
5142.425 7.2066e-17
5143.950 6.2059e-17
5145.475 6.6697e-17
5147.000 6.9631e-17
5148.525 6.9276e-17
5150.050 5.7968e-17
5151.575 6.9193e-17
5153.100 6.3548e-17
5154.625 5.2959e-17
5156.150 7.2363e-17
5157.675 7.467e-17
5159.200 8.4515e-17
5160.725 8.5794e-17
5162.250 5.7371e-17
5163.775 5.7673e-17
5165.300 5.7582e-17
5166.825 6.4778e-17
5168.350 6.1985e-17
5169.875 6.5935e-17
5171.400 7.0834e-17
5172.925 7.6947e-17
5174.450 7.7678e-17
5175.975 6.5157e-17
5177.500 6.8255e-17
5179.025 6.3541e-17
5180.550 6.9587e-17
5182.075 6.8271e-17
5183.600 6.4101e-17
5185.125 6.9595e-17
5186.650 6.5596e-17
5188.175 6.7947e-17
5189.700 6.9323e-17
5191.225 7.4191e-17
5192.750 6.8804e-17
5194.275 5.5659e-17
5195.800 6.9583e-17
5197.325 6.7953e-17
5198.850 8.202e-17
5200.375 7.0327e-17
5201.900 5.9276e-17
5203.425 7.193e-17
5204.950 7.0876e-17
5206.475 7.4148e-17
5208.000 6.1272e-17
5209.525 6.1925e-17
5211.050 6.9296e-17
5212.575 8.1032e-17
5214.100 7.538e-17
5215.625 9.0556e-17
5217.150 8.4854e-17
5218.675 7.4407e-17
5220.200 7.3133e-17
5221.725 7.8831e-17
5223.250 8.0133e-17
5224.775 8.0198e-17
5226.300 7.5115e-17
5227.825 6.938e-17
5229.350 6.0651e-17
5230.875 7.2359e-17
5232.400 7.6117e-17
5233.925 6.9028e-17
5235.450 8.2138e-17
5236.975 9.1716e-17
5238.500 1.0054e-16
5240.025 9.3864e-17
5241.550 9.3078e-17
5243.075 8.6896e-17
5244.600 8.4026e-17
5246.125 8.978e-17
5247.650 7.8218e-17
5249.175 8.5261e-17
5250.700 8.9561e-17
5252.225 8.1885e-17
5253.750 8.376e-17
5255.275 8.5872e-17
5256.800 8.2454e-17
5258.325 7.6765e-17
5259.850 9.5084e-17
5261.375 1.0016e-16
5262.900 7.6633e-17
5264.425 8.3347e-17
5265.950 1.0089e-16
5267.475 9.874e-17
5269.000 9.0375e-17
5270.525 8.9345e-17
5272.050 8.1321e-17
5273.575 9.5906e-17
5275.100 8.0521e-17
5276.625 8.9519e-17
5278.150 8.7102e-17
5279.675 6.7625e-17
5281.200 8.2614e-17
5282.725 1.0236e-16
5284.250 9.5894e-17
5285.775 9.679e-17
5287.300 8.9985e-17
5288.825 8.029e-17
5290.350 8.2484e-17
5291.875 7.8673e-17
5293.400 8.9131e-17
5294.925 8.3066e-17
5296.450 9.4003e-17
5297.975 8.5647e-17
5299.500 7.7489e-17
5301.025 7.7801e-17
5302.550 6.9637e-17
5304.075 6.3267e-17
5305.600 6.1666e-17
5307.125 7.7309e-17
5308.650 6.5206e-17
5310.175 6.2435e-17
5311.700 6.3578e-17
5313.225 1.0033e-16
5314.750 9.3304e-17
5316.275 7.6719e-17
5317.800 5.4331e-17
5319.325 6.3712e-17
5320.850 6.5142e-17
5322.375 4.3468e-17
5323.900 6.6998e-17
5325.425 5.6094e-17
5326.950 5.3454e-17
5328.475 5.5316e-17
5330.000 6.105e-17
5331.525 3.8761e-17
5333.050 5.6897e-17
5334.575 5.5734e-17
5336.100 5.9443e-17
5337.625 5.769e-17
5339.150 5.3739e-17
5340.675 5.2965e-17
5342.200 4.8731e-17
5343.725 6.3165e-17
5345.250 6.6054e-17
5346.775 5.985e-17
5348.300 7.4071e-17
5349.825 5.3294e-17
5351.350 5.0082e-17
5352.875 7.112e-17
5354.400 7.3398e-17
5355.925 6.211e-17
5357.450 4.8986e-17
5358.975 5.2849e-17
5360.500 5.0953e-17
5362.025 3.4904e-17
5363.550 4.7862e-17
5365.075 6.2851e-17
5366.600 7.1493e-17
5368.125 6.6431e-17
5369.650 6.5959e-17
5371.175 6.1539e-17
5372.700 5.0118e-17
5374.225 6.7975e-17
5375.750 5.7897e-17
5377.275 4.1079e-17
5378.800 4.566e-17
5380.325 5.2222e-17
5381.850 6.2483e-17
5383.375 5.6665e-17
5384.900 4.7134e-17
5386.425 5.1531e-17
5387.950 6.2737e-17
5389.475 6.1746e-17
5391.000 5.5398e-17
5392.525 4.8762e-17
5394.050 4.054e-17
5395.575 5.2531e-17
5397.100 5.9077e-17
5398.625 6.6532e-17
5400.150 6.0361e-17
5401.675 5.5221e-17
5403.200 6.155e-17
5404.725 6.4401e-17
5406.250 6.7544e-17
5407.775 7.0345e-17
5409.300 7.5153e-17
5410.825 6.0724e-17
5412.350 4.7398e-17
5413.875 5.2943e-17
5415.400 5.0402e-17
5416.925 1.8794e-17
5418.450 5.4518e-17
5419.975 4.5719e-17
5421.500 5.2577e-17
5423.025 3.5372e-17
5424.550 3.7165e-17
5426.075 4.0592e-17
5427.600 4.3537e-17
5429.125 6.188e-17
5430.650 4.8595e-17
5432.175 2.0029e-17
5433.700 2.3594e-17
5435.225 2.3166e-17
5436.750 3.7288e-17
5438.275 5.4527e-17
5439.800 4.4954e-17
5441.325 3.8731e-17
5442.850 7.1967e-17
5444.375 7.3155e-17
5445.900 4.4341e-17
5447.425 4.1091e-17
5448.950 5.5454e-17
5450.475 5.4037e-17
5452.000 4.6189e-17
5453.525 4.9256e-17
5455.050 5.897e-17
5456.575 7.5838e-17
5458.100 6.3702e-17
5459.625 7.4487e-17
5461.150 4.7448e-17
5462.675 5.4424e-17
5464.200 6.1434e-17
5465.725 6.5766e-17
5467.250 6.8776e-17
5468.775 7.1614e-17
5470.300 5.9821e-17
5471.825 6.1705e-17
5473.350 4.4116e-17
5474.875 5.8385e-17
5476.400 7.4933e-17
5477.925 7.5705e-17
5479.450 5.9536e-17
5480.975 4.7751e-17
5482.500 4.5389e-17
5484.025 5.3991e-17
5485.550 4.2597e-17
5487.075 3.3297e-17
5488.600 5.0129e-17
5490.125 4.3749e-17
5491.650 5.961e-17
5493.175 6.1369e-17
5494.700 6.8923e-17
5496.225 5.9885e-17
5497.750 7.8566e-17
5499.275 6.1406e-17
5500.800 6.3872e-17
5502.325 4.9572e-17
5503.850 5.2289e-17
5505.375 5.8019e-17
5506.900 5.1006e-17
5508.425 3.6413e-17
5509.950 6.3175e-17
5511.475 6.9049e-17
5513.000 6.0666e-17
5514.525 5.3636e-17
5516.050 5.535e-17
5517.575 6.166e-17
5519.100 5.6801e-17
5520.625 5.3563e-17
5522.150 4.4676e-17
5523.675 4.7339e-17
5525.200 5.3148e-17
5526.725 6.745e-17
5528.250 7.2245e-17
5529.775 6.6489e-17
5531.300 7.0807e-17
5532.825 6.364e-17
5534.350 5.4089e-17
5535.875 6.079e-17
5537.400 7.0809e-17
5538.925 6.131e-17
5540.450 5.9951e-17
5541.975 7.653e-17
5543.500 6.6127e-17
5545.025 5.6679e-17
5546.550 7.2537e-17
5548.075 6.8422e-17
5549.600 6.4039e-17
5551.125 7.2681e-17
5552.650 6.5704e-17
5554.175 6.5957e-17
5555.700 5.7599e-17
5557.225 6.0451e-17
5558.750 9.1325e-17
5560.275 9.0469e-17
5561.800 7.7705e-17
5563.325 8.5396e-17
5564.850 8.0838e-17
5566.375 8.1168e-17
5567.900 8.6543e-17
5569.425 7.0367e-17
5570.950 6.1932e-17
5572.475 7.4299e-17
5574.000 1.0591e-16
5575.525 1.2747e-16
5577.050 1.1092e-16
5578.575 7.8489e-17
5580.100 5.9072e-17
5581.625 6.8183e-17
5583.150 6.9791e-17
5584.675 8.5628e-17
5586.200 9.0683e-17
5587.725 6.7863e-17
5589.250 6.942e-17
5590.775 7.9345e-17
5592.300 8.2351e-17
5593.825 8.4795e-17
5595.350 8.8173e-17
5596.875 7.5141e-17
5598.400 6.9943e-17
5599.925 7.9869e-17
5601.450 8.2107e-17
5602.975 8.3197e-17
5604.500 8.486e-17
5606.025 7.5339e-17
5607.550 7.2009e-17
5609.075 7.1709e-17
5610.600 7.762e-17
5612.125 9.8251e-17
5613.650 1.0111e-16
5615.175 8.7209e-17
5616.700 7.7157e-17
5618.225 8.9888e-17
5619.750 9.9204e-17
5621.275 8.4412e-17
5622.800 6.7475e-17
5624.325 8.4423e-17
5625.850 8.9485e-17
5627.375 7.5161e-17
5628.900 8.5443e-17
5630.425 1.0276e-16
5631.950 1.0121e-16
5633.475 9.923e-17
5635.000 1.1164e-16
5636.525 1.0123e-16
5638.050 8.8822e-17
5639.575 9.2649e-17
5641.100 9.3553e-17
5642.625 9.837e-17
5644.150 9.6725e-17
5645.675 7.8155e-17
5647.200 7.9097e-17
5648.725 8.485e-17
5650.250 7.6371e-17
5651.775 8.755e-17
5653.300 9.6941e-17
5654.825 9.1693e-17
5656.350 1.0528e-16
5657.875 1.0127e-16
5659.400 1.0019e-16
5660.925 1.1077e-16
5662.450 9.5842e-17
5663.975 1.0102e-16
5665.500 1.1133e-16
5667.025 1.0069e-16
5668.550 8.1574e-17
5670.075 8.7843e-17
5671.600 1.013e-16
5673.125 1.0019e-16
5674.650 1.0173e-16
5676.175 9.7106e-17
5677.700 9.3625e-17
5679.225 1.0414e-16
5680.750 9.5649e-17
5682.275 8.5672e-17
5683.800 1.0345e-16
5685.325 1.0455e-16
5686.850 9.684e-17
5688.375 9.9809e-17
5689.900 9.1836e-17
5691.425 9.5233e-17
5692.950 1.048e-16
5694.475 9.7387e-17
5696.000 9.6176e-17
5697.525 9.5689e-17
5699.050 7.2643e-17
5700.575 6.8916e-17
5702.100 9.4814e-17
5703.625 9.3266e-17
5705.150 9.2938e-17
5706.675 9.8133e-17
5708.200 8.3258e-17
5709.725 8.4274e-17
5711.250 9.6625e-17
5712.775 9.6923e-17
5714.300 9.1075e-17
5715.825 8.1279e-17
5717.350 8.1353e-17
5718.875 8.4746e-17
5720.400 9.2451e-17
5721.925 9.4048e-17
5723.450 8.1938e-17
5724.975 7.3459e-17
5726.500 7.4206e-17
5728.025 8.5798e-17
5729.550 7.7021e-17
5731.075 7.7118e-17
5732.600 8.8187e-17
5734.125 8.7094e-17
5735.650 9.291e-17
5737.175 9.5334e-17
5738.700 9.247e-17
5740.225 1.002e-16
5741.750 9.222e-17
5743.275 7.3889e-17
5744.800 7.7067e-17
5746.325 8.1673e-17
5747.850 9.2455e-17
5749.375 1.0103e-16
5750.900 1.0289e-16
5752.425 9.8513e-17
5753.950 1.0113e-16
5755.475 1.1e-16
5757.000 1.0402e-16
5758.525 1.0087e-16
5760.050 1.0041e-16
5761.575 9.6226e-17
5763.100 1.0178e-16
5764.625 1.0482e-16
5766.150 1.0669e-16
5767.675 1.2967e-16
5769.200 1.3333e-16
5770.725 1.0189e-16
5772.250 9.3689e-17
5773.775 9.2246e-17
5775.300 8.8108e-17
5776.825 1.1322e-16
5778.350 1.2065e-16
5779.875 1.0594e-16
5781.400 1.0711e-16
5782.925 1.0926e-16
5784.450 1.1525e-16
5785.975 1.3033e-16
5787.500 1.2893e-16
5789.025 1.2442e-16
5790.550 1.337e-16
5792.075 1.302e-16
5793.600 1.2041e-16
5795.125 1.099e-16
5796.650 9.5293e-17
5798.175 1.2104e-16
5799.700 1.4072e-16
5801.225 1.1508e-16
5802.750 1.1749e-16
5804.275 1.349e-16
5805.800 1.3296e-16
5807.325 1.4133e-16
5808.850 1.5287e-16
5810.375 1.3785e-16
5811.900 1.251e-16
5813.425 1.2329e-16
5814.950 1.181e-16
5816.475 1.2143e-16
5818.000 1.2683e-16
5819.525 1.3348e-16
5821.050 1.429e-16
5822.575 1.4076e-16
5824.100 1.2968e-16
5825.625 1.3247e-16
5827.150 1.2701e-16
5828.675 1.1797e-16
5830.200 1.3108e-16
5831.725 1.2987e-16
5833.250 1.1501e-16
5834.775 1.2237e-16
5836.300 1.3192e-16
5837.825 1.2033e-16
5839.350 1.1127e-16
5840.875 1.1572e-16
5842.400 1.2331e-16
5843.925 1.2519e-16
5845.450 1.1872e-16
5846.975 1.2088e-16
5848.500 1.2985e-16
5850.025 1.4023e-16
5851.550 1.4502e-16
5853.075 1.3458e-16
5854.600 1.2008e-16
5856.125 1.1736e-16
5857.650 1.2447e-16
5859.175 1.2531e-16
5860.700 1.2387e-16
5862.225 1.2451e-16
5863.750 1.1843e-16
5865.275 1.1775e-16
5866.800 1.2522e-16
5868.325 1.1347e-16
5869.850 1.1177e-16
5871.375 1.2658e-16
5872.900 1.1909e-16
5874.425 1.2069e-16
5875.950 1.3425e-16
5877.475 1.2851e-16
5879.000 1.2268e-16
5880.525 1.1836e-16
5882.050 1.0733e-16
5883.575 1.2394e-16
5885.100 1.4301e-16
5886.625 1.4064e-16
5888.150 1.3344e-16
5889.675 1.2582e-16
5891.200 1.1977e-16
5892.725 1.2741e-16
5894.250 1.3209e-16
5895.775 1.2937e-16
5897.300 1.2612e-16
5898.825 1.0271e-16
5900.350 9.6686e-17
5901.875 1.1971e-16
5903.400 1.332e-16
5904.925 1.3197e-16
5906.450 1.3087e-16
5907.975 1.2559e-16
5909.500 1.1577e-16
5911.025 1.1378e-16
5912.550 1.1635e-16
5914.075 1.2045e-16
5915.600 1.1879e-16
5917.125 1.1381e-16
5918.650 1.1253e-16
5920.175 1.2162e-16
5921.700 1.289e-16
5923.225 1.2181e-16
5924.750 1.1138e-16
5926.275 1.0287e-16
5927.800 1.1424e-16
5929.325 1.2538e-16
5930.850 1.1107e-16
5932.375 1.1601e-16
5933.900 1.2902e-16
5935.425 1.2167e-16
5936.950 1.2778e-16
5938.475 1.2839e-16
5940.000 1.1534e-16
5941.525 1.1042e-16
5943.050 1.1042e-16
5944.575 1.1545e-16
5946.100 1.3134e-16
5947.625 1.3376e-16
5949.150 1.1871e-16
5950.675 1.2657e-16
5952.200 1.29e-16
5953.725 1.1782e-16
5955.250 1.2552e-16
5956.775 1.2623e-16
5958.300 1.1767e-16
5959.825 1.2122e-16
5961.350 1.1609e-16
5962.875 1.0681e-16
5964.400 1.2395e-16
5965.925 1.2998e-16
5967.450 1.2237e-16
5968.975 1.2502e-16
5970.500 1.1913e-16
5972.025 1.2382e-16
5973.550 1.2206e-16
5975.075 1.1183e-16
5976.600 1.1701e-16
5978.125 1.1956e-16
5979.650 1.2189e-16
5981.175 1.2393e-16
5982.700 1.1842e-16
5984.225 1.0094e-16
5985.750 9.8717e-17
5987.275 1.1351e-16
5988.800 1.0992e-16
5990.325 1.0757e-16
5991.850 1.1854e-16
5993.375 1.2227e-16
5994.900 1.2334e-16
5996.425 1.1865e-16
5997.950 1.1244e-16
5999.475 1.1516e-16
6001.000 1.1251e-16
6002.525 1.131e-16
6004.050 1.1869e-16
6005.575 1.2145e-16
6007.100 1.1441e-16
6008.625 1.0825e-16
6010.150 1.1688e-16
6011.675 1.2848e-16
6013.200 1.2843e-16
6014.725 1.1538e-16
6016.250 9.7297e-17
6017.775 1.0102e-16
6019.300 1.111e-16
6020.825 1.0249e-16
6022.350 1.0794e-16
6023.875 1.2443e-16
6025.400 1.2827e-16
6026.925 1.1887e-16
6028.450 1.1599e-16
6029.975 1.1235e-16
6031.500 1.0111e-16
6033.025 1.0012e-16
6034.550 1.0206e-16
6036.075 1.0565e-16
6037.600 1.0034e-16
6039.125 9.8001e-17
6040.650 1.0681e-16
6042.175 1.0181e-16
6043.700 1.0262e-16
6045.225 1.0736e-16
6046.750 9.3376e-17
6048.275 8.3931e-17
6049.800 9.6845e-17
6051.325 9.1171e-17
6052.850 8.5355e-17
6054.375 9.574e-17
6055.900 9.1298e-17
6057.425 9.4482e-17
6058.950 1.0091e-16
6060.475 9.7219e-17
6062.000 9.4733e-17
6063.525 9.6679e-17
6065.050 1.0842e-16
6066.575 1.1372e-16
6068.100 1.0013e-16
6069.625 8.3605e-17
6071.150 8.9579e-17
6072.675 9.5224e-17
6074.200 9.1253e-17
6075.725 9.9187e-17
6077.250 1.0274e-16
6078.775 9.8838e-17
6080.300 8.9624e-17
6081.825 8.1173e-17
6083.350 8.2631e-17
6084.875 8.6582e-17
6086.400 8.8973e-17
6087.925 8.8478e-17
6089.450 9.191e-17
6090.975 8.902e-17
6092.500 8.8453e-17
6094.025 9.657e-17
6095.550 1.0554e-16
6097.075 1.0434e-16
6098.600 1.0228e-16
6100.125 1.0421e-16
6101.650 1.0236e-16
6103.175 9.6604e-17
6104.700 9.4014e-17
6106.225 1.0181e-16
6107.750 1.0289e-16
6109.275 1.0007e-16
6110.800 1.0513e-16
6112.325 1.1418e-16
6113.850 1.0836e-16
6115.375 1.0897e-16
6116.900 1.0812e-16
6118.425 9.7194e-17
6119.950 9.7115e-17
6121.475 9.2502e-17
6123.000 8.7708e-17
6124.525 1.0296e-16
6126.050 1.2422e-16
6127.575 1.1898e-16
6129.100 1.133e-16
6130.625 1.0882e-16
6132.150 9.9049e-17
6133.675 1.0417e-16
6135.200 1.0235e-16
6136.725 9.0271e-17
6138.250 8.898e-17
6139.775 1.0212e-16
6141.300 1.1149e-16
6142.825 1.1318e-16
6144.350 1.0572e-16
6145.875 1.0391e-16
6147.400 1.0969e-16
6148.925 1.0539e-16
6150.450 1.046e-16
6151.975 1.1084e-16
6153.500 1.1566e-16
6155.025 1.1996e-16
6156.550 1.2909e-16
6158.075 1.2216e-16
6159.600 1.1553e-16
6161.125 1.2284e-16
6162.650 1.1202e-16
6164.175 1.1071e-16
6165.700 1.1581e-16
6167.225 1.133e-16
6168.750 1.1327e-16
6170.275 1.1017e-16
6171.800 1.0621e-16
6173.325 1.0375e-16
6174.850 1.0221e-16
6176.375 1.0367e-16
6177.900 1.1144e-16
6179.425 1.1296e-16
6180.950 1.0634e-16
6182.475 1.0545e-16
6184.000 1.0816e-16
6185.525 1.0345e-16
6187.050 9.5914e-17
6188.575 9.5572e-17
6190.100 9.5831e-17
6191.625 9.0489e-17
6193.150 9.156e-17
6194.675 1.0099e-16
6196.200 1.0708e-16
6197.725 1.0009e-16
6199.250 9.477e-17
6200.775 9.4247e-17
6202.300 8.9109e-17
6203.825 8.3768e-17
6205.350 8.2693e-17
6206.875 8.5718e-17
6208.400 9.3403e-17
6209.925 9.8487e-17
6211.450 9.5914e-17
6212.975 9.989e-17
6214.500 1.0873e-16
6216.025 1.0715e-16
6217.550 1.062e-16
6219.075 1.1007e-16
6220.600 1.0304e-16
6222.125 9.9021e-17
6223.650 1.1384e-16
6225.175 1.1384e-16
6226.700 1.066e-16
6228.225 1.0593e-16
6229.750 9.4265e-17
6231.275 9.7527e-17
6232.800 1.1292e-16
6234.325 1.0188e-16
6235.850 9.0284e-17
6237.375 1.0671e-16
6238.900 1.0189e-16
6240.425 8.9815e-17
6241.950 1.0113e-16
6243.475 9.3177e-17
6245.000 8.753e-17
6246.525 9.5955e-17
6248.050 1.0075e-16
6249.575 1.0804e-16
6251.100 1.0673e-16
6252.625 9.7462e-17
6254.150 9.6415e-17
6255.675 1.01e-16
6257.200 1.1013e-16
6258.725 1.0637e-16
6260.250 9.3166e-17
6261.775 9.9177e-17
6263.300 1.1222e-16
6264.825 1.1606e-16
6266.350 1.0284e-16
6267.875 9.1642e-17
6269.400 9.792e-17
6270.925 1.0585e-16
6272.450 1.068e-16
6273.975 1.0113e-16
6275.500 9.4296e-17
6277.025 9.9308e-17
6278.550 1.1245e-16
6280.075 1.0771e-16
6281.600 1.0125e-16
6283.125 1.0389e-16
6284.650 1.0416e-16
6286.175 1.0918e-16
6287.700 1.0763e-16
6289.225 1.0196e-16
6290.750 9.9842e-17
6292.275 8.6864e-17
6293.800 6.9815e-17
6295.325 9.268e-17
6296.850 1.1729e-16
6298.375 1.0497e-16
6299.900 1.179e-16
6301.425 1.2055e-16
6302.950 9.4633e-17
6304.475 8.4855e-17
6306.000 7.7528e-17
6307.525 8.5879e-17
6309.050 1.0194e-16
6310.575 9.6337e-17
6312.100 9.2508e-17
6313.625 9.7925e-17
6315.150 9.8709e-17
6316.675 9.2067e-17
6318.200 7.8928e-17
6319.725 7.2877e-17
6321.250 8.38e-17
6322.775 8.9629e-17
6324.300 8.6039e-17
6325.825 8.681e-17
6327.350 8.403e-17
6328.875 8.6653e-17
6330.400 9.3141e-17
6331.925 8.4655e-17
6333.450 7.3384e-17
6334.975 7.2e-17
6336.500 7.4104e-17
6338.025 7.6265e-17
6339.550 7.7591e-17
6341.075 7.272e-17
6342.600 7.6449e-17
6344.125 8.6547e-17
6345.650 8.4854e-17
6347.175 8.6092e-17
6348.700 7.9747e-17
6350.225 6.3974e-17
6351.750 6.5013e-17
6353.275 6.8534e-17
6354.800 6.8071e-17
6356.325 6.4343e-17
6357.850 6.2216e-17
6359.375 8.1176e-17
6360.900 8.4686e-17
6362.425 7.0325e-17
6363.950 6.8276e-17
6365.475 6.822e-17
6367.000 6.8493e-17
6368.525 7.1222e-17
6370.050 7.6432e-17
6371.575 7.8551e-17
6373.100 7.1763e-17
6374.625 6.9854e-17
6376.150 7.9115e-17
6377.675 8.1584e-17
6379.200 7.8433e-17
6380.725 7.3054e-17
6382.250 6.4706e-17
6383.775 6.8153e-17
6385.300 7.4708e-17
6386.825 7.5995e-17
6388.350 7.8788e-17
6389.875 7.528e-17
6391.400 7.1098e-17
6392.925 7.4375e-17
6394.450 6.78e-17
6395.975 6.535e-17
6397.500 7.8477e-17
6399.025 8.1402e-17
6400.550 7.5978e-17
6402.075 8.2263e-17
6403.600 8.8701e-17
6405.125 8.7277e-17
6406.650 9.1016e-17
6408.175 8.2645e-17
6409.700 6.4852e-17
6411.225 6.7619e-17
6412.750 7.5039e-17
6414.275 8.0317e-17
6415.800 8.9879e-17
6417.325 8.8994e-17
6418.850 7.7432e-17
6420.375 8.3488e-17
6421.900 9.2956e-17
6423.425 8.9917e-17
6424.950 8.6432e-17
6426.475 7.781e-17
6428.000 7.5944e-17
6429.525 8.2523e-17
6431.050 8.3492e-17
6432.575 8.2463e-17
6434.100 7.7279e-17
6435.625 6.9591e-17
6437.150 7.3026e-17
6438.675 8.1116e-17
6440.200 8.4271e-17
6441.725 9.1965e-17
6443.250 8.9023e-17
6444.775 7.3506e-17
6446.300 7.2754e-17
6447.825 7.9136e-17
6449.350 7.8417e-17
6450.875 7.5475e-17
6452.400 7.3392e-17
6453.925 7.3503e-17
6455.450 7.5725e-17
6456.975 7.8709e-17
6458.500 7.9558e-17
6460.025 7.5042e-17
6461.550 7.481e-17
6463.075 8.402e-17
6464.600 8.1292e-17
6466.125 7.399e-17
6467.650 7.7723e-17
6469.175 8.1172e-17
6470.700 7.4379e-17
6472.225 6.3679e-17
6473.750 6.711e-17
6475.275 7.3723e-17
6476.800 6.8171e-17
6478.325 7.1493e-17
6479.850 7.6145e-17
6481.375 7.1176e-17
6482.900 7.669e-17
6484.425 7.045e-17
6485.950 6.8823e-17
6487.475 7.5526e-17
6489.000 7.1241e-17
6490.525 7.3333e-17
6492.050 8.48e-17
6493.575 9.0796e-17
6495.100 8.9209e-17
6496.625 8.4781e-17
6498.150 8.116e-17
6499.675 9.0457e-17
6501.200 9.7877e-17
6502.725 9.0281e-17
6504.250 8.2348e-17
6505.775 8.011e-17
6507.300 7.5285e-17
6508.825 7.7545e-17
6510.350 7.9413e-17
6511.875 6.9959e-17
6513.400 7.1124e-17
6514.925 7.6771e-17
6516.450 8.0829e-17
6517.975 8.5227e-17
6519.500 8.7687e-17
6521.025 9.0897e-17
6522.550 8.5717e-17
6524.075 7.8426e-17
6525.600 7.8268e-17
6527.125 8.4072e-17
6528.650 9.2891e-17
6530.175 9.6401e-17
6531.700 9.654e-17
6533.225 9.6728e-17
6534.750 8.8519e-17
6536.275 9.5274e-17
6537.800 9.7212e-17
6539.325 9.1333e-17
6540.850 9.6402e-17
6542.375 9.5728e-17
6543.900 9.4479e-17
6545.425 9.519e-17
6546.950 9.334e-17
6548.475 8.9657e-17
6550.000 8.793e-17
6551.525 8.5951e-17
6553.050 8.3911e-17
6554.575 8.3353e-17
6556.100 8.5346e-17
6557.625 8.298e-17
6559.150 8.301e-17
6560.675 8.7639e-17
6562.200 8.3994e-17
6563.725 8.8051e-17
6565.250 8.5621e-17
6566.775 7.5581e-17
6568.300 8.3488e-17
6569.825 8.6623e-17
6571.350 8.1689e-17
6572.875 8.3452e-17
6574.400 9.0415e-17
6575.925 8.8555e-17
6577.450 8.6428e-17
6578.975 7.9271e-17
6580.500 8.2471e-17
6582.025 9.3705e-17
6583.550 8.3715e-17
6585.075 7.3711e-17
6586.600 8.0648e-17
6588.125 9.1398e-17
6589.650 9.2225e-17
6591.175 8.9361e-17
6592.700 8.7882e-17
6594.225 8.7086e-17
6595.750 8.8955e-17
6597.275 8.1003e-17
6598.800 7.2791e-17
6600.325 7.369e-17
6601.850 7.1175e-17
6603.375 7.5404e-17
6604.900 7.7241e-17
6606.425 7.8496e-17
6607.950 8.3585e-17
6609.475 8.7723e-17
6611.000 7.8983e-17
6612.525 6.768e-17
6614.050 7.4645e-17
6615.575 6.9343e-17
6617.100 6.612e-17
6618.625 7.4918e-17
6620.150 7.1763e-17
6621.675 7.7837e-17
6623.200 8.0107e-17
6624.725 6.5411e-17
6626.250 6.4186e-17
6627.775 7.0676e-17
6629.300 6.772e-17
6630.825 7.3881e-17
6632.350 7.4898e-17
6633.875 6.8399e-17
6635.400 6.387e-17
6636.925 6.3511e-17
6638.450 6.906e-17
6639.975 7.2855e-17
6641.500 7.0564e-17
6643.025 6.4402e-17
6644.550 6.3775e-17
6646.075 6.4242e-17
6647.600 6.2032e-17
6649.125 6.1774e-17
6650.650 6.1392e-17
6652.175 6.1159e-17
6653.700 6.6345e-17
6655.225 6.4994e-17
6656.750 6.4894e-17
6658.275 6.5334e-17
6659.800 6.5579e-17
6661.325 6.459e-17
6662.850 6.6125e-17
6664.375 6.6819e-17
6665.900 6.3984e-17
6667.425 6.7608e-17
6668.950 6.5795e-17
6670.475 6.3348e-17
6672.000 6.7282e-17
6673.525 6.826e-17
6675.050 6.8241e-17
6676.575 6.8027e-17
6678.100 7.0575e-17
6679.625 7.2734e-17
6681.150 7.1079e-17
6682.675 6.8806e-17
6684.200 7.202e-17
6685.725 7.2889e-17
6687.250 6.5145e-17
6688.775 6.8281e-17
6690.300 7.3026e-17
6691.825 6.1625e-17
6693.350 5.7343e-17
6694.875 6.918e-17
6696.400 6.7446e-17
6697.925 6.3557e-17
6699.450 6.8772e-17
6700.975 6.4848e-17
6702.500 6.0834e-17
6704.025 6.3947e-17
6705.550 7.1675e-17
6707.075 7.5045e-17
6708.600 6.6389e-17
6710.125 6.4558e-17
6711.650 6.9245e-17
6713.175 7.0869e-17
6714.700 7.1734e-17
6716.225 7.2587e-17
6717.750 7.0074e-17
6719.275 6.276e-17
6720.800 6.5331e-17
6722.325 7.3512e-17
6723.850 7.1481e-17
6725.375 6.3775e-17
6726.900 6.8215e-17
6728.425 8.1226e-17
6729.950 8.2488e-17
6731.475 7.1195e-17
6733.000 5.8227e-17
6734.525 5.8618e-17
6736.050 6.8486e-17
6737.575 7.0253e-17
6739.100 7.4599e-17
6740.625 7.9618e-17
6742.150 7.7216e-17
6743.675 7.6515e-17
6745.200 7.3379e-17
6746.725 7.2001e-17
6748.250 7.8527e-17
6749.775 8.2268e-17
6751.300 7.967e-17
6752.825 8.1436e-17
6754.350 8.2911e-17
6755.875 7.6509e-17
6757.400 7.587e-17
6758.925 8.2251e-17
6760.450 8.6513e-17
6761.975 8.6471e-17
6763.500 8.1724e-17
6765.025 8.483e-17
6766.550 9.0087e-17
6768.075 8.8152e-17
6769.600 9.213e-17
6771.125 9.6865e-17
6772.650 9.7651e-17
6774.175 9.3409e-17
6775.700 8.9535e-17
6777.225 9.0246e-17
6778.750 8.9812e-17
6780.275 8.7626e-17
6781.800 8.5954e-17
6783.325 9.1803e-17
6784.850 9.6212e-17
6786.375 9.5765e-17
6787.900 1.0051e-16
6789.425 1.0301e-16
6790.950 9.3498e-17
6792.475 9.1134e-17
6794.000 9.5723e-17
6795.525 9.6226e-17
6797.050 9.2113e-17
6798.575 8.7366e-17
6800.100 9.5504e-17
6801.625 1.0842e-16
6803.150 1.0628e-16
6804.675 9.7729e-17
6806.200 9.4979e-17
6807.725 9.7892e-17
6809.250 1.0582e-16
6810.775 1.0794e-16
6812.300 1.023e-16
6813.825 9.8372e-17
6815.350 9.8682e-17
6816.875 9.6984e-17
6818.400 1.0281e-16
6819.925 1.0774e-16
6821.450 1.0432e-16
6822.975 1.0678e-16
6824.500 1.1119e-16
6826.025 1.0446e-16
6827.550 9.5428e-17
6829.075 1.0186e-16
6830.600 1.0319e-16
6832.125 1.0114e-16
6833.650 1.0597e-16
6835.175 1.0722e-16
6836.700 9.9911e-17
6838.225 9.6507e-17
6839.750 1.0244e-16
6841.275 1.0406e-16
6842.800 9.7924e-17
6844.325 9.6176e-17
6845.850 1.0321e-16
6847.375 1.0641e-16
6848.900 1.0192e-16
6850.425 1.0301e-16
6851.950 9.9619e-17
6853.475 9.6607e-17
6855.000 1.0416e-16
6856.525 9.8615e-17
6858.050 9.6612e-17
6859.575 1.1547e-16
6861.100 1.1741e-16
6862.625 1.0762e-16
6864.150 1.0312e-16
6865.675 9.0712e-17
6867.200 9.1545e-17
6868.725 1.0246e-16
6870.250 1.0068e-16
6871.775 1.0823e-16
6873.300 1.1204e-16
6874.825 1.0263e-16
6876.350 9.9849e-17
6877.875 1.1425e-16
6879.400 1.2161e-16
6880.925 1.1216e-16
6882.450 1.0571e-16
6883.975 1.0467e-16
6885.500 1.1192e-16
6887.025 1.1225e-16
6888.550 1.0578e-16
6890.075 1.0755e-16
6891.600 1.0089e-16
6893.125 8.8172e-17
6894.650 9.8899e-17
6896.175 1.1463e-16
6897.700 1.1652e-16
6899.225 1.1071e-16
6900.750 9.6541e-17
6902.275 9.4941e-17
6903.800 1.0131e-16
6905.325 9.8522e-17
6906.850 1.0072e-16
6908.375 1.0497e-16
6909.900 1.0841e-16
6911.425 1.0697e-16
6912.950 1.12e-16
6914.475 1.1606e-16
6916.000 9.9638e-17
6917.525 1.0229e-16
6919.050 1.1385e-16
6920.575 1.0967e-16
6922.100 1.0727e-16
6923.625 1.0624e-16
6925.150 1.0172e-16
6926.675 9.4048e-17
6928.200 9.6972e-17
6929.725 1.0355e-16
6931.250 9.8235e-17
6932.775 9.7082e-17
6934.300 9.8208e-17
6935.825 9.8245e-17
6937.350 1.0569e-16
6938.875 1.1131e-16
6940.400 1.065e-16
6941.925 9.936e-17
6943.450 1.104e-16
6944.975 1.1683e-16
6946.500 1.1351e-16
6948.025 1.2533e-16
6949.550 1.2232e-16
6951.075 1.0294e-16
6952.600 9.8792e-17
6954.125 1.0998e-16
6955.650 1.1203e-16
6957.175 1.0496e-16
6958.700 1.1967e-16
6960.225 1.5021e-16
6961.750 1.7185e-16
6963.275 1.7729e-16
6964.800 1.6494e-16
6966.325 1.4195e-16
6967.850 1.2569e-16
6969.375 1.2363e-16
6970.900 1.1745e-16
6972.425 1.1437e-16
6973.950 1.1813e-16
6975.475 1.2338e-16
6977.000 1.2587e-16
6978.525 1.2122e-16
6980.050 1.2105e-16
6981.575 1.1957e-16
6983.100 1.1615e-16
6984.625 1.2102e-16
6986.150 1.2833e-16
6987.675 1.2162e-16
6989.200 1.1189e-16
6990.725 1.1338e-16
6992.250 1.0885e-16
6993.775 1.0359e-16
6995.300 1.122e-16
6996.825 1.161e-16
6998.350 1.0932e-16
6999.875 1.0617e-16
7001.400 1.1104e-16
7002.925 1.1924e-16
7004.450 1.1077e-16
7005.975 1.0855e-16
7007.500 1.217e-16
7009.025 1.2263e-16
7010.550 1.0943e-16
7012.075 1.0414e-16
7013.600 1.1599e-16
7015.125 1.1446e-16
7016.650 9.924e-17
7018.175 9.4184e-17
7019.700 9.6728e-17
7021.225 9.7077e-17
7022.750 9.7655e-17
7024.275 9.7989e-17
7025.800 9.8144e-17
7027.325 1.0415e-16
7028.850 1.0081e-16
7030.375 1.0547e-16
7031.900 1.1432e-16
7033.425 1.0445e-16
7034.950 9.9282e-17
7036.475 9.615e-17
7038.000 9.39e-17
7039.525 1.0184e-16
7041.050 1.0414e-16
7042.575 9.8255e-17
7044.100 9.5465e-17
7045.625 1.0296e-16
7047.150 9.9504e-17
7048.675 9.2842e-17
7050.200 9.7248e-17
7051.725 9.216e-17
7053.250 9.1517e-17
7054.775 9.086e-17
7056.300 8.6348e-17
7057.825 9.3256e-17
7059.350 1.0332e-16
7060.875 9.4762e-17
7062.400 8.8144e-17
7063.925 9.387e-17
7065.450 9.4366e-17
7066.975 9.249e-17
7068.500 9.9079e-17
7070.025 9.7587e-17
7071.550 9.0588e-17
7073.075 9.2186e-17
7074.600 9.2058e-17
7076.125 9.2702e-17
7077.650 8.9575e-17
7079.175 8.8582e-17
7080.700 8.9397e-17
7082.225 8.8972e-17
7083.750 8.9416e-17
7085.275 9.5369e-17
7086.800 9.6971e-17
7088.325 8.8709e-17
7089.850 8.9926e-17
7091.375 8.684e-17
7092.900 8.6017e-17
7094.425 9.3997e-17
7095.950 8.5697e-17
7097.475 8.0788e-17
7099.000 8.3568e-17
7100.525 8.5079e-17
7102.050 8.6471e-17
7103.575 8.8739e-17
7105.100 8.953e-17
7106.625 8.3919e-17
7108.150 8.4398e-17
7109.675 9.2431e-17
7111.200 9.1935e-17
7112.725 8.7626e-17
7114.250 9.5126e-17
7115.775 1.0222e-16
7117.300 9.4009e-17
7118.825 8.8119e-17
7120.350 8.3359e-17
7121.875 9.1223e-17
7123.400 1.0301e-16
7124.925 1.0299e-16
7126.450 1.0618e-16
7127.975 1.0839e-16
7129.500 1.0538e-16
7131.025 9.8228e-17
7132.550 9.2442e-17
7134.075 8.5066e-17
7135.600 8.3963e-17
7137.125 9.5037e-17
7138.650 1.0351e-16
7140.175 1.0162e-16
7141.700 9.7471e-17
7143.225 1.0423e-16
7144.750 1.0523e-16
7146.275 9.7133e-17
7147.800 9.3696e-17
7149.325 8.8455e-17
7150.850 8.8207e-17
7152.375 9.3735e-17
7153.900 9.2411e-17
7155.425 9.111e-17
7156.950 9.1786e-17
7158.475 9.1378e-17
7160.000 9.3143e-17
7161.525 9.2476e-17
7163.050 8.9977e-17
7164.575 9.4601e-17
7166.100 1.0005e-16
7167.625 9.3295e-17
7169.150 8.6565e-17
7170.675 8.6133e-17
7172.200 8.0567e-17
7173.725 7.6443e-17
7175.250 8.8668e-17
7176.775 9.2702e-17
7178.300 8.2305e-17
7179.825 8.6881e-17
7181.350 9.4263e-17
7182.875 9.3534e-17
7184.400 9.1884e-17
7185.925 8.0956e-17
7187.450 6.8716e-17
7188.975 8.1516e-17
7190.500 9.3824e-17
7192.025 8.5489e-17
7193.550 8.374e-17
7195.075 7.9598e-17
7196.600 6.9489e-17
7198.125 7.8951e-17
7199.650 8.4487e-17
7201.175 7.9497e-17
7202.700 8.4619e-17
7204.225 8.624e-17
7205.750 8.5285e-17
7207.275 8.4271e-17
7208.800 8.974e-17
7210.325 9.5173e-17
7211.850 8.978e-17
7213.375 8.3013e-17
7214.900 8.2917e-17
7216.425 8.8682e-17
7217.950 8.3666e-17
7219.475 8.1494e-17
7221.000 8.7871e-17
7222.525 8.4083e-17
7224.050 8.4381e-17
7225.575 8.7882e-17
7227.100 8.0179e-17
7228.625 8.0782e-17
7230.150 8.0782e-17
7231.675 7.6541e-17
7233.200 8.3136e-17
7234.725 8.727e-17
7236.250 7.8844e-17
7237.775 8.9561e-17
7239.300 1.012e-16
7240.825 9.2401e-17
7242.350 8.9139e-17
7243.875 8.3967e-17
7245.400 7.3442e-17
7246.925 7.7041e-17
7248.450 8.292e-17
7249.975 7.9036e-17
7251.500 7.6084e-17
7253.025 7.4598e-17
7254.550 8.6828e-17
7256.075 9.6394e-17
7257.600 8.777e-17
7259.125 7.6901e-17
7260.650 7.3178e-17
7262.175 7.4566e-17
7263.700 7.5432e-17
7265.225 8.262e-17
7266.750 7.9564e-17
7268.275 7.1936e-17
7269.800 7.2381e-17
7271.325 7.417e-17
7272.850 7.7368e-17
7274.375 8.913e-17
7275.900 8.8775e-17
7277.425 8.1025e-17
7278.950 8.1721e-17
7280.475 8.3966e-17
7282.000 8.3602e-17
7283.525 8.9033e-17
7285.050 9.6811e-17
7286.575 7.9965e-17
7288.100 5.9477e-17
7289.625 5.9654e-17
7291.150 7.3807e-17
7292.675 7.7123e-17
7294.200 7.186e-17
7295.725 7.8187e-17
7297.250 8.0018e-17
7298.775 7.5743e-17
7300.300 7.969e-17
7301.825 8.8301e-17
7303.350 9.0371e-17
7304.875 8.1334e-17
7306.400 7.8953e-17
7307.925 7.7927e-17
7309.450 7.1107e-17
7310.975 7.636e-17
7312.500 8.4056e-17
7314.025 7.9762e-17
7315.550 7.2508e-17
7317.075 6.7018e-17
7318.600 6.9842e-17
7320.125 7.8994e-17
7321.650 7.9004e-17
7323.175 7.9403e-17
7324.700 8.9706e-17
7326.225 8.6078e-17
7327.750 8.2763e-17
7329.275 9.9363e-17
7330.800 9.7492e-17
7332.325 8.2654e-17
7333.850 8.0341e-17
7335.375 8.7495e-17
7336.900 1.0722e-16
7338.425 1.126e-16
7339.950 9.9711e-17
7341.475 8.996e-17
7343.000 7.616e-17
7344.525 7.4672e-17
7346.050 7.7804e-17
7347.575 7.3016e-17
7349.100 7.7422e-17
7350.625 8.5633e-17
7352.150 8.446e-17
7353.675 8.231e-17
7355.200 9.1753e-17
7356.725 1.0006e-16
7358.250 9.7725e-17
7359.775 9.1034e-17
7361.300 8.5503e-17
7362.825 8.279e-17
7364.350 8.406e-17
7365.875 8.9304e-17
7367.400 9.9791e-17
7368.925 9.9047e-17
7370.450 8.7721e-17
7371.975 8.4405e-17
7373.500 8.413e-17
7375.025 8.0741e-17
7376.550 8.032e-17
7378.075 8.5846e-17
7379.600 8.046e-17
7381.125 8.1869e-17
7382.650 9.1052e-17
7384.175 9.0081e-17
7385.700 8.7888e-17
7387.225 9.094e-17
7388.750 7.9174e-17
7390.275 7.151e-17
7391.800 8.7552e-17
7393.325 8.3772e-17
7394.850 7.6359e-17
7396.375 8.3507e-17
7397.900 8.5493e-17
7399.425 9.2006e-17
7400.950 1.0381e-16
7402.475 9.7379e-17
7404.000 8.1679e-17
7405.525 8.1207e-17
7407.050 7.9823e-17
7408.575 8.1126e-17
7410.100 8.8479e-17
7411.625 8.3639e-17
7413.150 8.3929e-17
7414.675 8.3924e-17
7416.200 8.1311e-17
7417.725 8.5347e-17
7419.250 7.9641e-17
7420.775 8.0985e-17
7422.300 8.0326e-17
7423.825 7.8421e-17
7425.350 8.4998e-17
7426.875 8.5172e-17
7428.400 8.3932e-17
7429.925 7.9195e-17
7431.450 7.5306e-17
7432.975 7.0875e-17
7434.500 6.8695e-17
7436.025 7.3936e-17
7437.550 8.1252e-17
7439.075 8.3326e-17
7440.600 7.3321e-17
7442.125 7.1866e-17
7443.650 7.5358e-17
7445.175 7.5025e-17
7446.700 7.5856e-17
7448.225 7.0142e-17
7449.750 6.7078e-17
7451.275 7.1102e-17
7452.800 7.439e-17
7454.325 7.758e-17
7455.850 8.4735e-17
7457.375 8.2367e-17
7458.900 7.5711e-17
7460.425 7.3773e-17
7461.950 7.3633e-17
7463.475 7.8394e-17
7465.000 7.5667e-17
7466.525 6.7688e-17
7468.050 6.996e-17
7469.575 7.0993e-17
7471.100 6.4356e-17
7472.625 6.4508e-17
7474.150 7.3511e-17
7475.675 7.5289e-17
7477.200 7.2842e-17
7478.725 7.0883e-17
7480.250 6.8522e-17
7481.775 6.7866e-17
7483.300 7.8386e-17
7484.825 8.1063e-17
7486.350 6.9231e-17
7487.875 6.4742e-17
7489.400 7.1784e-17
7490.925 7.5893e-17
7492.450 7.008e-17
7493.975 6.1735e-17
7495.500 6.4948e-17
7497.025 6.789e-17
7498.550 6.7475e-17
7500.075 7.3967e-17
7501.600 7.4027e-17
7503.125 6.8272e-17
7504.650 6.1392e-17
7506.175 6.0173e-17
7507.700 6.6988e-17
7509.225 6.9282e-17
7510.750 7.1491e-17
7512.275 7.3198e-17
7513.800 8.1579e-17
7515.325 8.8452e-17
7516.850 7.8462e-17
7518.375 7.9734e-17
7519.900 8.3016e-17
7521.425 7.3991e-17
7522.950 8.1252e-17
7524.475 8.5664e-17
7526.000 7.1464e-17
7527.525 7.6033e-17
7529.050 7.9251e-17
7530.575 6.4073e-17
7532.100 5.7581e-17
7533.625 6.1227e-17
7535.150 6.935e-17
7536.675 6.9058e-17
7538.200 6.2518e-17
7539.725 6.5123e-17
7541.250 7.1048e-17
7542.775 7.1157e-17
7544.300 7.1352e-17
7545.825 6.9584e-17
7547.350 5.9363e-17
7548.875 6.2855e-17
7550.400 6.9925e-17
7551.925 6.6154e-17
7553.450 6.5509e-17
7554.975 6.2392e-17
7556.500 6.6214e-17
7558.025 6.8977e-17
7559.550 6.984e-17
7561.075 7.7434e-17
7562.600 7.0929e-17
7564.125 6.3164e-17
7565.650 6.451e-17
7567.175 6.5218e-17
7568.700 6.7202e-17
7570.225 6.4649e-17
7571.750 6.5066e-17
7573.275 6.6497e-17
7574.800 6.0455e-17
7576.325 6.2713e-17
7577.850 6.9504e-17
7579.375 6.7625e-17
7580.900 6.7251e-17
7582.425 7.4725e-17
7583.950 6.5896e-17
7585.475 7.3498e-17
7587.000 8.206e-17
7588.525 6.249e-17
7590.050 6.0315e-17
7591.575 6.3044e-17
7593.100 5.7515e-17
7594.625 5.7105e-17
7596.150 6.3022e-17
7597.675 6.3997e-17
7599.200 7.577e-17
7600.725 8.562e-17
7602.250 4.7429e-17
7603.775 6.1778e-17
7605.300 8.8647e-17
7606.825 6.4255e-17
7608.350 5.7436e-17
7609.875 6.2761e-17
7611.400 6.4099e-17
7612.925 7.0299e-17
7614.450 7.2315e-17
7615.975 7.2374e-17
7617.500 7.6568e-17
7619.025 7.9915e-17
7620.550 8.2336e-17
7622.075 7.0607e-17
7623.600 5.5509e-17
7625.125 6.5801e-17
7626.650 7.7912e-17
7628.175 7.5946e-17
7629.700 6.8613e-17
7631.225 6.0242e-17
7632.750 6.4979e-17
7634.275 6.9659e-17
7635.800 7.1464e-17
7637.325 7.5209e-17
7638.850 7.4492e-17
7640.375 7.8078e-17
7641.900 8.2682e-17
7643.425 7.8002e-17
7644.950 6.4851e-17
7646.475 6.5449e-17
7648.000 7.8662e-17
7649.525 8.9001e-17
7651.050 8.81e-17
7652.575 8.5206e-17
7654.100 7.8069e-17
7655.625 6.1494e-17
7657.150 7.4355e-17
7658.675 9.5261e-17
7660.200 8.7313e-17
7661.725 7.9097e-17
7663.250 8.3843e-17
7664.775 8.3074e-17
7666.300 7.4621e-17
7667.825 7.0802e-17
7669.350 7.7243e-17
7670.875 7.9763e-17
7672.400 7.7967e-17
7673.925 8.6517e-17
7675.450 9.4195e-17
7676.975 8.246e-17
7678.500 7.0022e-17
7680.025 7.4118e-17
7681.550 8.4207e-17
7683.075 8.4951e-17
7684.600 7.732e-17
7686.125 7.1986e-17
7687.650 7.3841e-17
7689.175 7.3999e-17
7690.700 7.6793e-17
7692.225 8.5609e-17
7693.750 8.6822e-17
7695.275 8.4893e-17
7696.800 8.1855e-17
7698.325 7.9436e-17
7699.850 7.4128e-17
7701.375 6.8695e-17
7702.900 7.2039e-17
7704.425 7.5279e-17
7705.950 6.453e-17
7707.475 6.1922e-17
7709.000 7.3982e-17
7710.525 6.7387e-17
7712.050 7.3834e-17
7713.575 8.615e-17
7715.100 9.0674e-17
7716.625 9.4136e-17
7718.150 8.5637e-17
7719.675 7.3278e-17
7721.200 6.4249e-17
7722.725 7.5713e-17
7724.250 8.1677e-17
7725.775 7.2801e-17
7727.300 6.8971e-17
7728.825 6.6772e-17
7730.350 6.9465e-17
7731.875 6.9572e-17
7733.400 6.7989e-17
7734.925 7.6775e-17
7736.450 7.7266e-17
7737.975 7.1654e-17
7739.500 6.7107e-17
7741.025 6.4597e-17
7742.550 7.1078e-17
7744.075 7.112e-17
7745.600 7.6686e-17
7747.125 8.4496e-17
7748.650 8.524e-17
7750.175 7.4586e-17
7751.700 6.1977e-17
7753.225 6.1737e-17
7754.750 6.9291e-17
7756.275 7.6507e-17
7757.800 7.7668e-17
7759.325 8.4058e-17
7760.850 8.259e-17
7762.375 7.7038e-17
7763.900 7.2441e-17
7765.425 6.4078e-17
7766.950 6.7267e-17
7768.475 7.4722e-17
7770.000 7.3917e-17
7771.525 7.5576e-17
7773.050 8.0259e-17
7774.575 8.0601e-17
7776.100 7.8159e-17
7777.625 7.6865e-17
7779.150 7.7565e-17
7780.675 7.5577e-17
7782.200 7.4824e-17
7783.725 7.8615e-17
7785.250 7.7735e-17
7786.775 7.1665e-17
7788.300 7.1859e-17
7789.825 7.5406e-17
7791.350 8.1773e-17
7792.875 8.643e-17
7794.400 7.3142e-17
7795.925 6.0399e-17
7797.450 6.2972e-17
7798.975 7.0345e-17
7800.500 7.8023e-17
7802.025 8.294e-17
7803.550 8.3551e-17
7805.075 7.7172e-17
7806.600 7.4392e-17
7808.125 7.0638e-17
7809.650 6.3236e-17
7811.175 7.2008e-17
7812.700 8.1626e-17
7814.225 7.9631e-17
7815.750 8.1677e-17
7817.275 9.2955e-17
7818.800 1.0357e-16
7820.325 1.0612e-16
7821.850 9.4441e-17
7823.375 8.0977e-17
7824.900 8.5434e-17
7826.425 8.5543e-17
7827.950 7.3476e-17
7829.475 8.1948e-17
7831.000 9.459e-17
7832.525 8.9471e-17
7834.050 8.5972e-17
7835.575 9.0728e-17
7837.100 1.0139e-16
7838.625 1.0373e-16
7840.150 8.6921e-17
7841.675 7.9139e-17
7843.200 8.3298e-17
7844.725 8.378e-17
7846.250 8.9414e-17
7847.775 8.7996e-17
7849.300 8.4736e-17
7850.825 1.0187e-16
7852.350 1.1313e-16
7853.875 1.0762e-16
7855.400 9.7137e-17
7856.925 9.8276e-17
7858.450 1.1051e-16
7859.975 1.0937e-16
7861.500 8.6252e-17
7863.025 6.6764e-17
7864.550 8.1834e-17
7866.075 1.029e-16
7867.600 1.065e-16
7869.125 9.2106e-17
7870.650 9.2004e-17
7872.175 9.0013e-17
7873.700 7.8342e-17
7875.225 9.481e-17
7876.750 1.0565e-16
7878.275 1.0725e-16
7879.800 1.1126e-16
7881.325 1.0511e-16
7882.850 1.0142e-16
7884.375 1.1098e-16
7885.900 1.1105e-16
7887.425 1.0219e-16
7888.950 1.0038e-16
7890.475 1.0832e-16
7892.000 1.0662e-16
7893.525 8.8058e-17
7895.050 8.8777e-17
7896.575 9.8264e-17
7898.100 9.7234e-17
7899.625 9.4931e-17
7901.150 1.0117e-16
7902.675 1.0274e-16
7904.200 9.1255e-17
7905.725 8.1874e-17
7907.250 9.3629e-17
7908.775 1.1332e-16
7910.300 1.1143e-16
7911.825 1.0429e-16
7913.350 1.1638e-16
7914.875 1.193e-16
7916.400 9.1517e-17
7917.925 8.0585e-17
7919.450 8.4579e-17
7920.975 9.189e-17
7922.500 1.0595e-16
7924.025 9.9752e-17
7925.550 9.2625e-17
7927.075 9.895e-17
7928.600 9.6567e-17
7930.125 7.9906e-17
7931.650 7.4654e-17
7933.175 8.243e-17
7934.700 8.6944e-17
7936.225 8.5197e-17
7937.750 8.6257e-17
7939.275 8.8333e-17
7940.800 8.3305e-17
7942.325 7.7023e-17
7943.850 8.2269e-17
7945.375 8.6752e-17
7946.900 8.1908e-17
7948.425 7.9601e-17
7949.950 7.4659e-17
7951.475 6.9568e-17
7953.000 6.6607e-17
7954.525 6.7439e-17
7956.050 7.4575e-17
7957.575 7.5616e-17
7959.100 7.8163e-17
7960.625 9.0103e-17
7962.150 7.9703e-17
7963.675 7.597e-17
7965.200 8.3499e-17
7966.725 7.2263e-17
7968.250 7.0667e-17
7969.775 7.2469e-17
7971.300 6.3625e-17
7972.825 6.2647e-17
7974.350 7.6309e-17
7975.875 8.2383e-17
7977.400 8.0588e-17
7978.925 8.3022e-17
7980.450 8.1611e-17
7981.975 7.2941e-17
7983.500 6.9493e-17
7985.025 6.7031e-17
7986.550 5.9963e-17
7988.075 6.3538e-17
7989.600 6.9019e-17
7991.125 8.3776e-17
7992.650 8.8372e-17
7994.175 7.8194e-17
7995.700 6.9049e-17
7997.225 5.9078e-17
7998.750 5.5496e-17
8000.275 6.271e-17
8001.800 6.5193e-17
8003.325 6.6447e-17
8004.850 6.8906e-17
8006.375 6.4784e-17
8007.900 6.434e-17
8009.425 6.4029e-17
8010.950 6.3889e-17
8012.475 6.4622e-17
8014.000 6.9417e-17
8015.525 7.0658e-17
8017.050 6.6663e-17
8018.575 6.4462e-17
8020.100 6.8408e-17
8021.625 8.251e-17
8023.150 8.2409e-17
8024.675 7.2373e-17
8026.200 7.3671e-17
8027.725 7.2796e-17
8029.250 6.7661e-17
8030.775 6.4848e-17
8032.300 6.3646e-17
8033.825 6.1185e-17
8035.350 5.8443e-17
8036.875 6.1883e-17
8038.400 6.7392e-17
8039.925 7.0528e-17
8041.450 6.6345e-17
8042.975 6.288e-17
8044.500 6.4245e-17
8046.025 6.3515e-17
8047.550 6.655e-17
8049.075 6.8135e-17
8050.600 7.1332e-17
8052.125 7.6851e-17
8053.650 7.0097e-17
8055.175 6.1892e-17
8056.700 5.9136e-17
8058.225 6.634e-17
8059.750 7.9055e-17
8061.275 8.5255e-17
8062.800 7.7786e-17
8064.325 6.6778e-17
8065.850 6.5741e-17
8067.375 7.015e-17
8068.900 7.0036e-17
8070.425 6.1983e-17
8071.950 6.1961e-17
8073.475 7.0478e-17
8075.000 7.2297e-17
8076.525 6.7712e-17
8078.050 6.7849e-17
8079.575 7.4928e-17
8081.100 7.4001e-17
8082.625 7.3208e-17
8084.150 7.1199e-17
8085.675 6.7934e-17
8087.200 7.3228e-17
8088.725 7.4941e-17
8090.250 7.2156e-17
8091.775 7.7185e-17
8093.300 7.8966e-17
8094.825 7.5675e-17
8096.350 7.2577e-17
8097.875 6.6893e-17
8099.400 6.3731e-17
8100.925 7.0765e-17
8102.450 8.1131e-17
8103.975 8.1798e-17
8105.500 7.8259e-17
8107.025 7.4599e-17
8108.550 7.4663e-17
8110.075 7.1599e-17
8111.600 7.3574e-17
8113.125 8.3108e-17
8114.650 8.2768e-17
8116.175 7.835e-17
8117.700 7.7762e-17
8119.225 7.244e-17
8120.750 6.873e-17
8122.275 7.3575e-17
8123.800 6.7885e-17
8125.325 6.6344e-17
8126.850 7.8831e-17
8128.375 8.3365e-17
8129.900 7.5995e-17
8131.425 6.1546e-17
8132.950 6.4259e-17
8134.475 7.0101e-17
8136.000 7.5068e-17
8137.525 8.5376e-17
8139.050 8.3826e-17
8140.575 8.4588e-17
8142.100 8.3757e-17
8143.625 7.3248e-17
8145.150 6.3272e-17
8146.675 6.4267e-17
8148.200 6.8215e-17
8149.725 7.2965e-17
8151.250 7.931e-17
8152.775 7.2907e-17
8154.300 6.8838e-17
8155.825 7.6333e-17
8157.350 7.9069e-17
8158.875 7.823e-17
8160.400 8.2945e-17
8161.925 8.3095e-17
8163.450 7.8246e-17
8164.975 7.882e-17
8166.500 8.5852e-17
8168.025 9.2854e-17
8169.550 8.38e-17
8171.075 7.3015e-17
8172.600 7.1471e-17
8174.125 7.0437e-17
8175.650 7.0459e-17
8177.175 7.4122e-17
8178.700 8.0159e-17
8180.225 7.9114e-17
8181.750 8.1645e-17
8183.275 9.149e-17
8184.800 8.51e-17
8186.325 7.1408e-17
8187.850 6.7917e-17
8189.375 7.0697e-17
8190.900 7.988e-17
8192.425 8.8802e-17
8193.950 8.3025e-17
8195.475 7.3999e-17
8197.000 7.7143e-17
8198.525 8.3444e-17
8200.050 8.115e-17
8201.575 8.2192e-17
8203.100 8.6724e-17
8204.625 8.9722e-17
8206.150 8.349e-17
8207.675 8.0758e-17
8209.200 9.3871e-17
8210.725 8.905e-17
8212.250 7.8617e-17
8213.775 8.962e-17
8215.300 8.483e-17
8216.825 7.1095e-17
8218.350 8.0385e-17
8219.875 8.8775e-17
8221.400 8.7384e-17
8222.925 8.4187e-17
8224.450 8.0371e-17
8225.975 7.5027e-17
8227.500 6.8656e-17
8229.025 7.6801e-17
8230.550 8.7149e-17
8232.075 8.0519e-17
8233.600 7.7697e-17
8235.125 8.2353e-17
8236.650 7.5157e-17
8238.175 8.1914e-17
8239.700 7.7923e-17
8241.225 7.6831e-17
8242.750 8.0968e-17
8244.275 7.9242e-17
8245.800 8.8139e-17
8247.325 8.7958e-17
8248.850 8.5811e-17
8250.375 8.6531e-17
8251.900 8.2684e-17
8253.425 8.4219e-17
8254.950 9.5508e-17
8256.475 9.6186e-17
8258.000 8.1137e-17
8259.525 7.6856e-17
8261.050 7.9564e-17
8262.575 8.0657e-17
8264.100 7.6285e-17
8265.625 7.4293e-17
8267.150 8.3407e-17
8268.675 8.894e-17
8270.200 8.6835e-17
8271.725 8.3387e-17
8273.250 8.7618e-17
8274.775 9.2123e-17
8276.300 9.0911e-17
8277.825 9.9996e-17
8279.350 1.0239e-16
8280.875 9.4152e-17
8282.400 8.4554e-17
8283.925 9.2311e-17
8285.450 1.0403e-16
8286.975 1.0078e-16
8288.500 1.0425e-16
8290.025 8.3026e-17
8291.550 5.4898e-17
8293.075 7.1739e-17
8294.600 9.8956e-17
8296.125 1.1437e-16
8297.650 1.1204e-16
8299.175 8.7741e-17
8300.700 8.3872e-17
8302.225 8.5806e-17
8303.750 7.4304e-17
8305.275 7.8318e-17
8306.800 9.0556e-17
8308.325 8.8709e-17
8309.850 8.803e-17
8311.375 8.9332e-17
8312.900 8.2826e-17
8314.425 8.541e-17
8315.950 8.6184e-17
8317.475 8.6347e-17
8319.000 9.1148e-17
8320.525 8.2044e-17
8322.050 7.6177e-17
8323.575 8.1097e-17
8325.100 8.4159e-17
8326.625 8.2806e-17
8328.150 7.8417e-17
8329.675 7.5167e-17
8331.200 8.0596e-17
8332.725 8.9516e-17
8334.250 8.3787e-17
8335.775 8.5143e-17
8337.300 8.5203e-17
8338.825 8.4487e-17
8340.350 9.0584e-17
8341.875 9.5619e-17
8343.400 8.998e-17
8344.925 9.2964e-17
8346.450 8.3635e-17
8347.975 6.4268e-17
8349.500 8.2611e-17
8351.025 8.9169e-17
8352.550 7.8158e-17
8354.075 7.4407e-17
8355.600 7.0647e-17
8357.125 8.5101e-17
8358.650 1.0089e-16
8360.175 1.029e-16
8361.700 1.0489e-16
8363.225 9.4832e-17
8364.750 9.2698e-17
8366.275 8.4321e-17
8367.800 7.429e-17
8369.325 7.69e-17
8370.850 7.9977e-17
8372.375 8.4914e-17
8373.900 8.165e-17
8375.425 6.9599e-17
8376.950 7.1402e-17
8378.475 8.5194e-17
8380.000 9.0268e-17
8381.525 8.9234e-17
8383.050 8.2117e-17
8384.575 8.1139e-17
8386.100 8.1164e-17
8387.625 6.9647e-17
8389.150 7.3844e-17
8390.675 7.9631e-17
8392.200 6.98e-17
8393.725 7.7643e-17
8395.250 1.0455e-16
8396.775 1.1687e-16
8398.300 1.1975e-16
8399.825 1.1342e-16
8401.350 8.5387e-17
8402.875 6.43e-17
8404.400 6.9253e-17
8405.925 7.9233e-17
8407.450 7.3926e-17
8408.975 7.4202e-17
8410.500 8.7758e-17
8412.025 9.2067e-17
8413.550 8.6748e-17
8415.075 8.3102e-17
8416.600 7.6271e-17
8418.125 7.0299e-17
8419.650 7.1233e-17
8421.175 7.1581e-17
8422.700 7.3206e-17
8424.225 5.8921e-17
8425.750 7.8903e-17
8427.275 1.1244e-16
8428.800 1.1368e-16
8430.325 1.0986e-16
8431.850 8.703e-17
8433.375 6.6175e-17
8434.900 6.6698e-17
8436.425 7.0278e-17
8437.950 6.6459e-17
8439.475 6.7129e-17
8441.000 7.2554e-17
8442.525 7.6445e-17
8444.050 7.525e-17
8445.575 7.1441e-17
8447.100 7.5671e-17
8448.625 9.0361e-17
8450.150 8.6089e-17
8451.675 7.8146e-17
8453.200 8.5853e-17
8454.725 8.3253e-17
8456.250 6.8598e-17
8457.775 6.3291e-17
8459.300 5.9192e-17
8460.825 7.7051e-17
8462.350 8.984e-17
8463.875 9.8585e-17
8465.400 1.1666e-16
8466.925 1.0232e-16
8468.450 6.9218e-17
8469.975 5.648e-17
8471.500 6.6797e-17
8473.025 7.7897e-17
8474.550 8.0986e-17
8476.075 7.8902e-17
8477.600 7.5429e-17
8479.125 7.3724e-17
8480.650 7.2749e-17
8482.175 7.0159e-17
8483.700 6.7903e-17
8485.225 7.2343e-17
8486.750 7.6094e-17
8488.275 7.5047e-17
8489.800 9.6541e-17
8491.325 1.0257e-16
8492.850 8.518e-17
8494.375 7.2911e-17
8495.900 7.1007e-17
8497.425 7.1961e-17
8498.950 6.9291e-17
8500.475 7.9859e-17
8502.000 8.8239e-17
8503.525 8.16e-17
8505.050 9.1927e-17
8506.575 9.2942e-17
8508.100 7.1586e-17
8509.625 7.3723e-17
8511.150 8.3171e-17
8512.675 8.4498e-17
8514.200 8.3847e-17
8515.725 7.5694e-17
8517.250 7.2515e-17
8518.775 7.3669e-17
8520.300 6.8002e-17
8521.825 6.5631e-17
8523.350 7.401e-17
8524.875 8.3538e-17
8526.400 7.9068e-17
8527.925 6.8365e-17
8529.450 6.587e-17
8530.975 7.5251e-17
8532.500 7.9019e-17
8534.025 7.4443e-17
8535.550 7.8361e-17
8537.075 8.0741e-17
8538.600 7.5335e-17
8540.125 7.5028e-17
8541.650 7.5087e-17
8543.175 7.4644e-17
8544.700 9.2671e-17
8546.225 9.0747e-17
8547.750 6.8937e-17
8549.275 7.2003e-17
8550.800 7.6803e-17
8552.325 7.1546e-17
8553.850 7.1521e-17
8555.375 7.4981e-17
8556.900 7.6347e-17
8558.425 7.1576e-17
8559.950 6.5494e-17
8561.475 7.0723e-17
8563.000 7.0266e-17
8564.525 6.5688e-17
8566.050 7.191e-17
8567.575 7.5373e-17
8569.100 7.5605e-17
8570.625 7.2879e-17
8572.150 7.1299e-17
8573.675 7.2973e-17
8575.200 6.4336e-17
8576.725 6.7327e-17
8578.250 6.725e-17
8579.775 6.7606e-17
8581.300 7.3531e-17
8582.825 6.7432e-17
8584.350 7.7553e-17
8585.875 8.2587e-17
8587.400 7.5937e-17
8588.925 7.6646e-17
8590.450 7.3008e-17
8591.975 7.2961e-17
8593.500 6.7282e-17
8595.025 6.543e-17
8596.550 7.049e-17
8598.075 6.9781e-17
8599.600 6.9858e-17
8601.125 6.8279e-17
8602.650 7.2668e-17
8604.175 7.4955e-17
8605.700 6.8493e-17
8607.225 6.7147e-17
8608.750 7.275e-17
8610.275 7.8015e-17
8611.800 7.2333e-17
8613.325 7.1169e-17
8614.850 6.8308e-17
8616.375 6.1896e-17
8617.900 6.3525e-17
8619.425 5.6297e-17
8620.950 5.6123e-17
8622.475 6.6798e-17
8624.000 7.1999e-17
8625.525 8.4039e-17
8627.050 8.3691e-17
8628.575 7.5493e-17
8630.100 8.4718e-17
8631.625 8.5917e-17
8633.150 7.5849e-17
8634.675 6.7381e-17
8636.200 6.6278e-17
8637.725 6.2342e-17
8639.250 6.1757e-17
8640.775 7.5413e-17
8642.300 8.1617e-17
8643.825 7.4545e-17
8645.350 7.0299e-17
8646.875 7.5289e-17
8648.400 7.6394e-17
8649.925 7.7425e-17
8651.450 8.2179e-17
8652.975 7.655e-17
8654.500 6.7649e-17
8656.025 6.8672e-17
8657.550 6.0637e-17
8659.075 5.7553e-17
8660.600 7.3605e-17
8662.125 7.0513e-17
8663.650 6.7034e-17
8665.175 7.5093e-17
8666.700 7.6898e-17
8668.225 7.8661e-17
8669.750 7.0122e-17
8671.275 7.0022e-17
8672.800 7.685e-17
8674.325 7.6886e-17
8675.850 6.7039e-17
8677.375 5.7758e-17
8678.900 6.1881e-17
8680.425 7.0963e-17
8681.950 6.5896e-17
8683.475 6.4132e-17
8685.000 6.8941e-17
8686.525 7.1675e-17
8688.050 7.231e-17
8689.575 6.4014e-17
8691.100 6.4063e-17
8692.625 6.6968e-17
8694.150 6.5119e-17
8695.675 6.6408e-17
8697.200 6.8568e-17
8698.725 6.9512e-17
8700.250 7.1087e-17
8701.775 6.8685e-17
8703.300 6.8198e-17
8704.825 7.3313e-17
8706.350 7.4738e-17
8707.875 7.2203e-17
8709.400 6.4928e-17
8710.925 5.4562e-17
8712.450 5.6464e-17
8713.975 6.5507e-17
8715.500 6.5229e-17
8717.025 6.3195e-17
8718.550 5.716e-17
8720.075 5.8889e-17
8721.600 7.9241e-17
8723.125 7.7265e-17
8724.650 6.3835e-17
8726.175 6.3996e-17
8727.700 6.7741e-17
8729.225 6.6566e-17
8730.750 6.2742e-17
8732.275 6.431e-17
8733.800 6.4267e-17
8735.325 5.9299e-17
8736.850 5.5719e-17
8738.375 5.7168e-17
8739.900 5.8624e-17
8741.425 6.4656e-17
8742.950 6.8827e-17
8744.475 6.1568e-17
8746.000 5.8689e-17
8747.525 6.284e-17
8749.050 5.9814e-17
8750.575 4.9936e-17
8752.100 4.5821e-17
8753.625 5.4781e-17
8755.150 5.9634e-17
8756.675 6.379e-17
8758.200 7.9186e-17
8759.725 6.8876e-17
8761.250 5.5782e-17
8762.775 6.4258e-17
8764.300 6.6611e-17
8765.825 6.9329e-17
8767.350 7.7006e-17
8768.875 5.9853e-17
8770.400 2.3378e-17
8771.925 2.6229e-17
8773.450 4.8941e-17
8774.975 7.4348e-17
8776.500 8.435e-17
8778.025 6.4466e-17
8779.550 5.7452e-17
8781.075 3.4864e-17
8782.600 3.1812e-17
8784.125 5.3665e-17
8785.650 4.4219e-17
8787.175 5.4426e-17
8788.700 8.4779e-17
8790.225 6.2253e-17
8791.750 3.8013e-17
8793.275 3.3399e-17
8794.800 3.7945e-17
8796.325 4.6098e-17
8797.850 4.6342e-17
8799.375 5.1515e-17
8800.900 4.7093e-17
8802.425 4.6094e-17
8803.950 4.5277e-17
8805.475 4.1753e-17
8807.000 5.3111e-17
8808.525 5.7156e-17
8810.050 4.6788e-17
8811.575 4.9132e-17
8813.100 5.3382e-17
8814.625 4.8574e-17
8816.150 4.934e-17
8817.675 5.0411e-17
8819.200 3.7018e-17
8820.725 4.1047e-18
8822.250 2.7678e-17
8823.775 7.0456e-17
8825.300 9.5685e-17
8826.825 1.3437e-16
8828.350 9.5837e-17
8829.875 1.8392e-17
8831.400 1.1792e-17
8832.925 5.9811e-17
8834.450 7.1539e-17
8835.975 7.9603e-17
8837.500 6.723e-17
8839.025 2.7393e-17
8840.550 3.7645e-17
8842.075 5.5611e-17
8843.600 5.2658e-17
8845.125 4.9542e-17
8846.650 5.6455e-17
8848.175 4.6546e-17
8849.700 3.6815e-17
8851.225 4.777e-17
8852.750 4.7361e-17
8854.275 4.8307e-17
8855.800 5.6756e-17
8857.325 5.8421e-17
8858.850 5.8815e-17
8860.375 4.9486e-17
8861.900 3.9006e-17
8863.425 4.7477e-17
8864.950 6.4778e-17
8866.475 7.9102e-17
8868.000 7.3675e-17
8869.525 5.2035e-17
8871.050 4.0958e-17
8872.575 4.1025e-17
8874.100 5.0733e-17
8875.625 5.5621e-17
8877.150 5.2568e-17
8878.675 3.6337e-17
8880.200 2.8524e-17
8881.725 8.4368e-17
8883.250 8.91e-17
8884.775 9.0437e-17
8886.300 1.3973e-16
8887.825 8.4318e-17
8889.350 3.2933e-17
8890.875 4.7997e-17
8892.400 6.0385e-17
8893.925 6.5829e-17
8895.450 5.0016e-17
8896.975 3.6024e-17
8898.500 5.4747e-17
8900.025 6.7803e-17
8901.550 8.2422e-17
8903.075 1.0963e-16
8904.600 7.4933e-17
8906.125 4.3761e-17
8907.650 5.4346e-17
8909.175 5.3736e-17
8910.700 5.3522e-17
8912.225 4.6955e-17
8913.750 2.2954e-17
8915.275 9.2499e-17
8916.800 1.5178e-16
8918.325 1.4203e-16
8919.850 1.7706e-16
8921.375 8.6223e-17
8922.900 -1.8241e-18
8924.425 4.1823e-17
8925.950 6.6464e-17
8927.475 6.5896e-17
8929.000 6.4721e-17
8930.525 5.1912e-17
8932.050 5.3871e-17
8933.575 7.3126e-17
8935.100 6.8173e-17
8936.625 5.3524e-17
8938.150 5.7716e-17
8939.675 7.95e-17
8941.200 8.48e-17
8942.725 8.7971e-17
8944.250 8.1913e-17
8945.775 5.0054e-17
8947.300 3.8981e-17
8948.825 4.4978e-17
8950.350 4.8218e-17
8951.875 2.5565e-17
8953.400 3.6949e-17
8954.925 9.1284e-17
8956.450 9.3404e-17
8957.975 8.7346e-17
8959.500 6.7466e-17
8961.025 2.8416e-17
8962.550 4.3071e-17
8964.075 6.4611e-17
8965.600 6.2138e-17
8967.125 5.75e-17
8968.650 6.564e-17
8970.175 8.3941e-17
8971.700 8.0685e-17
8973.225 7.1632e-17
8974.750 6.6499e-17
8976.275 6.8069e-17
8977.800 8.4218e-17
8979.325 8.5461e-17
8980.850 7.5044e-17
8982.375 7.0128e-17
8983.900 8.0766e-17
8985.425 1.0883e-16
8986.950 8.2325e-17
8988.475 4.4521e-17
8990.000 5.7385e-17
8991.525 7.5671e-17
8993.050 7.9411e-17
8994.575 6.7055e-17
8996.100 8.1965e-17
8997.625 1.2287e-16
8999.150 7.4579e-17
