3300.0 2.4326e-16
3301.534238 1.2134e-16
3303.068476 1.2615e-16
3304.602714 8.977e-17
3306.136952 1.1215e-16
3307.67119 1.102e-16
3309.205428 1.6375e-16
3310.739666 1.0209e-16
3312.273904 5.9466e-17
3313.808142 4.9892e-17
3315.34238 1.1453e-16
3316.876618 1.725e-16
3318.410856 8.8038e-17
3319.945094 7.0249e-17
3321.479332 1.2536e-16
3323.01357 8.3201e-17
3324.547808 7.8177e-17
3326.082046 7.2006e-18
3327.616284 5.3115e-17
3329.150522 7.9558e-17
3330.68476 8.1322e-17
3332.218998 1.3167e-16
3333.753236 1.5507e-16
3335.287474 1.1521e-16
3336.821712 1.0878e-16
3338.35595 1.0145e-16
3339.890188 1.7102e-17
3341.424426 6.2029e-17
3342.958664 1.3117e-16
3344.492902 1.8625e-16
3346.02714 8.7807e-17
3347.561378 4.9452e-17
3349.095616 1.0251e-16
3350.629854 1.7176e-16
3352.164092 1.1003e-16
3353.69833 6.7164e-17
3355.232568 4.5302e-17
3356.766806 7.0235e-17
3358.301044 8.4746e-17
3359.835282 1.0216e-16
3361.36952 1.4073e-16
3362.903758 1.1215e-16
3364.437996 1.2656e-16
3365.972234 1.2991e-16
3367.506472 2.0148e-16
3369.04071 1.4014e-16
3370.574948 1.1571e-16
3372.109186 7.7767e-17
3373.643424 1.1496e-16
3375.177662 1.2231e-16
3376.7119 4.435e-18
3378.246138 9.8344e-17
3379.780376 1.1237e-16
3381.314614 6.415e-17
3382.848852 8.997e-17
3384.38309 9.465e-17
3385.917328 1.3164e-16
3387.451566 1.7632e-16
3388.985804 1.5139e-16
3390.520042 1.3913e-16
3392.05428 1.274e-16
3393.588518 1.1392e-16
3395.122756 1.3748e-16
3396.656994 1.6122e-16
3398.191232 1.3945e-16
3399.72547 8.4504e-17
3401.259708 1.2453e-16
3402.793946 1.4236e-16
3404.328184 1.7588e-16
3405.862422 1.4657e-16
3407.39666 1.1451e-16
3408.930898 1.0734e-16
3410.465136 1.8426e-16
3411.999374 1.6426e-16
3413.533612 1.0139e-16
3415.06785 1.155e-16
3416.602088 1.0464e-16
3418.136326 5.5588e-17
3419.670564 4.9466e-17
3421.204802 9.4503e-17
3422.73904 1.2628e-16
3424.273278 1.4742e-16
3425.807516 1.2374e-16
3427.341754 1.1057e-16
3428.875992 7.0014e-17
3430.41023 1.3848e-16
3431.944468 1.0132e-16
3433.478706 6.7943e-17
3435.012944 1.1337e-16
3436.547182 1.5378e-16
3438.08142 1.2371e-16
3439.615658 1.2306e-16
3441.149896 1.0185e-16
3442.684134 1.0013e-16
3444.218372 1.3023e-16
3445.75261 1.1014e-16
3447.286848 1.1669e-16
3448.821086 6.6943e-17
3450.355324 1.2533e-16
3451.889562 7.1799e-17
3453.4238 1.4539e-16
3454.958038 1.447e-16
3456.492276 1.3559e-16
3458.026514 1.0911e-16
3459.560752 1.0181e-16
3461.09499 7.2896e-17
3462.629228 1.3609e-16
3464.163466 9.5563e-17
3465.697704 8.7146e-17
3467.231942 8.7007e-17
3468.76618 1.1758e-16
3470.300418 8.0648e-17
3471.834656 1.236e-16
3473.368894 1.2819e-16
3474.903132 1.2746e-16
3476.43737 1.4745e-16
3477.971608 1.4933e-16
3479.505846 8.9044e-17
3481.040084 1.581e-16
3482.574322 8.6757e-17
3484.10856 1.5959e-16
3485.642798 1.6935e-16
3487.177036 1.1527e-16
3488.711274 5.492e-17
3490.245512 9.3252e-17
3491.77975 1.1552e-16
3493.313988 8.1273e-17
3494.848226 6.353e-17
3496.382464 9.8742e-17
3497.916702 1.4521e-16
3499.45094 1.1982e-16
3500.985178 1.3164e-16
3502.519416 1.0706e-16
3504.053654 1.4293e-16
3505.587892 1.4884e-16
3507.12213 1.5051e-16
3508.656368 1.34e-16
3510.190606 1.4929e-16
3511.724844 1.4341e-16
3513.259082 1.553e-16
3514.79332 1.4232e-16
3516.327558 1.4312e-16
3517.861796 9.1714e-17
3519.396034 6.3667e-17
3520.930272 6.8947e-17
3522.46451 1.2592e-16
3523.998748 1.4148e-16
3525.532986 1.5721e-16
3527.067224 1.6698e-16
3528.601462 1.4329e-16
3530.1357 1.4619e-16
3531.669938 1.6533e-16
3533.204176 1.5669e-16
3534.738414 1.4161e-16
3536.272652 1.3749e-16
3537.80689 1.4304e-16
3539.341128 1.1834e-16
3540.875366 1.4159e-16
3542.409604 1.3462e-16
3543.943842 1.8127e-16
3545.47808 1.7962e-16
3547.012318 1.1381e-16
3548.546556 1.2226e-16
3550.080794 4.6534e-17
3551.615032 1.2524e-16
3553.14927 1.4474e-16
3554.683508 1.5914e-16
3556.217746 1.4554e-16
3557.751984 1.3999e-16
3559.286222 1.3046e-16
3560.82046 7.4838e-17
3562.354698 7.3566e-17
3563.888936 1.4075e-16
3565.423174 1.4012e-16
3566.957412 1.1153e-16
3568.49165 1.0086e-16
3570.025888 1.1789e-16
3571.560126 1.0342e-16
3573.094364 8.7357e-17
3574.628602 1.3023e-16
3576.16284 1.08e-16
3577.697078 1.2066e-16
3579.231316 1.2949e-16
3580.765554 1.2891e-16
3582.299792 1.3979e-16
3583.83403 1.1287e-16
3585.368268 1.3996e-16
3586.902506 1.3784e-16
3588.436744 1.1245e-16
3589.970982 1.0348e-16
3591.50522 1.3103e-16
3593.039458 1.6181e-16
3594.573696 1.1662e-16
3596.107934 1.171e-16
3597.642172 1.1917e-16
3599.17641 1.4811e-16
3600.710648 1.4276e-16
3602.244886 1.2729e-16
3603.779124 1.1221e-16
3605.313362 9.0157e-17
3606.8476 1.1929e-16
3608.381838 1.4172e-16
3609.916076 1.0797e-16
3611.450314 1.1705e-16
3612.984552 1.347e-16
3614.51879 1.2487e-16
3616.053028 1.1041e-16
3617.587266 1.5825e-16
3619.121504 1.5858e-16
3620.655742 1.1466e-16
3622.18998 1.6316e-16
3623.724218 1.4893e-16
3625.258456 1.1819e-16
3626.792694 1.307e-16
3628.326932 1.3686e-16
3629.86117 1.161e-16
3631.395408 1.3979e-16
3632.929646 1.2713e-16
3634.463884 1.234e-16
3635.998122 1.2993e-16
3637.53236 1.3028e-16
3639.066598 1.2183e-16
3640.600836 1.2486e-16
3642.135074 1.2311e-16
3643.669312 1.3871e-16
3645.20355 1.2645e-16
3646.737788 1.4927e-16
3648.272026 1.5059e-16
3649.806264 1.0338e-16
3651.340502 1.2058e-16
3652.87474 1.3266e-16
3654.408978 1.2214e-16
3655.943216 1.2791e-16
3657.477454 1.225e-16
3659.011692 1.5667e-16
3660.54593 1.368e-16
3662.080168 1.2115e-16
3663.614406 1.3227e-16
3665.148644 1.2386e-16
3666.682882 1.2651e-16
3668.21712 1.4257e-16
3669.751358 1.2835e-16
3671.285596 1.4987e-16
3672.819834 1.5114e-16
3674.354072 1.1793e-16
3675.88831 1.1517e-16
3677.422548 1.4094e-16
3678.956786 1.2949e-16
3680.491024 1.1862e-16
3682.025262 1.2655e-16
3683.5595 1.1937e-16
3685.093738 1.2902e-16
3686.627976 1.5388e-16
3688.162214 1.2294e-16
3689.696452 1.0394e-16
3691.23069 1.3035e-16
3692.764928 1.2288e-16
3694.299166 1.5065e-16
3695.833404 1.7281e-16
3697.367642 1.433e-16
3698.90188 1.5041e-16
3700.436118 1.5084e-16
3701.970356 1.3067e-16
3703.504594 1.4872e-16
3705.038832 1.5063e-16
3706.57307 1.785e-16
3708.107308 1.6813e-16
3709.641546 1.2271e-16
3711.175784 1.4751e-16
3712.710022 1.4851e-16
3714.24426 1.6572e-16
3715.778498 1.4317e-16
3717.312736 1.363e-16
3718.846974 1.3012e-16
3720.381212 1.5216e-16
3721.91545 1.529e-16
3723.449688 1.3569e-16
3724.983926 1.6393e-16
3726.518164 1.7924e-16
3728.052402 1.024e-16
3729.58664 1.1047e-16
3731.120878 1.4457e-16
3732.655116 1.4663e-16
3734.189354 1.2165e-16
3735.723592 1.1847e-16
3737.25783 1.1092e-16
3738.792068 1.259e-16
3740.326306 1.2731e-16
3741.860544 1.1577e-16
3743.394782 1.2847e-16
3744.92902 1.288e-16
3746.463258 1.2009e-16
3747.997496 1.2405e-16
3749.531734 1.2584e-16
3751.065972 1.2529e-16
3752.60021 1.4076e-16
3754.134448 1.352e-16
3755.668686 1.4125e-16
3757.202924 1.2811e-16
3758.737162 1.0432e-16
3760.2714 1.3701e-16
3761.805638 1.4711e-16
3763.339876 1.2413e-16
3764.874114 9.3228e-17
3766.408352 1.109e-16
3767.94259 1.4977e-16
3769.476828 1.3626e-16
3771.011066 1.232e-16
3772.545304 1.2209e-16
3774.079542 1.3759e-16
3775.61378 1.2802e-16
3777.148018 1.055e-16
3778.682256 1.1701e-16
3780.216494 1.3267e-16
3781.750732 1.5421e-16
3783.28497 1.2652e-16
3784.819208 1.4159e-16
3786.353446 1.4632e-16
3787.887684 1.4136e-16
3789.421922 1.2543e-16
3790.95616 1.6394e-16
3792.490398 1.6113e-16
3794.024636 1.3488e-16
3795.558874 1.4385e-16
3797.093112 1.4029e-16
3798.62735 1.171e-16
3800.161588 1.4139e-16
3801.695826 1.4585e-16
3803.230064 1.3925e-16
3804.764302 1.4874e-16
3806.29854 1.214e-16
3807.832778 1.3639e-16
3809.367016 1.2476e-16
3810.901254 1.5687e-16
3812.435492 1.6664e-16
3813.96973 1.5353e-16
3815.503968 1.3225e-16
3817.038206 1.2772e-16
3818.572444 1.4404e-16
3820.106682 1.3292e-16
3821.64092 1.3518e-16
3823.175158 1.3668e-16
3824.709396 1.4977e-16
3826.243634 1.3689e-16
3827.777872 1.1769e-16
3829.31211 1.4044e-16
3830.846348 1.3683e-16
3832.380586 1.0873e-16
3833.914824 1.5409e-16
3835.449062 1.3631e-16
3836.9833 1.0911e-16
3838.517538 1.2555e-16
3840.051776 1.3207e-16
3841.586014 1.1339e-16
3843.120252 1.2932e-16
3844.65449 1.3884e-16
3846.188728 1.2375e-16
3847.722966 1.2402e-16
3849.257204 1.2694e-16
3850.791442 1.1185e-16
3852.32568 1.3723e-16
3853.859918 1.3844e-16
3855.394156 1.2802e-16
3856.928394 1.224e-16
3858.462632 1.4238e-16
3859.99687 1.3989e-16
3861.531108 1.3561e-16
3863.065346 1.1674e-16
3864.599584 1.4552e-16
3866.133822 1.8252e-16
3867.66806 1.445e-16
3869.202298 1.5e-16
3870.736536 1.481e-16
3872.270774 1.26e-16
3873.805012 1.1963e-16
3875.33925 1.083e-16
3876.873488 1.322e-16
3878.407726 1.3899e-16
3879.941964 1.2281e-16
3881.476202 1.5378e-16
3883.01044 1.5288e-16
3884.544678 1.7433e-16
3886.078916 1.6998e-16
3887.613154 1.521e-16
3889.147392 1.2235e-16
3890.68163 1.2749e-16
3892.215868 1.6371e-16
3893.750106 1.7711e-16
3895.284344 1.4791e-16
3896.818582 1.3851e-16
3898.35282 1.5618e-16
3899.887058 1.7453e-16
3901.421296 1.5222e-16
3902.955534 1.3433e-16
3904.489772 1.4888e-16
3906.02401 1.4803e-16
3907.558248 1.4383e-16
3909.092486 1.7038e-16
3910.626724 1.4024e-16
3912.160962 1.4816e-16
3913.6952 1.6249e-16
3915.229438 1.5479e-16
3916.763676 1.5811e-16
3918.297914 1.875e-16
3919.832152 1.5155e-16
3921.36639 1.3855e-16
3922.900628 1.3574e-16
3924.434866 1.4346e-16
3925.969104 1.6574e-16
3927.503342 1.5509e-16
3929.03758 1.3045e-16
3930.571818 1.4524e-16
3932.106056 1.5804e-16
3933.640294 1.4526e-16
3935.174532 1.6307e-16
3936.70877 1.6855e-16
3938.243008 1.6824e-16
3939.777246 1.5463e-16
3941.311484 1.4713e-16
3942.845722 1.4598e-16
3944.37996 1.3527e-16
3945.914198 1.4535e-16
3947.448436 1.2833e-16
3948.982674 1.5058e-16
3950.516912 1.4212e-16
3952.05115 1.7725e-16
3953.585388 1.6424e-16
3955.119626 1.2746e-16
3956.653864 1.5063e-16
3958.188102 1.5443e-16
3959.72234 1.4177e-16
3961.256578 1.3736e-16
3962.790816 1.3453e-16
3964.325054 1.2073e-16
3965.859292 1.1809e-16
3967.39353 1.4262e-16
3968.927768 1.4886e-16
3970.462006 1.3817e-16
3971.996244 1.3006e-16
3973.530482 1.5148e-16
3975.06472 1.7243e-16
3976.598958 1.5286e-16
3978.133196 1.6252e-16
3979.667434 1.5319e-16
3981.201672 1.4636e-16
3982.73591 1.3223e-16
3984.270148 1.4395e-16
3985.804386 1.5005e-16
3987.338624 1.5198e-16
3988.872862 1.2375e-16
3990.4071 1.3612e-16
3991.941338 1.3655e-16
3993.475576 1.3619e-16
3995.009814 1.4916e-16
3996.544052 1.6024e-16
3998.07829 1.4528e-16
3999.612528 1.351e-16
4001.146766 1.3454e-16
4002.681004 1.1802e-16
4004.215242 1.3945e-16
4005.74948 1.5273e-16
4007.283718 1.5973e-16
4008.817956 1.6456e-16
4010.352194 1.4535e-16
4011.886432 1.4036e-16
4013.42067 1.5371e-16
4014.954908 1.3454e-16
4016.489146 1.563e-16
4018.023384 1.5645e-16
4019.557622 1.5931e-16
4021.09186 1.705e-16
4022.626098 1.5736e-16
4024.160336 1.7291e-16
4025.694574 1.6437e-16
4027.228812 1.2872e-16
4028.76305 1.2692e-16
4030.297288 1.2643e-16
4031.831526 1.2896e-16
4033.365764 1.3651e-16
4034.900002 1.5121e-16
4036.43424 1.547e-16
4037.968478 1.4929e-16
4039.502716 1.3722e-16
4041.036954 1.3215e-16
4042.571192 1.2473e-16
4044.10543 1.1582e-16
4045.639668 1.5978e-16
4047.173906 1.6685e-16
4048.708144 1.1695e-16
4050.242382 1.2476e-16
4051.77662 1.3287e-16
4053.310858 1.4116e-16
4054.845096 1.5661e-16
4056.379334 1.2892e-16
4057.913572 1.3624e-16
4059.44781 1.6138e-16
4060.982048 1.5994e-16
4062.516286 1.4476e-16
4064.050524 1.3405e-16
4065.584762 1.3101e-16
4067.119 1.4245e-16
4068.653238 1.2786e-16
4070.187476 1.4662e-16
4071.721714 1.2651e-16
4073.255952 1.4458e-16
4074.79019 1.1414e-16
4076.324428 1.1578e-16
4077.858666 1.0937e-16
4079.392904 1.436e-16
4080.927142 1.2842e-16
4082.46138 1.0342e-16
4083.995618 1.4229e-16
4085.529856 1.4417e-16
4087.064094 1.3561e-16
4088.598332 1.3799e-16
4090.13257 1.3855e-16
4091.666808 1.499e-16
4093.201046 1.4887e-16
4094.735284 1.4937e-16
4096.269522 1.5292e-16
4097.80376 1.355e-16
4099.337998 1.315e-16
4100.872236 1.4428e-16
4102.406474 1.2887e-16
4103.940712 1.5563e-16
4105.47495 1.6862e-16
4107.009188 1.5932e-16
4108.543426 1.5026e-16
4110.077664 1.3812e-16
4111.611902 1.4469e-16
4113.14614 1.555e-16
4114.680378 1.6472e-16
4116.214616 1.5009e-16
4117.748854 1.5263e-16
4119.283092 1.4742e-16
4120.81733 1.3282e-16
4122.351568 1.4459e-16
4123.885806 1.5677e-16
4125.420044 1.457e-16
4126.954282 1.4258e-16
4128.48852 1.5268e-16
4130.022758 1.5135e-16
4131.556996 1.5492e-16
4133.091234 1.5048e-16
4134.625472 1.161e-16
4136.15971 1.2386e-16
4137.693948 1.3439e-16
4139.228186 1.2868e-16
4140.762424 1.3479e-16
4142.296662 1.2753e-16
4143.8309 1.3712e-16
4145.365138 1.4967e-16
4146.899376 1.5793e-16
4148.433614 1.3829e-16
4149.967852 1.4525e-16
4151.50209 1.5302e-16
4153.036328 1.4675e-16
4154.570566 1.5721e-16
4156.104804 1.678e-16
4157.639042 1.343e-16
4159.17328 1.2401e-16
4160.707518 1.6382e-16
4162.241756 1.6538e-16
4163.775994 1.6956e-16
4165.310232 1.6149e-16
4166.84447 1.7308e-16
4168.378708 1.7256e-16
4169.912946 1.597e-16
4171.447184 1.5093e-16
4172.981422 1.402e-16
4174.51566 1.4602e-16
4176.049898 1.4961e-16
4177.584136 1.6601e-16
4179.118374 1.7377e-16
4180.652612 1.6837e-16
4182.18685 1.7445e-16
4183.721088 1.3682e-16
4185.255326 1.48e-16
4186.789564 1.6256e-16
4188.323802 1.6823e-16
4189.85804 1.6131e-16
4191.392278 1.7357e-16
4192.926516 1.7454e-16
4194.460754 1.5721e-16
4195.994992 1.6991e-16
4197.52923 1.5267e-16
4199.063468 1.5857e-16
4200.597706 1.7027e-16
4202.131944 1.6947e-16
4203.666182 1.5985e-16
4205.20042 1.7731e-16
4206.734658 1.5369e-16
4208.268896 1.6111e-16
4209.803134 1.7009e-16
4211.337372 1.4791e-16
4212.87161 1.427e-16
4214.405848 1.4004e-16
4215.940086 1.5508e-16
4217.474324 1.5913e-16
4219.008562 1.4872e-16
4220.5428 1.293e-16
4222.077038 1.4475e-16
4223.611276 1.2047e-16
4225.145514 1.3803e-16
4226.679752 1.3857e-16
4228.21399 1.3321e-16
4229.748228 1.3585e-16
4231.282466 1.4072e-16
4232.816704 1.3735e-16
4234.350942 1.5735e-16
4235.88518 1.7376e-16
4237.419418 1.5518e-16
4238.953656 1.2885e-16
4240.487894 1.3798e-16
4242.022132 1.457e-16
4243.55637 1.2967e-16
4245.090608 1.4152e-16
4246.624846 1.4111e-16
4248.159084 1.4809e-16
4249.693322 1.4223e-16
4251.22756 1.3709e-16
4252.761798 1.3736e-16
4254.296036 1.3901e-16
4255.830274 1.4169e-16
4257.364512 1.4831e-16
4258.89875 1.2744e-16
4260.432988 1.3552e-16
4261.967226 1.3059e-16
4263.501464 1.522e-16
4265.035702 1.5085e-16
4266.56994 1.4103e-16
4268.104178 1.5343e-16
4269.638416 1.686e-16
4271.172654 1.2214e-16
4272.706892 1.1459e-16
4274.24113 1.3972e-16
4275.775368 1.4074e-16
4277.309606 1.7913e-16
4278.843844 1.4331e-16
4280.378082 1.5226e-16
4281.91232 1.4446e-16
4283.446558 1.39e-16
4284.980796 1.3287e-16
4286.515034 1.3265e-16
4288.049272 1.2839e-16
4289.58351 1.3197e-16
4291.117748 1.4025e-16
4292.651986 1.5042e-16
4294.186224 1.4988e-16
4295.720462 1.3671e-16
4297.2547 1.2079e-16
4298.788938 1.264e-16
4300.323176 1.2279e-16
4301.857414 1.4762e-16
4303.391652 1.2768e-16
4304.92589 1.2721e-16
4306.460128 1.5098e-16
4307.994366 1.5528e-16
4309.528604 1.5353e-16
4311.062842 1.5911e-16
4312.59708 1.5579e-16
4314.131318 1.1719e-16
4315.665556 1.2427e-16
4317.199794 1.2629e-16
4318.734032 1.5564e-16
4320.26827 1.6925e-16
4321.802508 1.4585e-16
4323.336746 1.4679e-16
4324.870984 1.2211e-16
4326.405222 1.1976e-16
4327.93946 1.3468e-16
4329.473698 1.4735e-16
4331.007936 1.4714e-16
4332.542174 1.4617e-16
4334.076412 1.2947e-16
4335.61065 1.443e-16
4337.144888 1.4654e-16
4338.679126 1.4075e-16
4340.213364 1.3262e-16
4341.747602 1.2443e-16
4343.28184 1.2914e-16
4344.816078 1.2955e-16
4346.350316 1.4289e-16
4347.884554 1.474e-16
4349.418792 1.4576e-16
4350.95303 1.3907e-16
4352.487268 1.4475e-16
4354.021506 1.513e-16
4355.555744 1.4428e-16
4357.089982 1.7398e-16
4358.62422 1.6753e-16
4360.158458 1.5332e-16
4361.692696 1.4893e-16
4363.226934 1.461e-16
4364.761172 1.6084e-16
4366.29541 1.7262e-16
4367.829648 1.6456e-16
4369.363886 1.5659e-16
4370.898124 1.4002e-16
4372.432362 1.4973e-16
4373.9666 1.6337e-16
4375.500838 1.4429e-16
4377.035076 1.1685e-16
4378.569314 1.449e-16
4380.103552 1.5689e-16
4381.63779 1.217e-16
4383.172028 1.4491e-16
4384.706266 1.7325e-16
4386.240504 1.5896e-16
4387.774742 1.3443e-16
4389.30898 1.1103e-16
4390.843218 1.3315e-16
4392.377456 1.4751e-16
4393.911694 1.2983e-16
4395.445932 1.1774e-16
4396.98017 1.4488e-16
4398.514408 1.4325e-16
4400.048646 1.3471e-16
4401.582884 1.0822e-16
4403.117122 1.2197e-16
4404.65136 1.3386e-16
4406.185598 1.4808e-16
4407.719836 1.4762e-16
4409.254074 1.3579e-16
4410.788312 1.4694e-16
4412.32255 1.4791e-16
4413.856788 1.2705e-16
4415.391026 1.4378e-16
4416.925264 1.4718e-16
4418.459502 1.5206e-16
4419.99374 1.3811e-16
4421.527978 1.3547e-16
4423.062216 1.5118e-16
4424.596454 1.3635e-16
4426.130692 1.4959e-16
4427.66493 1.3328e-16
4429.199168 1.3445e-16
4430.733406 1.4541e-16
4432.267644 1.3814e-16
4433.801882 1.5058e-16
4435.33612 1.4596e-16
4436.870358 1.3889e-16
4438.404596 1.1895e-16
4439.938834 1.3108e-16
4441.473072 1.1912e-16
4443.00731 1.1705e-16
4444.541548 1.2015e-16
4446.075786 1.268e-16
4447.610024 1.3331e-16
4449.144262 1.351e-16
4450.6785 1.3511e-16
4452.212738 1.4277e-16
4453.746976 1.1587e-16
4455.281214 1.4536e-16
4456.815452 1.4182e-16
4458.34969 1.2552e-16
4459.883928 1.5453e-16
4461.418166 1.4732e-16
4462.952404 1.5059e-16
4464.486642 1.4334e-16
4466.02088 1.3626e-16
4467.555118 1.329e-16
4469.089356 1.1259e-16
4470.623594 1.1881e-16
4472.157832 1.2051e-16
4473.69207 1.1344e-16
4475.226308 1.2356e-16
4476.760546 1.3873e-16
4478.294784 1.3709e-16
4479.829022 1.3031e-16
4481.36326 1.3893e-16
4482.897498 1.1456e-16
4484.431736 1.3025e-16
4485.965974 1.3963e-16
4487.500212 1.4165e-16
4489.03445 1.5757e-16
4490.568688 1.4584e-16
4492.102926 1.4334e-16
4493.637164 1.2165e-16
4495.171402 1.4745e-16
4496.70564 1.4414e-16
4498.239878 1.4641e-16
4499.774116 1.3268e-16
4501.308354 1.4165e-16
4502.842592 1.6984e-16
4504.37683 1.6276e-16
4505.911068 1.4129e-16
4507.445306 1.3233e-16
4508.979544 1.2875e-16
4510.513782 1.248e-16
4512.04802 1.3406e-16
4513.582258 1.2125e-16
4515.116496 1.252e-16
4516.650734 1.5227e-16
4518.184972 1.369e-16
4519.71921 1.5428e-16
4521.253448 1.4934e-16
4522.787686 1.3417e-16
4524.321924 1.563e-16
4525.856162 1.4552e-16
4527.3904 1.3824e-16
4528.924638 1.2728e-16
4530.458876 1.4342e-16
4531.993114 1.216e-16
4533.527352 1.3836e-16
4535.06159 1.3664e-16
4536.595828 1.4924e-16
4538.130066 1.7228e-16
4539.664304 1.4901e-16
4541.198542 1.3328e-16
4542.73278 1.435e-16
4544.267018 1.5106e-16
4545.801256 1.7356e-16
4547.335494 1.6169e-16
4548.869732 1.4503e-16
4550.40397 1.4028e-16
4551.938208 1.6319e-16
4553.472446 1.4797e-16
4555.006684 1.3909e-16
4556.540922 1.6873e-16
4558.07516 1.8303e-16
4559.609398 1.4702e-16
4561.143636 1.3931e-16
4562.677874 1.5752e-16
4564.212112 1.3285e-16
4565.74635 1.4919e-16
4567.280588 1.4295e-16
4568.814826 1.2687e-16
4570.349064 1.6192e-16
4571.883302 1.47e-16
4573.41754 1.3833e-16
4574.951778 1.5093e-16
4576.486016 1.3915e-16
4578.020254 1.2627e-16
4579.554492 1.4161e-16
4581.08873 1.4322e-16
4582.622968 1.4543e-16
4584.157206 1.3257e-16
4585.691444 1.4427e-16
4587.225682 1.6402e-16
4588.75992 1.5488e-16
4590.294158 1.1798e-16
4591.828396 1.2493e-16
4593.362634 1.4093e-16
4594.896872 1.6212e-16
4596.43111 1.4124e-16
4597.965348 1.2633e-16
4599.499586 1.1757e-16
4601.033824 1.1649e-16
4602.568062 1.1932e-16
4604.1023 1.3975e-16
4605.636538 1.2626e-16
4607.170776 1.1402e-16
4608.705014 1.3334e-16
4610.239252 1.4848e-16
4611.77349 1.2975e-16
4613.307728 1.078e-16
4614.841966 1.2364e-16
4616.376204 1.3112e-16
4617.910442 1.1205e-16
4619.44468 1.4042e-16
4620.978918 1.1802e-16
4622.513156 1.114e-16
4624.047394 1.389e-16
4625.581632 1.343e-16
4627.11587 1.1705e-16
4628.650108 1.3372e-16
4630.184346 1.4292e-16
4631.718584 1.2596e-16
4633.252822 1.1713e-16
4634.78706 1.1613e-16
4636.321298 1.4436e-16
4637.855536 1.4966e-16
4639.389774 1.4911e-16
4640.924012 1.2663e-16
4642.45825 1.3435e-16
4643.992488 1.2297e-16
4645.526726 1.2691e-16
4647.060964 1.3372e-16
4648.595202 1.2005e-16
4650.12944 1.2197e-16
4651.663678 1.2762e-16
4653.197916 1.2019e-16
4654.732154 1.0647e-16
4656.266392 1.3934e-16
4657.80063 1.4684e-16
4659.334868 1.4157e-16
4660.869106 1.3621e-16
4662.403344 1.217e-16
4663.937582 1.2475e-16
4665.47182 1.4883e-16
4667.006058 1.4663e-16
4668.540296 1.2033e-16
4670.074534 1.139e-16
4671.608772 1.2883e-16
4673.14301 1.3897e-16
4674.677248 1.1118e-16
4676.211486 1.3326e-16
4677.745724 1.3568e-16
4679.279962 1.2712e-16
4680.8142 1.2786e-16
4682.348438 1.1943e-16
4683.882676 1.1885e-16
4685.416914 1.0508e-16
4686.951152 1.0319e-16
4688.48539 1.1026e-16
4690.019628 1.2074e-16
4691.553866 1.1842e-16
4693.088104 1.1647e-16
4694.622342 1.0745e-16
4696.15658 8.717e-17
4697.690818 1.263e-16
4699.225056 1.5568e-16
4700.759294 1.4887e-16
4702.293532 1.4028e-16
4703.82777 1.2874e-16
4705.362008 1.2672e-16
4706.896246 1.3898e-16
4708.430484 1.1989e-16
4709.964722 1.1927e-16
4711.49896 1.4247e-16
4713.033198 1.2984e-16
4714.567436 1.4159e-16
4716.101674 1.3356e-16
4717.635912 1.3997e-16
4719.17015 1.3919e-16
4720.704388 1.3779e-16
4722.238626 1.3609e-16
4723.772864 1.3662e-16
4725.307102 1.3119e-16
4726.84134 1.1573e-16
4728.375578 1.3133e-16
4729.909816 1.4412e-16
4731.444054 1.2908e-16
4732.978292 1.1476e-16
4734.51253 1.3773e-16
4736.046768 1.4553e-16
4737.581006 1.3623e-16
4739.115244 1.3864e-16
4740.649482 1.3945e-16
4742.18372 1.4361e-16
4743.717958 1.4865e-16
4745.252196 1.4301e-16
4746.786434 1.2729e-16
4748.320672 1.2964e-16
4749.85491 1.2936e-16
4751.389148 1.4997e-16
4752.923386 1.3922e-16
4754.457624 1.261e-16
4755.991862 1.3664e-16
4757.5261 1.3917e-16
4759.060338 1.5502e-16
4760.594576 1.3459e-16
4762.128814 1.2717e-16
4763.663052 1.3921e-16
4765.19729 1.2233e-16
4766.731528 1.262e-16
4768.265766 1.2802e-16
4769.800004 1.2383e-16
4771.334242 1.3622e-16
4772.86848 1.2463e-16
4774.402718 1.4023e-16
4775.936956 1.4466e-16
4777.471194 1.3706e-16
4779.005432 1.3048e-16
4780.53967 1.3532e-16
4782.073908 1.2193e-16
4783.608146 1.1396e-16
4785.142384 1.2294e-16
4786.676622 1.4391e-16
4788.21086 1.455e-16
4789.745098 1.4836e-16
4791.279336 1.3685e-16
4792.813574 1.4128e-16
4794.347812 1.3194e-16
4795.88205 1.3451e-16
4797.416288 1.4461e-16
4798.950526 1.445e-16
4800.484764 1.4886e-16
4802.019002 1.3749e-16
4803.55324 1.3319e-16
4805.087478 1.3721e-16
4806.621716 1.333e-16
4808.155954 1.3714e-16
4809.690192 1.2689e-16
4811.22443 1.4359e-16
4812.758668 1.4884e-16
4814.292906 1.3337e-16
4815.827144 1.254e-16
4817.361382 1.285e-16
4818.89562 1.4279e-16
4820.429858 1.6179e-16
4821.964096 1.6559e-16
4823.498334 1.614e-16
4825.032572 1.3794e-16
4826.56681 1.3283e-16
4828.101048 1.3797e-16
4829.635286 1.2947e-16
4831.169524 1.3978e-16
4832.703762 1.4398e-16
4834.238 1.3763e-16
4835.772238 1.3478e-16
4837.306476 1.3521e-16
4838.840714 1.5333e-16
4840.374952 1.5014e-16
4841.90919 1.3646e-16
4843.443428 1.2791e-16
4844.977666 1.3389e-16
4846.511904 1.3299e-16
4848.046142 1.3286e-16
4849.58038 1.326e-16
4851.114618 1.2437e-16
4852.648856 1.2688e-16
4854.183094 1.3017e-16
4855.717332 1.3991e-16
4857.25157 1.2458e-16
4858.785808 1.4134e-16
4860.320046 1.3852e-16
4861.854284 1.3866e-16
4863.388522 1.2081e-16
4864.92276 1.233e-16
4866.456998 1.2991e-16
4867.991236 1.1598e-16
4869.525474 1.3283e-16
4871.059712 1.3479e-16
4872.59395 1.2076e-16
4874.128188 1.292e-16
4875.662426 1.3672e-16
4877.196664 1.3674e-16
4878.730902 1.2487e-16
4880.26514 1.2059e-16
4881.799378 1.4226e-16
4883.333616 1.391e-16
4884.867854 1.3608e-16
4886.402092 1.3192e-16
4887.93633 1.3893e-16
4889.470568 1.268e-16
4891.004806 1.2189e-16
4892.539044 1.3539e-16
4894.073282 1.3997e-16
4895.60752 1.3077e-16
4897.141758 1.2556e-16
4898.675996 1.2041e-16
4900.210234 1.2712e-16
4901.744472 1.4023e-16
4903.27871 1.1237e-16
4904.812948 1.321e-16
4906.347186 1.2943e-16
4907.881424 1.3848e-16
4909.415662 1.2862e-16
4910.9499 1.1117e-16
4912.484138 1.2324e-16
4914.018376 1.4014e-16
4915.552614 1.3493e-16
4917.086852 1.3579e-16
4918.62109 1.3403e-16
4920.155328 1.1656e-16
4921.689566 1.1146e-16
4923.223804 1.1004e-16
4924.758042 1.3131e-16
4926.29228 1.3641e-16
4927.826518 1.3812e-16
4929.360756 1.3324e-16
4930.894994 1.0879e-16
4932.429232 1.1637e-16
4933.96347 1.2052e-16
4935.497708 1.2916e-16
4937.031946 1.271e-16
4938.566184 1.2223e-16
4940.100422 1.3053e-16
4941.63466 1.4332e-16
4943.168898 1.1407e-16
4944.703136 1.1371e-16
4946.237374 1.1418e-16
4947.771612 1.0436e-16
4949.30585 1.1182e-16
4950.840088 1.1139e-16
4952.374326 1.312e-16
4953.908564 1.1961e-16
4955.442802 1.0877e-16
4956.97704 1.1106e-16
4958.511278 1.0046e-16
4960.045516 9.8814e-17
4961.579754 1.1996e-16
4963.113992 1.2858e-16
4964.64823 1.3131e-16
4966.182468 1.3209e-16
4967.716706 1.2525e-16
4969.250944 1.1898e-16
4970.785182 1.0598e-16
4972.31942 1.0722e-16
4973.853658 9.5433e-17
4975.387896 1.0146e-16
4976.922134 1.2038e-16
4978.456372 1.0375e-16
4979.99061 1.1088e-16
4981.524848 1.0372e-16
4983.059086 1.0417e-16
4984.593324 1.016e-16
4986.127562 1.036e-16
4987.6618 9.9552e-17
4989.196038 1.0344e-16
4990.730276 9.7325e-17
4992.264514 1.044e-16
4993.798752 1.317e-16
4995.33299 1.1438e-16
4996.867228 1.0642e-16
4998.401466 1.1714e-16
4999.935704 1.0865e-16
5001.469942 1.1325e-16
5003.00418 9.7766e-17
5004.538418 1.129e-16
5006.072656 1.27e-16
5007.606894 1.2965e-16
5009.141132 1.2351e-16
5010.67537 1.3389e-16
5012.209608 1.4439e-16
5013.743846 1.3107e-16
5015.278084 1.2994e-16
5016.812322 1.2978e-16
5018.34656 1.3078e-16
5019.880798 1.3525e-16
5021.415036 1.3994e-16
5022.949274 1.3371e-16
5024.483512 1.1046e-16
5026.01775 1.1827e-16
5027.551988 1.1766e-16
5029.086226 1.3166e-16
5030.620464 1.4751e-16
5032.154702 1.2925e-16
5033.68894 1.2825e-16
5035.223178 1.3451e-16
5036.757416 1.2798e-16
5038.291654 1.3723e-16
5039.825892 1.1862e-16
5041.36013 1.2841e-16
5042.894368 1.3475e-16
5044.428606 1.2157e-16
5045.962844 1.2502e-16
5047.497082 1.4269e-16
5049.03132 1.3861e-16
5050.565558 1.1869e-16
5052.099796 1.3335e-16
5053.634034 1.2948e-16
5055.168272 1.0943e-16
5056.70251 1.2252e-16
5058.236748 1.3235e-16
5059.770986 1.3065e-16
5061.305224 1.4161e-16
5062.839462 1.1715e-16
5064.3737 1.2273e-16
5065.907938 1.3297e-16
5067.442176 1.2034e-16
5068.976414 1.3103e-16
5070.510652 1.1646e-16
5072.04489 1.122e-16
5073.579128 1.2895e-16
5075.113366 1.1936e-16
5076.647604 1.2447e-16
5078.181842 1.2509e-16
5079.71608 1.2465e-16
5081.250318 1.2327e-16
5082.784556 1.3343e-16
5084.318794 1.2444e-16
5085.853032 1.3443e-16
5087.38727 1.3309e-16
5088.921508 1.5179e-16
5090.455746 1.411e-16
5091.989984 1.2429e-16
5093.524222 1.1672e-16
5095.05846 1.3561e-16
5096.592698 1.4466e-16
5098.126936 1.4445e-16
5099.661174 1.3825e-16
5101.195412 1.3935e-16
5102.72965 1.3565e-16
5104.263888 1.2988e-16
5105.798126 1.2898e-16
5107.332364 1.2543e-16
5108.866602 1.2115e-16
5110.40084 1.281e-16
5111.935078 1.4908e-16
5113.469316 1.4705e-16
5115.003554 1.3369e-16
5116.537792 1.3614e-16
5118.07203 1.3007e-16
5119.606268 1.3626e-16
5121.140506 1.5615e-16
5122.674744 1.4953e-16
5124.208982 1.3616e-16
5125.74322 1.3792e-16
5127.277458 1.3183e-16
5128.811696 1.2962e-16
5130.345934 1.356e-16
5131.880172 1.2636e-16
5133.41441 1.1966e-16
5134.948648 1.2862e-16
5136.482886 1.2874e-16
5138.017124 1.461e-16
5139.551362 1.3164e-16
5141.0856 1.2698e-16
5142.619838 1.4085e-16
5144.154076 1.1914e-16
5145.688314 1.1161e-16
5147.222552 1.3587e-16
5148.75679 1.4607e-16
5150.291028 1.3712e-16
5151.825266 1.2806e-16
5153.359504 1.1958e-16
5154.893742 1.2675e-16
5156.42798 1.361e-16
5157.962218 1.4161e-16
5159.496456 1.3327e-16
5161.030694 1.3475e-16
5162.564932 1.3199e-16
5164.09917 1.2033e-16
5165.633408 1.1017e-16
5167.167646 1.281e-16
5168.701884 1.3152e-16
5170.236122 1.3264e-16
5171.77036 1.2125e-16
5173.304598 1.2641e-16
5174.838836 1.3024e-16
5176.373074 1.2837e-16
5177.907312 1.3241e-16
5179.44155 1.3899e-16
5180.975788 1.1044e-16
5182.510026 1.119e-16
5184.044264 1.1514e-16
5185.578502 1.2388e-16
5187.11274 1.1227e-16
5188.646978 1.2029e-16
5190.181216 1.2543e-16
5191.715454 1.4107e-16
5193.249692 1.2769e-16
5194.78393 1.0804e-16
5196.318168 1.0926e-16
5197.852406 1.2567e-16
5199.386644 1.2436e-16
5200.920882 1.2035e-16
5202.45512 1.1233e-16
5203.989358 1.0069e-16
5205.523596 1.2091e-16
5207.057834 1.25e-16
5208.592072 1.1932e-16
5210.12631 1.0505e-16
5211.660548 1.1235e-16
5213.194786 1.1544e-16
5214.729024 1.2143e-16
5216.263262 1.2198e-16
5217.7975 1.2002e-16
5219.331738 1.1708e-16
5220.865976 1.2343e-16
5222.400214 1.0989e-16
5223.934452 1.0631e-16
5225.46869 1.3328e-16
5227.002928 1.1186e-16
5228.537166 1.0131e-16
5230.071404 9.8208e-17
5231.605642 1.1196e-16
5233.13988 1.3074e-16
5234.674118 1.3326e-16
5236.208356 1.2948e-16
5237.742594 1.18e-16
5239.276832 1.1119e-16
5240.81107 9.4858e-17
5242.345308 1.093e-16
5243.879546 1.2497e-16
5245.413784 1.2293e-16
5246.948022 1.2784e-16
5248.48226 1.3617e-16
5250.016498 1.0881e-16
5251.550736 1.0378e-16
5253.084974 1.0088e-16
5254.619212 1.1304e-16
5256.15345 1.0104e-16
5257.687688 9.4891e-17
5259.221926 1.0302e-16
5260.756164 1.2917e-16
5262.290402 1.1929e-16
5263.82464 1.2211e-16
5265.358878 1.1257e-16
5266.893116 1.0806e-16
5268.427354 1.2063e-16
5269.961592 1.3427e-16
5271.49583 1.2327e-16
5273.030068 1.0067e-16
5274.564306 9.9524e-17
5276.098544 1.0461e-16
5277.632782 1.1781e-16
5279.16702 1.1658e-16
5280.701258 1.0614e-16
5282.235496 1.1548e-16
5283.769734 1.119e-16
5285.303972 1.1039e-16
5286.83821 1.2187e-16
5288.372448 1.1817e-16
5289.906686 9.6791e-17
5291.440924 1.031e-16
5292.975162 1.111e-16
5294.5094 1.0424e-16
5296.043638 1.1237e-16
5297.577876 1.1503e-16
5299.112114 1.1722e-16
5300.646352 1.1508e-16
5302.18059 1.0477e-16
5303.714828 9.653e-17
5305.249066 1.0333e-16
5306.783304 9.1564e-17
5308.317542 9.6165e-17
5309.85178 1.0333e-16
5311.386018 1.2234e-16
5312.920256 9.7495e-17
5314.454494 1.1185e-16
5315.988732 1.1718e-16
5317.52297 1.0862e-16
5319.057208 1.0344e-16
5320.591446 1.0872e-16
5322.125684 1.0942e-16
5323.659922 1.1889e-16
5325.19416 1.1377e-16
5326.728398 1.0533e-16
5328.262636 1.0555e-16
5329.796874 9.4865e-17
5331.331112 1.1726e-16
5332.86535 1.2284e-16
5334.399588 1.0642e-16
5335.933826 1.0898e-16
5337.468064 1.2528e-16
5339.002302 1.1298e-16
5340.53654 9.8052e-17
5342.070778 1.0503e-16
5343.605016 1.1249e-16
5345.139254 9.3963e-17
5346.673492 1.0261e-16
5348.20773 1.0175e-16
5349.741968 1.1208e-16
5351.276206 1.344e-16
5352.810444 1.1533e-16
5354.344682 1.1662e-16
5355.87892 1.0118e-16
5357.413158 1.0794e-16
5358.947396 1.2035e-16
5360.481634 1.029e-16
5362.015872 1.1567e-16
5363.55011 1.097e-16
5365.084348 1.1428e-16
5366.618586 1.1456e-16
5368.152824 1.1448e-16
5369.687062 1.2021e-16
5371.2213 1.0368e-16
5372.755538 9.5911e-17
5374.289776 1.017e-16
5375.824014 9.7721e-17
5377.358252 1.1116e-16
5378.89249 9.2247e-17
5380.426728 1.1487e-16
5381.960966 1.484e-16
5383.495204 1.1277e-16
5385.029442 9.3151e-17
5386.56368 1.0742e-16
5388.097918 1.1404e-16
5389.632156 1.2041e-16
5391.166394 1.3051e-16
5392.700632 1.1752e-16
5394.23487 1.3017e-16
5395.769108 1.3631e-16
5397.303346 1.2231e-16
5398.837584 1.238e-16
5400.371822 1.1314e-16
5401.90606 1.0062e-16
5403.440298 1.0329e-16
5404.974536 9.6029e-17
5406.508774 1.0428e-16
5408.043012 1.0138e-16
5409.57725 1.0624e-16
5411.111488 1.3636e-16
5412.645726 1.0943e-16
5414.179964 1.0335e-16
5415.714202 9.3402e-17
5417.24844 1.0357e-16
5418.782678 1.3068e-16
5420.316916 1.4563e-16
5421.851154 1.3732e-16
5423.385392 1.281e-16
5424.91963 1.1411e-16
5426.453868 1.0102e-16
5427.988106 1.1386e-16
5429.522344 1.3002e-16
5431.056582 1.1983e-16
5432.59082 1.3691e-16
5434.125058 1.5984e-16
5435.659296 1.4517e-16
5437.193534 9.6326e-17
5438.727772 1.271e-16
5440.26201 1.3467e-16
5441.796248 1.1146e-16
5443.330486 1.1899e-16
5444.864724 1.1914e-16
5446.398962 1.0875e-16
5447.9332 1.1509e-16
5449.467438 1.2652e-16
5451.001676 9.5954e-17
5452.535914 1.0837e-16
5454.070152 9.2208e-17
5455.60439 9.3974e-17
5457.138628 1.323e-16
5458.672866 1.3499e-16
5460.207104 1.7604e-16
5461.741342 2.0082e-16
5463.27558 1.126e-16
5464.809818 1.0684e-16
5466.344056 1.4135e-16
5467.878294 1.0641e-16
5469.412532 9.9747e-17
5470.94677 1.3898e-16
5472.481008 1.2046e-16
5474.015246 1.1391e-16
5475.549484 1.2375e-16
5477.083722 1.2247e-16
5478.61796 1.019e-16
5480.152198 1.0902e-16
5481.686436 1.2524e-16
5483.220674 1.3893e-16
5484.754912 1.2659e-16
5486.28915 8.7207e-17
5487.823388 1.2061e-16
5489.357626 1.2674e-16
5490.891864 1.367e-16
5492.426102 1.2813e-16
5493.96034 1.1676e-16
5495.494578 1.1449e-16
5497.028816 1.1054e-16
5498.563054 1.0796e-16
5500.097292 1.2145e-16
5501.63153 1.1906e-16
5503.165768 1.1282e-16
5504.700006 1.1139e-16
5506.234244 1.3991e-16
5507.768482 1.2988e-16
5509.30272 1.2656e-16
5510.836958 1.0928e-16
5512.371196 1.1467e-16
5513.905434 1.1638e-16
5515.439672 1.1457e-16
5516.97391 1.2378e-16
5518.508148 1.1777e-16
5520.042386 1.1403e-16
5521.576624 1.3345e-16
5523.110862 1.187e-16
5524.6451 1.0294e-16
5526.179338 1.2015e-16
5527.713576 1.1346e-16
5529.247814 1.2057e-16
5530.782052 1.2787e-16
5532.31629 1.3383e-16
5533.850528 1.2221e-16
5535.384766 1.0793e-16
5536.919004 1.1471e-16
5538.453242 1.1123e-16
5539.98748 1.1901e-16
5541.521718 1.2162e-16
5543.055956 1.0659e-16
5544.590194 1.0746e-16
5546.124432 1.2267e-16
5547.65867 1.0886e-16
5549.192908 1.0837e-16
5550.727146 1.2786e-16
5552.261384 1.0223e-16
5553.795622 1.1326e-16
5555.32986 1.2773e-16
5556.864098 1.0713e-16
5558.398336 1.0583e-16
5559.932574 1.1572e-16
5561.466812 1.1655e-16
5563.00105 1.1335e-16
5564.535288 1.0802e-16
5566.069526 1.1151e-16
5567.603764 1.4084e-16
5569.138002 1.2573e-16
5570.67224 1.0939e-16
5572.206478 1.3044e-16
5573.740716 1.208e-16
5575.274954 1.2363e-16
5576.809192 1.4174e-16
5578.34343 1.2493e-16
5579.877668 1.21e-16
5581.411906 1.1605e-16
5582.946144 1.0069e-16
5584.480382 1.1206e-16
5586.01462 1.0334e-16
5587.548858 1.1025e-16
5589.083096 1.1403e-16
5590.617334 1.1091e-16
5592.151572 1.1659e-16
5593.68581 1.085e-16
5595.220048 1.1245e-16
5596.754286 1.3194e-16
5598.288524 1.2998e-16
5599.822762 1.1016e-16
5601.357 1.1481e-16
5602.891238 1.1354e-16
5604.425476 1.0072e-16
5605.959714 1.0415e-16
5607.493952 1.0962e-16
5609.02819 1.0379e-16
5610.562428 1.1322e-16
5612.096666 1.1534e-16
5613.630904 1.1152e-16
5615.165142 1.1064e-16
5616.69938 1.0165e-16
5618.233618 1.0708e-16
5619.767856 1.1539e-16
5621.302094 1.1045e-16
5622.836332 1.1302e-16
5624.37057 1.1434e-16
5625.904808 9.8792e-17
5627.439046 1.0424e-16
5628.973284 1.3114e-16
5630.507522 1.2655e-16
5632.04176 1.1366e-16
5633.575998 1.1966e-16
5635.110236 1.2393e-16
5636.644474 1.2073e-16
5638.178712 1.2002e-16
5639.71295 1.1198e-16
5641.247188 1.1628e-16
5642.781426 1.1967e-16
5644.315664 1.1502e-16
5645.849902 1.1357e-16
5647.38414 9.978e-17
5648.918378 1.0514e-16
5650.452616 1.0519e-16
5651.986854 1.2776e-16
5653.521092 1.286e-16
5655.05533 1.0129e-16
5656.589568 9.6806e-17
5658.123806 1.1898e-16
5659.658044 9.8369e-17
5661.192282 9.9687e-17
5662.72652 1.2358e-16
5664.260758 1.1454e-16
5665.794996 1.0749e-16
5667.329234 1.0896e-16
5668.863472 1.1161e-16
5670.39771 1.1417e-16
5671.931948 1.2199e-16
5673.466186 1.3304e-16
5675.000424 1.3239e-16
5676.534662 1.2257e-16
5678.0689 1.1695e-16
5679.603138 1.1702e-16
5681.137376 1.1412e-16
5682.671614 1.2131e-16
5684.205852 1.1611e-16
5685.74009 1.0743e-16
5687.274328 1.0563e-16
5688.808566 1.0198e-16
5690.342804 8.8326e-17
5691.877042 1.0701e-16
5693.41128 1.0954e-16
5694.945518 1.0632e-16
5696.479756 1.0999e-16
5698.013994 1.005e-16
5699.548232 1.0253e-16
5701.08247 1.0396e-16
5702.616708 1.0511e-16
5704.150946 1.0658e-16
5705.685184 1.0945e-16
5707.219422 1.0837e-16
5708.75366 1.1769e-16
5710.287898 1.0497e-16
5711.822136 9.923e-17
5713.356374 9.7586e-17
5714.890612 1.0825e-16
5716.42485 1.2865e-16
5717.959088 1.1741e-16
5719.493326 1.171e-16
5721.027564 1.081e-16
5722.561802 1.0595e-16
5724.09604 1.1705e-16
5725.630278 1.0864e-16
5727.164516 1.0335e-16
5728.698754 1.1521e-16
5730.232992 1.1023e-16
5731.76723 1.0766e-16
5733.301468 1.2303e-16
5734.835706 1.146e-16
5736.369944 8.9599e-17
5737.904182 9.0494e-17
5739.43842 1.0061e-16
5740.972658 1.0956e-16
5742.506896 1.1306e-16
5744.041134 1.0559e-16
5745.575372 9.679e-17
5747.10961 9.9118e-17
5748.643848 1.0857e-16
5750.178086 1.1273e-16
5751.712324 1.0451e-16
5753.246562 9.4712e-17
5754.7808 9.2407e-17
5756.315038 9.6335e-17
5757.849276 1.036e-16
5759.383514 1.1101e-16
5760.917752 1.1146e-16
5762.45199 1.119e-16
5763.986228 1.0704e-16
5765.520466 1.0797e-16
5767.054704 1.1037e-16
5768.588942 1.0478e-16
5770.12318 9.9643e-17
5771.657418 1.016e-16
5773.191656 1.0222e-16
5774.725894 9.5598e-17
5776.260132 1.0075e-16
5777.79437 1.0572e-16
5779.328608 1.007e-16
5780.862846 1.029e-16
5782.397084 1.0056e-16
5783.931322 9.9146e-17
5785.46556 1.0468e-16
5786.999798 1.0461e-16
5788.534036 9.1417e-17
5790.068274 9.6972e-17
5791.602512 1.1332e-16
5793.13675 1.0621e-16
5794.670988 9.6882e-17
5796.205226 9.8966e-17
5797.739464 1.0211e-16
5799.273702 1.0226e-16
5800.80794 1.0607e-16
5802.342178 1.0961e-16
5803.876416 1.0486e-16
5805.410654 9.4268e-17
5806.944892 8.6118e-17
5808.47913 1.0082e-16
5810.013368 1.0916e-16
5811.547606 1.0328e-16
5813.081844 9.6682e-17
5814.616082 1.0245e-16
5816.15032 1.0992e-16
5817.684558 9.908e-17
5819.218796 1.1079e-16
5820.753034 1.1318e-16
5822.287272 1.0088e-16
5823.82151 1.0236e-16
5825.355748 1.0433e-16
5826.889986 1.0665e-16
5828.424224 1.0069e-16
5829.958462 9.3671e-17
5831.4927 9.2542e-17
5833.026938 1.0264e-16
5834.561176 1.0728e-16
5836.095414 1.0746e-16
5837.629652 1.034e-16
5839.16389 9.621e-17
5840.698128 1.0003e-16
5842.232366 1.0396e-16
5843.766604 1.0281e-16
5845.300842 9.368e-17
5846.83508 9.668e-17
5848.369318 1.0368e-16
5849.903556 1.0471e-16
5851.437794 9.4299e-17
5852.972032 8.6071e-17
5854.50627 8.7443e-17
5856.040508 9.5275e-17
5857.574746 9.82e-17
5859.108984 9.2533e-17
5860.643222 1.0487e-16
5862.17746 9.764e-17
5863.711698 8.673e-17
5865.245936 1.0366e-16
5866.780174 1.0297e-16
5868.314412 9.8707e-17
5869.84865 1.001e-16
5871.382888 1.0678e-16
5872.917126 1.0826e-16
5874.451364 9.6185e-17
5875.985602 9.5709e-17
5877.51984 9.8812e-17
5879.054078 1.0426e-16
5880.588316 1.0345e-16
5882.122554 1.081e-16
5883.656792 9.9175e-17
5885.19103 9.1593e-17
5886.725268 8.7035e-17
5888.259506 8.9998e-17
5889.793744 8.9667e-17
5891.327982 6.3468e-17
5892.86222 7.9127e-17
5894.396458 8.34e-17
5895.930696 1.0739e-16
5897.464934 9.9613e-17
5898.999172 8.1611e-17
5900.53341 8.9976e-17
5902.067648 8.7557e-17
5903.601886 9.4328e-17
5905.136124 1.0423e-16
5906.670362 9.6485e-17
5908.2046 8.6932e-17
5909.738838 9.8852e-17
5911.273076 1.0995e-16
5912.807314 1.032e-16
5914.341552 8.9516e-17
5915.87579 8.4402e-17
5917.410028 9.5661e-17
5918.944266 9.763e-17
5920.478504 9.2996e-17
5922.012742 9.9326e-17
5923.54698 1.1676e-16
5925.081218 1.1159e-16
5926.615456 1.0746e-16
5928.149694 1.084e-16
5929.683932 1.0024e-16
5931.21817 9.3015e-17
5932.752408 1.0173e-16
5934.286646 9.5936e-17
5935.820884 1.0019e-16
5937.355122 1.0255e-16
5938.88936 9.8929e-17
5940.423598 9.3684e-17
5941.957836 9.4481e-17
5943.492074 1.054e-16
5945.026312 1.1253e-16
5946.56055 1.0084e-16
5948.094788 1.0289e-16
5949.629026 1.1211e-16
5951.163264 1.1354e-16
5952.697502 1.0674e-16
5954.23174 9.8075e-17
5955.765978 9.5983e-17
5957.300216 9.6366e-17
5958.834454 9.2607e-17
5960.368692 9.739e-17
5961.90293 1.0083e-16
5963.437168 9.631e-17
5964.971406 1.0008e-16
5966.505644 1.1137e-16
5968.039882 1.1397e-16
5969.57412 1.0498e-16
5971.108358 9.8747e-17
5972.642596 1.0164e-16
5974.176834 9.6758e-17
5975.711072 9.5373e-17
5977.24531 9.7808e-17
5978.779548 9.0132e-17
5980.313786 9.1404e-17
5981.848024 9.7181e-17
5983.382262 1.1269e-16
5984.9165 1.1827e-16
5986.450738 9.9573e-17
5987.984976 9.7101e-17
5989.519214 1.0269e-16
5991.053452 9.373e-17
5992.58769 9.4217e-17
5994.121928 9.9647e-17
5995.656166 9.8238e-17
5997.190404 9.8655e-17
5998.724642 1.0539e-16
6000.25888 1.0856e-16
6001.793118 1.0598e-16
6003.327356 1.0777e-16
6004.861594 1.1233e-16
6006.395832 1.0394e-16
6007.93007 9.0456e-17
6009.464308 8.701e-17
6010.998546 9.0519e-17
6012.532784 1.0084e-16
6014.067022 1.0458e-16
6015.60126 8.7617e-17
6017.135498 8.372e-17
6018.669736 9.3158e-17
6020.203974 9.302e-17
6021.738212 9.4834e-17
6023.27245 9.9498e-17
6024.806688 9.7888e-17
6026.340926 8.9252e-17
6027.875164 7.929e-17
6029.409402 8.8417e-17
6030.94364 9.9169e-17
6032.477878 9.8017e-17
6034.012116 9.061e-17
6035.546354 9.1627e-17
6037.080592 1.0072e-16
6038.61483 8.9598e-17
6040.149068 7.5364e-17
6041.683306 8.8641e-17
6043.217544 9.649e-17
6044.751782 8.356e-17
6046.28602 9.0609e-17
6047.820258 9.8417e-17
6049.354496 9.734e-17
6050.888734 1.0662e-16
6052.422972 9.4523e-17
6053.95721 8.1393e-17
6055.491448 9.0237e-17
6057.025686 9.123e-17
6058.559924 9.7813e-17
6060.094162 9.1411e-17
6061.6284 8.9126e-17
6063.162638 9.3315e-17
6064.696876 9.4306e-17
6066.231114 9.5e-17
6067.765352 9.6888e-17
6069.29959 1.0156e-16
6070.833828 9.3466e-17
6072.368066 8.2027e-17
6073.902304 8.7641e-17
6075.436542 1.1524e-16
6076.97078 1.1091e-16
6078.505018 1.0008e-16
6080.039256 1.0135e-16
6081.573494 9.077e-17
6083.107732 8.5712e-17
6084.64197 8.5455e-17
6086.176208 8.5573e-17
6087.710446 9.1568e-17
6089.244684 9.0761e-17
6090.778922 8.6736e-17
6092.31316 8.8088e-17
6093.847398 9.9883e-17
6095.381636 9.6705e-17
6096.915874 9.1703e-17
6098.450112 9.4084e-17
6099.98435 9.5966e-17
6101.518588 9.3853e-17
6103.052826 9.5393e-17
6104.587064 9.8087e-17
6106.121302 9.2095e-17
6107.65554 9.5638e-17
6109.189778 1.0737e-16
6110.724016 9.7843e-17
6112.258254 9.3749e-17
6113.792492 9.8548e-17
6115.32673 9.1175e-17
6116.860968 9.5862e-17
6118.395206 9.6411e-17
6119.929444 9.4746e-17
6121.463682 9.9235e-17
6122.99792 8.7895e-17
6124.532158 9.0377e-17
6126.066396 1.0032e-16
6127.600634 9.6622e-17
6129.134872 8.4482e-17
6130.66911 8.0716e-17
6132.203348 8.4073e-17
6133.737586 8.27e-17
6135.271824 8.0741e-17
6136.806062 8.2333e-17
6138.3403 8.6101e-17
6139.874538 8.7162e-17
6141.408776 8.8189e-17
6142.943014 8.6639e-17
6144.477252 9.2649e-17
6146.01149 9.8396e-17
6147.545728 1.0519e-16
6149.079966 9.8372e-17
6150.614204 8.8927e-17
6152.148442 7.8408e-17
6153.68268 9.0833e-17
6155.216918 1.0949e-16
6156.751156 9.9951e-17
6158.285394 1.0021e-16
6159.819632 1.0236e-16
6161.35387 8.0914e-17
6162.888108 8.5554e-17
6164.422346 8.8195e-17
6165.956584 9.1572e-17
6167.490822 9.2868e-17
6169.02506 8.7591e-17
6170.559298 9.1419e-17
6172.093536 7.9558e-17
6173.627774 8.0592e-17
6175.162012 9.4891e-17
6176.69625 1.0266e-16
6178.230488 9.8934e-17
6179.764726 1.0312e-16
6181.298964 9.311e-17
6182.833202 8.2814e-17
6184.36744 8.6721e-17
6185.901678 8.9065e-17
6187.435916 9.9239e-17
6188.970154 8.499e-17
6190.504392 8.2914e-17
6192.03863 8.7993e-17
6193.572868 7.8987e-17
6195.107106 8.2941e-17
6196.641344 9.3783e-17
6198.175582 9.1762e-17
6199.70982 9.3007e-17
6201.244058 9.65e-17
6202.778296 9.5048e-17
6204.312534 9.6772e-17
6205.846772 9.6453e-17
6207.38101 8.8787e-17
6208.915248 8.4932e-17
6210.449486 8.4881e-17
6211.983724 9.0308e-17
6213.517962 8.4867e-17
6215.0522 8.5438e-17
6216.586438 9.4211e-17
6218.120676 9.4462e-17
6219.654914 1.0237e-16
6221.189152 9.3954e-17
6222.72339 8.6975e-17
6224.257628 9.1187e-17
6225.791866 1.0018e-16
6227.326104 1.066e-16
6228.860342 9.5659e-17
6230.39458 8.9755e-17
6231.928818 9.7625e-17
6233.463056 1.0758e-16
6234.997294 9.8299e-17
6236.531532 9.0522e-17
6238.06577 9.5493e-17
6239.600008 9.8296e-17
6241.134246 9.7396e-17
6242.668484 9.7386e-17
6244.202722 1.1197e-16
6245.73696 1.2115e-16
6247.271198 1.1893e-16
6248.805436 1.1562e-16
6250.339674 1.1451e-16
6251.873912 9.7888e-17
6253.40815 8.6072e-17
6254.942388 9.8732e-17
6256.476626 1.014e-16
6258.010864 8.6706e-17
6259.545102 8.5504e-17
6261.07934 9.4739e-17
6262.613578 9.7541e-17
6264.147816 9.0132e-17
6265.682054 9.3603e-17
6267.216292 9.5558e-17
6268.75053 8.4613e-17
6270.284768 9.8546e-17
6271.819006 1.0312e-16
6273.353244 8.7328e-17
6274.887482 8.5842e-17
6276.42172 9.3211e-17
6277.955958 9.719e-17
6279.490196 1.0099e-16
6281.024434 1.0461e-16
6282.558672 9.5557e-17
6284.09291 8.9018e-17
6285.627148 9.097e-17
6287.161386 9.8471e-17
6288.695624 9.0111e-17
6290.229862 7.3337e-17
6291.7641 8.2548e-17
6293.298338 8.7616e-17
6294.832576 9.917e-17
6296.366814 1.0844e-16
6297.901052 8.5627e-17
6299.43529 9.1429e-17
6300.969528 9.9304e-17
6302.503766 7.8259e-17
6304.038004 7.8288e-17
6305.572242 9.66e-17
6307.10648 9.8147e-17
6308.640718 8.914e-17
6310.174956 9.2824e-17
6311.709194 9.543e-17
6313.243432 9.1317e-17
6314.77767 8.6035e-17
6316.311908 8.943e-17
6317.846146 8.7745e-17
6319.380384 8.8713e-17
6320.914622 9.1651e-17
6322.44886 9.0851e-17
6323.983098 9.1925e-17
6325.517336 8.9793e-17
6327.051574 9.5997e-17
6328.585812 1.0349e-16
6330.12005 1.0069e-16
6331.654288 9.6077e-17
6333.188526 8.1572e-17
6334.722764 7.9215e-17
6336.257002 8.3723e-17
6337.79124 8.5748e-17
6339.325478 8.7669e-17
6340.859716 8.6598e-17
6342.393954 8.3023e-17
6343.928192 8.2099e-17
6345.46243 1.0213e-16
6346.996668 1.025e-16
6348.530906 9.0855e-17
6350.065144 9.1002e-17
6351.599382 9.9908e-17
6353.13362 1.0339e-16
6354.667858 9.3902e-17
6356.202096 8.9236e-17
6357.736334 8.6409e-17
6359.270572 9.2047e-17
6360.80481 1.0438e-16
6362.339048 9.6409e-17
6363.873286 8.5374e-17
6365.407524 9.1393e-17
6366.941762 9.3186e-17
6368.476 9.0696e-17
6370.010238 9.6788e-17
6371.544476 8.9807e-17
6373.078714 8.9155e-17
6374.612952 8.9149e-17
6376.14719 9.1306e-17
6377.681428 9.5528e-17
6379.215666 8.5176e-17
6380.749904 7.91e-17
6382.284142 8.6805e-17
6383.81838 9.3186e-17
6385.352618 9.0813e-17
6386.886856 8.4781e-17
6388.421094 8.965e-17
6389.955332 8.655e-17
6391.48957 8.7956e-17
6393.023808 8.6774e-17
6394.558046 8.7696e-17
6396.092284 9.1057e-17
6397.626522 9.3385e-17
6399.16076 9.2584e-17
6400.694998 8.8783e-17
6402.229236 8.5986e-17
6403.763474 8.2722e-17
6405.297712 8.4783e-17
6406.83195 8.8458e-17
6408.366188 8.2993e-17
6409.900426 8.5044e-17
6411.434664 9.8374e-17
6412.968902 1.0026e-16
6414.50314 8.8559e-17
6416.037378 9.1428e-17
6417.571616 9.4966e-17
6419.105854 9.1573e-17
6420.640092 9.4911e-17
6422.17433 9.0811e-17
6423.708568 9.2893e-17
6425.242806 9.204e-17
6426.777044 7.946e-17
6428.311282 8.4299e-17
6429.84552 9.714e-17
6431.379758 9.0091e-17
6432.913996 9.8433e-17
6434.448234 9.8214e-17
6435.982472 9.0559e-17
6437.51671 9.3429e-17
6439.050948 9.0997e-17
6440.585186 8.4837e-17
6442.119424 9.0151e-17
6443.653662 9.5289e-17
6445.1879 8.7734e-17
6446.722138 9.4801e-17
6448.256376 1.0361e-16
6449.790614 1.0476e-16
6451.324852 1.005e-16
6452.85909 1.0136e-16
6454.393328 1.0025e-16
6455.927566 9.9019e-17
6457.461804 9.7019e-17
6458.996042 8.5259e-17
6460.53028 7.6946e-17
6462.064518 8.1706e-17
6463.598756 8.4105e-17
6465.132994 9.0695e-17
6466.667232 9.3073e-17
6468.20147 8.7297e-17
6469.735708 8.6086e-17
6471.269946 8.4215e-17
6472.804184 8.1797e-17
6474.338422 8.3428e-17
6475.87266 8.3223e-17
6477.406898 9.018e-17
6478.941136 9.0432e-17
6480.475374 8.1485e-17
6482.009612 8.8805e-17
6483.54385 9.4395e-17
6485.078088 8.6314e-17
6486.612326 8.3565e-17
6488.146564 8.2622e-17
6489.680802 8.0104e-17
6491.21504 8.1791e-17
6492.749278 7.8427e-17
6494.283516 6.964e-17
6495.817754 7.45e-17
6497.351992 8.2461e-17
6498.88623 8.0905e-17
6500.420468 7.3861e-17
6501.954706 7.6298e-17
6503.488944 8.111e-17
6505.023182 7.9578e-17
6506.55742 8.0204e-17
6508.091658 8.1833e-17
6509.625896 7.4676e-17
6511.160134 7.1857e-17
6512.694372 7.141e-17
6514.22861 6.5455e-17
6515.762848 7.9643e-17
6517.297086 8.22e-17
6518.831324 8.0179e-17
6520.365562 8.5742e-17
6521.8998 8.2096e-17
6523.434038 7.997e-17
6524.968276 8.0864e-17
6526.502514 7.2759e-17
6528.036752 7.838e-17
6529.57099 8.6155e-17
6531.105228 7.7838e-17
6532.639466 7.3905e-17
6534.173704 7.352e-17
6535.707942 7.2938e-17
6537.24218 7.9945e-17
6538.776418 7.7462e-17
6540.310656 7.8069e-17
6541.844894 7.8964e-17
6543.379132 8.2984e-17
6544.91337 9.8538e-17
6546.447608 8.5658e-17
6547.981846 6.7169e-17
6549.516084 7.2641e-17
6551.050322 7.545e-17
6552.58456 7.7607e-17
6554.118798 8.3312e-17
6555.653036 8.4647e-17
6557.187274 8.0821e-17
6558.721512 8.0343e-17
6560.25575 7.233e-17
6561.789988 8.0307e-17
6563.324226 9.0621e-17
6564.858464 9.1802e-17
6566.392702 8.5549e-17
6567.92694 8.63e-17
6569.461178 8.6365e-17
6570.995416 8.7578e-17
6572.529654 8.4972e-17
6574.063892 7.9519e-17
6575.59813 7.7936e-17
6577.132368 8.3445e-17
6578.666606 8.7756e-17
6580.200844 8.1477e-17
6581.735082 8.1801e-17
6583.26932 8.0643e-17
6584.803558 7.2522e-17
6586.337796 7.7636e-17
6587.872034 8.064e-17
6589.406272 7.1112e-17
6590.94051 7.533e-17
6592.474748 8.3626e-17
6594.008986 8.3292e-17
6595.543224 8.3649e-17
6597.077462 9.092e-17
6598.6117 8.7326e-17
6600.145938 7.9749e-17
6601.680176 7.5489e-17
6603.214414 8.0003e-17
6604.748652 7.7522e-17
6606.28289 7.6701e-17
6607.817128 8.3358e-17
6609.351366 8.2271e-17
6610.885604 7.6177e-17
6612.419842 7.8145e-17
6613.95408 8.0726e-17
6615.488318 8.4884e-17
6617.022556 8.1582e-17
6618.556794 7.8784e-17
6620.091032 8.4537e-17
6621.62527 7.8654e-17
6623.159508 8.3858e-17
6624.693746 9.0828e-17
6626.227984 8.788e-17
6627.762222 7.977e-17
6629.29646 8.1225e-17
6630.830698 8.3848e-17
6632.364936 8.4977e-17
6633.899174 8.4681e-17
6635.433412 7.5446e-17
6636.96765 6.7613e-17
6638.501888 7.4428e-17
6640.036126 8.8244e-17
6641.570364 8.757e-17
6643.104602 9.3789e-17
6644.63884 9.0944e-17
6646.173078 9.204e-17
6647.707316 9.9724e-17
6649.241554 1.0419e-16
6650.775792 8.7682e-17
6652.31003 8.7438e-17
6653.844268 8.8672e-17
6655.378506 8.4636e-17
6656.912744 9.0704e-17
6658.446982 8.7991e-17
6659.98122 8.4149e-17
6661.515458 8.9574e-17
6663.049696 8.5543e-17
6664.583934 9.0445e-17
6666.118172 8.525e-17
6667.65241 9.4979e-17
6669.186648 8.5067e-17
6670.720886 6.881e-17
6672.255124 7.9118e-17
6673.789362 8.7725e-17
6675.3236 8.0435e-17
6676.857838 8.1502e-17
6678.392076 8.4891e-17
6679.926314 9.1115e-17
6681.460552 8.7042e-17
6682.99479 7.8819e-17
6684.529028 8.5306e-17
6686.063266 8.942e-17
6687.597504 8.8785e-17
6689.131742 8.1762e-17
6690.66598 7.6484e-17
6692.200218 7.0686e-17
6693.734456 7.5933e-17
6695.268694 8.7252e-17
6696.802932 9.2139e-17
6698.33717 8.8339e-17
6699.871408 8.0735e-17
6701.405646 7.3382e-17
6702.939884 7.6545e-17
6704.474122 8.3564e-17
6706.00836 9.0464e-17
6707.542598 9.4176e-17
6709.076836 8.9071e-17
6710.611074 8.5335e-17
6712.145312 8.394e-17
6713.67955 8.215e-17
6715.213788 8.1558e-17
6716.748026 7.8604e-17
6718.282264 8.4376e-17
6719.816502 8.7184e-17
6721.35074 7.4135e-17
6722.884978 7.3772e-17
6724.419216 7.1582e-17
6725.953454 7.5274e-17
6727.487692 8.3671e-17
6729.02193 8.9224e-17
6730.556168 7.3341e-17
6732.090406 7.1089e-17
6733.624644 7.0209e-17
6735.158882 7.5254e-17
6736.69312 8.3586e-17
6738.227358 8.2658e-17
6739.761596 8.2797e-17
6741.295834 8.0328e-17
6742.830072 7.6173e-17
6744.36431 8.1501e-17
6745.898548 8.4209e-17
6747.432786 8.9893e-17
6748.967024 9.0485e-17
6750.501262 8.6113e-17
6752.0355 8.1239e-17
6753.569738 7.5652e-17
6755.103976 7.414e-17
6756.638214 7.1477e-17
6758.172452 7.7621e-17
6759.70669 8.5844e-17
6761.240928 9.0888e-17
6762.775166 9.3797e-17
6764.309404 8.1887e-17
6765.843642 8.2314e-17
6767.37788 9.1318e-17
6768.912118 8.3398e-17
6770.446356 8.5283e-17
6771.980594 9.3754e-17
6773.514832 9.3107e-17
6775.04907 9.0091e-17
6776.583308 8.1963e-17
6778.117546 8.5797e-17
6779.651784 8.8875e-17
6781.186022 9.4397e-17
6782.72026 8.8001e-17
6784.254498 8.7904e-17
6785.788736 9.2116e-17
6787.322974 9.4057e-17
6788.857212 8.9533e-17
6790.39145 8.9204e-17
6791.925688 9.9259e-17
6793.459926 1.0276e-16
6794.994164 9.6246e-17
6796.528402 8.7104e-17
6798.06264 8.344e-17
6799.596878 8.8471e-17
6801.131116 9.9976e-17
6802.665354 1.0899e-16
6804.199592 1.0215e-16
6805.73383 9.0953e-17
6807.268068 8.4835e-17
6808.802306 8.3206e-17
6810.336544 8.3104e-17
6811.870782 8.5637e-17
6813.40502 9.3918e-17
6814.939258 1.0186e-16
6816.473496 1.0419e-16
6818.007734 1.0272e-16
6819.541972 1.0271e-16
6821.07621 9.8048e-17
6822.610448 9.4656e-17
6824.144686 9.7016e-17
6825.678924 9.1089e-17
6827.213162 9.8292e-17
6828.7474 1.0762e-16
6830.281638 1.0261e-16
6831.815876 9.4825e-17
6833.350114 9.9609e-17
6834.884352 9.9482e-17
6836.41859 9.6719e-17
6837.952828 9.8039e-17
6839.487066 9.3192e-17
6841.021304 8.9941e-17
6842.555542 9.376e-17
6844.08978 9.9574e-17
6845.624018 9.9201e-17
6847.158256 9.6624e-17
6848.692494 9.3575e-17
6850.226732 9.6483e-17
6851.76097 1.0398e-16
6853.295208 1.0481e-16
6854.829446 9.8643e-17
6856.363684 9.7166e-17
6857.897922 9.7307e-17
6859.43216 9.9017e-17
6860.966398 9.7004e-17
6862.500636 9.1448e-17
6864.034874 9.5262e-17
6865.569112 1.0181e-16
6867.10335 1.0835e-16
6868.637588 1.1031e-16
6870.171826 1.0259e-16
6871.706064 9.2913e-17
6873.240302 9.0547e-17
6874.77454 1.0161e-16
6876.308778 1.0829e-16
6877.843016 1.0577e-16
6879.377254 1.0324e-16
6880.911492 9.2539e-17
6882.44573 9.5916e-17
6883.979968 9.7479e-17
6885.514206 1.0004e-16
6887.048444 1.1074e-16
6888.582682 1.095e-16
6890.11692 1.0751e-16
6891.651158 1.0189e-16
6893.185396 9.8109e-17
6894.719634 1.0173e-16
6896.253872 1.0669e-16
6897.78811 9.5199e-17
6899.322348 9.0182e-17
6900.856586 1.0656e-16
6902.390824 1.0345e-16
6903.925062 1.0023e-16
6905.4593 1.0498e-16
6906.993538 1.1049e-16
6908.527776 1.0499e-16
6910.062014 1.0541e-16
6911.596252 9.7283e-17
6913.13049 9.1796e-17
6914.664728 9.0431e-17
6916.198966 9.1417e-17
6917.733204 9.3817e-17
6919.267442 9.64e-17
6920.80168 8.7332e-17
6922.335918 9.5175e-17
6923.870156 9.3583e-17
6925.404394 9.5882e-17
6926.938632 1.0713e-16
6928.47287 1.0792e-16
6930.007108 1.0073e-16
6931.541346 9.7504e-17
6933.075584 9.8467e-17
6934.609822 8.6056e-17
6936.14406 8.7226e-17
6937.678298 9.711e-17
6939.212536 9.6129e-17
6940.746774 1.0339e-16
6942.281012 9.9064e-17
6943.81525 1.0247e-16
6945.349488 1.0448e-16
6946.883726 9.5911e-17
6948.417964 8.795e-17
6949.952202 9.1118e-17
6951.48644 1.0256e-16
6953.020678 1.021e-16
6954.554916 9.5961e-17
6956.089154 1.0477e-16
6957.623392 1.0586e-16
6959.15763 9.4526e-17
6960.691868 8.8086e-17
6962.226106 8.7313e-17
6963.760344 8.7592e-17
6965.294582 8.8349e-17
6966.82882 1.0152e-16
6968.363058 9.4661e-17
6969.897296 8.3592e-17
6971.431534 8.203e-17
6972.965772 8.8541e-17
6974.50001 9.8039e-17
6976.034248 9.62e-17
6977.568486 8.8295e-17
6979.102724 7.9865e-17
6980.636962 8.4616e-17
6982.1712 9.325e-17
6983.705438 1.0187e-16
6985.239676 9.3387e-17
6986.773914 9.4373e-17
6988.308152 9.3446e-17
6989.84239 8.2415e-17
6991.376628 8.2779e-17
6992.910866 8.959e-17
6994.445104 9.2168e-17
6995.979342 9.101e-17
6997.51358 8.766e-17
6999.047818 8.3076e-17
7000.582056 8.5017e-17
7002.116294 7.5707e-17
7003.650532 7.8753e-17
7005.18477 9.312e-17
7006.719008 9.1277e-17
7008.253246 8.3501e-17
7009.787484 7.9573e-17
7011.321722 8.227e-17
7012.85596 8.3231e-17
7014.390198 7.4558e-17
7015.924436 8.4463e-17
7017.458674 8.9931e-17
7018.992912 9.054e-17
7020.52715 9.2861e-17
7022.061388 9.0163e-17
7023.595626 8.2993e-17
7025.129864 7.7461e-17
7026.664102 7.8916e-17
7028.19834 8.0661e-17
7029.732578 7.8502e-17
7031.266816 8.6922e-17
7032.801054 8.4645e-17
7034.335292 7.7618e-17
7035.86953 8.1868e-17
7037.403768 8.1228e-17
7038.938006 7.7677e-17
7040.472244 8.0926e-17
7042.006482 8.5914e-17
7043.54072 8.1186e-17
7045.074958 7.8356e-17
7046.609196 8.089e-17
7048.143434 7.544e-17
7049.677672 8.118e-17
7051.21191 8.7646e-17
7052.746148 8.5438e-17
7054.280386 7.9339e-17
7055.814624 8.1627e-17
7057.348862 8.5694e-17
7058.8831 8.4443e-17
7060.417338 8.1856e-17
7061.951576 7.9497e-17
7063.485814 7.6911e-17
7065.020052 6.7896e-17
7066.55429 7.3786e-17
7068.088528 8.2932e-17
7069.622766 8.3924e-17
7071.157004 8.3535e-17
7072.691242 7.7377e-17
7074.22548 7.3635e-17
7075.759718 7.5104e-17
7077.293956 7.5817e-17
7078.828194 8.2723e-17
7080.362432 8.3459e-17
7081.89667 7.5511e-17
7083.430908 7.0788e-17
7084.965146 6.8131e-17
7086.499384 7.906e-17
7088.033622 7.6102e-17
7089.56786 7.7842e-17
7091.102098 7.8664e-17
7092.636336 7.6027e-17
7094.170574 7.8301e-17
7095.704812 7.9086e-17
7097.23905 7.6484e-17
7098.773288 6.7279e-17
7100.307526 6.2341e-17
7101.841764 6.528e-17
7103.376002 6.6732e-17
7104.91024 6.9237e-17
7106.444478 7.1111e-17
7107.978716 7.822e-17
7109.512954 7.8323e-17
7111.047192 7.6814e-17
7112.58143 7.1178e-17
7114.115668 7.4464e-17
7115.649906 7.9595e-17
7117.184144 7.5768e-17
7118.718382 7.55e-17
7120.25262 8.2013e-17
7121.786858 7.767e-17
7123.321096 6.825e-17
7124.855334 6.0686e-17
7126.389572 6.652e-17
7127.92381 7.0797e-17
7129.458048 6.4255e-17
7130.992286 6.8227e-17
7132.526524 7.8675e-17
7134.060762 8.1912e-17
7135.595 7.4219e-17
7137.129238 6.9036e-17
7138.663476 7.4898e-17
7140.197714 7.1391e-17
7141.731952 6.7452e-17
7143.26619 6.749e-17
7144.800428 7.1625e-17
7146.334666 7.0243e-17
7147.868904 6.4662e-17
7149.403142 7.1275e-17
7150.93738 7.3148e-17
7152.471618 6.8845e-17
7154.005856 6.6696e-17
7155.540094 7.1366e-17
7157.074332 7.5325e-17
7158.60857 7.2658e-17
7160.142808 6.7484e-17
7161.677046 6.715e-17
7163.211284 7.1275e-17
7164.745522 6.8214e-17
7166.27976 6.4176e-17
7167.813998 6.3733e-17
7169.348236 5.7719e-17
7170.882474 6.2712e-17
7172.416712 6.8456e-17
7173.95095 6.6725e-17
7175.485188 6.7607e-17
7177.019426 6.7051e-17
7178.553664 6.9067e-17
7180.087902 6.0458e-17
7181.62214 5.6055e-17
7183.156378 6.2682e-17
7184.690616 6.1399e-17
7186.224854 6.1598e-17
7187.759092 6.3553e-17
7189.29333 5.6093e-17
7190.827568 5.6773e-17
7192.361806 6.59e-17
7193.896044 6.363e-17
7195.430282 6.1576e-17
7196.96452 6.1972e-17
7198.498758 5.6267e-17
7200.032996 5.6811e-17
7201.567234 6.1431e-17
7203.101472 6.4172e-17
7204.63571 6.3209e-17
7206.169948 6.1454e-17
7207.704186 6.503e-17
7209.238424 6.4871e-17
7210.772662 6.5948e-17
7212.3069 7.432e-17
7213.841138 7.5306e-17
7215.375376 6.6261e-17
7216.909614 5.8808e-17
7218.443852 5.876e-17
7219.97809 6.3503e-17
7221.512328 6.6735e-17
7223.046566 6.4968e-17
7224.580804 6.2879e-17
7226.115042 6.6643e-17
7227.64928 7.0157e-17
7229.183518 6.9682e-17
7230.717756 6.3255e-17
7232.251994 6.2253e-17
7233.786232 6.9019e-17
7235.32047 7.1273e-17
7236.854708 8.1013e-17
7238.388946 8.5684e-17
7239.923184 7.5873e-17
7241.457422 6.4171e-17
7242.99166 6.0968e-17
7244.525898 6.4802e-17
7246.060136 6.178e-17
7247.594374 5.8372e-17
7249.128612 6.0759e-17
7250.66285 6.5053e-17
7252.197088 6.7143e-17
7253.731326 7.1346e-17
7255.265564 6.7601e-17
7256.799802 5.9638e-17
7258.33404 6.3547e-17
7259.868278 6.3494e-17
7261.402516 5.8928e-17
7262.936754 5.969e-17
7264.470992 6.0901e-17
7266.00523 5.915e-17
7267.539468 5.819e-17
7269.073706 6.6085e-17
7270.607944 7.5421e-17
7272.142182 6.8832e-17
7273.67642 5.7349e-17
7275.210658 5.7187e-17
7276.744896 6.3802e-17
7278.279134 6.7026e-17
7279.813372 6.4876e-17
7281.34761 6.6523e-17
7282.881848 7.1057e-17
7284.416086 6.5479e-17
7285.950324 5.8915e-17
7287.484562 6.7044e-17
7289.0188 6.8249e-17
7290.553038 6.6625e-17
7292.087276 6.541e-17
7293.621514 6.3352e-17
7295.155752 7.1826e-17
7296.68999 7.4111e-17
7298.224228 6.5007e-17
7299.758466 5.748e-17
7301.292704 5.913e-17
7302.826942 6.2527e-17
7304.36118 6.1857e-17
7305.895418 6.3791e-17
7307.429656 6.1718e-17
7308.963894 5.728e-17
7310.498132 5.5795e-17
7312.03237 5.7779e-17
7313.566608 5.5088e-17
7315.100846 5.5527e-17
7316.635084 6.6764e-17
7318.169322 6.9494e-17
7319.70356 7.3764e-17
7321.237798 7.8928e-17
7322.772036 6.9834e-17
7324.306274 6.9456e-17
7325.840512 7.3427e-17
7327.37475 7.0227e-17
7328.908988 7.3578e-17
7330.443226 7.5241e-17
7331.977464 7.5581e-17
7333.511702 7.113e-17
7335.04594 6.3999e-17
7336.580178 6.1018e-17
7338.114416 6.0801e-17
7339.648654 6.4258e-17
7341.182892 6.531e-17
7342.71713 6.1912e-17
7344.251368 5.968e-17
7345.785606 6.0878e-17
7347.319844 7.1687e-17
7348.854082 7.5035e-17
7350.38832 6.5068e-17
7351.922558 7.3341e-17
7353.456796 7.8747e-17
7354.991034 7.348e-17
7356.525272 6.8112e-17
7358.05951 6.2863e-17
7359.593748 5.6188e-17
7361.127986 5.6269e-17
7362.662224 5.5606e-17
7364.196462 6.9654e-17
7365.7307 7.5654e-17
7367.264938 6.6765e-17
7368.799176 5.7849e-17
7370.333414 6.0766e-17
7371.867652 7.2337e-17
7373.40189 7.3916e-17
7374.936128 6.3416e-17
7376.470366 5.9248e-17
7378.004604 6.2381e-17
7379.538842 6.4111e-17
7381.07308 6.8067e-17
7382.607318 7.1619e-17
7384.141556 6.4846e-17
7385.675794 6.665e-17
7387.210032 6.7913e-17
7388.74427 6.7109e-17
7390.278508 6.7733e-17
7391.812746 6.8987e-17
7393.346984 6.7365e-17
7394.881222 6.2012e-17
7396.41546 6.6989e-17
7397.949698 6.0365e-17
7399.483936 6.9245e-17
7401.018174 7.3168e-17
7402.552412 7.0382e-17
7404.08665 6.3135e-17
7405.620888 5.8042e-17
7407.155126 6.2646e-17
7408.689364 6.9609e-17
7410.223602 7.1841e-17
7411.75784 7.0062e-17
7413.292078 6.9933e-17
7414.826316 6.7722e-17
7416.360554 6.1584e-17
7417.894792 6.2691e-17
7419.42903 7.1253e-17
7420.963268 7.0247e-17
7422.497506 6.923e-17
7424.031744 6.8364e-17
7425.565982 7.8914e-17
7427.10022 8.1143e-17
7428.634458 7.1293e-17
7430.168696 6.9636e-17
7431.702934 7.0961e-17
7433.237172 6.8918e-17
7434.77141 6.5943e-17
7436.305648 6.1377e-17
7437.839886 6.0856e-17
7439.374124 7.2744e-17
7440.908362 7.0457e-17
7442.4426 6.6342e-17
7443.976838 6.4772e-17
7445.511076 6.2685e-17
7447.045314 6.5211e-17
7448.579552 7.3747e-17
7450.11379 6.4379e-17
7451.648028 6.117e-17
7453.182266 6.2577e-17
7454.716504 6.1898e-17
7456.250742 7.1478e-17
7457.78498 7.6023e-17
7459.319218 7.3667e-17
7460.853456 7.3512e-17
7462.387694 7.5559e-17
7463.921932 7.1226e-17
7465.45617 6.7139e-17
7466.990408 6.2818e-17
7468.524646 5.729e-17
7470.058884 6.3852e-17
7471.593122 6.0458e-17
7473.12736 5.5999e-17
7474.661598 5.902e-17
7476.195836 6.319e-17
7477.730074 6.5718e-17
7479.264312 6.2221e-17
7480.79855 6.597e-17
7482.332788 7.2909e-17
7483.867026 7.3038e-17
7485.401264 7.39e-17
7486.935502 7.103e-17
7488.46974 7.0638e-17
7490.003978 6.5131e-17
7491.538216 6.3178e-17
7493.072454 6.4559e-17
7494.606692 6.4371e-17
7496.14093 6.6356e-17
7497.675168 7.0715e-17
7499.209406 7.1733e-17
7500.743644 6.5462e-17
7502.277882 6.5512e-17
7503.81212 5.707e-17
7505.346358 5.7253e-17
7506.880596 6.812e-17
7508.414834 7.6064e-17
7509.949072 7.1021e-17
7511.48331 6.6921e-17
7513.017548 6.7278e-17
7514.551786 6.5322e-17
7516.086024 6.4034e-17
7517.620262 6.5836e-17
7519.1545 7.6425e-17
7520.688738 6.4001e-17
7522.222976 5.5612e-17
7523.757214 7.4952e-17
7525.291452 8.7326e-17
7526.82569 7.4557e-17
7528.359928 6.264e-17
7529.894166 6.2959e-17
7531.428404 6.5683e-17
7532.962642 6.5306e-17
7534.49688 6.9338e-17
7536.031118 6.9011e-17
7537.565356 6.605e-17
7539.099594 6.8087e-17
7540.633832 6.8644e-17
7542.16807 6.4994e-17
7543.702308 6.8192e-17
7545.236546 6.9569e-17
7546.770784 6.4808e-17
7548.305022 6.089e-17
7549.83926 7.0197e-17
7551.373498 6.9376e-17
7552.907736 6.1385e-17
7554.441974 6.8466e-17
7555.976212 6.7304e-17
7557.51045 5.1122e-17
7559.044688 5.4613e-17
7560.578926 6.324e-17
7562.113164 6.6361e-17
7563.647402 6.6911e-17
7565.18164 6.2876e-17
7566.715878 6.2438e-17
7568.250116 5.8602e-17
7569.784354 6.3573e-17
7571.318592 7.0567e-17
7572.85283 6.9211e-17
7574.387068 7.0866e-17
7575.921306 6.8969e-17
7577.455544 6.8495e-17
7578.989782 7.3904e-17
7580.52402 7.0414e-17
7582.058258 6.9376e-17
7583.592496 6.9883e-17
7585.126734 6.0001e-17
7586.660972 5.6367e-17
7588.19521 6.1581e-17
7589.729448 6.1015e-17
7591.263686 5.7838e-17
7592.797924 5.7588e-17
7594.332162 6.2197e-17
7595.8664 7.5109e-17
7597.400638 8.0352e-17
7598.934876 6.5324e-17
7600.469114 4.4143e-17
7602.003352 4.5633e-17
7603.53759 4.743e-17
7605.071828 4.418e-17
7606.606066 6.2002e-17
7608.140304 8.068e-17
7609.674542 7.7115e-17
7611.20878 6.3428e-17
7612.743018 6.3441e-17
7614.277256 6.8037e-17
7615.811494 6.5171e-17
7617.345732 6.5026e-17
7618.87997 6.3776e-17
7620.414208 5.4788e-17
7621.948446 5.5955e-17
7623.482684 5.1581e-17
7625.016922 5.3251e-17
7626.55116 6.3632e-17
7628.085398 6.4076e-17
7629.619636 7.4712e-17
7631.153874 7.6729e-17
7632.688112 6.5505e-17
7634.22235 6.3663e-17
7635.756588 6.1549e-17
7637.290826 5.9429e-17
7638.825064 5.9623e-17
7640.359302 6.364e-17
7641.89354 6.7179e-17
7643.427778 6.0003e-17
7644.962016 5.7012e-17
7646.496254 6.0364e-17
7648.030492 6.1819e-17
7649.56473 6.5689e-17
7651.098968 6.6107e-17
7652.633206 6.305e-17
7654.167444 6.2853e-17
7655.701682 6.2736e-17
7657.23592 6.3926e-17
7658.770158 6.4428e-17
7660.304396 6.4831e-17
7661.838634 6.4492e-17
7663.372872 6.0747e-17
7664.90711 6.2109e-17
7666.441348 6.2662e-17
7667.975586 6.2169e-17
7669.509824 6.3127e-17
7671.044062 6.2073e-17
7672.5783 6.3133e-17
7674.112538 5.8494e-17
7675.646776 5.7946e-17
7677.181014 6.0219e-17
7678.715252 5.725e-17
7680.24949 5.8381e-17
7681.783728 6.8461e-17
7683.317966 7.2427e-17
7684.852204 6.3488e-17
7686.386442 6.2798e-17
7687.92068 6.2073e-17
7689.454918 6.0599e-17
7690.989156 4.9813e-17
7692.523394 5.1952e-17
7694.057632 6.466e-17
7695.59187 5.727e-17
7697.126108 5.6733e-17
7698.660346 5.6931e-17
7700.194584 5.5477e-17
7701.728822 5.6731e-17
7703.26306 5.8665e-17
7704.797298 5.5376e-17
7706.331536 4.6181e-17
7707.865774 5.9615e-17
7709.400012 6.8439e-17
7710.93425 5.9914e-17
7712.468488 5.6443e-17
7714.002726 4.5312e-17
7715.536964 4.041e-17
7717.071202 6.3986e-17
7718.60544 7.2412e-17
7720.139678 7.3552e-17
7721.673916 7.8547e-17
7723.208154 7.0782e-17
7724.742392 6.0672e-17
7726.27663 5.9383e-17
7727.810868 6.3554e-17
7729.345106 6.0464e-17
7730.879344 6.2037e-17
7732.413582 6.6327e-17
7733.94782 6.597e-17
7735.482058 7.1231e-17
7737.016296 6.2672e-17
7738.550534 5.9851e-17
7740.084772 6.0819e-17
7741.61901 5.7413e-17
7743.153248 5.6442e-17
7744.687486 5.9353e-17
7746.221724 6.7325e-17
7747.755962 7.1792e-17
7749.2902 7.5081e-17
7750.824438 6.3692e-17
7752.358676 5.6282e-17
7753.892914 6.3419e-17
7755.427152 6.7378e-17
7756.96139 6.1571e-17
7758.495628 5.8754e-17
7760.029866 6.6561e-17
7761.564104 6.8083e-17
7763.098342 6.317e-17
7764.63258 6.1987e-17
7766.166818 7.0119e-17
7767.701056 7.2043e-17
7769.235294 6.9779e-17
7770.769532 6.6916e-17
7772.30377 6.5839e-17
7773.838008 5.9515e-17
7775.372246 6.0335e-17
7776.906484 6.2908e-17
7778.440722 5.3578e-17
7779.97496 5.7484e-17
7781.509198 5.0077e-17
7783.043436 4.4491e-17
7784.577674 5.7448e-17
7786.111912 6.149e-17
7787.64615 6.2597e-17
7789.180388 7.9799e-17
7790.714626 7.2496e-17
7792.248864 5.851e-17
7793.783102 6.8251e-17
7795.31734 8.0401e-17
7796.851578 7.0267e-17
7798.385816 5.2267e-17
7799.920054 4.8026e-17
7801.454292 5.1678e-17
7802.98853 6.0573e-17
7804.522768 5.695e-17
7806.057006 6.1132e-17
7807.591244 6.5883e-17
7809.125482 5.858e-17
7810.65972 5.2686e-17
7812.193958 5.4839e-17
7813.728196 5.5933e-17
7815.262434 5.9222e-17
7816.796672 6.0198e-17
7818.33091 7.0158e-17
7819.865148 7.6963e-17
7821.399386 7.0287e-17
7822.933624 5.7996e-17
7824.467862 5.5407e-17
7826.0021 6.5892e-17
7827.536338 6.7736e-17
7829.070576 5.6009e-17
7830.604814 5.0802e-17
7832.139052 5.6706e-17
7833.67329 5.9663e-17
7835.207528 5.7842e-17
7836.741766 6.5098e-17
7838.276004 6.9121e-17
7839.810242 7.4543e-17
7841.34448 7.0813e-17
7842.878718 6.0407e-17
7844.412956 5.0187e-17
7845.947194 4.5844e-17
7847.481432 3.7024e-17
7849.01567 3.8247e-17
7850.549908 5.8127e-17
7852.084146 7.3132e-17
7853.618384 7.1608e-17
7855.152622 6.136e-17
7856.68686 6.9378e-17
7858.221098 6.4105e-17
7859.755336 5.1198e-17
7861.289574 5.9417e-17
7862.823812 6.0783e-17
7864.35805 6.3761e-17
7865.892288 6.9868e-17
7867.426526 6.5779e-17
7868.960764 6.567e-17
7870.495002 5.6662e-17
7872.02924 4.7963e-17
7873.563478 5.9145e-17
7875.097716 6.5517e-17
7876.631954 6.9506e-17
7878.166192 6.1636e-17
7879.70043 5.1292e-17
7881.234668 6.8117e-17
7882.768906 7.9395e-17
7884.303144 7.2003e-17
7885.837382 6.4468e-17
7887.37162 5.749e-17
7888.905858 5.622e-17
7890.440096 6.958e-17
7891.974334 7.2279e-17
7893.508572 6.1316e-17
7895.04281 6.3797e-17
7896.577048 6.8558e-17
7898.111286 5.9734e-17
7899.645524 6.2113e-17
7901.179762 6.2491e-17
7902.714 5.328e-17
7904.248238 5.334e-17
7905.782476 5.6526e-17
7907.316714 6.1413e-17
7908.850952 6.4228e-17
7910.38519 7.1973e-17
7911.919428 6.5824e-17
7913.453666 5.2216e-17
7914.987904 6.4664e-17
7916.522142 6.503e-17
7918.05638 6.3264e-17
7919.590618 6.3658e-17
7921.124856 6.0693e-17
7922.659094 6.2966e-17
7924.193332 5.5591e-17
7925.72757 4.4462e-17
7927.261808 4.5205e-17
7928.796046 5.0847e-17
7930.330284 4.9918e-17
7931.864522 5.3263e-17
7933.39876 5.489e-17
7934.932998 4.896e-17
7936.467236 4.6354e-17
7938.001474 5.3036e-17
7939.535712 5.9751e-17
7941.06995 5.9912e-17
7942.604188 5.8166e-17
7944.138426 5.8146e-17
7945.672664 5.5178e-17
7947.206902 5.6618e-17
7948.74114 5.4907e-17
7950.275378 5.5398e-17
7951.809616 5.7231e-17
7953.343854 5.3813e-17
7954.878092 6.433e-17
7956.41233 6.0606e-17
7957.946568 6.3413e-17
7959.480806 7.3572e-17
7961.015044 6.8425e-17
7962.549282 5.6758e-17
7964.08352 6.9605e-17
7965.617758 7.024e-17
7967.151996 4.8567e-17
7968.686234 4.3473e-17
7970.220472 5.6762e-17
7971.75471 6.2037e-17
7973.288948 5.8315e-17
7974.823186 5.0004e-17
7976.357424 4.7416e-17
7977.891662 5.0752e-17
7979.4259 6.175e-17
7980.960138 5.9799e-17
7982.494376 5.2894e-17
7984.028614 5.897e-17
7985.562852 5.9847e-17
7987.09709 5.1759e-17
7988.631328 4.5787e-17
7990.165566 5.0677e-17
7991.699804 5.2676e-17
7993.234042 5.2991e-17
7994.76828 5.4357e-17
7996.302518 5.4945e-17
7997.836756 5.7874e-17
7999.370994 6.0483e-17
8000.905232 6.1189e-17
8002.43947 5.4376e-17
8003.973708 5.6982e-17
8005.507946 5.774e-17
8007.042184 5.57e-17
8008.576422 5.4375e-17
8010.11066 5.8915e-17
8011.644898 5.2667e-17
8013.179136 5.5078e-17
8014.713374 5.8252e-17
8016.247612 5.7936e-17
8017.78185 5.2667e-17
8019.316088 4.9613e-17
8020.850326 5.4082e-17
8022.384564 5.9696e-17
8023.918802 6.8713e-17
8025.45304 6.7141e-17
8026.987278 5.8897e-17
8028.521516 5.4809e-17
8030.055754 4.8365e-17
8031.589992 5.0584e-17
8033.12423 4.6378e-17
8034.658468 4.5132e-17
8036.192706 5.4854e-17
8037.726944 6.4698e-17
8039.261182 6.2774e-17
8040.79542 5.0494e-17
8042.329658 5.3051e-17
8043.863896 5.6691e-17
8045.398134 5.1794e-17
8046.932372 4.3187e-17
8048.46661 3.932e-17
8050.000848 4.1747e-17
8051.535086 5.2522e-17
8053.069324 6.4505e-17
8054.603562 6.0744e-17
8056.1378 5.7993e-17
8057.672038 6.4999e-17
8059.206276 6.2606e-17
8060.740514 4.6796e-17
8062.274752 5.025e-17
8063.80899 5.8855e-17
8065.343228 5.3133e-17
8066.877466 4.3311e-17
8068.411704 4.5447e-17
8069.945942 4.3533e-17
8071.48018 4.5767e-17
8073.014418 5.2827e-17
8074.548656 5.5363e-17
8076.082894 5.4952e-17
8077.617132 4.8785e-17
8079.15137 5.3181e-17
8080.685608 5.6071e-17
8082.219846 5.694e-17
8083.754084 5.9581e-17
8085.288322 5.594e-17
8086.82256 6.1038e-17
8088.356798 6.1436e-17
8089.891036 5.2387e-17
8091.425274 5.4347e-17
8092.959512 6.2446e-17
8094.49375 6.1551e-17
8096.027988 5.1484e-17
8097.562226 5.1915e-17
8099.096464 5.4197e-17
8100.630702 4.9466e-17
8102.16494 6.013e-17
8103.699178 6.9102e-17
8105.233416 6.251e-17
8106.767654 5.759e-17
8108.301892 5.961e-17
8109.83613 6.1244e-17
8111.370368 5.6942e-17
8112.904606 5.1673e-17
8114.438844 5.6594e-17
8115.973082 6.2801e-17
8117.50732 5.8426e-17
8119.041558 5.5888e-17
8120.575796 4.9767e-17
8122.110034 5.1017e-17
8123.644272 6.2517e-17
8125.17851 6.2246e-17
8126.712748 5.9547e-17
8128.246986 6.3681e-17
8129.781224 6.0822e-17
8131.315462 5.3679e-17
8132.8497 5.8851e-17
8134.383938 6.2134e-17
8135.918176 5.8774e-17
8137.452414 5.6148e-17
8138.986652 5.3733e-17
8140.52089 4.9039e-17
8142.055128 4.7437e-17
8143.589366 5.0909e-17
8145.123604 4.8691e-17
8146.657842 5.3878e-17
8148.19208 5.9632e-17
8149.726318 5.5345e-17
8151.260556 5.387e-17
8152.794794 5.5963e-17
8154.329032 5.8435e-17
8155.86327 5.708e-17
8157.397508 5.5234e-17
8158.931746 5.297e-17
8160.465984 5.056e-17
8162.000222 4.8397e-17
8163.53446 5.6417e-17
8165.068698 6.4713e-17
8166.602936 5.6109e-17
8168.137174 5.0024e-17
8169.671412 5.0034e-17
8171.20565 5.0668e-17
8172.739888 5.2766e-17
8174.274126 4.4725e-17
8175.808364 5.2829e-17
8177.342602 5.7194e-17
8178.87684 5.0271e-17
8180.411078 5.763e-17
8181.945316 6.6372e-17
8183.479554 5.8377e-17
8185.013792 5.0459e-17
8186.54803 5.3877e-17
8188.082268 5.1539e-17
8189.616506 4.8483e-17
8191.150744 6.0888e-17
8192.684982 5.8887e-17
8194.21922 4.2577e-17
8195.753458 4.5133e-17
8197.287696 5.4809e-17
8198.821934 5.7678e-17
8200.356172 6.3601e-17
8201.89041 6.3034e-17
8203.424648 5.5143e-17
8204.958886 5.3881e-17
8206.493124 5.7255e-17
8208.027362 5.2688e-17
8209.5616 5.6215e-17
8211.095838 5.7697e-17
8212.630076 5.6618e-17
8214.164314 6.1645e-17
8215.698552 5.4137e-17
8217.23279 4.9353e-17
8218.767028 5.6981e-17
8220.301266 6.0435e-17
8221.835504 5.5547e-17
8223.369742 4.9491e-17
8224.90398 4.7757e-17
8226.438218 4.5716e-17
8227.972456 3.5712e-17
8229.506694 3.7739e-17
8231.040932 4.9745e-17
8232.57517 5.6594e-17
8234.109408 5.7807e-17
8235.643646 6.3496e-17
8237.177884 5.7398e-17
8238.712122 4.9878e-17
8240.24636 5.2442e-17
8241.780598 5.7244e-17
8243.314836 5.4912e-17
8244.849074 5.7961e-17
8246.383312 6.1041e-17
8247.91755 5.6685e-17
8249.451788 5.6232e-17
8250.986026 5.3515e-17
8252.520264 5.0668e-17
8254.054502 5.5965e-17
8255.58874 5.6365e-17
8257.122978 5.4132e-17
8258.657216 5.3883e-17
8260.191454 5.7145e-17
8261.725692 6.1553e-17
8263.25993 6.0749e-17
8264.794168 5.5386e-17
8266.328406 6.1076e-17
8267.862644 6.0195e-17
8269.396882 4.755e-17
8270.93112 4.3568e-17
8272.465358 4.9828e-17
8273.999596 5.2711e-17
8275.533834 5.3559e-17
8277.068072 4.8744e-17
8278.60231 4.2696e-17
8280.136548 4.7033e-17
8281.670786 4.5219e-17
8283.205024 4.15e-17
8284.739262 5.0034e-17
8286.2735 5.5806e-17
8287.807738 5.9316e-17
8289.341976 6.2281e-17
8290.876214 5.5092e-17
8292.410452 4.6728e-17
8293.94469 4.8467e-17
8295.478928 4.8351e-17
8297.013166 5.1884e-17
8298.547404 5.6969e-17
8300.081642 5.4102e-17
8301.61588 5.0155e-17
8303.150118 5.3419e-17
8304.684356 5.9015e-17
8306.218594 5.3763e-17
8307.752832 4.2283e-17
8309.28707 4.1251e-17
8310.821308 5.15e-17
8312.355546 5.4505e-17
8313.889784 5.1643e-17
8315.424022 5.5231e-17
8316.95826 5.6688e-17
8318.492498 5.6165e-17
8320.026736 5.958e-17
8321.560974 5.0335e-17
8323.095212 4.1527e-17
8324.62945 5.0106e-17
8326.163688 5.7983e-17
8327.697926 5.9307e-17
8329.232164 5.5741e-17
8330.766402 5.5371e-17
8332.30064 5.5667e-17
8333.834878 5.5295e-17
8335.369116 5.5278e-17
8336.903354 4.4317e-17
8338.437592 4.3326e-17
8339.97183 5.861e-17
8341.506068 6.155e-17
8343.040306 5.6964e-17
8344.574544 5.4355e-17
8346.108782 5.1821e-17
8347.64302 4.8242e-17
8349.177258 5.4978e-17
8350.711496 4.5049e-17
8352.245734 3.433e-17
8353.779972 4.2896e-17
8355.31421 4.3663e-17
8356.848448 4.6404e-17
8358.382686 4.2612e-17
8359.916924 4.5342e-17
8361.451162 5.7747e-17
8362.9854 6.6193e-17
8364.519638 6.3015e-17
8366.053876 5.6308e-17
8367.588114 5.8268e-17
8369.122352 6.4544e-17
8370.65659 5.2348e-17
8372.190828 5.0059e-17
8373.725066 5.2772e-17
8375.259304 4.7152e-17
8376.793542 4.9935e-17
8378.32778 5.0789e-17
8379.862018 3.524e-17
8381.396256 4.1149e-17
8382.930494 5.2852e-17
8384.464732 5.0411e-17
8385.99897 5.1291e-17
8387.533208 5.1044e-17
8389.067446 4.5995e-17
8390.601684 5.1738e-17
8392.135922 5.0323e-17
8393.67016 3.771e-17
8395.204398 4.1013e-17
8396.738636 6.2529e-17
8398.272874 6.558e-17
8399.807112 6.3207e-17
8401.34135 5.0595e-17
8402.875588 5.2959e-17
8404.409826 5.8475e-17
8405.944064 5.5889e-17
8407.478302 6.0722e-17
8409.01254 5.6337e-17
8410.546778 5.5765e-17
8412.081016 5.5452e-17
8413.615254 4.7199e-17
8415.149492 5.0394e-17
8416.68373 4.891e-17
8418.217968 3.8832e-17
8419.752206 4.8772e-17
8421.286444 5.9683e-17
8422.820682 5.4538e-17
8424.35492 4.886e-17
8425.889158 5.1801e-17
8427.423396 4.6293e-17
8428.957634 4.5836e-17
8430.491872 3.6941e-17
8432.02611 4.1002e-17
8433.560348 5.0579e-17
8435.094586 5.4508e-17
8436.628824 5.6787e-17
8438.163062 4.6857e-17
8439.6973 4.3767e-17
8441.231538 4.755e-17
8442.765776 4.4193e-17
8444.300014 4.3962e-17
8445.834252 4.9812e-17
8447.36849 5.7245e-17
8448.902728 5.4823e-17
8450.436966 4.5283e-17
8451.971204 5.4211e-17
8453.505442 6.2737e-17
8455.03968 5.4563e-17
8456.573918 5.4116e-17
8458.108156 5.3278e-17
8459.642394 4.9408e-17
8461.176632 6.2226e-17
8462.71087 5.9651e-17
8464.245108 5.074e-17
8465.779346 4.8427e-17
8467.313584 3.9663e-17
8468.847822 4.7384e-17
8470.38206 5.2498e-17
8471.916298 4.7566e-17
8473.450536 4.6724e-17
8474.984774 5.1517e-17
8476.519012 4.7674e-17
8478.05325 5.1939e-17
8479.587488 5.4888e-17
8481.121726 5.1018e-17
8482.655964 5.0931e-17
8484.190202 5.609e-17
8485.72444 5.3543e-17
8487.258678 5.1421e-17
8488.792916 5.0081e-17
8490.327154 5.5401e-17
8491.861392 5.7729e-17
8493.39563 5.3428e-17
8494.929868 4.8631e-17
8496.464106 4.3418e-17
8497.998344 4.0145e-17
8499.532582 4.8207e-17
8501.06682 5.2392e-17
8502.601058 5.044e-17
8504.135296 6.2277e-17
8505.669534 6.7174e-17
8507.203772 6.0747e-17
8508.73801 5.5316e-17
8510.272248 5.3213e-17
8511.806486 5.19e-17
8513.340724 4.7883e-17
8514.874962 5.1236e-17
8516.4092 5.3136e-17
8517.943438 4.7695e-17
8519.477676 4.5547e-17
8521.011914 4.9202e-17
8522.546152 5.2013e-17
8524.08039 5.2266e-17
8525.614628 5.5096e-17
8527.148866 5.7453e-17
8528.683104 5.2916e-17
8530.217342 4.7629e-17
8531.75158 4.9577e-17
8533.285818 4.9597e-17
8534.820056 4.8651e-17
8536.354294 4.8241e-17
8537.888532 4.7395e-17
8539.42277 4.6573e-17
8540.957008 4.9165e-17
8542.491246 5.0976e-17
8544.025484 5.2477e-17
8545.559722 5.3388e-17
8547.09396 5.3074e-17
8548.628198 5.0493e-17
8550.162436 5.2911e-17
8551.696674 5.8876e-17
8553.230912 5.2844e-17
8554.76515 5.2631e-17
8556.299388 5.7431e-17
8557.833626 5.0022e-17
8559.367864 5.0597e-17
8560.902102 5.6544e-17
8562.43634 5.3377e-17
8563.970578 4.8415e-17
8565.504816 5.4426e-17
8567.039054 5.7932e-17
8568.573292 5.623e-17
8570.10753 4.5407e-17
8571.641768 4.7907e-17
8573.176006 5.3146e-17
8574.710244 5.0085e-17
8576.244482 4.7767e-17
8577.77872 4.6274e-17
8579.312958 4.1805e-17
8580.847196 4.5897e-17
8582.381434 5.1937e-17
8583.915672 5.1318e-17
8585.44991 5.4842e-17
8586.984148 5.4131e-17
8588.518386 5.3041e-17
8590.052624 5.85e-17
8591.586862 5.0106e-17
8593.1211 5.4276e-17
8594.655338 5.5043e-17
8596.189576 5.0528e-17
8597.723814 4.7511e-17
8599.258052 5.1743e-17
8600.79229 5.1411e-17
8602.326528 5.6501e-17
8603.860766 5.6414e-17
8605.395004 4.73e-17
8606.929242 4.7486e-17
8608.46348 5.1216e-17
8609.997718 4.4293e-17
8611.531956 3.8692e-17
8613.066194 4.2162e-17
8614.600432 5.0154e-17
8616.13467 5.2967e-17
8617.668908 5.0627e-17
8619.203146 5.111e-17
8620.737384 6.1692e-17
8622.271622 6.6706e-17
8623.80586 6.0734e-17
8625.340098 6.1398e-17
8626.874336 4.7775e-17
8628.408574 4.8114e-17
8629.942812 6.146e-17
8631.47705 6.0282e-17
8633.011288 5.8545e-17
8634.545526 5.2506e-17
8636.079764 4.8351e-17
8637.614002 4.8924e-17
8639.14824 4.8747e-17
8640.682478 3.6967e-17
8642.216716 4.2659e-17
8643.750954 4.7604e-17
8645.285192 4.1984e-17
8646.81943 4.3979e-17
8648.353668 5.8302e-17
8649.887906 5.9166e-17
8651.422144 3.2231e-17
8652.956382 2.7875e-17
8654.49062 4.8974e-17
8656.024858 4.5632e-17
8657.559096 4.427e-17
8659.093334 4.5952e-17
8660.627572 4.1981e-17
8662.16181 4.5553e-17
8663.696048 4.0016e-17
8665.230286 3.4035e-17
8666.764524 4.2852e-17
8668.298762 4.3384e-17
8669.833 3.6707e-17
8671.367238 4.4228e-17
8672.901476 5.0264e-17
8674.435714 4.9561e-17
8675.969952 4.6549e-17
8677.50419 4.3241e-17
8679.038428 4.6453e-17
8680.572666 4.4328e-17
8682.106904 5.2842e-17
8683.641142 5.2859e-17
8685.17538 4.0062e-17
8686.709618 3.5165e-17
8688.243856 3.2933e-17
8689.778094 3.33e-17
8691.312332 3.4441e-17
8692.84657 3.6262e-17
8694.380808 3.5382e-17
8695.915046 3.1839e-17
8697.449284 3.2502e-17
8698.983522 4.1684e-17
8700.51776 4.6637e-17
8702.051998 4.3807e-17
8703.586236 5.5722e-17
8705.120474 6.1239e-17
8706.654712 4.2048e-17
8708.18895 3.8747e-17
8709.723188 4.8909e-17
8711.257426 4.4246e-17
8712.791664 4.0872e-17
8714.325902 4.7296e-17
8715.86014 4.9273e-17
8717.394378 4.3695e-17
8718.928616 4.293e-17
8720.462854 4.327e-17
8721.997092 3.7589e-17
8723.53133 4.0807e-17
8725.065568 4.4542e-17
8726.599806 4.3782e-17
8728.134044 4.9138e-17
8729.668282 4.9838e-17
8731.20252 5.2186e-17
8732.736758 5.3777e-17
8734.270996 4.9807e-17
8735.805234 4.3923e-17
8737.339472 4.6653e-17
8738.87371 5.0933e-17
8740.407948 4.7908e-17
8741.942186 4.2574e-17
8743.476424 4.6024e-17
8745.010662 4.761e-17
8746.5449 3.7096e-17
8748.079138 4.1019e-17
8749.613376 4.1951e-17
8751.147614 3.8897e-17
8752.681852 4.4743e-17
8754.21609 4.8779e-17
8755.750328 4.5597e-17
8757.284566 4.4059e-17
8758.818804 4.4829e-17
8760.353042 4.1357e-17
8761.88728 4.0056e-17
8763.421518 3.3205e-17
8764.955756 3.2886e-17
8766.489994 2.8831e-17
8768.024232 2.8258e-17
8769.55847 3.897e-17
8771.092708 4.169e-17
8772.626946 4.0125e-17
8774.161184 3.6365e-17
8775.695422 3.1128e-17
8777.22966 3.3265e-17
8778.763898 3.6534e-17
8780.298136 4.4914e-17
8781.832374 4.2469e-17
8783.366612 3.7457e-17
8784.90085 3.7477e-17
8786.435088 4.4955e-17
8787.969326 4.9767e-17
8789.503564 3.6506e-17
8791.037802 3.7711e-17
8792.57204 4.901e-17
8794.106278 4.4155e-17
8795.640516 3.7591e-17
8797.174754 4.1921e-17
8798.708992 4.5827e-17
8800.24323 4.21e-17
8801.777468 4.8109e-17
8803.311706 5.8003e-17
8804.845944 4.7279e-17
8806.380182 3.0477e-17
8807.91442 3.5001e-17
8809.448658 3.8182e-17
8810.982896 3.5569e-17
8812.517134 3.9806e-17
8814.051372 4.4835e-17
8815.58561 4.8587e-17
8817.119848 5.3888e-17
8818.654086 5.1153e-17
8820.188324 3.5982e-17
8821.722562 2.1413e-17
8823.2568 3.5968e-17
8824.791038 5.0592e-17
8826.325276 4.5517e-17
8827.859514 6.4355e-17
8829.393752 5.3986e-17
8830.92799 4.1875e-17
8832.462228 4.3122e-17
8833.996466 4.983e-17
8835.530704 5.0132e-17
8837.064942 4.6612e-17
8838.59918 3.1366e-17
8840.133418 3.0256e-17
8841.667656 4.6323e-17
8843.201894 5.068e-17
8844.736132 4.2452e-17
8846.27037 4.7274e-17
8847.804608 5.2521e-17
8849.338846 5.1046e-17
8850.873084 4.617e-17
8852.407322 4.3974e-17
8853.94156 4.4218e-17
8855.475798 4.9426e-17
8857.010036 4.7812e-17
8858.544274 4.1013e-17
8860.078512 4.004e-17
8861.61275 4.2852e-17
8863.146988 4.5862e-17
8864.681226 4.7158e-17
8866.215464 5.0299e-17
8867.749702 5.3019e-17
8869.28394 4.1794e-17
8870.818178 2.8305e-17
8872.352416 3.1805e-17
8873.886654 3.4333e-17
8875.420892 3.2822e-17
8876.95513 4.2139e-17
8878.489368 4.0849e-17
8880.023606 3.3183e-17
8881.557844 4.5073e-17
8883.092082 5.2364e-17
8884.62632 4.8726e-17
8886.160558 5.5714e-17
8887.694796 4.5816e-17
8889.229034 3.3763e-17
8890.763272 3.9603e-17
8892.29751 4.5222e-17
8893.831748 4.8356e-17
8895.365986 4.7181e-17
8896.900224 4.8726e-17
8898.434462 5.0844e-17
8899.9687 4.8786e-17
8901.502938 4.6497e-17
8903.037176 5.6663e-17
8904.571414 5.9944e-17
8906.105652 4.7427e-17
8907.63989 4.8607e-17
8909.174128 5.5391e-17
8910.708366 5.1037e-17
8912.242604 4.5429e-17
8913.776842 4.6943e-17
8915.31108 5.1322e-17
8916.845318 5.2691e-17
8918.379556 4.5879e-17
8919.913794 5.3824e-17
8921.448032 6.3997e-17
8922.98227 5.2572e-17
8924.516508 4.5697e-17
8926.050746 5.3733e-17
8927.584984 4.8092e-17
8929.119222 4.638e-17
8930.65346 4.9094e-17
8932.187698 4.5113e-17
8933.721936 4.4591e-17
8935.256174 4.3526e-17
8936.790412 3.6947e-17
8938.32465 3.7093e-17
8939.858888 4.8478e-17
8941.393126 4.6145e-17
8942.927364 4.5902e-17
8944.461602 5.446e-17
8945.99584 4.9026e-17
8947.530078 3.8939e-17
8949.064316 3.7103e-17
8950.598554 3.5817e-17
8952.132792 4.294e-17
8953.66703 5.1785e-17
8955.201268 4.415e-17
8956.735506 4.5307e-17
8958.269744 5.3952e-17
8959.803982 3.8901e-17
8961.33822 2.9249e-17
8962.872458 4.4217e-17
8964.406696 4.0192e-17
8965.940934 3.2708e-17
8967.475172 3.6578e-17
8969.00941 4.3116e-17
8970.543648 4.6171e-17
8972.077886 4.2293e-17
8973.612124 4.6063e-17
8975.146362 4.5691e-17
8976.6806 4.2807e-17
8978.214838 5.0196e-17
8979.749076 5.3917e-17
8981.283314 4.8141e-17
8982.817552 4.2486e-17
8984.35179 4.3687e-17
8985.886028 4.4547e-17
8987.420266 4.5585e-17
8988.954504 3.6745e-17
8990.488742 3.1155e-17
8992.02298 3.8408e-17
8993.557218 4.5846e-17
8995.091456 4.4052e-17
8996.625694 3.9463e-17
8998.159932 4.7778e-17
8999.69417 4.3465e-17
9001.228408 3.541e-17
9002.762646 3.7338e-17
9004.296884 3.3895e-17
9005.831122 3.6669e-17
9007.36536 4.3195e-17
9008.899598 4.2368e-17
9010.433836 4.2394e-17
9011.968074 4.2588e-17
9013.502312 3.9269e-17
9015.03655 4.2418e-17
9016.570788 5.1497e-17
9018.105026 4.9668e-17
9019.639264 4.188e-17
9021.173502 4.4236e-17
9022.70774 4.2958e-17
9024.241978 3.8895e-17
9025.776216 4.016e-17
9027.310454 4.3021e-17
9028.844692 4.2636e-17
9030.37893 3.9678e-17
9031.913168 4.4215e-17
9033.447406 5.1699e-17
9034.981644 4.9841e-17
9036.515882 4.8101e-17
9038.05012 4.4778e-17
9039.584358 4.1118e-17
9041.118596 4.6578e-17
9042.652834 5.062e-17
9044.187072 4.7399e-17
9045.72131 4.8286e-17
9047.255548 4.9792e-17
9048.789786 5.7923e-17
9050.324024 5.3259e-17
9051.858262 3.8266e-17
9053.3925 4.1511e-17
9054.926738 5.0682e-17
9056.460976 4.9427e-17
9057.995214 4.4749e-17
9059.529452 4.482e-17
9061.06369 4.5118e-17
9062.597928 4.4347e-17
9064.132166 4.3321e-17
9065.666404 4.4476e-17
9067.200642 4.5854e-17
9068.73488 4.0872e-17
9070.269118 3.8783e-17
9071.803356 4.5486e-17
9073.337594 4.3535e-17
9074.871832 3.7287e-17
9076.40607 3.9474e-17
9077.940308 4.1161e-17
9079.474546 4.139e-17
9081.008784 4.153e-17
9082.543022 4.2806e-17
9084.07726 4.3468e-17
9085.611498 3.7118e-17
9087.145736 4.1005e-17
9088.679974 5.6112e-17
9090.214212 5.686e-17
9091.74845 4.798e-17
9093.282688 4.1879e-17
9094.816926 4.0374e-17
9096.351164 4.2684e-17
9097.885402 4.77e-17
9099.41964 4.7077e-17
9100.953878 4.6953e-17
9102.488116 4.3504e-17
9104.022354 3.588e-17
9105.556592 3.7442e-17
9107.09083 4.2395e-17
9108.625068 4.7832e-17
9110.159306 4.297e-17
9111.693544 4.4841e-17
9113.227782 4.6324e-17
9114.76202 4.1482e-17
9116.296258 4.0608e-17
9117.830496 3.8018e-17
9119.364734 3.5536e-17
9120.898972 4.1331e-17
9122.43321 4.9124e-17
9123.967448 4.4206e-17
9125.501686 3.7137e-17
9127.035924 3.8972e-17
9128.570162 4.037e-17
9130.1044 4.4217e-17
9131.638638 4.4103e-17
9133.172876 4.1829e-17
9134.707114 4.0686e-17
9136.241352 3.9108e-17
9137.77559 4.5925e-17
9139.309828 5.4201e-17
9140.844066 5.9044e-17
9142.378304 5.3957e-17
9143.912542 5.456e-17
9145.44678 4.9183e-17
9146.981018 4.233e-17
9148.515256 4.0648e-17
9150.049494 3.4707e-17
9151.583732 3.1753e-17
9153.11797 3.2793e-17
9154.652208 3.653e-17
9156.186446 4.0421e-17
9157.720684 4.3246e-17
9159.254922 4.5411e-17
9160.78916 4.5483e-17
9162.323398 3.8655e-17
9163.857636 3.5737e-17
9165.391874 3.6348e-17
9166.926112 3.59e-17
9168.46035 3.8147e-17
9169.994588 4.1784e-17
9171.528826 4.0823e-17
9173.063064 3.3883e-17
9174.597302 3.2941e-17
9176.13154 3.9432e-17
9177.665778 4.202e-17
9179.200016 3.7845e-17
9180.734254 3.6904e-17
9182.268492 3.6055e-17
9183.80273 3.585e-17
9185.336968 3.6296e-17
9186.871206 4.2801e-17
9188.405444 4.6154e-17
9189.939682 4.133e-17
9191.47392 3.9323e-17
9193.008158 4.1074e-17
9194.542396 4.2209e-17
9196.076634 4.1878e-17
9197.610872 4.5411e-17
9199.14511 5.143e-17
9200.679348 4.8762e-17
9202.213586 3.9274e-17
9203.747824 3.4421e-17
9205.282062 3.5204e-17
9206.8163 4.3245e-17
9208.350538 4.5707e-17
9209.884776 4.4041e-17
9211.419014 3.887e-17
9212.953252 3.0434e-17
9214.48749 3.5428e-17
9216.021728 4.4795e-17
9217.555966 4.5722e-17
9219.090204 4.1761e-17
9220.624442 3.8144e-17
9222.15868 4.1123e-17
9223.692918 4.4122e-17
9225.227156 4.3879e-17
9226.761394 4.3319e-17
9228.295632 4.6535e-17
9229.82987 4.3936e-17
9231.364108 4.1528e-17
9232.898346 4.0988e-17
9234.432584 4.2268e-17
9235.966822 4.3858e-17
9237.50106 4.3618e-17
9239.035298 4.0001e-17
9240.569536 4.0618e-17
9242.103774 3.8683e-17
9243.638012 3.5275e-17
9245.17225 3.5747e-17
9246.706488 3.5259e-17
9248.240726 3.5382e-17
9249.774964 3.7894e-17
9251.309202 3.9631e-17
9252.84344 3.9653e-17
9254.377678 3.754e-17
9255.911916 3.5265e-17
9257.446154 3.4248e-17
9258.980392 3.8423e-17
9260.51463 4.0735e-17
9262.048868 3.7556e-17
9263.583106 3.5486e-17
9265.117344 3.6804e-17
9266.651582 4.1194e-17
9268.18582 3.8204e-17
9269.720058 3.4879e-17
9271.254296 3.8044e-17
9272.788534 4.2775e-17
9274.322772 4.3733e-17
9275.85701 3.6505e-17
9277.391248 3.1224e-17
9278.925486 3.7537e-17
9280.459724 4.4474e-17
9281.993962 4.1815e-17
9283.5282 3.9286e-17
9285.062438 4.5301e-17
9286.596676 4.3715e-17
9288.130914 4.0869e-17
9289.665152 4.1428e-17
9291.19939 4.509e-17
9292.733628 5.192e-17
9294.267866 4.3753e-17
9295.802104 3.4839e-17
9297.336342 3.2922e-17
9298.87058 3.5758e-17
9300.404818 3.0142e-17
9301.939056 4.076e-17
9303.473294 5.6527e-17
9305.007532 4.1279e-17
9306.54177 1.7805e-17
9308.076008 3.1017e-17
9309.610246 6.0213e-17
9311.144484 4.4128e-17
9312.678722 3.7818e-17
9314.21296 5.0266e-17
9315.747198 4.719e-17
9317.281436 4.1562e-17
9318.815674 3.9109e-17
9320.349912 3.6903e-17
9321.88415 6.1344e-17
9323.418388 8.4538e-17
9324.952626 5.3479e-17
9326.486864 3.1702e-17
9328.021102 3.4805e-17
9329.55534 2.6395e-17
9331.089578 3.1671e-17
9332.623816 4.783e-17
9334.158054 5.6489e-17
9335.692292 6.4079e-17
9337.22653 5.742e-17
9338.760768 5.211e-17
9340.295006 7.1936e-17
9341.829244 7.151e-17
9343.363482 6.0529e-17
9344.89772 5.4098e-17
9346.431958 5.5054e-17
9347.966196 6.0148e-17
9349.500434 4.2549e-17
9351.034672 2.4862e-17
9352.56891 1.8721e-17
9354.103148 2.0368e-17
9355.637386 5.054e-17
9357.171624 6.4179e-17
9358.705862 6.3287e-17
9360.2401 6.2466e-17
9361.774338 6.2875e-17
9363.308576 5.3245e-17
9364.842814 4.9137e-17
9366.377052 6.7747e-17
9367.91129 5.7256e-17
9369.445528 4.5372e-17
9370.979766 7.37e-17
9372.514004 8.2481e-17
9374.048242 6.9405e-17
9375.58248 8.0431e-17
9377.116718 5.4317e-17
9378.650956 3.3849e-18
9380.185194 3.0134e-17
9381.719432 4.9454e-17
9383.25367 6.4303e-17
9384.787908 6.6218e-17
9386.322146 6.8282e-17
9387.856384 5.1784e-17
9389.390622 5.4081e-17
9390.92486 5.2715e-17
9392.459098 5.6124e-17
9393.993336 5.7081e-17
9395.527574 5.756e-17
9397.061812 4.9222e-17
9398.59605 4.5807e-17
9400.130288 5.8143e-17
9401.664526 4.8224e-17
9403.198764 4.2394e-17
9404.733002 4.9792e-17
9406.26724 4.8936e-17
9407.801478 4.4425e-17
9409.335716 4.5422e-17
9410.869954 4.5392e-17
9412.404192 4.413e-17
9413.93843 3.9041e-17
9415.472668 4.8182e-17
9417.006906 5.4111e-17
9418.541144 4.9576e-17
9420.075382 5.9417e-17
9421.60962 5.1537e-17
9423.143858 3.7415e-17
9424.678096 3.6934e-17
9426.212334 4.1909e-17
9427.746572 4.6887e-17
9429.28081 4.5558e-17
9430.815048 3.9415e-17
9432.349286 4.2592e-17
9433.883524 5.1295e-17
9435.417762 4.1026e-17
9436.952 4.7187e-17
9438.486238 8.9176e-17
9440.020476 9.1876e-17
9441.554714 4.8453e-17
9443.088952 3.524e-17
9444.62319 3.3116e-17
9446.157428 3.0993e-17
9447.691666 4.099e-17
9449.225904 4.5321e-17
9450.760142 4.1493e-17
9452.29438 3.6264e-17
9453.828618 4.3816e-17
9455.362856 5.267e-17
9456.897094 3.8995e-17
9458.431332 3.2881e-17
9459.96557 3.5903e-17
9461.499808 3.8205e-17
9463.034046 4.2153e-17
9464.568284 3.2733e-17
9466.102522 3.0923e-17
9467.63676 4.1178e-17
9469.170998 4.4083e-17
9470.705236 3.032e-17
9472.239474 4.0802e-17
9473.773712 5.4625e-17
9475.30795 3.9898e-17
9476.842188 4.752e-17
9478.376426 3.5354e-17
9479.910664 2.484e-17
9481.444902 3.2071e-17
9482.97914 4.4534e-17
9484.513378 4.2617e-17
9486.047616 4.6101e-17
9487.581854 4.7346e-17
9489.116092 3.8173e-17
9490.65033 3.3686e-17
9492.184568 3.1995e-17
9493.718806 3.3927e-17
9495.253044 4.0999e-17
9496.787282 2.3904e-17
9498.32152 2.7781e-17
9499.855758 5.6349e-17
9501.389996 5.6685e-17
9502.924234 4.6837e-17
9504.458472 4.3699e-17
9505.99271 3.6326e-17
9507.526948 3.2644e-17
9509.061186 3.5896e-17
9510.595424 3.7893e-17
9512.129662 3.5622e-17
9513.6639 4.0486e-17
9515.198138 5.4999e-17
9516.732376 5.0248e-17
9518.266614 3.9894e-17
9519.800852 4.4157e-17
9521.33509 5.0768e-17
9522.869328 3.5275e-17
9524.403566 3.3964e-17
9525.937804 3.8787e-17
9527.472042 4.1794e-17
9529.00628 4.8956e-17
9530.540518 4.4241e-17
9532.074756 4.8091e-17
9533.608994 4.587e-17
9535.143232 3.5173e-17
9536.67747 4.1123e-17
9538.211708 4.6017e-17
9539.745946 3.8854e-17
9541.280184 3.9942e-17
9542.814422 3.9046e-17
9544.34866 3.9258e-17
9545.882898 4.0726e-17
9547.417136 4.1933e-17
9548.951374 4.7037e-17
9550.485612 4.41e-17
9552.01985 3.4809e-17
9553.554088 2.5164e-17
9555.088326 2.3232e-17
9556.622564 2.957e-17
9558.156802 3.433e-17
9559.69104 3.3202e-17
9561.225278 3.8028e-17
9562.759516 4.4177e-17
9564.293754 2.5955e-17
9565.827992 2.5711e-17
9567.36223 3.7335e-17
9568.896468 5.6458e-17
9570.430706 4.0473e-17
9571.964944 3.1865e-17
9573.499182 4.4113e-17
9575.03342 4.0405e-17
9576.567658 3.4083e-17
9578.101896 4.1408e-17
9579.636134 4.2805e-17
9581.170372 4.2152e-17
9582.70461 4.0649e-17
9584.238848 3.3965e-17
9585.773086 3.0402e-17
9587.307324 3.3756e-17
9588.841562 3.6303e-17
9590.3758 4.166e-17
9591.910038 5.1348e-17
9593.444276 5.7587e-17
9594.978514 5.4513e-17
9596.512752 4.9491e-17
9598.04699 4.2696e-17
9599.581228 4.066e-17
9601.115466 4.0399e-17
9602.649704 3.4097e-17
9604.183942 3.6398e-17
9605.71818 5.8843e-17
9607.252418 6.2385e-17
9608.786656 4.239e-17
9610.320894 3.9679e-17
9611.855132 4.2684e-17
9613.38937 3.8311e-17
9614.923608 4.0965e-17
9616.457846 3.5417e-17
9617.992084 2.0339e-17
9619.526322 2.3996e-17
9621.06056 2.5909e-17
9622.594798 2.9874e-17
9624.129036 3.5363e-17
9625.663274 3.4662e-17
9627.197512 4.3439e-17
9628.73175 5.4082e-17
9630.265988 5.457e-17
9631.800226 4.1535e-17
9633.334464 3.0566e-17
9634.868702 3.4928e-17
9636.40294 4.1614e-17
9637.937178 3.5772e-17
9639.471416 3.7926e-17
9641.005654 3.9335e-17
9642.539892 3.3392e-17
9644.07413 3.5489e-17
9645.608368 3.1857e-17
9647.142606 3.3141e-17
9648.676844 4.0837e-17
9650.211082 4.1004e-17
9651.74532 3.8503e-17
9653.279558 3.587e-17
9654.813796 3.4508e-17
9656.348034 3.1272e-17
9657.882272 2.8772e-17
9659.41651 2.815e-17
9660.950748 2.6899e-17
9662.484986 3.4356e-17
9664.019224 3.9295e-17
9665.553462 3.7517e-17
9667.0877 3.3581e-17
9668.621938 3.4101e-17
9670.156176 3.6239e-17
9671.690414 3.5218e-17
9673.224652 3.3235e-17
9674.75889 2.6939e-17
9676.293128 2.3586e-17
9677.827366 3.2409e-17
9679.361604 3.7079e-17
9680.895842 3.4655e-17
9682.43008 3.7679e-17
9683.964318 2.6903e-17
9685.498556 2.235e-17
9687.032794 2.4566e-17
9688.567032 2.9092e-17
9690.10127 2.8358e-17
9691.635508 3.9574e-17
9693.169746 3.641e-17
9694.703984 3.1751e-17
9696.238222 3.162e-17
9697.77246 3.188e-17
9699.306698 4.297e-17
9700.840936 4.767e-17
9702.375174 3.3372e-17
9703.909412 2.9186e-17
9705.44365 3.2044e-17
9706.977888 4.0351e-17
9708.512126 4.8528e-17
9710.046364 3.3437e-17
9711.580602 2.5717e-17
9713.11484 2.9513e-17
9714.649078 2.0834e-17
9716.183316 2.5757e-17
9717.717554 3.7342e-17
9719.251792 4.5622e-17
9720.78603 3.8007e-17
9722.320268 4.3996e-17
9723.854506 4.6375e-17
9725.388744 3.9145e-17
9726.922982 3.057e-17
9728.45722 3.4824e-17
9729.991458 3.8802e-17
9731.525696 3.5278e-17
9733.059934 3.4015e-17
9734.594172 4.768e-17
9736.12841 4.7434e-17
9737.662648 4.1746e-17
9739.196886 3.9716e-17
9740.731124 3.5429e-17
9742.265362 2.8584e-17
9743.7996 3.2645e-17
9745.333838 3.7836e-17
9746.868076 2.9878e-17
9748.402314 2.2857e-17
9749.936552 2.8185e-17
9751.47079 3.7396e-17
9753.005028 3.8551e-17
9754.539266 4.1352e-17
9756.073504 4.1044e-17
9757.607742 3.9346e-17
9759.14198 3.6478e-17
9760.676218 3.5882e-17
9762.210456 3.3214e-17
9763.744694 3.3335e-17
9765.278932 3.9213e-17
9766.81317 3.7536e-17
9768.347408 3.4132e-17
9769.881646 3.2507e-17
9771.415884 3.4749e-17
9772.950122 3.714e-17
9774.48436 3.8747e-17
9776.018598 3.5518e-17
9777.552836 3.5282e-17
9779.087074 3.5624e-17
9780.621312 3.9045e-17
9782.15555 3.9363e-17
9783.689788 3.1576e-17
9785.224026 3.6785e-17
9786.758264 6.9953e-17
9788.292502 9.173e-17
9789.82674 6.5361e-17
9791.360978 3.1643e-17
9792.895216 4.1297e-17
9794.429454 3.4536e-17
9795.963692 2.528e-17
9797.49793 3.0342e-17
9799.032168 4.2128e-17
9800.566406 4.8881e-17
9802.100644 4.4242e-17
9803.634882 4.2329e-17
9805.16912 3.9539e-17
9806.703358 4.3176e-17
9808.237596 5.181e-17
9809.771834 4.4465e-17
9811.306072 3.8851e-17
9812.84031 4.6258e-17
9814.374548 3.3499e-17
9815.908786 2.8359e-17
9817.443024 4.3237e-17
9818.977262 4.8142e-17
9820.5115 4.1863e-17
9822.045738 3.6892e-17
9823.579976 3.4005e-17
9825.114214 3.2228e-17
9826.648452 3.9537e-17
9828.18269 4.3486e-17
9829.716928 4.4728e-17
9831.251166 4.6951e-17
9832.785404 3.9125e-17
9834.319642 3.1657e-17
9835.85388 3.3461e-17
9837.388118 3.5592e-17
9838.922356 3.9184e-17
9840.456594 4.1311e-17
9841.990832 3.4518e-17
9843.52507 3.7469e-17
9845.059308 5.0438e-17
9846.593546 4.1415e-17
9848.127784 3.8326e-17
9849.662022 4.4701e-17
9851.19626 2.4894e-17
9852.730498 2.336e-17
9854.264736 3.8122e-17
9855.798974 4.2105e-17
9857.333212 4.232e-17
9858.86745 4.6662e-17
9860.401688 4.3592e-17
9861.935926 3.6639e-17
9863.470164 4.0058e-17
9865.004402 4.6244e-17
9866.53864 4.0032e-17
9868.072878 4.413e-17
9869.607116 4.5258e-17
9871.141354 8.0497e-18
9872.675592 7.6127e-18
9874.20983 3.0961e-17
9875.744068 3.3948e-17
9877.278306 3.8824e-17
9878.812544 4.9001e-17
9880.346782 5.3588e-17
9881.88102 4.6673e-17
9883.415258 4.7825e-17
9884.949496 4.2861e-17
9886.483734 3.5676e-17
9888.017972 4.0016e-17
9889.55221 3.5095e-17
9891.086448 2.9845e-17
9892.620686 4.3075e-17
9894.154924 3.5599e-17
9895.689162 2.8163e-17
9897.2234 4.0872e-17
9898.757638 4.4335e-17
9900.291876 4.8373e-17
9901.826114 4.344e-17
9903.360352 4.2118e-17
9904.89459 3.8048e-17
9906.428828 3.0129e-17
9907.963066 2.9131e-17
9909.497304 3.0931e-17
9911.031542 4.197e-17
9912.56578 4.2673e-17
9914.100018 5.1909e-17
9915.634256 5.9801e-17
9917.168494 4.7446e-17
9918.702732 3.3857e-17
9920.23697 3.0869e-17
9921.771208 4.1542e-17
9923.305446 4.6342e-17
9924.839684 3.743e-17
9926.373922 3.6126e-17
9927.90816 3.6694e-17
9929.442398 3.0201e-17
9930.976636 3.7377e-17
9932.510874 3.8896e-17
9934.045112 3.1302e-17
9935.57935 2.5763e-17
9937.113588 2.7923e-17
9938.647826 1.2544e-17
9940.182064 1.0567e-17
9941.716302 5.0886e-17
9943.25054 5.9251e-17
9944.784778 1.7782e-17
9946.319016 3.12e-17
9947.853254 4.1139e-17
9949.387492 2.8463e-17
9950.92173 2.1492e-17
9952.455968 3.109e-17
9953.990206 5.9977e-17
9955.524444 7.2736e-17
9957.058682 4.8707e-17
9958.59292 2.6416e-17
9960.127158 3.0579e-17
9961.661396 2.9949e-17
9963.195634 3.0536e-17
9964.729872 3.6583e-17
9966.26411 2.9459e-17
9967.798348 2.2852e-17
9969.332586 4.0843e-17
9970.866824 4.8377e-17
9972.401062 4.8914e-17
9973.9353 3.8426e-17
9975.469538 3.2548e-17
9977.003776 3.8951e-17
9978.538014 3.6224e-17
9980.072252 2.9046e-17
9981.60649 3.2652e-17
9983.140728 3.2214e-17
9984.674966 3.0836e-17
9986.209204 2.9817e-17
9987.743442 3.3434e-17
9989.27768 3.8824e-17
9990.811918 3.7666e-17
9992.346156 2.4578e-17
9993.880394 1.8923e-17
9995.414632 2.632e-17
9996.94887 3.5737e-17
9998.483108 3.2589e-17
10000.017346 2.6974e-17
