# DICHROIC = D55
# HA = +01:43:19.1
# ANGLE = 27 deg 17 min
# OBSERVER = Anna Ho  Wendy Chen  Kevin Burdge
# OBSLST = 12:18:15.6
# OBJECT = ZTF18aaqbzfc
# CASSPA = 150.00
# PARALLAC = 121.67
# HOURANG = W01:43:19.1
# CCDTEMP = 161.63
# LAMPS = 0000000
# RA = 10:33:50.12
# GRATING = 600/4000
# APERTURE = 1.5
# TELFOCUS = 40.31 mm
# AIRMASS = 1.107
# DEC = +50:19:41.3
# UTSHUT = 2018-05-08T05:01:47.766
# EXPTIME = 1200
3400.000 8.3895e-17
3401.525 8.2903e-17
3403.050 5.0825e-17
3404.575 5.8402e-17
3406.100 5.2636e-17
3407.625 7.2744e-17
3409.150 9.9399e-17
3410.675 5.0516e-17
3412.200 4.0502e-17
3413.725 4.7214e-17
3415.250 7.3346e-17
3416.775 9.699e-17
3418.300 4.7003e-17
3419.825 6.3819e-17
3421.350 6.8434e-17
3422.875 8.897e-17
3424.400 8.9909e-17
3425.925 9.2264e-17
3427.450 7.3578e-17
3428.975 6.8568e-17
3430.500 7.5466e-17
3432.025 6.2593e-17
3433.550 5.8792e-17
3435.075 5.9652e-17
3436.600 6.2372e-17
3438.125 8.9733e-17
3439.650 6.9428e-17
3441.175 -1.2564e-17
3442.700 3.0154e-17
3444.225 5.4279e-17
3445.750 6.0669e-17
3447.275 8.5599e-17
3448.800 9.5842e-17
3450.325 7.4839e-17
3451.850 5.8474e-17
3453.375 2.8438e-17
3454.900 4.0769e-17
3456.425 7.3722e-17
3457.950 9.3387e-17
3459.475 7.94e-17
3461.000 6.3694e-17
3462.525 6.5233e-17
3464.050 4.6252e-17
3465.575 7.9993e-17
3467.100 8.508e-17
3468.625 4.6311e-17
3470.150 6.119e-17
3471.675 4.3197e-17
3473.200 5.4993e-17
3474.725 5.1039e-17
3476.250 5.0078e-17
3477.775 7.5677e-17
3479.300 9.2556e-17
3480.825 8.0397e-17
3482.350 9.2851e-17
3483.875 8.0056e-17
3485.400 6.28e-17
3486.925 8.3291e-17
3488.450 6.5834e-17
3489.975 4.1675e-17
3491.500 4.9447e-17
3493.025 5.3593e-17
3494.550 7.1159e-17
3496.075 3.7354e-17
3497.600 3.8586e-17
3499.125 6.4256e-17
3500.650 5.5114e-17
3502.175 5.0916e-17
3503.700 9.7647e-17
3505.225 8.4998e-17
3506.750 7.7922e-17
3508.275 6.6981e-17
3509.800 6.5262e-17
3511.325 6.0534e-17
3512.850 8.3152e-17
3514.375 8.3503e-17
3515.900 6.4475e-17
3517.425 6.7995e-17
3518.950 7.6852e-17
3520.475 8.3624e-17
3522.000 7.6386e-17
3523.525 5.9877e-17
3525.050 5.1395e-17
3526.575 6.5155e-17
3528.100 9.1493e-17
3529.625 7.8391e-17
3531.150 4.6597e-17
3532.675 5.9497e-17
3534.200 4.9217e-17
3535.725 6.0819e-17
3537.250 5.7483e-17
3538.775 7.8097e-17
3540.300 4.9467e-17
3541.825 3.976e-17
3543.350 5.1306e-17
3544.875 4.9296e-17
3546.400 8.9231e-17
3547.925 7.5772e-17
3549.450 4.3087e-17
3550.975 7.4611e-17
3552.500 5.6709e-17
3554.025 4.541e-17
3555.550 7.8447e-17
3557.075 5.3882e-17
3558.600 8.1551e-17
3560.125 9.0128e-17
3561.650 8.5638e-17
3563.175 8.2899e-17
3564.700 5.3109e-17
3566.225 6.9925e-17
3567.750 5.7929e-17
3569.275 5.4996e-17
3570.800 4.8611e-17
3572.325 7.4069e-17
3573.850 8.6057e-17
3575.375 5.9719e-17
3576.900 7.1504e-17
3578.425 7.0101e-17
3579.950 7.1674e-17
3581.475 6.7516e-17
3583.000 5.6809e-17
3584.525 7.1225e-17
3586.050 7.3121e-17
3587.575 7.0929e-17
3589.100 8.5596e-17
3590.625 9.6839e-17
3592.150 8.6211e-17
3593.675 6.9432e-17
3595.200 6.5056e-17
3596.725 8.335e-17
3598.250 6.7695e-17
3599.775 7.3739e-17
3601.300 6.7546e-17
3602.825 8.3721e-17
3604.350 7.4966e-17
3605.875 6.5847e-17
3607.400 9.1877e-17
3608.925 6.7431e-17
3610.450 4.7793e-17
3611.975 6.9163e-17
3613.500 6.7546e-17
3615.025 6.2176e-17
3616.550 6.9638e-17
3618.075 7.2943e-17
3619.600 4.2693e-17
3621.125 5.4656e-17
3622.650 6.7062e-17
3624.175 5.992e-17
3625.700 7.5419e-17
3627.225 6.8923e-17
3628.750 6.0185e-17
3630.275 8.5995e-17
3631.800 7.1673e-17
3633.325 6.6275e-17
3634.850 8.6687e-17
3636.375 9.3582e-17
3637.900 6.8619e-17
3639.425 6.7004e-17
3640.950 6.6501e-17
3642.475 6.9282e-17
3644.000 8.2652e-17
3645.525 8.6214e-17
3647.050 5.3517e-17
3648.575 4.8688e-17
3650.100 7.9381e-17
3651.625 9.2778e-17
3653.150 7.5322e-17
3654.675 6.9825e-17
3656.200 7.7504e-17
3657.725 7.176e-17
3659.250 6.5094e-17
3660.775 7.1481e-17
3662.300 7.945e-17
3663.825 7.6064e-17
3665.350 6.2773e-17
3666.875 7.8891e-17
3668.400 7.8147e-17
3669.925 7.2694e-17
3671.450 7.1571e-17
3672.975 6.8683e-17
3674.500 7.0639e-17
3676.025 5.5725e-17
3677.550 6.0163e-17
3679.075 6.2011e-17
3680.600 5.8222e-17
3682.125 5.6996e-17
3683.650 6.4528e-17
3685.175 7.5071e-17
3686.700 7.1062e-17
3688.225 5.785e-17
3689.750 7.0494e-17
3691.275 8.4001e-17
3692.800 7.5887e-17
3694.325 6.9177e-17
3695.850 6.8734e-17
3697.375 5.6917e-17
3698.900 6.5352e-17
3700.425 6.7552e-17
3701.950 8.5874e-17
3703.475 5.2704e-17
3705.000 5.3945e-17
3706.525 8.3109e-17
3708.050 6.8996e-17
3709.575 7.1184e-17
3711.100 5.1787e-17
3712.625 6.1353e-17
3714.150 7.1555e-17
3715.675 7.041e-17
3717.200 6.618e-17
3718.725 6.3524e-17
3720.250 5.3596e-17
3721.775 6.0819e-17
3723.300 5.5903e-17
3724.825 5.786e-17
3726.350 5.9457e-17
3727.875 6.799e-17
3729.400 6.9862e-17
3730.925 8.2031e-17
3732.450 8.9297e-17
3733.975 8.5886e-17
3735.500 7.5291e-17
3737.025 8.1325e-17
3738.550 6.0664e-17
3740.075 5.8626e-17
3741.600 7.258e-17
3743.125 7.8984e-17
3744.650 7.2153e-17
3746.175 6.6052e-17
3747.700 6.6109e-17
3749.225 5.7448e-17
3750.750 6.8182e-17
3752.275 9.0815e-17
3753.800 7.6402e-17
3755.325 7.55e-17
3756.850 6.9184e-17
3758.375 6.1427e-17
3759.900 7.4586e-17
3761.425 7.1784e-17
3762.950 8.1039e-17
3764.475 6.8805e-17
3766.000 6.4388e-17
3767.525 6.7642e-17
3769.050 6.1328e-17
3770.575 7.279e-17
3772.100 7.2903e-17
3773.625 4.5978e-17
3775.150 5.2574e-17
3776.675 6.0312e-17
3778.200 7.2477e-17
3779.725 7.3582e-17
3781.250 5.8809e-17
3782.775 5.6363e-17
3784.300 5.6019e-17
3785.825 6.8422e-17
3787.350 6.5971e-17
3788.875 6.7076e-17
3790.400 6.7934e-17
3791.925 6.5406e-17
3793.450 6.8584e-17
3794.975 7.0849e-17
3796.500 5.5925e-17
3798.025 6.3744e-17
3799.550 6.4572e-17
3801.075 6.6117e-17
3802.600 6.9986e-17
3804.125 7.8051e-17
3805.650 7.1993e-17
3807.175 6.8279e-17
3808.700 7.5998e-17
3810.225 6.8062e-17
3811.750 5.6375e-17
3813.275 7.4196e-17
3814.800 6.6616e-17
3816.325 6.3674e-17
3817.850 8.1401e-17
3819.375 6.4546e-17
3820.900 6.8962e-17
3822.425 5.6091e-17
3823.950 4.7966e-17
3825.475 5.8663e-17
3827.000 6.1137e-17
3828.525 6.2218e-17
3830.050 7.5425e-17
3831.575 6.4785e-17
3833.100 6.6143e-17
3834.625 6.0913e-17
3836.150 6.486e-17
3837.675 6.0504e-17
3839.200 6.9419e-17
3840.725 7.1063e-17
3842.250 6.557e-17
3843.775 6.7197e-17
3845.300 6.406e-17
3846.825 6.5233e-17
3848.350 7.2968e-17
3849.875 6.9607e-17
3851.400 7.028e-17
3852.925 8.6177e-17
3854.450 6.6457e-17
3855.975 6.9102e-17
3857.500 6.859e-17
3859.025 6.4702e-17
3860.550 7.2282e-17
3862.075 6.7958e-17
3863.600 5.936e-17
3865.125 5.7549e-17
3866.650 6.6305e-17
3868.175 7.0613e-17
3869.700 8.153e-17
3871.225 7.4508e-17
3872.750 7.2028e-17
3874.275 6.9196e-17
3875.800 7.7235e-17
3877.325 8.2446e-17
3878.850 7.4909e-17
3880.375 7.6278e-17
3881.900 7.9259e-17
3883.425 6.8175e-17
3884.950 5.2916e-17
3886.475 6.032e-17
3888.000 6.6368e-17
3889.525 8.5378e-17
3891.050 1.1045e-16
3892.575 1.0523e-16
3894.100 8.3751e-17
3895.625 8.2758e-17
3897.150 7.4969e-17
3898.675 6.9244e-17
3900.200 7.0832e-17
3901.725 6.8628e-17
3903.250 6.7951e-17
3904.775 6.9641e-17
3906.300 6.7552e-17
3907.825 6.4298e-17
3909.350 7.7413e-17
3910.875 7.5419e-17
3912.400 8.3083e-17
3913.925 7.7707e-17
3915.450 8.9414e-17
3916.975 7.3531e-17
3918.500 6.6132e-17
3920.025 6.8294e-17
3921.550 6.7886e-17
3923.075 6.5107e-17
3924.600 6.8058e-17
3926.125 7.1593e-17
3927.650 7.093e-17
3929.175 6.207e-17
3930.700 6.1476e-17
3932.225 6.394e-17
3933.750 6.2598e-17
3935.275 6.5309e-17
3936.800 6.6514e-17
3938.325 5.4166e-17
3939.850 7.4271e-17
3941.375 8.0523e-17
3942.900 6.9657e-17
3944.425 6.8129e-17
3945.950 6.8693e-17
3947.475 6.2437e-17
3949.000 7.5345e-17
3950.525 6.0702e-17
3952.050 5.9057e-17
3953.575 7.0603e-17
3955.100 7.5179e-17
3956.625 7.508e-17
3958.150 6.1872e-17
3959.675 5.2037e-17
3961.200 5.5682e-17
3962.725 5.9592e-17
3964.250 6.2507e-17
3965.775 6.5864e-17
3967.300 6.7958e-17
3968.825 7.5452e-17
3970.350 6.7399e-17
3971.875 6.3363e-17
3973.400 6.5941e-17
3974.925 7.3551e-17
3976.450 6.651e-17
3977.975 7.3016e-17
3979.500 6.8749e-17
3981.025 6.4861e-17
3982.550 6.5656e-17
3984.075 6.3073e-17
3985.600 5.9979e-17
3987.125 5.8526e-17
3988.650 5.797e-17
3990.175 7.4185e-17
3991.700 7.4462e-17
3993.225 6.2928e-17
3994.750 7.1387e-17
3996.275 6.9958e-17
3997.800 5.4989e-17
3999.325 6.4617e-17
4000.850 6.6126e-17
4002.375 6.7066e-17
4003.900 6.1238e-17
4005.425 7.6221e-17
4006.950 5.8397e-17
4008.475 5.2406e-17
4010.000 7.0278e-17
4011.525 6.4884e-17
4013.050 7.4891e-17
4014.575 8.2291e-17
4016.100 6.6398e-17
4017.625 6.4284e-17
4019.150 6.173e-17
4020.675 6.8764e-17
4022.200 6.767e-17
4023.725 7.6367e-17
4025.250 6.1246e-17
4026.775 5.3716e-17
4028.300 7.0691e-17
4029.825 6.8656e-17
4031.350 6.691e-17
4032.875 6.8398e-17
4034.400 6.685e-17
4035.925 7.3051e-17
4037.450 5.9406e-17
4038.975 5.8977e-17
4040.500 7.3528e-17
4042.025 8.1588e-17
4043.550 4.6145e-17
4045.075 4.5714e-17
4046.600 7.4746e-17
4048.125 8.3109e-17
4049.650 8.8508e-17
4051.175 6.3287e-17
4052.700 5.6322e-17
4054.225 8.2272e-17
4055.750 7.5408e-17
4057.275 6.9975e-17
4058.800 6.9273e-17
4060.325 6.8448e-17
4061.850 6.1716e-17
4063.375 6.6123e-17
4064.900 7.7922e-17
4066.425 7.3373e-17
4067.950 7.9412e-17
4069.475 7.6556e-17
4071.000 7.445e-17
4072.525 7.6825e-17
4074.050 9.1312e-17
4075.575 7.6054e-17
4077.100 7.1932e-17
4078.625 8.5501e-17
4080.150 7.0235e-17
4081.675 7.0469e-17
4083.200 7.6127e-17
4084.725 7.1832e-17
4086.250 6.6155e-17
4087.775 6.3913e-17
4089.300 6.365e-17
4090.825 6.5666e-17
4092.350 7.0127e-17
4093.875 7.6278e-17
4095.400 7.2507e-17
4096.925 7.6108e-17
4098.450 7.1393e-17
4099.975 6.6255e-17
4101.500 6.298e-17
4103.025 6.3237e-17
4104.550 6.2354e-17
4106.075 6.9094e-17
4107.600 8.4992e-17
4109.125 7.8893e-17
4110.650 7.5875e-17
4112.175 8.0416e-17
4113.700 7.5654e-17
4115.225 7.3991e-17
4116.750 6.9375e-17
4118.275 8.3828e-17
4119.800 8.3953e-17
4121.325 7.5171e-17
4122.850 7.985e-17
4124.375 6.9108e-17
4125.900 6.2747e-17
4127.425 8.4518e-17
4128.950 7.96e-17
4130.475 6.7905e-17
4132.000 7.3088e-17
4133.525 7.923e-17
4135.050 8.0959e-17
4136.575 7.1057e-17
4138.100 7.1397e-17
4139.625 6.9068e-17
4141.150 5.6738e-17
4142.675 6.0154e-17
4144.200 7.2438e-17
4145.725 7.8467e-17
4147.250 7.0733e-17
4148.775 6.6594e-17
4150.300 7.0802e-17
4151.825 6.7339e-17
4153.350 7.1975e-17
4154.875 6.7198e-17
4156.400 6.471e-17
4157.925 6.7835e-17
4159.450 6.0247e-17
4160.975 7.1325e-17
4162.500 7.6107e-17
4164.025 5.9776e-17
4165.550 6.7931e-17
4167.075 5.911e-17
4168.600 6.5599e-17
4170.125 6.7373e-17
4171.650 6.9099e-17
4173.175 6.2319e-17
4174.700 6.4629e-17
4176.225 6.087e-17
4177.750 6.1638e-17
4179.275 7.5485e-17
4180.800 7.1126e-17
4182.325 6.3723e-17
4183.850 6.4884e-17
4185.375 6.692e-17
4186.900 8.0482e-17
4188.425 7.8111e-17
4189.950 6.821e-17
4191.475 7.0466e-17
4193.000 7.4727e-17
4194.525 6.7001e-17
4196.050 6.6591e-17
4197.575 7.3344e-17
4199.100 7.3388e-17
4200.625 7.3548e-17
4202.150 6.596e-17
4203.675 6.3143e-17
4205.200 7.3263e-17
4206.725 7.4376e-17
4208.250 8.3991e-17
4209.775 7.6108e-17
4211.300 7.7989e-17
4212.825 8.1565e-17
4214.350 7.9099e-17
4215.875 6.9253e-17
4217.400 6.093e-17
4218.925 8.1674e-17
4220.450 9.9492e-17
4221.975 8.7053e-17
4223.500 7.5484e-17
4225.025 8.0527e-17
4226.550 7.5224e-17
4228.075 8.2846e-17
4229.600 7.989e-17
4231.125 8.6809e-17
4232.650 8.4297e-17
4234.175 7.4526e-17
4235.700 8.6009e-17
4237.225 7.9439e-17
4238.750 8.3679e-17
4240.275 9.0584e-17
4241.800 8.3957e-17
4243.325 7.8393e-17
4244.850 7.5533e-17
4246.375 6.6927e-17
4247.900 7.3728e-17
4249.425 7.77e-17
4250.950 7.4699e-17
4252.475 8.381e-17
4254.000 8.8058e-17
4255.525 8.0199e-17
4257.050 7.7023e-17
4258.575 8.1053e-17
4260.100 7.5349e-17
4261.625 8.4294e-17
4263.150 8.1751e-17
4264.675 8.4804e-17
4266.200 7.5949e-17
4267.725 8.1583e-17
4269.250 8.0048e-17
4270.775 7.6329e-17
4272.300 7.2246e-17
4273.825 7.2931e-17
4275.350 7.4103e-17
4276.875 6.6532e-17
4278.400 8.0759e-17
4279.925 8.7916e-17
4281.450 7.9147e-17
4282.975 8.1e-17
4284.500 7.8986e-17
4286.025 7.4501e-17
4287.550 7.9028e-17
4289.075 7.9655e-17
4290.600 7.1064e-17
4292.125 6.4503e-17
4293.650 7.4724e-17
4295.175 8.2677e-17
4296.700 7.9067e-17
4298.225 7.6918e-17
4299.750 7.1364e-17
4301.275 6.7225e-17
4302.800 7.9358e-17
4304.325 8.8879e-17
4305.850 7.367e-17
4307.375 7.6758e-17
4308.900 6.9465e-17
4310.425 6.6518e-17
4311.950 7.3825e-17
4313.475 8.1847e-17
4315.000 7.6152e-17
4316.525 7.1637e-17
4318.050 8.409e-17
4319.575 7.6067e-17
4321.100 6.339e-17
4322.625 7.6619e-17
4324.150 7.751e-17
4325.675 6.865e-17
4327.200 7.4693e-17
4328.725 6.8444e-17
4330.250 7.7416e-17
4331.775 6.6338e-17
4333.300 6.7065e-17
4334.825 7.0799e-17
4336.350 5.9492e-17
4337.875 5.5895e-17
4339.400 5.4425e-17
4340.925 5.7613e-17
4342.450 5.6712e-17
4343.975 5.7401e-17
4345.500 6.9043e-17
4347.025 7.5646e-17
4348.550 5.7994e-17
4350.075 5.4386e-17
4351.600 5.2784e-17
4353.125 6.0436e-17
4354.650 6.1638e-17
4356.175 5.7403e-17
4357.700 7.9464e-17
4359.225 1.008e-16
4360.750 6.866e-17
4362.275 6.2868e-17
4363.800 5.202e-17
4365.325 4.5499e-17
4366.850 5.0066e-17
4368.375 5.6687e-17
4369.900 5.6831e-17
4371.425 6.0533e-17
4372.950 4.7383e-17
4374.475 4.5023e-17
4376.000 4.6896e-17
4377.525 5.3668e-17
4379.050 5.6837e-17
4380.575 5.687e-17
4382.100 5.9718e-17
4383.625 5.7582e-17
4385.150 5.148e-17
4386.675 5.7661e-17
4388.200 5.2757e-17
4389.725 5.4285e-17
4391.250 5.5255e-17
4392.775 4.8448e-17
4394.300 4.8619e-17
4395.825 5.758e-17
4397.350 6.269e-17
4398.875 6.3005e-17
4400.400 5.8167e-17
4401.925 5.7282e-17
4403.450 3.7403e-17
4404.975 5.2614e-17
4406.500 5.3492e-17
4408.025 5.1558e-17
4409.550 5.5879e-17
4411.075 6.9166e-17
4412.600 6.0397e-17
4414.125 5.794e-17
4415.650 5.0224e-17
4417.175 4.9464e-17
4418.700 5.8585e-17
4420.225 6.5611e-17
4421.750 6.6534e-17
4423.275 6.3896e-17
4424.800 5.5035e-17
4426.325 6.2881e-17
4427.850 6.5576e-17
4429.375 6.9273e-17
4430.900 6.4247e-17
4432.425 6.581e-17
4433.950 6.8592e-17
4435.475 6.7149e-17
4437.000 5.533e-17
4438.525 5.1541e-17
4440.050 7.0443e-17
4441.575 7.217e-17
4443.100 6.5118e-17
4444.625 7.8828e-17
4446.150 7.8144e-17
4447.675 7.3504e-17
4449.200 6.6902e-17
4450.725 6.842e-17
4452.250 6.8978e-17
4453.775 7.1639e-17
4455.300 6.7344e-17
4456.825 7.8093e-17
4458.350 7.3695e-17
4459.875 7.6547e-17
4461.400 8.428e-17
4462.925 8.7609e-17
4464.450 7.2184e-17
4465.975 7.6714e-17
4467.500 8.4093e-17
4469.025 8.0258e-17
4470.550 8.2203e-17
4472.075 8.8606e-17
4473.600 8.9568e-17
4475.125 7.7101e-17
4476.650 7.9401e-17
4478.175 8.924e-17
4479.700 8.6566e-17
4481.225 7.5504e-17
4482.750 7.5693e-17
4484.275 8.6841e-17
4485.800 8.4088e-17
4487.325 7.5822e-17
4488.850 7.7213e-17
4490.375 8.701e-17
4491.900 7.0197e-17
4493.425 7.7673e-17
4494.950 8.0977e-17
4496.475 7.1044e-17
4498.000 8.447e-17
4499.525 7.5358e-17
4501.050 7.9521e-17
4502.575 8.2966e-17
4504.100 8.3036e-17
4505.625 7.9208e-17
4507.150 7.5859e-17
4508.675 7.9346e-17
4510.200 8.6875e-17
4511.725 1.0023e-16
4513.250 8.4422e-17
4514.775 8.0981e-17
4516.300 7.7253e-17
4517.825 9.7122e-17
4519.350 8.0125e-17
4520.875 7.6843e-17
4522.400 7.5798e-17
4523.925 8.2198e-17
4525.450 9.1161e-17
4526.975 8.4301e-17
4528.500 7.882e-17
4530.025 7.855e-17
4531.550 6.9198e-17
4533.075 7.4969e-17
4534.600 6.9725e-17
4536.125 7.3466e-17
4537.650 7.137e-17
4539.175 7.9196e-17
4540.700 8.4201e-17
4542.225 9.3439e-17
4543.750 7.4542e-17
4545.275 7.7583e-17
4546.800 8.4166e-17
4548.325 6.3736e-17
4549.850 6.9209e-17
4551.375 6.9618e-17
4552.900 8.0113e-17
4554.425 7.8597e-17
4555.950 7.6965e-17
4557.475 7.669e-17
4559.000 7.5734e-17
4560.525 6.4284e-17
4562.050 7.3821e-17
4563.575 7.4211e-17
4565.100 6.5124e-17
4566.625 6.9878e-17
4568.150 8.1997e-17
4569.675 8.6912e-17
4571.200 7.8169e-17
4572.725 7.4726e-17
4574.250 6.9137e-17
4575.775 6.6786e-17
4577.300 6.5772e-17
4578.825 7.049e-17
4580.350 7.7453e-17
4581.875 7.0139e-17
4583.400 8.1032e-17
4584.925 7.0971e-17
4586.450 6.7459e-17
4587.975 6.8074e-17
4589.500 7.0514e-17
4591.025 6.0165e-17
4592.550 6.3179e-17
4594.075 7.011e-17
4595.600 7.177e-17
4597.125 6.4413e-17
4598.650 6.7706e-17
4600.175 6.7008e-17
4601.700 6.645e-17
4603.225 6.3772e-17
4604.750 6.8007e-17
4606.275 6.5912e-17
4607.800 7.611e-17
4609.325 7.3476e-17
4610.850 6.7464e-17
4612.375 6.485e-17
4613.900 6.8013e-17
4615.425 6.3155e-17
4616.950 7.0884e-17
4618.475 6.3973e-17
4620.000 6.1941e-17
4621.525 5.6248e-17
4623.050 6.4105e-17
4624.575 6.9733e-17
4626.100 6.566e-17
4627.625 7.5094e-17
4629.150 7.4013e-17
4630.675 5.979e-17
4632.200 6.2102e-17
4633.725 6.6686e-17
4635.250 6.5767e-17
4636.775 6.0204e-17
4638.300 7.2545e-17
4639.825 6.3563e-17
4641.350 6.1379e-17
4642.875 6.7713e-17
4644.400 6.3216e-17
4645.925 6.1705e-17
4647.450 6.2459e-17
4648.975 6.8185e-17
4650.500 7.1181e-17
4652.025 7.1758e-17
4653.550 6.9807e-17
4655.075 6.3701e-17
4656.600 7.941e-17
4658.125 6.9657e-17
4659.650 6.3254e-17
4661.175 7.284e-17
4662.700 7.2954e-17
4664.225 6.1921e-17
4665.750 6.6556e-17
4667.275 6.0557e-17
4668.800 6.8209e-17
4670.325 6.8097e-17
4671.850 6.2822e-17
4673.375 6.5654e-17
4674.900 7.1395e-17
4676.425 6.4295e-17
4677.950 5.4827e-17
4679.475 5.4832e-17
4681.000 5.4562e-17
4682.525 5.5196e-17
4684.050 6.6551e-17
4685.575 7.2159e-17
4687.100 6.6262e-17
4688.625 6.2843e-17
4690.150 5.8541e-17
4691.675 6.3291e-17
4693.200 6.6212e-17
4694.725 6.2039e-17
4696.250 6.575e-17
4697.775 5.922e-17
4699.300 6.1691e-17
4700.825 6.9215e-17
4702.350 5.9191e-17
4703.875 6.1118e-17
4705.400 5.6847e-17
4706.925 5.6612e-17
4708.450 5.8036e-17
4709.975 6.3221e-17
4711.500 6.1747e-17
4713.025 6.922e-17
4714.550 6.6012e-17
4716.075 6.1994e-17
4717.600 5.5702e-17
4719.125 5.5989e-17
4720.650 5.4843e-17
4722.175 5.4237e-17
4723.700 5.7783e-17
4725.225 6.355e-17
4726.750 5.3122e-17
4728.275 5.8458e-17
4729.800 5.1709e-17
4731.325 6.7016e-17
4732.850 6.7812e-17
4734.375 5.9576e-17
4735.900 5.4332e-17
4737.425 5.4549e-17
4738.950 6.0323e-17
4740.475 6.5739e-17
4742.000 5.382e-17
4743.525 6.0846e-17
4745.050 6.5709e-17
4746.575 4.9849e-17
4748.100 5.6478e-17
4749.625 6.6462e-17
4751.150 6.0451e-17
4752.675 6.362e-17
4754.200 6.6062e-17
4755.725 5.2684e-17
4757.250 5.9962e-17
4758.775 5.7096e-17
4760.300 6.0893e-17
4761.825 6.404e-17
4763.350 5.497e-17
4764.875 4.776e-17
4766.400 5.6939e-17
4767.925 5.8324e-17
4769.450 6.0568e-17
4770.975 5.7473e-17
4772.500 4.8211e-17
4774.025 5.2067e-17
4775.550 5.5825e-17
4777.075 5.9113e-17
4778.600 5.7556e-17
4780.125 6.8043e-17
4781.650 6.193e-17
4783.175 6.9335e-17
4784.700 7.0688e-17
4786.225 5.7924e-17
4787.750 5.1842e-17
4789.275 5.3469e-17
4790.800 6.176e-17
4792.325 6.3974e-17
4793.850 6.0199e-17
4795.375 5.1346e-17
4796.900 4.8597e-17
4798.425 5.9741e-17
4799.950 6.1054e-17
4801.475 5.9658e-17
4803.000 5.26e-17
4804.525 6.3167e-17
4806.050 6.1142e-17
4807.575 5.945e-17
4809.100 5.0408e-17
4810.625 5.9345e-17
4812.150 5.7299e-17
4813.675 5.217e-17
4815.200 5.7825e-17
4816.725 6.3408e-17
4818.250 6.3901e-17
4819.775 5.273e-17
4821.300 5.7365e-17
4822.825 5.4277e-17
4824.350 5.1605e-17
4825.875 6.118e-17
4827.400 5.4419e-17
4828.925 5.0686e-17
4830.450 5.3862e-17
4831.975 5.4056e-17
4833.500 6.0176e-17
4835.025 5.8357e-17
4836.550 5.6711e-17
4838.075 5.587e-17
4839.600 5.4827e-17
4841.125 6.3283e-17
4842.650 5.8482e-17
4844.175 5.1084e-17
4845.700 5.6723e-17
4847.225 6.4277e-17
4848.750 6.3937e-17
4850.275 5.4302e-17
4851.800 4.2009e-17
4853.325 5.1012e-17
4854.850 5.6544e-17
4856.375 5.1544e-17
4857.900 5.12e-17
4859.425 5.4196e-17
4860.950 4.7402e-17
4862.475 5.2489e-17
4864.000 5.5143e-17
4865.525 5.6998e-17
4867.050 5.5125e-17
4868.575 5.1458e-17
4870.100 4.9094e-17
4871.625 4.1837e-17
4873.150 4.9978e-17
4874.675 5.2915e-17
4876.200 5.3458e-17
4877.725 4.8098e-17
4879.250 5.2883e-17
4880.775 4.9325e-17
4882.300 4.6384e-17
4883.825 4.8847e-17
4885.350 3.9019e-17
4886.875 4.5869e-17
4888.400 4.4915e-17
4889.925 3.8278e-17
4891.450 4.9439e-17
4892.975 5.2268e-17
4894.500 4.7384e-17
4896.025 4.5864e-17
4897.550 5.2351e-17
4899.075 3.9874e-17
4900.600 4.3272e-17
4902.125 4.8937e-17
4903.650 4.3911e-17
4905.175 3.9463e-17
4906.700 4.2705e-17
4908.225 4.3116e-17
4909.750 4.0744e-17
4911.275 4.2324e-17
4912.800 4.3709e-17
4914.325 3.9389e-17
4915.850 4.0049e-17
4917.375 4.0555e-17
4918.900 4.4507e-17
4920.425 3.8294e-17
4921.950 4.3105e-17
4923.475 4.3773e-17
4925.000 4.8469e-17
4926.525 4.6894e-17
4928.050 4.0214e-17
4929.575 3.7425e-17
4931.100 3.8737e-17
4932.625 3.7614e-17
4934.150 4.3946e-17
4935.675 5.0582e-17
4937.200 5.4037e-17
4938.725 5.4105e-17
4940.250 5.4605e-17
4941.775 5.1356e-17
4943.300 4.4832e-17
4944.825 4.4296e-17
4946.350 4.4694e-17
4947.875 5.3343e-17
4949.400 5.5032e-17
4950.925 5.083e-17
4952.450 4.931e-17
4953.975 6.1947e-17
4955.500 5.4489e-17
4957.025 5.456e-17
4958.550 5.985e-17
4960.075 5.5914e-17
4961.600 5.9152e-17
4963.125 6.7508e-17
4964.650 7.4554e-17
4966.175 8.0928e-17
4967.700 7.3836e-17
4969.225 6.818e-17
4970.750 6.2602e-17
4972.275 6.423e-17
4973.800 6.3548e-17
4975.325 7.0092e-17
4976.850 6.6256e-17
4978.375 6.9115e-17
4979.900 8.2537e-17
4981.425 7.7529e-17
4982.950 7.1843e-17
4984.475 6.6128e-17
4986.000 6.5886e-17
4987.525 7.5875e-17
4989.050 6.6149e-17
4990.575 6.5228e-17
4992.100 7.6416e-17
4993.625 6.3762e-17
4995.150 7.8639e-17
4996.675 7.4965e-17
4998.200 6.3718e-17
4999.725 7.4051e-17
5001.250 7.5906e-17
5002.775 6.6669e-17
5004.300 5.9587e-17
5005.825 6.5236e-17
5007.350 6.9476e-17
5008.875 7.7352e-17
5010.400 7.165e-17
5011.925 6.7863e-17
5013.450 7.7687e-17
5014.975 6.4806e-17
5016.500 7.2208e-17
5018.025 7.7609e-17
5019.550 7.3972e-17
5021.075 7.9304e-17
5022.600 7.2689e-17
5024.125 6.955e-17
5025.650 7.5267e-17
5027.175 7.8906e-17
5028.700 8.092e-17
5030.225 7.7366e-17
5031.750 7.5798e-17
5033.275 7.6855e-17
5034.800 8.1821e-17
5036.325 7.7651e-17
5037.850 6.4694e-17
5039.375 7.4595e-17
5040.900 7.6265e-17
5042.425 8.2691e-17
5043.950 8.2126e-17
5045.475 7.3636e-17
5047.000 7.2908e-17
5048.525 7.5403e-17
5050.050 7.031e-17
5051.575 6.6538e-17
5053.100 7.8339e-17
5054.625 7.7734e-17
5056.150 8.1276e-17
5057.675 6.73e-17
5059.200 7.4501e-17
5060.725 8.2515e-17
5062.250 7.0329e-17
5063.775 6.9515e-17
5065.300 7.1107e-17
5066.825 6.6695e-17
5068.350 7.0654e-17
5069.875 7.4039e-17
5071.400 7.8619e-17
5072.925 9.2654e-17
5074.450 9.1824e-17
5075.975 7.6563e-17
5077.500 7.2094e-17
5079.025 6.9644e-17
5080.550 6.7742e-17
5082.075 7.316e-17
5083.600 7.1274e-17
5085.125 7.205e-17
5086.650 7.1097e-17
5088.175 7.0481e-17
5089.700 6.4453e-17
5091.225 6.174e-17
5092.750 6.2898e-17
5094.275 5.6468e-17
5095.800 6.487e-17
5097.325 6.4176e-17
5098.850 6.4795e-17
5100.375 6.6946e-17
5101.900 7.5084e-17
5103.425 7.28e-17
5104.950 7.1497e-17
5106.475 7.9368e-17
5108.000 7.762e-17
5109.525 7.2727e-17
5111.050 7.0103e-17
5112.575 6.1267e-17
5114.100 6.4274e-17
5115.625 6.2391e-17
5117.150 7.0987e-17
5118.675 6.7928e-17
5120.200 5.2467e-17
5121.725 7.1093e-17
5123.250 6.83e-17
5124.775 6.3223e-17
5126.300 7.2148e-17
5127.825 6.6893e-17
5129.350 6.6495e-17
5130.875 6.6562e-17
5132.400 6.6576e-17
5133.925 6.6364e-17
5135.450 6.5429e-17
5136.975 7.2469e-17
5138.500 6.4869e-17
5140.025 7.0509e-17
5141.550 6.5719e-17
5143.075 6.6939e-17
5144.600 7.3103e-17
5146.125 6.9589e-17
5147.650 7.221e-17
5149.175 6.7224e-17
5150.700 5.9393e-17
5152.225 6.1967e-17
5153.750 6.6895e-17
5155.275 6.0508e-17
5156.800 6.7797e-17
5158.325 6.8118e-17
5159.850 6.1852e-17
5161.375 6.3116e-17
5162.900 6.3252e-17
5164.425 5.4477e-17
5165.950 5.3074e-17
5167.475 6.7325e-17
5169.000 6.4161e-17
5170.525 6.2993e-17
5172.050 6.2234e-17
5173.575 6.8314e-17
5175.100 7.6966e-17
5176.625 6.3789e-17
5178.150 6.475e-17
5179.675 7.1502e-17
5181.200 6.0638e-17
5182.725 6.3405e-17
5184.250 6.0225e-17
5185.775 6.1911e-17
5187.300 6.1433e-17
5188.825 4.6596e-17
5190.350 5.683e-17
5191.875 6.6024e-17
5193.400 6.6706e-17
5194.925 6.3268e-17
5196.450 6.4706e-17
5197.975 6.8791e-17
5199.500 6.0431e-17
5201.025 6.3965e-17
5202.550 6.241e-17
5204.075 5.8788e-17
5205.600 4.9667e-17
5207.125 5.7535e-17
5208.650 5.6925e-17
5210.175 5.6512e-17
5211.700 5.3122e-17
5213.225 5.2996e-17
5214.750 5.7903e-17
5216.275 4.9266e-17
5217.800 5.839e-17
5219.325 6.6051e-17
5220.850 6.1372e-17
5222.375 5.6518e-17
5223.900 6.1389e-17
5225.425 5.7186e-17
5226.950 7.0837e-17
5228.475 6.4278e-17
5230.000 5.4434e-17
5231.525 5.8e-17
5233.050 5.5051e-17
5234.575 6.1894e-17
5236.100 6.0705e-17
5237.625 5.3855e-17
5239.150 5.2511e-17
5240.675 5.0383e-17
5242.200 5.9364e-17
5243.725 6.5362e-17
5245.250 5.7501e-17
5246.775 5.6923e-17
5248.300 5.9294e-17
5249.825 5.4196e-17
5251.350 4.9092e-17
5252.875 6.624e-17
5254.400 6.0091e-17
5255.925 5.3116e-17
5257.450 6.1378e-17
5258.975 6.0059e-17
5260.500 6.5315e-17
5262.025 5.7492e-17
5263.550 4.8855e-17
5265.075 5.8251e-17
5266.600 6.6358e-17
5268.125 5.8135e-17
5269.650 5.4197e-17
5271.175 5.3674e-17
5272.700 5.3261e-17
5274.225 5.4786e-17
5275.750 5.5222e-17
5277.275 4.6292e-17
5278.800 4.7399e-17
5280.325 6.4075e-17
5281.850 6.1478e-17
5283.375 5.2351e-17
5284.900 4.7937e-17
5286.425 5.6956e-17
5287.950 5.2157e-17
5289.475 5.6363e-17
5291.000 5.1612e-17
5292.525 5.1344e-17
5294.050 4.6774e-17
5295.575 6.0953e-17
5297.100 5.4609e-17
5298.625 5.2559e-17
5300.150 5.5696e-17
5301.675 5.3874e-17
5303.200 5.4328e-17
5304.725 5.7682e-17
5306.250 5.5777e-17
5307.775 5.1075e-17
5309.300 5.4813e-17
5310.825 5.208e-17
5312.350 5.2747e-17
5313.875 6.1492e-17
5315.400 5.4078e-17
5316.925 5.9017e-17
5318.450 6.0064e-17
5319.975 5.7037e-17
5321.500 5.5852e-17
5323.025 5.4343e-17
5324.550 5.6108e-17
5326.075 5.333e-17
5327.600 4.7511e-17
5329.125 3.873e-17
5330.650 4.7045e-17
5332.175 5.5153e-17
5333.700 5.5109e-17
5335.225 5.1825e-17
5336.750 5.2043e-17
5338.275 5.5706e-17
5339.800 7.0471e-17
5341.325 5.4539e-17
5342.850 4.8423e-17
5344.375 5.1199e-17
5345.900 4.8242e-17
5347.425 4.5694e-17
5348.950 5.2162e-17
5350.475 5.372e-17
5352.000 4.9121e-17
5353.525 5.4017e-17
5355.050 4.7514e-17
5356.575 5.2459e-17
5358.100 5.7154e-17
5359.625 5.9314e-17
5361.150 5.4814e-17
5362.675 4.9088e-17
5364.200 6.2229e-17
5365.725 6.4309e-17
5367.250 5.9681e-17
5368.775 5.5567e-17
5370.300 4.3178e-17
5371.825 4.892e-17
5373.350 5.4516e-17
5374.875 5.0423e-17
5376.400 6.2043e-17
5377.925 5.6434e-17
5379.450 3.7613e-17
5380.975 4.3375e-17
5382.500 5.441e-17
5384.025 6.7316e-17
5385.550 6.4079e-17
5387.075 4.8563e-17
5388.600 2.9884e-17
5390.125 5.3244e-17
5391.650 4.3757e-17
5393.175 5.6675e-17
5394.700 5.5165e-17
5396.225 6.1015e-17
5397.750 6.2606e-17
5399.275 5.1841e-17
5400.800 4.7492e-17
5402.325 5.1601e-17
5403.850 5.0599e-17
5405.375 3.9768e-17
5406.900 3.9142e-17
5408.425 2.7648e-17
5409.950 4.4382e-17
5411.475 5.7018e-17
5413.000 6.0673e-17
5414.525 5.0276e-17
5416.050 4.7483e-17
5417.575 7.2868e-17
5419.100 5.3853e-17
5420.625 4.9548e-17
5422.150 7.5994e-17
5423.675 5.8353e-17
5425.200 4.6578e-17
5426.725 4.8973e-17
5428.250 5.6231e-17
5429.775 4.7525e-17
5431.300 4.9388e-17
5432.825 5.2102e-17
5434.350 5.6082e-17
5435.875 5.2363e-17
5437.400 4.0477e-17
5438.925 5.2482e-17
5440.450 4.7105e-17
5441.975 5.3515e-17
5443.500 4.2761e-17
5445.025 5.1193e-17
5446.550 5.3953e-17
5448.075 4.786e-17
5449.600 5.8392e-17
5451.125 5.6277e-17
5452.650 5.0678e-17
5454.175 5.5768e-17
5455.700 5.3029e-17
5457.225 3.7913e-17
5458.750 5.0208e-17
5460.275 9.6145e-17
5461.800 7.1077e-17
5463.325 3.4283e-17
5464.850 5.0512e-17
5466.375 5.1455e-17
5467.900 4.3229e-17
5469.425 5.0032e-17
5470.950 5.3675e-17
5472.475 4.3916e-17
5474.000 3.452e-17
5475.525 3.4629e-17
5477.050 5.0989e-17
5478.575 3.7742e-17
5480.100 4.1329e-17
5481.625 3.807e-17
5483.150 5.0893e-17
5484.675 3.3468e-17
5486.200 3.4852e-17
5487.725 5.3587e-17
5489.250 3.9242e-17
5490.775 4.6251e-17
5492.300 7.2373e-17
5493.825 6.6556e-17
5495.350 5.1669e-17
5496.875 5.7269e-17
5498.400 4.3174e-17
5499.925 4.6101e-17
5501.450 5.0493e-17
5502.975 4.8795e-17
5504.500 4.6361e-17
5506.025 5.7376e-17
5507.550 5.9194e-17
5509.075 4.7457e-17
5510.600 3.9796e-17
5512.125 4.9575e-17
5513.650 4.985e-17
5515.175 4.8055e-17
5516.700 5.0536e-17
5518.225 4.829e-17
5519.750 5.1957e-17
5521.275 6.2719e-17
5522.800 6.401e-17
5524.325 6.4197e-17
5525.850 5.9427e-17
5527.375 5.5914e-17
5528.900 5.3512e-17
5530.425 4.5884e-17
5531.950 4.593e-17
5533.475 6.0208e-17
5535.000 6.3956e-17
5536.525 4.9353e-17
5538.050 6.2608e-17
5539.575 6.1681e-17
5541.100 5.285e-17
5542.625 5.6134e-17
5544.150 5.7217e-17
5545.675 5.0899e-17
5547.200 5.1662e-17
5548.725 4.8232e-17
5550.250 3.5473e-17
5551.775 4.2649e-17
5553.300 4.9716e-17
5554.825 4.4963e-17
5556.350 5.5364e-17
5557.875 5.5161e-17
5559.400 5.4386e-17
5560.925 5.9629e-17
5562.450 6.0063e-17
5563.975 7.3451e-17
5565.500 5.7765e-17
5567.025 5.4839e-17
5568.550 5.5665e-17
5570.075 5.2413e-17
5571.600 3.6675e-17
5573.125 4.2476e-17
5574.650 7.3815e-17
5576.175 7.3276e-17
5577.700 7.737e-17
5579.225 6.7156e-17
5580.750 2.1515e-17
5582.275 4.5513e-17
5583.800 5.4411e-17
5585.325 4.7872e-17
5586.850 4.4923e-17
5588.375 5.4769e-17
5589.900 5.305e-17
5591.425 5.4432e-17
5592.950 5.1537e-17
5594.475 5.1941e-17
5596.000 5.2662e-17
5597.525 4.5797e-17
5599.050 4.4756e-17
5600.575 5.5192e-17
5602.100 5.1924e-17
5603.625 4.3613e-17
5605.150 4.4716e-17
5606.675 5.4212e-17
5608.200 5.5497e-17
5609.725 4.6377e-17
5611.250 6.7702e-17
5612.775 6.9196e-17
5614.300 5.3878e-17
5615.825 5.1639e-17
5617.350 7.2391e-17
5618.875 6.3009e-17
5620.400 5.8168e-17
5621.925 5.6276e-17
5623.450 5.7634e-17
5624.975 5.3215e-17
5626.500 5.2116e-17
5628.025 5.5666e-17
5629.550 5.9692e-17
5631.075 6.131e-17
5632.600 5.7388e-17
5634.125 4.8553e-17
5635.650 5.1986e-17
5637.175 6.2557e-17
5638.700 5.9599e-17
5640.225 5.5264e-17
5641.750 4.8764e-17
5643.275 5.2076e-17
5644.800 5.0956e-17
5646.325 5.2455e-17
5647.850 4.239e-17
5649.375 4.8874e-17
5650.900 5.5359e-17
5652.425 6.1361e-17
5653.950 6.5494e-17
5655.475 4.787e-17
5657.000 4.7572e-17
5658.525 5.4465e-17
5660.050 6.1916e-17
5661.575 5.2948e-17
5663.100 5.0049e-17
5664.625 5.1261e-17
5666.150 5.6772e-17
5667.675 5.5923e-17
5669.200 5.281e-17
5670.725 4.9883e-17
5672.250 5.7991e-17
5673.775 5.4734e-17
5675.300 4.6958e-17
5676.825 5.575e-17
5678.350 6.05e-17
5679.875 5.4329e-17
5681.400 5.3775e-17
5682.925 5.8652e-17
5684.450 5.4682e-17
5685.975 5.971e-17
5687.500 5.2825e-17
5689.025 4.7624e-17
5690.550 4.7817e-17
5692.075 4.7085e-17
5693.600 5.0475e-17
5695.125 4.5108e-17
5696.650 3.9319e-17
5698.175 4.6614e-17
5699.700 4.6728e-17
5701.225 4.4366e-17
5702.750 5.4829e-17
5704.275 6.2279e-17
5705.800 6.0473e-17
5707.325 5.1786e-17
5708.850 4.4379e-17
5710.375 4.5858e-17
5711.900 5.5901e-17
5713.425 5.3315e-17
5714.950 5.3175e-17
5716.475 6.0308e-17
5718.000 5.3211e-17
5719.525 4.8078e-17
5721.050 5.3896e-17
5722.575 5.2072e-17
5724.100 4.763e-17
5725.625 4.6708e-17
5727.150 4.7819e-17
5728.675 5.1469e-17
5730.200 5.6514e-17
5731.725 5.9156e-17
5733.250 5.3522e-17
5734.775 5.0974e-17
5736.300 5.4725e-17
5737.825 5.6213e-17
5739.350 5.2696e-17
5740.875 4.8781e-17
5742.400 4.9176e-17
5743.925 5.3496e-17
5745.450 5.0624e-17
5746.975 4.071e-17
5748.500 4.0703e-17
5750.025 4.869e-17
5751.550 5.0816e-17
5753.075 4.7489e-17
5754.600 4.1999e-17
5756.125 4.8389e-17
5757.650 5.9582e-17
5759.175 5.2381e-17
5760.700 4.8585e-17
5762.225 5.3459e-17
5763.750 4.9573e-17
5765.275 4.3011e-17
5766.800 4.5099e-17
5768.325 5.0612e-17
5769.850 4.903e-17
5771.375 5.2273e-17
5772.900 4.9428e-17
5774.425 4.8298e-17
5775.950 4.9796e-17
5777.475 4.2999e-17
5779.000 4.8436e-17
5780.525 5.3749e-17
5782.050 5.0401e-17
5783.575 4.7097e-17
5785.100 4.8756e-17
5786.625 4.3205e-17
5788.150 3.9539e-17
5789.675 4.7114e-17
5791.200 5.5645e-17
5792.725 5.3529e-17
5794.250 4.3609e-17
5795.775 4.0695e-17
5797.300 4.3928e-17
5798.825 4.7051e-17
5800.350 4.3223e-17
5801.875 4.8478e-17
5803.400 5.4639e-17
5804.925 4.7458e-17
5806.450 4.517e-17
5807.975 5.1447e-17
5809.500 5.2781e-17
5811.025 5.1399e-17
5812.550 5.1636e-17
5814.075 5.6266e-17
5815.600 5.5598e-17
5817.125 5.0668e-17
5818.650 4.7742e-17
5820.175 4.5327e-17
5821.700 5.0956e-17
5823.225 5.538e-17
5824.750 5.2788e-17
5826.275 4.7735e-17
5827.800 4.6485e-17
5829.325 4.4947e-17
5830.850 4.5221e-17
5832.375 4.5106e-17
5833.900 4.1792e-17
5835.425 3.9268e-17
5836.950 4.319e-17
5838.475 4.4423e-17
5840.000 5.3762e-17
5841.525 5.7383e-17
5843.050 5.7083e-17
5844.575 5.2525e-17
5846.100 5.0439e-17
5847.625 5.1628e-17
5849.150 4.5941e-17
5850.675 4.4774e-17
5852.200 5.246e-17
5853.725 5.4147e-17
5855.250 4.6321e-17
5856.775 4.839e-17
5858.300 5.1024e-17
5859.825 5.2517e-17
5861.350 5.447e-17
5862.875 5.4434e-17
5864.400 5.2756e-17
5865.925 5.7419e-17
5867.450 5.8334e-17
5868.975 4.7662e-17
5870.500 3.294e-17
5872.025 3.7308e-17
5873.550 4.6295e-17
5875.075 5.1198e-17
5876.600 5.2461e-17
5878.125 4.7308e-17
5879.650 4.8598e-17
5881.175 4.0957e-17
5882.700 3.4309e-17
5884.225 3.6811e-17
5885.750 4.6444e-17
5887.275 5.7047e-17
5888.800 6.0006e-17
5890.325 5.1831e-17
5891.850 6.5844e-17
5893.375 5.9381e-17
5894.900 3.9588e-17
5896.425 4.4578e-17
5897.950 6.2787e-17
5899.475 4.5853e-17
5901.000 2.3763e-17
5902.525 3.4542e-17
5904.050 5.1857e-17
5905.575 5.0738e-17
5907.100 4.8446e-17
5908.625 5.4799e-17
5910.150 4.3911e-17
5911.675 4.2118e-17
5913.200 5.3874e-17
5914.725 4.2581e-17
5916.250 3.2128e-17
5917.775 3.3747e-17
5919.300 4.3641e-17
5920.825 4.656e-17
5922.350 4.556e-17
5923.875 5.4598e-17
5925.400 5.2796e-17
5926.925 5.264e-17
5928.450 4.6024e-17
5929.975 4.2147e-17
5931.500 4.4509e-17
5933.025 4.6677e-17
5934.550 4.4942e-17
5936.075 4.6859e-17
5937.600 5.1768e-17
5939.125 5.1134e-17
5940.650 4.698e-17
5942.175 5.2036e-17
5943.700 5.5956e-17
5945.225 5.9802e-17
5946.750 5.1483e-17
5948.275 4.268e-17
5949.800 4.6643e-17
5951.325 5.6747e-17
5952.850 5.0886e-17
5954.375 5.014e-17
5955.900 5.192e-17
5957.425 4.6128e-17
5958.950 4.691e-17
5960.475 5.2298e-17
5962.000 5.7358e-17
5963.525 5.1875e-17
5965.050 4.6025e-17
5966.575 4.863e-17
5968.100 4.8e-17
5969.625 4.7834e-17
5971.150 4.3497e-17
5972.675 4.406e-17
5974.200 4.3363e-17
5975.725 3.8612e-17
5977.250 4.6605e-17
5978.775 4.7598e-17
5980.300 4.724e-17
5981.825 4.6407e-17
5983.350 4.9065e-17
5984.875 5.1639e-17
5986.400 4.9236e-17
5987.925 4.4786e-17
5989.450 4.2817e-17
5990.975 5.6772e-17
5992.500 5.8654e-17
5994.025 5.0487e-17
5995.550 4.4868e-17
5997.075 4.141e-17
5998.600 4.6306e-17
6000.125 5.4284e-17
6001.650 4.8302e-17
6003.175 4.5551e-17
6004.700 4.4906e-17
6006.225 5.1829e-17
6007.750 5.0152e-17
6009.275 4.3802e-17
6010.800 4.1984e-17
6012.325 4.9039e-17
6013.850 5.2404e-17
6015.375 5.9282e-17
6016.900 5.6397e-17
6018.425 4.4428e-17
6019.950 4.3107e-17
6021.475 4.6638e-17
6023.000 4.7535e-17
6024.525 4.4461e-17
6026.050 5.0939e-17
6027.575 4.9634e-17
6029.100 4.8698e-17
6030.625 5.2999e-17
6032.150 5.3424e-17
6033.675 4.8002e-17
6035.200 5.4027e-17
6036.725 5.8238e-17
6038.250 4.7333e-17
6039.775 4.7201e-17
6041.300 5.0441e-17
6042.825 4.1049e-17
6044.350 4.2599e-17
6045.875 4.3913e-17
6047.400 4.8082e-17
6048.925 4.9345e-17
6050.450 4.2756e-17
6051.975 4.2771e-17
6053.500 4.7028e-17
6055.025 4.2185e-17
6056.550 3.9347e-17
6058.075 4.0656e-17
6059.600 4.7259e-17
6061.125 4.8254e-17
6062.650 4.2813e-17
6064.175 4.3607e-17
6065.700 5.5616e-17
6067.225 5.8491e-17
6068.750 4.7369e-17
6070.275 4.527e-17
6071.800 4.4967e-17
6073.325 4.7425e-17
6074.850 4.3635e-17
6076.375 4.9693e-17
6077.900 4.9154e-17
6079.425 4.4252e-17
6080.950 4.5636e-17
6082.475 4.7746e-17
6084.000 5.1081e-17
6085.525 4.9987e-17
6087.050 4.7675e-17
6088.575 4.8363e-17
6090.100 4.9174e-17
6091.625 4.741e-17
6093.150 4.5663e-17
6094.675 4.9577e-17
6096.200 5.5127e-17
6097.725 5.5328e-17
6099.250 5.686e-17
6100.775 4.9689e-17
6102.300 3.5003e-17
6103.825 3.7478e-17
6105.350 4.029e-17
6106.875 4.5612e-17
6108.400 4.7425e-17
6109.925 4.7393e-17
6111.450 5.3852e-17
6112.975 5.552e-17
6114.500 4.5064e-17
6116.025 4.2337e-17
6117.550 4.429e-17
6119.075 4.265e-17
6120.600 3.65e-17
6122.125 3.4934e-17
6123.650 4.7142e-17
6125.175 5.2889e-17
6126.700 4.947e-17
6128.225 5.0258e-17
6129.750 4.8859e-17
6131.275 4.659e-17
6132.800 4.6797e-17
6134.325 4.4004e-17
6135.850 4.5649e-17
6137.375 4.9528e-17
6138.900 5.2532e-17
6140.425 5.1914e-17
6141.950 4.3943e-17
6143.475 4.7268e-17
6145.000 5.1919e-17
6146.525 4.7642e-17
6148.050 4.8285e-17
6149.575 4.6015e-17
6151.100 4.9544e-17
6152.625 5.6503e-17
6154.150 5.726e-17
6155.675 5.398e-17
6157.200 5.3377e-17
6158.725 4.8552e-17
6160.250 3.9494e-17
6161.775 4.1878e-17
6163.300 4.6394e-17
6164.825 4.3064e-17
6166.350 4.1568e-17
6167.875 3.4716e-17
6169.400 3.8125e-17
6170.925 4.4214e-17
6172.450 4.4514e-17
6173.975 4.4705e-17
6175.500 4.5973e-17
6177.025 4.9793e-17
6178.550 4.643e-17
6180.075 4.3345e-17
6181.600 4.3171e-17
6183.125 4.1877e-17
6184.650 4.4266e-17
6186.175 4.2873e-17
6187.700 4.2825e-17
6189.225 4.5662e-17
6190.750 4.3478e-17
6192.275 4.3636e-17
6193.800 3.9451e-17
6195.325 3.4117e-17
6196.850 4.1059e-17
6198.375 5.172e-17
6199.900 4.7253e-17
6201.425 4.1787e-17
6202.950 4.3843e-17
6204.475 4.4989e-17
6206.000 4.1196e-17
6207.525 4.4135e-17
6209.050 4.3828e-17
6210.575 3.9309e-17
6212.100 4.1384e-17
6213.625 3.9728e-17
6215.150 4.7411e-17
6216.675 4.8655e-17
6218.200 4.2326e-17
6219.725 3.6249e-17
6221.250 3.626e-17
6222.775 3.6793e-17
6224.300 4.2463e-17
6225.825 5.0524e-17
6227.350 4.9585e-17
6228.875 4.5218e-17
6230.400 4.5169e-17
6231.925 4.8835e-17
6233.450 4.8171e-17
6234.975 4.8262e-17
6236.500 4.3801e-17
6238.025 4.2607e-17
6239.550 4.6491e-17
6241.075 5.0816e-17
6242.600 5.1399e-17
6244.125 4.2089e-17
6245.650 3.7797e-17
6247.175 4.2083e-17
6248.700 4.2601e-17
6250.225 5.2338e-17
6251.750 5.4485e-17
6253.275 4.2617e-17
6254.800 4.2467e-17
6256.325 4.3282e-17
6257.850 4.4965e-17
6259.375 5.8003e-17
6260.900 6.1411e-17
6262.425 5.2405e-17
6263.950 5.2064e-17
6265.475 5.4473e-17
6267.000 4.9192e-17
6268.525 4.5103e-17
6270.050 4.1189e-17
6271.575 4.0049e-17
6273.100 4.6055e-17
6274.625 4.4741e-17
6276.150 4.4399e-17
6277.675 4.0054e-17
6279.200 4.0111e-17
6280.725 4.4933e-17
6282.250 4.413e-17
6283.775 4.2524e-17
6285.300 4.3577e-17
6286.825 4.8076e-17
6288.350 5.0851e-17
6289.875 5.2885e-17
6291.400 5.3564e-17
6292.925 5.0404e-17
6294.450 4.3987e-17
6295.975 3.7587e-17
6297.500 3.75e-17
6299.025 3.2143e-17
6300.550 3.8924e-17
6302.075 4.7627e-17
6303.600 3.7575e-17
6305.125 3.3387e-17
6306.650 4.2436e-17
6308.175 5.1086e-17
6309.700 4.8921e-17
6311.225 3.7652e-17
6312.750 3.8592e-17
6314.275 3.6145e-17
6315.800 3.3947e-17
6317.325 4.0814e-17
6318.850 4.608e-17
6320.375 4.3724e-17
6321.900 3.9154e-17
6323.425 4.0739e-17
6324.950 4.7984e-17
6326.475 4.8359e-17
6328.000 4.3616e-17
6329.525 3.8403e-17
6331.050 3.4603e-17
6332.575 4.2518e-17
6334.100 4.8233e-17
6335.625 4.7949e-17
6337.150 4.2634e-17
6338.675 3.9577e-17
6340.200 4.7788e-17
6341.725 5.2043e-17
6343.250 4.6622e-17
6344.775 4.52e-17
6346.300 4.971e-17
6347.825 4.6429e-17
6349.350 4.4929e-17
6350.875 4.3441e-17
6352.400 3.9361e-17
6353.925 3.9097e-17
6355.450 4.7513e-17
6356.975 4.8923e-17
6358.500 4.5907e-17
6360.025 4.4615e-17
6361.550 4.5875e-17
6363.075 5.0716e-17
6364.600 4.8573e-17
6366.125 4.0498e-17
6367.650 3.4388e-17
6369.175 3.6086e-17
6370.700 4.2514e-17
6372.225 4.3897e-17
6373.750 3.8875e-17
6375.275 3.8914e-17
6376.800 4.4413e-17
6378.325 4.351e-17
6379.850 4.2834e-17
6381.375 3.9459e-17
6382.900 3.5451e-17
6384.425 3.96e-17
6385.950 3.7544e-17
6387.475 3.088e-17
6389.000 3.4486e-17
6390.525 4.0258e-17
6392.050 4.0189e-17
6393.575 4.1682e-17
6395.100 4.4681e-17
6396.625 4.1814e-17
6398.150 3.8815e-17
6399.675 4.0015e-17
6401.200 4.2448e-17
6402.725 3.8378e-17
6404.250 3.3111e-17
6405.775 3.6544e-17
6407.300 4.1943e-17
6408.825 4.1284e-17
6410.350 4.1334e-17
6411.875 4.9572e-17
6413.400 4.8491e-17
6414.925 3.4877e-17
6416.450 2.9144e-17
6417.975 3.5598e-17
6419.500 3.9365e-17
6421.025 4.5482e-17
6422.550 4.697e-17
6424.075 3.7519e-17
6425.600 4.4044e-17
6427.125 4.9771e-17
6428.650 3.9175e-17
6430.175 3.534e-17
6431.700 4.1219e-17
6433.225 4.3191e-17
6434.750 3.9136e-17
6436.275 3.7501e-17
6437.800 3.7152e-17
6439.325 3.4202e-17
6440.850 3.3157e-17
6442.375 3.7618e-17
6443.900 4.2166e-17
6445.425 3.4594e-17
6446.950 3.0663e-17
6448.475 3.6587e-17
6450.000 3.8796e-17
6451.525 3.6681e-17
6453.050 4.0954e-17
6454.575 4.4029e-17
6456.100 4.011e-17
6457.625 4.1309e-17
6459.150 4.3025e-17
6460.675 4.0206e-17
6462.200 3.9616e-17
6463.725 3.7696e-17
6465.250 3.7329e-17
6466.775 3.9704e-17
6468.300 3.7572e-17
6469.825 3.4672e-17
6471.350 3.9618e-17
6472.875 4.5054e-17
6474.400 3.8645e-17
6475.925 3.0893e-17
6477.450 3.7921e-17
6478.975 4.324e-17
6480.500 4.3081e-17
6482.025 4.0289e-17
6483.550 4.028e-17
6485.075 3.9957e-17
6486.600 4.3535e-17
6488.125 4.1851e-17
6489.650 3.5464e-17
6491.175 3.6324e-17
6492.700 3.7273e-17
6494.225 3.9373e-17
6495.750 4.6348e-17
6497.275 4.6241e-17
6498.800 4.5526e-17
6500.325 4.0669e-17
6501.850 3.0868e-17
6503.375 3.3687e-17
6504.900 4.2536e-17
6506.425 4.2865e-17
6507.950 3.5887e-17
6509.475 3.2793e-17
6511.000 3.6917e-17
6512.525 3.8137e-17
6514.050 4.0171e-17
6515.575 4.4068e-17
6517.100 4.7847e-17
6518.625 4.503e-17
6520.150 4.3278e-17
6521.675 4.057e-17
6523.200 4.048e-17
6524.725 3.7649e-17
6526.250 2.9068e-17
6527.775 3.3338e-17
6529.300 3.6637e-17
6530.825 3.9339e-17
6532.350 3.9979e-17
6533.875 3.9378e-17
6535.400 3.9653e-17
6536.925 3.9945e-17
6538.450 3.8074e-17
6539.975 3.7862e-17
6541.500 3.6245e-17
6543.025 3.839e-17
6544.550 3.7161e-17
6546.075 3.5327e-17
6547.600 3.8059e-17
6549.125 3.6679e-17
6550.650 3.506e-17
6552.175 4.2964e-17
6553.700 4.1753e-17
6555.225 3.5291e-17
6556.750 3.8068e-17
6558.275 3.6183e-17
6559.800 3.5547e-17
6561.325 3.6535e-17
6562.850 4.077e-17
6564.375 3.9415e-17
6565.900 3.1042e-17
6567.425 2.975e-17
6568.950 3.4773e-17
6570.475 3.4394e-17
6572.000 3.4632e-17
6573.525 3.8713e-17
6575.050 3.7439e-17
6576.575 3.4127e-17
6578.100 3.7319e-17
6579.625 3.3279e-17
6581.150 3.1931e-17
6582.675 4.0397e-17
6584.200 4.2271e-17
6585.725 3.4792e-17
6587.250 2.8677e-17
6588.775 3.1422e-17
6590.300 3.5798e-17
6591.825 3.3128e-17
6593.350 2.9221e-17
6594.875 3.1506e-17
6596.400 3.3957e-17
6597.925 3.2699e-17
6599.450 3.322e-17
6600.975 3.3854e-17
6602.500 3.369e-17
6604.025 3.2592e-17
6605.550 3.0221e-17
6607.075 2.83e-17
6608.600 3.235e-17
6610.125 3.1826e-17
6611.650 2.9449e-17
6613.175 3.2812e-17
6614.700 3.0338e-17
6616.225 3.067e-17
6617.750 3.1924e-17
6619.275 3.5407e-17
6620.800 3.5038e-17
6622.325 2.9345e-17
6623.850 2.5317e-17
6625.375 2.7852e-17
6626.900 3.1017e-17
6628.425 2.914e-17
6629.950 3.1211e-17
6631.475 2.9228e-17
6633.000 2.9206e-17
6634.525 3.3144e-17
6636.050 3.4403e-17
6637.575 3.4582e-17
6639.100 3.3976e-17
6640.625 3.4597e-17
6642.150 3.034e-17
6643.675 3.4622e-17
6645.200 3.8026e-17
6646.725 4.0753e-17
6648.250 3.5747e-17
6649.775 2.7842e-17
6651.300 3.7799e-17
6652.825 4.3332e-17
6654.350 4.0307e-17
6655.875 4.3347e-17
6657.400 4.0319e-17
6658.925 3.9682e-17
6660.450 4.4423e-17
6661.975 4.3352e-17
6663.500 4.0908e-17
6665.025 4.2911e-17
6666.550 4.5296e-17
6668.075 4.4754e-17
6669.600 4.4212e-17
6671.125 4.0873e-17
6672.650 4.1318e-17
6674.175 4.7774e-17
6675.700 4.7698e-17
6677.225 4.8481e-17
6678.750 5.1998e-17
6680.275 5.2618e-17
6681.800 5.1255e-17
6683.325 4.6728e-17
6684.850 5.1323e-17
6686.375 5.9513e-17
6687.900 5.7283e-17
6689.425 5.7218e-17
6690.950 5.7868e-17
6692.475 5.6837e-17
6694.000 5.5484e-17
6695.525 5.4668e-17
6697.050 5.6761e-17
6698.575 6.0055e-17
6700.100 6.1276e-17
6701.625 6.4344e-17
6703.150 6.6644e-17
6704.675 6.8489e-17
6706.200 6.742e-17
6707.725 6.4913e-17
6709.250 6.4171e-17
6710.775 6.3602e-17
6712.300 6.4969e-17
6713.825 7.196e-17
6715.350 7.2352e-17
6716.875 6.8923e-17
6718.400 6.8369e-17
6719.925 6.6935e-17
6721.450 6.9923e-17
6722.975 7.0933e-17
6724.500 7.1022e-17
6726.025 7.3499e-17
6727.550 7.3493e-17
6729.075 7.4387e-17
6730.600 7.6512e-17
6732.125 7.1487e-17
6733.650 6.8301e-17
6735.175 7.0828e-17
6736.700 7.4776e-17
6738.225 7.5884e-17
6739.750 7.6763e-17
6741.275 7.6665e-17
6742.800 7.2047e-17
6744.325 6.9689e-17
6745.850 7.3837e-17
6747.375 8.1389e-17
6748.900 7.9002e-17
6750.425 7.4913e-17
6751.950 7.704e-17
6753.475 7.8711e-17
6755.000 7.8856e-17
6756.525 7.5637e-17
6758.050 7.5812e-17
6759.575 7.9357e-17
6761.100 7.8928e-17
6762.625 7.4259e-17
6764.150 7.5398e-17
6765.675 8.065e-17
6767.200 7.9013e-17
6768.725 7.5192e-17
6770.250 7.6019e-17
6771.775 8.0391e-17
6773.300 7.8192e-17
6774.825 7.5044e-17
6776.350 7.7677e-17
6777.875 8.0661e-17
6779.400 8.3393e-17
6780.925 8.2345e-17
6782.450 7.9761e-17
6783.975 8.1382e-17
6785.500 7.8864e-17
6787.025 7.627e-17
6788.550 7.8501e-17
6790.075 8.3759e-17
6791.600 8.2258e-17
6793.125 7.7084e-17
6794.650 7.6205e-17
6796.175 7.395e-17
6797.700 7.6664e-17
6799.225 8.2749e-17
6800.750 8.1494e-17
6802.275 7.7397e-17
6803.800 7.8501e-17
6805.325 7.7926e-17
6806.850 8.0675e-17
6808.375 7.9696e-17
6809.900 8.3651e-17
6811.425 8.5685e-17
6812.950 8.2346e-17
6814.475 8.4961e-17
6816.000 8.2064e-17
6817.525 7.4915e-17
6819.050 6.8709e-17
6820.575 7.2031e-17
6822.100 7.7747e-17
6823.625 7.7318e-17
6825.150 7.8234e-17
6826.675 8.2439e-17
6828.200 7.9334e-17
6829.725 8.0718e-17
6831.250 8.149e-17
6832.775 7.3372e-17
6834.300 7.868e-17
6835.825 7.7698e-17
6837.350 6.8546e-17
6838.875 6.9306e-17
6840.400 6.9139e-17
6841.925 6.9673e-17
6843.450 7.0219e-17
6844.975 7.3458e-17
6846.500 7.9705e-17
6848.025 8.8542e-17
6849.550 9.8498e-17
6851.075 1.055e-16
6852.600 9.5722e-17
6854.125 8.3556e-17
6855.650 7.1074e-17
6857.175 6.6752e-17
6858.700 6.9085e-17
6860.225 7.6852e-17
6861.750 7.6654e-17
6863.275 6.9991e-17
6864.800 6.4443e-17
6866.325 5.8392e-17
6867.850 4.927e-17
6869.375 5.1667e-17
6870.900 5.7062e-17
6872.425 5.3137e-17
6873.950 4.9959e-17
6875.475 5.6069e-17
6877.000 5.8675e-17
6878.525 6.0164e-17
6880.050 5.9675e-17
6881.575 5.9002e-17
6883.100 5.7476e-17
6884.625 5.4967e-17
6886.150 5.4437e-17
6887.675 5.7152e-17
6889.200 5.8574e-17
6890.725 6.2862e-17
6892.250 6.2922e-17
6893.775 5.6407e-17
6895.300 5.6137e-17
6896.825 6.1005e-17
6898.350 6.0498e-17
6899.875 6.1533e-17
6901.400 6.2157e-17
6902.925 6.0555e-17
6904.450 5.9848e-17
6905.975 5.5913e-17
6907.500 6.2774e-17
6909.025 6.5489e-17
6910.550 6.6366e-17
6912.075 6.2606e-17
6913.600 5.8447e-17
6915.125 5.686e-17
6916.650 5.987e-17
6918.175 6.1556e-17
6919.700 5.6253e-17
6921.225 5.8936e-17
6922.750 6.3541e-17
6924.275 5.4823e-17
6925.800 5.8798e-17
6927.325 6.4103e-17
6928.850 6.8237e-17
6930.375 6.8774e-17
6931.900 6.0494e-17
6933.425 5.6607e-17
6934.950 5.5987e-17
6936.475 5.6368e-17
6938.000 5.7491e-17
6939.525 5.8221e-17
6941.050 6.1246e-17
6942.575 5.7959e-17
6944.100 5.7906e-17
6945.625 5.9942e-17
6947.150 5.8907e-17
6948.675 6.4873e-17
6950.200 6.7448e-17
6951.725 6.0619e-17
6953.250 5.381e-17
6954.775 5.1888e-17
6956.300 5.2701e-17
6957.825 5.1175e-17
6959.350 5.0422e-17
6960.875 5.4486e-17
6962.400 5.901e-17
6963.925 5.6915e-17
6965.450 5.2335e-17
6966.975 4.8471e-17
6968.500 5.2312e-17
6970.025 5.4701e-17
6971.550 5.0516e-17
6973.075 5.0882e-17
6974.600 5.3308e-17
6976.125 5.2427e-17
6977.650 4.7879e-17
6979.175 4.3629e-17
6980.700 4.2231e-17
6982.225 4.8598e-17
6983.750 5.3261e-17
6985.275 5.0542e-17
6986.800 5.1209e-17
6988.325 5.1805e-17
6989.850 4.9821e-17
6991.375 4.7286e-17
6992.900 4.6522e-17
6994.425 4.6116e-17
6995.950 4.4854e-17
6997.475 4.4814e-17
6999.000 4.6217e-17
7000.525 5.1938e-17
7002.050 4.9262e-17
7003.575 4.125e-17
7005.100 4.5443e-17
7006.625 5.4517e-17
7008.150 5.8277e-17
7009.675 5.4504e-17
7011.200 5.1418e-17
7012.725 5.0673e-17
7014.250 4.9963e-17
7015.775 4.8288e-17
7017.300 4.745e-17
7018.825 4.8503e-17
7020.350 5.0532e-17
7021.875 5.0305e-17
7023.400 5.2645e-17
7024.925 5.1644e-17
7026.450 5.1422e-17
7027.975 5.2975e-17
7029.500 4.645e-17
7031.025 4.2778e-17
7032.550 4.5658e-17
7034.075 5.1033e-17
7035.600 5.0437e-17
7037.125 4.8133e-17
7038.650 4.2405e-17
7040.175 4.3662e-17
7041.700 4.4257e-17
7043.225 4.2844e-17
7044.750 4.4065e-17
7046.275 4.2038e-17
7047.800 4.342e-17
7049.325 4.4515e-17
7050.850 4.1755e-17
7052.375 4.3561e-17
7053.900 4.5257e-17
7055.425 5.2335e-17
7056.950 4.9664e-17
7058.475 4.5553e-17
7060.000 4.495e-17
7061.525 4.2886e-17
7063.050 4.2173e-17
7064.575 4.113e-17
7066.100 4.0943e-17
7067.625 4.0804e-17
7069.150 4.04e-17
7070.675 4.3523e-17
7072.200 4.0376e-17
7073.725 3.5806e-17
7075.250 3.8992e-17
7076.775 4.0062e-17
7078.300 3.8545e-17
7079.825 3.7947e-17
7081.350 3.8862e-17
7082.875 3.978e-17
7084.400 3.7951e-17
7085.925 4.5169e-17
7087.450 4.7231e-17
7088.975 4.1109e-17
7090.500 4.3457e-17
7092.025 4.1263e-17
7093.550 3.8602e-17
7095.075 3.6664e-17
7096.600 3.9495e-17
7098.125 4.5601e-17
7099.650 4.5595e-17
7101.175 4.2616e-17
7102.700 4.1857e-17
7104.225 3.9858e-17
7105.750 3.7942e-17
7107.275 3.6036e-17
7108.800 4.1139e-17
7110.325 4.3084e-17
7111.850 3.6599e-17
7113.375 3.2102e-17
7114.900 3.2978e-17
7116.425 3.9002e-17
7117.950 3.8796e-17
7119.475 3.6906e-17
7121.000 3.6676e-17
7122.525 3.1122e-17
7124.050 3.7872e-17
7125.575 4.5495e-17
7127.100 4.5337e-17
7128.625 4.041e-17
7130.150 3.5477e-17
7131.675 3.3774e-17
7133.200 3.738e-17
7134.725 3.628e-17
7136.250 3.5054e-17
7137.775 3.816e-17
7139.300 3.9329e-17
7140.825 4.1602e-17
7142.350 4.1006e-17
7143.875 4.0733e-17
7145.400 4.0085e-17
7146.925 3.8596e-17
7148.450 3.9695e-17
7149.975 3.4542e-17
7151.500 3.2002e-17
7153.025 3.5366e-17
7154.550 3.7024e-17
7156.075 3.7026e-17
7157.600 3.6658e-17
7159.125 3.549e-17
7160.650 3.571e-17
7162.175 3.6322e-17
7163.700 3.6039e-17
7165.225 3.8177e-17
7166.750 3.8788e-17
7168.275 3.5721e-17
7169.800 3.4778e-17
7171.325 3.2344e-17
7172.850 3.1994e-17
7174.375 3.4616e-17
7175.900 3.5379e-17
7177.425 3.3525e-17
7178.950 3.2313e-17
7180.475 3.273e-17
7182.000 3.0549e-17
7183.525 3.2735e-17
7185.050 3.5752e-17
7186.575 3.0312e-17
7188.100 2.8885e-17
7189.625 3.3419e-17
7191.150 3.3375e-17
7192.675 2.942e-17
7194.200 2.7624e-17
7195.725 3.4895e-17
7197.250 3.7772e-17
7198.775 3.3891e-17
7200.300 3.4371e-17
7201.825 3.4416e-17
7203.350 3.3969e-17
7204.875 3.2251e-17
7206.400 3.1954e-17
7207.925 3.5758e-17
7209.450 4.3142e-17
7210.975 3.9313e-17
7212.500 3.6059e-17
7214.025 3.7103e-17
7215.550 3.7183e-17
7217.075 3.8964e-17
7218.600 4.1488e-17
7220.125 3.6432e-17
7221.650 3.0444e-17
7223.175 3.6749e-17
7224.700 3.8501e-17
7226.225 3.4372e-17
7227.750 3.1383e-17
7229.275 3.175e-17
7230.800 3.2911e-17
7232.325 3.4973e-17
7233.850 3.7229e-17
7235.375 3.585e-17
7236.900 3.611e-17
7238.425 3.6654e-17
7239.950 3.2997e-17
7241.475 3.1977e-17
7243.000 3.9232e-17
7244.525 3.7129e-17
7246.050 4.4056e-17
7247.575 3.565e-17
7249.100 2.5788e-17
7250.625 2.6304e-17
7252.150 2.9369e-17
7253.675 3.19e-17
7255.200 3.3874e-17
7256.725 3.7484e-17
7258.250 3.4517e-17
7259.775 3.2879e-17
7261.300 3.3176e-17
7262.825 3.3752e-17
7264.350 3.1156e-17
7265.875 2.9358e-17
7267.400 3.326e-17
7268.925 3.0576e-17
7270.450 2.725e-17
7271.975 3.2627e-17
7273.500 3.1772e-17
7275.025 3.4503e-17
7276.550 3.7335e-17
7278.075 3.4421e-17
7279.600 3.5668e-17
7281.125 3.3794e-17
7282.650 3.0836e-17
7284.175 3.2591e-17
7285.700 3.2775e-17
7287.225 3.123e-17
7288.750 2.9008e-17
7290.275 3.6097e-17
7291.800 3.9281e-17
7293.325 3.6471e-17
7294.850 2.8769e-17
7296.375 2.8645e-17
7297.900 3.5848e-17
7299.425 3.5529e-17
7300.950 3.4368e-17
7302.475 3.5558e-17
7304.000 3.3106e-17
7305.525 3.3515e-17
7307.050 3.4556e-17
7308.575 3.3324e-17
7310.100 3.1001e-17
7311.625 3.4257e-17
7313.150 3.6833e-17
7314.675 3.5649e-17
7316.200 3.6712e-17
7317.725 3.109e-17
7319.250 2.9188e-17
7320.775 3.074e-17
7322.300 3.0719e-17
7323.825 3.3979e-17
7325.350 4.0568e-17
7326.875 3.9463e-17
7328.400 3.569e-17
7329.925 3.671e-17
7331.450 3.6681e-17
7332.975 3.1863e-17
7334.500 2.9597e-17
7336.025 3.5994e-17
7337.550 3.746e-17
7339.075 3.3965e-17
7340.600 3.6061e-17
7342.125 3.6686e-17
7343.650 2.9347e-17
7345.175 2.6224e-17
7346.700 3.2016e-17
7348.225 3.4968e-17
7349.750 3.6327e-17
7351.275 3.6265e-17
7352.800 3.0905e-17
7354.325 2.9475e-17
7355.850 3.2264e-17
7357.375 3.408e-17
7358.900 3.3935e-17
7360.425 3.3565e-17
7361.950 3.3425e-17
7363.475 3.0164e-17
7365.000 3.2237e-17
7366.525 3.4578e-17
7368.050 3.1545e-17
7369.575 3.0592e-17
7371.100 2.9087e-17
7372.625 3.1591e-17
7374.150 3.0355e-17
7375.675 3.2618e-17
7377.200 3.1335e-17
7378.725 2.8594e-17
7380.250 3.2968e-17
7381.775 3.5241e-17
7383.300 3.3979e-17
7384.825 3.5641e-17
7386.350 3.7537e-17
7387.875 3.3914e-17
7389.400 2.8624e-17
7390.925 2.7306e-17
7392.450 2.8078e-17
7393.975 3.1203e-17
7395.500 3.1544e-17
7397.025 3.0846e-17
7398.550 3.2509e-17
7400.075 3.4984e-17
7401.600 4.0256e-17
7403.125 3.5289e-17
7404.650 2.8621e-17
7406.175 3.307e-17
7407.700 3.1719e-17
7409.225 2.9779e-17
7410.750 3.2138e-17
7412.275 3.4979e-17
7413.800 3.6024e-17
7415.325 3.3459e-17
7416.850 3.1072e-17
7418.375 3.5354e-17
7419.900 3.679e-17
7421.425 3.5575e-17
7422.950 3.7322e-17
7424.475 3.27e-17
7426.000 3.3009e-17
7427.525 3.5274e-17
7429.050 3.4406e-17
7430.575 3.4425e-17
7432.100 3.4846e-17
7433.625 3.3291e-17
7435.150 3.2084e-17
7436.675 3.413e-17
7438.200 3.3268e-17
7439.725 3.1641e-17
7441.250 3.5233e-17
7442.775 3.5297e-17
7444.300 3.0042e-17
7445.825 3.2861e-17
7447.350 3.7611e-17
7448.875 3.469e-17
7450.400 3.6288e-17
7451.925 3.4446e-17
7453.450 3.0768e-17
7454.975 3.3251e-17
7456.500 2.876e-17
7458.025 2.9562e-17
7459.550 3.2225e-17
7461.075 2.9601e-17
7462.600 2.9419e-17
7464.125 3.3644e-17
7465.650 3.4731e-17
7467.175 3.6452e-17
7468.700 3.4685e-17
7470.225 3.1462e-17
7471.750 3.0338e-17
7473.275 3.0405e-17
7474.800 3.0384e-17
7476.325 2.6997e-17
7477.850 3.0441e-17
7479.375 3.6642e-17
7480.900 3.3487e-17
7482.425 3.1198e-17
7483.950 3.3925e-17
7485.475 3.6125e-17
7487.000 3.4685e-17
7488.525 3.309e-17
7490.050 3.2226e-17
7491.575 3.0636e-17
7493.100 2.7017e-17
7494.625 3.1591e-17
7496.150 3.4179e-17
7497.675 3.2229e-17
7499.200 3.2932e-17
7500.725 3.1084e-17
7502.250 3.1632e-17
7503.775 3.2041e-17
7505.300 3.0716e-17
7506.825 2.8274e-17
7508.350 3.0208e-17
7509.875 3.5819e-17
7511.400 3.3998e-17
7512.925 2.9497e-17
7514.450 2.9256e-17
7515.975 3.3398e-17
7517.500 3.3979e-17
7519.025 2.8913e-17
7520.550 2.3038e-17
7522.075 2.629e-17
7523.600 3.315e-17
7525.125 3.005e-17
7526.650 2.8902e-17
7528.175 3.0353e-17
7529.700 2.842e-17
7531.225 2.5941e-17
7532.750 2.2605e-17
7534.275 2.5963e-17
7535.800 3.0719e-17
7537.325 3.4921e-17
7538.850 3.4132e-17
7540.375 2.7763e-17
7541.900 2.817e-17
7543.425 3.1907e-17
7544.950 3.2206e-17
7546.475 3.0606e-17
7548.000 3.2228e-17
7549.525 3.079e-17
7551.050 3.0936e-17
7552.575 3.5171e-17
7554.100 3.1619e-17
7555.625 2.5936e-17
7557.150 2.442e-17
7558.675 2.9097e-17
7560.200 3.3433e-17
7561.725 3.0972e-17
7563.250 3.1951e-17
7564.775 3.2403e-17
7566.300 2.9763e-17
7567.825 2.8171e-17
7569.350 2.7331e-17
7570.875 2.892e-17
7572.400 3.0021e-17
7573.925 2.8358e-17
7575.450 3.4512e-17
7576.975 3.7539e-17
7578.500 3.5031e-17
7580.025 2.7987e-17
7581.550 2.8877e-17
7583.075 2.7388e-17
7584.600 3.0413e-17
7586.125 3.3241e-17
7587.650 2.923e-17
7589.175 2.8009e-17
7590.700 3.0223e-17
7592.225 3.3622e-17
7593.750 2.7938e-17
7595.275 1.5777e-17
7596.800 1.0687e-17
7598.325 1.1256e-17
7599.850 1.1438e-17
7601.375 1.0863e-17
7602.900 1.5452e-17
7604.425 1.1117e-17
7605.950 1.0936e-17
7607.475 1.4646e-17
7609.000 1.3752e-17
7610.525 1.3117e-17
7612.050 1.1743e-17
7613.575 1.6871e-17
7615.100 1.8477e-17
7616.625 1.8429e-17
7618.150 1.9773e-17
7619.675 2.2828e-17
7621.200 2.3226e-17
7622.725 1.9855e-17
7624.250 1.8424e-17
7625.775 2.0724e-17
7627.300 1.9031e-17
7628.825 1.5779e-17
7630.350 1.7844e-17
7631.875 1.7932e-17
7633.400 1.279e-17
7634.925 1.5136e-17
7636.450 2.2321e-17
7637.975 2.2926e-17
7639.500 2.1045e-17
7641.025 1.9821e-17
7642.550 1.8837e-17
7644.075 1.7666e-17
7645.600 2.104e-17
7647.125 2.4295e-17
7648.650 2.1546e-17
7650.175 1.7697e-17
7651.700 1.8854e-17
7653.225 2.5247e-17
7654.750 2.5437e-17
7656.275 2.4278e-17
7657.800 2.919e-17
7659.325 3.0196e-17
7660.850 2.4277e-17
7662.375 2.279e-17
7663.900 2.251e-17
7665.425 2.2519e-17
7666.950 2.8864e-17
7668.475 3.0532e-17
7670.000 3.0334e-17
7671.525 3.0511e-17
7673.050 2.765e-17
7674.575 2.663e-17
7676.100 3.2289e-17
7677.625 3.6247e-17
7679.150 3.493e-17
7680.675 3.2618e-17
7682.200 2.8678e-17
7683.725 2.5224e-17
7685.250 2.5009e-17
7686.775 2.5036e-17
7688.300 3.0445e-17
7689.825 3.4257e-17
7691.350 3.1296e-17
7692.875 3.0693e-17
7694.400 3.1701e-17
7695.925 3.4126e-17
7697.450 3.1544e-17
7698.975 2.9288e-17
7700.500 2.6136e-17
7702.025 2.8422e-17
7703.550 3.1085e-17
7705.075 3.0447e-17
7706.600 2.9199e-17
7708.125 2.8435e-17
7709.650 2.6578e-17
7711.175 3.1023e-17
7712.700 3.7107e-17
7714.225 3.2325e-17
7715.750 2.7744e-17
7717.275 3.1778e-17
7718.800 3.2377e-17
7720.325 2.784e-17
7721.850 1.6321e-17
7723.375 1.9026e-17
7724.900 2.8519e-17
7726.425 3.1017e-17
7727.950 3.1518e-17
7729.475 3.3533e-17
7731.000 3.6186e-17
7732.525 3.6498e-17
7734.050 3.3723e-17
7735.575 3.0587e-17
7737.100 3.0832e-17
7738.625 3.4573e-17
7740.150 3.215e-17
7741.675 2.6603e-17
7743.200 2.2592e-17
7744.725 2.3076e-17
7746.250 3.0436e-17
7747.775 3.0663e-17
7749.300 3.0199e-17
7750.825 2.0495e-17
7752.350 1.6028e-17
7753.875 2.4094e-17
7755.400 3.022e-17
7756.925 2.5753e-17
7758.450 2.0983e-17
7759.975 2.6913e-17
7761.500 3.1941e-17
7763.025 3.5188e-17
7764.550 3.1998e-17
7766.075 2.9267e-17
7767.600 3.1737e-17
7769.125 3.1049e-17
7770.650 2.9223e-17
7772.175 2.9113e-17
7773.700 2.959e-17
7775.225 2.9383e-17
7776.750 2.8331e-17
7778.275 2.872e-17
7779.800 3.1658e-17
7781.325 3.4652e-17
7782.850 3.045e-17
7784.375 2.4551e-17
7785.900 2.5962e-17
7787.425 2.6819e-17
7788.950 2.6001e-17
7790.475 3.2295e-17
7792.000 4.0778e-17
7793.525 3.7997e-17
7795.050 3.4748e-17
7796.575 3.9355e-17
7798.100 3.8268e-17
7799.625 2.8424e-17
7801.150 2.164e-17
7802.675 2.4413e-17
7804.200 3.0089e-17
7805.725 3.308e-17
7807.250 2.8728e-17
7808.775 3.0364e-17
7810.300 2.9695e-17
7811.825 2.5509e-17
7813.350 2.5055e-17
7814.875 2.7362e-17
7816.400 2.9837e-17
7817.925 3.1408e-17
7819.450 3.5243e-17
7820.975 3.5891e-17
7822.500 3.0701e-17
7824.025 2.7715e-17
7825.550 2.588e-17
7827.075 2.4966e-17
7828.600 2.8188e-17
7830.125 3.2199e-17
7831.650 3.0305e-17
7833.175 2.7197e-17
7834.700 2.4185e-17
7836.225 2.625e-17
7837.750 2.7293e-17
7839.275 3.3411e-17
7840.800 3.4011e-17
7842.325 2.7066e-17
7843.850 2.6538e-17
7845.375 2.7171e-17
7846.900 2.2996e-17
7848.425 2.5514e-17
7849.950 3.6126e-17
7851.475 3.6182e-17
7853.000 2.9164e-17
7854.525 2.2825e-17
7856.050 2.7559e-17
7857.575 2.9746e-17
7859.100 2.4685e-17
7860.625 2.0562e-17
7862.150 2.5193e-17
7863.675 3.3315e-17
7865.200 3.437e-17
7866.725 2.8381e-17
7868.250 2.4817e-17
7869.775 2.5234e-17
7871.300 3.462e-17
7872.825 3.2924e-17
7874.350 3.1225e-17
7875.875 3.1468e-17
7877.400 3.388e-17
7878.925 3.4734e-17
7880.450 2.9121e-17
7881.975 2.8267e-17
7883.500 2.7559e-17
7885.025 2.8937e-17
7886.550 3.2771e-17
7888.075 2.5024e-17
7889.600 2.5128e-17
7891.125 2.8981e-17
7892.650 3.2594e-17
7894.175 3.283e-17
7895.700 2.6746e-17
7897.225 2.2631e-17
7898.750 2.0757e-17
7900.275 2.2991e-17
7901.800 2.3427e-17
7903.325 2.1891e-17
7904.850 2.4635e-17
7906.375 2.9588e-17
7907.900 3.2856e-17
7909.425 2.8472e-17
7910.950 2.54e-17
7912.475 2.5399e-17
7914.000 3.093e-17
7915.525 2.7297e-17
7917.050 1.9784e-17
7918.575 1.9268e-17
7920.100 1.2026e-17
7921.625 1.6598e-17
7923.150 2.7851e-17
7924.675 3.1226e-17
7926.200 3.0321e-17
7927.725 3.501e-17
7929.250 3.5201e-17
7930.775 3.2706e-17
7932.300 3.3024e-17
7933.825 3.5073e-17
7935.350 2.892e-17
7936.875 2.275e-17
7938.400 2.6626e-17
7939.925 2.6766e-17
7941.450 2.4588e-17
7942.975 2.7262e-17
7944.500 3.0604e-17
7946.025 3.1253e-17
7947.550 2.9402e-17
7949.075 2.8621e-17
7950.600 2.5258e-17
7952.125 2.8099e-17
7953.650 2.8745e-17
7955.175 3.0687e-17
7956.700 3.1663e-17
7958.225 3.0793e-17
7959.750 2.9195e-17
7961.275 3.3371e-17
7962.800 3.2034e-17
7964.325 3.0701e-17
7965.850 2.5761e-17
7967.375 3.0042e-17
7968.900 3.2597e-17
7970.425 3.355e-17
7971.950 2.4289e-17
7973.475 2.2498e-17
7975.000 3.0557e-17
7976.525 3.2417e-17
7978.050 2.4344e-17
7979.575 2.3447e-17
7981.100 2.5482e-17
7982.625 2.8096e-17
7984.150 3.1357e-17
7985.675 3.2241e-17
7987.200 3.1143e-17
7988.725 3.4324e-17
7990.250 3.434e-17
7991.775 3.5694e-17
7993.300 2.8856e-17
7994.825 1.9053e-17
7996.350 2.307e-17
7997.875 2.7997e-17
7999.400 2.791e-17
8000.925 3.0105e-17
8002.450 2.6486e-17
8003.975 2.728e-17
8005.500 2.6653e-17
8007.025 2.3505e-17
8008.550 2.5614e-17
8010.075 3.0546e-17
8011.600 3.1923e-17
8013.125 3.5617e-17
8014.650 3.785e-17
8016.175 3.6313e-17
8017.700 2.8715e-17
8019.225 2.1455e-17
8020.750 2.4482e-17
8022.275 2.4451e-17
8023.800 1.8464e-17
8025.325 2.1576e-17
8026.850 2.8066e-17
8028.375 3.141e-17
8029.900 3.0889e-17
8031.425 3.0221e-17
8032.950 3.1853e-17
8034.475 3.1203e-17
8036.000 3.0735e-17
8037.525 3.1381e-17
8039.050 2.7927e-17
8040.575 2.6299e-17
8042.100 2.9157e-17
8043.625 2.7565e-17
8045.150 2.6589e-17
8046.675 2.8304e-17
8048.200 2.8388e-17
8049.725 2.942e-17
8051.250 2.8178e-17
8052.775 2.3921e-17
8054.300 2.1694e-17
8055.825 2.492e-17
8057.350 2.8327e-17
8058.875 3.0969e-17
8060.400 3.2365e-17
8061.925 3.0046e-17
8063.450 3.041e-17
8064.975 3.1514e-17
8066.500 3.0015e-17
8068.025 2.9092e-17
8069.550 2.6838e-17
8071.075 2.3748e-17
8072.600 2.9204e-17
8074.125 3.188e-17
8075.650 3.1359e-17
8077.175 3.4407e-17
8078.700 3.4507e-17
8080.225 3.0351e-17
8081.750 3.3315e-17
8083.275 2.9919e-17
8084.800 2.7943e-17
8086.325 2.975e-17
8087.850 2.9637e-17
8089.375 2.6391e-17
8090.900 2.2622e-17
8092.425 2.6202e-17
8093.950 2.9854e-17
8095.475 3.0907e-17
8097.000 2.7739e-17
8098.525 2.8956e-17
8100.050 3.1085e-17
8101.575 3.0074e-17
8103.100 3.1252e-17
8104.625 3.1972e-17
8106.150 2.7818e-17
8107.675 2.5738e-17
8109.200 2.8093e-17
8110.725 2.7166e-17
8112.250 2.6393e-17
8113.775 2.6787e-17
8115.300 2.3225e-17
8116.825 2.3588e-17
8118.350 2.5852e-17
8119.875 2.5073e-17
8121.400 2.6578e-17
8122.925 2.7045e-17
8124.450 2.7058e-17
8125.975 2.7734e-17
8127.500 2.8122e-17
8129.025 2.8956e-17
8130.550 2.9794e-17
8132.075 2.9024e-17
8133.600 2.5547e-17
8135.125 2.2963e-17
8136.650 2.5408e-17
8138.175 2.5857e-17
8139.700 2.5415e-17
8141.225 2.642e-17
8142.750 2.8761e-17
8144.275 2.5372e-17
8145.800 2.5652e-17
8147.325 2.9693e-17
8148.850 2.6984e-17
8150.375 2.6969e-17
8151.900 2.8288e-17
8153.425 2.6167e-17
8154.950 2.7219e-17
8156.475 2.8379e-17
8158.000 2.6764e-17
8159.525 2.9571e-17
8161.050 3.0582e-17
8162.575 2.5073e-17
8164.100 2.4759e-17
8165.625 2.4928e-17
8167.150 2.0678e-17
8168.675 2.0931e-17
8170.200 2.395e-17
8171.725 2.5728e-17
8173.250 2.5629e-17
8174.775 2.7791e-17
8176.300 2.9559e-17
8177.825 3.04e-17
8179.350 2.7825e-17
8180.875 2.1137e-17
8182.400 2.4324e-17
8183.925 2.8467e-17
8185.450 2.4248e-17
8186.975 2.2562e-17
8188.500 2.3831e-17
8190.025 2.3273e-17
8191.550 2.5836e-17
8193.075 2.5468e-17
8194.600 2.6535e-17
8196.125 2.7842e-17
8197.650 2.8366e-17
8199.175 2.5782e-17
8200.700 2.3454e-17
8202.225 3.0958e-17
8203.750 3.5516e-17
8205.275 3.5058e-17
8206.800 2.9898e-17
8208.325 2.7075e-17
8209.850 2.6323e-17
8211.375 2.2871e-17
8212.900 2.3243e-17
8214.425 2.6583e-17
8215.950 2.3484e-17
8217.475 2.1301e-17
8219.000 2.2606e-17
8220.525 2.2863e-17
8222.050 2.5326e-17
8223.575 2.9009e-17
8225.100 2.711e-17
8226.625 2.3815e-17
8228.150 2.2571e-17
8229.675 2.594e-17
8231.200 2.5387e-17
8232.725 2.5185e-17
8234.250 2.5723e-17
8235.775 2.6423e-17
8237.300 2.8392e-17
8238.825 2.5944e-17
8240.350 2.9585e-17
8241.875 3.5759e-17
8243.400 3.3607e-17
8244.925 2.7834e-17
8246.450 2.2257e-17
8247.975 2.5998e-17
8249.500 2.6397e-17
8251.025 2.7545e-17
8252.550 2.9734e-17
8254.075 2.7462e-17
8255.600 2.4811e-17
8257.125 2.3559e-17
8258.650 2.2227e-17
8260.175 2.3814e-17
8261.700 2.895e-17
8263.225 3.2804e-17
8264.750 3.2392e-17
8266.275 3.1728e-17
8267.800 3.3438e-17
8269.325 3.0463e-17
8270.850 2.488e-17
8272.375 2.4679e-17
8273.900 2.3059e-17
8275.425 2.5147e-17
8276.950 3.0295e-17
8278.475 2.2763e-17
8280.000 2.1736e-17
8281.525 2.5778e-17
8283.050 2.5171e-17
8284.575 2.2598e-17
8286.100 1.6628e-17
8287.625 2.3923e-17
8289.150 3.178e-17
8290.675 3.2761e-17
8292.200 3.1963e-17
8293.725 3.1521e-17
8295.250 2.9749e-17
8296.775 2.735e-17
8298.300 2.2771e-17
8299.825 2.3174e-17
8301.350 2.883e-17
8302.875 2.3134e-17
8304.400 2.2074e-17
8305.925 2.7318e-17
8307.450 2.8703e-17
8308.975 3.4674e-17
8310.500 3.6476e-17
8312.025 3.2195e-17
8313.550 2.6481e-17
8315.075 2.3606e-17
8316.600 2.7638e-17
8318.125 2.8227e-17
8319.650 2.2415e-17
8321.175 2.1953e-17
8322.700 2.369e-17
8324.225 2.4702e-17
8325.750 2.586e-17
8327.275 2.8079e-17
8328.800 2.2948e-17
8330.325 1.9028e-17
8331.850 2.5561e-17
8333.375 2.9339e-17
8334.900 2.883e-17
8336.425 3.1425e-17
8337.950 3.1577e-17
8339.475 3.1949e-17
8341.000 3.1099e-17
8342.525 4.0085e-17
8344.050 3.8421e-17
8345.575 4.1687e-17
8347.100 6.8246e-17
8348.625 5.8785e-17
8350.150 3.4604e-17
8351.675 2.763e-17
8353.200 1.7115e-17
8354.725 2.1808e-17
8356.250 2.9027e-17
8357.775 2.3374e-17
8359.300 2.0013e-17
8360.825 2.8246e-17
8362.350 2.5844e-17
8363.875 2.5338e-17
8365.400 3.1565e-17
8366.925 2.9531e-17
8368.450 3.1414e-17
8369.975 2.6487e-17
8371.500 2.2044e-17
8373.025 2.721e-17
8374.550 2.7545e-17
8376.075 2.6229e-17
8377.600 3.1278e-17
8379.125 3.3382e-17
8380.650 3.2657e-17
8382.175 2.9053e-17
8383.700 2.9376e-17
8385.225 2.8802e-17
8386.750 1.9576e-17
8388.275 1.917e-17
8389.800 2.7825e-17
8391.325 3.2875e-17
8392.850 3.4393e-17
8394.375 3.3675e-17
8395.900 2.5584e-17
8397.425 2.8115e-17
8398.950 3.9815e-17
8400.475 4.0214e-17
8402.000 3.5432e-17
8403.525 2.5896e-17
8405.050 2.3851e-17
8406.575 2.3408e-17
8408.100 2.763e-17
8409.625 3.7873e-17
8411.150 3.4076e-17
8412.675 1.7883e-17
8414.200 9.7475e-18
8415.725 1.8128e-17
8417.250 2.7689e-17
8418.775 3.3352e-17
8420.300 2.9836e-17
8421.825 3.2415e-17
8423.350 3.5454e-17
8424.875 3.5607e-17
8426.400 3.8556e-17
8427.925 4.2496e-17
8429.450 3.5624e-17
8430.975 3.0962e-17
8432.500 2.766e-17
8434.025 2.6437e-17
8435.550 2.7731e-17
8437.075 2.748e-17
8438.600 2.4387e-17
8440.125 2.3279e-17
8441.650 2.9162e-17
8443.175 2.5211e-17
8444.700 2.6281e-17
8446.225 3.3377e-17
8447.750 3.5564e-17
8449.275 2.8274e-17
8450.800 2.1605e-17
8452.325 1.8629e-17
8453.850 1.798e-17
8455.375 2.4412e-17
8456.900 3.1488e-17
8458.425 2.5293e-17
8459.950 3.054e-17
8461.475 3.4796e-17
8463.000 3.4673e-17
8464.525 2.9636e-17
8466.050 2.7842e-17
8467.575 2.31e-17
8469.100 2.7002e-17
8470.625 2.8274e-17
8472.150 2.5176e-17
8473.675 2.9267e-17
8475.200 2.8728e-17
8476.725 2.5978e-17
8478.250 2.4717e-17
8479.775 2.5876e-17
8481.300 2.5076e-17
8482.825 2.5159e-17
8484.350 3.1835e-17
8485.875 3.0264e-17
8487.400 2.3192e-17
8488.925 2.5814e-17
8490.450 3.1059e-17
8491.975 3.0831e-17
8493.500 2.9598e-17
8495.025 2.8163e-17
8496.550 2.4333e-17
8498.075 2.5457e-17
8499.600 2.7347e-17
8501.125 2.0642e-17
8502.650 2.1647e-17
8504.175 3.5964e-17
8505.700 3.7838e-17
8507.225 2.5945e-17
8508.750 2.2797e-17
8510.275 2.8284e-17
8511.800 3.0309e-17
8513.325 2.6469e-17
8514.850 2.5055e-17
8516.375 2.6071e-17
8517.900 2.3432e-17
8519.425 1.9839e-17
8520.950 1.8195e-17
8522.475 2.3079e-17
8524.000 2.6198e-17
8525.525 2.3872e-17
8527.050 2.427e-17
8528.575 3.0374e-17
8530.100 2.6926e-17
8531.625 2.5199e-17
8533.150 2.9184e-17
8534.675 2.7484e-17
8536.200 2.162e-17
8537.725 1.9137e-17
8539.250 2.0015e-17
8540.775 2.0488e-17
8542.300 2.8345e-17
8543.825 3.4554e-17
8545.350 3.1098e-17
8546.875 2.8208e-17
8548.400 3.0138e-17
8549.925 2.8173e-17
8551.450 2.9271e-17
8552.975 3.4586e-17
8554.500 3.1378e-17
8556.025 2.6604e-17
8557.550 2.8064e-17
8559.075 3.0571e-17
8560.600 2.7279e-17
8562.125 2.338e-17
8563.650 2.8296e-17
8565.175 3.1518e-17
8566.700 2.7807e-17
8568.225 3.1304e-17
8569.750 3.0377e-17
8571.275 2.9845e-17
8572.800 2.7236e-17
8574.325 2.6259e-17
8575.850 2.4997e-17
8577.375 2.6097e-17
8578.900 2.856e-17
8580.425 2.9627e-17
8581.950 3.1539e-17
8583.475 2.718e-17
8585.000 2.0628e-17
8586.525 3.0567e-17
8588.050 4.2381e-17
8589.575 3.9674e-17
8591.100 3.0854e-17
8592.625 2.2086e-17
8594.150 2.1161e-17
8595.675 2.9681e-17
8597.200 3.3757e-17
8598.725 2.7765e-17
8600.250 2.2004e-17
8601.775 2.2539e-17
8603.300 2.4452e-17
8604.825 2.4226e-17
8606.350 2.7229e-17
8607.875 2.9845e-17
8609.400 2.7615e-17
8610.925 2.7118e-17
8612.450 2.9423e-17
8613.975 3.8678e-17
8615.500 4.0192e-17
8617.025 2.8725e-17
8618.550 3.0962e-17
8620.075 3.7462e-17
8621.600 3.2644e-17
8623.125 2.935e-17
8624.650 2.8205e-17
8626.175 2.4298e-17
8627.700 2.2375e-17
8629.225 2.0363e-17
8630.750 2.2912e-17
8632.275 3.06e-17
8633.800 3.1317e-17
8635.325 3.0008e-17
8636.850 1.8431e-17
8638.375 1.5858e-17
8639.900 1.952e-17
8641.425 1.6261e-17
8642.950 1.7569e-17
8644.475 3.034e-17
8646.000 3.2311e-17
8647.525 2.2012e-17
8649.050 1.7071e-17
8650.575 2.588e-17
8652.100 2.2863e-17
8653.625 2.1534e-17
8655.150 1.9795e-17
8656.675 1.8046e-17
8658.200 2.0478e-17
8659.725 3.1164e-17
8661.250 2.3028e-17
8662.775 1.9865e-17
8664.300 3.9856e-17
8665.825 4.2189e-17
8667.350 4.0795e-17
8668.875 3.4685e-17
8670.400 2.722e-17
8671.925 2.4628e-17
8673.450 2.8018e-17
8674.975 3.3747e-17
8676.500 2.7551e-17
8678.025 2.6683e-17
8679.550 1.9604e-17
8681.075 1.4898e-17
8682.600 2.4405e-17
8684.125 3.3832e-17
8685.650 2.864e-17
8687.175 2.0617e-17
8688.700 1.8718e-17
8690.225 2.442e-17
8691.750 2.8563e-17
8693.275 2.9842e-17
8694.800 2.7731e-17
8696.325 2.7205e-17
8697.850 2.5904e-17
8699.375 2.7551e-17
8700.900 2.91e-17
8702.425 2.8752e-17
8703.950 2.779e-17
8705.475 2.1677e-17
8707.000 2.3863e-17
8708.525 2.5306e-17
8710.050 2.2217e-17
8711.575 2.2734e-17
8713.100 2.9606e-17
8714.625 3.2185e-17
8716.150 2.3776e-17
8717.675 2.5184e-17
8719.200 3.2281e-17
8720.725 3.0723e-17
8722.250 2.7305e-17
8723.775 2.6155e-17
8725.300 2.5931e-17
8726.825 2.6746e-17
8728.350 2.6962e-17
8729.875 2.4692e-17
8731.400 2.32e-17
8732.925 2.4487e-17
8734.450 2.5128e-17
8735.975 2.7394e-17
8737.500 2.5392e-17
8739.025 1.8255e-17
8740.550 1.9246e-17
8742.075 2.4909e-17
8743.600 2.7299e-17
8745.125 2.7477e-17
8746.650 3.1676e-17
8748.175 3.1552e-17
8749.700 2.6338e-17
8751.225 2.3504e-17
8752.750 2.3914e-17
8754.275 2.8857e-17
8755.800 3.2752e-17
8757.325 3.5671e-17
8758.850 4.0637e-17
8760.375 3.252e-17
8761.900 3.2548e-17
8763.425 3.0369e-17
8764.950 2.9772e-17
8766.475 4.3985e-17
8768.000 3.5468e-17
8769.525 2.278e-17
8771.050 1.5635e-17
8772.575 1.7793e-17
8774.100 2.6788e-17
8775.625 4.2096e-17
8777.150 4.0154e-17
8778.675 2.742e-17
8780.200 3.1639e-17
8781.725 3.014e-17
8783.250 2.6057e-17
8784.775 2.1435e-17
8786.300 2.2049e-17
8787.825 3.2741e-17
8789.350 3.714e-17
8790.875 3.4687e-17
8792.400 3.1648e-17
8793.925 2.9523e-17
8795.450 2.6978e-17
8796.975 2.3175e-17
8798.500 2.7458e-17
8800.025 2.7735e-17
8801.550 2.1732e-17
8803.075 2.2222e-17
8804.600 2.8854e-17
8806.125 3.506e-17
8807.650 3.5528e-17
8809.175 2.8874e-17
8810.700 3.1039e-17
8812.225 3.4554e-17
8813.750 2.6805e-17
8815.275 2.1983e-17
8816.800 2.1856e-17
8818.325 2.4254e-17
8819.850 3.082e-17
8821.375 3.7039e-17
8822.900 3.3434e-17
8824.425 3.7762e-17
8825.950 5.4602e-17
8827.475 3.956e-17
8829.000 2.9882e-17
8830.525 3.4565e-17
8832.050 2.1009e-17
8833.575 1.682e-17
8835.100 2.4321e-17
8836.625 3.1051e-17
8838.150 3.8292e-17
8839.675 3.651e-17
8841.200 2.6603e-17
8842.725 2.7488e-17
8844.250 3.1152e-17
8845.775 2.9952e-17
8847.300 3.3476e-17
8848.825 4.1071e-17
8850.350 3.1859e-17
8851.875 2.1733e-17
8853.400 2.0986e-17
8854.925 2.1603e-17
8856.450 2.645e-17
8857.975 2.6864e-17
8859.500 3.0749e-17
8861.025 3.6685e-17
8862.550 3.2867e-17
8864.075 2.7804e-17
8865.600 3.3883e-17
8867.125 3.7754e-17
8868.650 3.4166e-17
8870.175 2.6961e-17
8871.700 2.9955e-17
8873.225 2.6643e-17
8874.750 2.522e-17
8876.275 2.8488e-17
8877.800 3.0738e-17
8879.325 2.8608e-17
8880.850 2.9698e-17
8882.375 3.5934e-17
8883.900 5.2086e-17
8885.425 5.5245e-17
8886.950 3.9426e-17
8888.475 3.6056e-17
8890.000 2.5678e-17
8891.525 1.8762e-17
8893.050 2.1371e-17
8894.575 2.7266e-17
8896.100 3.0319e-17
8897.625 2.9554e-17
8899.150 3.3369e-17
8900.675 3.9884e-17
8902.200 3.2309e-17
8903.725 3.2963e-17
8905.250 2.8431e-17
8906.775 1.2353e-17
8908.300 1.7499e-17
8909.825 2.5226e-17
8911.350 2.5482e-17
8912.875 2.3818e-17
8914.400 2.8806e-17
8915.925 4.8568e-17
8917.450 4.5081e-17
8918.975 4.0729e-17
8920.500 3.7393e-17
8922.025 4.5135e-17
8923.550 3.2867e-17
8925.075 2.1558e-17
8926.600 2.6653e-17
8928.125 2.1815e-17
8929.650 2.2147e-17
8931.175 2.9379e-17
8932.700 2.8182e-17
8934.225 2.6511e-17
8935.750 2.542e-17
8937.275 2.7495e-17
8938.800 3.0602e-17
8940.325 2.7764e-17
8941.850 3.2316e-17
8943.375 3.8265e-17
8944.900 2.8502e-17
8946.425 2.1082e-17
8947.950 2.4905e-17
8949.475 2.4003e-17
8951.000 2.4145e-17
8952.525 2.7044e-17
8954.050 2.8053e-17
8955.575 3.4517e-17
8957.100 4.4828e-17
8958.625 4.638e-17
8960.150 3.1383e-17
8961.675 1.2848e-17
8963.200 8.2277e-18
8964.725 1.8819e-17
8966.250 2.3959e-17
8967.775 2.6956e-17
8969.300 2.672e-17
8970.825 3.0255e-17
8972.350 3.2919e-17
8973.875 2.7193e-17
8975.400 2.9801e-17
8976.925 3.0025e-17
8978.450 3.0105e-17
8979.975 3.2469e-17
8981.500 2.6908e-17
8983.025 2.7777e-17
8984.550 3.1709e-17
8986.075 3.1814e-17
8987.600 2.5448e-17
8989.125 1.8569e-17
8990.650 2.6425e-17
8992.175 2.5206e-17
8993.700 1.6559e-17
8995.225 1.5963e-17
8996.750 2.0213e-17
8998.275 3.0771e-17
8999.800 3.4779e-17
9001.325 3.2465e-17
9002.850 3.4973e-17
9004.375 3.4187e-17
9005.900 2.3292e-17
9007.425 1.6662e-17
9008.950 2.0389e-17
9010.475 2.5077e-17
9012.000 2.7807e-17
9013.525 2.4311e-17
9015.050 2.4837e-17
9016.575 2.7668e-17
9018.100 2.6373e-17
9019.625 2.4479e-17
9021.150 2.8191e-17
9022.675 2.6814e-17
9024.200 2.3283e-17
9025.725 2.2152e-17
9027.250 2.1484e-17
9028.775 2.292e-17
9030.300 2.9806e-17
9031.825 2.9014e-17
9033.350 2.5538e-17
9034.875 3.0511e-17
9036.400 3.7273e-17
9037.925 3.7552e-17
9039.450 3.6212e-17
9040.975 3.5432e-17
9042.500 3.2053e-17
9044.025 2.6493e-17
9045.550 2.3178e-17
9047.075 2.5394e-17
9048.600 2.6423e-17
9050.125 2.2161e-17
9051.650 2.0249e-17
9053.175 2.5339e-17
9054.700 3.0932e-17
9056.225 3.2316e-17
9057.750 2.7394e-17
9059.275 2.4726e-17
9060.800 2.5652e-17
9062.325 2.7034e-17
9063.850 3.0545e-17
9065.375 3.8532e-17
9066.900 3.3905e-17
9068.425 2.2271e-17
9069.950 2.132e-17
9071.475 1.9496e-17
9073.000 1.8476e-17
9074.525 2.0072e-17
9076.050 2.0603e-17
9077.575 2.6395e-17
9079.100 2.4723e-17
9080.625 2.2635e-17
9082.150 2.262e-17
9083.675 2.3107e-17
9085.200 2.1486e-17
9086.725 2.1946e-17
9088.250 2.47e-17
9089.775 3.1915e-17
9091.300 2.9862e-17
9092.825 2.9349e-17
9094.350 2.5488e-17
9095.875 2.3153e-17
9097.400 2.6102e-17
9098.925 2.3205e-17
9100.450 2.4875e-17
9101.975 3.5406e-17
9103.500 3.1687e-17
9105.025 2.3701e-17
9106.550 2.5974e-17
9108.075 2.2871e-17
9109.600 1.5603e-17
9111.125 2.2723e-17
9112.650 2.8834e-17
9114.175 2.9958e-17
9115.700 2.6168e-17
9117.225 2.3405e-17
9118.750 2.7537e-17
9120.275 2.9022e-17
9121.800 3.3749e-17
9123.325 3.0475e-17
9124.850 3.1482e-17
9126.375 3.0344e-17
9127.900 2.2081e-17
9129.425 2.4004e-17
9130.950 2.4901e-17
9132.475 2.0873e-17
9134.000 1.8229e-17
9135.525 1.7338e-17
9137.050 1.8904e-17
9138.575 2.3301e-17
9140.100 2.6559e-17
9141.625 2.6424e-17
9143.150 2.6864e-17
9144.675 3.2749e-17
9146.200 3.2686e-17
9147.725 2.9899e-17
9149.250 3.4275e-17
9150.775 3.1126e-17
9152.300 2.2441e-17
9153.825 2.1202e-17
9155.350 2.2784e-17
9156.875 1.9791e-17
9158.400 1.9205e-17
9159.925 2.7576e-17
9161.450 3.2439e-17
9162.975 3.163e-17
9164.500 3.1484e-17
9166.025 3.2007e-17
9167.550 3.1128e-17
9169.075 3.0419e-17
9170.600 2.7476e-17
9172.125 3.1368e-17
9173.650 3.5093e-17
9175.175 3.1552e-17
9176.700 2.6147e-17
9178.225 2.6548e-17
9179.750 3.1265e-17
9181.275 2.965e-17
9182.800 2.491e-17
9184.325 2.3583e-17
9185.850 2.2536e-17
9187.375 2.5952e-17
9188.900 2.9983e-17
9190.425 3.5174e-17
9191.950 3.2931e-17
9193.475 2.7071e-17
9195.000 2.4975e-17
9196.525 1.9485e-17
9198.050 2.3017e-17
9199.575 3.5598e-17
9201.100 3.9684e-17
9202.625 2.81e-17
9204.150 2.0987e-17
9205.675 2.1672e-17
9207.200 2.3588e-17
9208.725 3.2243e-17
9210.250 2.8475e-17
9211.775 2.6125e-17
9213.300 2.6487e-17
9214.825 2.3294e-17
9216.350 1.843e-17
9217.875 1.8198e-17
9219.400 1.711e-17
9220.925 1.8835e-17
9222.450 2.2679e-17
9223.975 3.1429e-17
9225.500 3.3604e-17
9227.025 3.0325e-17
9228.550 2.9587e-17
9230.075 2.9443e-17
9231.600 2.7585e-17
9233.125 2.7585e-17
9234.650 2.4278e-17
9236.175 2.4054e-17
9237.700 2.3331e-17
9239.225 3.0505e-17
9240.750 3.9907e-17
9242.275 3.1339e-17
9243.800 2.2754e-17
9245.325 2.014e-17
9246.850 2.4164e-17
9248.375 2.6087e-17
9249.900 1.9546e-17
9251.425 2.2812e-17
9252.950 3.2114e-17
9254.475 3.389e-17
9256.000 2.8173e-17
9257.525 2.1572e-17
9259.050 2.2734e-17
9260.575 2.9109e-17
9262.100 2.7341e-17
9263.625 2.7508e-17
9265.150 3.2006e-17
9266.675 2.7643e-17
9268.200 3.0009e-17
9269.725 3.4742e-17
9271.250 3.2163e-17
9272.775 2.9459e-17
9274.300 2.4998e-17
9275.825 2.3247e-17
9277.350 2.4339e-17
9278.875 2.0183e-17
9280.400 1.9491e-17
9281.925 2.0198e-17
9283.450 2.34e-17
9284.975 2.9144e-17
9286.500 2.8506e-17
9288.025 2.9384e-17
9289.550 2.9575e-17
9291.075 2.9564e-17
9292.600 3.3615e-17
9294.125 2.8311e-17
9295.650 1.9112e-17
9297.175 2.1102e-17
9298.700 2.1125e-17
9300.225 2.3273e-17
9301.750 2.0904e-17
9303.275 1.5672e-17
9304.800 2.2527e-17
9306.325 3.2948e-17
9307.850 2.3078e-17
9309.375 2.5134e-17
9310.900 3.826e-17
9312.425 4.4632e-17
9313.950 4.5748e-17
9315.475 2.7997e-17
9317.000 8.5869e-19
9318.525 4.9402e-18
9320.050 1.5245e-17
9321.575 4.4877e-17
9323.100 5.1836e-17
9324.625 2.5747e-17
9326.150 1.3297e-17
9327.675 1.3062e-17
9329.200 1.0736e-17
9330.725 1.2447e-17
9332.250 2.257e-17
9333.775 2.4041e-17
9335.300 2.3338e-17
9336.825 1.8086e-17
9338.350 1.5636e-17
9339.875 1.8839e-17
9341.400 1.9975e-17
9342.925 1.9736e-17
9344.450 1.0789e-17
9345.975 5.288e-18
9347.500 1.837e-17
9349.025 2.7087e-17
9350.550 2.194e-17
9352.075 1.4529e-17
9353.600 1.3811e-17
9355.125 1.9852e-17
9356.650 1.9664e-17
9358.175 1.5158e-17
9359.700 1.9992e-17
9361.225 2.5806e-17
9362.750 2.3253e-17
9364.275 1.6292e-17
9365.800 1.2684e-17
9367.325 1.4346e-17
9368.850 1.0899e-17
9370.375 2.4034e-18
9371.900 1.3132e-17
9373.425 4.1971e-17
9374.950 4.0792e-17
9376.475 1.5742e-17
9378.000 2.4526e-18
9379.525 -1.8966e-17
9381.050 -2.176e-17
9382.575 8.7152e-18
9384.100 2.1886e-17
9385.625 2.0117e-17
9387.150 2.0152e-17
9388.675 2.6076e-17
9390.200 2.834e-17
9391.725 3.1561e-17
9393.250 3.5606e-17
9394.775 3.113e-17
9396.300 2.0933e-17
9397.825 2.0263e-17
9399.350 2.0551e-17
9400.875 1.8531e-17
9402.400 3.5772e-17
9403.925 3.9293e-17
9405.450 1.8695e-17
9406.975 1.8874e-17
9408.500 2.415e-17
9410.025 2.4148e-17
9411.550 2.1754e-17
9413.075 3.0331e-17
9414.600 2.6103e-17
9416.125 1.7719e-17
9417.650 2.5827e-17
9419.175 4.3934e-17
9420.700 4.8519e-17
9422.225 3.359e-17
9423.750 4.3904e-18
9425.275 5.9826e-18
9426.800 1.2258e-17
9428.325 1.1589e-17
9429.850 1.076e-17
9431.375 2.142e-17
9432.900 2.9411e-17
9434.425 2.5133e-17
9435.950 4.358e-17
9437.475 6.4306e-17
9439.000 5.5146e-17
9440.525 2.2741e-17
9442.050 1.3712e-17
9443.575 9.0921e-18
9445.100 9.5403e-18
9446.625 2.9649e-17
9448.150 3.3404e-17
9449.675 2.9209e-17
9451.200 2.8393e-17
9452.725 2.5512e-17
9454.250 1.437e-17
9455.775 2.6777e-17
9457.300 3.28e-17
9458.825 2.1227e-17
9460.350 1.6326e-17
9461.875 7.8825e-18
9463.400 7.0175e-18
9464.925 2.4429e-17
9466.450 3.4572e-17
9467.975 3.2687e-17
9469.500 3.0774e-17
9471.025 2.8236e-17
9472.550 2.8852e-17
9474.075 3.64e-17
9475.600 3.6218e-17
9477.125 3.8072e-17
9478.650 3.1804e-17
9480.175 5.0571e-18
9481.700 5.393e-18
9483.225 1.8204e-17
9484.750 2.084e-17
9486.275 2.6629e-17
9487.800 2.7257e-17
9489.325 2.4652e-17
9490.850 2.3246e-17
9492.375 2.0188e-17
9493.900 1.6076e-17
9495.425 1.8802e-17
9496.950 2.2497e-17
9498.475 3.2025e-17
9500.000 3.8565e-17
9501.525 2.6581e-17
9503.050 3.3416e-17
9504.575 4.3314e-17
9506.100 2.0681e-17
9507.625 9.9928e-18
9509.150 2.4714e-17
9510.675 3.4299e-17
9512.200 3.2566e-17
9513.725 2.6218e-17
9515.250 2.2814e-17
9516.775 3.0316e-17
9518.300 3.202e-17
9519.825 3.0166e-17
9521.350 2.2554e-17
9522.875 9.9999e-18
9524.400 1.4563e-17
9525.925 1.8948e-17
9527.450 1.377e-17
9528.975 4.9297e-18
9530.500 1.768e-17
9532.025 2.515e-17
9533.550 2.1189e-17
9535.075 2.0209e-17
9536.600 2.1929e-17
9538.125 2.5029e-17
9539.650 3.0009e-17
9541.175 2.854e-17
9542.700 2.0537e-17
9544.225 1.7538e-17
9545.750 2.0268e-17
9547.275 1.9944e-17
9548.800 2.412e-17
9550.325 4.2161e-17
9551.850 5.8591e-17
9553.375 5.1382e-17
9554.900 2.7296e-17
9556.425 1.1131e-17
9557.950 7.4128e-18
9559.475 1.7474e-17
9561.000 2.3623e-17
9562.525 1.2681e-17
9564.050 2.7672e-17
9565.575 2.9558e-17
9567.100 8.3851e-18
9568.625 5.2863e-18
9570.150 2.9558e-18
9571.675 -3.3995e-18
9573.200 1.1552e-17
9574.725 2.2737e-17
9576.250 1.7421e-17
9577.775 1.5623e-17
9579.300 2.3741e-17
9580.825 2.6678e-17
9582.350 2.1206e-17
9583.875 2.0856e-17
9585.400 1.7976e-17
9586.925 1.4179e-17
9588.450 1.7509e-17
9589.975 2.2317e-17
9591.500 2.1988e-17
9593.025 2.2766e-17
9594.550 2.4936e-17
9596.075 2.6127e-17
9597.600 2.8034e-17
9599.125 2.0035e-17
9600.650 1.5243e-17
9602.175 2.0838e-17
9603.700 2.3019e-17
9605.225 2.7988e-17
9606.750 3.1037e-17
9608.275 2.3776e-17
9609.800 2.0811e-17
9611.325 2.2197e-17
9612.850 2.7725e-17
9614.375 2.8036e-17
9615.900 2.7519e-17
9617.425 3.1794e-17
9618.950 2.9313e-17
9620.475 2.6817e-17
9622.000 3.1621e-17
9623.525 3.1397e-17
9625.050 2.5324e-17
9626.575 2.715e-17
9628.100 2.6551e-17
9629.625 2.408e-17
9631.150 1.9264e-17
9632.675 2.0744e-17
9634.200 1.6798e-17
9635.725 2.8758e-17
9637.250 2.5525e-17
9638.775 1.8088e-17
9640.300 2.3335e-17
9641.825 2.6583e-17
9643.350 3.0064e-17
9644.875 2.9435e-17
9646.400 2.4676e-17
9647.925 2.0526e-17
9649.450 2.3111e-17
9650.975 2.7251e-17
9652.500 2.6524e-17
9654.025 1.4598e-17
9655.550 9.8355e-18
9657.075 2.165e-17
9658.600 2.0011e-17
9660.125 1.4246e-17
9661.650 1.828e-17
9663.175 2.2593e-17
9664.700 2.9225e-17
9666.225 3.4142e-17
9667.750 3.9437e-17
9669.275 3.5125e-17
9670.800 2.6787e-17
9672.325 2.4938e-17
9673.850 2.3906e-17
9675.375 2.6783e-17
9676.900 3.3922e-17
9678.425 4.2192e-17
9679.950 4.3943e-17
9681.475 2.7179e-17
9683.000 1.4358e-17
9684.525 2.6794e-17
9686.050 3.2012e-17
9687.575 3.2712e-17
9689.100 3.2804e-17
9690.625 2.5932e-17
9692.150 3.0163e-17
9693.675 2.5954e-17
9695.200 1.782e-17
9696.725 3.4622e-17
9698.250 4.693e-17
9699.775 3.9313e-17
9701.300 3.4015e-17
9702.825 2.3604e-17
9704.350 1.4905e-17
9705.875 2.3672e-17
9707.400 3.788e-17
9708.925 3.8827e-17
9710.450 4.2147e-17
9711.975 4.7909e-17
9713.500 2.8301e-17
9715.025 2.3147e-17
9716.550 3.384e-17
9718.075 4.3415e-17
9719.600 3.9609e-17
9721.125 3.4126e-17
9722.650 1.6319e-17
9724.175 1.3862e-17
9725.700 2.1065e-17
9727.225 2.2352e-17
9728.750 2.8337e-17
9730.275 3.2115e-17
9731.800 3.3631e-17
9733.325 2.2893e-17
9734.850 3.7006e-17
9736.375 3.1561e-17
9737.900 1.2186e-17
9739.425 4.0625e-17
9740.950 5.7676e-17
9742.475 3.8826e-17
9744.000 2.7536e-17
9745.525 2.9824e-17
9747.050 2.8601e-17
9748.575 3.3638e-17
9750.100 2.8093e-17
9751.625 2.258e-17
9753.150 2.5804e-17
9754.675 2.6281e-17
9756.200 1.7072e-17
9757.725 9.8889e-18
9759.250 9.8048e-18
9760.775 1.1157e-17
9762.300 1.7444e-17
9763.825 3.0718e-17
9765.350 3.238e-17
9766.875 2.6306e-17
9768.400 2.7091e-17
9769.925 2.5226e-17
9771.450 3.3705e-17
9772.975 3.7875e-17
9774.500 3.7236e-17
9776.025 4.282e-17
9777.550 3.2775e-17
9779.075 2.5552e-17
9780.600 2.4621e-17
9782.125 2e-17
9783.650 2.0118e-17
9785.175 2.6141e-17
9786.700 2.7171e-17
9788.225 2.9213e-17
9789.750 2.262e-17
9791.275 2.6529e-17
9792.800 4.2136e-17
9794.325 1.0616e-17
9795.850 -1.5222e-18
9797.375 1.8806e-17
9798.900 1.9943e-17
9800.425 3.1054e-17
9801.950 3.8191e-17
9803.475 2.6004e-17
9805.000 2.3294e-17
9806.525 4.0856e-17
9808.050 5.7703e-17
9809.575 4.6538e-17
9811.100 2.7232e-17
9812.625 2.6077e-17
9814.150 2.9592e-17
9815.675 2.4527e-17
9817.200 2.3355e-17
9818.725 3.0783e-17
9820.250 2.6713e-17
9821.775 2.7415e-17
9823.300 3.5163e-17
9824.825 2.9855e-17
9826.350 2.6447e-17
9827.875 4.3204e-17
9829.400 2.9906e-17
9830.925 1.856e-17
9832.450 2.3126e-17
9833.975 2.9601e-17
9835.500 4.0124e-17
9837.025 3.7057e-17
9838.550 3.2006e-17
9840.075 3.3324e-17
9841.600 2.6717e-17
9843.125 1.2774e-17
9844.650 1.0954e-17
9846.175 5.027e-17
9847.700 6.9539e-17
9849.225 5.0288e-17
9850.750 4.0456e-17
9852.275 3.4923e-17
9853.800 2.8147e-17
9855.325 4.1814e-17
9856.850 4.1076e-17
9858.375 2.4113e-17
9859.900 2.6234e-17
9861.425 3.5501e-17
9862.950 3.5044e-17
9864.475 2.8547e-17
9866.000 3.5079e-17
9867.525 4.0915e-17
9869.050 5.7708e-17
9870.575 7.1478e-17
9872.100 5.234e-17
9873.625 7.5926e-17
9875.150 4.0485e-17
9876.675 2.1083e-17
9878.200 1.2206e-17
9879.725 1.6033e-17
9881.250 2.4722e-17
9882.775 3.7701e-17
9884.300 4.1769e-17
9885.825 3.2562e-17
9887.350 3.8076e-17
9888.875 3.0968e-17
9890.400 3.5058e-17
9891.925 5.0775e-17
9893.450 2.9959e-17
9894.975 1.153e-17
9896.500 2.8455e-17
9898.025 4.1511e-17
9899.550 2.9025e-17
9901.075 1.3482e-17
9902.600 2.2917e-17
9904.125 2.986e-17
9905.650 1.4956e-17
9907.175 1.2085e-17
9908.700 1.3232e-17
9910.225 1.221e-17
9911.750 4.071e-17
9913.275 5.0251e-17
9914.800 1.7129e-17
9916.325 3.8723e-18
9917.850 1.7567e-17
9919.375 2.7958e-17
9920.900 2.1585e-17
9922.425 2.0971e-17
9923.950 3.2291e-17
9925.475 2.7264e-17
9927.000 1.8668e-17
9928.525 2.7733e-17
9930.050 4.9379e-17
9931.575 4.6762e-17
9933.100 3.142e-17
9934.625 4.5469e-17
9936.150 4.7184e-17
9937.675 2.8271e-17
9939.200 3.9167e-17
9940.725 6.2501e-17
9942.250 4.8513e-17
9943.775 2.2692e-17
9945.300 1.3286e-17
9946.825 2.6535e-17
9948.350 2.2696e-17
9949.875 3.6384e-17
9951.400 2.8944e-17
9952.925 3.7246e-17
9954.450 4.7744e-17
9955.975 3.0034e-17
9957.500 5.0867e-17
9959.025 6.8273e-17
9960.550 3.233e-17
9962.075 3.3282e-17
9963.600 3.7823e-17
9965.125 2.7218e-17
9966.650 1.9298e-17
9968.175 3.8906e-17
9969.700 4.3109e-17
9971.225 2.8485e-17
9972.750 3.8516e-17
9974.275 4.0947e-17
9975.800 2.0411e-17
9977.325 2.5342e-17
9978.850 4.2774e-17
9980.375 3.5424e-17
9981.900 2.4874e-17
9983.425 1.7604e-17
9984.950 2.6816e-17
9986.475 3.4207e-17
9988.000 3.177e-17
9989.525 2.5874e-17
9991.050 3.1473e-17
9992.575 3.7277e-17
9994.100 5.4218e-17
9995.625 7.5079e-17
9997.150 8.0711e-17
9998.675 8.2515e-17
10000.200 5.9351e-17
10001.725 3.0356e-17
10003.250 1.6755e-17
10004.775 2.3356e-17
10006.300 2.3802e-17
10007.825 1.7558e-17
10009.350 3.206e-17
10010.875 7.8275e-17
10012.400 6.4705e-17
10013.925 2.7137e-17
10015.450 1.1005e-17
10016.975 1.9688e-17
10018.500 2.5045e-17
10020.025 1.7348e-17
10021.550 3.5201e-17
10023.075 4.1194e-17
10024.600 8.6079e-18
10026.125 1.8844e-17
10027.650 6.0308e-17
10029.175 4.1464e-17
10030.700 1.5629e-17
10032.225 1.7259e-17
10033.750 1.3611e-17
10035.275 2.0552e-17
10036.800 3.4707e-17
10038.325 2.7281e-17
10039.850 2.841e-17
10041.375 6.3685e-17
10042.900 7.1908e-17
10044.425 3.6101e-17
10045.950 1.9844e-17
10047.475 1.7788e-17
10049.000 1.9666e-17
10050.525 2.7259e-17
10052.050 4.2424e-17
10053.575 3.8017e-17
10055.100 2.3042e-17
10056.625 4.0866e-17
10058.150 4.1707e-17
10059.675 2.2834e-17
10061.200 2.4403e-17
10062.725 3.8458e-17
10064.250 3.0912e-17
10065.775 2.2529e-17
10067.300 1.5552e-17
10068.825 -2.4829e-19
10070.350 -1.1485e-18
10071.875 1.4833e-17
10073.400 4.2655e-17
10074.925 3.0006e-17
10076.450 2.4039e-17
10077.975 1.9199e-17
10079.500 1.8853e-17
10081.025 6.0369e-17
10082.550 5.8885e-17
10084.075 6.9465e-17
10085.600 6.4851e-17
10087.125 2.7076e-17
10088.650 3.2116e-17
10090.175 1.3264e-17
10091.700 1.3931e-17
10093.225 2.8761e-17
10094.750 2.6425e-17
10096.275 5.3186e-17
10097.800 6.2233e-17
10099.325 3.7271e-17
10100.850 2.9424e-17
10102.375 1.665e-17
10103.900 2.0401e-17
10105.425 1.6098e-17
10106.950 2.686e-17
10108.475 2.4321e-17
10110.000 8.5095e-18
10111.525 1.4985e-17
10113.050 1.2963e-17
10114.575 1.1921e-17
10116.100 4.488e-17
10117.625 6.2414e-17
10119.150 4.7378e-17
10120.675 3.8034e-17
10122.200 7.0741e-17
10123.725 9.4189e-17
10125.250 6.3852e-17
10126.775 3.3906e-17
10128.300 3.0253e-17
10129.825 2.736e-17
10131.350 1.431e-17
10132.875 1.751e-17
10134.400 3.877e-17
10135.925 3.9176e-17
10137.450 2.6272e-17
10138.975 2.6289e-17
10140.500 3.0885e-17
10142.025 9.9899e-18
10143.550 -1.5e-17
10145.075 7.4783e-18
10146.600 4.5186e-17
10148.125 3.5939e-17
10149.650 5.459e-19
10151.175 1.1719e-17
10152.700 2.7646e-17
10154.225 2.2925e-17
10155.750 2.7786e-17
10157.275 7.487e-18
10158.800 6.0303e-18
10160.325 2.7615e-17
10161.850 1.5908e-17
10163.375 -2.2191e-17
10164.900 2.3243e-17
10166.425 3.8529e-17
10167.950 6.1376e-17
10169.475 1.1439e-16
10171.000 7.5727e-17
10172.525 7.7041e-17
10174.050 3.1645e-17
10175.575 -2.8689e-17
10177.100 5.0518e-18
10178.625 1.0358e-17
10180.150 -8.9713e-18
10181.675 -1.4715e-17
10183.200 -7.2779e-19
10184.725 6.9757e-17
10186.250 9.6788e-17
10187.775 3.4235e-18
10189.300 2.0028e-18
10190.825 6.2872e-17
10192.350 6.1581e-17
10193.875 -9.9274e-18
10195.400 -1.9644e-17
10196.925 2.2973e-18
10198.450 1.4558e-17
10199.975 -3.3699e-18
10201.500 1.2901e-17
10203.025 8.1836e-17
10204.550 7.7887e-17
10206.075 5.8545e-17
10207.600 7.9356e-17
10209.125 7.8834e-17
10210.650 2.5618e-17
10212.175 -1.4678e-17
10213.700 -3.8058e-17
10215.225 3.0611e-18
10216.750 9.5204e-18
10218.275 3.856e-18
10219.800 2.204e-17
10221.325 3.1359e-17
10222.850 3.6558e-17
10224.375 7.6076e-17
10225.900 4.0037e-17
10227.425 3.7822e-19
10228.950 3.5697e-17
10230.475 5.1584e-17
10232.000 1.5688e-17
10233.525 1.8499e-17
10235.050 5.1489e-17
10236.575 6.3479e-17
10238.100 4.488e-17
10239.625 2.4488e-17
10241.150 7.9221e-18
10242.675 -1.5361e-17
10244.200 -1.0487e-17
10245.725 5.4011e-18
10247.250 7.0937e-18
10248.775 3.9756e-17
10250.300 4.9952e-17
10251.825 3.558e-17
10253.350 3.3035e-17
10254.875 2.7468e-17
10256.400 3.6359e-17
10257.925 5.8026e-17
10259.450 3.7225e-17
10260.975 1.0232e-17
10262.500 4.3628e-17
10264.025 4.1122e-17
10265.550 -2.5416e-17
10267.075 -3.2392e-17
10268.600 6.165e-18
10270.125 5.9868e-17
10271.650 1.0359e-16
10273.175 6.8524e-17
10274.700 4.6326e-17
10276.225 6.1447e-17
10277.750 6.4942e-17
10279.275 6.3145e-17
10280.800 1.5184e-17
10282.325 -3.8364e-17
10283.850 -6.1098e-17
10285.375 -6.644e-17
10286.900 -5.5783e-17
10288.425 -2.279e-17
10289.950 -4.1318e-17
10291.475 -8.4231e-17
10293.000 -2.8929e-17
10294.525 8.5721e-18
10296.050 5.1576e-17
10297.575 7.6696e-17
10299.100 2.5029e-17
10300.625 1.0013e-17
10302.150 9.9369e-17
10303.675 8.6352e-17
10305.200 2.4835e-17
10306.725 2.6503e-17
10308.250 -1.063e-17
10309.775 -1.4266e-17
10311.300 -2.1215e-17
10312.825 2.9335e-17
10314.350 -5.0335e-18
10315.875 -6.3054e-17
10317.400 -5.4133e-17
10318.925 -4.3337e-17
10320.450 2.2507e-17
10321.975 1.1767e-17
10323.500 -2.8236e-17
10325.025 6.3506e-17
10326.550 8.614e-17
10328.075 4.4646e-18
10329.600 -7.131e-18
10331.125 -1.6253e-17
10332.650 2.9446e-17
10334.175 6.6392e-17
10335.700 7.2432e-17
10337.225 1.5131e-17
10338.750 4.2582e-19
10340.275 9.0362e-17
10341.800 6.2209e-17
10343.325 6.3837e-18
10344.850 2.2357e-17
10346.375 3.1845e-17
10347.900 7.4565e-17
10349.425 1.8009e-17
10350.950 -5.813e-17
10352.475 -8.9064e-18
10354.000 3.5374e-17
10355.525 1.7473e-17
10357.050 3.9975e-17
10358.575 8.2988e-17
10360.100 4.2402e-17
10361.625 5.8118e-18
10363.150 -9.957e-18
10364.675 -1.7347e-17
10366.200 8.5267e-18
10367.725 2.1734e-18
10369.250 -3.7243e-17
10370.775 -6.9109e-17
10372.300 3.6657e-17
10373.825 1.3133e-16
10375.350 7.6484e-17
10376.875 7.2933e-17
10378.400 4.5104e-17
10379.925 3.7006e-17
10381.450 1.0423e-16
10382.975 1.3144e-16
10384.500 8.3149e-17
10386.025 1.5362e-17
10387.550 -1.9448e-17
10389.075 -7.8904e-18
10390.600 6.7457e-17
10392.125 1.0482e-16
10393.650 1.2318e-16
10395.175 6.4553e-17
10396.700 -6.283e-18
10398.225 5.6913e-17
10399.750 2.2567e-17
10401.275 -9.0054e-17
10402.800 -4.9682e-17
10404.325 3.8689e-17
10405.850 9.7215e-17
10407.375 7.1981e-17
10408.900 4.5562e-17
10410.425 1.0194e-16
10411.950 4.2123e-17
10413.475 -6.8729e-18
10415.000 -1.8256e-17
10416.525 -4.3882e-17
10418.050 -4.6726e-17
10419.575 7.041e-18
10421.100 2.0907e-17
10422.625 -1.6618e-17
10424.150 -7.8014e-17
10425.675 -2.2501e-17
10427.200 5.0856e-17
10428.725 -1.256e-17
10430.250 -2.3762e-17
10431.775 -2.247e-17
10433.300 -5.1332e-17
10434.825 1.2209e-17
10436.350 6.2839e-17
10437.875 5.9335e-17
10439.400 -1.5725e-17
10440.925 -6.8522e-17
10442.450 -9.5695e-20
10443.975 4.8397e-18
10445.500 -3.3046e-17
10447.025 -3.223e-17
10448.550 -6.7843e-17
10450.075 2.55e-17
10451.600 8.1403e-17
10453.125 3.0281e-17
10454.650 -3.5556e-17
10456.175 -1.5348e-17
10457.700 3.0842e-17
10459.225 -2.9245e-17
10460.750 -5.0213e-17
10462.275 3.8444e-17
10463.800 6.2485e-17
10465.325 8.6914e-17
10466.850 7.2306e-17
10468.375 5.1216e-17
10469.900 -1.6436e-17
10471.425 -6.3056e-17
10472.950 -2.4458e-17
10474.475 6.387e-17
10476.000 4.9376e-17
10477.525 7.467e-17
10479.050 1.6789e-17
10480.575 -8.4908e-17
10482.100 -7.2672e-17
10483.625 7.1331e-17
10485.150 1.2577e-16
10486.675 6.7712e-17
10488.200 1.0293e-17
10489.725 -1.2307e-17
10491.250 -2.7729e-17
10492.775 -1.1974e-17
10494.300 8.603e-19
10495.825 -7.545e-18
10497.350 1.1502e-17
10498.875 1.829e-17
10500.400 1.1445e-17
