3400.0 2.8611e-16
3401.534163 8.656e-16
3403.068326 7.4118e-16
3404.602489 3.0926e-16
3406.136652 5.1867e-16
3407.670815 5.1368e-16
3409.204978 2.8804e-16
3410.739141 6.8271e-16
3412.273304 9.5402e-16
3413.807467 -5.5416e-18
3415.34163 6.7763e-16
3416.875793 7.0619e-16
3418.409956 1.7655e-16
3419.944119 6.5801e-16
3421.478282 9.0507e-16
3423.012445 7.7026e-16
3424.546608 4.227e-16
3426.080771 -2.7362e-16
3427.614934 5.0651e-16
3429.149097 6.4572e-16
3430.68326 4.6265e-16
3432.217423 7.6355e-16
3433.751586 1.2073e-16
3435.285749 -7.554e-17
3436.819912 1.3041e-16
3438.354075 2.8703e-16
3439.888238 5.0122e-16
3441.422401 6.7405e-18
3442.956564 8.4892e-16
3444.490727 9.5611e-16
3446.02489 8.7016e-16
3447.559053 1.2287e-15
3449.093216 1.6835e-16
3450.627379 2.509e-16
3452.161542 9.6639e-17
3453.695705 3.0814e-16
3455.229868 4.2321e-16
3456.764031 8.1592e-16
3458.298194 6.827e-16
3459.832357 2.3442e-16
3461.36652 1.1878e-16
3462.900683 6.0224e-16
3464.434846 3.5519e-16
3465.969009 -2.2374e-16
3467.503172 6.9708e-17
3469.037335 7.1928e-16
3470.571498 1.1783e-16
3472.105661 1.6315e-16
3473.639824 8.1468e-16
3475.173987 7.9196e-16
3476.70815 8.9228e-16
3478.242313 8.9668e-16
3479.776476 7.972e-16
3481.310639 7.5233e-16
3482.844802 -3.0591e-16
3484.378965 -1.9046e-16
3485.913128 2.2086e-16
3487.447291 5.7419e-16
3488.981454 6.8232e-16
3490.515617 4.1863e-16
3492.04978 4.1724e-16
3493.583943 3.024e-16
3495.118106 3.7221e-16
3496.652269 1.1541e-16
3498.186432 9.9147e-17
3499.720595 4.7205e-16
3501.254758 4.4661e-16
3502.788921 4.2495e-16
3504.323084 1.4129e-16
3505.857247 2.5932e-16
3507.39141 -2.386e-17
3508.925573 1.6158e-16
3510.459736 2.0636e-16
3511.993899 1.6672e-16
3513.528062 8.0329e-16
3515.062225 6.3433e-16
3516.596388 5.6684e-16
3518.130551 4.3045e-16
3519.664714 5.017e-16
3521.198877 2.1525e-16
3522.73304 6.938e-16
3524.267203 4.9325e-17
3525.801366 3.07e-16
3527.335529 4.9712e-16
3528.869692 1.5987e-16
3530.403855 -2.5899e-17
3531.938018 2.5903e-16
3533.472181 4.4385e-16
3535.006344 5.3285e-17
3536.540507 1.3904e-16
3538.07467 2.6905e-16
3539.608833 6.8856e-16
3541.142996 4.9087e-16
3542.677159 7.6977e-16
3544.211322 6.5332e-16
3545.745485 8.7509e-16
3547.279648 3.0599e-16
3548.813811 5.898e-16
3550.347974 1.684e-16
3551.882137 -2.6701e-16
3553.4163 3.9516e-16
3554.950463 7.7989e-16
3556.484626 4.501e-17
3558.018789 3.0962e-16
3559.552952 3.2303e-16
3561.087115 3.777e-16
3562.621278 3.7524e-16
3564.155441 2.0285e-16
3565.689604 4.0399e-16
3567.223767 7.0333e-16
3568.75793 8.7977e-16
3570.292093 4.3008e-16
3571.826256 1.2801e-16
3573.360419 3.4939e-16
3574.894582 1.2864e-16
3576.428745 2.8812e-16
3577.962908 5.318e-16
3579.497071 2.3046e-16
3581.031234 3.8491e-16
3582.565397 5.2573e-16
3584.09956 -4.3358e-17
3585.633723 -9.2474e-17
3587.167886 6.4155e-16
3588.702049 4.7983e-16
3590.236212 5.1319e-16
3591.770375 5.3282e-16
3593.304538 4.9867e-16
3594.838701 6.7592e-16
3596.372864 1.7637e-16
3597.907027 3.2429e-16
3599.44119 -1.3981e-17
3600.975353 4.9631e-17
3602.509516 1.2208e-16
3604.043679 2.2515e-16
3605.577842 2.9671e-16
3607.112005 1.4945e-16
3608.646168 1.626e-16
3610.180331 2.7439e-16
3611.714494 3.4005e-16
3613.248657 2.5957e-16
3614.78282 3.9709e-16
3616.316983 3.105e-16
3617.851146 9.0106e-16
3619.385309 5.699e-16
3620.919472 6.4463e-16
3622.453635 5.9114e-16
3623.987798 7.2345e-16
3625.521961 5.3485e-16
3627.056124 9.2097e-17
3628.590287 1.7207e-16
3630.12445 4.5089e-16
3631.658613 4.6755e-16
3633.192776 2.5569e-16
3634.726939 4.6849e-16
3636.261102 6.0452e-16
3637.795265 1.5775e-17
3639.329428 2.7775e-16
3640.863591 6.0612e-16
3642.397754 4.1969e-16
3643.931917 3.6839e-16
3645.46608 3.6365e-16
3647.000243 3.4454e-16
3648.534406 4.9878e-16
3650.068569 6.4002e-16
3651.602732 3.3775e-16
3653.136895 4.7532e-16
3654.671058 4.6714e-16
3656.205221 4.5983e-16
3657.739384 2.9047e-16
3659.273547 4.5651e-16
3660.80771 3.8259e-16
3662.341873 4.3279e-16
3663.876036 3.5125e-16
3665.410199 9.909e-18
3666.944362 1.3056e-16
3668.478525 4.072e-16
3670.012688 5.1464e-16
3671.546851 1.1196e-16
3673.081014 2.0767e-16
3674.615177 6.1257e-16
3676.14934 2.6727e-16
3677.683503 1.2786e-16
3679.217666 3.2224e-17
3680.751829 1.4535e-16
3682.285992 -4.2167e-18
3683.820155 1.997e-16
3685.354318 4.5112e-16
3686.888481 4.6424e-16
3688.422644 4.1174e-16
3689.956807 3.3144e-16
3691.49097 4.1779e-16
3693.025133 4.55e-16
3694.559296 3.4001e-16
3696.093459 4.1757e-16
3697.627622 2.5101e-16
3699.161785 1.1922e-16
3700.695948 1.5542e-16
3702.230111 5.1954e-16
3703.764274 5.3903e-16
3705.298437 3.3246e-16
3706.8326 1.1766e-16
3708.366763 1.8991e-16
3709.900926 4.5963e-16
3711.435089 3.243e-16
3712.969252 3.3398e-16
3714.503415 2.3332e-16
3716.037578 1.3722e-16
3717.571741 2.4349e-16
3719.105904 1.783e-16
3720.640067 2.9947e-16
3722.17423 2.4308e-16
3723.708393 -3.4519e-17
3725.242556 3.0954e-16
3726.776719 2.6886e-16
3728.310882 2.1564e-16
3729.845045 2.6758e-16
3731.379208 2.6028e-16
3732.913371 3.2751e-16
3734.447534 6.5779e-16
3735.981697 2.8787e-16
3737.51586 3.6386e-16
3739.050023 3.538e-16
3740.584186 3.2857e-16
3742.118349 1.6748e-16
3743.652512 1.7456e-16
3745.186675 3.2486e-16
3746.720838 3.8384e-16
3748.255001 1.488e-16
3749.789164 2.6389e-16
3751.323327 2.9044e-16
3752.85749 2.9618e-16
3754.391653 3.5364e-16
3755.925816 6.7665e-16
3757.459979 4.2254e-16
3758.994142 2.3542e-16
3760.528305 2.3545e-16
3762.062468 1.9251e-16
3763.596631 9.3752e-17
3765.130794 8.5274e-17
3766.664957 1.5329e-16
3768.19912 3.0454e-16
3769.733283 3.3502e-16
3771.267446 1.4481e-16
3772.801609 1.6068e-16
3774.335772 1.4227e-16
3775.869935 6.3092e-17
3777.404098 3.9519e-16
3778.938261 2.7333e-16
3780.472424 7.1279e-17
3782.006587 2.1246e-16
3783.54075 4.1851e-16
3785.074913 2.6306e-16
3786.609076 1.175e-16
3788.143239 2.1051e-16
3789.677402 3.2227e-16
3791.211565 1.692e-16
3792.745728 3.1741e-16
3794.279891 6.5217e-16
3795.814054 4.3062e-16
3797.348217 3.705e-16
3798.88238 5.5509e-16
3800.416543 4.0549e-16
3801.950706 3.1711e-16
3803.484869 2.2535e-16
3805.019032 4.4873e-16
3806.553195 3.3132e-16
3808.087358 2.9035e-16
3809.621521 1.7148e-16
3811.155684 2.0688e-16
3812.689847 4.1432e-16
3814.22401 2.9033e-16
3815.758173 1.7919e-16
3817.292336 1.7588e-16
3818.826499 2.526e-16
3820.360662 2.7579e-16
3821.894825 2.9719e-16
3823.428988 2.6951e-16
3824.963151 1.3351e-16
3826.497314 4.3521e-16
3828.031477 2.5639e-16
3829.56564 2.1918e-16
3831.099803 2.7305e-16
3832.633966 4.7403e-16
3834.168129 6.7565e-16
3835.702292 5.1943e-16
3837.236455 3.9547e-16
3838.770618 3.6178e-16
3840.304781 2.2182e-16
3841.838944 4.3251e-16
3843.373107 2.9464e-16
3844.90727 2.8995e-16
3846.441433 3.1473e-16
3847.975596 1.1924e-16
3849.509759 2.001e-16
3851.043922 2.8254e-16
3852.578085 2.169e-16
3854.112248 2.5837e-16
3855.646411 2.8183e-16
3857.180574 3.977e-16
3858.714737 4.261e-16
3860.2489 3.2529e-16
3861.783063 3.242e-16
3863.317226 2.5291e-16
3864.851389 2.7709e-16
3866.385552 3.0865e-16
3867.919715 3.0491e-16
3869.453878 2.2414e-16
3870.988041 3.7854e-16
3872.522204 2.6498e-16
3874.056367 8.8279e-17
3875.59053 1.8013e-16
3877.124693 1.9174e-16
3878.658856 4.2055e-16
3880.193019 2.6625e-16
3881.727182 2.5639e-16
3883.261345 4.2854e-16
3884.795508 2.8624e-16
3886.329671 2.9616e-16
3887.863834 2.7906e-16
3889.397997 3.5191e-16
3890.93216 3.4804e-16
3892.466323 3.7648e-16
3894.000486 3.6408e-16
3895.534649 3.7405e-16
3897.068812 2.3754e-16
3898.602975 1.3108e-16
3900.137138 3.1197e-16
3901.671301 4.8945e-16
3903.205464 3.1283e-16
3904.739627 1.5612e-16
3906.27379 3.3272e-16
3907.807953 2.3132e-16
3909.342116 2.5804e-16
3910.876279 3.9555e-16
3912.410442 3.156e-16
3913.944605 3.8424e-16
3915.478768 4.4293e-16
3917.012931 3.2346e-16
3918.547094 3.1702e-16
3920.081257 3.3707e-16
3921.61542 1.0219e-16
3923.149583 8.1947e-17
3924.683746 2.9627e-16
3926.217909 3.5823e-16
3927.752072 4.5656e-16
3929.286235 3.6195e-16
3930.820398 3.0683e-16
3932.354561 1.9945e-16
3933.888724 2.2868e-16
3935.422887 2.4468e-16
3936.95705 3.3867e-16
3938.491213 4.3664e-16
3940.025376 4.7767e-16
3941.559539 4.1171e-16
3943.093702 1.4282e-16
3944.627865 1.0904e-16
3946.162028 2.5936e-16
3947.696191 3.115e-16
3949.230354 2.3963e-16
3950.764517 3.198e-16
3952.29868 3.7557e-16
3953.832843 3.862e-16
3955.367006 4.8665e-16
3956.901169 4.2435e-16
3958.435332 6.043e-16
3959.969495 5.9031e-16
3961.503658 3.7981e-16
3963.037821 3.1579e-16
3964.571984 5.22e-16
3966.106147 4.8236e-16
3967.64031 4.0908e-16
3969.174473 3.58e-16
3970.708636 1.4232e-16
3972.242799 3.0998e-16
3973.776962 2.057e-16
3975.311125 4.5561e-16
3976.845288 2.924e-16
3978.379451 3.8626e-16
3979.913614 3.9822e-16
3981.447777 2.2114e-16
3982.98194 2.3442e-16
3984.516103 2.4483e-16
3986.050266 3.4399e-16
3987.584429 2.6828e-16
3989.118592 2.3316e-16
3990.652755 1.889e-16
3992.186918 2.043e-16
3993.721081 3.4206e-16
3995.255244 2.4756e-16
3996.789407 4.6173e-16
3998.32357 6.0453e-16
3999.857733 3.2896e-16
4001.391896 4.2662e-16
4002.926059 4.5437e-16
4004.460222 3.6895e-16
4005.994385 3.3043e-16
4007.528548 4.8969e-16
4009.062711 4.0009e-16
4010.596874 4.8145e-16
4012.131037 4.3703e-16
4013.6652 4.8037e-16
4015.199363 5.7558e-16
4016.733526 4.8016e-16
4018.267689 5.3331e-16
4019.801852 3.5841e-16
4021.336015 2.3196e-16
4022.870178 1.2133e-16
4024.404341 2.5621e-16
4025.938504 6.5707e-16
4027.472667 6.5372e-16
4029.00683 6.8712e-16
4030.540993 6.2482e-16
4032.075156 6.0587e-16
4033.609319 6.0685e-16
4035.143482 7.3425e-16
4036.677645 3.8938e-16
4038.211808 2.1656e-16
4039.745971 2.2508e-16
4041.280134 3.8894e-16
4042.814297 5.8862e-16
4044.34846 2.2353e-16
4045.882623 2.2643e-16
4047.416786 7.3574e-17
4048.950949 3.665e-16
4050.485112 4.5202e-16
4052.019275 4.9853e-16
4053.553438 2.9938e-16
4055.087601 4.7775e-16
4056.621764 3.5342e-16
4058.155927 4.037e-16
4059.69009 8.0812e-16
4061.224253 5.5565e-16
4062.758416 3.4718e-16
4064.292579 3.7724e-16
4065.826742 4.4403e-16
4067.360905 3.7528e-16
4068.895068 2.5198e-16
4070.429231 2.2047e-16
4071.963394 3.9068e-16
4073.497557 3.1103e-16
4075.03172 3.5979e-16
4076.565883 2.9548e-16
4078.100046 5.0604e-16
4079.634209 6.4245e-16
4081.168372 5.0358e-16
4082.702535 4.6066e-16
4084.236698 3.8451e-16
4085.770861 4.0441e-16
4087.305024 5.0305e-16
4088.839187 2.8047e-16
4090.37335 3.0391e-16
4091.907513 6.0756e-16
4093.441676 7.2257e-16
4094.975839 6.0882e-16
4096.510002 3.7457e-16
4098.044165 3.4935e-16
4099.578328 3.8136e-16
4101.112491 5.1218e-16
4102.646654 3.8443e-16
4104.180817 2.4483e-16
4105.71498 3.6398e-16
4107.249143 3.4862e-16
4108.783306 3.3846e-16
4110.317469 5.8133e-16
4111.851632 5.2336e-16
4113.385795 3.2013e-16
4114.919958 3.8962e-16
4116.454121 6.4471e-16
4117.988284 6.1419e-16
4119.522447 3.1535e-16
4121.05661 4.2395e-16
4122.590773 2.8777e-16
4124.124936 4.3498e-16
4125.659099 7.4556e-16
4127.193262 5.2161e-16
4128.727425 3.8112e-16
4130.261588 3.0824e-16
4131.795751 5.082e-16
4133.329914 4.2023e-16
4134.864077 4.538e-16
4136.39824 3.7752e-16
4137.932403 1.8042e-16
4139.466566 3.0711e-16
4141.000729 5.8232e-16
4142.534892 3.7133e-16
4144.069055 1.5837e-16
4145.603218 1.9902e-16
4147.137381 3.3649e-16
4148.671544 3.2718e-16
4150.205707 3.4956e-16
4151.73987 3.8745e-16
4153.274033 3.6943e-16
4154.808196 4.6117e-16
4156.342359 3.9218e-16
4157.876522 3.5838e-16
4159.410685 4.206e-16
4160.944848 2.283e-16
4162.479011 3.5772e-16
4164.013174 5.7392e-16
4165.547337 5.0423e-16
4167.0815 4.2841e-16
4168.615663 5.3347e-16
4170.149826 4.3538e-16
4171.683989 3.4476e-16
4173.218152 6.8176e-16
4174.752315 3.7017e-16
4176.286478 3.3926e-16
4177.820641 5.1605e-16
4179.354804 3.5148e-16
4180.888967 5.188e-16
4182.42313 5.0421e-16
4183.957293 5.1547e-16
4185.491456 6.5949e-16
4187.025619 6.0981e-16
4188.559782 4.262e-16
4190.093945 4.2256e-16
4191.628108 2.8464e-16
4193.162271 6.2839e-16
4194.696434 4.9829e-16
4196.230597 3.2155e-16
4197.76476 2.5546e-16
4199.298923 2.8303e-16
4200.833086 1.215e-16
4202.367249 -8.8846e-18
4203.901412 2.2235e-16
4205.435575 2.9421e-16
4206.969738 2.2887e-16
4208.503901 2.8131e-16
4210.038064 3.4984e-16
4211.572227 2.7672e-16
4213.10639 2.3211e-16
4214.640553 3.627e-16
4216.174716 3.6237e-16
4217.708879 2.6327e-16
4219.243042 4.0474e-16
4220.777205 4.6948e-16
4222.311368 3.8181e-16
4223.845531 4.8359e-16
4225.379694 6.0285e-16
4226.913857 5.3892e-16
4228.44802 5.724e-16
4229.982183 7.5653e-16
4231.516346 6.3218e-16
4233.050509 5.9546e-16
4234.584672 5.1884e-16
4236.118835 4.0875e-16
4237.652998 2.7902e-16
4239.187161 5.5483e-16
4240.721324 5.8241e-16
4242.255487 3.8261e-16
4243.78965 3.641e-16
4245.323813 5.7319e-16
4246.857976 5.0749e-16
4248.392139 3.0839e-16
4249.926302 1.6934e-16
4251.460465 5.2113e-16
4252.994628 5.068e-16
4254.528791 4.5715e-16
4256.062954 4.1145e-16
4257.597117 3.777e-16
4259.13128 4.4064e-16
4260.665443 3.9695e-16
4262.199606 4.5446e-16
4263.733769 6.4424e-16
4265.267932 5.4433e-16
4266.802095 4.7322e-16
4268.336258 6.0351e-16
4269.870421 5.9969e-16
4271.404584 5.3262e-16
4272.938747 5.9673e-16
4274.47291 5.889e-16
4276.007073 4.9994e-16
4277.541236 6.5238e-16
4279.075399 4.9996e-16
4280.609562 4.2118e-16
4282.143725 4.9975e-16
4283.677888 2.453e-16
4285.212051 3.1579e-16
4286.746214 2.0717e-16
4288.280377 3.6824e-16
4289.81454 4.0075e-16
4291.348703 4.3497e-16
4292.882866 1.8945e-16
4294.417029 3.0955e-16
4295.951192 4.7921e-16
4297.485355 1.5999e-16
4299.019518 2.9278e-16
4300.553681 4.7162e-16
4302.087844 4.4915e-16
4303.622007 5.0583e-16
4305.15617 5.5727e-16
4306.690333 3.3241e-16
4308.224496 5.2719e-16
4309.758659 7.1259e-16
4311.292822 6.5191e-16
4312.826985 7.5191e-16
4314.361148 6.7427e-16
4315.895311 8.0997e-16
4317.429474 6.0862e-16
4318.963637 5.8374e-16
4320.4978 8.2076e-16
4322.031963 4.1763e-16
4323.566126 4.188e-16
4325.100289 4.0461e-16
4326.634452 4.2235e-16
4328.168615 6.1935e-16
4329.702778 5.283e-16
4331.236941 6.3289e-16
4332.771104 7.3112e-16
4334.305267 7.2877e-16
4335.83943 6.75e-16
4337.373593 6.978e-16
4338.907756 7.5245e-16
4340.441919 7.39e-16
4341.976082 6.5606e-16
4343.510245 3.3174e-16
4345.044408 5.9125e-16
4346.578571 7.1475e-16
4348.112734 6.7814e-16
4349.646897 8.6947e-16
4351.18106 6.8211e-16
4352.715223 5.8189e-16
4354.249386 6.2394e-16
4355.783549 3.4379e-16
4357.317712 5.1862e-16
4358.851875 7.6872e-16
4360.386038 6.7693e-16
4361.920201 7.9763e-16
4363.454364 6.6315e-16
4364.988527 7.7421e-16
4366.52269 6.2087e-16
4368.056853 6.402e-16
4369.591016 3.6333e-16
4371.125179 4.1575e-16
4372.659342 4.7822e-16
4374.193505 1.963e-16
4375.727668 2.2317e-16
4377.261831 3.5868e-16
4378.795994 2.7077e-16
4380.330157 1.6845e-16
4381.86432 3.2704e-16
4383.398483 4.3215e-16
4384.932646 6.4856e-16
4386.466809 4.8563e-16
4388.000972 5.065e-16
4389.535135 4.9079e-16
4391.069298 4.8939e-16
4392.603461 3.6322e-16
4394.137624 2.4547e-16
4395.671787 5.7898e-16
4397.20595 5.9864e-16
4398.740113 3.6111e-16
4400.274276 5.0682e-16
4401.808439 7.5222e-16
4403.342602 5.0309e-16
4404.876765 3.212e-16
4406.410928 3.7202e-16
4407.945091 4.3556e-16
4409.479254 4.6589e-16
4411.013417 3.3945e-16
4412.54758 2.8535e-16
4414.081743 7.1701e-16
4415.615906 4.2333e-16
4417.150069 2.6805e-16
4418.684232 3.4065e-16
4420.218395 3.8967e-16
4421.752558 5.1524e-16
4423.286721 3.7275e-16
4424.820884 2.5663e-16
4426.355047 4.4018e-16
4427.88921 3.164e-16
4429.423373 4.3526e-16
4430.957536 3.8283e-16
4432.491699 2.8547e-16
4434.025862 4.5145e-16
4435.560025 5.3125e-16
4437.094188 5.6782e-16
4438.628351 5.3243e-16
4440.162514 3.175e-16
4441.696677 3.2793e-16
4443.23084 5.1974e-16
4444.765003 5.061e-16
4446.299166 6.7513e-16
4447.833329 4.6058e-16
4449.367492 3.6681e-16
4450.901655 3.2002e-16
4452.435818 4.5158e-16
4453.969981 7.041e-16
4455.504144 5.0413e-16
4457.038307 5.7552e-16
4458.57247 1.7702e-16
4460.106633 2.8779e-16
4461.640796 5.9557e-16
4463.174959 5.8534e-16
4464.709122 5.2021e-16
4466.243285 8.5444e-16
4467.777448 9.1966e-16
4469.311611 5.7807e-16
4470.845774 3.8584e-16
4472.379937 6.9297e-16
4473.9141 7.1299e-16
4475.448263 7.0481e-16
4476.982426 5.1455e-16
4478.516589 8.9748e-16
4480.050752 8.3881e-16
4481.584915 7.0908e-16
4483.119078 4.23e-16
4484.653241 3.8799e-16
4486.187404 6.1144e-16
4487.721567 6.4055e-16
4489.25573 5.2355e-16
4490.789893 5.8253e-16
4492.324056 3.3849e-16
4493.858219 3.6438e-16
4495.392382 4.2214e-16
4496.926545 3.8099e-16
4498.460708 6.1222e-16
4499.994871 6.9143e-16
4501.529034 3.2608e-16
4503.063197 3.3943e-16
4504.59736 3.8658e-16
4506.131523 4.0754e-16
4507.665686 4.8039e-16
4509.199849 4.8948e-16
4510.734012 5.2865e-16
4512.268175 5.368e-16
4513.802338 7.1257e-16
4515.336501 7.65e-16
4516.870664 7.4924e-16
4518.404827 5.2128e-16
4519.93899 4.156e-16
4521.473153 5.4184e-16
4523.007316 6.0182e-16
4524.541479 4.8678e-16
4526.075642 6.105e-16
4527.609805 6.2392e-16
4529.143968 8.6081e-16
4530.678131 9.2014e-16
4532.212294 6.9839e-16
4533.746457 5.6046e-16
4535.28062 2.45e-16
4536.814783 1.8273e-16
4538.348946 3.691e-16
4539.883109 4.4331e-16
4541.417272 3.6979e-16
4542.951435 4.7029e-16
4544.485598 9.7053e-16
4546.019761 1.1223e-15
4547.553924 6.6316e-16
4549.088087 2.5473e-16
4550.62225 2.5449e-16
4552.156413 6.2254e-16
4553.690576 6.871e-16
4555.224739 5.7871e-16
4556.758902 8.5148e-16
4558.293065 6.724e-16
4559.827228 4.9468e-16
4561.361391 6.7347e-16
4562.895554 6.3313e-16
4564.429717 4.9927e-16
4565.96388 4.5451e-16
4567.498043 1.5366e-16
4569.032206 1.3636e-16
4570.566369 4.6294e-16
4572.100532 4.2427e-16
4573.634695 4.1383e-16
4575.168858 5.5972e-16
4576.703021 6.0446e-16
4578.237184 3.1757e-16
4579.771347 2.9908e-16
4581.30551 3.9955e-16
4582.839673 3.5432e-16
4584.373836 6.1692e-16
4585.907999 6.9819e-16
4587.442162 5.993e-16
4588.976325 6.8148e-16
4590.510488 4.8566e-16
4592.044651 5.4496e-16
4593.578814 6.4259e-16
4595.112977 6.9884e-16
4596.64714 6.1771e-16
4598.181303 3.8214e-16
4599.715466 5.4528e-16
4601.249629 6.4598e-16
4602.783792 5.9862e-16
4604.317955 6.5183e-16
4605.852118 6.9709e-16
4607.386281 4.3634e-16
4608.920444 2.3349e-16
4610.454607 4.5703e-16
4611.98877 4.2322e-16
4613.522933 6.03e-16
4615.057096 6.9523e-16
4616.591259 5.1536e-16
4618.125422 4.765e-16
4619.659585 3.0423e-16
4621.193748 4.8207e-16
4622.727911 7.2315e-16
4624.262074 5.134e-16
4625.796237 5.1525e-16
4627.3304 6.1708e-16
4628.864563 4.6135e-16
4630.398726 5.1001e-16
4631.932889 5.7046e-16
4633.467052 6.4348e-16
4635.001215 4.3276e-16
4636.535378 4.5653e-16
4638.069541 5.947e-16
4639.603704 5.3673e-16
4641.137867 5.389e-16
4642.67203 5.0542e-16
4644.206193 4.0699e-16
4645.740356 4.8828e-16
4647.274519 6.5234e-16
4648.808682 5.2917e-16
4650.342845 2.6956e-16
4651.877008 2.2902e-16
4653.411171 3.6944e-16
4654.945334 4.6383e-16
4656.479497 5.2002e-16
4658.01366 4.8809e-16
4659.547823 4.325e-16
4661.081986 6.7082e-16
4662.616149 5.296e-16
4664.150312 3.8887e-16
4665.684475 2.8841e-16
4667.218638 4.4917e-16
4668.752801 4.6151e-16
4670.286964 4.965e-16
4671.821127 3.6941e-16
4673.35529 4.1464e-16
4674.889453 3.4587e-16
4676.423616 3.4369e-16
4677.957779 2.96e-16
4679.491942 3.154e-16
4681.026105 3.8745e-16
4682.560268 5.4342e-16
4684.094431 4.4648e-16
4685.628594 6.9104e-16
4687.162757 6.0974e-16
4688.69692 4.4169e-16
4690.231083 5.8909e-16
4691.765246 3.5326e-16
4693.299409 2.1646e-16
4694.833572 3.7465e-16
4696.367735 2.3406e-16
4697.901898 4.7196e-16
4699.436061 3.9601e-16
4700.970224 4.8361e-16
4702.504387 5.5005e-16
4704.03855 5.1965e-16
4705.572713 4.0655e-16
4707.106876 3.6834e-16
4708.641039 5.7869e-16
4710.175202 6.1849e-16
4711.709365 8.5962e-16
4713.243528 7.7747e-16
4714.777691 5.3867e-16
4716.311854 5.0781e-16
4717.846017 6.0212e-16
4719.38018 5.5332e-16
4720.914343 7.8953e-16
4722.448506 6.7905e-16
4723.982669 4.7309e-16
4725.516832 4.7854e-16
4727.050995 6.5901e-16
4728.585158 6.5862e-16
4730.119321 5.3588e-16
4731.653484 4.4215e-16
4733.187647 4.2224e-16
4734.72181 3.13e-16
4736.255973 3.5903e-16
4737.790136 4.6884e-16
4739.324299 5.0128e-16
4740.858462 4.2958e-16
4742.392625 7.0451e-16
4743.926788 6.6637e-16
4745.460951 4.1015e-16
4746.995114 5.9917e-16
4748.529277 5.7016e-16
4750.06344 3.7055e-16
4751.597603 6.2222e-16
4753.131766 5.226e-16
4754.665929 4.8422e-16
4756.200092 5.3794e-16
4757.734255 5.9347e-16
4759.268418 2.3698e-16
4760.802581 2.9111e-16
4762.336744 6.3086e-16
4763.870907 4.7314e-16
4765.40507 4.5811e-16
4766.939233 4.9011e-16
4768.473396 6.9546e-16
4770.007559 5.57e-16
4771.541722 3.1189e-16
4773.075885 6.1079e-16
4774.610048 6.8585e-16
4776.144211 6.8096e-16
4777.678374 6.615e-16
4779.212537 6.682e-16
4780.7467 4.7842e-16
4782.280863 4.5111e-16
4783.815026 3.1463e-16
4785.349189 5.7844e-16
4786.883352 4.2393e-16
4788.417515 4.1706e-16
4789.951678 4.0623e-16
4791.485841 4.4683e-16
4793.020004 6.1211e-16
4794.554167 4.7746e-16
4796.08833 3.113e-16
4797.622493 3.5833e-16
4799.156656 6.1938e-16
4800.690819 6.4465e-16
4802.224982 6.7091e-16
4803.759145 5.8544e-16
4805.293308 5.2033e-16
4806.827471 5.1768e-16
4808.361634 5.1565e-16
4809.895797 4.7473e-16
4811.42996 3.8538e-16
4812.964123 2.3663e-16
4814.498286 5.5723e-16
4816.032449 7.9946e-16
4817.566612 5.6876e-16
4819.100775 6.2181e-16
4820.634938 5.1666e-16
4822.169101 5.301e-16
4823.703264 4.6103e-16
4825.237427 3.462e-16
4826.77159 4.1301e-16
4828.305753 3.9984e-16
4829.839916 4.8181e-16
4831.374079 7.2831e-16
4832.908242 6.0809e-16
4834.442405 4.7094e-16
4835.976568 6.3788e-16
4837.510731 5.693e-16
4839.044894 6.6204e-16
4840.579057 6.6333e-16
4842.11322 5.6545e-16
4843.647383 6.2613e-16
4845.181546 5.5572e-16
4846.715709 4.3356e-16
4848.249872 5.9428e-16
4849.784035 5.6392e-16
4851.318198 4.3168e-16
4852.852361 3.391e-16
4854.386524 5.5988e-16
4855.920687 5.2346e-16
4857.45485 4.4455e-16
4858.989013 4.3908e-16
4860.523176 6.3104e-16
4862.057339 4.9851e-16
4863.591502 7.0775e-16
4865.125665 6.2658e-16
4866.659828 3.8644e-16
4868.193991 4.2741e-16
4869.728154 5.881e-16
4871.262317 4.7892e-16
4872.79648 5.6618e-16
4874.330643 4.8193e-16
4875.864806 6.1135e-16
4877.398969 6.1989e-16
4878.933132 7.3434e-16
4880.467295 7.4844e-16
4882.001458 3.3921e-16
4883.535621 4.2515e-16
4885.069784 6.594e-16
4886.603947 5.0292e-16
4888.13811 5.5513e-16
4889.672273 5.7908e-16
4891.206436 7.8513e-16
4892.740599 5.7483e-16
4894.274762 5.448e-16
4895.808925 4.0631e-16
4897.343088 4.1504e-16
4898.877251 5.4671e-16
4900.411414 5.3551e-16
4901.945577 5.494e-16
4903.47974 5.6731e-16
4905.013903 5.3299e-16
4906.548066 4.2955e-16
4908.082229 4.2331e-16
4909.616392 5.2122e-16
4911.150555 6.0449e-16
4912.684718 6.5917e-16
4914.218881 6.6711e-16
4915.753044 7.411e-16
4917.287207 5.4635e-16
4918.82137 5.3567e-16
4920.355533 6.8211e-16
4921.889696 6.3845e-16
4923.423859 3.7629e-16
4924.958022 3.1197e-16
4926.492185 6.6445e-16
4928.026348 6.3255e-16
4929.560511 5.7384e-16
4931.094674 6.1039e-16
4932.628837 3.4174e-16
4934.163 4.8626e-16
4935.697163 6.5903e-16
4937.231326 5.5886e-16
4938.765489 6.5636e-16
4940.299652 5.4183e-16
4941.833815 6.2679e-16
4943.367978 6.0494e-16
4944.902141 6.0855e-16
4946.436304 5.1244e-16
4947.970467 6.1659e-16
4949.50463 6.8394e-16
4951.038793 6.053e-16
4952.572956 5.3338e-16
4954.107119 2.6028e-16
4955.641282 6.2884e-16
4957.175445 6.4466e-16
4958.709608 7.1683e-16
4960.243771 6.2419e-16
4961.777934 6.8654e-16
4963.312097 8.2006e-16
4964.84626 6.415e-16
4966.380423 6.0276e-16
4967.914586 6.0115e-16
4969.448749 5.5071e-16
4970.982912 6.1052e-16
4972.517075 5.8242e-16
4974.051238 4.6627e-16
4975.585401 7.0617e-16
4977.119564 5.9838e-16
4978.653727 3.6862e-16
4980.18789 5.4682e-16
4981.722053 4.9472e-16
4983.256216 5.6599e-16
4984.790379 5.2785e-16
4986.324542 4.9842e-16
4987.858705 5.5961e-16
4989.392868 6.4278e-16
4990.927031 5.3891e-16
4992.461194 5.0895e-16
4993.995357 6.7225e-16
4995.52952 8.7607e-16
4997.063683 5.9913e-16
4998.597846 6.6907e-16
5000.132009 8.7875e-16
5001.666172 7.5469e-16
5003.200335 4.9285e-16
5004.734498 4.9592e-16
5006.268661 4.2924e-16
5007.802824 5.7665e-16
5009.336987 6.4663e-16
5010.87115 5.8945e-16
5012.405313 7.3232e-16
5013.939476 6.2716e-16
5015.473639 3.4035e-16
5017.007802 6.1131e-16
5018.541965 6.1478e-16
5020.076128 5.351e-16
5021.610291 5.5567e-16
5023.144454 3.0009e-16
5024.678617 2.0613e-16
5026.21278 5.4834e-16
5027.746943 6.0796e-16
5029.281106 5.9872e-16
5030.815269 5.472e-16
5032.349432 2.6686e-16
5033.883595 3.7357e-16
5035.417758 4.1702e-16
5036.951921 5.4317e-16
5038.486084 6.2025e-16
5040.020247 5.6125e-16
5041.55441 5.5753e-16
5043.088573 4.4764e-16
5044.622736 5.2708e-16
5046.156899 7.5909e-16
5047.691062 5.5678e-16
5049.225225 4.79e-16
5050.759388 6.6936e-16
5052.293551 7.3963e-16
5053.827714 5.3161e-16
5055.361877 4.227e-16
5056.89604 4.5391e-16
5058.430203 4.4669e-16
5059.964366 5.9553e-16
5061.498529 7.6765e-16
5063.032692 4.9994e-16
5064.566855 5.2139e-16
5066.101018 6.0878e-16
5067.635181 4.5319e-16
5069.169344 6.2261e-16
5070.703507 5.1122e-16
5072.23767 4.6596e-16
5073.771833 6.5147e-16
5075.305996 5.5579e-16
5076.840159 4.9821e-16
5078.374322 5.31e-16
5079.908485 6.5507e-16
5081.442648 7.9488e-16
5082.976811 5.9799e-16
5084.510974 6.3922e-16
5086.045137 4.2429e-16
5087.5793 4.0725e-16
5089.113463 7.5455e-16
5090.647626 5.6386e-16
5092.181789 7.8032e-16
5093.715952 7.7223e-16
5095.250115 6.8752e-16
5096.784278 6.1313e-16
5098.318441 5.4477e-16
5099.852604 6.1175e-16
5101.386767 4.7778e-16
5102.92093 3.9557e-16
5104.455093 5.7574e-16
5105.989256 5.4991e-16
5107.523419 6.6749e-16
5109.057582 5.9034e-16
5110.591745 7.1091e-16
5112.125908 7.3452e-16
5113.660071 7.2449e-16
5115.194234 4.9196e-16
5116.728397 5.7768e-16
5118.26256 3.8947e-16
5119.796723 4.8814e-16
5121.330886 4.8391e-16
5122.865049 3.7169e-16
5124.399212 5.7278e-16
5125.933375 6.2632e-16
5127.467538 7.1295e-16
5129.001701 8.3351e-16
5130.535864 5.6499e-16
5132.070027 7.1408e-16
5133.60419 6.9419e-16
5135.138353 4.6355e-16
5136.672516 4.1372e-16
5138.206679 4.5793e-16
5139.740842 4.85e-16
5141.275005 6.4664e-16
5142.809168 6.7274e-16
5144.343331 6.8827e-16
5145.877494 7.2655e-16
5147.411657 6.4939e-16
5148.94582 4.6142e-16
5150.479983 6.7184e-16
5152.014146 4.4535e-16
5153.548309 6.0633e-16
5155.082472 6.1034e-16
5156.616635 4.7758e-16
5158.150798 6.6568e-16
5159.684961 5.4208e-16
5161.219124 6.5367e-16
5162.753287 6.6265e-16
5164.28745 6.7869e-16
5165.821613 7.7493e-16
5167.355776 5.5423e-16
5168.889939 6.3912e-16
5170.424102 5.3761e-16
5171.958265 6.1945e-16
5173.492428 5.0325e-16
5175.026591 5.7962e-16
5176.560754 6.1437e-16
5178.094917 4.8376e-16
5179.62908 5.8341e-16
5181.163243 6.1517e-16
5182.697406 3.8534e-16
5184.231569 4.1042e-16
5185.765732 5.0467e-16
5187.299895 4.2214e-16
5188.834058 6.0195e-16
5190.368221 4.8033e-16
5191.902384 5.5757e-16
5193.436547 3.7409e-16
5194.97071 4.9749e-16
5196.504873 4.3942e-16
5198.039036 4.3397e-16
5199.573199 7.2121e-16
5201.107362 7.1616e-16
5202.641525 4.3287e-16
5204.175688 7.4062e-16
5205.709851 7.303e-16
5207.244014 6.0154e-16
5208.778177 4.5475e-16
5210.31234 6.2208e-16
5211.846503 5.6681e-16
5213.380666 4.3378e-16
5214.914829 7.4078e-16
5216.448992 7.9185e-16
5217.983155 7.8302e-16
5219.517318 6.649e-16
5221.051481 7.145e-16
5222.585644 7.3425e-16
5224.119807 3.1097e-16
5225.65397 5.4459e-16
5227.188133 7.3025e-16
5228.722296 7.6963e-16
5230.256459 3.9234e-16
5231.790622 5.6425e-16
5233.324785 8.3532e-16
5234.858948 6.3542e-16
5236.393111 6.2074e-16
5237.927274 4.5132e-16
5239.461437 5.1235e-16
5240.9956 5.8016e-16
5242.529763 7.6549e-16
5244.063926 7.3019e-16
5245.598089 5.0632e-16
5247.132252 4.9352e-16
5248.666415 4.0498e-16
5250.200578 3.0431e-16
5251.734741 6.7796e-16
5253.268904 6.2735e-16
5254.803067 6.4255e-16
5256.33723 8.3785e-16
5257.871393 6.6347e-16
5259.405556 5.434e-16
5260.939719 5.2086e-16
5262.473882 6.1019e-16
5264.008045 6.3026e-16
5265.542208 4.2069e-16
5267.076371 5.2836e-16
5268.610534 4.962e-16
5270.144697 5.509e-16
5271.67886 3.0309e-16
5273.213023 2.7987e-16
5274.747186 6.2191e-16
5276.281349 7.8991e-16
5277.815512 5.9752e-16
5279.349675 5.5199e-16
5280.883838 4.0282e-16
5282.418001 6.3023e-16
5283.952164 8.3338e-16
5285.486327 6.1738e-16
5287.02049 7.0695e-16
5288.554653 7.7138e-16
5290.088816 9.9374e-16
5291.622979 9.6416e-16
5293.157142 4.1872e-16
5294.691305 6.6122e-16
5296.225468 7.9339e-16
5297.759631 8.0015e-16
5299.293794 9.9378e-16
5300.827957 7.9298e-16
5302.36212 6.7041e-16
5303.896283 1.0127e-15
5305.430446 6.2434e-16
5306.964609 3.3199e-16
5308.498772 3.9066e-16
5310.032935 7.2885e-16
5311.567098 7.75e-16
5313.101261 6.002e-16
5314.635424 5.113e-16
5316.169587 5.6881e-16
5317.70375 3.6369e-16
5319.237913 5.5922e-16
5320.772076 7.9955e-16
5322.306239 8.3902e-16
5323.840402 5.2381e-16
5325.374565 7.5192e-16
5326.908728 8.9672e-16
5328.442891 8.2679e-16
5329.977054 7.9788e-16
5331.511217 8.1868e-16
5333.04538 6.4023e-16
5334.579543 5.3389e-16
5336.113706 7.1773e-16
5337.647869 7.1464e-16
5339.182032 8.3843e-16
5340.716195 7.2404e-16
5342.250358 6.3836e-16
5343.784521 7.8734e-16
5345.318684 6.0513e-16
5346.852847 8.7727e-16
5348.38701 7.188e-16
5349.921173 7.8758e-16
5351.455336 7.3708e-16
5352.989499 6.3013e-16
5354.523662 6.7857e-16
5356.057825 6.931e-16
5357.591988 8.6079e-16
5359.126151 6.4675e-16
5360.660314 5.623e-16
5362.194477 5.7837e-16
5363.72864 7.2649e-16
5365.262803 6.8281e-16
5366.796966 5.3424e-16
5368.331129 4.7684e-16
5369.865292 4.8528e-16
5371.399455 8.3874e-16
5372.933618 7.1655e-16
5374.467781 5.8588e-16
5376.001944 7.0709e-16
5377.536107 7.5904e-16
5379.07027 6.7441e-16
5380.604433 6.8129e-16
5382.138596 7.7964e-16
5383.672759 7.5302e-16
5385.206922 8.2375e-16
5386.741085 6.9683e-16
5388.275248 6.0879e-16
5389.809411 7.826e-16
5391.343574 6.2927e-16
5392.877737 7.7379e-16
5394.4119 4.1179e-16
5395.946063 4.2459e-16
5397.480226 4.5934e-16
5399.014389 4.8179e-16
5400.548552 6.4616e-16
5402.082715 7.5301e-16
5403.616878 6.8103e-16
5405.151041 3.6799e-16
5406.685204 4.5374e-16
5408.219367 5.503e-16
5409.75353 5.1146e-16
5411.287693 2.7243e-16
5412.821856 4.7405e-16
5414.356019 5.2911e-16
5415.890182 5.1159e-16
5417.424345 8.7883e-16
5418.958508 5.3502e-16
5420.492671 3.6666e-16
5422.026834 6.449e-16
5423.560997 7.0905e-16
5425.09516 8.9198e-16
5426.629323 7.5115e-16
5428.163486 8.2569e-16
5429.697649 9.0966e-16
5431.231812 7.6026e-16
5432.765975 1.0658e-15
5434.300138 9.6186e-16
5435.834301 5.6703e-16
5437.368464 6.8905e-16
5438.902627 6.6256e-16
5440.43679 7.3793e-16
5441.970953 7.3695e-16
5443.505116 2.5708e-16
5445.039279 9.2883e-16
5446.573442 4.9917e-16
5448.107605 5.0244e-16
5449.641768 7.966e-16
5451.175931 5.5866e-16
5452.710094 5.6531e-16
5454.244257 8.3235e-16
5455.77842 9.8236e-16
5457.312583 8.3036e-16
5458.846746 6.5183e-16
5460.380909 5.3472e-16
5461.915072 6.3907e-16
5463.449235 8.051e-16
5464.983398 1.4952e-15
5466.517561 5.6003e-16
5468.051724 4.5609e-16
5469.585887 5.9975e-16
5471.12005 5.094e-16
5472.654213 5.9825e-16
5474.188376 6.8894e-16
5475.722539 6.5936e-16
5477.256702 6.9878e-16
5478.790865 8.5419e-16
5480.325028 5.826e-16
5481.859191 1.1044e-15
5483.393354 8.7196e-16
5484.927517 1.2069e-15
5486.46168 1.1817e-15
5487.995843 8.06e-16
5489.530006 5.4597e-16
5491.064169 5.3561e-16
5492.598332 9.5037e-16
5494.132495 7.5597e-16
5495.666658 5.1102e-16
5497.200821 8.1115e-16
5498.734984 9.1419e-16
5500.269147 9.0712e-16
5501.80331 7.1476e-16
5503.337473 5.3449e-16
5504.871636 3.3081e-16
5506.405799 4.0704e-16
5507.939962 2.8914e-16
5509.474125 5.2056e-16
5511.008288 6.9159e-16
5512.542451 3.9492e-16
5514.076614 4.8826e-16
5515.610777 8.1408e-16
5517.14494 8.6074e-16
5518.679103 8.4739e-16
5520.213266 7.9903e-16
5521.747429 7.575e-16
5523.281592 8.5305e-16
5524.815755 7.9932e-16
5526.349918 7.601e-16
5527.884081 1.0593e-15
5529.418244 9.7838e-16
5530.952407 5.8744e-16
5532.48657 9.3877e-16
5534.020733 7.9417e-16
5535.554896 6.2968e-16
5537.089059 7.885e-16
5538.623222 9.5709e-16
5540.157385 5.2855e-16
5541.691548 9.1297e-16
5543.225711 9.1213e-16
5544.759874 5.3134e-16
5546.294037 6.3072e-16
5547.8282 7.9436e-16
5549.362363 7.7419e-16
5550.896526 6.4489e-16
5552.430689 5.9115e-16
5553.964852 7.3708e-16
5555.499015 6.5937e-16
5557.033178 5.037e-16
5558.567341 4.2107e-16
5560.101504 4.9642e-16
5561.635667 5.8107e-16
5563.16983 8.9892e-16
5564.703993 9.8758e-16
5566.238156 1.1099e-15
5567.772319 9.5401e-16
5569.306482 1.025e-15
5570.840645 1.2201e-15
5572.374808 8.0779e-16
5573.908971 3.6938e-16
5575.443134 4.7666e-16
5576.977297 1.5512e-16
5578.51146 1.4044e-15
5580.045623 1.494e-15
5581.579786 9.9075e-16
5583.113949 5.8338e-16
5584.648112 8.2716e-16
5586.182275 1.415e-15
5587.716438 1.1048e-15
5589.250601 7.4245e-16
5590.784764 7.1692e-16
5592.318927 7.5077e-16
5593.85309 8.7906e-16
5595.387253 1.0124e-15
5596.921416 7.7562e-16
5598.455579 1.2311e-15
5599.989742 1.0824e-15
5601.523905 3.7087e-16
5603.058068 3.2809e-16
5604.592231 6.8088e-16
5606.126394 5.0016e-16
5607.660557 4.1483e-16
5609.19472 9.4265e-16
5610.728883 9.0097e-16
5612.263046 4.8785e-16
5613.797209 1.0722e-15
5615.331372 8.6461e-16
5616.865535 9.4322e-16
5618.399698 9.8202e-16
5619.933861 6.3792e-16
5621.468024 9.4255e-16
5623.002187 1.0133e-15
5624.53635 7.2239e-16
5626.070513 1.0558e-15
5627.604676 1.0663e-15
5629.138839 7.7755e-16
5630.673002 5.2246e-16
5632.207165 4.0613e-16
5633.741328 5.3766e-16
5635.275491 4.5058e-16
5636.809654 7.6299e-16
5638.343817 9.7863e-16
5639.87798 9.4163e-16
5641.412143 9.9543e-16
5642.946306 9.4168e-16
5644.480469 7.8164e-16
5646.014632 7.7366e-16
5647.548795 9.052e-16
5649.082958 1.0398e-15
5650.617121 1.0675e-15
5652.151284 8.9902e-16
5653.685447 8.3342e-16
5655.21961 8.7451e-16
5656.753773 8.4461e-16
5658.287936 7.623e-16
5659.822099 7.4078e-16
5661.356262 8.855e-16
5662.890425 1.0414e-15
5664.424588 1.2453e-15
5665.958751 9.4562e-16
5667.492914 5.7093e-16
5669.027077 8.358e-16
5670.56124 8.8634e-16
5672.095403 6.5114e-16
5673.629566 8.7321e-16
5675.163729 1.011e-15
5676.697892 8.6818e-16
5678.232055 9.2336e-16
5679.766218 1.0901e-15
5681.300381 8.213e-16
5682.834544 9.7005e-16
5684.368707 1.0546e-15
5685.90287 7.042e-16
5687.437033 6.5792e-16
5688.971196 7.4727e-16
5690.505359 7.4724e-16
5692.039522 6.6252e-16
5693.573685 8.2777e-16
5695.107848 1.1511e-15
5696.642011 1.2285e-15
5698.176174 8.331e-16
5699.710337 6.0524e-16
5701.2445 8.9691e-16
5702.778663 1.0225e-15
5704.312826 6.2121e-16
5705.846989 2.5706e-16
5707.381152 5.2208e-16
5708.915315 8.5879e-16
5710.449478 1.3133e-15
5711.983641 1.1881e-15
5713.517804 7.2021e-16
5715.051967 6.6562e-16
5716.58613 8.8292e-16
5718.120293 8.8006e-16
5719.654456 1.0043e-15
5721.188619 1.1785e-15
5722.722782 7.8607e-16
5724.256945 3.3235e-16
5725.791108 5.35e-16
5727.325271 8.6221e-16
5728.859434 7.1848e-16
5730.393597 7.3561e-16
5731.92776 9.1135e-16
5733.461923 1.1404e-15
5734.996086 9.5569e-16
5736.530249 6.0107e-16
5738.064412 7.7083e-16
5739.598575 8.9897e-16
5741.132738 9.9709e-16
5742.666901 1.0995e-15
5744.201064 1.0074e-15
5745.735227 9.4231e-16
5747.26939 8.2736e-16
5748.803553 1.1922e-15
5750.337716 1.2642e-15
5751.871879 8.2542e-16
5753.406042 6.0959e-16
5754.940205 7.8362e-16
5756.474368 9.3012e-16
5758.008531 6.9479e-16
5759.542694 7.258e-16
5761.076857 1.0046e-15
5762.61102 1.0958e-15
5764.145183 1.1969e-15
5765.679346 9.2015e-16
5767.213509 6.1025e-16
5768.747672 6.3215e-16
5770.281835 8.7534e-16
5771.815998 8.7862e-16
5773.350161 8.0253e-16
5774.884324 8.5136e-16
5776.418487 9.795e-16
5777.95265 9.712e-16
5779.486813 1.0036e-15
5781.020976 1.2153e-15
5782.555139 9.0031e-16
5784.089302 7.6763e-16
5785.623465 9.6851e-16
5787.157628 1.0075e-15
5788.691791 8.6428e-16
5790.225954 6.2565e-16
5791.760117 5.9231e-16
5793.29428 8.1453e-16
5794.828443 7.4551e-16
5796.362606 7.6008e-16
5797.896769 7.2209e-16
5799.430932 8.0045e-16
5800.965095 6.5986e-16
5802.499258 7.4035e-16
5804.033421 9.0326e-16
5805.567584 6.4407e-16
5807.101747 7.4009e-16
5808.63591 1.2014e-15
5810.170073 1.2586e-15
5811.704236 1.0617e-15
5813.238399 7.535e-16
5814.772562 7.0566e-16
5816.306725 8.9596e-16
5817.840888 7.3836e-16
5819.375051 8.5936e-16
5820.909214 9.616e-16
5822.443377 9.7952e-16
5823.97754 1.0735e-15
5825.511703 8.9039e-16
5827.045866 7.3957e-16
5828.580029 7.1316e-16
5830.114192 7.826e-16
5831.648355 7.8048e-16
5833.182518 6.31e-16
5834.716681 4.4219e-16
5836.250844 6.3885e-16
5837.785007 9.1755e-16
5839.31917 1.0541e-15
5840.853333 9.3684e-16
5842.387496 7.6555e-16
5843.921659 4.8553e-16
5845.455822 8.0939e-16
5846.989985 1.2529e-15
5848.524148 1.1827e-15
5850.058311 1.0388e-15
5851.592474 1.0427e-15
5853.126637 9.6665e-16
5854.6608 6.4446e-16
5856.194963 2.5e-16
5857.729126 4.6178e-16
5859.263289 8.5549e-16
5860.797452 8.504e-16
5862.331615 6.791e-16
5863.865778 7.8284e-16
5865.399941 8.6058e-16
5866.934104 6.1009e-16
5868.468267 4.9213e-16
5870.00243 7.2433e-16
5871.536593 1.089e-15
5873.070756 1.361e-15
5874.604919 1.131e-15
5876.139082 9.4762e-16
5877.673245 1.1869e-15
5879.207408 1.0888e-15
5880.741571 9.117e-16
5882.275734 6.7236e-16
5883.809897 6.6462e-16
5885.34406 8.8626e-16
5886.878223 6.4458e-16
5888.412386 8.162e-16
5889.946549 1.0166e-15
5891.480712 8.6391e-16
5893.014875 1.2431e-15
5894.549038 1.352e-15
5896.083201 1.0231e-15
5897.617364 7.6739e-16
5899.151527 1.1467e-15
5900.68569 1.4032e-15
5902.219853 1.0708e-15
5903.754016 9.1677e-16
5905.288179 8.2233e-16
5906.822342 7.7364e-16
5908.356505 7.3252e-16
5909.890668 9.7242e-16
5911.424831 1.0642e-15
5912.958994 9.2849e-16
5914.493157 8.586e-16
5916.02732 9.9634e-16
5917.561483 1.0102e-15
5919.095646 6.9899e-16
5920.629809 7.1316e-16
5922.163972 1.0089e-15
5923.698135 1.1023e-15
5925.232298 1.1437e-15
5926.766461 1.0403e-15
5928.300624 7.9703e-16
5929.834787 9.9754e-16
5931.36895 9.2678e-16
5932.903113 6.8337e-16
5934.437276 6.7526e-16
5935.971439 8.9605e-16
5937.505602 9.682e-16
5939.039765 7.8182e-16
5940.573928 7.6456e-16
5942.108091 9.4368e-16
5943.642254 1.1632e-15
5945.176417 8.5957e-16
5946.71058 6.622e-16
5948.244743 8.1397e-16
5949.778906 9.5062e-16
5951.313069 9.4911e-16
5952.847232 9.612e-16
5954.381395 8.6634e-16
5955.915558 1.0372e-15
5957.449721 9.5085e-16
5958.983884 7.7178e-16
5960.518047 7.1481e-16
5962.05221 9.8947e-16
5963.586373 9.6016e-16
5965.120536 8.4931e-16
5966.654699 6.5316e-16
5968.188862 5.8783e-16
5969.723025 8.3988e-16
5971.257188 9.387e-16
5972.791351 6.6128e-16
5974.325514 8.5374e-16
5975.859677 1.006e-15
5977.39384 1.1059e-15
5978.928003 7.2891e-16
5980.462166 4.4726e-16
5981.996329 5.4189e-16
5983.530492 8.5493e-16
5985.064655 9.2814e-16
5986.598818 8.6605e-16
5988.132981 8.3452e-16
5989.667144 5.9162e-16
5991.201307 8.8886e-16
5992.73547 1.0463e-15
5994.269633 7.7044e-16
5995.803796 4.4252e-16
5997.337959 4.1047e-16
5998.872122 7.7779e-16
6000.406285 1.0059e-15
6001.940448 9.7481e-16
6003.474611 8.865e-16
6005.008774 7.5543e-16
6006.542937 8.0854e-16
6008.0771 8.9761e-16
6009.611263 6.9023e-16
6011.145426 8.1266e-16
6012.679589 9.5172e-16
6014.213752 8.1201e-16
6015.747915 6.9179e-16
6017.282078 6.0693e-16
6018.816241 6.7224e-16
6020.350404 8.7811e-16
6021.884567 8.7225e-16
6023.41873 8.4476e-16
6024.952893 5.6212e-16
6026.487056 5.4856e-16
6028.021219 7.6944e-16
6029.555382 7.7713e-16
6031.089545 7.0426e-16
6032.623708 7.7008e-16
6034.157871 7.8446e-16
6035.692034 1.0175e-15
6037.226197 1.0047e-15
6038.76036 7.1778e-16
6040.294523 6.5201e-16
6041.828686 7.8477e-16
6043.362849 7.1072e-16
6044.897012 8.6139e-16
6046.431175 1.0653e-15
6047.965338 1.1813e-15
6049.499501 1.0156e-15
6051.033664 6.7682e-16
6052.567827 9.2178e-16
6054.10199 9.9808e-16
6055.636153 8.9642e-16
6057.170316 8.233e-16
6058.704479 6.6918e-16
6060.238642 5.2456e-16
6061.772805 5.9268e-16
6063.306968 8.4624e-16
6064.841131 8.6042e-16
6066.375294 6.1921e-16
6067.909457 5.308e-16
6069.44362 6.7107e-16
6070.977783 9.1633e-16
6072.511946 7.5923e-16
6074.046109 6.4413e-16
6075.580272 8.7292e-16
6077.114435 1.1856e-15
6078.648598 1.2127e-15
6080.182761 9.7627e-16
6081.716924 6.6041e-16
6083.251087 5.2022e-16
6084.78525 6.1058e-16
6086.319413 6.8516e-16
6087.853576 6.5045e-16
6089.387739 5.9273e-16
6090.921902 8.6978e-16
6092.456065 1.0196e-15
6093.990228 7.4461e-16
6095.524391 7.4711e-16
6097.058554 8.4226e-16
6098.592717 9.0326e-16
6100.12688 6.33e-16
6101.661043 5.3757e-16
6103.195206 8.5358e-16
6104.729369 6.909e-16
6106.263532 6.0174e-16
6107.797695 9.3015e-16
6109.331858 9.2901e-16
6110.866021 9.1477e-16
6112.400184 9.7405e-16
6113.934347 8.8643e-16
6115.46851 7.4871e-16
6117.002673 7.0927e-16
6118.536836 8.807e-16
6120.070999 8.3269e-16
6121.605162 7.2983e-16
6123.139325 8.6573e-16
6124.673488 9.5601e-16
6126.207651 9.4542e-16
6127.741814 7.9397e-16
6129.275977 6.8882e-16
6130.81014 9.3932e-16
6132.344303 1.0698e-15
6133.878466 8.2182e-16
6135.412629 7.0445e-16
6136.946792 8.8433e-16
6138.480955 8.8315e-16
6140.015118 7.045e-16
6141.549281 6.9276e-16
6143.083444 6.787e-16
6144.617607 7.3152e-16
6146.15177 7.5642e-16
6147.685933 7.0269e-16
6149.220096 7.6609e-16
6150.754259 9.2402e-16
6152.288422 9.417e-16
6153.822585 8.4912e-16
6155.356748 8.1771e-16
6156.890911 8.3415e-16
6158.425074 5.9355e-16
6159.959237 4.3948e-16
6161.4934 8.2504e-16
6163.027563 1.0732e-15
6164.561726 8.8645e-16
6166.095889 7.9281e-16
6167.630052 7.8423e-16
6169.164215 6.5583e-16
6170.698378 6.4058e-16
6172.232541 7.1441e-16
6173.766704 6.6014e-16
6175.300867 6.1794e-16
6176.83503 7.8734e-16
6178.369193 7.8536e-16
6179.903356 6.7375e-16
6181.437519 6.5706e-16
6182.971682 7.5791e-16
6184.505845 8.2014e-16
6186.040008 7.4414e-16
6187.574171 5.6959e-16
6189.108334 7.0313e-16
6190.642497 8.3629e-16
6192.17666 6.2918e-16
6193.710823 6.8477e-16
6195.244986 8.1125e-16
6196.779149 7.9208e-16
6198.313312 8.4257e-16
6199.847475 7.9804e-16
6201.381638 8.6499e-16
6202.915801 1.0056e-15
6204.449964 1.0707e-15
6205.984127 9.674e-16
6207.51829 9.044e-16
6209.052453 1.0676e-15
6210.586616 1.0171e-15
6212.120779 5.9622e-16
6213.654942 5.5585e-16
6215.189105 8.2611e-16
6216.723268 8.4231e-16
6218.257431 5.8337e-16
6219.791594 7.3681e-16
6221.325757 9.4474e-16
6222.85992 7.6834e-16
6224.394083 6.4934e-16
6225.928246 5.8429e-16
6227.462409 5.1637e-16
6228.996572 4.7558e-16
6230.530735 5.7339e-16
6232.064898 6.5326e-16
6233.599061 8.0012e-16
6235.133224 8.7834e-16
6236.667387 9.969e-16
6238.20155 1.0215e-15
6239.735713 1.0041e-15
6241.269876 8.7603e-16
6242.804039 7.9953e-16
6244.338202 9.5792e-16
6245.872365 9.3689e-16
6247.406528 8.0064e-16
6248.940691 9.0904e-16
6250.474854 8.0486e-16
6252.009017 5.2965e-16
6253.54318 6.4039e-16
6255.077343 7.9359e-16
6256.611506 5.6627e-16
6258.145669 5.4366e-16
6259.679832 6.6083e-16
6261.213995 7.5397e-16
6262.748158 9.3335e-16
6264.282321 1.017e-15
6265.816484 9.1585e-16
6267.350647 8.736e-16
6268.88481 7.5741e-16
6270.418973 7.918e-16
6271.953136 6.7491e-16
6273.487299 6.8163e-16
6275.021462 8.1274e-16
6276.555625 8.5476e-16
6278.089788 7.9927e-16
6279.623951 5.3182e-16
6281.158114 6.2662e-16
6282.692277 8.6284e-16
6284.22644 1.011e-15
6285.760603 8.0668e-16
6287.294766 6.909e-16
6288.828929 6.4218e-16
6290.363092 9.9393e-16
6291.897255 1.2757e-15
6293.431418 1.0483e-15
6294.965581 9.7004e-16
6296.499744 7.1478e-16
6298.033907 4.8834e-16
6299.56807 9.3937e-16
6301.102233 1.0901e-15
6302.636396 9.6877e-16
6304.170559 1.0085e-15
6305.704722 7.4249e-16
6307.238885 5.6648e-16
6308.773048 6.7588e-16
6310.307211 8.7509e-16
6311.841374 8.9537e-16
6313.375537 7.0676e-16
6314.9097 5.8466e-16
6316.443863 7.9649e-16
6317.978026 7.557e-16
6319.512189 7.1874e-16
6321.046352 9.304e-16
6322.580515 6.8161e-16
6324.114678 5.3601e-16
6325.648841 7.3421e-16
6327.183004 9.1942e-16
6328.717167 9.2814e-16
6330.25133 7.3898e-16
6331.785493 7.6315e-16
6333.319656 8.6841e-16
6334.853819 9.088e-16
6336.387982 9.6854e-16
6337.922145 9.1522e-16
6339.456308 8.2776e-16
6340.990471 9.0701e-16
6342.524634 9.933e-16
6344.058797 9.023e-16
6345.59296 9.3449e-16
6347.127123 9.0527e-16
6348.661286 7.6564e-16
6350.195449 6.7146e-16
6351.729612 8.8612e-16
6353.263775 9.8525e-16
6354.797938 9.6457e-16
6356.332101 8.3202e-16
6357.866264 8.3934e-16
6359.400427 7.2502e-16
6360.93459 6.784e-16
6362.468753 8.8355e-16
6364.002916 7.6326e-16
6365.537079 8.5945e-16
6367.071242 8.3632e-16
6368.605405 6.8658e-16
6370.139568 6.7479e-16
6371.673731 7.1584e-16
6373.207894 6.866e-16
6374.742057 7.7199e-16
6376.27622 7.3652e-16
6377.810383 8.7502e-16
6379.344546 9.7271e-16
6380.878709 8.3535e-16
6382.412872 8.4915e-16
6383.947035 8.5212e-16
6385.481198 6.7486e-16
6387.015361 7.4824e-16
6388.549524 7.7204e-16
6390.083687 7.8664e-16
6391.61785 7.3511e-16
6393.152013 7.7008e-16
6394.686176 8.5893e-16
6396.220339 7.5569e-16
6397.754502 7.7574e-16
6399.288665 8.8035e-16
6400.822828 1.0015e-15
6402.356991 9.9237e-16
6403.891154 9.5061e-16
6405.425317 7.6218e-16
6406.95948 7.8468e-16
6408.493643 7.7583e-16
6410.027806 6.9601e-16
6411.561969 6.7937e-16
6413.096132 9.0496e-16
6414.630295 1.2413e-15
6416.164458 1.2276e-15
6417.698621 9.1795e-16
6419.232784 7.9982e-16
6420.766947 8.6584e-16
6422.30111 1.0198e-15
6423.835273 1.0283e-15
6425.369436 8.3809e-16
6426.903599 6.9651e-16
6428.437762 6.9549e-16
6429.971925 6.5699e-16
6431.506088 7.34e-16
6433.040251 7.4386e-16
6434.574414 6.8443e-16
6436.108577 8.5099e-16
6437.64274 9.1558e-16
6439.176903 9.1937e-16
6440.711066 9.068e-16
6442.245229 8.7725e-16
6443.779392 8.2941e-16
6445.313555 9.646e-16
6446.847718 1.0346e-15
6448.381881 1.1229e-15
6449.916044 1.0238e-15
6451.450207 9.7867e-16
6452.98437 8.4059e-16
6454.518533 7.1848e-16
6456.052696 8.9449e-16
6457.586859 1.1985e-15
6459.121022 9.6219e-16
6460.655185 8.1269e-16
6462.189348 8.3429e-16
6463.723511 8.415e-16
6465.257674 8.8951e-16
6466.791837 9.1508e-16
6468.326 7.7682e-16
6469.860163 8.1142e-16
6471.394326 6.8023e-16
6472.928489 7.0523e-16
6474.462652 8.018e-16
6475.996815 8.5648e-16
6477.530978 7.9335e-16
6479.065141 7.8022e-16
6480.599304 7.3313e-16
6482.133467 7.4846e-16
6483.66763 8.6832e-16
6485.201793 9.5984e-16
6486.735956 1.0988e-15
6488.270119 1.0255e-15
6489.804282 7.1358e-16
6491.338445 6.1296e-16
6492.872608 6.281e-16
6494.406771 7.3193e-16
6495.940934 6.7243e-16
6497.475097 7.1648e-16
6499.00926 7.7381e-16
6500.543423 7.7996e-16
6502.077586 6.3319e-16
6503.611749 6.5503e-16
6505.145912 5.0161e-16
6506.680075 6.3986e-16
6508.214238 8.5499e-16
6509.748401 8.7301e-16
6511.282564 7.6603e-16
6512.816727 6.7483e-16
6514.35089 8.0974e-16
6515.885053 7.4108e-16
6517.419216 5.7419e-16
6518.953379 6.7743e-16
6520.487542 6.796e-16
6522.021705 5.8438e-16
6523.555868 6.7858e-16
6525.090031 8.7824e-16
6526.624194 8.8103e-16
6528.158357 9.1572e-16
6529.69252 1.0922e-15
6531.226683 9.948e-16
6532.760846 8.0284e-16
6534.295009 5.6867e-16
6535.829172 6.9398e-16
6537.363335 8.2083e-16
6538.897498 7.158e-16
6540.431661 7.0408e-16
6541.965824 8.3808e-16
6543.499987 7.7494e-16
6545.03415 6.9794e-16
6546.568313 6.9327e-16
6548.102476 9.6068e-16
6549.636639 1.1728e-15
6551.170802 1.0165e-15
6552.704965 1.2399e-15
6554.239128 1.3985e-15
6555.773291 1.2797e-15
6557.307454 1.1871e-15
6558.841617 1.0663e-15
6560.37578 9.2711e-16
6561.909943 7.7348e-16
6563.444106 7.2018e-16
6564.978269 8.1328e-16
6566.512432 9.6965e-16
6568.046595 9.3406e-16
6569.580758 9.4995e-16
6571.114921 8.8291e-16
6572.649084 9.0942e-16
6574.183247 9.6516e-16
6575.71741 9.5859e-16
6577.251573 9.7799e-16
6578.785736 9.9884e-16
6580.319899 8.8376e-16
6581.854062 8.0802e-16
6583.388225 7.9071e-16
6584.922388 8.6089e-16
6586.456551 8.2285e-16
6587.990714 7.1931e-16
6589.524877 6.2947e-16
6591.05904 8.1226e-16
6592.593203 9.2102e-16
6594.127366 8.8699e-16
6595.661529 8.662e-16
6597.195692 8.4255e-16
6598.729855 9.1729e-16
6600.264018 8.7337e-16
6601.798181 7.0308e-16
6603.332344 7.2365e-16
6604.866507 7.6364e-16
6606.40067 7.6055e-16
6607.934833 8.5535e-16
6609.468996 9.1611e-16
6611.003159 9.4019e-16
6612.537322 9.6974e-16
6614.071485 7.717e-16
6615.605648 7.4589e-16
6617.139811 8.1151e-16
6618.673974 7.2426e-16
6620.208137 6.347e-16
6621.7423 6.5942e-16
6623.276463 7.7595e-16
6624.810626 7.7848e-16
6626.344789 5.8474e-16
6627.878952 5.2135e-16
6629.413115 7.2176e-16
6630.947278 8.4542e-16
6632.481441 7.5056e-16
6634.015604 7.7444e-16
6635.549767 6.9969e-16
6637.08393 6.2775e-16
6638.618093 6.5191e-16
6640.152256 7.1249e-16
6641.686419 6.9238e-16
6643.220582 7.2905e-16
6644.754745 7.6652e-16
6646.288908 6.6074e-16
6647.823071 6.4708e-16
6649.357234 8.2064e-16
6650.891397 8.5167e-16
6652.42556 6.9827e-16
6653.959723 6.7446e-16
6655.493886 8.0021e-16
6657.028049 9.0732e-16
6658.562212 7.0061e-16
6660.096375 5.783e-16
6661.630538 5.8547e-16
6663.164701 6.909e-16
6664.698864 7.514e-16
6666.233027 8.404e-16
6667.76719 7.5404e-16
6669.301353 6.3619e-16
6670.835516 7.3351e-16
6672.369679 7.6166e-16
6673.903842 6.0648e-16
6675.438005 7.406e-16
6676.972168 9.4255e-16
6678.506331 9.3041e-16
6680.040494 8.0177e-16
6681.574657 7.7499e-16
6683.10882 6.3666e-16
6684.642983 6.793e-16
6686.177146 8.4917e-16
6687.711309 7.1766e-16
6689.245472 6.9717e-16
6690.779635 8.1425e-16
6692.313798 8.6138e-16
6693.847961 8.8362e-16
6695.382124 8.6046e-16
6696.916287 8.0036e-16
6698.45045 7.5603e-16
6699.984613 6.2286e-16
6701.518776 4.9893e-16
6703.052939 5.8464e-16
6704.587102 8.0522e-16
6706.121265 9.991e-16
6707.655428 8.7806e-16
6709.189591 7.0212e-16
6710.723754 8.3347e-16
6712.257917 9.9488e-16
6713.79208 8.666e-16
6715.326243 7.0828e-16
6716.860406 6.5481e-16
6718.394569 6.8347e-16
6719.928732 8.0133e-16
6721.462895 8.9673e-16
6722.997058 8.9253e-16
6724.531221 7.8974e-16
6726.065384 7.0321e-16
6727.599547 6.0987e-16
6729.13371 5.7806e-16
6730.667873 6.6064e-16
6732.202036 7.6626e-16
6733.736199 7.3594e-16
6735.270362 6.4876e-16
6736.804525 8.3787e-16
6738.338688 8.4372e-16
6739.872851 7.0894e-16
6741.407014 7.5775e-16
6742.941177 6.5283e-16
6744.47534 6.4722e-16
6746.009503 7.5442e-16
6747.543666 8.4075e-16
6749.077829 7.9144e-16
6750.611992 7.7763e-16
6752.146155 7.6919e-16
6753.680318 8.0076e-16
6755.214481 8.2611e-16
6756.748644 6.6323e-16
6758.282807 5.803e-16
6759.81697 7.6067e-16
6761.351133 7.9173e-16
6762.885296 7.2988e-16
6764.419459 7.0879e-16
6765.953622 7.2997e-16
6767.487785 7.6517e-16
6769.021948 8.7287e-16
6770.556111 8.7041e-16
6772.090274 7.3218e-16
6773.624437 7.8888e-16
6775.1586 7.846e-16
6776.692763 7.9602e-16
6778.226926 8.4486e-16
6779.761089 6.5472e-16
6781.295252 5.8488e-16
6782.829415 6.1721e-16
6784.363578 6.7144e-16
6785.897741 6.638e-16
6787.431904 6.4038e-16
6788.966067 7.0014e-16
6790.50023 7.4989e-16
6792.034393 7.9968e-16
6793.568556 7.51e-16
6795.102719 6.8365e-16
6796.636882 7.1827e-16
6798.171045 7.1365e-16
6799.705208 6.8514e-16
6801.239371 7.7913e-16
6802.773534 7.9522e-16
6804.307697 7.6298e-16
6805.84186 6.2557e-16
6807.376023 5.4356e-16
6808.910186 7.2624e-16
6810.444349 8.5809e-16
6811.978512 7.3994e-16
6813.512675 7.2707e-16
6815.046838 6.2855e-16
6816.581001 6.1218e-16
6818.115164 5.0828e-16
6819.649327 5.2302e-16
6821.18349 6.3543e-16
6822.717653 7.1224e-16
6824.251816 6.8686e-16
6825.785979 8.4799e-16
6827.320142 1.084e-15
6828.854305 7.4753e-16
6830.388468 7.5598e-16
6831.922631 9.9009e-16
6833.456794 8.4068e-16
6834.990957 5.9384e-16
6836.52512 5.8363e-16
6838.059283 6.3777e-16
6839.593446 6.6731e-16
6841.127609 6.4171e-16
6842.661772 6.7632e-16
6844.195935 7.6895e-16
6845.730098 7.7968e-16
6847.264261 7.8112e-16
6848.798424 6.9323e-16
6850.332587 7.3935e-16
6851.86675 7.8375e-16
6853.400913 7.73e-16
6854.935076 8.2712e-16
6856.469239 8.1891e-16
6858.003402 8.5792e-16
6859.537565 1.0378e-15
6861.071728 1.0968e-15
6862.605891 9.5083e-16
6864.140054 1.1255e-15
6865.674217 1.1945e-15
6867.20838 1.0749e-15
6868.742543 8.3073e-16
6870.276706 8.6683e-16
6871.810869 7.7873e-16
6873.345032 6.874e-16
6874.879195 8.7499e-16
6876.413358 8.4294e-16
6877.947521 7.632e-16
6879.481684 6.8858e-16
6881.015847 6.6967e-16
6882.55001 8.8419e-16
6884.084173 9.0416e-16
6885.618336 8.3828e-16
6887.152499 9.2413e-16
6888.686662 1.0009e-15
6890.220825 9.4172e-16
6891.754988 8.4827e-16
6893.289151 8.7726e-16
6894.823314 9.8974e-16
6896.357477 8.4035e-16
6897.89164 5.4205e-16
6899.425803 6.2048e-16
6900.959966 7.2874e-16
6902.494129 7.4339e-16
6904.028292 8.2491e-16
6905.562455 8.9242e-16
6907.096618 8.79e-16
6908.630781 7.1719e-16
6910.164944 5.8665e-16
6911.699107 7.178e-16
6913.23327 7.7005e-16
6914.767433 8.1687e-16
6916.301596 8.2964e-16
6917.835759 7.2697e-16
6919.369922 5.3406e-16
6920.904085 5.1718e-16
6922.438248 6.9938e-16
6923.972411 8.8327e-16
6925.506574 7.4145e-16
6927.040737 5.8448e-16
6928.5749 5.2227e-16
6930.109063 6.286e-16
6931.643226 8.008e-16
6933.177389 7.5595e-16
6934.711552 8.9023e-16
6936.245715 1.0857e-15
6937.779878 1.065e-15
6939.314041 9.3998e-16
6940.848204 8.507e-16
6942.382367 9.3548e-16
6943.91653 9.1098e-16
6945.450693 8.0607e-16
6946.984856 7.3313e-16
6948.519019 7.2895e-16
6950.053182 9.1133e-16
6951.587345 8.7315e-16
6953.121508 7.0276e-16
6954.655671 8.1495e-16
6956.189834 7.913e-16
6957.723997 7.8281e-16
6959.25816 9.2237e-16
6960.792323 9.7044e-16
6962.326486 8.4247e-16
6963.860649 7.4308e-16
6965.394812 8.1778e-16
6966.928975 9.3373e-16
6968.463138 8.4146e-16
6969.997301 7.9468e-16
6971.531464 8.7601e-16
6973.065627 8.0281e-16
6974.59979 8.1274e-16
6976.133953 7.7477e-16
6977.668116 7.2815e-16
6979.202279 6.7764e-16
6980.736442 5.8211e-16
6982.270605 6.2352e-16
6983.804768 6.2912e-16
6985.338931 5.9436e-16
6986.873094 6.9033e-16
6988.407257 7.2808e-16
6989.94142 8.1554e-16
6991.475583 8.2726e-16
6993.009746 5.879e-16
6994.543909 6.6948e-16
6996.078072 7.6201e-16
6997.612235 7.3457e-16
6999.146398 9.4792e-16
7000.680561 1.0702e-15
7002.214724 9.595e-16
7003.748887 8.1965e-16
7005.28305 7.4251e-16
7006.817213 6.7592e-16
7008.351376 6.7555e-16
7009.885539 5.981e-16
7011.419702 7.1674e-16
7012.953865 9.3904e-16
7014.488028 9.2213e-16
7016.022191 7.9034e-16
7017.556354 7.9694e-16
7019.090517 7.871e-16
7020.62468 7.5341e-16
7022.158843 6.3123e-16
7023.693006 6.4699e-16
7025.227169 8.1522e-16
7026.761332 8.2691e-16
7028.295495 7.9654e-16
7029.829658 9.5559e-16
7031.363821 1.0027e-15
7032.897984 9.6985e-16
7034.432147 8.2061e-16
7035.96631 7.7324e-16
7037.500473 6.7241e-16
7039.034636 6.6482e-16
7040.568799 6.4046e-16
7042.102962 6.1157e-16
7043.637125 6.0841e-16
7045.171288 6.1494e-16
7046.705451 7.4121e-16
7048.239614 7.0452e-16
7049.773777 7.311e-16
7051.30794 8.6073e-16
7052.842103 8.4528e-16
7054.376266 8.5582e-16
7055.910429 7.3315e-16
7057.444592 7.0393e-16
7058.978755 7.6669e-16
7060.512918 7.0809e-16
7062.047081 7.465e-16
7063.581244 8.3193e-16
7065.115407 8.4486e-16
7066.64957 8.2189e-16
7068.183733 9.1131e-16
7069.717896 9.2536e-16
7071.252059 1.0215e-15
7072.786222 1.1161e-15
7074.320385 9.4601e-16
7075.854548 7.9807e-16
7077.388711 8.6639e-16
7078.922874 7.1625e-16
7080.457037 8.1802e-16
7081.9912 8.8115e-16
7083.525363 9.9876e-16
7085.059526 1.3275e-15
7086.593689 1.453e-15
7088.127852 1.3756e-15
7089.662015 1.599e-15
7091.196178 1.5436e-15
7092.730341 1.3114e-15
7094.264504 1.0741e-15
7095.798667 8.3931e-16
7097.33283 8.1613e-16
7098.866993 8.7502e-16
7100.401156 8.4245e-16
7101.935319 7.4864e-16
7103.469482 7.4699e-16
7105.003645 6.9837e-16
7106.537808 8.706e-16
7108.071971 1.0168e-15
7109.606134 9.7266e-16
7111.140297 1.1113e-15
7112.67446 1.1628e-15
7114.208623 1.0811e-15
7115.742786 1.0742e-15
7117.276949 1.0153e-15
7118.811112 9.8879e-16
7120.345275 8.5995e-16
7121.879438 8.6101e-16
7123.413601 8.8589e-16
7124.947764 9.0058e-16
7126.481927 8.6308e-16
7128.01609 8.6174e-16
7129.550253 9.5358e-16
7131.084416 8.2024e-16
7132.618579 7.6261e-16
7134.152742 8.629e-16
7135.686905 8.3295e-16
7137.221068 7.8534e-16
7138.755231 7.9557e-16
7140.289394 7.9126e-16
7141.823557 6.6722e-16
7143.35772 6.8214e-16
7144.891883 8.844e-16
7146.426046 8.1061e-16
7147.960209 6.1138e-16
7149.494372 6.5493e-16
7151.028535 7.7308e-16
7152.562698 8.3459e-16
7154.096861 8.367e-16
7155.631024 9.31e-16
7157.165187 7.9387e-16
7158.69935 6.8121e-16
7160.233513 7.4275e-16
7161.767676 7.2082e-16
7163.301839 6.5444e-16
7164.836002 7.2796e-16
7166.370165 8.2361e-16
7167.904328 7.7496e-16
7169.438491 7.5546e-16
7170.972654 8.6277e-16
7172.506817 8.8365e-16
7174.04098 8.8371e-16
7175.575143 9.5654e-16
7177.109306 8.0847e-16
7178.643469 6.801e-16
7180.177632 7.7928e-16
7181.711795 8.1863e-16
7183.245958 6.9648e-16
7184.780121 7.6628e-16
7186.314284 6.8743e-16
7187.848447 6.7667e-16
7189.38261 8.1682e-16
7190.916773 8.2757e-16
7192.450936 7.6055e-16
7193.985099 8.1231e-16
7195.519262 8.0607e-16
7197.053425 7.9269e-16
7198.587588 7.2639e-16
7200.121751 7.3429e-16
7201.655914 7.4551e-16
7203.190077 7.0761e-16
7204.72424 6.3235e-16
7206.258403 5.9396e-16
7207.792566 6.5158e-16
7209.326729 6.5494e-16
7210.860892 7.0764e-16
7212.395055 8.088e-16
7213.929218 8.0699e-16
7215.463381 7.8413e-16
7216.997544 6.9208e-16
7218.531707 6.4862e-16
7220.06587 6.4675e-16
7221.600033 6.9287e-16
7223.134196 6.5406e-16
7224.668359 6.007e-16
7226.202522 6.8455e-16
7227.736685 6.3708e-16
7229.270848 6.2662e-16
7230.805011 8.0298e-16
7232.339174 8.9513e-16
7233.873337 7.091e-16
7235.4075 8.6959e-16
7236.941663 1.065e-15
7238.475826 1.1679e-15
7240.009989 1.1692e-15
7241.544152 7.0311e-16
7243.078315 4.0865e-16
7244.612478 5.8344e-16
7246.146641 8.1519e-16
7247.680804 8.6065e-16
7249.214967 7.8036e-16
7250.74913 7.0386e-16
7252.283293 7.2884e-16
7253.817456 8.822e-16
7255.351619 8.6785e-16
7256.885782 8.3056e-16
7258.419945 8.2314e-16
7259.954108 8.0969e-16
7261.488271 8.122e-16
7263.022434 8.6879e-16
7264.556597 7.5166e-16
7266.09076 7.129e-16
7267.624923 9.2283e-16
7269.159086 7.8574e-16
7270.693249 6.8029e-16
7272.227412 7.7321e-16
7273.761575 6.6326e-16
7275.295738 6.5328e-16
7276.829901 6.1534e-16
7278.364064 6.198e-16
7279.898227 6.9035e-16
7281.43239 6.322e-16
7282.966553 7.2516e-16
7284.500716 8.358e-16
7286.034879 6.4951e-16
7287.569042 5.6787e-16
7289.103205 6.5996e-16
7290.637368 7.3822e-16
7292.171531 8.1088e-16
7293.705694 7.0479e-16
7295.239857 5.5002e-16
7296.77402 6.1876e-16
7298.308183 6.8899e-16
7299.842346 6.0001e-16
7301.376509 5.7063e-16
7302.910672 6.3301e-16
7304.444835 5.6367e-16
7305.978998 5.3022e-16
7307.513161 5.6226e-16
7309.047324 5.0847e-16
7310.581487 4.9737e-16
7312.11565 6.4583e-16
7313.649813 8.4986e-16
7315.183976 8.4723e-16
7316.718139 6.6008e-16
7318.252302 6.2518e-16
7319.786465 6.1958e-16
7321.320628 5.0279e-16
7322.854791 5.8646e-16
7324.388954 6.5939e-16
7325.923117 6.0315e-16
7327.45728 5.1955e-16
7328.991443 5.5504e-16
7330.525606 7.0401e-16
7332.059769 7.3916e-16
7333.593932 7.6831e-16
7335.128095 6.3235e-16
7336.662258 4.8761e-16
7338.196421 5.7731e-16
7339.730584 6.3685e-16
7341.264747 6.7911e-16
7342.79891 7.2339e-16
7344.333073 7.4398e-16
7345.867236 6.509e-16
7347.401399 5.554e-16
7348.935562 5.9989e-16
7350.469725 7.0705e-16
7352.003888 8.3681e-16
7353.538051 8.8888e-16
7355.072214 8.6523e-16
7356.606377 8.5403e-16
7358.14054 8.1901e-16
7359.674703 7.8796e-16
7361.208866 8.4714e-16
7362.743029 7.7253e-16
7364.277192 6.2781e-16
7365.811355 7.7395e-16
7367.345518 1.0033e-15
7368.879681 8.4471e-16
7370.413844 7.0785e-16
7371.948007 7.5645e-16
7373.48217 7.1721e-16
7375.016333 8.2927e-16
7376.550496 9.1814e-16
7378.084659 8.0462e-16
7379.618822 7.2495e-16
7381.152985 7.241e-16
7382.687148 6.8877e-16
7384.221311 7.1172e-16
7385.755474 7.3603e-16
7387.289637 7.4183e-16
7388.8238 8.9916e-16
7390.357963 9.4842e-16
7391.892126 6.6677e-16
7393.426289 4.7074e-16
7394.960452 5.6971e-16
7396.494615 7.3461e-16
7398.028778 7.007e-16
7399.562941 6.8517e-16
7401.097104 6.4388e-16
7402.631267 5.9436e-16
7404.16543 6.3126e-16
7405.699593 6.1647e-16
7407.233756 6.0386e-16
7408.767919 6.2074e-16
7410.302082 6.367e-16
7411.836245 7.1872e-16
7413.370408 6.0369e-16
7414.904571 5.0805e-16
7416.438734 6.1954e-16
7417.972897 8.143e-16
7419.50706 7.7072e-16
7421.041223 6.3826e-16
7422.575386 4.9255e-16
7424.109549 5.8124e-16
7425.643712 7.819e-16
7427.177875 6.8715e-16
7428.712038 7.1464e-16
7430.246201 7.3787e-16
7431.780364 7.8112e-16
7433.314527 7.1844e-16
7434.84869 6.2405e-16
7436.382853 6.6758e-16
7437.917016 8.6997e-16
7439.451179 7.6162e-16
7440.985342 7.17e-16
7442.519505 8.0144e-16
7444.053668 7.5822e-16
7445.587831 6.6923e-16
7447.121994 6.2518e-16
7448.656157 5.7238e-16
7450.19032 6.377e-16
7451.724483 6.4783e-16
7453.258646 6.359e-16
7454.792809 6.6809e-16
7456.326972 6.4774e-16
7457.861135 7.8925e-16
7459.395298 9.2685e-16
7460.929461 8.9622e-16
7462.463624 6.9781e-16
7463.997787 6.4982e-16
7465.53195 7.7388e-16
7467.066113 8.0255e-16
7468.600276 7.5253e-16
7470.134439 6.1338e-16
7471.668602 5.3804e-16
7473.202765 6.8207e-16
7474.736928 6.9948e-16
7476.271091 7.6725e-16
7477.805254 6.8377e-16
7479.339417 6.226e-16
7480.87358 6.0886e-16
7482.407743 9.1657e-16
7483.941906 1.0714e-15
7485.476069 9.0107e-16
7487.010232 7.7716e-16
7488.544395 7.7098e-16
7490.078558 7.1877e-16
7491.612721 6.4489e-16
7493.146884 7.4315e-16
7494.681047 7.9298e-16
7496.21521 7.4817e-16
7497.749373 8.359e-16
7499.283536 9.8316e-16
7500.817699 7.7954e-16
7502.351862 6.8771e-16
7503.886025 8.1224e-16
7505.420188 8.3372e-16
7506.954351 7.7421e-16
7508.488514 7.136e-16
7510.022677 7.0057e-16
7511.55684 6.783e-16
7513.091003 6.3624e-16
7514.625166 6.6212e-16
7516.159329 7.1851e-16
7517.693492 7.362e-16
7519.227655 7.4735e-16
7520.761818 9.3847e-16
7522.295981 8.4474e-16
7523.830144 8.1809e-16
7525.364307 8.6132e-16
7526.89847 8.5033e-16
7528.432633 7.1987e-16
7529.966796 7.2219e-16
7531.500959 8.5997e-16
7533.035122 6.9872e-16
7534.569285 5.8882e-16
7536.103448 6.0405e-16
7537.637611 6.3265e-16
7539.171774 4.5339e-16
7540.705937 5.4161e-16
7542.2401 7.0578e-16
7543.774263 7.5247e-16
7545.308426 8.1965e-16
7546.842589 8.1432e-16
7548.376752 7.7498e-16
7549.910915 8.1936e-16
7551.445078 9.1036e-16
7552.979241 7.9717e-16
7554.513404 7.1823e-16
7556.047567 7.016e-16
7557.58173 7.3249e-16
7559.115893 7.4598e-16
7560.650056 8.5421e-16
7562.184219 7.7043e-16
7563.718382 7.8439e-16
7565.252545 7.5195e-16
7566.786708 4.8655e-16
7568.320871 5.9999e-16
7569.855034 7.7607e-16
7571.389197 7.3428e-16
7572.92336 7.2507e-16
7574.457523 7.4523e-16
7575.991686 7.7459e-16
7577.525849 7.4048e-16
7579.060012 8.0062e-16
7580.594175 1.0711e-15
7582.128338 1.0232e-15
7583.662501 7.4431e-16
7585.196664 8.898e-16
7586.730827 1.0971e-15
7588.26499 1.0598e-15
7589.799153 1.2449e-15
7591.333316 1.6137e-15
7592.867479 1.4269e-15
7594.401642 9.1433e-16
7595.935805 9.8874e-16
7597.469968 1.2653e-15
7599.004131 9.2784e-16
7600.538294 8.6683e-16
7602.072457 8.5598e-16
7603.60662 8.4264e-16
7605.140783 8.8716e-16
7606.674946 1.0564e-15
7608.209109 1.0082e-15
7609.743272 7.1985e-16
7611.277435 4.7768e-16
7612.811598 7.5287e-16
7614.345761 8.7735e-16
7615.879924 7.0495e-16
7617.414087 6.8635e-16
7618.94825 6.9943e-16
7620.482413 5.1486e-16
7622.016576 4.848e-16
7623.550739 5.7962e-16
7625.084902 7.7058e-16
7626.619065 1.0064e-15
7628.153228 7.1419e-16
7629.687391 3.1773e-16
7631.221554 1.4696e-16
7632.755717 2.9792e-16
7634.28988 6.2405e-16
7635.824043 6.8814e-16
7637.358206 6.3164e-16
7638.892369 7.2759e-16
7640.426532 8.5976e-16
7641.960695 8.8122e-16
7643.494858 8.6377e-16
7645.029021 8.1229e-16
7646.563184 6.7887e-16
7648.097347 5.1382e-16
7649.63151 5.4069e-16
7651.165673 6.2643e-16
7652.699836 6.7672e-16
7654.233999 7.9064e-16
7655.768162 9.6276e-16
7657.302325 1.0856e-15
7658.836488 8.9734e-16
7660.370651 5.7236e-16
7661.904814 5.9313e-16
7663.438977 8.1917e-16
7664.97314 8.0149e-16
7666.507303 7.4438e-16
7668.041466 7.1952e-16
7669.575629 7.0057e-16
7671.109792 6.8545e-16
7672.643955 7.5152e-16
7674.178118 7.3622e-16
7675.712281 6.8696e-16
7677.246444 8.0639e-16
7678.780607 8.1958e-16
7680.31477 6.7538e-16
7681.848933 6.5158e-16
7683.383096 6.8363e-16
7684.917259 6.5869e-16
7686.451422 6.2708e-16
7687.985585 6.6934e-16
7689.519748 6.729e-16
7691.053911 6.5986e-16
7692.588074 7.3355e-16
7694.122237 6.7873e-16
7695.6564 6.1261e-16
7697.190563 8.1208e-16
7698.724726 8.6829e-16
7700.258889 5.6379e-16
7701.793052 5.047e-16
7703.327215 5.4316e-16
7704.861378 4.341e-16
7706.395541 4.4964e-16
7707.929704 7.3023e-16
7709.463867 7.6826e-16
7710.99803 6.7311e-16
7712.532193 1.0347e-15
7714.066356 1.0267e-15
7715.600519 7.9477e-16
7717.134682 8.2273e-16
7718.668845 9.425e-16
7720.203008 9.4581e-16
7721.737171 8.9885e-16
7723.271334 8.0908e-16
7724.805497 6.6786e-16
7726.33966 6.8656e-16
7727.873823 7.1221e-16
7729.407986 7.0165e-16
7730.942149 5.2824e-16
7732.476312 7.0394e-16
7734.010475 8.4806e-16
7735.544638 7.2653e-16
7737.078801 7.1047e-16
7738.612964 7.2197e-16
7740.147127 6.7772e-16
7741.68129 6.8552e-16
7743.215453 6.4592e-16
7744.749616 6.801e-16
7746.283779 8.2773e-16
7747.817942 7.6959e-16
7749.352105 7.4822e-16
7750.886268 8.0795e-16
7752.420431 9.2024e-16
7753.954594 9.4094e-16
7755.488757 8.7089e-16
7757.02292 7.3367e-16
7758.557083 9.2908e-16
7760.091246 7.9909e-16
7761.625409 6.2327e-16
7763.159572 6.2301e-16
7764.693735 6.7724e-16
7766.227898 7.3801e-16
7767.762061 8.1896e-16
7769.296224 8.4676e-16
7770.830387 7.5687e-16
7772.36455 8.8037e-16
7773.898713 9.059e-16
7775.432876 8.466e-16
7776.967039 5.2587e-16
7778.501202 4.0158e-16
7780.035365 6.949e-16
7781.569528 7.7963e-16
7783.103691 6.5258e-16
7784.637854 7.4869e-16
7786.172017 8.8044e-16
7787.70618 8.1569e-16
7789.240343 6.9974e-16
7790.774506 7.9079e-16
7792.308669 8.7843e-16
7793.842832 8.8167e-16
7795.376995 5.504e-16
7796.911158 7.3968e-16
7798.445321 9.6019e-16
7799.979484 7.3834e-16
7801.513647 7.3146e-16
7803.04781 8.1991e-16
7804.581973 5.3137e-16
7806.116136 5.0894e-16
7807.650299 7.822e-16
7809.184462 8.8652e-16
7810.718625 7.095e-16
7812.252788 4.6589e-16
7813.786951 3.5671e-16
7815.321114 5.6347e-16
7816.855277 7.8675e-16
7818.38944 8.4137e-16
7819.923603 7.8156e-16
7821.457766 6.5866e-16
7822.991929 5.7703e-16
7824.526092 6.7647e-16
7826.060255 7.3046e-16
7827.594418 6.9762e-16
7829.128581 6.1042e-16
7830.662744 6.082e-16
7832.196907 6.5383e-16
7833.73107 7.4035e-16
7835.265233 7.6987e-16
7836.799396 8.7655e-16
7838.333559 9.1076e-16
7839.867722 8.7443e-16
7841.401885 8.5671e-16
7842.936048 8.6224e-16
7844.470211 7.7121e-16
7846.004374 8.8567e-16
7847.538537 1.0414e-15
7849.0727 9.6886e-16
7850.606863 5.7947e-16
7852.141026 5.5719e-16
7853.675189 4.7199e-16
7855.209352 7.1712e-16
7856.743515 1.1436e-15
7858.277678 9.1524e-16
7859.811841 5.5332e-16
7861.346004 4.3384e-16
7862.880167 5.2734e-16
7864.41433 7.664e-16
7865.948493 1.029e-15
7867.482656 8.719e-16
7869.016819 8.125e-16
7870.550982 7.1716e-16
7872.085145 5.1222e-16
7873.619308 4.6968e-16
7875.153471 5.4149e-16
7876.687634 7.0544e-16
7878.221797 8.7581e-16
7879.75596 1.1075e-15
7881.290123 1.0806e-15
7882.824286 8.4233e-16
7884.358449 8.1425e-16
7885.892612 7.1803e-16
7887.426775 6.081e-16
7888.960938 7.1035e-16
7890.495101 9.0918e-16
7892.029264 9.5971e-16
7893.563427 7.9321e-16
7895.09759 6.7863e-16
7896.631753 7.308e-16
7898.165916 6.9741e-16
7899.700079 6.2494e-16
7901.234242 6.7007e-16
7902.768405 6.7958e-16
7904.302568 6.228e-16
7905.836731 5.4273e-16
7907.370894 6.1372e-16
7908.905057 8.9577e-16
7910.43922 9.3753e-16
7911.973383 8.367e-16
7913.507546 8.4396e-16
7915.041709 6.6767e-16
7916.575872 5.7736e-16
7918.110035 7.0438e-16
7919.644198 7.718e-16
7921.178361 7.6392e-16
7922.712524 6.9603e-16
7924.246687 6.6613e-16
7925.78085 7.8968e-16
7927.315013 6.1803e-16
7928.849176 5.7417e-16
7930.383339 8.279e-16
7931.917502 9.0041e-16
7933.451665 7.7156e-16
7934.985828 7.2212e-16
7936.519991 7.7683e-16
7938.054154 8.5042e-16
7939.588317 9.1925e-16
7941.12248 9.6476e-16
7942.656643 8.0324e-16
7944.190806 6.7781e-16
7945.724969 7.6791e-16
7947.259132 7.2823e-16
7948.793295 6.2496e-16
7950.327458 6.3454e-16
7951.861621 4.8666e-16
7953.395784 6.2331e-16
7954.929947 8.4511e-16
7956.46411 7.7307e-16
7957.998273 7.9139e-16
7959.532436 8.4259e-16
7961.066599 7.7951e-16
7962.600762 5.2512e-16
7964.134925 7.1245e-16
7965.669088 9.7365e-16
7967.203251 7.5209e-16
7968.737414 4.9369e-16
7970.271577 5.5056e-16
7971.80574 7.7718e-16
7973.339903 1.0631e-15
7974.874066 1.0598e-15
7976.408229 1.1037e-15
7977.942392 8.1425e-16
7979.476555 8.7407e-16
7981.010718 9.2955e-16
7982.544881 8.371e-16
7984.079044 8.6297e-16
7985.613207 8.6429e-16
7987.14737 5.516e-16
7988.681533 6.2551e-16
7990.215696 6.6368e-16
7991.749859 6.0348e-16
7993.284022 9.662e-16
7994.818185 7.0783e-16
7996.352348 5.6248e-16
7997.886511 6.0383e-16
7999.420674 7.4053e-16
8000.954837 6.7871e-16
8002.489 5.8132e-16
8004.023163 6.8398e-16
8005.557326 9.305e-16
8007.091489 9.5944e-16
8008.625652 8.1208e-16
8010.159815 6.9689e-16
8011.693978 7.8849e-16
8013.228141 8.0929e-16
8014.762304 8.2957e-16
8016.296467 8.0903e-16
8017.83063 8.6931e-16
8019.364793 6.588e-16
8020.898956 4.3849e-16
8022.433119 7.531e-16
8023.967282 1.0789e-15
8025.501445 1.0333e-15
8027.035608 7.8586e-16
8028.569771 8.1717e-16
8030.103934 7.2278e-16
8031.638097 7.8632e-16
8033.17226 9.0352e-16
8034.706423 7.0367e-16
8036.240586 6.103e-16
8037.774749 5.2701e-16
8039.308912 4.2974e-16
8040.843075 5.4448e-16
8042.377238 5.7089e-16
8043.911401 5.0892e-16
8045.445564 4.6221e-16
8046.979727 6.5085e-16
8048.51389 7.0273e-16
8050.048053 5.802e-16
8051.582216 4.6296e-16
8053.116379 5.371e-16
8054.650542 5.8365e-16
8056.184705 8.4519e-16
8057.718868 8.0222e-16
8059.253031 7.7362e-16
8060.787194 8.0573e-16
8062.321357 8.7426e-16
8063.85552 1.0768e-15
8065.389683 7.2518e-16
8066.923846 4.8819e-16
8068.458009 7.4193e-16
8069.992172 7.7091e-16
8071.526335 6.4663e-16
8073.060498 6.7232e-16
8074.594661 6.3571e-16
8076.128824 6.492e-16
8077.662987 7.3133e-16
8079.19715 6.8891e-16
8080.731313 6.9616e-16
8082.265476 7.6892e-16
8083.799639 6.8033e-16
8085.333802 7.2914e-16
8086.867965 7.5197e-16
8088.402128 6.506e-16
8089.936291 7.4124e-16
8091.470454 6.9868e-16
8093.004617 5.1307e-16
8094.53878 5.749e-16
8096.072943 7.6742e-16
8097.607106 9.0051e-16
8099.141269 8.4308e-16
8100.675432 8.3273e-16
8102.209595 8.603e-16
8103.743758 8.2071e-16
8105.277921 7.5643e-16
8106.812084 7.5023e-16
8108.346247 8.4379e-16
8109.88041 7.1554e-16
8111.414573 5.9747e-16
8112.948736 6.0581e-16
8114.482899 6.1529e-16
8116.017062 5.9209e-16
8117.551225 5.4979e-16
8119.085388 7.0986e-16
8120.619551 6.7901e-16
8122.153714 5.596e-16
8123.687877 7.6965e-16
8125.22204 9.1569e-16
8126.756203 7.6524e-16
8128.290366 6.8347e-16
8129.824529 7.689e-16
8131.358692 7.3348e-16
8132.892855 7.4792e-16
8134.427018 8.4348e-16
8135.961181 8.1628e-16
8137.495344 7.5536e-16
8139.029507 7.6149e-16
8140.56367 6.194e-16
8142.097833 5.8202e-16
8143.631996 8.7664e-16
8145.166159 8.9044e-16
8146.700322 7.3818e-16
8148.234485 6.5559e-16
8149.768648 7.0868e-16
8151.302811 8.8931e-16
8152.836974 8.969e-16
8154.371137 8.2038e-16
8155.9053 8.5553e-16
8157.439463 7.9942e-16
8158.973626 6.85e-16
8160.507789 6.5842e-16
8162.041952 7.2705e-16
8163.576115 7.0723e-16
8165.110278 6.5677e-16
8166.644441 6.9537e-16
8168.178604 8.8383e-16
8169.712767 7.9173e-16
8171.24693 6.5165e-16
8172.781093 7.8045e-16
8174.315256 9.0744e-16
8175.849419 8.1224e-16
8177.383582 7.9765e-16
8178.917745 7.3872e-16
8180.451908 7.5084e-16
8181.986071 8.4978e-16
8183.520234 8.1193e-16
8185.054397 7.0552e-16
8186.58856 5.9737e-16
8188.122723 7.1938e-16
8189.656886 8.3953e-16
8191.191049 6.2253e-16
8192.725212 9.0098e-16
8194.259375 9.975e-16
8195.793538 8.3714e-16
8197.327701 7.9729e-16
8198.861864 7.3337e-16
8200.396027 6.4857e-16
8201.93019 6.0044e-16
8203.464353 7.9521e-16
8204.998516 8.9636e-16
8206.532679 7.9362e-16
8208.066842 6.5949e-16
8209.601005 7.477e-16
8211.135168 8.6268e-16
8212.669331 8.0069e-16
8214.203494 7.2448e-16
8215.737657 5.7087e-16
8217.27182 6.5522e-16
8218.805983 8.7982e-16
8220.340146 1.043e-15
8221.874309 1.0457e-15
8223.408472 8.1561e-16
8224.942635 7.7918e-16
8226.476798 8.5535e-16
8228.010961 6.6566e-16
8229.545124 6.2558e-16
8231.079287 6.6899e-16
8232.61345 7.4874e-16
8234.147613 7.0696e-16
8235.681776 7.9088e-16
8237.215939 8.652e-16
8238.750102 9.2743e-16
8240.284265 7.5938e-16
8241.818428 7.1381e-16
8243.352591 7.4801e-16
8244.886754 6.826e-16
8246.420917 6.9618e-16
8247.95508 7.2459e-16
8249.489243 5.7061e-16
8251.023406 5.268e-16
8252.557569 5.8803e-16
8254.091732 8.4059e-16
8255.625895 9.5061e-16
8257.160058 7.1065e-16
8258.694221 6.1296e-16
8260.228384 7.5428e-16
8261.762547 7.8496e-16
8263.29671 5.7999e-16
8264.830873 5.5556e-16
8266.365036 6.804e-16
8267.899199 6.9297e-16
8269.433362 6.7262e-16
8270.967525 6.6672e-16
8272.501688 5.3729e-16
8274.035851 3.4214e-16
8275.570014 3.8291e-16
8277.104177 4.6009e-16
8278.63834 5.0769e-16
8280.172503 6.144e-16
8281.706666 6.1865e-16
8283.240829 6.7557e-16
8284.774992 9.2111e-16
8286.309155 9.0472e-16
8287.843318 9.2868e-16
8289.377481 1.0253e-15
8290.911644 5.3715e-16
8292.445807 3.8771e-16
8293.97997 8.0616e-16
8295.514133 8.4181e-16
8297.048296 6.4109e-16
8298.582459 8.403e-16
8300.116622 7.129e-16
8301.650785 5.0381e-16
8303.184948 6.5731e-16
8304.719111 8.2385e-16
8306.253274 7.3508e-16
8307.787437 6.9281e-16
8309.3216 7.7723e-16
8310.855763 6.5435e-16
8312.389926 5.0175e-16
8313.924089 5.7268e-16
8315.458252 5.2514e-16
8316.992415 5.9363e-16
8318.526578 8.3261e-16
8320.060741 7.1889e-16
8321.594904 5.7834e-16
8323.129067 7.0374e-16
8324.66323 7.22e-16
8326.197393 6.4439e-16
8327.731556 7.3086e-16
8329.265719 7.9088e-16
8330.799882 7.3093e-16
8332.334045 6.6741e-16
8333.868208 6.0032e-16
8335.402371 6.2734e-16
8336.936534 7.5586e-16
8338.470697 8.9235e-16
8340.00486 1.0252e-15
8341.539023 9.5007e-16
8343.073186 7.4787e-16
8344.607349 7.555e-16
8346.141512 7.8612e-16
8347.675675 4.8562e-16
8349.209838 2.7486e-16
8350.744001 4.7518e-16
8352.278164 5.2003e-16
8353.812327 5.8353e-16
8355.34649 8.0453e-16
8356.880653 9.4418e-16
8358.414816 9.3095e-16
8359.948979 9.086e-16
8361.483142 7.9224e-16
8363.017305 6.3897e-16
8364.551468 6.9392e-16
8366.085631 6.1803e-16
8367.619794 5.9615e-16
8369.153957 6.1773e-16
8370.68812 5.9895e-16
8372.222283 6.797e-16
8373.756446 7.0929e-16
8375.290609 7.1509e-16
8376.824772 6.9856e-16
8378.358935 7.0257e-16
8379.893098 6.6998e-16
8381.427261 4.5952e-16
8382.961424 5.8191e-16
8384.495587 7.3139e-16
8386.02975 6.2326e-16
8387.563913 5.8525e-16
8389.098076 6.6719e-16
8390.632239 7.1686e-16
8392.166402 8.4757e-16
8393.700565 9.3892e-16
8395.234728 1.1767e-15
8396.768891 1.1518e-15
8398.303054 6.988e-16
8399.837217 7.7201e-16
8401.37138 7.821e-16
8402.905543 6.725e-16
8404.439706 6.1984e-16
8405.973869 5.9912e-16
8407.508032 5.6033e-16
8409.042195 5.6176e-16
8410.576358 6.8559e-16
8412.110521 8.802e-16
8413.644684 8.4677e-16
8415.178847 7.1676e-16
8416.71301 6.8167e-16
8418.247173 7.9633e-16
8419.781336 8.4971e-16
8421.315499 8.6917e-16
8422.849662 8.3313e-16
8424.383825 6.8821e-16
8425.917988 7.4461e-16
8427.452151 1.0436e-15
8428.986314 1.3172e-15
8430.520477 1.1634e-15
8432.05464 5.2109e-16
8433.588803 4.9602e-16
8435.122966 7.0815e-16
8436.657129 7.5921e-16
8438.191292 7.4008e-16
8439.725455 8.2313e-16
8441.259618 7.9739e-16
8442.793781 7.1566e-16
8444.327944 8.0225e-16
8445.862107 7.2888e-16
8447.39627 6.4199e-16
8448.930433 6.5088e-16
8450.464596 8.7818e-16
8451.998759 8.0917e-16
8453.532922 7.4674e-16
8455.067085 7.8475e-16
8456.601248 8.4354e-16
8458.135411 7.8473e-16
8459.669574 9.0393e-16
8461.203737 8.9562e-16
8462.7379 8.9404e-16
8464.272063 7.8359e-16
8465.806226 7.8397e-16
8467.340389 7.0235e-16
8468.874552 5.6676e-16
8470.408715 7.8835e-16
8471.942878 9.6175e-16
8473.477041 7.614e-16
8475.011204 7.3063e-16
8476.545367 7.9335e-16
8478.07953 6.9118e-16
8479.613693 6.5434e-16
8481.147856 6.9217e-16
8482.682019 5.5313e-16
8484.216182 5.7335e-16
8485.750345 7.1506e-16
8487.284508 8.6445e-16
8488.818671 9.4382e-16
8490.352834 6.7298e-16
8491.886997 6.1546e-16
8493.42116 7.759e-16
8494.955323 7.7532e-16
8496.489486 7.8953e-16
8498.023649 1.0121e-15
8499.557812 9.9058e-16
8501.091975 7.5037e-16
8502.626138 7.6869e-16
8504.160301 8.8782e-16
8505.694464 7.5176e-16
8507.228627 4.7864e-16
8508.76279 4.6508e-16
8510.296953 6.0883e-16
8511.831116 7.1056e-16
8513.365279 7.4659e-16
8514.899442 7.0952e-16
8516.433605 7.3754e-16
8517.967768 6.6984e-16
8519.501931 5.2527e-16
8521.036094 6.2225e-16
8522.570257 6.9613e-16
8524.10442 6.207e-16
8525.638583 7.8928e-16
8527.172746 9.9606e-16
8528.706909 9.7936e-16
8530.241072 9.8896e-16
8531.775235 8.5212e-16
8533.309398 6.7536e-16
8534.843561 6.4104e-16
8536.377724 6.3489e-16
8537.911887 6.8326e-16
8539.44605 5.9438e-16
8540.980213 4.9838e-16
8542.514376 5.5695e-16
8544.048539 6.2928e-16
8545.582702 6.0068e-16
8547.116865 6.2253e-16
8548.651028 5.9711e-16
8550.185191 6.0009e-16
8551.719354 7.0351e-16
8553.253517 7.9003e-16
8554.78768 7.9145e-16
8556.321843 6.68e-16
8557.856006 6.917e-16
8559.390169 7.5827e-16
8560.924332 5.9629e-16
8562.458495 5.3863e-16
8563.992658 7.016e-16
8565.526821 7.7668e-16
8567.060984 6.8514e-16
8568.595147 6.2702e-16
8570.12931 7.9444e-16
8571.663473 7.3501e-16
8573.197636 6.3795e-16
8574.731799 8.7556e-16
8576.265962 7.5659e-16
8577.800125 4.768e-16
8579.334288 6.0572e-16
8580.868451 7.0044e-16
8582.402614 6.909e-16
8583.936777 5.7516e-16
8585.47094 5.3748e-16
8587.005103 6.685e-16
8588.539266 5.6945e-16
8590.073429 4.8449e-16
8591.607592 6.7517e-16
8593.141755 6.9266e-16
8594.675918 6.0412e-16
8596.210081 6.7679e-16
8597.744244 7.8819e-16
8599.278407 6.2628e-16
8600.81257 6.6665e-16
8602.346733 7.9163e-16
8603.880896 7.697e-16
8605.415059 7.8626e-16
8606.949222 7.8786e-16
8608.483385 7.9679e-16
8610.017548 7.3851e-16
8611.551711 6.392e-16
8613.085874 6.0522e-16
8614.620037 6.0669e-16
8616.1542 5.9013e-16
8617.688363 8.5855e-16
8619.222526 8.1375e-16
8620.756689 5.2942e-16
8622.290852 6.2652e-16
8623.825015 6.0687e-16
8625.359178 5.6662e-16
8626.893341 6.9379e-16
8628.427504 8.8732e-16
8629.961667 8.8148e-16
8631.49583 6.8108e-16
8633.029993 7.1398e-16
8634.564156 9.7387e-16
8636.098319 8.0317e-16
8637.632482 7.8685e-16
8639.166645 7.5098e-16
8640.700808 7.0387e-16
8642.234971 6.5604e-16
8643.769134 7.8468e-16
8645.303297 6.9557e-16
8646.83746 5.3297e-16
8648.371623 4.6822e-16
8649.905786 7.7038e-16
8651.439949 8.6567e-16
8652.974112 7.1903e-16
8654.508275 3.6343e-16
8656.042438 4.7332e-16
8657.576601 6.5071e-16
8659.110764 6.737e-16
8660.644927 6.3687e-16
8662.17909 5.7688e-16
8663.713253 5.019e-16
8665.247416 4.1524e-16
8666.781579 4.3611e-16
8668.315742 6.0926e-16
8669.849905 5.7981e-16
8671.384068 5.8292e-16
8672.918231 5.3458e-16
8674.452394 4.9369e-16
8675.986557 4.408e-16
8677.52072 4.3573e-16
8679.054883 6.2867e-16
8680.589046 9.2793e-16
8682.123209 8.5592e-16
8683.657372 8.6957e-16
8685.191535 9.3182e-16
8686.725698 8.3509e-16
8688.259861 7.3223e-16
8689.794024 6.8352e-16
8691.328187 6.4404e-16
8692.86235 6.9403e-16
8694.396513 7.1796e-16
8695.930676 6.165e-16
8697.464839 5.8922e-16
8698.999002 5.7132e-16
8700.533165 6.015e-16
8702.067328 5.7198e-16
8703.601491 6.1747e-16
8705.135654 7.3044e-16
8706.669817 7.9918e-16
8708.20398 8.3879e-16
8709.738143 7.6013e-16
8711.272306 6.6159e-16
8712.806469 6.3956e-16
8714.340632 6.6413e-16
8715.874795 7.0162e-16
8717.408958 7.3827e-16
8718.943121 7.3577e-16
8720.477284 7.4178e-16
8722.011447 7.1103e-16
8723.54561 5.7816e-16
8725.079773 5.5227e-16
8726.613936 7.2855e-16
8728.148099 8.458e-16
8729.682262 8.2101e-16
8731.216425 7.7918e-16
8732.750588 8.0229e-16
8734.284751 8.3141e-16
8735.818914 7.7199e-16
8737.353077 6.2001e-16
8738.88724 5.819e-16
8740.421403 7.0657e-16
8741.955566 6.3031e-16
8743.489729 5.7898e-16
8745.023892 7.8065e-16
8746.558055 8.6777e-16
8748.092218 7.4687e-16
8749.626381 7.3629e-16
8751.160544 6.9677e-16
8752.694707 5.4878e-16
8754.22887 6.8837e-16
8755.763033 8.0227e-16
8757.297196 2.9012e-16
8758.831359 3.6459e-16
8760.365522 1.1953e-15
8761.899685 1.5815e-15
8763.433848 1.4583e-15
8764.968011 8.1048e-16
8766.502174 2.0393e-16
8768.036337 3.5232e-16
8769.5705 8.4629e-16
8771.104663 1.1144e-15
8772.638826 1.1964e-15
8774.172989 7.5852e-16
8775.707152 4.5231e-16
8777.241315 5.196e-16
8778.775478 5.7183e-16
8780.309641 7.1193e-16
8781.843804 6.899e-16
8783.377967 9.3809e-16
8784.91213 1.1478e-15
8786.446293 6.9662e-16
8787.980456 5.8504e-16
8789.514619 7.4213e-16
8791.048782 9.0348e-16
8792.582945 9.5786e-16
8794.117108 7.5508e-16
8795.651271 7.4674e-16
8797.185434 7.0533e-16
8798.719597 7.9073e-16
8800.25376 7.506e-16
8801.787923 6.2161e-16
8803.322086 7.094e-16
8804.856249 6.7427e-16
8806.390412 6.4678e-16
8807.924575 6.7208e-16
8809.458738 5.8072e-16
8810.992901 6.6552e-16
8812.527064 7.556e-16
8814.061227 7.7565e-16
8815.59539 7.5088e-16
8817.129553 -1.7761e-15
8818.663716 -3.3305e-15
8820.197879 2.1218e-15
8821.732042 1.2388e-15
8823.266205 2.2084e-16
8824.800368 9.2975e-16
8826.334531 7.7367e-16
8827.868694 6.119e-16
8829.402857 8.2823e-16
8830.93702 8.5848e-16
8832.471183 6.8045e-16
8834.005346 6.3782e-16
8835.539509 4.9428e-16
8837.073672 6.7371e-16
8838.607835 7.3174e-16
8840.141998 7.3433e-16
8841.676161 9.0293e-16
8843.210324 8.4844e-16
8844.744487 6.7278e-16
8846.27865 5.8985e-16
8847.812813 6.1504e-16
8849.346976 6.5489e-16
8850.881139 7.2205e-16
8852.415302 9.1387e-16
8853.949465 9.0664e-16
8855.483628 8.2997e-16
8857.017791 7.5721e-16
8858.551954 7.4812e-16
8860.086117 7.7163e-16
8861.62028 7.5697e-16
8863.154443 7.6359e-16
8864.688606 7.6027e-16
8866.222769 5.5696e-16
8867.756932 4.0698e-16
8869.291095 5.217e-16
8870.825258 6.2675e-16
8872.359421 6.5569e-16
8873.893584 6.7413e-16
8875.427747 4.3816e-16
8876.96191 -6.1598e-16
8878.496073 -6.9222e-16
8880.030236 7.0075e-16
8881.564399 9.7924e-16
8883.098562 4.9171e-16
8884.632725 1.0758e-15
8886.166888 1.4958e-15
8887.701051 4.2273e-16
8889.235214 2.1357e-16
8890.769377 7.9682e-16
8892.30354 7.9722e-16
8893.837703 6.6564e-16
8895.371866 6.2284e-16
8896.906029 5.9344e-16
8898.440192 4.8267e-16
8899.974355 5.1852e-16
8901.508518 5.3083e-16
8903.042681 5.6141e-16
8904.576844 5.6986e-16
8906.111007 6.1449e-16
8907.64517 7.0578e-16
8909.179333 6.8644e-16
8910.713496 5.579e-16
8912.247659 2.4448e-17
8913.781822 2.6285e-16
8915.315985 9.2809e-16
8916.850148 6.3572e-16
8918.384311 7.7486e-16
8919.918474 1.5918e-15
8921.452637 1.5528e-15
8922.9868 4.9341e-16
8924.520963 4.4816e-16
8926.055126 5.8466e-16
8927.589289 5.802e-16
8929.123452 5.9419e-16
8930.657615 6.8731e-16
8932.191778 6.8057e-16
8933.725941 6.7656e-16
8935.260104 5.8919e-16
8936.794267 4.3768e-16
8938.32843 4.7921e-16
8939.862593 5.8938e-16
8941.396756 6.8715e-16
8942.930919 7.4607e-16
8944.465082 7.2782e-16
8945.999245 6.211e-16
8947.533408 6.0291e-16
8949.067571 7.805e-16
8950.601734 5.7709e-16
8952.135897 1.3986e-16
8953.67006 4.1521e-16
8955.204223 6.0042e-16
8956.738386 1.2102e-15
8958.272549 6.7349e-16
8959.806712 -3.5656e-17
8961.340875 6.1074e-16
8962.875038 8.162e-16
8964.409201 5.7736e-16
8965.943364 4.4645e-16
8967.477527 5.6922e-16
8969.01169 4.599e-16
8970.545853 4.9762e-16
8972.080016 6.8738e-16
8973.614179 7.182e-16
8975.148342 6.5967e-16
8976.682505 4.9062e-16
8978.216668 5.5254e-16
8979.750831 5.7775e-16
8981.284994 4.71e-16
8982.819157 6.2069e-16
8984.35332 5.6689e-16
8985.887483 5.3198e-16
8987.421646 4.3622e-16
8988.955809 4.7793e-16
8990.489972 5.7794e-16
8992.024135 5.8367e-16
8993.558298 5.2996e-16
8995.092461 4.4092e-16
8996.626624 6.3612e-16
8998.160787 1.0369e-15
8999.69495 8.8112e-16
9001.229113 8.9353e-16
9002.763276 7.302e-16
9004.297439 7.1737e-16
9005.831602 6.2737e-16
9007.365765 6.1365e-16
9008.899928 6.9485e-16
9010.434091 7.3457e-16
9011.968254 6.8569e-16
9013.502417 6.0914e-16
9015.03658 5.7492e-16
9016.570743 5.3984e-16
9018.104906 5.2795e-16
9019.639069 6.0379e-16
9021.173232 6.8021e-16
9022.707395 6.3605e-16
9024.241558 4.8159e-16
9025.775721 5.6745e-16
9027.309884 6.7983e-16
9028.844047 4.9477e-16
9030.37821 4.2563e-16
9031.912373 5.9617e-16
9033.446536 8.9235e-16
9034.980699 9.5252e-16
9036.514862 6.334e-16
9038.049025 5.3755e-16
9039.583188 6.2267e-16
9041.117351 5.9763e-16
9042.651514 6.9434e-16
9044.185677 6.999e-16
9045.71984 3.993e-16
9047.254003 8.183e-16
9048.788166 9.7271e-16
9050.322329 5.6419e-16
9051.856492 4.8553e-16
9053.390655 6.1074e-16
9054.924818 6.9452e-16
9056.458981 6.2617e-16
9057.993144 5.7941e-16
9059.527307 6.4272e-16
9061.06147 6.6017e-16
9062.595633 5.823e-16
9064.129796 4.9992e-16
9065.663959 5.8299e-16
9067.198122 7.0275e-16
9068.732285 6.336e-16
9070.266448 6.2984e-16
9071.800611 7.5978e-16
9073.334774 7.3782e-16
9074.868937 6.165e-16
9076.4031 5.6149e-16
9077.937263 6.0516e-16
9079.471426 7.3858e-16
9081.005589 7.5284e-16
9082.539752 6.8781e-16
9084.073915 6.2175e-16
9085.608078 6.6409e-16
9087.142241 8.205e-16
9088.676404 7.2433e-16
9090.210567 6.0353e-16
9091.74473 6.9827e-16
9093.278893 7.585e-16
9094.813056 6.3986e-16
9096.347219 6.4463e-16
9097.881382 7.2497e-16
9099.415545 6.226e-16
9100.949708 5.409e-16
9102.483871 6.2213e-16
9104.018034 7.8263e-16
9105.552197 7.0733e-16
9107.08636 6.297e-16
9108.620523 7.1775e-16
9110.154686 7.665e-16
9111.688849 6.5896e-16
9113.223012 5.9568e-16
9114.757175 5.6424e-16
9116.291338 5.1994e-16
9117.825501 5.2621e-16
9119.359664 5.5276e-16
9120.893827 4.8973e-16
9122.42799 5.3302e-16
9123.962153 6.0202e-16
9125.496316 6.3569e-16
9127.030479 6.8799e-16
9128.564642 5.4306e-16
9130.098805 3.4202e-16
9131.632968 4.5627e-16
9133.167131 5.9178e-16
9134.701294 5.1257e-16
9136.235457 5.3991e-16
9137.76962 5.7078e-16
9139.303783 4.9659e-16
9140.837946 4.6803e-16
9142.372109 5.068e-16
9143.906272 5.7106e-16
9145.440435 5.6106e-16
9146.974598 6.7672e-16
9148.508761 6.0054e-16
9150.042924 5.3819e-16
9151.577087 5.9756e-16
9153.11125 6.6741e-16
9154.645413 7.0177e-16
9156.179576 7.0667e-16
9157.713739 6.0857e-16
9159.247902 5.0453e-16
9160.782065 5.4002e-16
9162.316228 6.0502e-16
9163.850391 6.9959e-16
9165.384554 6.7248e-16
9166.918717 5.0857e-16
9168.45288 6.2069e-16
9169.987043 6.8333e-16
9171.521206 4.9364e-16
9173.055369 5.151e-16
9174.589532 5.4366e-16
9176.123695 4.7933e-16
9177.657858 4.2695e-16
9179.192021 5.4245e-16
9180.726184 5.1324e-16
9182.260347 5.0145e-16
9183.79451 5.0586e-16
9185.328673 5.1404e-16
9186.862836 6.1063e-16
9188.396999 6.5326e-16
9189.931162 6.4453e-16
9191.465325 7.1695e-16
9192.999488 7.669e-16
9194.533651 6.6719e-16
9196.067814 6.0277e-16
9197.601977 5.5e-16
9199.13614 4.8591e-16
9200.670303 6.2504e-16
9202.204466 6.4644e-16
9203.738629 5.9577e-16
9205.272792 6.0921e-16
9206.806955 6.796e-16
9208.341118 5.5556e-16
9209.875281 4.7136e-16
9211.409444 7.3495e-16
9212.943607 9.9646e-16
9214.47777 9.1642e-16
9216.011933 6.7437e-16
9217.546096 6.0532e-16
9219.080259 7.1796e-16
9220.614422 6.5967e-16
9222.148585 4.7025e-16
9223.682748 4.8768e-16
9225.216911 4.6763e-16
9226.751074 3.3471e-16
9228.285237 3.4746e-16
9229.8194 5.0421e-16
9231.353563 5.1267e-16
9232.887726 4.2026e-16
9234.421889 5.47e-16
9235.956052 6.2227e-16
9237.490215 5.8228e-16
9239.024378 6.4423e-16
9240.558541 6.0153e-16
9242.092704 4.6904e-16
9243.626867 5.0465e-16
9245.16103 6.6529e-16
9246.695193 7.1415e-16
9248.229356 7.4101e-16
9249.763519 7.4298e-16
9251.297682 7.4813e-16
9252.831845 7.0672e-16
9254.366008 6.3711e-16
9255.900171 6.9814e-16
9257.434334 6.7522e-16
9258.968497 5.7441e-16
9260.50266 6.2794e-16
9262.036823 6.5642e-16
9263.570986 5.7572e-16
9265.105149 5.5293e-16
9266.639312 5.9084e-16
9268.173475 7.0415e-16
9269.707638 7.4482e-16
9271.241801 6.791e-16
9272.775964 6.3485e-16
9274.310127 6.1463e-16
9275.84429 6.3991e-16
9277.378453 7.3028e-16
9278.912616 8.3356e-16
9280.446779 8.2516e-16
9281.980942 7.4992e-16
9283.515105 7.6555e-16
9285.049268 8.9367e-16
9286.583431 8.2582e-16
9288.117594 7.4343e-16
9289.651757 6.6703e-16
9291.18592 5.3762e-16
9292.720083 5.4252e-16
9294.254246 5.6433e-16
9295.788409 7.111e-16
9297.322572 9.5193e-16
9298.856735 1.0005e-15
9300.390898 1.0741e-15
9301.925061 8.7605e-16
9303.459224 1.1854e-15
9304.993387 4.2653e-15
9306.52755 5.4882e-15
9308.061713 1.2791e-15
9309.595876 9.0758e-16
9311.130039 1.48e-15
9312.664202 8.1828e-16
9314.198365 5.0239e-16
9315.732528 6.1147e-16
9317.266691 4.9536e-16
9318.800854 7.619e-16
9320.335017 1.3818e-15
9321.86918 1.6929e-15
9323.403343 3.818e-15
9324.937506 4.2599e-15
9326.471669 1.098e-15
9328.005832 6.4458e-16
9329.539995 8.5014e-16
9331.074158 6.0603e-16
9332.608321 5.4163e-16
9334.142484 7.6006e-16
9335.676647 5.4509e-16
9337.21081 8.2549e-16
9338.744973 1.1965e-15
9340.279136 1.0502e-15
9341.813299 1.1343e-15
9343.347462 1.1988e-15
9344.881625 9.8019e-16
9346.415788 5.7387e-16
9347.949951 6.1518e-16
9349.484114 8.3412e-16
9351.018277 8.6075e-16
9352.55244 7.0299e-16
9354.086603 6.2921e-16
9355.620766 5.9801e-16
9357.154929 3.9727e-16
9358.689092 3.1082e-16
9360.223255 6.3506e-16
9361.757418 7.0438e-16
9363.291581 5.0296e-16
9364.825744 1.762e-15
9366.359907 6.9658e-15
9367.89407 9.0032e-15
9369.428233 1.5144e-15
9370.962396 -9.2224e-16
9372.496559 3.173e-16
9374.030722 3.7892e-15
9375.564885 6.0591e-15
9377.099048 -1.8497e-15
9378.633211 -1.0795e-15
9380.167374 1.3675e-15
9381.701537 8.6594e-16
9383.2357 5.4693e-16
9384.769863 6.5821e-16
9386.304026 6.7102e-16
9387.838189 6.2607e-16
9389.372352 5.375e-16
9390.906515 5.6518e-16
9392.440678 5.5672e-16
9393.974841 7.4749e-16
9395.509004 8.3809e-16
9397.043167 9.0663e-16
9398.57733 6.8312e-16
9400.111493 2.7476e-16
9401.645656 5.1402e-16
9403.179819 9.5941e-16
9404.713982 9.604e-16
9406.248145 7.0287e-16
9407.782308 5.6827e-16
9409.316471 8.2708e-16
9410.850634 8.9463e-16
9412.384797 6.9764e-16
9413.91896 7.7966e-16
9415.453123 7.9085e-16
9416.987286 4.2934e-16
9418.521449 3.9147e-16
9420.055612 8.195e-16
9421.589775 8.2262e-16
9423.123938 7.4313e-16
9424.658101 8.864e-16
9426.192264 7.6234e-16
9427.726427 5.7045e-16
9429.26059 7.7329e-16
9430.794753 1.1611e-15
9432.328916 3.1631e-16
9433.863079 1.736e-16
9435.397242 5.3682e-16
9436.931405 -9.4719e-16
9438.465568 -1.3474e-15
9439.999731 2.2722e-15
9441.533894 2.7682e-15
9443.068057 5.1663e-16
9444.60222 4.3233e-16
9446.136383 5.957e-16
9447.670546 6.2204e-16
9449.204709 4.9105e-16
9450.738872 5.7427e-16
9452.273035 8.8404e-16
9453.807198 9.8111e-16
9455.341361 6.359e-16
9456.875524 3.4287e-16
9458.409687 4.993e-16
9459.94385 8.5941e-16
9461.478013 9.2163e-16
9463.012176 6.9757e-16
9464.546339 5.9961e-16
9466.080502 2.8512e-16
9467.614665 -5.2823e-16
9469.148828 -1.9588e-16
9470.682991 1.8061e-16
9472.217154 -4.5513e-16
9473.751317 1.204e-15
9475.28548 1.4558e-15
9476.819643 -5.8014e-15
9478.353806 -8.5353e-15
9479.887969 2.7293e-16
9481.422132 1.2216e-15
9482.956295 8.7049e-16
9484.490458 7.8022e-16
9486.024621 6.5487e-16
9487.558784 5.3331e-16
9489.092947 8.5351e-16
9490.62711 9.6919e-16
9492.161273 6.5559e-16
9493.695436 7.3987e-16
9495.229599 9.4236e-16
9496.763762 1.0103e-15
9498.297925 9.0702e-16
9499.832088 9.8306e-16
9501.366251 1.2803e-15
9502.900414 1.1955e-15
9504.434577 1.0642e-15
9505.96874 9.225e-16
9507.502903 7.0469e-16
9509.037066 8.5094e-16
9510.571229 1.2615e-15
9512.105392 1.2405e-15
9513.639555 1.3203e-16
9515.173718 -9.1166e-17
9516.707881 5.3632e-16
9518.242044 -1.8711e-15
9519.776207 -2.4133e-15
9521.31037 4.2375e-15
9522.844533 1.8343e-15
9524.378696 9.2161e-16
9525.912859 9.936e-16
9527.447022 6.0522e-16
9528.981185 5.2522e-16
9530.515348 7.5978e-16
9532.049511 7.9312e-16
9533.583674 7.2499e-16
9535.117837 6.2668e-16
9536.652 6.1931e-16
9538.186163 7.1643e-16
9539.720326 7.5275e-16
9541.254489 6.6021e-16
9542.788652 7.5431e-16
9544.322815 8.6152e-16
9545.856978 7.7006e-16
9547.391141 6.66e-16
9548.925304 8.756e-16
9550.459467 8.5869e-16
9551.99363 6.2692e-16
9553.527793 5.3983e-16
9555.061956 6.3897e-16
9556.596119 7.4289e-16
9558.130282 7.6899e-16
9559.664445 1.0316e-15
9561.198608 1.3629e-15
9562.732771 9.3573e-16
9564.266934 6.9952e-16
9565.801097 1.1031e-15
9567.33526 1.0988e-15
9568.869423 7.1256e-16
9570.403586 6.2581e-16
9571.937749 7.4004e-16
9573.471912 8.8683e-16
9575.006075 7.818e-16
9576.540238 5.2734e-16
9578.074401 4.062e-16
9579.608564 5.0848e-16
9581.142727 7.3117e-16
9582.67689 8.5834e-16
9584.211053 7.1304e-16
9585.745216 5.5535e-16
9587.279379 5.4132e-16
9588.813542 6.1317e-16
9590.347705 6.2635e-16
9591.881868 4.6209e-16
9593.416031 4.8848e-16
9594.950194 3.83e-16
9596.484357 3.5388e-16
9598.01852 5.1026e-16
9599.552683 5.5335e-16
9601.086846 6.6998e-16
9602.621009 6.5602e-16
9604.155172 5.5354e-16
9605.689335 4.7131e-16
9607.223498 6.2657e-16
9608.757661 9.2357e-16
9610.291824 8.1531e-16
9611.825987 5.8615e-16
9613.36015 5.4856e-16
9614.894313 9.912e-16
9616.428476 1.263e-15
9617.962639 6.0824e-16
9619.496802 3.817e-16
9621.030965 7.3749e-16
9622.565128 8.4891e-16
9624.099291 6.6422e-16
9625.633454 3.743e-16
9627.167617 2.7403e-16
9628.70178 5.4099e-16
9630.235943 7.8283e-16
9631.770106 6.8889e-16
9633.304269 5.2885e-16
9634.838432 5.0944e-16
9636.372595 6.5295e-16
9637.906758 7.6209e-16
9639.440921 5.354e-16
9640.975084 4.2483e-16
9642.509247 7.3697e-16
9644.04341 7.6574e-16
9645.577573 5.7073e-16
9647.111736 5.8813e-16
9648.645899 7.4101e-16
9650.180062 7.1895e-16
9651.714225 5.8987e-16
9653.248388 7.2891e-16
9654.782551 8.1936e-16
9656.316714 6.0086e-16
9657.850877 6.3404e-16
9659.38504 9.313e-16
9660.919203 7.964e-16
9662.453366 6.5465e-16
9663.987529 6.9485e-16
9665.521692 7.909e-16
9667.055855 8.6606e-16
9668.590018 7.6768e-16
9670.124181 5.2647e-16
9671.658344 1.703e-16
9673.192507 5.0394e-16
9674.72667 1.2189e-15
9676.260833 1.7459e-15
9677.794996 1.5193e-15
9679.329159 8.0093e-16
9680.863322 7.5642e-16
9682.397485 8.3142e-16
9683.931648 8.5033e-16
9685.465811 8.9273e-16
9686.999974 9.2548e-16
9688.534137 8.7395e-16
9690.0683 7.1294e-16
9691.602463 8.1658e-16
9693.136626 8.5014e-16
9694.670789 4.749e-16
9696.204952 3.5294e-16
9697.739115 5.0876e-16
9699.273278 6.5451e-16
9700.807441 7.3572e-16
9702.341604 6.7679e-16
9703.875767 8.6202e-16
9705.40993 7.2098e-16
9706.944093 7.1427e-16
9708.478256 8.9195e-16
9710.012419 5.9874e-16
9711.546582 5.7033e-16
9713.080745 1.0966e-15
9714.614908 1.1946e-15
9716.149071 8.4124e-16
9717.683234 8.2766e-16
9719.217397 7.4334e-16
9720.75156 6.8825e-16
9722.285723 6.2407e-16
9723.819886 4.8112e-16
9725.354049 6.3927e-16
9726.888212 8.8312e-16
9728.422375 8.2847e-16
9729.956538 6.1685e-16
9731.490701 4.6117e-16
9733.024864 4.0338e-16
9734.559027 5.8063e-16
9736.09319 6.8083e-16
9737.627353 4.5874e-16
9739.161516 4.554e-16
9740.695679 5.5302e-16
9742.229842 5.1135e-16
9743.764005 4.3804e-16
9745.298168 8.4912e-16
9746.832331 8.698e-16
9748.366494 5.7103e-16
9749.900657 5.1119e-16
9751.43482 7.1726e-16
9752.968983 8.3656e-16
9754.503146 8.2543e-16
9756.037309 8.2342e-16
9757.571472 6.5213e-16
9759.105635 5.4962e-16
9760.639798 5.5207e-16
9762.173961 6.9792e-16
9763.708124 6.5029e-16
9765.242287 6.1727e-16
9766.77645 4.7697e-16
9768.310613 5.9711e-16
9769.844776 7.3982e-16
9771.378939 8.3002e-16
9772.913102 7.9251e-16
9774.447265 6.0383e-16
9775.981428 5.4269e-16
9777.515591 5.5382e-16
9779.049754 5.724e-16
9780.583917 6.5699e-16
9782.11808 8.3745e-16
9783.652243 6.5451e-16
9785.186406 2.7224e-16
9786.720569 8.5566e-16
9788.254732 7.6888e-16
9789.788895 3.5169e-16
9791.323058 1.0955e-16
9792.857221 5.6755e-16
9794.391384 7.6126e-16
9795.925547 6.654e-16
9797.45971 7.6272e-16
9798.993873 6.2461e-16
9800.528036 6.5246e-16
9802.062199 6.7092e-16
9803.596362 3.9361e-16
9805.130525 4.5148e-16
9806.664688 7.1868e-16
9808.198851 6.3749e-16
9809.733014 4.7258e-16
9811.267177 3.804e-16
9812.80134 6.4824e-16
9814.335503 6.7278e-16
9815.869666 7.0111e-16
9817.403829 8.5237e-16
9818.937992 6.7059e-16
9820.472155 3.8114e-16
9822.006318 3.5848e-16
9823.540481 5.48e-16
9825.074644 3.49e-16
9826.608807 2.8507e-16
9828.14297 4.9645e-16
9829.677133 5.6412e-16
9831.211296 6.4373e-16
9832.745459 6.7757e-16
9834.279622 5.8994e-16
9835.813785 6.4001e-16
9837.347948 7.4133e-16
9838.882111 6.9582e-16
9840.416274 8.3082e-16
9841.950437 1.1826e-15
9843.4846 1.0009e-15
9845.018763 6.9007e-16
9846.552926 7.3653e-16
9848.087089 3.7652e-16
9849.621252 1.7476e-16
9851.155415 1.3238e-16
9852.689578 2.2208e-16
9854.223741 5.022e-16
9855.757904 4.6678e-16
9857.292067 4.1615e-16
9858.82623 5.848e-16
9860.360393 6.8918e-16
9861.894556 7.316e-16
9863.428719 6.7818e-16
9864.962882 5.9245e-16
9866.497045 8.3172e-16
9868.031208 1.1884e-15
9869.565371 1.007e-15
9871.099534 8.3266e-16
9872.633697 9.3012e-16
9874.16786 7.4089e-16
9875.702023 8.5217e-16
9877.236186 7.76e-16
9878.770349 6.197e-16
9880.304512 4.6383e-16
9881.838675 5.961e-16
9883.372838 6.7031e-16
9884.907001 5.4457e-16
9886.441164 4.2175e-16
9887.975327 6.6505e-16
9889.50949 1.2509e-15
9891.043653 1.4378e-15
9892.577816 6.7017e-16
9894.111979 5.8747e-16
9895.646142 9.8599e-16
9897.180305 9.75e-16
9898.714468 8.6863e-16
9900.248631 6.6623e-16
9901.782794 3.9923e-16
9903.316957 3.3176e-16
9904.85112 6.1312e-16
9906.385283 1.0553e-15
9907.919446 1.0254e-15
9909.453609 5.5318e-16
9910.987772 5.7044e-16
9912.521935 7.3653e-16
9914.056098 1.2968e-15
9915.590261 1.1608e-15
9917.124424 3.4207e-16
9918.658587 3.5503e-17
9920.19275 5.9198e-16
9921.726913 5.3392e-16
9923.261076 5.0027e-16
9924.795239 8.1967e-16
9926.329402 7.3369e-16
9927.863565 4.6452e-16
9929.397728 5.2699e-16
9930.931891 6.608e-16
9932.466054 7.5367e-16
9934.000217 6.9188e-16
9935.53438 4.4773e-16
9937.068543 1.0977e-15
9938.602706 1.6598e-15
9940.136869 1.0032e-15
9941.671032 -2.6818e-16
9943.205195 5.1349e-16
9944.739358 1.1741e-15
9946.273521 9.2029e-16
9947.807684 5.16e-16
9949.341847 4.5212e-16
9950.87601 1.7735e-15
9952.410173 1.9468e-15
9953.944336 1.0428e-15
9955.478499 7.7524e-16
9957.012662 1.4438e-15
9958.546825 1.3906e-15
9960.080988 1.1573e-15
9961.615151 5.3262e-16
9963.149314 2.6061e-16
9964.683477 5.3845e-16
9966.21764 3.6779e-16
9967.751803 8.2198e-16
9969.285966 7.8852e-16
9970.820129 2.0013e-16
9972.354292 1.3202e-16
9973.888455 3.8446e-16
9975.422618 3.9691e-16
9976.956781 1.9081e-16
9978.490944 4.4445e-16
9980.025107 8.1785e-16
9981.55927 5.056e-16
9983.093433 4.421e-16
9984.627596 6.6434e-16
9986.161759 5.8349e-16
9987.695922 5.8245e-16
9989.230085 6.1364e-16
9990.764248 4.5855e-16
9992.298411 5.8405e-16
9993.832574 2.6726e-16
9995.366737 -1.676e-17
9996.9009 8.1741e-16
9998.435063 1.0632e-15
9999.969226 5.1889e-16
