3555.91015625 3.36234440033e-16
3558.09271097 3.39685014032e-16
3560.27526569 3.19135412397e-16
3562.45782042 3.15663556695e-16
3564.64037514 3.36499323118e-16
3566.82292986 3.52170703191e-16
3569.00548458 3.43145805366e-16
3571.1880393 3.50996212601e-16
3573.37059402 3.29610880614e-16
3575.55314875 3.48388065807e-16
3577.73570347 3.45486633856e-16
3579.91825819 3.31621445663e-16
3582.10081291 3.63855125652e-16
3584.28336763 3.7482293177e-16
3586.46592236 3.61970344996e-16
3588.64847708 3.47237503897e-16
3590.8310318 3.74705273599e-16
3593.01358652 3.72169971639e-16
3595.19614124 3.62827198231e-16
3597.37869596 3.49291876432e-16
3599.56125069 3.6089606899e-16
3601.74380541 3.75014917081e-16
3603.92636013 3.78482934665e-16
3606.10891485 3.56615376233e-16
3608.29146957 3.24196222499e-16
3610.4740243 3.21444980077e-16
3612.65657902 3.30870127439e-16
3614.83913374 3.36013655602e-16
3617.02168846 3.41320740533e-16
3619.20424318 3.43949480815e-16
3621.3867979 3.31712184068e-16
3623.56935263 3.41347025024e-16
3625.75190735 3.57776420176e-16
3627.93446207 3.60494231266e-16
3630.11701679 3.48604244497e-16
3632.29957151 3.43221403057e-16
3634.48212624 3.73248112232e-16
3636.66468096 3.37250985449e-16
3638.84723568 3.54994763977e-16
3641.0297904 3.71077828533e-16
3643.21234512 3.47515595402e-16
3645.39489985 3.28848895068e-16
3647.57745457 3.1956856387e-16
3649.76000929 3.45157667435e-16
3651.94256401 3.45918911826e-16
3654.12511873 3.3786455494e-16
3656.30767345 3.44167644738e-16
3658.49022818 3.53921335005e-16
3660.6727829 3.39568176425e-16
3662.85533762 3.36070645037e-16
3665.03789234 3.44294858499e-16
3667.22044706 3.40600021374e-16
3669.40300179 3.59929419109e-16
3671.58555651 3.83236801202e-16
3673.76811123 3.83840603345e-16
3675.95066595 3.58149141143e-16
3678.13322067 3.58716864975e-16
3680.31577539 3.45768801706e-16
3682.49833012 3.3676566204e-16
3684.68088484 3.51137005358e-16
3686.86343956 3.60844558799e-16
3689.04599428 3.51645542764e-16
3691.228549 3.34296746287e-16
3693.41110373 3.27269337441e-16
3695.59365845 3.25523999583e-16
3697.77621317 3.35580054142e-16
3699.95876789 3.56541790246e-16
3702.14132261 3.57060042061e-16
3704.32387733 3.44030107763e-16
3706.50643206 3.56185295254e-16
3708.68898678 3.67235342977e-16
3710.8715415 3.7367234339e-16
3713.05409622 3.73613051084e-16
3715.23665094 3.66225600295e-16
3717.41920567 3.55602218949e-16
3719.60176039 3.55359226373e-16
3721.78431511 3.69130764485e-16
3723.96686983 3.64477324291e-16
3726.14942455 3.5652450548e-16
3728.33197927 3.55809397914e-16
3730.514534 3.6161917043e-16
3732.69708872 3.71824620425e-16
3734.87964344 3.67879035077e-16
3737.06219816 3.56511482348e-16
3739.24475288 3.23107864571e-16
3741.42730761 3.15747704124e-16
3743.60986233 3.28566621339e-16
3745.79241705 3.47318104376e-16
3747.97497177 3.26297102436e-16
3750.15752649 3.35711079551e-16
3752.34008121 3.32730900005e-16
3754.52263594 3.17364107686e-16
3756.70519066 3.38539084334e-16
3758.88774538 3.21364485477e-16
3761.0703001 3.2848242097e-16
3763.25285482 3.17730264147e-16
3765.43540955 3.34998592494e-16
3767.61796427 3.62226625402e-16
3769.80051899 3.63046553295e-16
3771.98307371 3.58392398417e-16
3774.16562843 3.6143181733e-16
3776.34818316 3.57872134899e-16
3778.53073788 3.41524213729e-16
3780.7132926 3.22384021978e-16
3782.89584732 3.22730590802e-16
3785.07840204 3.28802917061e-16
3787.26095676 3.60000358119e-16
3789.44351149 3.3381240226e-16
3791.62606621 3.20978053164e-16
3793.80862093 3.47345077082e-16
3795.99117565 3.61123735565e-16
3798.17373037 3.59909381486e-16
3800.3562851 3.73226671711e-16
3802.53883982 3.70485620154e-16
3804.72139454 3.41687532269e-16
3806.90394926 3.54828242594e-16
3809.08650398 3.63088349077e-16
3811.2690587 3.4399334124e-16
3813.45161343 3.74141837871e-16
3815.63416815 3.73673772758e-16
3817.81672287 3.67774797085e-16
3819.99927759 3.4197319413e-16
3822.18183231 3.38569736339e-16
3824.36438704 3.46730289981e-16
3826.54694176 3.46305423548e-16
3828.72949648 3.74333823182e-16
3830.9120512 3.86054985697e-16
3833.09460592 3.68562617136e-16
3835.27716064 3.82669765584e-16
3837.45971537 3.68588266352e-16
3839.64227009 3.64100844616e-16
3841.82482481 3.53519841388e-16
3844.00737953 3.40434108795e-16
3846.18993425 3.46752948112e-16
3848.37248898 3.38063184166e-16
3850.5550437 3.54742427568e-16
3852.73759842 3.61791329876e-16
3854.92015314 3.55786819192e-16
3857.10270786 3.5985003624e-16
3859.28526258 3.61151237666e-16
3861.46781731 3.37310833621e-16
3863.65037203 3.4297729875e-16
3865.83292675 3.42116977973e-16
3868.01548147 3.66642049337e-16
3870.19803619 3.62455959572e-16
3872.38059092 3.69806855596e-16
3874.56314564 3.71862604559e-16
3876.74570036 3.84295565917e-16
3878.92825508 3.79191292437e-16
3881.1108098 3.51949071727e-16
3883.29336452 3.4094396969e-16
3885.47591925 3.54363803841e-16
3887.65847397 3.72835977764e-16
3889.84102869 3.65331742307e-16
3892.02358341 3.89631370558e-16
3894.20613813 3.98004423591e-16
3896.38869286 3.81204795632e-16
3898.57124758 3.70768899735e-16
3900.7538023 4.05264475331e-16
3902.93635702 4.38790171732e-16
3905.11891174 4.92816209509e-16
3907.30146647 4.97391246215e-16
3909.48402119 4.44475245116e-16
3911.66657591 3.85948074257e-16
3913.84913063 3.66626379228e-16
3916.03168535 3.54630910387e-16
3918.21424007 3.56815196599e-16
3920.3967948 3.5575224966e-16
3922.57934952 3.31477794169e-16
3924.76190424 3.45896756621e-16
3926.94445896 3.43172857481e-16
3929.12701368 3.28476227041e-16
3931.30956841 3.47227074804e-16
3933.49212313 3.40783112839e-16
3935.67467785 3.56468177789e-16
3937.85723257 3.54907360765e-16
3940.03978729 3.36487623475e-16
3942.22234201 3.47087314368e-16
3944.40489674 3.55487657743e-16
3946.58745146 3.57586023051e-16
3948.77000618 3.61019762271e-16
3950.9525609 3.71017239207e-16
3953.13511562 3.69749257355e-16
3955.31767035 3.65336295109e-16
3957.50022507 3.61235279216e-16
3959.68277979 3.67333042934e-16
3961.86533451 3.7831302515e-16
3964.04788923 3.77968150391e-16
3966.23044395 3.74002686239e-16
3968.41299868 3.4734171542e-16
3970.5955534 3.38083830595e-16
3972.77810812 3.42399754628e-16
3974.96066284 3.48866162966e-16
3977.14321756 3.66137588277e-16
3979.32577229 3.61913487909e-16
3981.50832701 3.61157616883e-16
3983.69088173 3.4794699987e-16
3985.87343645 3.46248116475e-16
3988.05599117 3.76171884678e-16
3990.23854589 3.66214033001e-16
3992.42110062 3.57411375445e-16
3994.60365534 3.64622166925e-16
3996.78621006 3.45100122134e-16
3998.96876478 3.48826775934e-16
4001.1513195 3.37797851096e-16
4003.33387423 3.31247745315e-16
4005.51642895 3.40482919069e-16
4007.69898367 3.18788658284e-16
4009.88153839 3.05031599141e-16
4012.06409311 3.39659100118e-16
4014.24664783 3.49271468232e-16
4016.42920256 3.38635169634e-16
4018.61175728 3.39591946287e-16
4020.794312 3.43245411147e-16
4022.97686672 3.3536527835e-16
4025.15942144 3.49523037017e-16
4027.34197617 3.51874029902e-16
4029.52453089 3.49080912288e-16
4031.70708561 3.4467189404e-16
4033.88964033 3.47520757009e-16
4036.07219505 3.48111324262e-16
4038.25474977 3.31591958329e-16
4040.4373045 3.574095755e-16
4042.61985922 3.49217893398e-16
4044.80241394 3.44088050111e-16
4046.98496866 3.58634146914e-16
4049.16752338 3.9398358466e-16
4051.35007811 3.93929030444e-16
4053.53263283 3.86669640449e-16
4055.71518755 4.00298029993e-16
4057.89774227 3.71448696615e-16
4060.08029699 3.64105053311e-16
4062.26285172 3.67484211845e-16
4064.44540644 3.46875317903e-16
4066.62796116 3.52853782324e-16
4068.81051588 3.45408362717e-16
4070.9930706 3.48381660121e-16
4073.17562532 3.66633923115e-16
4075.35818005 3.66440455496e-16
4077.54073477 3.75426310396e-16
4079.72328949 3.6907486031e-16
4081.90584421 3.69695232535e-16
4084.08839893 3.66409697612e-16
4086.27095366 3.86140244857e-16
4088.45350838 3.70565611828e-16
4090.6360631 3.73968540224e-16
4092.81861782 3.64619122901e-16
4095.00117254 3.59259866034e-16
4097.18372726 3.77538519399e-16
4099.36628199 3.72119229072e-16
4101.54883671 3.68383469667e-16
4103.73139143 3.77202591426e-16
4105.91394615 3.53970727614e-16
4108.09650087 3.42801407064e-16
4110.2790556 3.34184355603e-16
4112.46161032 3.53167237454e-16
4114.64416504 3.40620614862e-16
4116.82671976 2.96363937462e-16
4119.00927448 3.00840850695e-16
4121.1918292 2.89132737782e-16
4123.37438393 3.00066900809e-16
4125.55693865 3.05564594623e-16
4127.73949337 3.24563702449e-16
4129.92204809 3.28384879832e-16
4132.10460281 3.27387869114e-16
4134.28715754 3.46128870118e-16
4136.46971226 3.51088274494e-16
4138.65226698 3.65332112884e-16
4140.8348217 3.56069781136e-16
4143.01737642 3.60139800917e-16
4145.19993114 3.59518264023e-16
4147.38248587 3.61235120397e-16
4149.56504059 3.39460603241e-16
4151.74759531 3.32122148014e-16
4153.93015003 3.30761574873e-16
4156.11270475 3.37539188409e-16
4158.29525948 3.40265972755e-16
4160.4778142 3.40755240161e-16
4162.66036892 3.34922253649e-16
4164.84292364 3.59359604164e-16
4167.02547836 3.70531809919e-16
4169.20803308 3.82904790757e-16
4171.39058781 3.8871477503e-16
4173.57314253 3.85882296855e-16
4175.75569725 4.09447918118e-16
4177.93825197 3.98136004865e-16
4180.12080669 3.95249237172e-16
4182.30336142 3.94157941098e-16
4184.48591614 3.87993473536e-16
4186.66847086 3.85575247411e-16
4188.85102558 3.74197106771e-16
4191.0335803 3.8253929604e-16
4193.21613503 4.06617213417e-16
4195.39868975 3.93385897037e-16
4197.58124447 4.02219047778e-16
4199.76379919 4.09355247419e-16
4201.94635391 4.09051136122e-16
4204.12890863 4.05939957636e-16
4206.31146336 4.12823900278e-16
4208.49401808 4.12779960444e-16
4210.6765728 4.19972831883e-16
4212.85912752 4.11557691901e-16
4215.04168224 4.12971628118e-16
4217.22423697 4.14953923442e-16
4219.40679169 3.8999747408e-16
4221.58934641 3.76742943703e-16
4223.77190113 3.85137993122e-16
4225.95445585 3.89096469252e-16
4228.13701057 3.99338262255e-16
4230.3195653 4.01798098873e-16
4232.50212002 4.01006017188e-16
4234.68467474 3.97327776615e-16
4236.86722946 3.79318082681e-16
4239.04978418 3.76072225958e-16
4241.23233891 3.92886121128e-16
4243.41489363 4.00225026341e-16
4245.59744835 4.01014646337e-16
4247.78000307 4.01776393654e-16
4249.96255779 3.94697156979e-16
4252.14511251 3.91140968559e-16
4254.32766724 3.94048885606e-16
4256.51022196 3.96706901465e-16
4258.69277668 4.13129520353e-16
4260.8753314 4.2177828261e-16
4263.05788612 4.25447152882e-16
4265.24044085 4.33884103962e-16
4267.42299557 4.2144555748e-16
4269.60555029 4.07584683862e-16
4271.78810501 3.98624875225e-16
4273.97065973 4.10826278951e-16
4276.15321445 4.20087843075e-16
4278.33576918 4.16239375349e-16
4280.5183239 4.3166130422e-16
4282.70087862 4.26318617435e-16
4284.88343334 4.16941777421e-16
4287.06598806 4.13774959459e-16
4289.24854279 4.26116811836e-16
4291.43109751 4.30511033478e-16
4293.61365223 4.07485766295e-16
4295.79620695 4.04320192413e-16
4297.97876167 4.07391004484e-16
4300.16131639 4.22099599265e-16
4302.34387112 4.1817532209e-16
4304.52642584 4.2821443599e-16
4306.70898056 4.44915437551e-16
4308.89153528 4.20394601351e-16
4311.07409 4.23013547815e-16
4313.25664473 4.32186941103e-16
4315.43919945 4.35625206655e-16
4317.62175417 4.11954685655e-16
4319.80430889 4.13231720172e-16
4321.98686361 4.04184720081e-16
4324.16941833 4.22851764522e-16
4326.35197306 4.13843807356e-16
4328.53452778 4.20020768654e-16
4330.7170825 4.27713045425e-16
4332.89963722 4.29886505498e-16
4335.08219194 4.438033627e-16
4337.26474667 4.12391145851e-16
4339.44730139 3.99943890812e-16
4341.62985611 4.05600747411e-16
4343.81241083 4.08098091707e-16
4345.99496555 4.11206861442e-16
4348.17752028 3.96415522131e-16
4350.360075 4.01436468744e-16
4352.54262972 4.14520877848e-16
4354.72518444 4.13962630196e-16
4356.90773916 4.05853692625e-16
4359.09029388 4.03559398008e-16
4361.27284861 4.16577129737e-16
4363.45540333 3.98514205076e-16
4365.63795805 4.02628244101e-16
4367.82051277 3.87983176792e-16
4370.00306749 3.86092228677e-16
4372.18562222 4.05125323699e-16
4374.36817694 3.85027402383e-16
4376.55073166 3.63664596179e-16
4378.73328638 3.88883863983e-16
4380.9158411 3.93445692269e-16
4383.09839582 3.84962974939e-16
4385.28095055 4.15445361371e-16
4387.46350527 3.98367959544e-16
4389.64605999 3.98350595369e-16
4391.82861471 3.95641969292e-16
4394.01116943 3.94162679189e-16
4396.19372416 3.96645915093e-16
4398.37627888 4.07103489738e-16
4400.5588336 4.08042928686e-16
4402.74138832 3.94078743518e-16
4404.92394304 4.03715728526e-16
4407.10649776 4.07740723213e-16
4409.28905249 3.90904672836e-16
4411.47160721 3.92009230269e-16
4413.65416193 4.07786939448e-16
4415.83671665 3.76777513235e-16
4418.01927137 3.81042747641e-16
4420.2018261 4.06467870921e-16
4422.38438082 4.05114762257e-16
4424.56693554 3.93527801525e-16
4426.74949026 3.72258407173e-16
4428.93204498 3.68052729771e-16
4431.1145997 3.85067027643e-16
4433.29715443 3.8489571523e-16
4435.47970915 3.93360883095e-16
4437.66226387 3.94834217497e-16
4439.84481859 3.79833211062e-16
4442.02737331 3.91164950179e-16
4444.20992804 3.96790863606e-16
4446.39248276 3.98715904797e-16
4448.57503748 3.88019863907e-16
4450.7575922 3.83826918469e-16
4452.94014692 4.05416808912e-16
4455.12270164 3.99273252476e-16
4457.30525637 3.96135921849e-16
4459.48781109 4.01857841166e-16
4461.67036581 4.00083227732e-16
4463.85292053 4.114341045e-16
4466.03547525 4.06786620007e-16
4468.21802998 4.14343371506e-16
4470.4005847 4.08156748739e-16
4472.58313942 3.75687964167e-16
4474.76569414 3.80859497357e-16
4476.94824886 3.8264734568e-16
4479.13080359 3.82600970627e-16
4481.31335831 3.83634483171e-16
4483.49591303 4.0720780714e-16
4485.67846775 4.0214315892e-16
4487.86102247 3.99728188578e-16
4490.04357719 3.93895360885e-16
4492.22613192 3.87993473536e-16
4494.40868664 3.96914821583e-16
4496.59124136 3.83434821624e-16
4498.77379608 3.85500152647e-16
4500.9563508 3.61729311183e-16
4503.13890553 3.72632769266e-16
4505.32146025 3.7163303216e-16
4507.50401497 3.53399695058e-16
4509.68656969 3.52942932542e-16
4511.86912441 3.50325680144e-16
4514.05167913 3.63723464968e-16
4516.23423386 3.91816874381e-16
4518.41678858 3.93191608854e-16
4520.5993433 4.29504758336e-16
4522.78189802 4.40897589705e-16
4524.96445274 4.51458343552e-16
4527.14700747 4.23260219691e-16
4529.32956219 4.15837325867e-16
4531.51211691 4.20414665444e-16
4533.69467163 4.30926582548e-16
4535.87722635 4.66666026026e-16
4538.05978107 4.54135444121e-16
4540.2423358 4.51619703328e-16
4542.42489052 4.4324365921e-16
4544.60744524 4.50266621134e-16
4546.78999996 4.485773198e-16
4548.97255468 4.56284578466e-16
4551.15510941 4.52103041504e-16
4553.33766413 4.49819070101e-16
4555.52021885 4.64157114436e-16
4557.70277357 4.47150386921e-16
4559.88532829 4.51093801747e-16
4562.06788301 4.43191143168e-16
4564.25043774 4.71690043134e-16
4566.43299246 4.63033419353e-16
4568.61554718 4.70851692275e-16
4570.7981019 4.6497455417e-16
4572.98065662 4.58789731347e-16
4575.16321135 4.71281349737e-16
4577.34576607 4.50234380943e-16
4579.52832079 4.37519648781e-16
4581.71087551 4.48850805563e-16
4583.89343023 4.29957391567e-16
4586.07598495 4.3593927059e-16
4588.25853968 4.24578017668e-16
4590.4410944 4.31219153021e-16
4592.62364912 4.19296502544e-16
4594.80620384 4.26904049551e-16
4596.98875856 4.26438737295e-16
4599.17131329 4.46280431145e-16
4601.35386801 4.34639339714e-16
4603.53642273 4.45304966827e-16
4605.71897745 4.53053624229e-16
4607.90153217 4.22971619684e-16
4610.0840869 4.19720389595e-16
4612.26664162 4.26442601883e-16
4614.44919634 4.14754553063e-16
4616.63175106 4.26948995237e-16
4618.81430578 4.39936763175e-16
4620.9968605 4.3637398378e-16
4623.17941523 4.26588476838e-16
4625.36196995 4.28870648296e-16
4627.54452467 4.32113910981e-16
4629.72707939 4.33283689951e-16
4631.90963411 4.34828492759e-16
4634.09218884 4.40760635065e-16
4636.27474356 4.5049299069e-16
4638.45729828 4.34801096537e-16
4640.639853 4.21389547427e-16
4642.82240772 4.35561599774e-16
4645.00496244 4.35239912543e-16
4647.18751717 4.49588677139e-16
4649.37007189 4.44639834205e-16
4651.55262661 4.54153443571e-16
4653.73518133 4.57268248416e-16
4655.91773605 4.50465673877e-16
4658.10029078 4.3349047187e-16
4660.2828455 4.41648193245e-16
4662.46540022 4.42369574148e-16
4664.64795494 4.24267474214e-16
4666.83050966 4.10372481049e-16
4669.01306438 4.10258925695e-16
4671.19561911 4.05816423175e-16
4673.37817383 4.20736273266e-16
4675.56072855 4.42029728648e-16
4677.74328327 4.46977539261e-16
4679.92583799 4.34160633749e-16
4682.10839272 4.56976816143e-16
4684.29094744 4.61437821038e-16
4686.47350216 4.4975077807e-16
4688.65605688 4.54257681563e-16
4690.8386116 4.52291029878e-16
4693.02116632 4.487142215e-16
4695.20372105 4.64128685893e-16
4697.38627577 4.58578131929e-16
4699.56883049 4.44457245666e-16
4701.75138521 4.35090384758e-16
4703.93393993 4.3891410324e-16
4706.11649466 4.50832121506e-16
4708.29904938 4.48001866792e-16
4710.4816041 4.43920015019e-16
4712.66415882 4.51422821107e-16
4714.84671354 4.67874794981e-16
4717.02926826 4.51394021987e-16
4719.21182299 4.56667384419e-16
4721.39437771 4.72661484046e-16
4723.57693243 4.64152985151e-16
4725.75948715 4.66159182686e-16
4727.94204187 4.43216395337e-16
4730.1245966 4.38678045746e-16
4732.30715132 4.46875683549e-16
4734.48970604 4.54797400369e-16
4736.67226076 4.44292974213e-16
4738.85481548 4.27512166267e-16
4741.0373702 4.2179273511e-16
4743.21992493 4.35601833839e-16
4745.40247965 4.26182245131e-16
4747.58503437 4.10484686445e-16
4749.76758909 4.33186757618e-16
4751.95014381 4.44867897826e-16
4754.13269854 4.43432388739e-16
4756.31525326 4.5097934642e-16
4758.49780798 4.47848024433e-16
4760.6803627 4.32342768696e-16
4762.86291742 4.22466258652e-16
4765.04547215 4.08723360841e-16
4767.22802687 4.17094322761e-16
4769.41058159 4.27357979801e-16
4771.59313631 4.35116722189e-16
4773.77569103 4.45635997891e-16
4775.95824575 4.58752567777e-16
4778.14080048 4.52848748135e-16
4780.3233552 4.49338537722e-16
4782.50590992 4.37049677844e-16
4784.68846464 4.32465006138e-16
4786.87101936 4.58857546923e-16
4789.05357409 4.44022426596e-16
4791.23612881 4.40884301875e-16
4793.41868353 4.53457341307e-16
4795.60123825 4.37654697596e-16
4797.78379297 4.23873206847e-16
4799.96634769 4.25687630829e-16
4802.14890242 4.38943008239e-16
4804.33145714 4.40587999163e-16
4806.51401186 4.33278554814e-16
4808.69656658 4.36461863448e-16
4810.8791213 4.45639438962e-16
4813.06167603 4.31513814608e-16
4815.24423075 4.21464721601e-16
4817.42678547 4.20533779452e-16
4819.60934019 4.27113901963e-16
4821.79189491 4.22532036054e-16
4823.97444963 4.48179002557e-16
4826.15700436 4.3683278447e-16
4828.33955908 4.21095944631e-16
4830.5221138 4.42762915073e-16
4832.70466852 4.5698068073e-16
4834.88722324 4.38209345358e-16
4837.06977797 4.39734137012e-16
4839.25233269 4.43143815202e-16
4841.43488741 4.55918607294e-16
4843.61744213 4.3992540764e-16
4845.79999685 4.41321688514e-16
4847.98255157 4.52947533352e-16
4850.1651063 4.56293154675e-16
4852.34766102 4.46752757892e-16
4854.53021574 4.43926367766e-16
4856.71277046 4.39335528601e-16
4858.89532518 4.24655574123e-16
4861.07787991 4.35131624675e-16
4863.26043463 4.39103468043e-16
4865.44298935 4.30295119485e-16
4867.62554407 4.3444756616e-16
4869.80809879 4.36123976712e-16
4871.99065351 4.50475361816e-16
4874.17320824 4.43373493479e-16
4876.35576296 4.39331293436e-16
4878.53831768 4.4582467448e-16
4880.7208724 4.5948244548e-16
4882.90342712 4.51860525383e-16
4885.08598185 4.48711151006e-16
4887.26853657 4.45001781972e-16
4889.45109129 4.298825615e-16
4891.63364601 4.31710961526e-16
4893.81620073 4.34326625737e-16
4895.99875546 4.45170817984e-16
4898.18131018 4.47588091197e-16
4900.3638649 4.50705595959e-16
4902.54641962 4.52285047708e-16
4904.72897434 4.47528745951e-16
4906.91152906 4.72025521121e-16
4909.09408379 4.76238663e-16
4911.27663851 4.4658605122e-16
4913.45919323 4.59648463937e-16
4915.64174795 4.48814647844e-16
4917.82430267 4.44436599238e-16
4920.0068574 4.36615573459e-16
4922.18941212 4.44329608388e-16
4924.37196684 4.40023663461e-16
4926.55452156 4.37480208809e-16
4928.73707628 4.3107041933e-16
4930.919631 4.39768256558e-16
4933.10218573 4.50303520007e-16
4935.28474045 4.49755383811e-16
4937.46729517 4.37753165177e-16
4939.64984989 4.41536093728e-16
4941.83240461 4.57273648251e-16
4944.01495934 4.64643364288e-16
4946.19751406 4.58022107739e-16
4948.38006878 4.42416478598e-16
4950.5626235 4.45347689051e-16
4952.74517822 4.43046618171e-16
4954.92773294 4.25153391267e-16
4957.11028767 4.34241181289e-16
4959.29284239 4.43562408296e-16
4961.47539711 4.46870019016e-16
4963.65795183 4.5020584652e-16
4965.84050655 4.49218947258e-16
4968.02306128 4.57806273156e-16
4970.205616 4.58938544448e-16
4972.38817072 4.63890828454e-16
4974.57072544 4.60085744696e-16
4976.75328016 4.63610142911e-16
4978.93583488 4.67499612325e-16
4981.11838961 4.54533602546e-16
4983.30094433 4.53982713493e-16
4985.48349905 4.65251692763e-16
4987.66605377 4.57590597392e-16
4989.84860849 4.42703463948e-16
4992.03116322 4.49972806581e-16
4994.21371794 4.57806008458e-16
4996.39627266 4.58513386848e-16
4998.57882738 4.43046088776e-16
5000.7613821 4.45795504783e-16
5002.94393682 4.61833650123e-16
5005.12649155 4.62140064291e-16
5007.30904627 4.65543442673e-16
5009.49160099 4.47611913999e-16
5011.67415571 4.36962804027e-16
5013.85671043 4.49461145741e-16
5016.03926516 4.44649151568e-16
5018.22181988 4.51975721864e-16
5020.4043746 4.58606666352e-16
5022.58692932 4.63808560379e-16
5024.76948404 4.62602491341e-16
5026.95203876 4.57316529294e-16
5029.13459349 4.51137053367e-16
5031.31714821 4.48471917138e-16
5033.49970293 4.58039260156e-16
5035.68225765 4.6116380588e-16
5037.86481237 4.50684843652e-16
5040.0473671 4.59711091436e-16
5042.22992182 4.70811669968e-16
5044.41247654 4.68501493483e-16
5046.59503126 4.65729419345e-16
5048.77758598 4.73706299186e-16
5050.96014071 4.6477285445e-16
5053.14269543 4.61845296826e-16
5055.32525015 4.6728166016e-16
5057.50780487 4.62304494562e-16
5059.69035959 4.8083487553e-16
5061.87291431 4.87832902922e-16
5064.05546904 4.84770508241e-16
5066.23802376 4.83846818812e-16
5068.42057848 4.71676067091e-16
5070.6031332 4.763684708e-16
5072.78568792 4.79075111643e-16
5074.96824265 4.76064968307e-16
5077.15079737 4.99830224647e-16
5079.33335209 5.04280165175e-16
5081.51590681 5.1118538952e-16
5083.69846153 5.24429279046e-16
5085.88101625 4.9489022262e-16
5088.06357098 4.96008464929e-16
5090.2461257 5.21112086266e-16
5092.42868042 5.15234207007e-16
5094.61123514 5.2088100509e-16
5096.79378986 5.17601505276e-16
5098.97634459 5.14339846094e-16
5101.15889931 5.02578634803e-16
5103.34145403 4.89834388837e-16
5105.52400875 4.94500905101e-16
5107.70656347 5.01079598245e-16
5109.88911819 4.96870797409e-16
5112.07167292 4.87353376395e-16
5114.25422764 5.05326727321e-16
5116.43678236 4.97145394902e-16
5118.61933708 4.77952898867e-16
5120.8018918 4.88233655385e-16
5122.98444653 4.95701786062e-16
5125.16700125 4.93547728338e-16
5127.34955597 4.9039851278e-16
5129.53211069 5.03518894314e-16
5131.71466541 5.11154313998e-16
5133.89722013 5.09383115166e-16
5136.07977486 5.20514610401e-16
5138.26232958 5.29085154459e-16
5140.4448843 5.23594581016e-16
5142.62743902 5.06780394677e-16
5144.80999374 5.22435469367e-16
5146.99254847 5.18165840977e-16
5149.17510319 5.03832296504e-16
5151.35765791 4.85688586076e-16
5153.54021263 4.84182032101e-16
5155.72276735 4.911863593e-16
5157.90532207 4.85416212044e-16
5160.0878768 4.84771884669e-16
5162.27043152 4.74440464993e-16
5164.45298624 4.92237368369e-16
5166.63554096 4.8806848396e-16
5168.81809568 4.82856002022e-16
5171.00065041 4.71402740146e-16
5173.18320513 4.75120897147e-16
5175.36575985 4.72138017684e-16
5177.54831457 4.65289491608e-16
5179.73086929 4.80296533153e-16
5181.91342402 4.87773822374e-16
5184.09597874 4.91310661385e-16
5186.27853346 5.05375696413e-16
5188.46108818 4.92709853935e-16
5190.6436429 4.8798086899e-16
5192.82619762 4.92046627137e-16
5195.00875235 4.86995452035e-16
5197.19130707 4.90672580878e-16
5199.37386179 4.70342625473e-16
5201.55641651 4.62382898049e-16
5203.73897123 4.53240394994e-16
5205.92152596 4.65333272623e-16
5208.10408068 4.67300453704e-16
5210.2866354 4.72195562985e-16
5212.46919012 4.68514146038e-16
5214.65174484 4.57694411868e-16
5216.83429956 4.28977639145e-16
5219.01685429 4.41739540454e-16
5221.19940901 4.32112216915e-16
5223.38196373 4.32803236982e-16
5225.56451845 4.40037268928e-16
5227.74707317 4.57280000998e-16
5229.9296279 4.59033782715e-16
5232.11218262 4.59241941062e-16
5234.29473734 4.64540661543e-16
5236.47729206 4.97487278576e-16
5238.65984678 4.86858391516e-16
5240.8424015 5.140485197e-16
5243.02495623 5.43511872556e-16
5245.20751095 5.4808844451e-16
5247.39006567 5.15947832266e-16
5249.57262039 4.65443122209e-16
5251.75517511 4.51179669712e-16
5253.93772984 4.40739432772e-16
5256.12028456 4.3866076098e-16
5258.30283928 4.40786998966e-16
5260.485394 4.41630061446e-16
5262.66794872 4.23211356478e-16
5264.85050344 4.25585907466e-16
5267.03305817 4.50794587358e-16
5269.21561289 4.44758630576e-16
5271.39816761 4.45846803216e-16
5273.58072233 4.41857648611e-16
5275.76327705 4.25026892191e-16
5277.94583178 4.11561715307e-16
5280.1283865 4.09468273378e-16
5282.31094122 4.34659456746e-16
5284.49349594 4.24675347048e-16
5286.67605066 4.13231878991e-16
5288.85860538 4.31114067996e-16
5291.04116011 4.23658483995e-16
5293.22371483 4.32152927436e-16
5295.40626955 4.52997402417e-16
5297.58882427 4.59224735705e-16
5299.77137899 4.51006769112e-16
5301.95393372 4.48070211763e-16
5304.13648844 4.40860823181e-16
5306.31904316 4.39007885669e-16
5308.50159788 4.40431906872e-16
5310.6841526 4.37748559435e-16
5312.86670733 4.39007329804e-16
5315.04926205 4.45081826585e-16
5317.23181677 4.19157271504e-16
5319.41437149 4.2002600967e-16
5321.59692621 4.26813258207e-16
5323.77948093 4.19767902849e-16
5325.96203566 4.32313784287e-16
5328.14459038 4.31007580073e-16
5330.3271451 4.48463923264e-16
5332.50969982 4.39383994768e-16
5334.69225454 4.38270781717e-16
5336.87480927 4.39792449937e-16
5339.05736399 4.31530119992e-16
5341.23991871 4.38533706037e-16
5343.42247343 4.42028643387e-16
5345.60502815 4.38381478335e-16
5347.78758287 4.41194527692e-16
5349.9701376 4.30072720397e-16
5352.15269232 4.32926771443e-16
5354.33524704 4.4224453091e-16
5356.51780176 4.41490803935e-16
5358.70035648 4.55238916293e-16
5360.88291121 4.46648043444e-16
5363.06546593 4.3749688477e-16
5365.24802065 4.33262884705e-16
5367.43057537 4.30713209654e-16
5369.61313009 4.3552366858e-16
5371.79568481 4.32736030211e-16
5373.97823954 4.29183918138e-16
5376.16079426 4.31632081583e-16
5378.34334898 4.42406737719e-16
5380.5259037 4.46884577395e-16
5382.70845842 4.40856482137e-16
5384.89101315 4.2870198286e-16
5387.07356787 4.29261474592e-16
5389.25612259 4.26768894856e-16
5391.43867731 4.26463804176e-16
5393.62123203 4.39217129277e-16
5395.80378675 4.45715566048e-16
5397.98634148 4.39726090199e-16
5400.1688962 4.4186614541e-16
5402.35145092 4.5448029241e-16
5404.53400564 4.57888541231e-16
5406.71656036 4.41686336197e-16
5408.89911509 4.23409403369e-16
5411.08166981 4.06210055268e-16
5413.26422453 3.95251434164e-16
5415.44677925 3.86402454494e-16
5417.62933397 4.02371672527e-16
5419.81188869 4.14022028382e-16
5421.99444342 4.16430778326e-16
5424.17699814 4.23862301298e-16
5426.35955286 4.0647753239e-16
5428.54210758 4.05337134876e-16
5430.7246623 4.01467253098e-16
5432.90721703 4.09999071869e-16
5435.08977175 4.27958684979e-16
5437.27232647 4.38271152294e-16
5439.45488119 4.41907702964e-16
5441.63743591 4.41094948382e-16
5443.81999063 4.48736244357e-16
5446.00254536 4.52805443575e-16
5448.18510008 4.50047663118e-16
5450.3676548 4.37329357535e-16
5452.55020952 4.17637773806e-16
5454.73276424 4.30053688626e-16
5456.91531897 4.36031411893e-16
5459.09787369 4.42236589976e-16
5461.28042841 4.6257739799e-16
5463.46298313 4.59027694666e-16
5465.64553785 4.55331295824e-16
5467.82809258 4.58409254735e-16
5470.0106473 4.52929216265e-16
5472.19320202 4.47974708798e-16
5474.37575674 4.54402683016e-16
5476.55831146 4.48938049957e-16
5478.74086618 4.48828676827e-16
5480.92342091 4.61768640344e-16
5483.10597563 4.58628000994e-16
5485.28853035 4.53613036551e-16
5487.47108507 4.67416285459e-16
5489.65363979 4.79996048215e-16
5491.83619452 4.78988449585e-16
5494.01874924 4.68204237858e-16
5496.20130396 4.66407151582e-16
5498.38385868 4.56295325197e-16
5500.5664134 4.56513859697e-16
5502.74896812 4.72329817707e-16
5504.93152285 4.67849913389e-16
5507.11407757 4.5095414719e-16
5509.29663229 4.57263113279e-16
5511.47918701 4.61391234226e-16
5513.66174173 4.42817019303e-16
5515.84429646 4.23622485094e-16
5518.02685118 4.25243732625e-16
5520.2094059 4.35069208934e-16
5522.39196062 4.4077442582e-16
5524.57451534 4.48193402117e-16
5526.75707006 4.72049767439e-16
5528.93962479 4.71502319457e-16
5531.12217951 4.67281024885e-16
5533.30473423 4.65267151114e-16
5535.48728895 4.61577263837e-16
5537.66984367 4.64991812466e-16
5539.8523984 4.69343550112e-16
5542.03495312 4.7216607565e-16
5544.21750784 4.69056882399e-16
5546.40006256 4.67180969119e-16
5548.58261728 4.60954429923e-16
5550.765172 4.57940157301e-16
5552.94772673 4.54454510844e-16
5555.13028145 4.62755486667e-16
5557.31283617 4.81038004619e-16
5559.49539089 4.73780361629e-16
5561.67794561 4.83258342672e-16
5563.86050034 4.71149583174e-16
5566.04305506 4.67580609851e-16
5568.22560978 4.69406548187e-16
5570.4081645 4.58229101415e-16
5572.59071922 4.5227763617e-16
5574.77327394 4.58940556152e-16
5576.95582867 4.65804964096e-16
5579.13838339 4.60969041242e-16
5581.32093811 4.38117574632e-16
5583.50349283 4.3611815336e-16
5585.68604755 4.54772412897e-16
5587.86860228 4.7224659672e-16
5590.051157 4.5967218086e-16
5592.23371172 4.57980497245e-16
5594.41626644 4.66240603728e-16
5596.59882116 4.56539005988e-16
5598.78137589 4.5915093796e-16
5600.96393061 4.56786869004e-16
5603.14648533 4.51501436353e-16
5605.32904005 4.60484591335e-16
5607.51159477 4.773364177e-16
5609.69414949 4.79857664207e-16
5611.87670422 4.82503424557e-16
5614.05925894 4.8117003588e-16
5616.24181366 4.75752148451e-16
5618.42436838 4.71000928892e-16
5620.6069231 4.66215828015e-16
5622.78947783 4.53227318922e-16
5624.97203255 4.51858301921e-16
5627.15458727 4.47620013751e-16
5629.33714199 4.42181479895e-16
5631.51969671 4.62005809569e-16
5633.70225143 4.68340504284e-16
5635.88480616 4.67421897052e-16
5638.06736088 4.6908441097e-16
5640.2499156 4.72506371137e-16
5642.43247032 4.71428204074e-16
5644.61502504 4.55227004892e-16
5646.79757977 4.41261363886e-16
5648.98013449 4.46089266397e-16
5651.16268921 4.52239307929e-16
5653.34524393 4.47591585208e-16
5655.52779865 4.41751954781e-16
5657.71035337 4.39503479353e-16
5659.8929081 4.3052154198e-16
5662.07546282 4.39890652819e-16
5664.25801754 4.40589349121e-16
5666.44057226 4.36400268271e-16
5668.62312698 4.52605914376e-16
5670.80568171 4.53708433636e-16
5672.98823643 4.49358654754e-16
5675.17079115 4.61134265606e-16
5677.35334587 4.56644143953e-16
5679.53590059 4.64104757212e-16
5681.71845531 4.51068073121e-16
5683.90101004 4.5917491958e-16
5686.08356476 4.63938738755e-16
5688.26611948 4.61624062408e-16
5690.4486742 4.56147306189e-16
5692.63122892 4.55425528239e-16
5694.81378365 4.44836557607e-16
5696.99633837 4.71641868135e-16
5699.17889309 4.72468042896e-16
5701.36144781 4.5948599243e-16
5703.54400253 4.3918552436e-16
5705.72655725 4.42519631329e-16
5707.90911198 4.47361668702e-16
5710.0916667 4.38347994064e-16
5712.27422142 4.38696812819e-16
5714.45677614 4.42971576346e-16
5716.63933086 4.44758736455e-16
5718.82188559 4.52300506059e-16
5721.00444031 4.38495563085e-16
5723.18699503 4.33253408523e-16
5725.36954975 4.35609377727e-16
5727.55210447 4.47511911171e-16
5729.73465919 4.48626977107e-16
5731.91721392 4.50456303575e-16
5734.09976864 4.42328254823e-16
5736.28232336 4.45513389872e-16
5738.46487808 4.44465980693e-16
5740.6474328 4.40277799815e-16
5742.82998753 4.29907151926e-16
5745.01254225 4.47150016345e-16
5747.19509697 4.56248791324e-16
5749.37765169 4.42183703356e-16
5751.56020641 4.33299360061e-16
5753.74276114 4.46524429573e-16
5755.92531586 4.55430557497e-16
5758.10787058 4.34184827128e-16
5760.2904253 4.52383674107e-16
5762.47298002 4.51387775119e-16
5764.65553474 4.38419991864e-16
5766.83808947 4.28512512178e-16
5769.02064419 4.39912860964e-16
5771.20319891 4.30995880431e-16
5773.38575363 4.22990254409e-16
5775.56830835 4.44248822621e-16
5777.75086308 4.3825961147e-16
5779.9334178 4.46768480941e-16
5782.11597252 4.50326072259e-16
5784.29852724 4.46709506272e-16
5786.48108196 4.3751851058e-16
5788.66363668 4.37418428344e-16
5790.84619141 4.36126147234e-16
5793.02874613 4.32613210434e-16
5795.21130085 4.37634659973e-16
5797.39385557 4.31744313449e-16
5799.57641029 4.33172887454e-16
5801.75896502 4.31672209769e-16
5803.94151974 4.31706752832e-16
5806.12407446 4.43529162253e-16
5808.30662918 4.4641680345e-16
5810.4891839 4.45922189148e-16
5812.67173862 4.57231031906e-16
5814.85429335 4.546712454e-16
5817.03684807 4.53955820197e-16
5819.21940279 4.54442017108e-16
5821.40195751 4.47775761934e-16
5823.58451223 4.52941498242e-16
5825.76706696 4.3947624195e-16
5827.94962168 4.44108797487e-16
5830.1321764 4.43926314826e-16
5832.31473112 4.43552190962e-16
5834.49728584 4.425074817e-16
5836.67984056 4.38347835245e-16
5838.86239529 4.4152629991e-16
5841.04495001 4.3425669258e-16
5843.22750473 4.30920918015e-16
5845.41005945 4.47459289249e-16
5847.59261417 4.4465126915e-16
5849.7751689 4.36037261714e-16
5851.95772362 4.24576350072e-16
5854.14027834 4.21829819271e-16
5856.32283306 4.28517964953e-16
5858.50538778 4.30002575481e-16
5860.6879425 4.28006965857e-16
5862.87049723 4.3015763545e-16
5865.05305195 4.27951352851e-16
5867.23560667 4.32283820497e-16
5869.41816139 4.33575228104e-16
5871.60071611 4.37953700227e-16
5873.78327084 4.47576709192e-16
5875.96582556 4.40275046958e-16
5878.14838028 4.31412964748e-16
5880.330935 4.32063988977e-16
5882.51348972 4.31675121445e-16
5884.69604445 4.36306882889e-16
5886.87859917 4.26992432145e-16
5889.06115389 4.20233718031e-16
5891.24370861 4.19603578458e-16
5893.42626333 4.10136900011e-16
5895.60881805 4.13663812854e-16
5897.79137278 4.28300568653e-16
5899.9739275 4.27303954981e-16
5902.15648222 4.21377503677e-16
5904.33903694 4.26309061845e-16
5906.52159166 4.19810333906e-16
5908.70414639 4.24132795975e-16
5910.88670111 4.37947056312e-16
5913.06925583 4.39408029328e-16
5915.25181055 4.44736395961e-16
5917.43436527 4.36602365039e-16
5919.61691999 4.30951331791e-16
5921.79947472 4.3187631824e-16
5923.98202944 4.26547528089e-16
5926.16458416 4.16700902426e-16
5928.34713888 4.21489576724e-16
5930.5296936 4.36675130463e-16
5932.71224833 4.31720411238e-16
5934.89480305 4.36801417781e-16
5937.07735777 4.36986917997e-16
5939.25991249 4.38595936489e-16
5941.44246721 4.3726397718e-16
5943.62502193 4.33919335239e-16
5945.80757666 4.27878031561e-16
5947.99013138 4.2604420523e-16
5950.1726861 4.29310390745e-16
5952.35524082 4.35589498922e-16
5954.53779554 4.43206283882e-16
5956.72035027 4.38357284956e-16
5958.90290499 4.30493934e-16
5961.08545971 4.26819293317e-16
5963.26801443 4.34508420184e-16
5965.45056915 4.35561811533e-16
5967.63312387 4.26415814466e-16
5969.8156786 4.3143673461e-16
5971.99823332 4.35244015359e-16
5974.18078804 4.36290762793e-16
5976.36334276 4.3682913164e-16
5978.54589748 4.32226142847e-16
5980.72845221 4.2294329702e-16
5982.91100693 4.22853670346e-16
5985.09356165 4.18000409786e-16
5987.27611637 4.27861779116e-16
5989.45867109 4.46180481257e-16
5991.64122581 4.55142619235e-16
5993.82378054 4.4481337008e-16
5996.00633526 4.49001153911e-16
5998.18888998 4.43328733082e-16
6000.3714447 4.41486224664e-16
6002.55399942 4.46724858745e-16
6004.73655415 4.50570758902e-16
6006.91910887 4.41690094906e-16
6009.10166359 4.38514938964e-16
6011.28421831 4.42567171053e-16
6013.46677303 4.41272984119e-16
6015.64932776 4.37146768996e-16
6017.83188248 4.31270027938e-16
6020.0144372 4.36912432037e-16
6022.19699192 4.31476809856e-16
6024.37954664 4.30847226148e-16
6026.56210136 4.46211821476e-16
6028.74465609 4.50852238538e-16
6030.92721081 4.47430013673e-16
6033.10976553 4.29485514806e-16
6035.29232025 4.32741456516e-16
6037.47487497 4.29711725543e-16
6039.6574297 4.23307600596e-16
6041.83998442 4.34768062252e-16
6044.02253914 4.36572665946e-16
6046.20509386 4.38498315942e-16
6048.38764858 4.39784244305e-16
6050.5702033 4.3958302104e-16
6052.75275803 4.30681922375e-16
6054.93531275 4.23935834345e-16
6057.11786747 4.25695015898e-16
6059.30042219 4.25511342097e-16
6061.48297691 4.34745324711e-16
6063.66553164 4.32847785621e-16
6065.84808636 4.24771326469e-16
6068.03064108 4.30360446901e-16
6070.2131958 4.40654200081e-16
6072.39575052 4.35415221893e-16
6074.57830524 4.37948273922e-16
6076.76085997 4.47067536511e-16
6078.94341469 4.426443834e-16
6081.12596941 4.40520607104e-16
6083.30852413 4.37091235398e-16
6085.49107885 4.3356969592e-16
6087.67363358 4.31709743917e-16
6089.8561883 4.38345664723e-16
6092.03874302 4.36870292148e-16
6094.22129774 4.3964789847e-16
6096.40385246 4.28078804839e-16
6098.58640718 4.30474319893e-16
6100.76896191 4.39655654116e-16
6102.95151663 4.37078106387e-16
6105.13407135 4.30947467204e-16
6107.31662607 4.34027649577e-16
6109.49918079 4.41026576941e-16
6111.68173552 4.41522514731e-16
6113.86429024 4.54841816659e-16
6116.04684496 4.42909107666e-16
6118.22939968 4.38291507554e-16
6120.4119544 4.47478559249e-16
6122.59450912 4.40726277291e-16
6124.77706385 4.28176319507e-16
6126.95961857 4.2737137351e-16
6129.14217329 4.33977568754e-16
6131.32472801 4.32137866132e-16
6133.50728273 4.28309383089e-16
6135.68983746 4.33544734918e-16
6137.87239218 4.33108645299e-16
6140.0549469 4.2954634236e-16
6142.23750162 4.2964480994e-16
6144.42005634 4.22844008876e-16
6146.60261106 4.27619871801e-16
6148.78516579 4.25656528838e-16
6150.96772051 4.27507560526e-16
6153.15027523 4.35214157447e-16
6155.33282995 4.32812845512e-16
6157.51538467 4.33633673377e-16
6159.6979394 4.33332129648e-16
6161.88049412 4.17201048912e-16
6164.06304884 4.1515239385e-16
6166.24560356 4.11147277968e-16
6168.42815828 3.98947780066e-16
6170.61071301 3.91340047771e-16
6172.79326773 3.79322635483e-16
6174.97582245 3.82412267568e-16
6177.15837717 3.98459518512e-16
6179.34093189 4.01775096635e-16
6181.52348661 4.04835082566e-16
6183.70604134 4.16038496192e-16
6185.88859606 4.21049172531e-16
6188.07115078 4.13331564181e-16
6190.2537055 4.21110820648e-16
6192.43626022 4.21292191577e-16
6194.61881495 4.25711930087e-16
6196.80136967 4.25835702776e-16
6198.98392439 4.26478839011e-16
6201.16647911 4.2049320128e-16
6203.34903383 4.14095217322e-16
6205.53158855 4.23715076384e-16
6207.71414328 4.28551608043e-16
6209.896698 4.27532442119e-16
6212.07925272 4.26015273761e-16
6214.26180744 4.33206001148e-16
6216.44436216 4.2575838455e-16
6218.62691689 4.24065880373e-16
6220.80947161 4.2366147508e-16
6222.99202633 4.24394449747e-16
6225.17458105 4.26930863438e-16
6227.35713577 4.19713295694e-16
6229.53969049 4.07303071877e-16
6231.72224522 4.16557224463e-16
6233.90479994 4.35060288619e-16
6236.08735466 4.24114664176e-16
6238.26990938 4.16506190728e-16
6240.4524641 4.20297166092e-16
6242.63501883 4.08780138518e-16
6244.81757355 4.16611381632e-16
6247.00012827 4.16684385284e-16
6249.18268299 4.05851363284e-16
6251.36523771 4.0998806044e-16
6253.54779243 4.11994760902e-16
6255.73034716 4.25321421428e-16
6257.91290188 4.19989613723e-16
6260.0954566 4.19563106165e-16
6262.27801132 4.12666855076e-16
6264.46056604 4.0664447729e-16
6266.64312077 4.10002962926e-16
6268.82567549 4.15573130997e-16
6271.00823021 4.14846456137e-16
6273.19078493 4.21955206617e-16
6275.37333965 4.27905374843e-16
6277.55589437 4.18220108957e-16
6279.7384491 4.21650221816e-16
6281.92100382 4.11980652509e-16
6284.10355854 4.01971105353e-16
6286.28611326 4.09310513492e-16
6288.46866798 4.17471622999e-16
6290.65122271 4.12482704819e-16
6292.83377743 4.00991564689e-16
6295.01633215 4.10085257471e-16
6297.19888687 4.11693375991e-16
6299.38144159 4.14332174789e-16
6301.56399632 4.15617917864e-16
6303.74655104 4.1060178875e-16
6305.92910576 4.09340953738e-16
6308.11166048 4.15157079001e-16
6310.2942152 4.20891677342e-16
6312.47676992 4.04381258195e-16
6314.65932465 4.05104253755e-16
6316.84187937 4.19442721607e-16
6319.02443409 4.21185624245e-16
6321.20698881 4.17962372713e-16
6323.38954353 4.13581888887e-16
6325.57209826 4.08577697644e-16
6327.75465298 4.22795833877e-16
6329.9372077 4.11083750497e-16
6332.11976242 4.15130212175e-16
6334.30231714 4.19438857019e-16
6336.48487186 4.22501225231e-16
6338.66742659 4.20425253356e-16
6340.84998131 4.11659203506e-16
6343.03253603 4.24817807402e-16
6345.21509075 4.08846789423e-16
6347.39764547 4.11846609545e-16
6349.5802002 4.08562980446e-16
6351.76275492 4.03930769016e-16
6353.94530964 4.08014023687e-16
6356.12786436 4.24780485012e-16
6358.31041908 4.23778895022e-16
6360.4929738 4.17712100947e-16
6362.67552853 4.18639734373e-16
6364.85808325 4.14107022844e-16
6367.04063797 4.18731293341e-16
6369.22319269 4.29287600264e-16
6371.40574741 4.17357061793e-16
6373.58830214 4.14857599915e-16
6375.77085686 4.00555792707e-16
6377.95341158 4.22744588384e-16
6380.1359663 4.14993972219e-16
6382.31852102 4.24997722494e-16
6384.50107574 4.15137650183e-16
6386.68363047 4.02817794193e-16
6388.86618519 4.09416869066e-16
6391.04873991 4.1702354257e-16
6393.23129463 4.12688692644e-16
6395.41384935 4.06211537575e-16
6397.59640408 4.22318927858e-16
6399.7789588 4.15542770159e-16
6401.96151352 4.14571990993e-16
6404.14406824 4.1320919439e-16
6406.32662296 4.20703080163e-16
6408.50917768 3.97763945643e-16
6410.69173241 3.96026336961e-16
6412.87428713 4.06788022905e-16
6415.05684185 4.11054686679e-16
6417.23939657 4.05208015291e-16
6419.42195129 4.03690502826e-16
6421.60450602 4.01281647003e-16
6423.78706074 4.06949409151e-16
6425.96961546 4.0233297371e-16
6428.15217018 4.05605538441e-16
6430.3347249 3.92716264552e-16
6432.51727962 3.97288680751e-16
6434.69983435 4.14737824162e-16
6436.88238907 4.15755163671e-16
6439.06494379 4.13008182884e-16
6441.24749851 4.02333423696e-16
6443.43005323 3.93745065476e-16
6445.61260796 3.99268726144e-16
6447.79516268 3.9759739779e-16
6449.9777174 3.96227427877e-16
6452.16027212 3.94007778039e-16
6454.34282684 3.96195293565e-16
6456.52538157 3.84271425478e-16
6458.70793629 3.79917279082e-16
6460.89049101 3.86501239711e-16
6463.07304573 3.9873469834e-16
6465.25560045 3.92079507534e-16
6467.43815517 3.96915774496e-16
6469.6207099 3.96284920238e-16
6471.80326462 3.95810740607e-16
6473.98581934 4.08747236582e-16
6476.16837406 3.99580090161e-16
6478.35092878 3.87778141879e-16
6480.53348351 4.01979999199e-16
6482.71603823 3.89267940485e-16
6484.89859295 4.01673082104e-16
6487.08114767 3.92198833301e-16
6489.26370239 3.90561095097e-16
6491.44625711 3.93582170453e-16
6493.62881184 3.98105114633e-16
6495.81136656 4.05599715089e-16
6497.99392128 3.91714515743e-16
6500.176476 3.95583471079e-16
6502.35903072 4.00283974541e-16
6504.54158545 3.97216921178e-16
6506.72414017 4.03438192887e-16
6508.90669489 3.98967103005e-16
6511.08924961 3.87379480529e-16
6513.27180433 3.86945005566e-16
6515.45435905 3.93268106518e-16
6517.63691378 3.93540083503e-16
6519.8194685 3.9154794142e-16
6522.00202322 3.83941188507e-16
6524.18457794 3.93324751846e-16
6526.36713266 3.96042721755e-16
6528.54968739 3.84341914501e-16
6530.73224211 3.97481618974e-16
6532.91479683 3.97235661782e-16
6535.09735155 3.79458531332e-16
6537.27990627 3.81587469235e-16
6539.46246099 3.92899806004e-16
6541.64501572 3.81078958299e-16
6543.82757044 3.8616512645e-16
6546.01012516 3.90751995148e-16
6548.19267988 3.76989800867e-16
6550.3752346 3.86061973719e-16
6552.55778933 3.84645019947e-16
6554.74034405 3.80232401808e-16
6556.92289877 3.77262333718e-16
6559.10545349 3.91614777614e-16
6561.28800821 3.92608188442e-16
6563.47056293 3.9021492332e-16
6565.65311766 3.89426097418e-16
6567.83567238 3.82727231475e-16
6570.0182271 3.94768916551e-16
6572.20078182 3.95347148887e-16
6574.38333654 4.02512650574e-16
6576.56589127 3.94051929631e-16
6578.74844599 3.99208454456e-16
6580.93100071 4.00564898311e-16
6583.11355543 4.00007630041e-16
6585.29611015 4.00352928316e-16
6587.47866488 3.94571690223e-16
6589.6612196 3.94742737939e-16
6591.84377432 4.09037292427e-16
6594.02632904 4.21848480466e-16
6596.20888376 4.45026451806e-16
6598.39143848 4.57492606268e-16
6600.57399321 4.60522337241e-16
6602.75654793 4.56942034852e-16
6604.93910265 4.48382396343e-16
6607.12165737 4.28681548191e-16
6609.30421209 4.14869087799e-16
6611.48676682 4.10929934608e-16
6613.66932154 4.04671102281e-16
6615.85187626 4.01595234482e-16
6618.03443098 4.04124157226e-16
6620.2169857 3.77052798943e-16
6622.39954042 3.97505309427e-16
6624.58209515 3.97261390408e-16
6626.76464987 4.11919957305e-16
6628.94720459 4.03024629051e-16
6631.12975931 3.93681829173e-16
6633.31231403 4.01523607259e-16
6635.49486876 4.03672741604e-16
6637.67742348 4.05064946132e-16
6639.8599782 3.90473347778e-16
6642.04253292 3.93371735705e-16
6644.22508764 4.08813013984e-16
6646.40764236 4.06729868799e-16
6648.59019709 4.07307677618e-16
6650.77275181 3.97273910614e-16
6652.95530653 4.02413944766e-16
6655.13786125 3.95995049682e-16
6657.32041597 3.958415779e-16
6659.5029707 4.13341516818e-16
6661.68552542 4.04258041371e-16
6663.86808014 4.01435145255e-16
6666.05063486 4.13523973009e-16
6668.23318958 4.20149941178e-16
6670.4157443 4.19397087707e-16
6672.59829903 4.11320972662e-16
6674.78085375 4.08389021055e-16
6676.96340847 4.08349792841e-16
6679.14596319 4.12777842861e-16
6681.32851791 4.22707583632e-16
6683.51107264 4.08165377887e-16
6685.69362736 4.13346228439e-16
6687.87618208 4.12013819143e-16
6690.0587368 4.06182235529e-16
6692.24129152 4.11148177941e-16
6694.42384624 3.96688319679e-16
6696.60640097 4.04198404957e-16
6698.78895569 4.01732850867e-16
6700.97151041 3.87483295004e-16
6703.15406513 3.91366173444e-16
6705.33661985 3.86603386591e-16
6707.51917458 3.87350204952e-16
6709.7017293 3.95160669289e-16
6711.88428402 4.00166157552e-16
6714.06683874 3.91561679236e-16
6716.24939346 3.95110403178e-16
6718.43194819 3.95864183092e-16
6720.61450291 4.00305097425e-16
6722.79705763 4.02732111516e-16
6724.97961235 3.98129202132e-16
6727.16216707 3.99250700224e-16
6729.34472179 4.06181017919e-16
6731.52727652 4.00760298224e-16
6733.70983124 4.0079809707e-16
6735.89238596 4.0693032444e-16
6738.07494068 4.06652735862e-16
6740.2574954 3.97260543375e-16
6742.44005013 3.87880738745e-16
6744.62260485 4.00769668526e-16
6746.80515957 4.06490873159e-16
6748.98771429 4.01035266295e-16
6751.17026901 4.00448007765e-16
6753.35282373 4.0050862356e-16
6755.53537846 3.94622221033e-16
6757.71793318 3.88992575367e-16
6759.9004879 3.90324455268e-16
6762.08304262 4.023317561e-16
6764.26559734 4.03703737716e-16
6766.44815207 3.93568379697e-16
6768.63070679 3.97305939047e-16
6770.81326151 3.99215839524e-16
6772.99581623 3.90720337291e-16
6775.17837095 3.98226452102e-16
6777.36092567 4.07341161889e-16
6779.5434804 4.0001496217e-16
6781.72603512 3.97107865686e-16
6783.90858984 3.94679422226e-16
6786.09114456 4.0852642568e-16
6788.27369928 4.19357330098e-16
6790.45625401 4.05961292279e-16
6792.63880873 4.090849645e-16
6794.82136345 4.19175376833e-16
6797.00391817 4.14234977759e-16
6799.18647289 4.20459081734e-16
6801.36902761 4.23798535599e-16
6803.55158234 4.19833044977e-16
6805.73413706 4.20207645298e-16
6807.91669178 4.22620021601e-16
6810.0992465 4.28968454132e-16
6812.28180122 4.38560281696e-16
6814.46435595 4.46995009315e-16
6816.64691067 4.47414343564e-16
6818.82946539 4.54110986045e-16
6821.01202011 4.81230651675e-16
6823.19457483 4.89486152416e-16
6825.37712955 4.74891086521e-16
6827.55968428 4.82816085594e-16
6829.742239 5.04034684439e-16
6831.92479372 5.08965422044e-16
6834.10734844 5.15338868516e-16
6836.28990316 5.29940234219e-16
6838.47245789 5.36909674249e-16
6840.65501261 5.27599670428e-16
6842.83756733 5.2905259663e-16
6845.02012205 5.24938557605e-16
6847.20267677 5.47468786969e-16
6849.38523149 5.64841168019e-16
6851.56778622 5.59666590805e-16
6853.75034094 5.79125478702e-16
6855.93289566 5.98083717188e-16
6858.11545038 6.08615830734e-16
6860.2980051 6.22429667554e-16
6862.48055983 6.25913567005e-16
6864.66311455 6.11823650384e-16
6866.84566927 6.25105285816e-16
6869.02822399 6.23473159205e-16
6871.21077871 6.2934309753e-16
6873.39333344 6.51194800563e-16
6875.57588816 6.67715754683e-16
6877.75844288 6.42799274688e-16
6879.9409976 6.28200344205e-16
6882.12355232 6.38824678462e-16
6884.30610704 6.4377304494e-16
6886.48866177 6.46977052942e-16
6888.67121649 6.34000402311e-16
6890.85377121 6.38910864065e-16
6893.03632593 6.65037436504e-16
6895.21888065 6.63241514898e-16
6897.40143538 6.52776422834e-16
6899.5839901 6.289431921e-16
6901.76654482 5.91480301271e-16
6903.94909954 5.7327692796e-16
6906.13165426 5.66855941764e-16
6908.31420898 5.67699904216e-16
6910.49676371 5.66507917101e-16
6912.67931843 5.76357745608e-16
6914.86187315 5.75948628694e-16
6917.04442787 5.78536949623e-16
6919.22698259 5.68033846956e-16
6921.40953732 5.80269237879e-16
6923.59209204 5.84925007413e-16
6925.77464676 5.93606724546e-16
6927.95720148 5.96149199816e-16
6930.1397562 5.96432955853e-16
6932.32231092 5.98371549572e-16
6934.50486565 5.8904714619e-16
6936.68742037 5.9996672437e-16
6938.86997509 6.11005522436e-16
6941.05252981 6.11416492234e-16
6943.23508453 5.82724362877e-16
6945.41763926 5.91235826387e-16
6947.60019398 5.79888125992e-16
6949.7827487 5.70333064952e-16
6951.96530342 5.66361168643e-16
6954.14785814 5.47908979404e-16
6956.33041286 5.35415561069e-16
6958.51296759 5.28830038723e-16
6960.69552231 5.15729138946e-16
6962.87807703 4.95912961964e-16
6965.06063175 5.15948096963e-16
6967.24318647 5.02034151437e-16
6969.4257412 4.91760700578e-16
6971.60829592 4.92584916575e-16
6973.79085064 4.70515790771e-16
6975.97340536 4.59408065399e-16
6978.15596008 4.42674770707e-16
6980.3385148 4.63913592464e-16
6982.52106953 4.44545284153e-16
6984.70362425 4.47171350987e-16
6986.88617897 4.39863283067e-16
6989.06873369 4.36440475867e-16
6991.25128841 4.24303129007e-16
6993.43384314 4.36564460314e-16
6995.61639786 4.22382508269e-16
6997.79895258 4.16404493834e-16
6999.9815073 4.20021350989e-16
7002.16406202 4.22380470096e-16
7004.34661675 4.1219916054e-16
7006.52917147 4.10075278364e-16
7008.71172619 4.03428663767e-16
7010.89428091 4.22463849902e-16
7013.07683563 4.15334664752e-16
7015.25939035 3.97869957111e-16
7017.44194508 4.05662660225e-16
7019.6244998 4.0516129613e-16
7021.80705452 4.128308883e-16
7023.98960924 4.16736716038e-16
7026.17216396 4.15759134138e-16
7028.35471869 4.06062168609e-16
7030.53727341 4.20597571621e-16
7032.71982813 4.53766031877e-16
7034.90238285 4.56959504907e-16
7037.08493757 4.40808545366e-16
7039.26749229 4.25502342372e-16
7041.45004702 4.05556278181e-16
7043.63260174 4.09414354437e-16
7045.81515646 4.21637913369e-16
7047.99771118 4.41013368521e-16
7050.1802659 4.53846817644e-16
7052.36282063 4.37171094723e-16
7054.54537535 4.30224789281e-16
7056.72793007 4.17499972133e-16
7058.91048479 3.91401934116e-16
7061.09303951 3.85096356159e-16
7063.27559423 3.9178100783e-16
7065.45814896 3.81139362336e-16
7067.64070368 3.83281720418e-16
7069.8232584 3.87567415964e-16
7072.00581312 3.89866316322e-16
7074.18836784 3.87137282045e-16
7076.37092257 3.85631257465e-16
7078.55347729 3.85954003488e-16
7080.73603201 3.87589174123e-16
7082.91858673 3.87766601055e-16
7085.10114145 3.80723760327e-16
7087.28369617 3.79714229403e-16
7089.4662509 3.91181811429e-16
7091.64880562 3.96851823508e-16
7093.83136034 3.9297961239e-16
7096.01391506 3.86528318296e-16
7098.19646978 3.86974281143e-16
7100.37902451 3.88983337414e-16
7102.56157923 3.85059139649e-16
7104.74413395 3.88207084658e-16
7106.92668867 3.9039748539e-16
7109.10924339 3.8885294728e-16
7111.29179811 3.88430357249e-16
7113.47435284 3.93418507805e-16
7115.65690756 3.90452330773e-16
7117.83946228 3.81830514752e-16
7120.022017 3.86730150365e-16
7122.20457172 3.88172859233e-16
7124.38712645 3.8719432442e-16
7126.56968117 4.00657224903e-16
7128.75223589 3.99843755636e-16
7130.93479061 3.87231011535e-16
7133.11734533 3.87729940411e-16
7135.29990005 3.96398396183e-16
7137.48245478 3.9089945829e-16
7139.6650095 3.81387172413e-16
7141.84756422 3.96691178416e-16
7144.03011894 3.96564785218e-16
7146.21267366 3.91154838723e-16
7148.39522839 3.81876201591e-16
7150.57778311 3.87051599369e-16
7152.76033783 3.85541260214e-16
7154.94289255 3.82920672625e-16
7157.12544727 3.96949496995e-16
7159.308002 3.92369669258e-16
7161.49055672 3.8542291383e-16
7163.67311144 3.90376097808e-16
7165.85566616 3.77058013489e-16
7168.03822088 3.86821206407e-16
7170.2207756 3.88769488065e-16
7172.40333033 3.86083017194e-16
7174.58588505 3.83980654949e-16
7176.76843977 3.87490494784e-16
7178.95099449 3.89996468229e-16
7181.13354921 3.81372137578e-16
7183.31610394 3.90500267544e-16
7185.49865866 3.88989610752e-16
7187.68121338 3.67716378282e-16
7189.8637681 3.77071830714e-16
7192.04632282 3.93951291529e-16
7194.22887754 3.76334012078e-16
7196.41143227 3.83488767034e-16
7198.59398699 3.97440511406e-16
7200.77654171 3.73859325913e-16
7202.95909643 3.96364382517e-16
7205.14165115 4.10018447747e-16
7207.32420588 3.93398655471e-16
7209.5067606 3.83464732474e-16
7211.68931532 3.88354309572e-16
7213.87187004 3.86376593519e-16
7216.05442476 3.93888372863e-16
7218.23697948 3.92528567345e-16
7220.41953421 3.86065653018e-16
7222.60208893 3.96637894749e-16
7224.78464365 4.0458115797e-16
7226.96719837 3.95265595496e-16
7229.14975309 3.90069842458e-16
7231.33230782 3.86340356391e-16
7233.51486254 3.90477265305e-16
7235.69741726 4.01663579453e-16
7237.87997198 3.97178354709e-16
7240.0625267 3.99447264807e-16
7242.24508142 3.87052764039e-16
7244.42763615 3.93487964507e-16
7246.61019087 3.87899929335e-16
7248.79274559 3.80330392932e-16
7250.97530031 3.7661840339e-16
7253.15785503 3.77482588754e-16
7255.34040976 3.80594428984e-16
7257.52296448 3.73127198279e-16
7259.7055192 3.83900160349e-16
7261.88807392 3.66216256462e-16
7264.07062864 3.79343705428e-16
7266.25318336 3.81032292078e-16
7268.43573809 3.79482433543e-16
7270.61829281 3.74422655763e-16
7272.80084753 3.77182289105e-16
7274.98340225 3.85589938139e-16
7277.16595697 3.79050102632e-16
7279.3485117 3.86997071623e-16
7281.53106642 3.8609786674e-16
7283.71362114 3.76421547639e-16
7285.89617586 3.8622277763e-16
7288.07873058 3.84666778106e-16
7290.26128531 3.77259183814e-16
7292.44384003 3.78888186991e-16
7294.62639475 3.85289188503e-16
7296.80894947 3.93313369841e-16
7298.99150419 3.90803796506e-16
7301.17405891 3.83374285238e-16
7303.35661364 3.7819047007e-16
7305.53916836 3.74377471849e-16
7307.72172308 3.87688171098e-16
7309.9042778 3.88401266961e-16
7312.08683252 3.89611597633e-16
7314.26938725 3.922733722e-16
7316.45194197 3.95618887644e-16
7318.63449669 4.03878464731e-16
7320.81705141 3.82457319133e-16
7322.99960613 3.79732281792e-16
7325.18216085 3.96597872443e-16
7327.36471558 4.0534740515e-16
7329.5472703 4.04267994008e-16
7331.72982502 3.9602652225e-16
7333.91237974 3.94535320746e-16
7336.09493446 3.90616337527e-16
7338.27748919 3.97949154691e-16
7340.46004391 3.95883506031e-16
7342.64259863 3.85323387459e-16
7344.82515335 3.90239487275e-16
7347.00770807 3.84580460154e-16
7349.19026279 3.87491103589e-16
7351.37281752 4.03390467875e-16
7353.55537224 4.01371644254e-16
7355.73792696 3.95054313715e-16
7357.92048168 4.02647249403e-16
7360.1030364 4.09739218042e-16
7362.28559113 4.01746562212e-16
7364.46814585 3.95722860938e-16
7366.65070057 4.0659286122e-16
7368.83325529 4.10531643834e-16
7371.01581001 4.0213722969e-16
7373.19836473 4.07787627662e-16
7375.38091946 4.18283874656e-16
7377.56347418 4.12588319239e-16
7379.7460289 3.99745526284e-16
7381.92858362 4.05652045844e-16
7384.11113834 4.02746696365e-16
7386.29369307 4.11088144481e-16
7388.47624779 4.02446158487e-16
7390.65880251 3.94813279902e-16
7392.84135723 3.96405887131e-16
7395.02391195 3.88415666521e-16
7397.20646667 3.92550457853e-16
7399.3890214 4.09375867378e-16
7401.57157612 3.97628208614e-16
7403.75413084 3.83938197422e-16
7405.93668556 4.01072323986e-16
7408.11924028 3.99418836264e-16
7410.30179501 4.064824293e-16
7412.48434973 4.16417490496e-16
7414.66690445 3.98322299174e-16
7416.84945917 4.02185139991e-16
7419.03201389 4.09435424382e-16
7421.21456862 3.94547443905e-16
7423.39712334 3.92600273978e-16
7425.57967806 3.92744454868e-16
7427.76223278 4.01899742827e-16
7429.9447875 3.98143416404e-16
7432.12734222 3.98068903974e-16
7434.30989695 3.95003438798e-16
7436.49245167 4.02546161315e-16
7438.67500639 4.02051811711e-16
7440.85756111 3.95463721796e-16
7443.04011583 3.99677287192e-16
7445.22267056 3.89754613852e-16
7447.40522528 3.9106399444e-16
7449.58778 4.01881213981e-16
7451.77033472 4.0838722111e-16
7453.95288944 4.07520785814e-16
7456.13544416 4.03533139987e-16
7458.31799889 3.99296228245e-16
7460.50055361 3.97666245687e-16
7462.68310833 3.99913397626e-16
7464.86566305 3.90008882555e-16
7467.04821777 3.96143545145e-16
7469.2307725 3.93764864871e-16
7471.41332722 3.9646605294e-16
7473.59588194 4.0438546689e-16
7475.77843666 4.10571269094e-16
7477.96099138 3.97511053369e-16
7480.1435461 3.90330252149e-16
7482.32610083 3.93063151014e-16
7484.50865555 4.03103561933e-16
7486.69121027 3.95374015713e-16
7488.87376499 4.00163537043e-16
7491.05631971 3.98930415891e-16
7493.23887444 4.02344885111e-16
7495.42142916 4.02478875135e-16
7497.60398388 4.03841327631e-16
7499.7865386 3.99077667275e-16
7501.96909332 3.97582442365e-16
7504.15164804 3.84997412123e-16
7506.33420277 3.81140712295e-16
7508.51675749 3.94392516285e-16
7510.69931221 4.03361748164e-16
7512.88186693 4.01653838574e-16
7515.06442165 4.05159681473e-16
7517.24697638 3.99726018056e-16
7519.4295311 3.93569994354e-16
7521.61208582 3.95170516047e-16
7523.79464054 3.99436200439e-16
7525.97719526 4.14635439054e-16
7528.15974998 4.09035942468e-16
7530.34230471 3.96375023368e-16
7532.52485943 3.92235202778e-16
7534.70741415 3.91803983598e-16
7536.88996887 4.10726408473e-16
7539.07252359 3.94209874806e-16
7541.25507832 3.72179341941e-16
7543.43763304 3.83126422221e-16
7545.62018776 3.96949735223e-16
7547.80274248 3.91653397022e-16
7549.9852972 3.87811282043e-16
7552.16785192 3.93540904066e-16
7554.35040665 3.94620235799e-16
7556.53296137 3.86837802959e-16
7558.71551609 3.73024204367e-16
7560.89807081 3.86976742832e-16
7563.08062553 4.05314609093e-16
7565.26318026 3.95245028477e-16
7567.44573498 3.80860476739e-16
7569.6282897 3.71458252205e-16
7571.81084442 3.86484246113e-16
7573.99339914 3.99245432738e-16
7576.17595387 3.84601344811e-16
7578.35850859 3.80950288701e-16
7580.54106331 3.85218487722e-16
7582.72361803 3.86414524713e-16
7584.90617275 3.82772203631e-16
7587.08872747 3.82033193854e-16
7589.2712822 3.82973082788e-16
7591.45383692 3.85419393349e-16
7593.63639164 3.84278651727e-16
7595.81894636 3.63478513628e-16
7598.00150108 3.67396464525e-16
7600.18405581 3.53784380365e-16
7602.36661053 3.39484267224e-16
7604.54916525 3.27193819159e-16
7606.73171997 3.25298291772e-16
7608.91427469 3.02556595339e-16
7611.09682941 3.04084431018e-16
7613.27938414 2.91658272393e-16
7615.46193886 3.18444604089e-16
7617.64449358 3.37379813867e-16
7619.8270483 3.54024567145e-16
7622.00960302 3.68454885133e-16
7624.19215775 3.59101735571e-16
7626.37471247 3.36718651712e-16
7628.55726719 3.51652266088e-16
7630.73982191 3.60893369073e-16
7632.92237663 3.40933805295e-16
7635.10493135 3.25794308972e-16
7637.28748608 3.4403294003e-16
7639.4700408 3.55619080199e-16
7641.65259552 3.64709173091e-16
7643.83515024 3.51409697028e-16
7646.01770496 3.64462157108e-16
7648.20025969 3.54503114291e-16
7650.38281441 3.71512091737e-16
7652.56536913 3.73920100527e-16
7654.74792385 3.7487211262e-16
7656.93047857 3.79313556349e-16
7659.11303329 3.77010473765e-16
7661.29558802 3.9275382517e-16
7663.47814274 3.90563397968e-16
7665.66069746 4.05789344591e-16
7667.84325218 3.95923025412e-16
7670.0258069 3.90861950612e-16
7672.20836163 3.80385397134e-16
7674.39091635 3.87982118001e-16
7676.57347107 3.96531750933e-16
7678.75602579 3.95918922596e-16
7680.93858051 3.9866026532e-16
7683.12113523 4.16995564013e-16
7685.30368996 4.04255288514e-16
7687.48624468 4.04841541192e-16
7689.6687994 3.99318330511e-16
7691.85135412 3.99611139213e-16
7694.03390884 4.04287396356e-16
7696.21646357 4.15266266842e-16
7698.39901829 4.02610138772e-16
7700.58157301 3.97911991121e-16
7702.76412773 3.94677516402e-16
7704.94668245 4.21603582065e-16
7707.12923718 4.01854373625e-16
7709.3117919 3.96162709266e-16
7711.49434662 3.93979905361e-16
7713.67690134 4.01548277093e-16
7715.85945606 4.02038020956e-16
7718.04201078 4.06238007355e-16
7720.22456551 4.07030565496e-16
7722.40712023 4.11708887282e-16
7724.58967495 4.22568379061e-16
7726.77222967 4.18948530822e-16
7728.95478439 4.13492844548e-16
7731.13733912 4.09550700272e-16
7733.31989384 4.16883967422e-16
7735.50244856 4.12999818433e-16
7737.68500328 4.08570603743e-16
7739.867558 4.16703867042e-16
7742.05011272 4.19928839109e-16
7744.23266745 4.27166470946e-16
7746.41522217 4.24343971877e-16
7748.59777689 4.21688682406e-16
7750.78033161 4.07491351419e-16
7752.96288633 4.0529817136e-16
7755.14544106 4.24288861796e-16
7757.32799578 4.26704361533e-16
7759.5105505 4.20629520645e-16
7761.69310522 4.14625221719e-16
7763.87565994 4.12846346651e-16
7766.05821466 4.03232072713e-16
7768.24076939 4.15563469527e-16
7770.42332411 4.11215887637e-16
7772.60587883 4.18689232861e-16
7774.78843355 4.23800414953e-16
7776.97098827 4.13497688518e-16
7779.153543 4.15996462182e-16
7781.33609772 4.36740696107e-16
7783.51865244 4.44565242366e-16
7785.70120716 4.18914808323e-16
7787.88376188 4.15016603881e-16
7790.0663166 4.08768385936e-16
7792.24887133 4.14874117057e-16
7794.43142605 4.35763670072e-16
7796.61398077 4.22126174923e-16
7798.79653549 4.10690277223e-16
7800.97909021 4.16744762851e-16
7803.16164494 4.25824585469e-16
7805.34419966 4.19510140136e-16
7807.52675438 4.21475706559e-16
7809.7093091 4.45079285486e-16
7811.89186382 4.14113587349e-16
7814.07441854 4.26381536101e-16
7816.25697327 4.27500228397e-16
7818.43952799 4.22984219299e-16
7820.62208271 4.25640011696e-16
7822.80463743 4.21297670822e-16
7824.98719215 4.54040099975e-16
7827.16974688 4.49818223068e-16
7829.3523016 4.60013588077e-16
7831.53485632 4.29116764307e-16
7833.71741104 4.38183484384e-16
7835.89996576 4.3847941652e-16
7838.08252048 4.20880454156e-16
7840.26507521 4.23942610609e-16
7842.44762993 4.4529506713e-16
7844.63018465 4.30250200269e-16
7846.81273937 4.23118368142e-16
7848.99529409 4.45072085706e-16
7851.17784882 4.54002142311e-16
7853.36040354 4.38845228874e-16
7855.54295826 4.2036715219e-16
7857.72551298 4.48495316423e-16
7859.9080677 4.46069996397e-16
7862.09062243 4.32906389713e-16
7864.27317715 4.41514150281e-16
7866.45573187 4.35851311512e-16
7868.63828659 4.37214399283e-16
7870.82084131 4.38732044096e-16
7873.00339603 4.27533395031e-16
7875.18595076 4.43669134448e-16
7877.36850548 4.28329473652e-16
7879.5510602 4.33387319138e-16
7881.73361492 4.37302252481e-16
7883.91616964 4.38129327215e-16
7886.09872437 4.52100394526e-16
7888.28127909 4.42602058223e-16
7890.46383381 4.4194304012e-16
7892.64638853 4.57777209338e-16
7894.82894325 4.35604798455e-16
7897.01149797 4.43912285843e-16
7899.1940527 4.45831291925e-16
7901.37660742 4.31596956186e-16
7903.55916214 4.28416876864e-16
7905.74171686 4.37627724891e-16
7907.92427158 4.41924034818e-16
7910.10682631 4.45929759505e-16
7912.28938103 4.53924691736e-16
7914.47193575 4.53420018918e-16
7916.65449047 4.39819554991e-16
7918.83704519 4.46954087036e-16
7921.01959991 4.53682122676e-16
7923.20215464 4.43637741289e-16
7925.38470936 4.41330026494e-16
7927.56726408 4.35248435812e-16
7929.7498188 4.50998245843e-16
7931.93237352 4.53165644336e-16
7934.11492825 4.38786148326e-16
7936.29748297 4.51736805633e-16
7938.48003769 4.52900205386e-16
7940.66259241 4.34963806272e-16
7942.84514713 4.41232670645e-16
7945.02770185 4.31182386498e-16
7947.21025658 4.28217612364e-16
7949.3928113 4.38307177664e-16
7951.57536602 4.48917668226e-16
7953.75792074 4.38434603183e-16
7955.94047546 4.37230995834e-16
7958.12303019 4.24932448017e-16
7960.30558491 4.23798191491e-16
7962.48813963 4.21203279588e-16
7964.67069435 4.5971781476e-16
7966.85324907 4.49677668538e-16
7969.03580379 4.29616090229e-16
7971.21835852 4.2257338185e-16
7973.40091324 4.2849308336e-16
7975.58346796 4.39881467805e-16
7977.76602268 4.34878917689e-16
7979.9485774 4.23377454345e-16
7982.13113213 4.30817262358e-16
7984.31368685 4.18583036105e-16
7986.49624157 4.13873029992e-16
7988.67879629 4.28305359683e-16
7990.86135101 4.41073137283e-16
7993.04390574 4.40575426017e-16
7995.22646046 4.49352460826e-16
7997.40901518 4.42984652417e-16
7999.5915699 4.22775743315e-16
8001.77412462 4.3293550647e-16
8003.95667934 4.23201747948e-16
8006.13923407 4.13173063141e-16
8008.32178879 4.31264839861e-16
8010.50434351 4.39510864421e-16
