3400.0 4.1536e-16
3401.525 4.4626e-16
3403.05 4.5917e-16
3404.575 4.4581e-16
3406.1 4.4714e-16
3407.625 4.4883e-16
3409.15 4.6673e-16
3410.675 4.0776e-16
3412.2 3.6608e-16
3413.725 4.1444e-16
3415.25 4.4067e-16
3416.775 4.3715e-16
3418.3 4.2733e-16
3419.825 4.1732e-16
3421.35 3.9216e-16
3422.875 4.5033e-16
3424.4 4.3699e-16
3425.925 4.492e-16
3427.45 4.3055e-16
3428.975 4.2447e-16
3430.5 4.383e-16
3432.025 3.9357e-16
3433.55 3.851e-16
3435.075 4.1431e-16
3436.6 4.1493e-16
3438.125 3.7527e-16
3439.65 3.9572e-16
3441.175 4.5088e-16
3442.7 4.1284e-16
3444.225 3.9794e-16
3445.75 3.8744e-16
3447.275 3.9865e-16
3448.8 4.0769e-16
3450.325 3.9878e-16
3451.85 4.3237e-16
3453.375 3.9046e-16
3454.9 3.8086e-16
3456.425 3.6947e-16
3457.95 4.0925e-16
3459.475 3.9934e-16
3461.0 4.2307e-16
3462.525 3.9591e-16
3464.05 3.996e-16
3465.575 4.0348e-16
3467.1 4.0237e-16
3468.625 4.1157e-16
3470.15 4.0963e-16
3471.675 3.7886e-16
3473.2 3.7862e-16
3474.725 3.6643e-16
3476.25 3.7631e-16
3477.775 4.2343e-16
3479.3 4.0315e-16
3480.825 4.01e-16
3482.35 3.9632e-16
3483.875 4.0067e-16
3485.4 3.9139e-16
3486.925 3.9744e-16
3488.45 4.0601e-16
3489.975 4.274e-16
3491.5 4.4538e-16
3493.025 4.5488e-16
3494.55 4.2101e-16
3496.075 4.1954e-16
3497.6 3.9746e-16
3499.125 4.1701e-16
3500.65 3.8921e-16
3502.175 4.1006e-16
3503.7 3.9946e-16
3505.225 3.894e-16
3506.75 3.8731e-16
3508.275 3.9884e-16
3509.8 3.8209e-16
3511.325 3.8317e-16
3512.85 3.9881e-16
3514.375 4.3045e-16
3515.9 4.161e-16
3517.425 3.6155e-16
3518.95 4.4058e-16
3520.475 4.3811e-16
3522.0 4.1339e-16
3523.525 3.9679e-16
3525.05 4.0551e-16
3526.575 4.0349e-16
3528.1 3.8817e-16
3529.625 3.7507e-16
3531.15 4.1639e-16
3532.675 4.2808e-16
3534.2 4.0814e-16
3535.725 3.9697e-16
3537.25 4.1744e-16
3538.775 3.9663e-16
3540.3 3.9394e-16
3541.825 3.8625e-16
3543.35 3.6858e-16
3544.875 3.5938e-16
3546.4 3.6052e-16
3547.925 3.4792e-16
3549.45 3.6266e-16
3550.975 4.0366e-16
3552.5 3.8812e-16
3554.025 4.088e-16
3555.55 3.9112e-16
3557.075 3.9316e-16
3558.6 4.2751e-16
3560.125 4.0791e-16
3561.65 4.1964e-16
3563.175 3.804e-16
3564.7 3.6484e-16
3566.225 3.9882e-16
3567.75 3.9516e-16
3569.275 4.0535e-16
3570.8 3.6427e-16
3572.325 3.4431e-16
3573.85 3.7851e-16
3575.375 3.7704e-16
3576.9 3.6465e-16
3578.425 3.6272e-16
3579.95 3.7005e-16
3581.475 3.7478e-16
3583.0 3.6145e-16
3584.525 3.5109e-16
3586.05 3.6988e-16
3587.575 4.0224e-16
3589.1 4.0163e-16
3590.625 3.8533e-16
3592.15 3.5889e-16
3593.675 3.8454e-16
3595.2 3.6136e-16
3596.725 3.6483e-16
3598.25 3.5817e-16
3599.775 3.4843e-16
3601.3 3.5155e-16
3602.825 3.3925e-16
3604.35 3.5115e-16
3605.875 3.5582e-16
3607.4 3.6217e-16
3608.925 3.8691e-16
3610.45 3.9022e-16
3611.975 3.7827e-16
3613.5 3.8064e-16
3615.025 3.6682e-16
3616.55 3.7185e-16
3618.075 3.9326e-16
3619.6 3.5916e-16
3621.125 3.5436e-16
3622.65 3.8292e-16
3624.175 3.814e-16
3625.7 3.8691e-16
3627.225 3.8971e-16
3628.75 3.6721e-16
3630.275 3.4917e-16
3631.8 3.6014e-16
3633.325 3.4882e-16
3634.85 3.4049e-16
3636.375 3.9311e-16
3637.9 3.9533e-16
3639.425 3.7474e-16
3640.95 3.9588e-16
3642.475 3.6349e-16
3644.0 3.6297e-16
3645.525 3.8039e-16
3647.05 3.8581e-16
3648.575 4.1345e-16
3650.1 3.8566e-16
3651.625 3.9735e-16
3653.15 4.118e-16
3654.675 3.8124e-16
3656.2 3.558e-16
3657.725 3.8757e-16
3659.25 3.9311e-16
3660.775 3.5818e-16
3662.3 3.5689e-16
3663.825 3.7734e-16
3665.35 3.5291e-16
3666.875 3.3338e-16
3668.4 3.6418e-16
3669.925 3.6399e-16
3671.45 3.305e-16
3672.975 3.5083e-16
3674.5 3.4628e-16
3676.025 3.4939e-16
3677.55 3.5302e-16
3679.075 3.3465e-16
3680.6 3.3424e-16
3682.125 3.2238e-16
3683.65 3.3528e-16
3685.175 3.503e-16
3686.7 3.6416e-16
3688.225 3.2901e-16
3689.75 3.2955e-16
3691.275 3.3137e-16
3692.8 3.2451e-16
3694.325 3.1943e-16
3695.85 3.1418e-16
3697.375 3.0746e-16
3698.9 3.1526e-16
3700.425 3.3777e-16
3701.95 3.5139e-16
3703.475 3.3309e-16
3705.0 3.4529e-16
3706.525 3.831e-16
3708.05 3.5331e-16
3709.575 3.6224e-16
3711.1 3.6261e-16
3712.625 3.5975e-16
3714.15 3.6075e-16
3715.675 3.5259e-16
3717.2 3.519e-16
3718.725 3.5469e-16
3720.25 3.4733e-16
3721.775 3.5076e-16
3723.3 3.5858e-16
3724.825 3.555e-16
3726.35 3.3562e-16
3727.875 3.3719e-16
3729.4 3.418e-16
3730.925 3.4889e-16
3732.45 3.4263e-16
3733.975 3.6481e-16
3735.5 3.6983e-16
3737.025 3.8331e-16
3738.55 3.8194e-16
3740.075 3.7323e-16
3741.6 3.6816e-16
3743.125 3.429e-16
3744.65 3.3998e-16
3746.175 3.5732e-16
3747.7 3.5745e-16
3749.225 3.6796e-16
3750.75 3.7635e-16
3752.275 3.6073e-16
3753.8 3.5966e-16
3755.325 3.6517e-16
3756.85 3.797e-16
3758.375 3.5799e-16
3759.9 3.2805e-16
3761.425 3.3756e-16
3762.95 3.5603e-16
3764.475 3.5211e-16
3766.0 3.573e-16
3767.525 3.6683e-16
3769.05 3.6057e-16
3770.575 3.6053e-16
3772.1 3.7858e-16
3773.625 3.5901e-16
3775.15 3.4066e-16
3776.675 3.4079e-16
3778.2 3.676e-16
3779.725 3.4572e-16
3781.25 3.4111e-16
3782.775 3.5023e-16
3784.3 3.5795e-16
3785.825 3.5377e-16
3787.35 3.2419e-16
3788.875 3.4371e-16
3790.4 3.506e-16
3791.925 3.441e-16
3793.45 3.4989e-16
3794.975 3.3322e-16
3796.5 3.3674e-16
3798.025 3.2888e-16
3799.55 3.3592e-16
3801.075 3.3329e-16
3802.6 3.555e-16
3804.125 3.7797e-16
3805.65 3.8047e-16
3807.175 3.5836e-16
3808.7 3.588e-16
3810.225 3.6492e-16
3811.75 3.7232e-16
3813.275 3.9687e-16
3814.8 3.6003e-16
3816.325 3.5453e-16
3817.85 3.5024e-16
3819.375 3.5067e-16
3820.9 3.5527e-16
3822.425 3.485e-16
3823.95 3.4561e-16
3825.475 3.5224e-16
3827.0 3.6362e-16
3828.525 3.6915e-16
3830.05 3.8643e-16
3831.575 3.7518e-16
3833.1 3.6442e-16
3834.625 4.0121e-16
3836.15 6.5835e-16
3837.675 1.1616e-15
3839.2 1.8443e-15
3840.725 2.349e-15
3842.25 2.3144e-15
3843.775 1.7403e-15
3845.3 1.0493e-15
3846.825 5.2027e-16
3848.35 3.4381e-16
3849.875 3.1762e-16
3851.4 3.6015e-16
3852.925 3.9472e-16
3854.45 3.9422e-16
3855.975 4.1456e-16
3857.5 4.3476e-16
3859.025 3.8166e-16
3860.55 3.4949e-16
3862.075 3.5129e-16
3863.6 3.3155e-16
3865.125 3.4507e-16
3866.65 3.5245e-16
3868.175 3.845e-16
3869.7 4.1228e-16
3871.225 4.3953e-16
3872.75 4.1252e-16
3874.275 4.0746e-16
3875.8 4.2834e-16
3877.325 4.4893e-16
3878.85 4.2542e-16
3880.375 4.0458e-16
3881.9 3.8475e-16
3883.425 3.5718e-16
3884.95 3.4806e-16
3886.475 3.6767e-16
3888.0 3.6956e-16
3889.525 3.85e-16
3891.05 4.082e-16
3892.575 4.4858e-16
3894.1 4.7956e-16
3895.625 4.9179e-16
3897.15 5.1694e-16
3898.675 5.0664e-16
3900.2 4.8628e-16
3901.725 4.8798e-16
3903.25 4.7282e-16
3904.775 4.6423e-16
3906.3 4.4023e-16
3907.825 4.0014e-16
3909.35 3.8456e-16
3910.875 3.7088e-16
3912.4 3.586e-16
3913.925 3.5043e-16
3915.45 3.7539e-16
3916.975 3.9752e-16
3918.5 4.1637e-16
3920.025 4.3771e-16
3921.55 4.4522e-16
3923.075 4.763e-16
3924.6 4.8705e-16
3926.125 4.8895e-16
3927.65 5.0155e-16
3929.175 5.0186e-16
3930.7 4.9061e-16
3932.225 4.8118e-16
3933.75 4.7154e-16
3935.275 4.5193e-16
3936.8 4.5249e-16
3938.325 4.4771e-16
3939.85 4.409e-16
3941.375 4.3577e-16
3942.9 4.3249e-16
3944.425 4.1207e-16
3945.95 3.8298e-16
3947.475 3.5078e-16
3949.0 3.3989e-16
3950.525 3.4524e-16
3952.05 3.2891e-16
3953.575 3.3346e-16
3955.1 3.3765e-16
3956.625 3.5648e-16
3958.15 3.6691e-16
3959.675 4.1013e-16
3961.2 4.4463e-16
3962.725 4.4702e-16
3964.25 4.5206e-16
3965.775 4.6496e-16
3967.3 4.6147e-16
3968.825 4.7016e-16
3970.35 4.8468e-16
3971.875 4.8257e-16
3973.4 4.7772e-16
3974.925 4.7619e-16
3976.45 5.1167e-16
3977.975 4.9163e-16
3979.5 4.9154e-16
3981.025 5.1405e-16
3982.55 5.1939e-16
3984.075 5.2766e-16
3985.6 5.6291e-16
3987.125 5.2863e-16
3988.65 5.2283e-16
3990.175 5.1007e-16
3991.7 4.8185e-16
3993.225 4.9277e-16
3994.75 4.6944e-16
3996.275 4.4736e-16
3997.8 4.6091e-16
3999.325 4.391e-16
4000.85 4.1147e-16
4002.375 3.9682e-16
4003.9 4.0016e-16
4005.425 4.4279e-16
4006.95 4.4503e-16
4008.475 4.4878e-16
4010.0 4.1346e-16
4011.525 3.9158e-16
4013.05 4.1799e-16
4014.575 4.3125e-16
4016.1 4.2863e-16
4017.625 4.5807e-16
4019.15 4.74e-16
4020.675 4.719e-16
4022.2 4.6096e-16
4023.725 4.7127e-16
4025.25 4.8265e-16
4026.775 4.9939e-16
4028.3 5.0057e-16
4029.825 5.164e-16
4031.35 5.2666e-16
4032.875 5.2792e-16
4034.4 5.0825e-16
4035.925 5.0663e-16
4037.45 5.1856e-16
4038.975 5.0874e-16
4040.5 5.0554e-16
4042.025 4.8366e-16
4043.55 4.9045e-16
4045.075 4.9871e-16
4046.6 4.7065e-16
4048.125 4.5535e-16
4049.65 4.1678e-16
4051.175 3.8303e-16
4052.7 3.5875e-16
4054.225 3.4859e-16
4055.75 4.0595e-16
4057.275 4.4639e-16
4058.8 4.6335e-16
4060.325 5.0097e-16
4061.85 4.8605e-16
4063.375 4.9241e-16
4064.9 5.1387e-16
4066.425 5.1216e-16
4067.95 5.1431e-16
4069.475 5.1499e-16
4071.0 4.9861e-16
4072.525 5.0823e-16
4074.05 4.884e-16
4075.575 5.0222e-16
4077.1 4.9084e-16
4078.625 4.6678e-16
4080.15 4.6963e-16
4081.675 4.5335e-16
4083.2 4.0448e-16
4084.725 3.8915e-16
4086.25 3.4748e-16
4087.775 3.5283e-16
4089.3 3.6726e-16
4090.825 3.8521e-16
4092.35 3.7465e-16
4093.875 3.5002e-16
4095.4 3.6553e-16
4096.925 4.0089e-16
4098.45 4.2923e-16
4099.975 4.6696e-16
4101.5 4.7546e-16
4103.025 4.7467e-16
4104.55 4.8842e-16
4106.075 5.0186e-16
4107.6 5.0992e-16
4109.125 5.2067e-16
4110.65 5.4182e-16
4112.175 5.303e-16
4113.7 5.4857e-16
4115.225 5.5452e-16
4116.75 5.4201e-16
4118.275 5.3908e-16
4119.8 5.6312e-16
4121.325 5.6433e-16
4122.85 5.4863e-16
4124.375 5.5891e-16
4125.9 5.4195e-16
4127.425 5.4886e-16
4128.95 5.2898e-16
4130.475 5.2835e-16
4132.0 5.4006e-16
4133.525 5.444e-16
4135.05 5.4474e-16
4136.575 5.378e-16
4138.1 5.5392e-16
4139.625 5.3906e-16
4141.15 5.6717e-16
4142.675 5.2511e-16
4144.2 5.4561e-16
4145.725 5.4798e-16
4147.25 5.348e-16
4148.775 5.199e-16
4150.3 5.2297e-16
4151.825 5.3452e-16
4153.35 5.2361e-16
4154.875 5.1184e-16
4156.4 5.2295e-16
4157.925 5.2867e-16
4159.45 5.3569e-16
4160.975 5.4543e-16
4162.5 5.4051e-16
4164.025 5.4522e-16
4165.55 5.3579e-16
4167.075 5.1936e-16
4168.6 5.1852e-16
4170.125 5.1987e-16
4171.65 5.4038e-16
4173.175 5.7481e-16
4174.7 5.3568e-16
4176.225 5.2514e-16
4177.75 5.2161e-16
4179.275 5.27e-16
4180.8 5.2166e-16
4182.325 5.1657e-16
4183.85 5.1611e-16
4185.375 5.0993e-16
4186.9 5.3301e-16
4188.425 5.5347e-16
4189.95 5.4708e-16
4191.475 5.5258e-16
4193.0 5.4941e-16
4194.525 5.1924e-16
4196.05 5.1035e-16
4197.575 5.1469e-16
4199.1 5.1659e-16
4200.625 5.0794e-16
4202.15 4.8409e-16
4203.675 5.0535e-16
4205.2 4.8825e-16
4206.725 5.1062e-16
4208.25 5.1264e-16
4209.775 4.949e-16
4211.3 5.0146e-16
4212.825 5.1175e-16
4214.35 4.9646e-16
4215.875 4.8576e-16
4217.4 4.8307e-16
4218.925 4.4835e-16
4220.45 4.1623e-16
4221.975 4.0707e-16
4223.5 4.3755e-16
4225.025 4.9354e-16
4226.55 5.1363e-16
4228.075 4.8955e-16
4229.6 4.273e-16
4231.125 4.0281e-16
4232.65 4.2738e-16
4234.175 4.2937e-16
4235.7 4.3762e-16
4237.225 4.6728e-16
4238.75 4.7907e-16
4240.275 4.8783e-16
4241.8 4.7821e-16
4243.325 4.8105e-16
4244.85 4.7291e-16
4246.375 4.7024e-16
4247.9 5.0046e-16
4249.425 5.2281e-16
4250.95 5.1457e-16
4252.475 5.04e-16
4254.0 5.0063e-16
4255.525 4.8055e-16
4257.05 4.9321e-16
4258.575 4.8856e-16
4260.1 4.8281e-16
4261.625 4.9915e-16
4263.15 5.2298e-16
4264.675 5.2092e-16
4266.2 5.1571e-16
4267.725 4.9976e-16
4269.25 4.9724e-16
4270.775 4.9001e-16
4272.3 4.7754e-16
4273.825 4.9121e-16
4275.35 5.1183e-16
4276.875 5.1604e-16
4278.4 5.2476e-16
4279.925 5.205e-16
4281.45 5.2662e-16
4282.975 5.0594e-16
4284.5 5.1786e-16
4286.025 5.1543e-16
4287.55 5.1219e-16
4289.075 5.1124e-16
4290.6 5.1243e-16
4292.125 5.2225e-16
4293.65 5.1365e-16
4295.175 5.2176e-16
4296.7 5.2854e-16
4298.225 4.9897e-16
4299.75 4.9154e-16
4301.275 4.9262e-16
4302.8 4.9948e-16
4304.325 4.8741e-16
4305.85 4.8254e-16
4307.375 4.8007e-16
4308.9 5.1551e-16
4310.425 5.2847e-16
4311.95 5.1675e-16
4313.475 5.0864e-16
4315.0 5.1271e-16
4316.525 5.2134e-16
4318.05 5.1209e-16
4319.575 5.053e-16
4321.1 5.2454e-16
4322.625 5.21e-16
4324.15 5.0473e-16
4325.675 4.9056e-16
4327.2 4.9162e-16
4328.725 5.1263e-16
4330.25 5.1701e-16
4331.775 4.9738e-16
4333.3 5.24e-16
4334.825 5.1383e-16
4336.35 5.1591e-16
4337.875 5.3377e-16
4339.4 5.1555e-16
4340.925 5.1602e-16
4342.45 5.0955e-16
4343.975 5.0841e-16
4345.5 5.2245e-16
4347.025 5.082e-16
4348.55 5.1584e-16
4350.075 5.2776e-16
4351.6 5.1161e-16
4353.125 4.8114e-16
4354.65 4.6942e-16
4356.175 4.8349e-16
4357.7 5.1507e-16
4359.225 5.4275e-16
4360.75 5.302e-16
4362.275 5.1078e-16
4363.8 5.1084e-16
4365.325 5.0964e-16
4366.85 5.2353e-16
4368.375 5.0556e-16
4369.9 5.224e-16
4371.425 5.3402e-16
4372.95 5.258e-16
4374.475 5.1507e-16
4376.0 5.1233e-16
4377.525 5.1817e-16
4379.05 4.9876e-16
4380.575 5.1745e-16
4382.1 5.2292e-16
4383.625 5.0465e-16
4385.15 5.0813e-16
4386.675 4.989e-16
4388.2 4.9559e-16
4389.725 5.0212e-16
4391.25 5.0898e-16
4392.775 5.0995e-16
4394.3 4.9253e-16
4395.825 4.9952e-16
4397.35 5.0693e-16
4398.875 5.133e-16
4400.4 5.0249e-16
4401.925 4.7975e-16
4403.45 4.6692e-16
4404.975 4.9103e-16
4406.5 5.0105e-16
4408.025 4.985e-16
4409.55 5.0671e-16
4411.075 4.9217e-16
4412.6 4.9419e-16
4414.125 4.8478e-16
4415.65 4.8885e-16
4417.175 4.726e-16
4418.7 4.648e-16
4420.225 4.7493e-16
4421.75 4.7678e-16
4423.275 4.6549e-16
4424.8 4.6788e-16
4426.325 4.7509e-16
4427.85 4.7214e-16
4429.375 4.3956e-16
4430.9 4.3257e-16
4432.425 4.5149e-16
4433.95 4.4236e-16
4435.475 4.4939e-16
4437.0 4.3734e-16
4438.525 4.3952e-16
4440.05 4.4513e-16
4441.575 4.5452e-16
4443.1 4.5117e-16
4444.625 4.6368e-16
4446.15 4.8094e-16
4447.675 4.9901e-16
4449.2 5.0566e-16
4450.725 4.9053e-16
4452.25 4.7809e-16
4453.775 4.8053e-16
4455.3 4.5836e-16
4456.825 4.3608e-16
4458.35 4.3416e-16
4459.875 4.7017e-16
4461.4 4.5113e-16
4462.925 4.4553e-16
4464.45 4.4984e-16
4465.975 4.2523e-16
4467.5 4.062e-16
4469.025 4.7009e-16
4470.55 5.9703e-16
4472.075 6.5795e-16
4473.6 6.4323e-16
4475.125 5.2557e-16
4476.65 4.3859e-16
4478.175 4.0499e-16
4479.7 4.3368e-16
4481.225 4.2293e-16
4482.75 4.1673e-16
4484.275 4.3014e-16
4485.8 4.4955e-16
4487.325 4.5695e-16
4488.85 4.617e-16
4490.375 4.7875e-16
4491.9 4.913e-16
4493.425 5.0571e-16
4494.95 4.9921e-16
4496.475 4.9276e-16
4498.0 5.0086e-16
4499.525 4.7241e-16
4501.05 4.6843e-16
4502.575 4.904e-16
4504.1 4.7382e-16
4505.625 4.6512e-16
4507.15 4.6645e-16
4508.675 4.5225e-16
4510.2 4.849e-16
4511.725 5.0836e-16
4513.25 4.981e-16
4514.775 4.6518e-16
4516.3 4.3706e-16
4517.825 4.3201e-16
4519.35 4.2177e-16
4520.875 4.4279e-16
4522.4 4.7797e-16
4523.925 4.9389e-16
4525.45 5.0343e-16
4526.975 4.8054e-16
4528.5 4.7937e-16
4530.025 4.7387e-16
4531.55 4.7542e-16
4533.075 4.7129e-16
4534.6 4.765e-16
4536.125 4.802e-16
4537.65 4.7836e-16
4539.175 4.6422e-16
4540.7 4.6315e-16
4542.225 4.7482e-16
4543.75 4.9635e-16
4545.275 5.1644e-16
4546.8 5.0068e-16
4548.325 4.928e-16
4549.85 4.7234e-16
4551.375 4.8332e-16
4552.9 5.0289e-16
4554.425 4.885e-16
4555.95 4.9849e-16
4557.475 4.8936e-16
4559.0 5.0349e-16
4560.525 4.9813e-16
4562.05 4.8882e-16
4563.575 4.7393e-16
4565.1 4.7425e-16
4566.625 4.7235e-16
4568.15 4.8516e-16
4569.675 4.8256e-16
4571.2 4.8385e-16
4572.725 5.0223e-16
4574.25 5.0106e-16
4575.775 5.0194e-16
4577.3 4.7164e-16
4578.825 4.6891e-16
4580.35 4.7775e-16
4581.875 5.0344e-16
4583.4 5.0818e-16
4584.925 4.892e-16
4586.45 4.785e-16
4587.975 4.7845e-16
4589.5 4.7901e-16
4591.025 4.757e-16
4592.55 4.7173e-16
4594.075 4.695e-16
4595.6 4.9262e-16
4597.125 4.779e-16
4598.65 4.8098e-16
4600.175 4.7715e-16
4601.7 4.8345e-16
4603.225 4.8135e-16
4604.75 4.9122e-16
4606.275 5.0231e-16
4607.8 5.2764e-16
4609.325 5.3114e-16
4610.85 5.1912e-16
4612.375 5.0982e-16
4613.9 5.0617e-16
4615.425 4.8771e-16
4616.95 4.8104e-16
4618.475 4.7954e-16
4620.0 4.7707e-16
4621.525 5.0598e-16
4623.05 4.8806e-16
4624.575 4.868e-16
4626.1 4.652e-16
4627.625 4.7941e-16
4629.15 5.0192e-16
4630.675 4.9745e-16
4632.2 4.9271e-16
4633.725 4.8968e-16
4635.25 4.9619e-16
4636.775 4.8546e-16
4638.3 5.0029e-16
4639.825 5.047e-16
4641.35 5.0163e-16
4642.875 5.1415e-16
4644.4 5.339e-16
4645.925 5.1295e-16
4647.45 5.0658e-16
4648.975 5.1127e-16
4650.5 5.0119e-16
4652.025 4.8909e-16
4653.55 5.0267e-16
4655.075 5.0883e-16
4656.6 5.0382e-16
4658.125 4.9298e-16
4659.65 4.749e-16
4661.175 4.8545e-16
4662.7 4.8456e-16
4664.225 4.7619e-16
4665.75 4.6302e-16
4667.275 4.471e-16
4668.8 4.6349e-16
4670.325 4.6873e-16
4671.85 4.6496e-16
4673.375 4.7365e-16
4674.9 4.9061e-16
4676.425 4.9995e-16
4677.95 4.857e-16
4679.475 4.8164e-16
4681.0 4.984e-16
4682.525 4.7042e-16
4684.05 4.6198e-16
4685.575 4.6907e-16
4687.1 4.8104e-16
4688.625 4.6832e-16
4690.15 4.6281e-16
4691.675 4.5683e-16
4693.2 4.6369e-16
4694.725 4.7495e-16
4696.25 4.5999e-16
4697.775 4.9576e-16
4699.3 4.7999e-16
4700.825 4.7717e-16
4702.35 4.8414e-16
4703.875 4.8681e-16
4705.4 4.7691e-16
4706.925 4.8721e-16
4708.45 4.8426e-16
4709.975 4.735e-16
4711.5 4.8558e-16
4713.025 4.9437e-16
4714.55 5.0004e-16
4716.075 5.0993e-16
4717.6 4.9217e-16
4719.125 4.7777e-16
4720.65 4.8543e-16
4722.175 4.7938e-16
4723.7 4.5631e-16
4725.225 4.7546e-16
4726.75 4.8652e-16
4728.275 5.0945e-16
4729.8 4.9005e-16
4731.325 4.9144e-16
4732.85 4.7863e-16
4734.375 4.8622e-16
4735.9 4.8157e-16
4737.425 4.7682e-16
4738.95 4.8412e-16
4740.475 4.9242e-16
4742.0 4.9795e-16
4743.525 5.113e-16
4745.05 5.1054e-16
4746.575 5.1312e-16
4748.1 5.128e-16
4749.625 5.1917e-16
4751.15 5.2272e-16
4752.675 5.0351e-16
4754.2 5.0311e-16
4755.725 5.0304e-16
4757.25 4.9402e-16
4758.775 5.0215e-16
4760.3 5.1281e-16
4761.825 5.1184e-16
4763.35 5.1978e-16
4764.875 5.1523e-16
4766.4 5.0915e-16
4767.925 5.069e-16
4769.45 5.1166e-16
4770.975 5.0511e-16
4772.5 5.0625e-16
4774.025 5.1201e-16
4775.55 5.0244e-16
4777.075 4.9676e-16
4778.6 4.9775e-16
4780.125 5.0273e-16
4781.65 4.9732e-16
4783.175 5.1259e-16
4784.7 5.1665e-16
4786.225 4.9573e-16
4787.75 5.013e-16
4789.275 4.8624e-16
4790.8 4.9393e-16
4792.325 5.1826e-16
4793.85 5.2818e-16
4795.375 5.0019e-16
4796.9 5.0516e-16
4798.425 5.0257e-16
4799.95 5.0868e-16
4801.475 5.0795e-16
4803.0 5.1144e-16
4804.525 5.1146e-16
4806.05 4.8632e-16
4807.575 4.9269e-16
4809.1 4.9626e-16
4810.625 4.8092e-16
4812.15 4.913e-16
4813.675 5.0297e-16
4815.2 5.0147e-16
4816.725 5.0115e-16
4818.25 5.0167e-16
4819.775 5.0369e-16
4821.3 4.9249e-16
4822.825 4.9441e-16
4824.35 4.9408e-16
4825.875 5.0226e-16
4827.4 4.9708e-16
4828.925 5.0255e-16
4830.45 4.9962e-16
4831.975 5.0355e-16
4833.5 4.9906e-16
4835.025 4.9607e-16
4836.55 5.0855e-16
4838.075 4.9265e-16
4839.6 4.8222e-16
4841.125 4.8767e-16
4842.65 4.7035e-16
4844.175 4.7775e-16
4845.7 4.6212e-16
4847.225 4.9024e-16
4848.75 4.9047e-16
4850.275 4.7925e-16
4851.8 4.7509e-16
4853.325 4.7304e-16
4854.85 4.7806e-16
4856.375 4.9e-16
4857.9 4.7579e-16
4859.425 4.724e-16
4860.95 4.7913e-16
4862.475 4.883e-16
4864.0 4.9716e-16
4865.525 4.8811e-16
4867.05 4.9123e-16
4868.575 4.8514e-16
4870.1 4.8704e-16
4871.625 4.6883e-16
4873.15 4.6078e-16
4874.675 4.633e-16
4876.2 4.5506e-16
4877.725 4.7579e-16
4879.25 4.7368e-16
4880.775 4.8866e-16
4882.3 4.8902e-16
4883.825 4.809e-16
4885.35 4.983e-16
4886.875 4.9721e-16
4888.4 4.9905e-16
4889.925 5.0179e-16
4891.45 4.9741e-16
4892.975 4.8623e-16
4894.5 5.1287e-16
4896.025 5.003e-16
4897.55 4.7586e-16
4899.075 4.8152e-16
4900.6 4.8334e-16
4902.125 4.7856e-16
4903.65 4.77e-16
4905.175 4.7637e-16
4906.7 4.8682e-16
4908.225 4.6503e-16
4909.75 4.7455e-16
4911.275 4.7206e-16
4912.8 4.5547e-16
4914.325 4.8404e-16
4915.85 4.8986e-16
4917.375 4.7569e-16
4918.9 4.8418e-16
4920.425 4.9268e-16
4921.95 4.8517e-16
4923.475 4.9104e-16
4925.0 4.7828e-16
4926.525 4.7236e-16
4928.05 4.8913e-16
4929.575 4.7177e-16
4931.1 4.632e-16
4932.625 4.6921e-16
4934.15 4.6919e-16
4935.675 4.7249e-16
4937.2 4.9184e-16
4938.725 4.7931e-16
4940.25 5.0026e-16
4941.775 4.9494e-16
4943.3 4.7356e-16
4944.825 4.6284e-16
4946.35 4.7489e-16
4947.875 4.8094e-16
4949.4 4.7428e-16
4950.925 4.701e-16
4952.45 4.7698e-16
4953.975 4.7645e-16
4955.5 4.6678e-16
4957.025 4.797e-16
4958.55 4.8233e-16
4960.075 4.9033e-16
4961.6 4.9432e-16
4963.125 4.7605e-16
4964.65 4.5567e-16
4966.175 4.6924e-16
4967.7 4.7406e-16
4969.225 4.6174e-16
4970.75 4.6098e-16
4972.275 4.5746e-16
4973.8 4.5987e-16
4975.325 4.7237e-16
4976.85 4.6322e-16
4978.375 4.7282e-16
4979.9 4.6867e-16
4981.425 4.647e-16
4982.95 4.7903e-16
4984.475 4.5763e-16
4986.0 4.3719e-16
4987.525 4.4922e-16
4989.05 4.466e-16
4990.575 4.5526e-16
4992.1 4.586e-16
4993.625 4.5436e-16
4995.15 4.4438e-16
4996.675 4.3984e-16
4998.2 4.2244e-16
4999.725 4.1746e-16
5001.25 4.0289e-16
5002.775 4.043e-16
5004.3 4.5921e-16
5005.825 6.4486e-16
5007.35 9.2339e-16
5008.875 1.0663e-15
5010.4 9.7458e-16
5011.925 7.4159e-16
5013.45 5.6302e-16
5014.975 4.6361e-16
5016.5 4.2676e-16
5018.025 4.1862e-16
5019.55 4.0849e-16
5021.075 4.1133e-16
5022.6 4.2406e-16
5024.125 4.2185e-16
5025.65 4.1574e-16
5027.175 4.3735e-16
5028.7 4.3912e-16
5030.225 4.3498e-16
5031.75 4.4209e-16
5033.275 4.5104e-16
5034.8 4.4702e-16
5036.325 4.3326e-16
5037.85 4.3826e-16
5039.375 4.466e-16
5040.9 4.4567e-16
5042.425 4.4366e-16
5043.95 4.5082e-16
5045.475 4.674e-16
5047.0 4.6254e-16
5048.525 4.6951e-16
5050.05 4.6481e-16
5051.575 4.6441e-16
5053.1 4.8214e-16
5054.625 4.6396e-16
5056.15 4.7334e-16
5057.675 4.6451e-16
5059.2 4.6517e-16
5060.725 4.6515e-16
5062.25 4.694e-16
5063.775 4.6889e-16
5065.3 4.6922e-16
5066.825 4.4618e-16
5068.35 4.4449e-16
5069.875 4.505e-16
5071.4 4.5264e-16
5072.925 4.5417e-16
5074.45 4.7115e-16
5075.975 4.7351e-16
5077.5 4.7627e-16
5079.025 4.7485e-16
5080.55 4.9173e-16
5082.075 4.9398e-16
5083.6 4.5771e-16
5085.125 4.3669e-16
5086.65 4.5513e-16
5088.175 4.4894e-16
5089.7 4.648e-16
5091.225 4.642e-16
5092.75 4.6346e-16
5094.275 4.6293e-16
5095.8 4.8797e-16
5097.325 4.9462e-16
5098.85 4.8641e-16
5100.375 4.8636e-16
5101.9 4.9065e-16
5103.425 4.8991e-16
5104.95 4.9388e-16
5106.475 5.5635e-16
5108.0 6.2809e-16
5109.525 6.8173e-16
5111.05 6.75e-16
5112.575 6.0461e-16
5114.1 5.386e-16
5115.625 5.0009e-16
5117.15 4.7885e-16
5118.675 4.6659e-16
5120.2 4.5355e-16
5121.725 4.5865e-16
5123.25 4.7285e-16
5124.775 4.8422e-16
5126.3 4.7859e-16
5127.825 4.8579e-16
5129.35 4.7124e-16
5130.875 4.5881e-16
5132.4 4.6495e-16
5133.925 4.5309e-16
5135.45 4.6841e-16
5136.975 4.6668e-16
5138.5 4.637e-16
5140.025 4.499e-16
5141.55 4.4638e-16
5143.075 4.6233e-16
5144.6 4.5594e-16
5146.125 4.5049e-16
5147.65 4.6738e-16
5149.175 4.786e-16
5150.7 4.8693e-16
5152.225 4.6354e-16
5153.75 4.76e-16
5155.275 6.5159e-16
5156.8 9.188e-16
5158.325 1.1033e-15
5159.85 1.1203e-15
5161.375 9.7209e-16
5162.9 7.4038e-16
5164.425 5.7125e-16
5165.95 4.8555e-16
5167.475 4.7259e-16
5169.0 4.4863e-16
5170.525 4.4265e-16
5172.05 4.5543e-16
5173.575 4.5423e-16
5175.1 4.3906e-16
5176.625 4.4983e-16
5178.15 4.5067e-16
5179.675 4.5168e-16
5181.2 4.5283e-16
5182.725 4.423e-16
5184.25 4.3737e-16
5185.775 4.5743e-16
5187.3 4.4897e-16
5188.825 4.3302e-16
5190.35 4.3949e-16
5191.875 4.4307e-16
5193.4 4.2901e-16
5194.925 4.4259e-16
5196.45 4.4719e-16
5197.975 4.5593e-16
5199.5 4.6503e-16
5201.025 4.6e-16
5202.55 4.5465e-16
5204.075 4.7991e-16
5205.6 4.7299e-16
5207.125 4.6553e-16
5208.65 4.7707e-16
5210.175 4.7818e-16
5211.7 4.8687e-16
5213.225 4.7796e-16
5214.75 4.6972e-16
5216.275 4.7227e-16
5217.8 4.4694e-16
5219.325 4.4031e-16
5220.85 4.3851e-16
5222.375 4.5898e-16
5223.9 4.5734e-16
5225.425 4.5807e-16
5226.95 4.5375e-16
5228.475 4.5666e-16
5230.0 4.6968e-16
5231.525 4.5275e-16
5233.05 4.3844e-16
5234.575 4.3459e-16
5236.1 4.3222e-16
5237.625 4.3783e-16
5239.15 4.2579e-16
5240.675 4.4811e-16
5242.2 4.5167e-16
5243.725 4.5862e-16
5245.25 4.5189e-16
5246.775 4.4812e-16
5248.3 4.8079e-16
5249.825 4.8206e-16
5251.35 4.6603e-16
5252.875 4.4471e-16
5254.4 4.4056e-16
5255.925 4.3578e-16
5257.45 4.4561e-16
5258.975 4.5796e-16
5260.5 4.4678e-16
5262.025 4.4184e-16
5263.55 4.3943e-16
5265.075 4.3571e-16
5266.6 4.3652e-16
5268.125 4.291e-16
5269.65 4.4993e-16
5271.175 4.592e-16
5272.7 4.6401e-16
5274.225 4.6562e-16
5275.75 4.6028e-16
5277.275 4.491e-16
5278.8 4.2845e-16
5280.325 4.304e-16
5281.85 4.3051e-16
5283.375 4.2862e-16
5284.9 4.3638e-16
5286.425 4.3773e-16
5287.95 4.3728e-16
5289.475 4.4014e-16
5291.0 4.6563e-16
5292.525 4.5528e-16
5294.05 4.348e-16
5295.575 4.4894e-16
5297.1 4.3613e-16
5298.625 4.306e-16
5300.15 4.5355e-16
5301.675 4.4476e-16
5303.2 4.411e-16
5304.725 4.6222e-16
5306.25 4.2992e-16
5307.775 4.51e-16
5309.3 4.617e-16
5310.825 4.3215e-16
5312.35 4.293e-16
5313.875 4.4449e-16
5315.4 4.5944e-16
5316.925 4.6011e-16
5318.45 4.4099e-16
5319.975 4.3009e-16
5321.5 4.3785e-16
5323.025 4.2019e-16
5324.55 4.0283e-16
5326.075 4.0743e-16
5327.6 4.0978e-16
5329.125 3.9161e-16
5330.65 3.9565e-16
5332.175 4.1968e-16
5333.7 4.3681e-16
5335.225 4.4977e-16
5336.75 4.6608e-16
5338.275 4.5238e-16
5339.8 4.357e-16
5341.325 3.9606e-16
5342.85 4.0457e-16
5344.375 4.3543e-16
5345.9 4.3495e-16
5347.425 4.4233e-16
5348.95 4.2281e-16
5350.475 4.0337e-16
5352.0 4.4067e-16
5353.525 4.4063e-16
5355.05 4.5895e-16
5356.575 4.7937e-16
5358.1 4.6096e-16
5359.625 4.498e-16
5361.15 4.4693e-16
5362.675 4.5021e-16
5364.2 4.1014e-16
5365.725 4.2277e-16
5367.25 4.3299e-16
5368.775 4.3628e-16
5370.3 4.5699e-16
5371.825 4.6042e-16
5373.35 4.4051e-16
5374.875 4.4634e-16
5376.4 4.6387e-16
5377.925 4.3372e-16
5379.45 4.418e-16
5380.975 4.8104e-16
5382.5 4.7043e-16
5384.025 4.4107e-16
5385.55 4.271e-16
5387.075 4.2881e-16
5388.6 4.6076e-16
5390.125 4.7636e-16
5391.65 4.7458e-16
5393.175 4.6241e-16
5394.7 4.3109e-16
5396.225 4.4134e-16
5397.75 4.5165e-16
5399.275 4.6415e-16
5400.8 4.6022e-16
5402.325 4.5599e-16
5403.85 4.6295e-16
5405.375 4.7927e-16
5406.9 4.516e-16
5408.425 4.5044e-16
5409.95 4.4478e-16
5411.475 4.1156e-16
5413.0 4.2978e-16
5414.525 4.4493e-16
5416.05 4.5815e-16
5417.575 4.6993e-16
5419.1 4.678e-16
5420.625 4.4386e-16
5422.15 4.4663e-16
5423.675 4.4402e-16
5425.2 4.0005e-16
5426.725 4.1106e-16
5428.25 4.3426e-16
5429.775 4.2707e-16
5431.3 4.1465e-16
5432.825 4.09e-16
5434.35 4.3042e-16
5435.875 4.3154e-16
5437.4 4.3863e-16
5438.925 4.3525e-16
5440.45 4.4058e-16
5441.975 4.6217e-16
5443.5 4.5067e-16
5445.025 4.4554e-16
5446.55 4.258e-16
5448.075 4.4774e-16
5449.6 4.9182e-16
5451.125 4.6875e-16
5452.65 4.6939e-16
5454.175 4.862e-16
5455.7 4.5547e-16
5457.225 4.1988e-16
5458.75 4.6502e-16
5460.275 4.9771e-16
5461.8 4.9438e-16
5463.325 4.8924e-16
5464.85 4.8229e-16
5466.375 4.7543e-16
5467.9 4.8241e-16
5469.425 5.0136e-16
5470.95 4.9683e-16
5472.475 4.9522e-16
5474.0 4.744e-16
5475.525 4.9327e-16
5477.05 4.7331e-16
5478.575 4.6122e-16
5480.1 4.8688e-16
5481.625 4.525e-16
5483.15 4.4747e-16
5484.675 4.4979e-16
5486.2 4.5528e-16
5487.725 4.6455e-16
5489.25 4.3324e-16
5490.775 4.2847e-16
5492.3 4.4728e-16
5493.825 4.867e-16
5495.35 4.6831e-16
5496.875 4.7246e-16
5498.4 4.5729e-16
5499.925 4.5585e-16
5501.45 4.7069e-16
5502.975 4.72e-16
5504.5 4.7293e-16
5506.025 4.6966e-16
5507.55 4.6243e-16
5509.075 4.7417e-16
5510.6 4.7654e-16
5512.125 4.7287e-16
5513.65 4.7051e-16
5515.175 4.6771e-16
5516.7 4.8212e-16
5518.225 4.8157e-16
5519.75 4.8788e-16
5521.275 4.8607e-16
5522.8 4.8007e-16
5524.325 4.8491e-16
5525.85 4.7546e-16
5527.375 4.6973e-16
5528.9 4.7154e-16
5530.425 4.6568e-16
5531.95 4.6325e-16
5533.475 4.7577e-16
5535.0 4.6701e-16
5536.525 4.6758e-16
5538.05 4.8519e-16
5539.575 4.8498e-16
5541.1 4.7679e-16
5542.625 4.7332e-16
5544.15 4.6752e-16
5545.675 4.7544e-16
5547.2 4.7695e-16
5548.725 4.8429e-16
5550.25 4.8409e-16
5551.775 4.8483e-16
5553.3 4.8895e-16
5554.825 4.8617e-16
5556.35 4.6295e-16
5557.875 4.6842e-16
5559.4 4.7497e-16
5560.925 4.7289e-16
5562.45 4.7322e-16
5563.975 4.6594e-16
5565.5 4.5853e-16
5567.025 4.6176e-16
5568.55 4.6643e-16
5570.075 4.8396e-16
5571.6 4.7942e-16
5573.125 4.7717e-16
5574.65 4.8189e-16
5576.175 4.8637e-16
5577.7 4.8722e-16
5579.225 4.8602e-16
5580.75 4.6871e-16
5582.275 4.7299e-16
5583.8 4.7916e-16
5585.325 4.8263e-16
5586.85 4.7829e-16
5588.375 4.6242e-16
5589.9 4.7378e-16
5591.425 4.8482e-16
5592.95 4.6751e-16
5594.475 4.5931e-16
5596.0 4.6229e-16
5597.525 4.6697e-16
5599.05 4.7392e-16
5600.575 4.8731e-16
5602.1 4.9399e-16
5603.625 4.9171e-16
5605.15 4.8778e-16
5606.675 4.826e-16
5608.2 4.6339e-16
5609.725 4.6977e-16
5611.25 4.7811e-16
5612.775 4.8592e-16
5614.3 4.8229e-16
5615.825 4.7384e-16
5617.35 4.7762e-16
5618.875 4.863e-16
5620.4 4.7172e-16
5621.925 4.6346e-16
5623.45 4.6841e-16
5624.975 4.7051e-16
5626.5 4.737e-16
5628.025 4.6265e-16
5629.55 4.7988e-16
5631.075 4.843e-16
5632.6 4.6153e-16
5634.125 4.6873e-16
5635.65 4.7093e-16
5637.175 4.6012e-16
5638.7 4.589e-16
5640.225 4.6478e-16
5641.75 4.7122e-16
5643.275 4.8043e-16
5644.8 4.6928e-16
5646.325 4.5263e-16
5647.85 4.6747e-16
5649.375 4.668e-16
5650.9 4.7429e-16
5652.425 4.6851e-16
5653.95 4.6718e-16
5655.475 4.7825e-16
5657.0 4.7689e-16
5658.525 4.7992e-16
5660.05 4.7205e-16
5661.575 4.7495e-16
5663.1 4.9176e-16
5664.625 4.6878e-16
5666.15 4.5687e-16
5667.675 4.5813e-16
5669.2 4.6035e-16
5670.725 4.531e-16
5672.25 4.6691e-16
5673.775 4.6702e-16
5675.3 4.582e-16
5676.825 4.5628e-16
5678.35 4.5252e-16
5679.875 4.5491e-16
5681.4 4.7043e-16
5682.925 4.7681e-16
5684.45 4.7156e-16
5685.975 4.721e-16
5687.5 4.7635e-16
5689.025 4.6974e-16
5690.55 4.7483e-16
5692.075 4.6114e-16
5693.6 4.6111e-16
5695.125 4.6642e-16
5696.65 4.6313e-16
5698.175 4.6304e-16
5699.7 4.6428e-16
5701.225 4.7234e-16
5702.75 4.7322e-16
5704.275 4.7543e-16
5705.8 4.7736e-16
5707.325 4.732e-16
5708.85 4.6334e-16
5710.375 4.6498e-16
5711.9 4.7226e-16
5713.425 4.7095e-16
5714.95 4.7274e-16
5716.475 4.7499e-16
5718.0 4.6729e-16
5719.525 4.5625e-16
5721.05 4.6095e-16
5722.575 4.6226e-16
5724.1 4.7515e-16
5725.625 4.9145e-16
5727.15 4.8639e-16
5728.675 4.7433e-16
5730.2 4.68e-16
5731.725 4.6372e-16
5733.25 4.683e-16
5734.775 4.6254e-16
5736.3 4.539e-16
5737.825 4.6292e-16
5739.35 4.7762e-16
5740.875 4.8136e-16
5742.4 4.7932e-16
5743.925 4.8104e-16
5745.45 4.7537e-16
5746.975 4.6942e-16
5748.5 4.7987e-16
5750.025 4.7599e-16
5751.55 4.7233e-16
5753.075 4.5741e-16
5754.6 4.4807e-16
5756.125 4.586e-16
5757.65 4.5745e-16
5759.175 4.4718e-16
5760.7 4.4886e-16
5762.225 4.5199e-16
5763.75 4.5223e-16
5765.275 4.5837e-16
5766.8 4.6001e-16
5768.325 4.4897e-16
5769.85 4.5514e-16
5771.375 4.5284e-16
5772.9 4.5393e-16
5774.425 4.7095e-16
5775.95 4.7797e-16
5777.475 4.6616e-16
5779.0 4.5543e-16
5780.525 4.6218e-16
5782.05 4.6287e-16
5783.575 4.6336e-16
5785.1 4.6033e-16
5786.625 4.5732e-16
5788.15 4.5927e-16
5789.675 4.6022e-16
5791.2 4.469e-16
5792.725 4.3463e-16
5794.25 4.5162e-16
5795.775 4.7244e-16
5797.3 4.6124e-16
5798.825 4.5872e-16
5800.35 4.6051e-16
5801.875 4.556e-16
5803.4 4.5615e-16
5804.925 4.5478e-16
5806.45 4.5078e-16
5807.975 4.6299e-16
5809.5 4.5271e-16
5811.025 4.3926e-16
5812.55 4.3799e-16
5814.075 4.3372e-16
5815.6 4.4934e-16
5817.125 4.5763e-16
5818.65 4.5423e-16
5820.175 4.563e-16
5821.7 4.576e-16
5823.225 4.4674e-16
5824.75 4.3212e-16
5826.275 4.44e-16
5827.8 4.4443e-16
5829.325 4.3865e-16
5830.85 4.4473e-16
5832.375 4.4291e-16
5833.9 4.3032e-16
5835.425 4.3527e-16
5836.95 4.4616e-16
5838.475 4.505e-16
5840.0 4.586e-16
5841.525 4.6155e-16
5843.05 4.5396e-16
5844.575 4.4915e-16
5846.1 4.5188e-16
5847.625 4.5372e-16
5849.15 4.5655e-16
5850.675 4.6294e-16
5852.2 4.54e-16
5853.725 4.398e-16
5855.25 4.3633e-16
5856.775 4.4855e-16
5858.3 4.5697e-16
5859.825 4.5066e-16
5861.35 4.5235e-16
5862.875 4.4911e-16
5864.4 4.4535e-16
5865.925 4.5065e-16
5867.45 4.5595e-16
5868.975 4.5931e-16
5870.5 4.534e-16
5872.025 4.4193e-16
5873.55 4.4069e-16
5875.075 4.4142e-16
5876.6 4.3659e-16
5878.125 4.306e-16
5879.65 4.2861e-16
5881.175 4.2885e-16
5882.7 4.4156e-16
5884.225 4.5867e-16
5885.75 4.5997e-16
5887.275 4.5955e-16
5888.8 4.6208e-16
5890.325 4.3933e-16
5891.85 4.3053e-16
5893.375 4.6396e-16
5894.9 4.7135e-16
5896.425 4.5617e-16
5897.95 4.5546e-16
5899.475 4.5119e-16
5901.0 4.5208e-16
5902.525 4.4483e-16
5904.05 4.4571e-16
5905.575 4.4814e-16
5907.1 4.4717e-16
5908.625 4.578e-16
5910.15 4.5673e-16
5911.675 4.4815e-16
5913.2 4.4633e-16
5914.725 4.4747e-16
5916.25 4.6126e-16
5917.775 4.6144e-16
5919.3 4.4958e-16
5920.825 4.4956e-16
5922.35 4.4815e-16
5923.875 4.5405e-16
5925.4 4.6119e-16
5926.925 4.5797e-16
5928.45 4.6024e-16
5929.975 4.6084e-16
5931.5 4.5656e-16
5933.025 4.555e-16
5934.55 4.5741e-16
5936.075 4.6234e-16
5937.6 4.6283e-16
5939.125 4.6331e-16
5940.65 4.6653e-16
5942.175 4.6684e-16
5943.7 4.7558e-16
5945.225 4.704e-16
5946.75 4.6679e-16
5948.275 4.7526e-16
5949.8 4.7314e-16
5951.325 4.5959e-16
5952.85 4.5819e-16
5954.375 4.655e-16
5955.9 4.6236e-16
5957.425 4.5044e-16
5958.95 4.4748e-16
5960.475 4.577e-16
5962.0 4.6408e-16
5963.525 4.6236e-16
5965.05 4.5508e-16
5966.575 4.4863e-16
5968.1 4.5267e-16
5969.625 4.6199e-16
5971.15 4.6445e-16
5972.675 4.5931e-16
5974.2 4.6445e-16
5975.725 4.747e-16
5977.25 4.7228e-16
5978.775 4.6968e-16
5980.3 4.6526e-16
5981.825 4.684e-16
5983.35 4.8049e-16
5984.875 4.7407e-16
5986.4 4.6753e-16
5987.925 4.651e-16
5989.45 4.6151e-16
5990.975 4.6304e-16
5992.5 4.7135e-16
5994.025 4.7964e-16
5995.55 4.8236e-16
5997.075 4.8451e-16
5998.6 4.8479e-16
6000.125 4.7649e-16
6001.65 4.7457e-16
6003.175 4.8139e-16
6004.7 4.7955e-16
6006.225 4.7848e-16
6007.75 4.7588e-16
6009.275 4.7166e-16
6010.8 4.7236e-16
6012.325 4.6786e-16
6013.85 4.6739e-16
6015.375 4.7362e-16
6016.9 4.7404e-16
6018.425 4.7413e-16
6019.95 4.6932e-16
6021.475 4.654e-16
6023.0 4.7545e-16
6024.525 4.7162e-16
6026.05 4.6636e-16
6027.575 4.6476e-16
6029.1 4.6145e-16
6030.625 4.5462e-16
6032.15 4.5232e-16
6033.675 4.5846e-16
6035.2 4.6046e-16
6036.725 4.6015e-16
6038.25 4.6132e-16
6039.775 4.6507e-16
6041.3 4.5788e-16
6042.825 4.5462e-16
6044.35 4.6372e-16
6045.875 4.8295e-16
6047.4 5.0084e-16
6048.925 5.0968e-16
6050.45 5.2442e-16
6051.975 5.334e-16
6053.5 5.2562e-16
6055.025 5.068e-16
6056.55 4.9226e-16
6058.075 4.9183e-16
6059.6 4.7384e-16
6061.125 4.4726e-16
6062.65 4.3969e-16
6064.175 4.3324e-16
6065.7 4.2344e-16
6067.225 4.2626e-16
6068.75 4.2734e-16
6070.275 4.2432e-16
6071.8 4.3218e-16
6073.325 4.339e-16
6074.85 4.3862e-16
6076.375 4.5297e-16
6077.9 4.6173e-16
6079.425 4.6373e-16
6080.95 4.6138e-16
6082.475 4.6284e-16
6084.0 4.6198e-16
6085.525 4.5662e-16
6087.05 4.5472e-16
6088.575 4.5e-16
6090.1 4.5305e-16
6091.625 4.5814e-16
6093.15 4.5376e-16
6094.675 4.434e-16
6096.2 4.4659e-16
6097.725 4.6352e-16
6099.25 4.6848e-16
6100.775 4.6428e-16
6102.3 4.5862e-16
6103.825 4.5123e-16
6105.35 4.4819e-16
6106.875 4.558e-16
6108.4 4.6027e-16
6109.925 4.5615e-16
6111.45 4.538e-16
6112.975 4.5687e-16
6114.5 4.5009e-16
6116.025 4.3822e-16
6117.55 4.476e-16
6119.075 4.5803e-16
6120.6 4.5328e-16
6122.125 4.5314e-16
6123.65 4.5128e-16
6125.175 4.521e-16
6126.7 4.5872e-16
6128.225 4.5333e-16
6129.75 4.5291e-16
6131.275 4.5822e-16
6132.8 4.4688e-16
6134.325 4.3917e-16
6135.85 4.3936e-16
6137.375 4.4196e-16
6138.9 4.4407e-16
6140.425 4.388e-16
6141.95 4.3363e-16
6143.475 4.3284e-16
6145.0 4.4001e-16
6146.525 4.5625e-16
6148.05 4.569e-16
6149.575 4.4653e-16
6151.1 4.4771e-16
6152.625 4.4362e-16
6154.15 4.4219e-16
6155.675 4.4842e-16
6157.2 4.5012e-16
6158.725 4.5129e-16
6160.25 4.5155e-16
6161.775 4.5124e-16
6163.3 4.4871e-16
6164.825 4.3732e-16
6166.35 4.3051e-16
6167.875 4.3076e-16
6169.4 4.2786e-16
6170.925 4.3914e-16
6172.45 4.4205e-16
6173.975 4.2827e-16
6175.5 4.2579e-16
6177.025 4.3197e-16
6178.55 4.3933e-16
6180.075 4.4423e-16
6181.6 4.4563e-16
6183.125 4.4377e-16
6184.65 4.3852e-16
6186.175 4.3995e-16
6187.7 4.3689e-16
6189.225 4.2578e-16
6190.75 4.3059e-16
6192.275 4.3057e-16
6193.8 4.3478e-16
6195.325 4.389e-16
6196.85 4.2723e-16
6198.375 4.2993e-16
6199.9 4.3147e-16
6201.425 4.2275e-16
6202.95 4.3404e-16
6204.475 4.3212e-16
6206.0 4.2582e-16
6207.525 4.3852e-16
6209.05 4.4725e-16
6210.575 4.4575e-16
6212.1 4.4259e-16
6213.625 4.4281e-16
6215.15 4.4205e-16
6216.675 4.4121e-16
6218.2 4.3649e-16
6219.725 4.3561e-16
6221.25 4.4517e-16
6222.775 4.5612e-16
6224.3 4.4979e-16
6225.825 4.3937e-16
6227.35 4.3946e-16
6228.875 4.4568e-16
6230.4 4.4821e-16
6231.925 4.5302e-16
6233.45 4.5019e-16
6234.975 4.4577e-16
6236.5 4.3935e-16
6238.025 4.3733e-16
6239.55 4.4299e-16
6241.075 4.393e-16
6242.6 4.3146e-16
6244.125 4.3537e-16
6245.65 4.4743e-16
6247.175 4.4113e-16
6248.7 4.2745e-16
6250.225 4.3288e-16
6251.75 4.4883e-16
6253.275 4.4897e-16
6254.8 4.4464e-16
6256.325 4.5066e-16
6257.85 4.5041e-16
6259.375 4.3517e-16
6260.9 4.3445e-16
6262.425 4.3926e-16
6263.95 4.2594e-16
6265.475 4.1772e-16
6267.0 4.1819e-16
6268.525 4.3004e-16
6270.05 4.381e-16
6271.575 4.3705e-16
6273.1 4.338e-16
6274.625 4.381e-16
6276.15 4.4005e-16
6277.675 4.3545e-16
6279.2 4.3165e-16
6280.725 4.346e-16
6282.25 4.3462e-16
6283.775 4.3433e-16
6285.3 4.2692e-16
6286.825 4.2542e-16
6288.35 4.3489e-16
6289.875 4.3096e-16
6291.4 4.3692e-16
6292.925 4.4651e-16
6294.45 4.3902e-16
6295.975 4.404e-16
6297.5 4.3945e-16
6299.025 4.3214e-16
6300.55 4.2935e-16
6302.075 4.1764e-16
6303.6 4.1469e-16
6305.125 4.208e-16
6306.65 4.2702e-16
6308.175 4.3136e-16
6309.7 4.2877e-16
6311.225 4.2944e-16
6312.75 4.3947e-16
6314.275 4.4194e-16
6315.8 4.3756e-16
6317.325 4.3416e-16
6318.85 4.3027e-16
6320.375 4.3243e-16
6321.9 4.3052e-16
6323.425 4.2225e-16
6324.95 4.2649e-16
6326.475 4.2802e-16
6328.0 4.2932e-16
6329.525 4.3876e-16
6331.05 4.3464e-16
6332.575 4.2148e-16
6334.1 4.2548e-16
6335.625 4.2843e-16
6337.15 4.2707e-16
6338.675 4.3012e-16
6340.2 4.3372e-16
6341.725 4.2872e-16
6343.25 4.1111e-16
6344.775 4.0685e-16
6346.3 4.095e-16
6347.825 4.0742e-16
6349.35 4.0515e-16
6350.875 4.04e-16
6352.4 4.0395e-16
6353.925 4.0163e-16
6355.45 4.0951e-16
6356.975 4.2015e-16
6358.5 4.257e-16
6360.025 4.33e-16
6361.55 4.2962e-16
6363.075 4.2479e-16
6364.6 4.3009e-16
6366.125 4.2629e-16
6367.65 4.2733e-16
6369.175 4.2068e-16
6370.7 4.2073e-16
6372.225 4.2338e-16
6373.75 4.1684e-16
6375.275 4.1025e-16
6376.8 4.069e-16
6378.325 4.1394e-16
6379.85 4.2124e-16
6381.375 4.2245e-16
6382.9 4.2127e-16
6384.425 4.3065e-16
6385.95 4.3687e-16
6387.475 4.2912e-16
6389.0 4.2269e-16
6390.525 4.2067e-16
6392.05 4.2517e-16
6393.575 4.267e-16
6395.1 4.2505e-16
6396.625 4.1783e-16
6398.15 4.2021e-16
6399.675 4.1909e-16
6401.2 4.13e-16
6402.725 4.1267e-16
6404.25 4.1947e-16
6405.775 4.1682e-16
6407.3 4.1013e-16
6408.825 4.1429e-16
6410.35 4.179e-16
6411.875 4.1792e-16
6413.4 4.218e-16
6414.925 4.2559e-16
6416.45 4.2007e-16
6417.975 4.1348e-16
6419.5 4.1059e-16
6421.025 4.1035e-16
6422.55 4.174e-16
6424.075 4.1211e-16
6425.6 4.07e-16
6427.125 4.0358e-16
6428.65 4.1038e-16
6430.175 4.1122e-16
6431.7 4.0535e-16
6433.225 4.0603e-16
6434.75 4.0684e-16
6436.275 4.0528e-16
6437.8 4.1137e-16
6439.325 4.1297e-16
6440.85 4.1226e-16
6442.375 3.9886e-16
6443.9 3.9459e-16
6445.425 4.072e-16
6446.95 4.1129e-16
6448.475 4.1265e-16
6450.0 4.1398e-16
6451.525 4.1459e-16
6453.05 4.153e-16
6454.575 4.1241e-16
6456.1 4.132e-16
6457.625 4.2112e-16
6459.15 4.3115e-16
6460.675 4.2402e-16
6462.2 4.0357e-16
6463.725 4.0008e-16
6465.25 4.0614e-16
6466.775 4.0944e-16
6468.3 4.0853e-16
6469.825 4.0723e-16
6471.35 4.1289e-16
6472.875 4.0646e-16
6474.4 4.0915e-16
6475.925 4.1631e-16
6477.45 4.1583e-16
6478.975 4.1343e-16
6480.5 4.2105e-16
6482.025 4.1781e-16
6483.55 4.3039e-16
6485.075 4.5468e-16
6486.6 4.693e-16
6488.125 4.711e-16
6489.65 4.6483e-16
6491.175 4.5059e-16
6492.7 4.2497e-16
6494.225 4.1125e-16
6495.75 4.1813e-16
6497.275 4.2522e-16
6498.8 4.239e-16
6500.325 4.1562e-16
6501.85 4.1287e-16
6503.375 4.0586e-16
6504.9 4.0076e-16
6506.425 3.9133e-16
6507.95 3.914e-16
6509.475 4.0212e-16
6511.0 4.0365e-16
6512.525 4.0237e-16
6514.05 4.0735e-16
6515.575 4.0678e-16
6517.1 4.0566e-16
6518.625 4.0764e-16
6520.15 4.0519e-16
6521.675 4.0753e-16
6523.2 4.0373e-16
6524.725 4.0255e-16
6526.25 4.0218e-16
6527.775 4.0369e-16
6529.3 4.0236e-16
6530.825 3.9877e-16
6532.35 4.1355e-16
6533.875 4.2577e-16
6535.4 4.1574e-16
6536.925 4.0672e-16
6538.45 4.0978e-16
6539.975 4.1298e-16
6541.5 4.1678e-16
6543.025 4.1247e-16
6544.55 4.1753e-16
6546.075 4.19e-16
6547.6 4.1911e-16
6549.125 4.2681e-16
6550.65 4.339e-16
6552.175 4.6153e-16
6553.7 4.9032e-16
6555.225 4.9276e-16
6556.75 4.9826e-16
6558.275 5.1848e-16
6559.8 5.1766e-16
6561.325 5.1203e-16
6562.85 5.0735e-16
6564.375 4.99e-16
6565.9 4.8096e-16
6567.425 4.6324e-16
6568.95 4.582e-16
6570.475 4.4927e-16
6572.0 4.4971e-16
6573.525 4.4274e-16
6575.05 4.2929e-16
6576.575 4.2579e-16
6578.1 4.1968e-16
6579.625 4.1318e-16
6581.15 4.155e-16
6582.675 4.1606e-16
6584.2 4.146e-16
6585.725 4.1663e-16
6587.25 4.1378e-16
6588.775 4.0724e-16
6590.3 4.1122e-16
6591.825 4.1104e-16
6593.35 4.0705e-16
6594.875 4.125e-16
6596.4 4.1661e-16
6597.925 4.1346e-16
6599.45 4.1657e-16
6600.975 4.1637e-16
6602.5 4.081e-16
6604.025 4.137e-16
6605.55 4.1853e-16
6607.075 4.1237e-16
6608.6 4.089e-16
6610.125 4.0056e-16
6611.65 4.0018e-16
6613.175 4.073e-16
6614.7 4.1251e-16
6616.225 4.1107e-16
6617.75 4.093e-16
6619.275 4.1495e-16
6620.8 4.2129e-16
6622.325 4.2131e-16
6623.85 4.1443e-16
6625.375 4.0588e-16
6626.9 4.0694e-16
6628.425 4.0916e-16
6629.95 4.0365e-16
6631.475 4.0526e-16
6633.0 4.0869e-16
6634.525 4.1175e-16
6636.05 4.223e-16
6637.575 4.2662e-16
6639.1 4.1378e-16
6640.625 4.0873e-16
6642.15 4.1618e-16
6643.675 4.1176e-16
6645.2 4.0649e-16
6646.725 4.1146e-16
6648.25 4.2144e-16
6649.775 4.1778e-16
6651.3 4.2048e-16
6652.825 4.2049e-16
6654.35 4.1249e-16
6655.875 4.1324e-16
6657.4 4.1323e-16
6658.925 4.0975e-16
6660.45 4.1001e-16
6661.975 4.1199e-16
6663.5 4.1992e-16
6665.025 4.3171e-16
6666.55 4.3367e-16
6668.075 4.3199e-16
6669.6 4.2861e-16
6671.125 4.237e-16
6672.65 4.2722e-16
6674.175 4.2286e-16
6675.7 4.1901e-16
6677.225 4.1741e-16
6678.75 4.1596e-16
6680.275 4.2593e-16
6681.8 4.2829e-16
6683.325 4.2494e-16
6684.85 4.1663e-16
6686.375 4.0135e-16
6687.9 3.9324e-16
6689.425 3.8989e-16
6690.95 3.9021e-16
6692.475 4.029e-16
6694.0 4.1253e-16
6695.525 4.0513e-16
6697.05 4.0737e-16
6698.575 4.2104e-16
6700.1 4.2125e-16
6701.625 4.1358e-16
6703.15 4.1206e-16
6704.675 4.1421e-16
6706.2 4.1789e-16
6707.725 4.242e-16
6709.25 4.2227e-16
6710.775 4.2064e-16
6712.3 4.2734e-16
6713.825 4.2492e-16
6715.35 4.2348e-16
6716.875 4.2191e-16
6718.4 4.1346e-16
6719.925 4.1722e-16
6721.45 4.2173e-16
6722.975 4.1537e-16
6724.5 4.0982e-16
6726.025 4.0664e-16
6727.55 4.1522e-16
6729.075 4.2761e-16
6730.6 4.2735e-16
6732.125 4.259e-16
6733.65 4.2045e-16
6735.175 4.1704e-16
6736.7 4.2345e-16
6738.225 4.5783e-16
6739.75 5.083e-16
6741.275 5.5649e-16
6742.8 5.9407e-16
6744.325 5.9562e-16
6745.85 5.652e-16
6747.375 5.1709e-16
6748.9 4.509e-16
6750.425 4.2458e-16
6751.95 5.35e-16
6753.475 9e-16
6755.0 1.5394e-15
6756.525 2.1994e-15
6758.05 2.5825e-15
6759.575 2.625e-15
6761.1 2.2341e-15
6762.625 1.5012e-15
6764.15 8.6526e-16
6765.675 5.4072e-16
6767.2 4.2821e-16
6768.725 4.0136e-16
6770.25 4.0949e-16
6771.775 4.1739e-16
6773.3 4.5042e-16
6774.825 5.4974e-16
6776.35 7.2132e-16
6777.875 8.7093e-16
6779.4 9.5178e-16
6780.925 9.5717e-16
6782.45 8.5025e-16
6783.975 6.7791e-16
6785.5 5.1928e-16
6787.025 4.3404e-16
6788.55 4.1187e-16
6790.075 4.0215e-16
6791.6 4.0145e-16
6793.125 4.0597e-16
6794.65 4.0418e-16
6796.175 4.0579e-16
6797.7 4.0917e-16
6799.225 4.1127e-16
6800.75 4.0756e-16
6802.275 4.0566e-16
6803.8 4.0866e-16
6805.325 4.0764e-16
6806.85 4.0523e-16
6808.375 3.9997e-16
6809.9 4.0386e-16
6811.425 4.0019e-16
6812.95 4.0226e-16
6814.475 3.9806e-16
6816.0 3.9862e-16
6817.525 4.0574e-16
6819.05 4.0539e-16
6820.575 4.0445e-16
6822.1 4.0867e-16
6823.625 4.028e-16
6825.15 4.0002e-16
6826.675 4.0155e-16
6828.2 3.9944e-16
6829.725 3.989e-16
6831.25 3.9323e-16
6832.775 4.0173e-16
6834.3 4.1299e-16
6835.825 4.0032e-16
6837.35 3.9738e-16
6838.875 3.9381e-16
6840.4 3.9384e-16
6841.925 3.9916e-16
6843.45 4.0632e-16
6844.975 4.0169e-16
6846.5 3.9864e-16
6848.025 3.9698e-16
6849.55 3.9353e-16
6851.075 3.9348e-16
6852.6 3.8946e-16
6854.125 3.8952e-16
6855.65 4.0324e-16
6857.175 4.1588e-16
6858.7 4.0419e-16
6860.225 3.9239e-16
6861.75 3.7918e-16
6863.275 3.732e-16
6864.8 3.7879e-16
6866.325 3.7803e-16
6867.85 3.798e-16
6869.375 3.7889e-16
6870.9 3.8764e-16
6872.425 4.0127e-16
6873.95 4.103e-16
6875.475 4.1332e-16
6877.0 4.066e-16
6878.525 4.0105e-16
6880.05 4.025e-16
6881.575 4.0262e-16
6883.1 3.9137e-16
6884.625 3.8967e-16
6886.15 3.9463e-16
6887.675 3.9675e-16
6889.2 3.9328e-16
6890.725 3.9713e-16
6892.25 3.9505e-16
6893.775 3.9098e-16
6895.3 3.8933e-16
6896.825 3.8806e-16
6898.35 3.8137e-16
6899.875 3.8554e-16
6901.4 3.8394e-16
6902.925 3.8861e-16
6904.45 3.9386e-16
6905.975 3.9513e-16
6907.5 3.9947e-16
6909.025 4.0049e-16
6910.55 4.2839e-16
6912.075 5.207e-16
6913.6 6.4289e-16
6915.125 7.4487e-16
6916.65 8.0204e-16
6918.175 7.9211e-16
6919.7 7.0173e-16
6921.225 5.7125e-16
6922.75 4.6951e-16
6924.275 4.2216e-16
6925.8 4.3908e-16
6927.325 5.0984e-16
6928.85 5.8998e-16
6930.375 6.5043e-16
6931.9 6.8593e-16
6933.425 6.7115e-16
6934.95 5.9218e-16
6936.475 4.988e-16
6938.0 4.2882e-16
6939.525 3.9085e-16
6941.05 3.8479e-16
6942.575 3.8701e-16
6944.1 3.9141e-16
6945.625 3.8726e-16
6947.15 3.8175e-16
6948.675 3.9203e-16
6950.2 3.8883e-16
6951.725 3.7667e-16
6953.25 3.7592e-16
6954.775 3.7565e-16
6956.3 3.8146e-16
6957.825 3.8938e-16
6959.35 3.8863e-16
6960.875 3.8956e-16
6962.4 3.9023e-16
6963.925 3.8856e-16
6965.45 3.9193e-16
6966.975 3.9212e-16
6968.5 3.8148e-16
6970.025 3.7429e-16
6971.55 3.7251e-16
6973.075 3.7728e-16
6974.6 3.8647e-16
6976.125 3.8729e-16
6977.65 3.8873e-16
6979.175 3.9278e-16
6980.7 3.8795e-16
6982.225 3.8042e-16
6983.75 3.7565e-16
6985.275 3.771e-16
6986.8 3.9164e-16
6988.325 3.8857e-16
6989.85 3.8176e-16
6991.375 3.857e-16
6992.9 3.7775e-16
6994.425 3.754e-16
6995.95 3.8408e-16
6997.475 3.8666e-16
6999.0 3.869e-16
7000.525 3.8546e-16
7002.05 3.8801e-16
7003.575 3.9551e-16
7005.1 3.9279e-16
7006.625 3.8651e-16
7008.15 3.8767e-16
7009.675 3.8414e-16
7011.2 3.8663e-16
7012.725 3.8656e-16
7014.25 3.8076e-16
7015.775 3.8282e-16
7017.3 3.8498e-16
7018.825 3.8759e-16
7020.35 3.9094e-16
7021.875 3.846e-16
7023.4 3.8264e-16
7024.925 3.893e-16
7026.45 3.8973e-16
7027.975 3.8265e-16
7029.5 3.8779e-16
7031.025 3.8461e-16
7032.55 3.8265e-16
7034.075 3.7909e-16
7035.6 3.8157e-16
7037.125 3.9013e-16
7038.65 3.876e-16
7040.175 3.8464e-16
7041.7 3.8691e-16
7043.225 3.7638e-16
7044.75 3.7585e-16
7046.275 3.84e-16
7047.8 3.8629e-16
7049.325 3.8404e-16
7050.85 3.813e-16
7052.375 3.8704e-16
7053.9 3.8458e-16
7055.425 3.8549e-16
7056.95 3.8734e-16
7058.475 3.8217e-16
7060.0 3.7639e-16
7061.525 3.7322e-16
7063.05 3.758e-16
7064.575 3.8672e-16
7066.1 3.8864e-16
7067.625 3.9113e-16
7069.15 3.9041e-16
7070.675 3.8969e-16
7072.2 3.9312e-16
7073.725 3.8856e-16
7075.25 3.8986e-16
7076.775 3.9574e-16
7078.3 3.8443e-16
7079.825 3.7772e-16
7081.35 3.817e-16
7082.875 3.915e-16
7084.4 3.9623e-16
7085.925 3.9286e-16
7087.45 3.8626e-16
7088.975 3.8451e-16
7090.5 3.8485e-16
7092.025 3.9339e-16
7093.55 3.9117e-16
7095.075 3.8282e-16
7096.6 3.8847e-16
7098.125 3.984e-16
7099.65 3.9699e-16
7101.175 3.9304e-16
7102.7 3.8687e-16
7104.225 3.8707e-16
7105.75 3.9624e-16
7107.275 3.9507e-16
7108.8 3.9058e-16
7110.325 3.8875e-16
7111.85 3.9706e-16
7113.375 3.982e-16
7114.9 3.8796e-16
7116.425 3.8269e-16
7117.95 3.8358e-16
7119.475 3.8307e-16
7121.0 3.8722e-16
7122.525 3.8878e-16
7124.05 3.86e-16
7125.575 3.8443e-16
7127.1 3.8191e-16
7128.625 3.8137e-16
7130.15 3.7892e-16
7131.675 3.8139e-16
7133.2 3.9325e-16
7134.725 3.9372e-16
7136.25 3.9146e-16
7137.775 3.9045e-16
7139.3 3.8408e-16
7140.825 3.8363e-16
7142.35 3.8482e-16
7143.875 3.8524e-16
7145.4 3.9108e-16
7146.925 3.9018e-16
7148.45 3.8248e-16
7149.975 3.8495e-16
7151.5 3.9381e-16
7153.025 4.0066e-16
7154.55 3.9564e-16
7156.075 3.8559e-16
7157.6 3.8707e-16
7159.125 3.9418e-16
7160.65 3.9526e-16
7162.175 3.8985e-16
7163.7 3.9463e-16
7165.225 3.9147e-16
7166.75 3.8428e-16
7168.275 3.9472e-16
7169.8 3.9537e-16
7171.325 3.8954e-16
7172.85 3.896e-16
7174.375 3.8855e-16
7175.9 3.8991e-16
7177.425 3.9559e-16
7178.95 3.9346e-16
7180.475 3.9313e-16
7182.0 3.9227e-16
7183.525 3.9341e-16
7185.05 3.9172e-16
7186.575 3.8296e-16
7188.1 3.8356e-16
7189.625 3.9036e-16
7191.15 3.9766e-16
7192.675 3.9415e-16
7194.2 3.898e-16
7195.725 3.9066e-16
7197.25 3.9316e-16
7198.775 3.9805e-16
7200.3 3.9543e-16
7201.825 3.9458e-16
7203.35 4.0469e-16
7204.875 3.8988e-16
7206.4 3.7915e-16
7207.925 3.8412e-16
7209.45 3.8325e-16
7210.975 3.7351e-16
7212.5 3.7291e-16
7214.025 3.791e-16
7215.55 3.8459e-16
7217.075 3.9227e-16
7218.6 3.9273e-16
7220.125 3.764e-16
7221.65 3.826e-16
7223.175 3.8775e-16
7224.7 3.8169e-16
7226.225 3.7715e-16
7227.75 3.7494e-16
7229.275 3.793e-16
7230.8 3.8294e-16
7232.325 3.8849e-16
7233.85 3.9888e-16
7235.375 3.9903e-16
7236.9 3.9713e-16
7238.425 4.062e-16
7239.95 3.9983e-16
7241.475 3.8982e-16
7243.0 3.8114e-16
7244.525 3.8804e-16
7246.05 3.8765e-16
7247.575 3.7875e-16
7249.1 3.7907e-16
7250.625 3.8888e-16
7252.15 3.947e-16
7253.675 3.9694e-16
7255.2 3.9465e-16
7256.725 3.9186e-16
7258.25 3.8849e-16
7259.775 3.8645e-16
7261.3 3.8436e-16
7262.825 3.8081e-16
7264.35 3.7945e-16
7265.875 3.8438e-16
7267.4 3.7869e-16
7268.925 3.9208e-16
7270.45 3.9953e-16
7271.975 3.9544e-16
7273.5 3.9369e-16
7275.025 3.9432e-16
7276.55 3.9841e-16
7278.075 3.9252e-16
7279.6 3.8402e-16
7281.125 3.7545e-16
7282.65 3.7105e-16
7284.175 3.8001e-16
7285.7 3.8561e-16
7287.225 3.862e-16
7288.75 3.8503e-16
7290.275 3.7529e-16
7291.8 3.7012e-16
7293.325 3.7265e-16
7294.85 3.6906e-16
7296.375 3.7231e-16
7297.9 3.8086e-16
7299.425 3.7684e-16
7300.95 3.6798e-16
7302.475 3.6256e-16
7304.0 3.6093e-16
7305.525 3.5895e-16
7307.05 3.5781e-16
7308.575 3.7294e-16
7310.1 3.7859e-16
7311.625 3.7316e-16
7313.15 3.7319e-16
7314.675 3.689e-16
7316.2 3.6838e-16
7317.725 3.6623e-16
7319.25 3.5693e-16
7320.775 3.5708e-16
7322.3 3.6825e-16
7323.825 3.7215e-16
7325.35 3.7476e-16
7326.875 3.7386e-16
7328.4 3.6599e-16
7329.925 3.6119e-16
7331.45 3.5713e-16
7332.975 3.7068e-16
7334.5 3.8516e-16
7336.025 3.7468e-16
7337.55 3.6351e-16
7339.075 3.6755e-16
7340.6 3.6284e-16
7342.125 3.622e-16
7343.65 3.6803e-16
7345.175 3.8353e-16
7346.7 3.9886e-16
7348.225 3.9923e-16
7349.75 3.993e-16
7351.275 3.9987e-16
7352.8 3.8597e-16
7354.325 3.7588e-16
7355.85 3.7285e-16
7357.375 3.7429e-16
7358.9 3.6994e-16
7360.425 3.5644e-16
7361.95 3.5968e-16
7363.475 3.6155e-16
7365.0 3.6354e-16
7366.525 3.6707e-16
7368.05 3.629e-16
7369.575 3.6117e-16
7371.1 3.6305e-16
7372.625 3.5778e-16
7374.15 3.6098e-16
7375.675 3.5557e-16
7377.2 3.5525e-16
7378.725 3.6458e-16
7380.25 3.6016e-16
7381.775 3.5875e-16
7383.3 3.6442e-16
7384.825 3.6425e-16
7386.35 3.684e-16
7387.875 3.6439e-16
7389.4 3.5982e-16
7390.925 3.6134e-16
7392.45 3.6713e-16
7393.975 3.6662e-16
7395.5 3.6101e-16
7397.025 3.598e-16
7398.55 3.667e-16
7400.075 3.6903e-16
7401.6 3.6184e-16
7403.125 3.6041e-16
7404.65 3.5827e-16
7406.175 3.5876e-16
7407.7 3.5706e-16
7409.225 3.5251e-16
7410.75 3.6146e-16
7412.275 3.7829e-16
7413.8 3.727e-16
7415.325 3.587e-16
7416.85 3.572e-16
7418.375 3.5955e-16
7419.9 3.6296e-16
7421.425 3.5962e-16
7422.95 3.6052e-16
7424.475 3.5993e-16
7426.0 3.6634e-16
7427.525 3.7348e-16
7429.05 3.6937e-16
7430.575 3.6609e-16
7432.1 3.678e-16
7433.625 3.7497e-16
7435.15 3.8507e-16
7436.675 3.8697e-16
7438.2 3.7991e-16
7439.725 3.7081e-16
7441.25 3.7304e-16
7442.775 3.7043e-16
7444.3 3.5911e-16
7445.825 3.6954e-16
7447.35 3.8202e-16
7448.875 3.8051e-16
7450.4 3.8169e-16
7451.925 3.7934e-16
7453.45 3.7512e-16
7454.975 3.7209e-16
7456.5 3.7283e-16
7458.025 3.7827e-16
7459.55 3.8013e-16
7461.075 3.7757e-16
7462.6 3.7428e-16
7464.125 3.743e-16
7465.65 3.8392e-16
7467.175 3.8824e-16
7468.7 3.8591e-16
7470.225 3.8438e-16
7471.75 3.8354e-16
7473.275 3.8223e-16
7474.8 3.763e-16
7476.325 3.7858e-16
7477.85 3.8026e-16
7479.375 3.7282e-16
7480.9 3.7011e-16
7482.425 3.7793e-16
7483.95 3.8509e-16
7485.475 3.8392e-16
7487.0 3.7957e-16
7488.525 3.7477e-16
7490.05 3.7228e-16
7491.575 3.7495e-16
7493.1 3.7494e-16
7494.625 3.7959e-16
7496.15 3.8084e-16
7497.675 3.8209e-16
7499.2 3.7511e-16
7500.725 3.6486e-16
7502.25 3.7369e-16
7503.775 3.8127e-16
7505.3 3.746e-16
7506.825 3.6723e-16
7508.35 3.6608e-16
7509.875 3.633e-16
7511.4 3.7043e-16
7512.925 3.7947e-16
7514.45 3.7817e-16
7515.975 3.7716e-16
7517.5 3.8061e-16
7519.025 3.8384e-16
7520.55 3.8255e-16
7522.075 3.8723e-16
7523.6 3.8463e-16
7525.125 3.8013e-16
7526.65 3.7278e-16
7528.175 3.7021e-16
7529.7 3.7911e-16
7531.225 3.8852e-16
7532.75 3.9381e-16
7534.275 4.0025e-16
7535.8 3.9424e-16
7537.325 3.8721e-16
7538.85 3.8867e-16
7540.375 3.9057e-16
7541.9 3.9315e-16
7543.425 3.8614e-16
7544.95 3.8786e-16
7546.475 3.844e-16
7548.0 3.894e-16
7549.525 3.897e-16
7551.05 3.9398e-16
7552.575 3.9566e-16
7554.1 3.8097e-16
7555.625 3.7589e-16
7557.15 3.955e-16
7558.675 4.1147e-16
7560.2 3.9458e-16
7561.725 3.8611e-16
7563.25 3.845e-16
7564.775 3.8318e-16
7566.3 3.9225e-16
7567.825 3.8811e-16
7569.35 3.8121e-16
7570.875 3.8093e-16
7572.4 3.7566e-16
7573.925 3.6572e-16
7575.45 3.6187e-16
7576.975 3.6314e-16
7578.5 3.6799e-16
7580.025 3.6953e-16
7581.55 3.7477e-16
7583.075 3.7765e-16
7584.6 3.8397e-16
7586.125 3.8348e-16
7587.65 3.7019e-16
7589.175 3.623e-16
7590.7 3.6292e-16
7592.225 3.631e-16
7593.75 3.776e-16
7595.275 3.805e-16
7596.8 3.5791e-16
7598.325 3.6319e-16
7599.85 3.7331e-16
7601.375 3.683e-16
7602.9 3.649e-16
7604.425 3.5745e-16
7605.95 3.6199e-16
7607.475 3.6571e-16
7609.0 3.5955e-16
7610.525 3.5483e-16
7612.05 3.7004e-16
7613.575 3.7375e-16
7615.1 3.5124e-16
7616.625 3.4051e-16
7618.15 3.4643e-16
7619.675 3.5937e-16
7621.2 3.6174e-16
7622.725 3.5954e-16
7624.25 3.6481e-16
7625.775 3.6687e-16
7627.3 3.6418e-16
7628.825 3.5833e-16
7630.35 3.5824e-16
7631.875 3.6542e-16
7633.4 3.6496e-16
7634.925 3.6428e-16
7636.45 3.6459e-16
7637.975 3.6682e-16
7639.5 3.6893e-16
7641.025 3.7215e-16
7642.55 3.7269e-16
7644.075 3.6291e-16
7645.6 3.6327e-16
7647.125 3.6892e-16
7648.65 3.7336e-16
7650.175 3.7065e-16
7651.7 3.7365e-16
7653.225 3.7384e-16
7654.75 3.7007e-16
7656.275 3.7432e-16
7657.8 3.7061e-16
7659.325 3.6863e-16
7660.85 3.7328e-16
7662.375 3.7967e-16
7663.9 3.7494e-16
7665.425 3.6752e-16
7666.95 3.6523e-16
7668.475 3.7155e-16
7670.0 3.7224e-16
7671.525 3.7131e-16
7673.05 3.6629e-16
7674.575 3.7297e-16
7676.1 3.7841e-16
7677.625 3.8003e-16
7679.15 3.7799e-16
7680.675 3.6811e-16
7682.2 3.6796e-16
7683.725 3.6973e-16
7685.25 3.803e-16
7686.775 3.7375e-16
7688.3 3.655e-16
7689.825 3.6975e-16
7691.35 3.703e-16
7692.875 3.709e-16
7694.4 3.7976e-16
7695.925 3.7765e-16
7697.45 3.7501e-16
7698.975 3.8398e-16
7700.5 3.7943e-16
7702.025 3.7095e-16
7703.55 3.6712e-16
7705.075 3.7365e-16
7706.6 3.9205e-16
7708.125 3.8787e-16
7709.65 3.7709e-16
7711.175 3.7398e-16
7712.7 3.751e-16
7714.225 3.8129e-16
7715.75 3.8123e-16
7717.275 3.743e-16
7718.8 3.7073e-16
7720.325 3.7112e-16
7721.85 3.767e-16
7723.375 3.7472e-16
7724.9 3.7554e-16
7726.425 3.7514e-16
7727.95 3.727e-16
7729.475 3.744e-16
7731.0 3.7969e-16
7732.525 3.7398e-16
7734.05 3.6718e-16
7735.575 3.7136e-16
7737.1 3.7415e-16
7738.625 3.755e-16
7740.15 3.7935e-16
7741.675 3.8272e-16
7743.2 3.8337e-16
7744.725 3.8615e-16
7746.25 3.8584e-16
7747.775 3.7124e-16
7749.3 3.5882e-16
7750.825 3.7091e-16
7752.35 3.7416e-16
7753.875 3.5725e-16
7755.4 3.6306e-16
7756.925 3.7712e-16
7758.45 3.7969e-16
7759.975 3.7436e-16
7761.5 3.6703e-16
7763.025 3.6513e-16
7764.55 3.7155e-16
7766.075 3.8125e-16
7767.6 3.7656e-16
7769.125 3.6912e-16
7770.65 3.6801e-16
7772.175 3.7232e-16
7773.7 3.8131e-16
7775.225 3.835e-16
7776.75 3.7757e-16
7778.275 3.7426e-16
7779.8 3.6799e-16
7781.325 3.6513e-16
7782.85 3.6236e-16
7784.375 3.6743e-16
7785.9 3.7494e-16
7787.425 3.7959e-16
7788.95 3.7486e-16
7790.475 3.741e-16
7792.0 3.75e-16
7793.525 3.6387e-16
7795.05 3.6687e-16
7796.575 3.6333e-16
7798.1 3.5967e-16
7799.625 3.7052e-16
7801.15 3.6971e-16
7802.675 3.6826e-16
7804.2 3.6538e-16
7805.725 3.6477e-16
7807.25 3.7308e-16
7808.775 3.6948e-16
7810.3 3.5478e-16
7811.825 3.5373e-16
7813.35 3.6157e-16
7814.875 3.7428e-16
7816.4 3.7592e-16
7817.925 3.6586e-16
7819.45 3.6269e-16
7820.975 3.6686e-16
7822.5 3.6801e-16
7824.025 3.5876e-16
7825.55 3.5302e-16
7827.075 3.563e-16
7828.6 3.6007e-16
7830.125 3.6376e-16
7831.65 3.6356e-16
7833.175 3.5845e-16
7834.7 3.6186e-16
7836.225 3.6212e-16
7837.75 3.6034e-16
7839.275 3.6172e-16
7840.8 3.601e-16
7842.325 3.6041e-16
7843.85 3.5322e-16
7845.375 3.5664e-16
7846.9 3.6048e-16
7848.425 3.6643e-16
7849.95 3.6878e-16
7851.475 3.5621e-16
7853.0 3.5345e-16
7854.525 3.5124e-16
7856.05 3.5144e-16
7857.575 3.5946e-16
7859.1 3.6092e-16
7860.625 3.6482e-16
7862.15 3.5902e-16
7863.675 3.5952e-16
7865.2 3.7457e-16
7866.725 3.7667e-16
7868.25 3.651e-16
7869.775 3.6052e-16
7871.3 3.6573e-16
7872.825 3.5979e-16
7874.35 3.5639e-16
7875.875 3.6061e-16
7877.4 3.5978e-16
7878.925 3.5779e-16
7880.45 3.5639e-16
7881.975 3.5571e-16
7883.5 3.5885e-16
7885.025 3.6258e-16
7886.55 3.5818e-16
7888.075 3.5447e-16
7889.6 3.4611e-16
7891.125 3.3977e-16
7892.65 3.3316e-16
7894.175 3.3833e-16
7895.7 3.5138e-16
7897.225 3.4927e-16
7898.75 3.4886e-16
7900.275 3.5812e-16
7901.8 3.4949e-16
7903.325 3.4383e-16
7904.85 3.598e-16
7906.375 3.7423e-16
7907.9 3.8476e-16
7909.425 3.8265e-16
7910.95 3.821e-16
7912.475 3.816e-16
7914.0 3.7643e-16
7915.525 3.7919e-16
7917.05 3.694e-16
7918.575 3.5715e-16
7920.1 3.5828e-16
7921.625 3.5263e-16
7923.15 3.4137e-16
7924.675 3.4646e-16
7926.2 3.5637e-16
7927.725 3.5685e-16
7929.25 3.596e-16
7930.775 3.6172e-16
7932.3 3.5848e-16
7933.825 3.5213e-16
7935.35 3.487e-16
7936.875 3.5281e-16
7938.4 3.5107e-16
7939.925 3.5218e-16
7941.45 3.5936e-16
7942.975 3.5248e-16
7944.5 3.4874e-16
7946.025 3.4692e-16
7947.55 3.4765e-16
7949.075 3.4284e-16
7950.6 3.4252e-16
7952.125 3.4645e-16
7953.65 3.5582e-16
7955.175 3.6067e-16
7956.7 3.6169e-16
7958.225 3.6966e-16
7959.75 3.6904e-16
7961.275 3.6026e-16
7962.8 3.5034e-16
7964.325 3.5047e-16
7965.85 3.617e-16
7967.375 3.5889e-16
7968.9 3.4927e-16
7970.425 3.5943e-16
7971.95 3.6703e-16
7973.475 3.5737e-16
7975.0 3.4986e-16
7976.525 3.525e-16
7978.05 3.4935e-16
7979.575 3.3775e-16
7981.1 3.4596e-16
7982.625 3.5725e-16
7984.15 3.4984e-16
7985.675 3.6001e-16
7987.2 3.6791e-16
7988.725 3.6813e-16
7990.25 3.6843e-16
7991.775 3.556e-16
7993.3 3.5812e-16
7994.825 3.6036e-16
7996.35 3.5036e-16
7997.875 3.4498e-16
7999.4 3.462e-16
8000.925 3.4902e-16
8002.45 3.5183e-16
8003.975 3.5681e-16
8005.5 3.5952e-16
8007.025 3.6167e-16
8008.55 3.5691e-16
8010.075 3.467e-16
8011.6 3.4401e-16
8013.125 3.4189e-16
8014.65 3.4368e-16
8016.175 3.5051e-16
8017.7 3.568e-16
8019.225 3.5414e-16
8020.75 3.5284e-16
8022.275 3.6909e-16
8023.8 3.7043e-16
8025.325 3.5003e-16
8026.85 3.4205e-16
8028.375 3.4599e-16
8029.9 3.4713e-16
8031.425 3.4017e-16
8032.95 3.508e-16
8034.475 3.5299e-16
8036.0 3.5152e-16
8037.525 3.5897e-16
8039.05 3.5778e-16
8040.575 3.4818e-16
8042.1 3.475e-16
8043.625 3.4871e-16
8045.15 3.5378e-16
8046.675 3.597e-16
8048.2 3.6522e-16
8049.725 3.5899e-16
8051.25 3.5436e-16
8052.775 3.5216e-16
8054.3 3.4672e-16
8055.825 3.4674e-16
8057.35 3.5769e-16
8058.875 3.504e-16
8060.4 3.4801e-16
8061.925 3.5223e-16
8063.45 3.4757e-16
8064.975 3.3615e-16
8066.5 3.2506e-16
8068.025 3.3382e-16
8069.55 3.4427e-16
8071.075 3.5208e-16
8072.6 3.5516e-16
8074.125 3.4993e-16
8075.65 3.4835e-16
8077.175 3.481e-16
8078.7 3.4558e-16
8080.225 3.5234e-16
8081.75 3.5514e-16
8083.275 3.4336e-16
8084.8 3.4138e-16
8086.325 3.491e-16
8087.85 3.4947e-16
8089.375 3.4777e-16
8090.9 3.4253e-16
8092.425 3.3681e-16
8093.95 3.4121e-16
8095.475 3.4655e-16
8097.0 3.4418e-16
8098.525 3.4352e-16
8100.05 3.4073e-16
8101.575 3.5255e-16
8103.1 3.5905e-16
8104.625 3.4617e-16
8106.15 3.4051e-16
8107.675 3.394e-16
8109.2 3.4212e-16
8110.725 3.4414e-16
8112.25 3.4301e-16
8113.775 3.4637e-16
8115.3 3.4631e-16
8116.825 3.42e-16
8118.35 3.4072e-16
8119.875 3.3925e-16
8121.4 3.4804e-16
8122.925 3.5568e-16
8124.45 3.4787e-16
8125.975 3.4331e-16
8127.5 3.4869e-16
8129.025 3.5248e-16
8130.55 3.4624e-16
8132.075 3.4263e-16
8133.6 3.4649e-16
8135.125 3.4944e-16
8136.65 3.4249e-16
8138.175 3.3725e-16
8139.7 3.3348e-16
8141.225 3.3807e-16
8142.75 3.4403e-16
8144.275 3.432e-16
8145.8 3.3547e-16
8147.325 3.3611e-16
8148.85 3.2883e-16
8150.375 3.3384e-16
8151.9 3.3604e-16
8153.425 3.3692e-16
8154.95 3.3808e-16
8156.475 3.3197e-16
8158.0 3.3248e-16
8159.525 3.3781e-16
8161.05 3.3919e-16
8162.575 3.4101e-16
8164.1 3.4068e-16
8165.625 3.4167e-16
8167.15 3.4584e-16
8168.675 3.4331e-16
8170.2 3.3563e-16
8171.725 3.331e-16
8173.25 3.4028e-16
8174.775 3.372e-16
8176.3 3.2622e-16
8177.825 3.3471e-16
8179.35 3.3661e-16
8180.875 3.2783e-16
8182.4 3.2887e-16
8183.925 3.2604e-16
8185.45 3.2352e-16
8186.975 3.3151e-16
8188.5 3.2785e-16
8190.025 3.1926e-16
8191.55 3.2506e-16
8193.075 3.3885e-16
8194.6 3.4185e-16
8196.125 3.3958e-16
8197.65 3.4113e-16
8199.175 3.3731e-16
8200.7 3.2868e-16
8202.225 3.2978e-16
8203.75 3.3384e-16
8205.275 3.3222e-16
8206.8 3.3133e-16
8208.325 3.3266e-16
8209.85 3.3519e-16
8211.375 3.358e-16
8212.9 3.3213e-16
8214.425 3.315e-16
8215.95 3.3039e-16
8217.475 3.255e-16
8219.0 3.3712e-16
8220.525 3.5123e-16
8222.05 3.4831e-16
8223.575 3.4956e-16
8225.1 3.5337e-16
8226.625 3.5659e-16
8228.15 3.6162e-16
8229.675 3.5834e-16
8231.2 3.4653e-16
8232.725 3.3853e-16
8234.25 3.3582e-16
8235.775 3.309e-16
8237.3 3.3236e-16
8238.825 3.3538e-16
8240.35 3.3795e-16
8241.875 3.4113e-16
8243.4 3.4004e-16
8244.925 3.3792e-16
8246.45 3.3841e-16
8247.975 3.431e-16
8249.5 3.366e-16
8251.025 3.3993e-16
8252.55 3.4293e-16
8254.075 3.3917e-16
8255.6 3.3993e-16
8257.125 3.3505e-16
8258.65 3.3963e-16
8260.175 3.441e-16
8261.7 3.4967e-16
8263.225 3.463e-16
8264.75 3.3337e-16
8266.275 3.3202e-16
8267.8 3.3406e-16
8269.325 3.3241e-16
8270.85 3.3814e-16
8272.375 3.4632e-16
8273.9 3.4886e-16
8275.425 3.489e-16
8276.95 3.561e-16
8278.475 3.5156e-16
8280.0 3.4501e-16
8281.525 3.5237e-16
8283.05 3.4865e-16
8284.575 3.3298e-16
8286.1 3.2628e-16
8287.625 3.3359e-16
8289.15 3.3032e-16
8290.675 3.2733e-16
8292.2 3.3833e-16
8293.725 3.3948e-16
8295.25 3.4153e-16
8296.775 3.366e-16
8298.3 3.3381e-16
8299.825 3.3675e-16
8301.35 3.4324e-16
8302.875 3.5168e-16
8304.4 3.5642e-16
8305.925 3.5059e-16
8307.45 3.3681e-16
8308.975 3.3391e-16
8310.5 3.2826e-16
8312.025 3.246e-16
8313.55 3.2247e-16
8315.075 3.2743e-16
8316.6 3.3205e-16
8318.125 3.2527e-16
8319.65 3.2326e-16
8321.175 3.272e-16
8322.7 3.3905e-16
8324.225 3.3812e-16
8325.75 3.2684e-16
8327.275 3.2946e-16
8328.8 3.3516e-16
8330.325 3.3925e-16
8331.85 3.4282e-16
8333.375 3.3875e-16
8334.9 3.3005e-16
8336.425 3.3322e-16
8337.95 3.5045e-16
8339.475 3.4809e-16
8341.0 3.3562e-16
8342.525 3.3571e-16
8344.05 3.3025e-16
8345.575 3.3541e-16
8347.1 3.3698e-16
8348.625 3.3868e-16
8350.15 3.3862e-16
8351.675 3.3799e-16
8353.2 3.4153e-16
8354.725 3.3071e-16
8356.25 3.2207e-16
8357.775 3.2566e-16
8359.3 3.3512e-16
8360.825 3.4187e-16
8362.35 3.3892e-16
8363.875 3.4611e-16
8365.4 3.4025e-16
8366.925 3.4095e-16
8368.45 3.3728e-16
8369.975 3.3294e-16
8371.5 3.3395e-16
8373.025 3.3394e-16
8374.55 3.451e-16
8376.075 3.4719e-16
8377.6 3.3414e-16
8379.125 3.3435e-16
8380.65 3.3558e-16
8382.175 3.3878e-16
8383.7 3.4713e-16
8385.225 3.4181e-16
8386.75 3.3378e-16
8388.275 3.3709e-16
8389.8 3.3345e-16
8391.325 3.3917e-16
8392.85 3.4936e-16
8394.375 3.4232e-16
8395.9 3.4919e-16
8397.425 3.4517e-16
8398.95 3.413e-16
8400.475 3.4057e-16
8402.0 3.2804e-16
8403.525 3.2904e-16
8405.05 3.4384e-16
8406.575 3.4661e-16
8408.1 3.4149e-16
8409.625 3.4181e-16
8411.15 3.4342e-16
8412.675 3.4834e-16
8414.2 3.4563e-16
8415.725 3.4049e-16
8417.25 3.394e-16
8418.775 3.2448e-16
8420.3 3.2437e-16
8421.825 3.3503e-16
8423.35 3.4225e-16
8424.875 3.4609e-16
8426.4 3.4233e-16
8427.925 3.4371e-16
8429.45 3.4335e-16
8430.975 3.3588e-16
8432.5 3.3114e-16
8434.025 3.2116e-16
8435.55 3.1431e-16
8437.075 3.1974e-16
8438.6 3.2002e-16
8440.125 3.1225e-16
8441.65 3.1571e-16
8443.175 3.2755e-16
8444.7 3.3536e-16
8446.225 3.3971e-16
8447.75 3.3705e-16
8449.275 3.3595e-16
8450.8 3.3176e-16
8452.325 3.2531e-16
8453.85 3.265e-16
8455.375 3.1773e-16
8456.9 3.1194e-16
8458.425 3.2432e-16
8459.95 3.3692e-16
8461.475 3.3131e-16
8463.0 3.1929e-16
8464.525 3.2057e-16
8466.05 3.2975e-16
8467.575 3.3022e-16
8469.1 3.2289e-16
8470.625 3.2492e-16
8472.15 3.3962e-16
8473.675 3.4192e-16
8475.2 3.2853e-16
8476.725 3.3147e-16
8478.25 3.3535e-16
8479.775 3.2724e-16
8481.3 3.2902e-16
8482.825 3.3179e-16
8484.35 3.347e-16
8485.875 3.367e-16
8487.4 3.3632e-16
8488.925 3.3622e-16
8490.45 3.3436e-16
8491.975 3.3302e-16
8493.5 3.3989e-16
8495.025 3.3395e-16
8496.55 3.312e-16
8498.075 3.3571e-16
8499.6 3.3704e-16
8501.125 3.3081e-16
8502.65 3.2321e-16
8504.175 3.3163e-16
8505.7 3.4018e-16
8507.225 3.323e-16
8508.75 3.274e-16
8510.275 3.2997e-16
8511.8 3.2795e-16
8513.325 3.2569e-16
8514.85 3.3063e-16
8516.375 3.2764e-16
8517.9 3.2613e-16
8519.425 3.2721e-16
8520.95 3.259e-16
8522.475 3.2237e-16
8524.0 3.2237e-16
8525.525 3.2963e-16
8527.05 3.2573e-16
8528.575 3.2243e-16
8530.1 3.295e-16
8531.625 3.4004e-16
8533.15 3.4131e-16
8534.675 3.2894e-16
8536.2 3.2582e-16
8537.725 3.3328e-16
8539.25 3.28e-16
8540.775 3.236e-16
8542.3 3.3263e-16
8543.825 3.3325e-16
8545.35 3.2914e-16
8546.875 3.2967e-16
8548.4 3.2863e-16
8549.925 3.2698e-16
8551.45 3.2173e-16
8552.975 3.2014e-16
8554.5 3.206e-16
8556.025 3.1594e-16
8557.55 3.1628e-16
8559.075 3.1893e-16
8560.6 3.1795e-16
8562.125 3.1721e-16
8563.65 3.1961e-16
8565.175 3.2504e-16
8566.7 3.2429e-16
8568.225 3.2143e-16
8569.75 3.2721e-16
8571.275 3.2543e-16
8572.8 3.285e-16
8574.325 3.2972e-16
8575.85 3.2413e-16
8577.375 3.1988e-16
8578.9 3.2316e-16
8580.425 3.267e-16
8581.95 3.199e-16
8583.475 3.1204e-16
8585.0 3.1927e-16
8586.525 3.1614e-16
8588.05 3.1112e-16
8589.575 3.1275e-16
8591.1 3.1051e-16
8592.625 3.1951e-16
8594.15 3.2455e-16
8595.675 3.13e-16
8597.2 3.0844e-16
8598.725 3.1445e-16
8600.25 3.167e-16
8601.775 3.1748e-16
8603.3 3.1718e-16
8604.825 3.2103e-16
8606.35 3.2481e-16
8607.875 3.2906e-16
8609.4 3.2696e-16
8610.925 3.2486e-16
8612.45 3.1884e-16
8613.975 3.2276e-16
8615.5 3.2389e-16
8617.025 3.2311e-16
8618.55 3.2004e-16
8620.075 3.1571e-16
8621.6 3.1395e-16
8623.125 3.1507e-16
8624.65 3.1391e-16
8626.175 3.1294e-16
8627.7 3.0833e-16
8629.225 3.1135e-16
8630.75 3.1441e-16
8632.275 3.0777e-16
8633.8 3.0666e-16
8635.325 3.1271e-16
8636.85 3.2165e-16
8638.375 3.2201e-16
8639.9 3.0739e-16
8641.425 3.1071e-16
8642.95 3.2107e-16
8644.475 3.2163e-16
8646.0 3.2278e-16
8647.525 3.2405e-16
8649.05 3.2015e-16
8650.575 3.1744e-16
8652.1 3.2563e-16
8653.625 3.3125e-16
8655.15 3.2176e-16
8656.675 3.0804e-16
8658.2 3.1391e-16
8659.725 3.2563e-16
8661.25 3.2642e-16
8662.775 3.1876e-16
8664.3 3.0325e-16
8665.825 3.0343e-16
8667.35 3.1317e-16
8668.875 3.1884e-16
8670.4 3.2055e-16
8671.925 3.0915e-16
8673.45 3.0025e-16
8674.975 3.0642e-16
8676.5 3.1436e-16
8678.025 3.1743e-16
8679.55 3.1092e-16
8681.075 3.1101e-16
8682.6 3.1048e-16
8684.125 3.1186e-16
8685.65 3.2066e-16
8687.175 3.16e-16
8688.7 3.0465e-16
8690.225 3.0161e-16
8691.75 3.093e-16
8693.275 3.1597e-16
8694.8 3.2355e-16
8696.325 3.2694e-16
8697.85 3.2304e-16
8699.375 3.2673e-16
8700.9 3.2647e-16
8702.425 3.1943e-16
8703.95 3.1309e-16
8705.475 3.0645e-16
8707.0 3.1097e-16
8708.525 3.155e-16
8710.05 3.1149e-16
8711.575 3.1309e-16
8713.1 3.2178e-16
8714.625 3.1838e-16
8716.15 3.0664e-16
8717.675 3.0154e-16
8719.2 3.0039e-16
8720.725 3.0627e-16
8722.25 3.0828e-16
8723.775 3.0583e-16
8725.3 3.1032e-16
8726.825 3.1943e-16
8728.35 3.2491e-16
8729.875 3.2237e-16
8731.4 3.1624e-16
8732.925 3.1491e-16
8734.45 3.1784e-16
8735.975 3.1553e-16
8737.5 3.1641e-16
8739.025 3.127e-16
8740.55 3.0925e-16
8742.075 3.1226e-16
8743.6 3.075e-16
8745.125 3.0738e-16
8746.65 3.1409e-16
8748.175 3.0642e-16
8749.7 2.886e-16
8751.225 2.7784e-16
8752.75 2.8131e-16
8754.275 2.9594e-16
8755.8 3.047e-16
8757.325 3.0445e-16
8758.85 3.0268e-16
8760.375 3.0139e-16
8761.9 3.0121e-16
8763.425 3.099e-16
8764.95 3.1751e-16
8766.475 3.0966e-16
8768.0 3.0773e-16
8769.525 2.9808e-16
8771.05 2.9636e-16
8772.575 3.0545e-16
8774.1 3e-16
8775.625 3.0042e-16
8777.15 3.0743e-16
8778.675 3.1085e-16
8780.2 3.1834e-16
8781.725 3.0591e-16
8783.25 3.1161e-16
8784.775 3.1334e-16
8786.3 3.0619e-16
8787.825 3.0304e-16
8789.35 3.074e-16
8790.875 3.0409e-16
8792.4 2.7627e-16
8793.925 2.5743e-16
8795.45 2.4449e-16
8796.975 2.3439e-16
8798.5 2.368e-16
8800.025 2.5608e-16
8801.55 2.6967e-16
8803.075 2.8599e-16
8804.6 2.9762e-16
8806.125 3.071e-16
8807.65 3.1313e-16
8809.175 3.1365e-16
8810.7 3.0341e-16
8812.225 3.0183e-16
8813.75 3.1451e-16
8815.275 3.2389e-16
8816.8 3.1887e-16
8818.325 3.2524e-16
8819.85 3.238e-16
8821.375 3.2796e-16
8822.9 3.358e-16
8824.425 3.1269e-16
8825.95 3.159e-16
8827.475 3.4486e-16
8829.0 3.3173e-16
8830.525 3.2722e-16
8832.05 3.2711e-16
8833.575 3.2714e-16
8835.1 3.2681e-16
8836.625 3.2981e-16
8838.15 3.2759e-16
8839.675 3.2205e-16
8841.2 3.1725e-16
8842.725 3.2072e-16
8844.25 3.3035e-16
8845.775 3.2448e-16
8847.3 3.1493e-16
8848.825 3.157e-16
8850.35 3.1149e-16
8851.875 2.9825e-16
8853.4 2.9738e-16
8854.925 3.1433e-16
8856.45 3.2235e-16
8857.975 3.1116e-16
8859.5 3.1643e-16
8861.025 3.2323e-16
8862.55 3.1205e-16
8864.075 3.1366e-16
8865.6 3.0753e-16
8867.125 2.9953e-16
8868.65 3.1169e-16
8870.175 3.2003e-16
8871.7 3.1537e-16
8873.225 3.1564e-16
8874.75 3.1893e-16
8876.275 3.2196e-16
8877.8 3.2771e-16
8879.325 3.3083e-16
8880.85 3.2214e-16
8882.375 3.2444e-16
8883.9 3.3443e-16
8885.425 3.3729e-16
8886.95 3.4172e-16
8888.475 3.2006e-16
8890.0 3.1012e-16
8891.525 3.242e-16
8893.05 3.2312e-16
8894.575 3.184e-16
8896.1 3.2085e-16
8897.625 3.2906e-16
8899.15 3.3772e-16
8900.675 3.2308e-16
8902.2 3.1179e-16
8903.725 3.1625e-16
8905.25 3.1652e-16
8906.775 3.1481e-16
8908.3 3.183e-16
8909.825 3.187e-16
8911.35 3.1615e-16
8912.875 3.2683e-16
8914.4 3.054e-16
8915.925 2.9055e-16
8917.45 2.7099e-16
8918.975 2.3879e-16
8920.5 2.582e-16
8922.025 2.56e-16
8923.55 2.5985e-16
8925.075 2.6908e-16
8926.6 2.7792e-16
8928.125 2.9292e-16
8929.65 3.0183e-16
8931.175 3.0332e-16
8932.7 3.0519e-16
8934.225 3.012e-16
8935.75 3.1494e-16
8937.275 3.3063e-16
8938.8 3.2229e-16
8940.325 3.1303e-16
8941.85 3.0885e-16
8943.375 3.1955e-16
8944.9 3.2141e-16
8946.425 3.0375e-16
8947.95 2.9817e-16
8949.475 3.0467e-16
8951.0 3.1682e-16
8952.525 3.2848e-16
8954.05 3.3766e-16
8955.575 3.3506e-16
8957.1 3.2341e-16
8958.625 3.3092e-16
8960.15 3.2955e-16
8961.675 3.1331e-16
8963.2 3.1798e-16
8964.725 3.2532e-16
8966.25 3.1315e-16
8967.775 3.0795e-16
8969.3 3.2479e-16
8970.825 3.2798e-16
8972.35 3.2271e-16
8973.875 3.1826e-16
8975.4 3.1739e-16
8976.925 3.2435e-16
8978.45 3.2778e-16
8979.975 3.2325e-16
8981.5 3.2658e-16
8983.025 3.3204e-16
8984.55 3.4534e-16
8986.075 3.4502e-16
8987.6 3.3549e-16
8989.125 3.3637e-16
8990.65 3.2516e-16
8992.175 3.1389e-16
8993.7 3.1466e-16
8995.225 3.24e-16
8996.75 3.2133e-16
8998.275 3.2413e-16
8999.8 3.3932e-16
9001.325 3.4029e-16
9002.85 3.2675e-16
9004.375 3.0323e-16
9005.9 3.0966e-16
9007.425 3.1692e-16
9008.95 3.1408e-16
9010.475 3.1312e-16
9012.0 3.1671e-16
9013.525 3.1932e-16
9015.05 3.2205e-16
9016.575 3.1227e-16
9018.1 3.0262e-16
9019.625 3.0543e-16
9021.15 3.112e-16
9022.675 3.1117e-16
9024.2 3.1436e-16
9025.725 3.1441e-16
9027.25 3.0769e-16
9028.775 3.0917e-16
9030.3 3.1236e-16
9031.825 3.1508e-16
9033.35 3.1288e-16
9034.875 3.083e-16
9036.4 3.0179e-16
9037.925 2.9789e-16
9039.45 2.9961e-16
9040.975 3.0968e-16
9042.5 3.2388e-16
9044.025 3.2271e-16
9045.55 3.1573e-16
9047.075 3.1739e-16
9048.6 3.1277e-16
9050.125 3.1046e-16
9051.65 3.026e-16
9053.175 3.0127e-16
9054.7 3.0928e-16
9056.225 3.0555e-16
9057.75 3.0284e-16
9059.275 3.0917e-16
9060.8 3.1509e-16
9062.325 3.1421e-16
9063.85 3.1109e-16
9065.375 3.112e-16
9066.9 3.0608e-16
9068.425 2.9381e-16
9069.95 2.9655e-16
9071.475 3.0512e-16
9073.0 3.0257e-16
9074.525 3.0243e-16
9076.05 3.0613e-16
9077.575 3.1483e-16
9079.1 3.2163e-16
9080.625 3.1525e-16
9082.15 3.0653e-16
9083.675 3.081e-16
9085.2 3.1202e-16
9086.725 3.0917e-16
9088.25 3.0521e-16
9089.775 3.0629e-16
9091.3 3.1143e-16
9092.825 3.1611e-16
9094.35 3.161e-16
9095.875 3.2082e-16
9097.4 3.2512e-16
9098.925 3.1655e-16
9100.45 3.0623e-16
9101.975 3.0744e-16
9103.5 3.0816e-16
9105.025 3.1379e-16
9106.55 3.1626e-16
9108.075 3.1164e-16
9109.6 3.0302e-16
9111.125 3.0286e-16
9112.65 3.0654e-16
9114.175 3.0781e-16
9115.7 3.1725e-16
9117.225 3.1794e-16
9118.75 3.1543e-16
9120.275 3.1421e-16
9121.8 3.0692e-16
9123.325 2.9845e-16
9124.85 2.9925e-16
9126.375 3.0286e-16
9127.9 3.0665e-16
9129.425 3.0689e-16
9130.95 2.979e-16
9132.475 2.912e-16
9134.0 2.9829e-16
9135.525 3.1261e-16
9137.05 3.095e-16
9138.575 2.9796e-16
9140.1 2.9406e-16
9141.625 3.0067e-16
9143.15 3.0735e-16
9144.675 3.0777e-16
9146.2 2.9933e-16
9147.725 3.0324e-16
9149.25 3.2037e-16
9150.775 3.3276e-16
9152.3 3.2697e-16
9153.825 3.1899e-16
9155.35 3.1373e-16
9156.875 3.0819e-16
9158.4 3.1465e-16
9159.925 3.2214e-16
9161.45 3.2089e-16
9162.975 3.1755e-16
9164.5 3.146e-16
9166.025 3.1623e-16
9167.55 3.2181e-16
9169.075 3.2004e-16
9170.6 3.2025e-16
9172.125 3.2305e-16
9173.65 3.206e-16
9175.175 3.2564e-16
9176.7 3.2332e-16
9178.225 3.1563e-16
9179.75 3.1362e-16
9181.275 3.1478e-16
9182.8 3.1895e-16
9184.325 3.1251e-16
9185.85 3.0421e-16
9187.375 3.0059e-16
9188.9 3.1254e-16
9190.425 3.2644e-16
9191.95 3.2722e-16
9193.475 3.2586e-16
9195.0 3.2432e-16
9196.525 3.1244e-16
9198.05 3.0739e-16
9199.575 3.1063e-16
9201.1 3.2241e-16
9202.625 3.2353e-16
9204.15 3.196e-16
9205.675 3.2099e-16
9207.2 3.1928e-16
9208.725 3.1888e-16
9210.25 3.1444e-16
9211.775 3.186e-16
9213.3 3.1342e-16
9214.825 3.1008e-16
9216.35 3.2019e-16
9217.875 3.2951e-16
9219.4 3.26e-16
9220.925 3.2095e-16
9222.45 3.3531e-16
9223.975 3.3612e-16
9225.5 3.3604e-16
9227.025 3.3145e-16
9228.55 3.2313e-16
9230.075 3.3091e-16
9231.6 3.2832e-16
9233.125 3.1775e-16
9234.65 3.2237e-16
9236.175 3.3235e-16
9237.7 3.3048e-16
9239.225 3.2943e-16
9240.75 3.2839e-16
9242.275 3.2253e-16
9243.8 3.2544e-16
9245.325 3.2578e-16
9246.85 3.2033e-16
9248.375 3.2959e-16
9249.9 3.3104e-16
9251.425 3.2926e-16
9252.95 3.3491e-16
9254.475 3.3127e-16
9256.0 3.3229e-16
9257.525 3.4082e-16
9259.05 3.4067e-16
9260.575 3.3037e-16
9262.1 3.2373e-16
9263.625 3.2824e-16
9265.15 3.2688e-16
9266.675 3.2115e-16
9268.2 3.2753e-16
9269.725 3.2734e-16
9271.25 3.2321e-16
9272.775 3.3311e-16
9274.3 3.3537e-16
9275.825 3.335e-16
9277.35 3.3167e-16
9278.875 3.2289e-16
9280.4 3.1355e-16
9281.925 3.1112e-16
9283.45 3.2263e-16
9284.975 3.3131e-16
9286.5 3.3839e-16
9288.025 3.3527e-16
9289.55 3.305e-16
9291.075 3.3338e-16
9292.6 3.2979e-16
9294.125 3.2423e-16
9295.65 3.2683e-16
9297.175 3.3817e-16
9298.7 3.5668e-16
9300.225 3.6657e-16
9301.75 3.4632e-16
9303.275 3.274e-16
9304.8 3.371e-16
9306.325 3.638e-16
9307.85 3.7711e-16
9309.375 3.475e-16
9310.9 3.4004e-16
9312.425 3.6016e-16
9313.95 3.8632e-16
9315.475 3.8097e-16
9317.0 3.8467e-16
9318.525 3.8913e-16
9320.05 3.6262e-16
9321.575 3.7281e-16
9323.1 4.1005e-16
9324.625 4.0735e-16
9326.15 3.6102e-16
9327.675 3.4638e-16
9329.2 3.6237e-16
9330.725 3.7513e-16
9332.25 4.0263e-16
9333.775 4.3166e-16
9335.3 4.5126e-16
9336.825 4.6799e-16
9338.35 5.0215e-16
9339.875 5.4462e-16
9341.4 5.8713e-16
9342.925 5.6254e-16
9344.45 4.7646e-16
9345.975 3.953e-16
9347.5 3.5966e-16
9349.025 3.6078e-16
9350.55 3.7415e-16
9352.075 3.8119e-16
9353.6 3.7754e-16
9355.125 3.805e-16
9356.65 3.8888e-16
9358.175 3.7391e-16
9359.7 3.4437e-16
9361.225 3.3286e-16
9362.75 3.4193e-16
9364.275 3.5857e-16
9365.8 3.6868e-16
9367.325 3.7802e-16
9368.85 4.0829e-16
9370.375 4.031e-16
9371.9 3.4044e-16
9373.425 3.2264e-16
9374.95 3.6929e-16
9376.475 4.0475e-16
9378.0 3.951e-16
9379.525 3.6887e-16
9381.05 3.6176e-16
9382.575 3.5451e-16
9384.1 3.5925e-16
9385.625 3.6579e-16
9387.15 3.5607e-16
9388.675 3.4877e-16
9390.2 3.4715e-16
9391.725 3.4595e-16
9393.25 3.4816e-16
9394.775 3.5763e-16
9396.3 3.6528e-16
9397.825 3.8226e-16
9399.35 3.8452e-16
9400.875 3.7823e-16
9402.4 3.5705e-16
9403.925 3.4525e-16
9405.45 3.6073e-16
9406.975 3.7103e-16
9408.5 3.6644e-16
9410.025 3.5303e-16
9411.55 3.4785e-16
9413.075 3.6505e-16
9414.6 3.6452e-16
9416.125 3.4988e-16
9417.65 3.5005e-16
9419.175 3.4131e-16
9420.7 3.2806e-16
9422.225 3.1875e-16
9423.75 3.3483e-16
9425.275 3.7986e-16
9426.8 3.9675e-16
9428.325 3.7771e-16
9429.85 3.5274e-16
9431.375 3.4954e-16
9432.9 3.6837e-16
9434.425 3.6092e-16
9435.95 3.5597e-16
9437.475 3.8223e-16
9439.0 4.3563e-16
9440.525 4.5834e-16
9442.05 3.937e-16
9443.575 3.4068e-16
9445.1 3.2856e-16
9446.625 3.3813e-16
9448.15 3.4069e-16
9449.675 3.2866e-16
9451.2 3.5555e-16
9452.725 3.8395e-16
9454.25 3.704e-16
9455.775 3.568e-16
9457.3 3.7566e-16
9458.825 3.7969e-16
9460.35 3.4597e-16
9461.875 3.282e-16
9463.4 3.3356e-16
9464.925 3.4067e-16
9466.45 3.4047e-16
9467.975 3.4661e-16
9469.5 3.7217e-16
9471.025 3.8136e-16
9472.55 3.5942e-16
9474.075 3.2693e-16
9475.6 3.1931e-16
9477.125 3.5393e-16
9478.65 3.6916e-16
9480.175 3.4864e-16
9481.7 3.4306e-16
9483.225 3.4237e-16
9484.75 3.4507e-16
9486.275 3.2681e-16
9487.8 3.1514e-16
9489.325 3.1736e-16
9490.85 3.2868e-16
9492.375 3.3778e-16
9493.9 3.4641e-16
9495.425 3.5343e-16
9496.95 3.6146e-16
9498.475 3.7721e-16
9500.0 3.7968e-16
9501.525 3.6847e-16
9503.05 3.496e-16
9504.575 3.3572e-16
9506.1 3.2933e-16
9507.625 3.1919e-16
9509.15 3.2551e-16
9510.675 3.2351e-16
9512.2 3.2659e-16
9513.725 3.4059e-16
9515.25 3.2424e-16
9516.775 3.1537e-16
9518.3 3.3349e-16
9519.825 3.4726e-16
9521.35 3.3769e-16
9522.875 3.3802e-16
9524.4 3.4497e-16
9525.925 3.5225e-16
9527.45 3.4252e-16
9528.975 3.351e-16
9530.5 3.486e-16
9532.025 3.4708e-16
9533.55 3.407e-16
9535.075 3.5165e-16
9536.6 3.3922e-16
9538.125 3.4553e-16
9539.65 3.5544e-16
9541.175 3.6373e-16
9542.7 3.6361e-16
9544.225 3.7325e-16
9545.75 3.871e-16
9547.275 3.7686e-16
9548.8 3.6116e-16
9550.325 3.6872e-16
9551.85 3.8434e-16
9553.375 3.7424e-16
9554.9 3.615e-16
9556.425 3.5967e-16
9557.95 3.6302e-16
9559.475 3.6034e-16
9561.0 3.586e-16
9562.525 3.6844e-16
9564.05 3.684e-16
9565.575 3.7398e-16
9567.1 3.7631e-16
9568.625 3.5023e-16
9570.15 3.3048e-16
9571.675 3.2929e-16
9573.2 3.3445e-16
9574.725 3.461e-16
9576.25 3.5532e-16
9577.775 3.6567e-16
9579.3 3.7379e-16
9580.825 3.6549e-16
9582.35 3.5243e-16
9583.875 3.4419e-16
9585.4 3.5817e-16
9586.925 3.6961e-16
9588.45 3.7021e-16
9589.975 3.6782e-16
9591.5 3.6606e-16
9593.025 3.6735e-16
9594.55 3.573e-16
9596.075 3.5693e-16
9597.6 3.5648e-16
9599.125 3.4713e-16
9600.65 3.446e-16
9602.175 3.5063e-16
9603.7 3.5582e-16
9605.225 3.6309e-16
9606.75 3.5964e-16
9608.275 3.3915e-16
9609.8 3.2934e-16
9611.325 3.3558e-16
9612.85 3.4373e-16
9614.375 3.5773e-16
9615.9 3.5762e-16
9617.425 3.6612e-16
9618.95 3.569e-16
9620.475 3.5147e-16
9622.0 3.3434e-16
9623.525 3.3516e-16
9625.05 3.3963e-16
9626.575 3.3056e-16
9628.1 3.2753e-16
9629.625 3.2338e-16
9631.15 3.283e-16
9632.675 3.3957e-16
9634.2 3.426e-16
9635.725 3.4743e-16
9637.25 3.4861e-16
9638.775 3.4305e-16
9640.3 3.3555e-16
9641.825 3.4191e-16
9643.35 3.4438e-16
9644.875 3.3233e-16
9646.4 3.2774e-16
9647.925 3.3625e-16
9649.45 3.3441e-16
9650.975 3.2512e-16
9652.5 3.2772e-16
9654.025 3.4075e-16
9655.55 3.4105e-16
9657.075 3.3072e-16
9658.6 3.3179e-16
9660.125 3.4885e-16
9661.65 3.5803e-16
9663.175 3.4862e-16
9664.7 3.3703e-16
9666.225 3.2926e-16
9667.75 3.4105e-16
9669.275 3.4528e-16
9670.8 3.2463e-16
9672.325 3.1001e-16
9673.85 3.0948e-16
9675.375 3.2368e-16
9676.9 3.3297e-16
9678.425 3.2629e-16
9679.95 3.1388e-16
9681.475 3.2597e-16
9683.0 3.3127e-16
9684.525 3.1197e-16
9686.05 3.1224e-16
9687.575 3.2506e-16
9689.1 3.0953e-16
9690.625 2.9464e-16
9692.15 3.0662e-16
9693.675 3.1029e-16
9695.2 3.0236e-16
9696.725 3.1216e-16
9698.25 2.9592e-16
9699.775 2.8135e-16
9701.3 3.005e-16
9702.825 3.0388e-16
9704.35 3.0767e-16
9705.875 3.1309e-16
9707.4 3.1064e-16
9708.925 3.1059e-16
9710.45 3.0688e-16
9711.975 3.0589e-16
9713.5 3.0981e-16
9715.025 2.968e-16
9716.55 2.953e-16
9718.075 3.1169e-16
9719.6 3.2891e-16
9721.125 3.1541e-16
9722.65 2.9896e-16
9724.175 3.0324e-16
9725.7 3.0472e-16
9727.225 2.9794e-16
9728.75 2.9417e-16
9730.275 3.0494e-16
9731.8 3.2263e-16
9733.325 3.3287e-16
9734.85 3.2151e-16
9736.375 3.0711e-16
9737.9 2.9242e-16
9739.425 2.9219e-16
9740.95 2.9159e-16
9742.475 2.9549e-16
9744.0 3.0828e-16
9745.525 3.1106e-16
9747.05 3.0186e-16
9748.575 2.9666e-16
9750.1 2.9814e-16
9751.625 3.0168e-16
9753.15 3.1112e-16
9754.675 3.27e-16
9756.2 3.2475e-16
9757.725 3.237e-16
9759.25 3.1774e-16
9760.775 3.0668e-16
9762.3 3.0954e-16
9763.825 3.2227e-16
9765.35 3.2481e-16
9766.875 3.0727e-16
9768.4 3.0248e-16
9769.925 3.0883e-16
9771.45 3.044e-16
9772.975 3.0487e-16
9774.5 3.1386e-16
9776.025 3.1844e-16
9777.55 3.1645e-16
9779.075 3.1879e-16
9780.6 3.1911e-16
9782.125 3.2158e-16
9783.65 3.3561e-16
9785.175 3.4094e-16
9786.7 3.2467e-16
9788.225 3.0049e-16
9789.75 2.9621e-16
9791.275 3.0785e-16
9792.8 3.1144e-16
9794.325 2.9362e-16
9795.85 3.0162e-16
9797.375 3.0773e-16
9798.9 3.0867e-16
9800.425 3.1017e-16
9801.95 2.9902e-16
9803.475 3.0579e-16
9805.0 3.177e-16
9806.525 3.2411e-16
9808.05 3.3339e-16
9809.575 3.591e-16
9811.1 4.3211e-16
9812.625 5.4851e-16
9814.15 6.6476e-16
9815.675 7.3867e-16
9817.2 7.4147e-16
9818.725 6.3628e-16
9820.25 4.986e-16
9821.775 3.877e-16
9823.3 3.3592e-16
9824.825 3.2617e-16
9826.35 3.2157e-16
9827.875 3.1192e-16
9829.4 3.1974e-16
9830.925 3.2698e-16
9832.45 3.1816e-16
9833.975 3.186e-16
9835.5 3.1917e-16
9837.025 2.998e-16
9838.55 2.8989e-16
9840.075 3.0334e-16
9841.6 3.2864e-16
9843.125 3.2505e-16
9844.65 3.146e-16
9846.175 3.225e-16
9847.7 3.1903e-16
9849.225 3.2103e-16
9850.75 3.0236e-16
9852.275 2.89e-16
9853.8 2.9113e-16
9855.325 2.9411e-16
9856.85 2.9892e-16
9858.375 3.0097e-16
9859.9 3.0741e-16
9861.425 3.0617e-16
9862.95 3.1026e-16
9864.475 3.3319e-16
9866.0 3.4252e-16
9867.525 3.2702e-16
9869.05 3.0168e-16
9870.575 2.8246e-16
9872.1 2.8751e-16
9873.625 3.044e-16
9875.15 2.9795e-16
9876.675 2.8813e-16
9878.2 3.0215e-16
9879.725 3.1347e-16
9881.25 3.1481e-16
9882.775 3.1799e-16
9884.3 3.1191e-16
9885.825 2.9928e-16
9887.35 3.0122e-16
9888.875 2.9902e-16
9890.4 2.9494e-16
9891.925 3.0989e-16
9893.45 3.1811e-16
9894.975 3.2858e-16
9896.5 3.2792e-16
9898.025 3.2235e-16
9899.55 3.1455e-16
9901.075 3.124e-16
9902.6 3.1013e-16
9904.125 3.0544e-16
9905.65 2.9677e-16
9907.175 3.0886e-16
9908.7 3.3849e-16
9910.225 3.3373e-16
9911.75 3.0414e-16
9913.275 2.8013e-16
9914.8 2.9838e-16
9916.325 3.2909e-16
9917.85 3.0506e-16
9919.375 2.8828e-16
9920.9 2.9495e-16
9922.425 2.9288e-16
9923.95 3.0528e-16
9925.475 3.041e-16
9927.0 2.9626e-16
9928.525 2.8587e-16
9930.05 2.9193e-16
9931.575 2.8302e-16
9933.1 2.8729e-16
9934.625 2.9806e-16
9936.15 2.981e-16
9937.675 3.2567e-16
9939.2 3.4539e-16
9940.725 2.9116e-16
9942.25 2.728e-16
9943.775 3.0388e-16
9945.3 2.987e-16
9946.825 2.6313e-16
9948.35 2.5547e-16
9949.875 2.702e-16
9951.4 2.6566e-16
9952.925 2.5614e-16
9954.45 2.6056e-16
9955.975 3.1592e-16
9957.5 3.4882e-16
9959.025 2.8429e-16
9960.55 2.4656e-16
9962.075 2.5639e-16
9963.6 2.6318e-16
9965.125 2.7588e-16
9966.65 2.7777e-16
9968.175 2.6786e-16
9969.7 2.5723e-16
9971.225 2.5381e-16
9972.75 2.6915e-16
9974.275 2.7499e-16
9975.8 2.7838e-16
9977.325 2.8185e-16
9978.85 2.691e-16
9980.375 2.5167e-16
9981.9 2.5442e-16
9983.425 2.5646e-16
9984.95 2.5311e-16
9986.475 2.5312e-16
9988.0 2.4145e-16
9989.525 2.4562e-16
9991.05 2.6506e-16
9992.575 2.7263e-16
9994.1 2.5929e-16
9995.625 2.4165e-16
9997.15 2.4789e-16
9998.675 2.6023e-16
10000.2 2.4355e-16
