# DICHROIC = D55
# HA = +03:58:01.0
# ANGLE = 27 deg 17 min
# OBSERVER = De Tzanidakis Cooper Jain Sharma
# OBSLST = 19:34:59.4
# OBJECT = ZTF19aayejww
# CASSPA = 78.00
# PARALLAC = 77.91
# HOURANG = W03:58:01.0
# CCDTEMP = 161.79
# LAMPS = 0000000
# RA = 15:36:15.51
# GRATING = 600/4000
# APERTURE = 1.5
# TELFOCUS = 43.52 mm
# AIRMASS = 1.475
# DEC = +39:44:11.4
# UTSHUT = 2019-06-26T09:05:37.834
# EXPTIME = 1200
3600.000 9.0459e-17
3601.525 7.292e-17
3603.050 8.2259e-17
3604.575 7.8048e-17
3606.100 7.1664e-17
3607.625 8.0146e-17
3609.150 6.9647e-17
3610.675 6.2768e-17
3612.200 6.6652e-17
3613.725 7.0798e-17
3615.250 7.3492e-17
3616.775 7.6009e-17
3618.300 6.663e-17
3619.825 8.4224e-17
3621.350 6.6263e-17
3622.875 5.9441e-17
3624.400 8.8979e-17
3625.925 7.291e-17
3627.450 6.7482e-17
3628.975 7.7961e-17
3630.500 6.0117e-17
3632.025 6.3245e-17
3633.550 7.5947e-17
3635.075 6.9162e-17
3636.600 6.5624e-17
3638.125 7.4256e-17
3639.650 7.1479e-17
3641.175 6.3356e-17
3642.700 6.3885e-17
3644.225 6.5617e-17
3645.750 6.7478e-17
3647.275 6.6862e-17
3648.800 6.5602e-17
3650.325 7.7625e-17
3651.850 7.4483e-17
3653.375 8.6901e-17
3654.900 7.4401e-17
3656.425 7.9092e-17
3657.950 7.5702e-17
3659.475 8.8743e-17
3661.000 7.608e-17
3662.525 8.9419e-17
3664.050 9.0078e-17
3665.575 6.1567e-17
3667.100 6.5491e-17
3668.625 7.7842e-17
3670.150 7.0882e-17
3671.675 7.978e-17
3673.200 8.3537e-17
3674.725 7.3481e-17
3676.250 8.0635e-17
3677.775 7.1633e-17
3679.300 6.8011e-17
3680.825 7.5151e-17
3682.350 7.5615e-17
3683.875 7.5184e-17
3685.400 7.8792e-17
3686.925 7.8365e-17
3688.450 7.3056e-17
3689.975 7.7091e-17
3691.500 8.6888e-17
3693.025 8.0433e-17
3694.550 6.8901e-17
3696.075 7.0381e-17
3697.600 7.6687e-17
3699.125 8.6171e-17
3700.650 7.5664e-17
3702.175 7.8e-17
3703.700 8.5273e-17
3705.225 7.9447e-17
3706.750 7.226e-17
3708.275 7.2416e-17
3709.800 7.1719e-17
3711.325 7.0098e-17
3712.850 7.6192e-17
3714.375 6.6204e-17
3715.900 7.6323e-17
3717.425 7.7587e-17
3718.950 8.0691e-17
3720.475 6.1939e-17
3722.000 6.99e-17
3723.525 7.5278e-17
3725.050 6.1457e-17
3726.575 6.2668e-17
3728.100 7.4602e-17
3729.625 7.7815e-17
3731.150 7.1191e-17
3732.675 7.6324e-17
3734.200 7.7373e-17
3735.725 7.0286e-17
3737.250 7.2141e-17
3738.775 7.8082e-17
3740.300 7.0456e-17
3741.825 7.0313e-17
3743.350 8.3158e-17
3744.875 7.9911e-17
3746.400 7.1662e-17
3747.925 6.9677e-17
3749.450 5.9452e-17
3750.975 6.5887e-17
3752.500 8.2442e-17
3754.025 7.574e-17
3755.550 7.1654e-17
3757.075 7.9826e-17
3758.600 6.885e-17
3760.125 6.9655e-17
3761.650 7.0379e-17
3763.175 7.7416e-17
3764.700 8.0927e-17
3766.225 7.6705e-17
3767.750 6.6976e-17
3769.275 6.9191e-17
3770.800 7.1571e-17
3772.325 6.5154e-17
3773.850 6.8881e-17
3775.375 7.146e-17
3776.900 6.979e-17
3778.425 6.1926e-17
3779.950 6.7702e-17
3781.475 6.8313e-17
3783.000 6.6959e-17
3784.525 6.2401e-17
3786.050 7.7705e-17
3787.575 7.1118e-17
3789.100 6.6675e-17
3790.625 7.4302e-17
3792.150 7.3808e-17
3793.675 7.2023e-17
3795.200 7.7143e-17
3796.725 7.1082e-17
3798.250 6.3912e-17
3799.775 6.2019e-17
3801.300 6.5871e-17
3802.825 7.9082e-17
3804.350 7.8538e-17
3805.875 7.381e-17
3807.400 7.3095e-17
3808.925 6.0554e-17
3810.450 6.9052e-17
3811.975 7.5817e-17
3813.500 6.7537e-17
3815.025 6.761e-17
3816.550 6.799e-17
3818.075 7.7336e-17
3819.600 8.1001e-17
3821.125 7.7419e-17
3822.650 7.0881e-17
3824.175 6.6497e-17
3825.700 7.6387e-17
3827.225 7.1215e-17
3828.750 7.3152e-17
3830.275 7.1477e-17
3831.800 6.1498e-17
3833.325 6.7146e-17
3834.850 8.0353e-17
3836.375 7.4008e-17
3837.900 6.5815e-17
3839.425 6.8265e-17
3840.950 6.844e-17
3842.475 7.4396e-17
3844.000 7.8436e-17
3845.525 7.5191e-17
3847.050 7.1812e-17
3848.575 6.0803e-17
3850.100 6.5114e-17
3851.625 6.811e-17
3853.150 7.2292e-17
3854.675 6.6468e-17
3856.200 6.928e-17
3857.725 6.4459e-17
3859.250 6.9163e-17
3860.775 6.4996e-17
3862.300 6.8836e-17
3863.825 6.9587e-17
3865.350 6.8079e-17
3866.875 7.0309e-17
3868.400 6.0752e-17
3869.925 6.1575e-17
3871.450 6.7647e-17
3872.975 7.0037e-17
3874.500 6.7383e-17
3876.025 7.1613e-17
3877.550 6.5379e-17
3879.075 5.8815e-17
3880.600 5.8617e-17
3882.125 7.0209e-17
3883.650 6.6572e-17
3885.175 6.9696e-17
3886.700 7.1584e-17
3888.225 6.4703e-17
3889.750 6.4672e-17
3891.275 6.0485e-17
3892.800 5.6501e-17
3894.325 5.9562e-17
3895.850 5.7484e-17
3897.375 6.3466e-17
3898.900 6.4925e-17
3900.425 5.858e-17
3901.950 6.5076e-17
3903.475 6.6302e-17
3905.000 6.9889e-17
3906.525 6.0216e-17
3908.050 6.8676e-17
3909.575 7.0315e-17
3911.100 6.5532e-17
3912.625 6.6202e-17
3914.150 6.3399e-17
3915.675 5.8058e-17
3917.200 6.9569e-17
3918.725 5.9559e-17
3920.250 6.4698e-17
3921.775 6.3144e-17
3923.300 6.6042e-17
3924.825 7.1808e-17
3926.350 6.5889e-17
3927.875 6.5381e-17
3929.400 5.7119e-17
3930.925 5.8146e-17
3932.450 5.9543e-17
3933.975 5.7369e-17
3935.500 6.0711e-17
3937.025 5.5002e-17
3938.550 5.733e-17
3940.075 5.9802e-17
3941.600 6.1433e-17
3943.125 5.8279e-17
3944.650 5.6627e-17
3946.175 5.8721e-17
3947.700 5.9385e-17
3949.225 6.6846e-17
3950.750 6.2225e-17
3952.275 5.6439e-17
3953.800 6.2844e-17
3955.325 6.5088e-17
3956.850 6.3774e-17
3958.375 6.97e-17
3959.900 6.9915e-17
3961.425 6.3497e-17
3962.950 6.6275e-17
3964.475 6.7969e-17
3966.000 6.4723e-17
3967.525 6.9457e-17
3969.050 7.2484e-17
3970.575 7.2071e-17
3972.100 7.1974e-17
3973.625 7.0308e-17
3975.150 6.6265e-17
3976.675 6.5028e-17
3978.200 6.4864e-17
3979.725 6.1987e-17
3981.250 6.4893e-17
3982.775 6.249e-17
3984.300 5.9013e-17
3985.825 5.9684e-17
3987.350 6.4031e-17
3988.875 6.2131e-17
3990.400 6.7152e-17
3991.925 6.5643e-17
3993.450 6.8786e-17
3994.975 6.1541e-17
3996.500 6.5494e-17
3998.025 7.3031e-17
3999.550 6.8206e-17
4001.075 6.613e-17
4002.600 6.5767e-17
4004.125 6.2432e-17
4005.650 6.066e-17
4007.175 6.3102e-17
4008.700 6.9821e-17
4010.225 7.2556e-17
4011.750 6.9239e-17
4013.275 6.9135e-17
4014.800 6.3822e-17
4016.325 6.5381e-17
4017.850 7.1204e-17
4019.375 6.3768e-17
4020.900 6.614e-17
4022.425 7.0113e-17
4023.950 6.6121e-17
4025.475 6.9869e-17
4027.000 7.5434e-17
4028.525 7.6522e-17
4030.050 6.1258e-17
4031.575 6.2188e-17
4033.100 6.334e-17
4034.625 6.6485e-17
4036.150 7.2214e-17
4037.675 6.9535e-17
4039.200 7.1337e-17
4040.725 6.6552e-17
4042.250 7.0575e-17
4043.775 7.3462e-17
4045.300 7.4798e-17
4046.825 7.2937e-17
4048.350 7.366e-17
4049.875 6.9496e-17
4051.400 7.465e-17
4052.925 7.4513e-17
4054.450 7.0844e-17
4055.975 7.1164e-17
4057.500 6.8885e-17
4059.025 6.3185e-17
4060.550 6.7904e-17
4062.075 7.4737e-17
4063.600 6.8025e-17
4065.125 6.7545e-17
4066.650 6.6528e-17
4068.175 7.4562e-17
4069.700 7.7283e-17
4071.225 6.3955e-17
4072.750 7.0562e-17
4074.275 6.7762e-17
4075.800 7.9227e-17
4077.325 7.269e-17
4078.850 7.1962e-17
4080.375 6.7792e-17
4081.900 6.9629e-17
4083.425 7.6118e-17
4084.950 6.9554e-17
4086.475 7.1828e-17
4088.000 7.8179e-17
4089.525 7.3862e-17
4091.050 6.6777e-17
4092.575 7.2851e-17
4094.100 7.0302e-17
4095.625 6.7384e-17
4097.150 6.3443e-17
4098.675 6.3877e-17
4100.200 6.8927e-17
4101.725 7.0732e-17
4103.250 6.295e-17
4104.775 6.8348e-17
4106.300 6.4234e-17
4107.825 6.3667e-17
4109.350 6.793e-17
4110.875 6.2103e-17
4112.400 6.1855e-17
4113.925 6.438e-17
4115.450 7.1428e-17
4116.975 6.1798e-17
4118.500 6.3411e-17
4120.025 6.181e-17
4121.550 6.2118e-17
4123.075 6.6777e-17
4124.600 5.9631e-17
4126.125 6.2484e-17
4127.650 7.069e-17
4129.175 6.9929e-17
4130.700 6.549e-17
4132.225 5.6733e-17
4133.750 6.3279e-17
4135.275 6.6293e-17
4136.800 6.3485e-17
4138.325 6.174e-17
4139.850 6.7378e-17
4141.375 6.954e-17
4142.900 6.4964e-17
4144.425 6.1153e-17
4145.950 6.5826e-17
4147.475 6.1618e-17
4149.000 5.9794e-17
4150.525 6.8114e-17
4152.050 5.6959e-17
4153.575 5.9778e-17
4155.100 7.1781e-17
4156.625 7.0003e-17
4158.150 6.4243e-17
4159.675 6.8875e-17
4161.200 6.9959e-17
4162.725 6.6592e-17
4164.250 6.8642e-17
4165.775 6.7251e-17
4167.300 6.2673e-17
4168.825 5.1794e-17
4170.350 7.1296e-17
4171.875 6.6718e-17
4173.400 7.436e-17
4174.925 7.9565e-17
4176.450 7.7822e-17
4177.975 7.4598e-17
4179.500 7.2021e-17
4181.025 7.019e-17
4182.550 7.2005e-17
4184.075 7.5177e-17
4185.600 7.803e-17
4187.125 6.9919e-17
4188.650 6.5459e-17
4190.175 6.6895e-17
4191.700 7.7266e-17
4193.225 8.0751e-17
4194.750 7.1655e-17
4196.275 6.8823e-17
4197.800 7.4617e-17
4199.325 6.8304e-17
4200.850 7.0056e-17
4202.375 6.8612e-17
4203.900 6.9539e-17
4205.425 7.4707e-17
4206.950 8.0155e-17
4208.475 7.8401e-17
4210.000 7.6416e-17
4211.525 8.0461e-17
4213.050 8.2757e-17
4214.575 8.2393e-17
4216.100 7.4805e-17
4217.625 6.4198e-17
4219.150 7.6769e-17
4220.675 7.7934e-17
4222.200 7.3137e-17
4223.725 7.0003e-17
4225.250 8.1089e-17
4226.775 7.8477e-17
4228.300 7.2077e-17
4229.825 7.0513e-17
4231.350 6.8837e-17
4232.875 7.1353e-17
4234.400 7.9446e-17
4235.925 7.6627e-17
4237.450 7.4281e-17
4238.975 8.1559e-17
4240.500 7.5096e-17
4242.025 7.7024e-17
4243.550 7.6057e-17
4245.075 7.3527e-17
4246.600 7.4945e-17
4248.125 7.2663e-17
4249.650 7.5007e-17
4251.175 7.1557e-17
4252.700 7.9438e-17
4254.225 7.546e-17
4255.750 7.2339e-17
4257.275 7.6663e-17
4258.800 7.0906e-17
4260.325 6.877e-17
4261.850 6.7672e-17
4263.375 6.9997e-17
4264.900 6.0997e-17
4266.425 6.6324e-17
4267.950 7.4992e-17
4269.475 7.7299e-17
4271.000 7.0675e-17
4272.525 6.9283e-17
4274.050 6.8423e-17
4275.575 6.2894e-17
4277.100 7.1243e-17
4278.625 7.5319e-17
4280.150 7.1816e-17
4281.675 6.1453e-17
4283.200 6.6058e-17
4284.725 6.9975e-17
4286.250 6.678e-17
4287.775 6.9959e-17
4289.300 6.9087e-17
4290.825 6.3068e-17
4292.350 5.8499e-17
4293.875 6.5276e-17
4295.400 6.3619e-17
4296.925 6.4761e-17
4298.450 6.0738e-17
4299.975 6.6531e-17
4301.500 7.2132e-17
4303.025 6.5197e-17
4304.550 6.4472e-17
4306.075 6.4282e-17
4307.600 6.6906e-17
4309.125 6.5942e-17
4310.650 6.2782e-17
4312.175 7.0428e-17
4313.700 7.0645e-17
4315.225 6.3981e-17
4316.750 6.7531e-17
4318.275 6.8969e-17
4319.800 6.9891e-17
4321.325 6.4896e-17
4322.850 5.9667e-17
4324.375 5.968e-17
4325.900 6.5891e-17
4327.425 6.8278e-17
4328.950 6.5979e-17
4330.475 6.5803e-17
4332.000 7.0195e-17
4333.525 6.6859e-17
4335.050 6.4019e-17
4336.575 6.0064e-17
4338.100 6.9031e-17
4339.625 6.4649e-17
4341.150 6.7588e-17
4342.675 6.4834e-17
4344.200 6.5743e-17
4345.725 6.3215e-17
4347.250 6.9336e-17
4348.775 6.8442e-17
4350.300 6.7683e-17
4351.825 6.4523e-17
4353.350 6.2632e-17
4354.875 6.7179e-17
4356.400 6.1163e-17
4357.925 6.8915e-17
4359.450 7.904e-17
4360.975 6.5066e-17
4362.500 6.9526e-17
4364.025 6.8011e-17
4365.550 6.5786e-17
4367.075 6.6454e-17
4368.600 6.6664e-17
4370.125 6.406e-17
4371.650 6.4276e-17
4373.175 6.3506e-17
4374.700 6.7479e-17
4376.225 7.1e-17
4377.750 6.8435e-17
4379.275 6.897e-17
4380.800 6.6522e-17
4382.325 6.9992e-17
4383.850 6.8674e-17
4385.375 6.753e-17
4386.900 6.5714e-17
4388.425 6.6258e-17
4389.950 7.2255e-17
4391.475 7.2262e-17
4393.000 7.1982e-17
4394.525 6.8786e-17
4396.050 6.6851e-17
4397.575 7.207e-17
4399.100 7.0733e-17
4400.625 6.8745e-17
4402.150 6.6041e-17
4403.675 6.4058e-17
4405.200 6.5523e-17
4406.725 6.62e-17
4408.250 5.7001e-17
4409.775 6.5269e-17
4411.300 7.1607e-17
4412.825 6.844e-17
4414.350 7.1143e-17
4415.875 7.6734e-17
4417.400 6.4088e-17
4418.925 6.2906e-17
4420.450 6.0007e-17
4421.975 6.3316e-17
4423.500 6.5904e-17
4425.025 6.8768e-17
4426.550 6.808e-17
4428.075 6.3527e-17
4429.600 5.8811e-17
4431.125 6.9615e-17
4432.650 6.685e-17
4434.175 6.4813e-17
4435.700 6.8291e-17
4437.225 7.2622e-17
4438.750 6.1962e-17
4440.275 6.4316e-17
4441.800 6.4394e-17
4443.325 6.5067e-17
4444.850 6.4755e-17
4446.375 6.2277e-17
4447.900 6.832e-17
4449.425 7.3946e-17
4450.950 6.4182e-17
4452.475 7.4237e-17
4454.000 7.1356e-17
4455.525 6.8496e-17
4457.050 7.3641e-17
4458.575 6.8013e-17
4460.100 6.5288e-17
4461.625 6.6581e-17
4463.150 6.4377e-17
4464.675 6.5882e-17
4466.200 6.4554e-17
4467.725 6.5931e-17
4469.250 6.8008e-17
4470.775 6.7213e-17
4472.300 6.8244e-17
4473.825 7.36e-17
4475.350 6.9625e-17
4476.875 6.1469e-17
4478.400 6.0584e-17
4479.925 6.3094e-17
4481.450 6.5724e-17
4482.975 6.6751e-17
4484.500 5.976e-17
4486.025 6.2074e-17
4487.550 6.8243e-17
4489.075 6.5747e-17
4490.600 6.2786e-17
4492.125 6.4232e-17
4493.650 6.4425e-17
4495.175 7.2018e-17
4496.700 6.7339e-17
4498.225 5.8608e-17
4499.750 6.4571e-17
4501.275 6.4224e-17
4502.800 6.2476e-17
4504.325 6.5264e-17
4505.850 6.9421e-17
4507.375 6.6113e-17
4508.900 6.5188e-17
4510.425 7.011e-17
4511.950 6.2623e-17
4513.475 6.6456e-17
4515.000 6.1688e-17
4516.525 6.5457e-17
4518.050 7.2577e-17
4519.575 7.4475e-17
4521.100 7.6235e-17
4522.625 6.8204e-17
4524.150 6.5879e-17
4525.675 6.1045e-17
4527.200 6.0211e-17
4528.725 6.8382e-17
4530.250 6.388e-17
4531.775 6.3991e-17
4533.300 6.5078e-17
4534.825 6.7073e-17
4536.350 7.1078e-17
4537.875 7.3417e-17
4539.400 7.1837e-17
4540.925 6.916e-17
4542.450 6.9714e-17
4543.975 7.2043e-17
4545.500 6.6076e-17
4547.025 6.7041e-17
4548.550 6.8812e-17
4550.075 6.3931e-17
4551.600 6.5633e-17
4553.125 6.935e-17
4554.650 6.9506e-17
4556.175 6.63e-17
4557.700 6.7835e-17
4559.225 6.679e-17
4560.750 6.0291e-17
4562.275 5.9852e-17
4563.800 7.0978e-17
4565.325 7.1382e-17
4566.850 6.4365e-17
4568.375 5.7806e-17
4569.900 6.2969e-17
4571.425 6.7099e-17
4572.950 6.6011e-17
4574.475 6.1676e-17
4576.000 6.5062e-17
4577.525 6.5552e-17
4579.050 7.0267e-17
4580.575 6.0272e-17
4582.100 6.1507e-17
4583.625 6.3634e-17
4585.150 6.4909e-17
4586.675 6.1603e-17
4588.200 6.4015e-17
4589.725 6.4858e-17
4591.250 6.5546e-17
4592.775 6.561e-17
4594.300 6.9351e-17
4595.825 6.6288e-17
4597.350 6.4091e-17
4598.875 7.2409e-17
4600.400 6.9208e-17
4601.925 7.1658e-17
4603.450 6.7014e-17
4604.975 6.4342e-17
4606.500 5.8758e-17
4608.025 6.1066e-17
4609.550 6.7678e-17
4611.075 6.9552e-17
4612.600 6.7358e-17
4614.125 6.3461e-17
4615.650 6.4984e-17
4617.175 6.9157e-17
4618.700 7.2243e-17
4620.225 7.1705e-17
4621.750 6.7576e-17
4623.275 6.6708e-17
4624.800 6.431e-17
4626.325 6.2793e-17
4627.850 6.9573e-17
4629.375 6.9413e-17
4630.900 7.026e-17
4632.425 6.6598e-17
4633.950 6.8263e-17
4635.475 7.0718e-17
4637.000 6.7247e-17
4638.525 6.7228e-17
4640.050 6.7378e-17
4641.575 6.777e-17
4643.100 7.0572e-17
4644.625 6.7746e-17
4646.150 6.5465e-17
4647.675 6.4807e-17
4649.200 6.5061e-17
4650.725 5.428e-17
4652.250 6.7847e-17
4653.775 7.2562e-17
4655.300 6.5094e-17
4656.825 6.0161e-17
4658.350 6.2018e-17
4659.875 6.5714e-17
4661.400 6.1272e-17
4662.925 6.1445e-17
4664.450 5.7492e-17
4665.975 5.5828e-17
4667.500 6.1776e-17
4669.025 6.3142e-17
4670.550 6.4819e-17
4672.075 5.6783e-17
4673.600 5.9078e-17
4675.125 5.8444e-17
4676.650 6.1532e-17
4678.175 5.8197e-17
4679.700 5.5357e-17
4681.225 5.9105e-17
4682.750 5.2581e-17
4684.275 5.2753e-17
4685.800 5.7854e-17
4687.325 5.8155e-17
4688.850 5.7231e-17
4690.375 5.5543e-17
4691.900 5.3529e-17
4693.425 5.8601e-17
4694.950 5.8477e-17
4696.475 6.1675e-17
4698.000 6.644e-17
4699.525 6.1323e-17
4701.050 5.9838e-17
4702.575 5.8735e-17
4704.100 5.4284e-17
4705.625 5.7285e-17
4707.150 5.5966e-17
4708.675 6.0652e-17
4710.200 6.4459e-17
4711.725 5.5386e-17
4713.250 6.0345e-17
4714.775 5.7063e-17
4716.300 6.4641e-17
4717.825 6.452e-17
4719.350 6.1744e-17
4720.875 6.6953e-17
4722.400 6.0487e-17
4723.925 5.7092e-17
4725.450 6.0814e-17
4726.975 6.1013e-17
4728.500 6.562e-17
4730.025 6.5107e-17
4731.550 6.3799e-17
4733.075 5.9151e-17
4734.600 6.209e-17
4736.125 6.4701e-17
4737.650 6.1163e-17
4739.175 6.2853e-17
4740.700 6.0894e-17
4742.225 6.2862e-17
4743.750 6.8812e-17
4745.275 6.1485e-17
4746.800 6.2529e-17
4748.325 5.5659e-17
4749.850 5.5398e-17
4751.375 5.8814e-17
4752.900 6.322e-17
4754.425 6.5123e-17
4755.950 6.7928e-17
4757.475 6.7196e-17
4759.000 7.1646e-17
4760.525 7.3795e-17
4762.050 6.8908e-17
4763.575 7.6377e-17
4765.100 7.7151e-17
4766.625 7.8408e-17
4768.150 7.7851e-17
4769.675 7.377e-17
4771.200 7.9883e-17
4772.725 7.8211e-17
4774.250 8.1202e-17
4775.775 8.3675e-17
4777.300 7.6338e-17
4778.825 7.4013e-17
4780.350 7.5209e-17
4781.875 7.3564e-17
4783.400 8.0918e-17
4784.925 7.999e-17
4786.450 7.8802e-17
4787.975 8.2189e-17
4789.500 7.338e-17
4791.025 6.8157e-17
4792.550 7.5431e-17
4794.075 7.54e-17
4795.600 6.6821e-17
4797.125 7.7159e-17
4798.650 7.7186e-17
4800.175 7.6162e-17
4801.700 7.229e-17
4803.225 7.4106e-17
4804.750 8.7422e-17
4806.275 7.9368e-17
4807.800 7.2266e-17
4809.325 7.3949e-17
4810.850 7.9102e-17
4812.375 6.9642e-17
4813.900 6.4778e-17
4815.425 7.0505e-17
4816.950 7.41e-17
4818.475 7.3955e-17
4820.000 6.5939e-17
4821.525 7.3204e-17
4823.050 7.1327e-17
4824.575 6.3284e-17
4826.100 6.8428e-17
4827.625 6.7783e-17
4829.150 6.6776e-17
4830.675 7.0606e-17
4832.200 6.7292e-17
4833.725 7.2253e-17
4835.250 7.1597e-17
4836.775 6.8459e-17
4838.300 7.0452e-17
4839.825 6.9395e-17
4841.350 6.8923e-17
4842.875 6.6482e-17
4844.400 6.6385e-17
4845.925 7.24e-17
4847.450 7.1215e-17
4848.975 6.8738e-17
4850.500 6.871e-17
4852.025 7.4272e-17
4853.550 6.4475e-17
4855.075 6.5264e-17
4856.600 6.6551e-17
4858.125 5.8885e-17
4859.650 5.9477e-17
4861.175 6.4109e-17
4862.700 6.7282e-17
4864.225 6.4499e-17
4865.750 5.9212e-17
4867.275 6.4473e-17
4868.800 6.6367e-17
4870.325 6.1064e-17
4871.850 7.1373e-17
4873.375 6.7804e-17
4874.900 7.3655e-17
4876.425 6.4436e-17
4877.950 6.4692e-17
4879.475 6.4006e-17
4881.000 7.1729e-17
4882.525 6.3939e-17
4884.050 5.9577e-17
4885.575 6.8735e-17
4887.100 6.3885e-17
4888.625 6.5115e-17
4890.150 6.75e-17
4891.675 6.8742e-17
4893.200 6.2472e-17
4894.725 5.8166e-17
4896.250 6.4065e-17
4897.775 6.2575e-17
4899.300 5.9458e-17
4900.825 6.3935e-17
4902.350 6.4164e-17
4903.875 6.8008e-17
4905.400 6.6494e-17
4906.925 6.8072e-17
4908.450 6.1538e-17
4909.975 6.6863e-17
4911.500 6.0697e-17
4913.025 6.1115e-17
4914.550 6.7e-17
4916.075 5.5552e-17
4917.600 6.1295e-17
4919.125 5.6878e-17
4920.650 5.8072e-17
4922.175 6.6477e-17
4923.700 6.2794e-17
4925.225 5.9846e-17
4926.750 7.0836e-17
4928.275 5.9922e-17
4929.800 6.1503e-17
4931.325 6.3447e-17
4932.850 6.5038e-17
4934.375 5.9023e-17
4935.900 5.9897e-17
4937.425 6.2374e-17
4938.950 6.2256e-17
4940.475 6.3942e-17
4942.000 6.5063e-17
4943.525 6.3104e-17
4945.050 6.3103e-17
4946.575 5.8222e-17
4948.100 5.9732e-17
4949.625 6.3966e-17
4951.150 6.2152e-17
4952.675 6.2324e-17
4954.200 5.758e-17
4955.725 6.0348e-17
4957.250 6.8734e-17
4958.775 6.4497e-17
4960.300 5.652e-17
4961.825 6.2374e-17
4963.350 5.8174e-17
4964.875 5.4567e-17
4966.400 6.254e-17
4967.925 6.4471e-17
4969.450 6.5971e-17
4970.975 6.1764e-17
4972.500 5.2308e-17
4974.025 5.4849e-17
4975.550 5.4828e-17
4977.075 5.2724e-17
4978.600 6.235e-17
4980.125 6.5163e-17
4981.650 6.0938e-17
4983.175 6.5429e-17
4984.700 6.553e-17
4986.225 5.9765e-17
4987.750 5.9206e-17
4989.275 5.6419e-17
4990.800 6.3393e-17
4992.325 6.5025e-17
4993.850 6.0183e-17
4995.375 6.0959e-17
4996.900 6.3091e-17
4998.425 5.721e-17
4999.950 6.6713e-17
5001.475 6.624e-17
5003.000 5.8261e-17
5004.525 5.4819e-17
5006.050 6.0819e-17
5007.575 6.1366e-17
5009.100 6.2479e-17
5010.625 5.8059e-17
5012.150 5.6576e-17
5013.675 5.9974e-17
5015.200 6.3071e-17
5016.725 6.5497e-17
5018.250 5.852e-17
5019.775 5.7873e-17
5021.300 6.105e-17
5022.825 6.1532e-17
5024.350 6.4059e-17
5025.875 6.2538e-17
5027.400 5.8729e-17
5028.925 6.0943e-17
5030.450 6.5458e-17
5031.975 6.1344e-17
5033.500 6.0581e-17
5035.025 6.0397e-17
5036.550 5.6574e-17
5038.075 6.0264e-17
5039.600 6.3284e-17
5041.125 6.0258e-17
5042.650 5.9502e-17
5044.175 6.1632e-17
5045.700 6.0744e-17
5047.225 6.385e-17
5048.750 6.0462e-17
5050.275 6.2011e-17
5051.800 6.3423e-17
5053.325 5.3236e-17
5054.850 5.1008e-17
5056.375 5.4979e-17
5057.900 5.9353e-17
5059.425 6.0185e-17
5060.950 5.9063e-17
5062.475 6.0458e-17
5064.000 6.2812e-17
5065.525 6.2647e-17
5067.050 6.3487e-17
5068.575 5.6375e-17
5070.100 5.5811e-17
5071.625 5.7546e-17
5073.150 6.0412e-17
5074.675 6.207e-17
5076.200 6.0843e-17
5077.725 5.6767e-17
5079.250 5.5384e-17
5080.775 5.8425e-17
5082.300 6.2773e-17
5083.825 5.8221e-17
5085.350 5.5659e-17
5086.875 6.0235e-17
5088.400 5.847e-17
5089.925 5.4991e-17
5091.450 5.7204e-17
5092.975 5.9366e-17
5094.500 5.6377e-17
5096.025 5.8895e-17
5097.550 6.1317e-17
5099.075 5.5278e-17
5100.600 5.7006e-17
5102.125 5.9342e-17
5103.650 5.7298e-17
5105.175 5.8572e-17
5106.700 6.0679e-17
5108.225 5.9707e-17
5109.750 5.352e-17
5111.275 5.1774e-17
5112.800 5.8445e-17
5114.325 6.343e-17
5115.850 6.0936e-17
5117.375 6.0546e-17
5118.900 5.8378e-17
5120.425 5.6451e-17
5121.950 5.4137e-17
5123.475 5.4782e-17
5125.000 5.4021e-17
5126.525 5.841e-17
5128.050 5.372e-17
5129.575 5.442e-17
5131.100 5.9012e-17
5132.625 5.7539e-17
5134.150 5.6828e-17
5135.675 5.719e-17
5137.200 5.6348e-17
5138.725 5.6082e-17
5140.250 5.6188e-17
5141.775 5.7563e-17
5143.300 5.2215e-17
5144.825 5.1615e-17
5146.350 6.1521e-17
5147.875 5.9532e-17
5149.400 5.5079e-17
5150.925 5.4499e-17
5152.450 5.4991e-17
5153.975 5.5289e-17
5155.500 5.6116e-17
5157.025 5.1905e-17
5158.550 5.3728e-17
5160.075 4.8099e-17
5161.600 5.4139e-17
5163.125 5.2421e-17
5164.650 5.3548e-17
5166.175 5.6849e-17
5167.700 5.1927e-17
5169.225 5.6409e-17
5170.750 5.3109e-17
5172.275 5.5103e-17
5173.800 5.9184e-17
5175.325 5.6481e-17
5176.850 5.6248e-17
5178.375 4.9261e-17
5179.900 4.7795e-17
5181.425 5.5492e-17
5182.950 6.2608e-17
5184.475 6.1426e-17
5186.000 5.6474e-17
5187.525 5.3422e-17
5189.050 5.28e-17
5190.575 6.1679e-17
5192.100 5.7767e-17
5193.625 5.7102e-17
5195.150 5.6712e-17
5196.675 5.8153e-17
5198.200 5.5296e-17
5199.725 5.2342e-17
5201.250 5.6614e-17
5202.775 5.7e-17
5204.300 6.2458e-17
5205.825 5.4824e-17
5207.350 5.7616e-17
5208.875 5.8127e-17
5210.400 5.6368e-17
5211.925 5.5184e-17
5213.450 5.5716e-17
5214.975 6.7466e-17
5216.500 5.9283e-17
5218.025 6.2273e-17
5219.550 5.6206e-17
5221.075 5.2032e-17
5222.600 5.202e-17
5224.125 6.2828e-17
5225.650 5.6819e-17
5227.175 5.4329e-17
5228.700 5.6039e-17
5230.225 5.18e-17
5231.750 5.1441e-17
5233.275 5.6296e-17
5234.800 6.1899e-17
5236.325 6.2916e-17
5237.850 6.05e-17
5239.375 6.303e-17
5240.900 6.5207e-17
5242.425 6.3511e-17
5243.950 5.517e-17
5245.475 5.6837e-17
5247.000 5.8495e-17
5248.525 5.9678e-17
5250.050 6.3693e-17
5251.575 5.8538e-17
5253.100 5.8447e-17
5254.625 5.5838e-17
5256.150 6.1449e-17
5257.675 5.8666e-17
5259.200 5.6444e-17
5260.725 5.7205e-17
5262.250 6.0792e-17
5263.775 5.7418e-17
5265.300 6.0021e-17
5266.825 5.6337e-17
5268.350 6.0092e-17
5269.875 6.0853e-17
5271.400 6.0538e-17
5272.925 5.7683e-17
5274.450 5.7621e-17
5275.975 5.5776e-17
5277.500 5.9934e-17
5279.025 6.6631e-17
5280.550 6.1005e-17
5282.075 5.9219e-17
5283.600 5.6038e-17
5285.125 5.726e-17
5286.650 5.8697e-17
5288.175 6.0586e-17
5289.700 6.4067e-17
5291.225 5.7878e-17
5292.750 5.8429e-17
5294.275 6.1216e-17
5295.800 6.2732e-17
5297.325 6.859e-17
5298.850 6.7215e-17
5300.375 5.9601e-17
5301.900 5.7557e-17
5303.425 6.0427e-17
5304.950 5.8892e-17
5306.475 5.9289e-17
5308.000 5.7733e-17
5309.525 5.8321e-17
5311.050 6.1657e-17
5312.575 5.8501e-17
5314.100 5.9956e-17
5315.625 5.5972e-17
5317.150 5.8666e-17
5318.675 5.985e-17
5320.200 6.1445e-17
5321.725 6.1032e-17
5323.250 5.5854e-17
5324.775 6.0628e-17
5326.300 6.0583e-17
5327.825 6.6154e-17
5329.350 6.2648e-17
5330.875 6.483e-17
5332.400 6.1515e-17
5333.925 6.7853e-17
5335.450 6.5078e-17
5336.975 6.4798e-17
5338.500 6.7455e-17
5340.025 6.111e-17
5341.550 6.0761e-17
5343.075 6.7432e-17
5344.600 5.5705e-17
5346.125 6.1442e-17
5347.650 5.0577e-17
5349.175 5.6237e-17
5350.700 5.9277e-17
5352.225 6.0309e-17
5353.750 6.2402e-17
5355.275 6.2774e-17
5356.800 5.8937e-17
5358.325 5.842e-17
5359.850 6.3804e-17
5361.375 6.4539e-17
5362.900 5.86e-17
5364.425 5.3765e-17
5365.950 5.5711e-17
5367.475 6.2409e-17
5369.000 6.1704e-17
5370.525 6.0232e-17
5372.050 5.6665e-17
5373.575 5.1572e-17
5375.100 5.627e-17
5376.625 5.7387e-17
5378.150 5.3503e-17
5379.675 5.903e-17
5381.200 6.4314e-17
5382.725 5.8868e-17
5384.250 5.4889e-17
5385.775 5.5686e-17
5387.300 5.233e-17
5388.825 5.8355e-17
5390.350 5.3372e-17
5391.875 4.9464e-17
5393.400 4.9409e-17
5394.925 5.3196e-17
5396.450 5.6827e-17
5397.975 5.482e-17
5399.500 5.0351e-17
5401.025 4.9849e-17
5402.550 5.9074e-17
5404.075 5.3204e-17
5405.600 4.7095e-17
5407.125 4.7436e-17
5408.650 5.0644e-17
5410.175 5.2872e-17
5411.700 5.3843e-17
5413.225 5.3636e-17
5414.750 5.1407e-17
5416.275 5.7736e-17
5417.800 5.7361e-17
5419.325 5.4474e-17
5420.850 5.7796e-17
5422.375 4.6402e-17
5423.900 4.868e-17
5425.425 5.8326e-17
5426.950 6.1554e-17
5428.475 5.94e-17
5430.000 5.1853e-17
5431.525 5.6818e-17
5433.050 5.4803e-17
5434.575 5.2472e-17
5436.100 4.9537e-17
5437.625 5.6336e-17
5439.150 5.6213e-17
5440.675 5.4076e-17
5442.200 5.5413e-17
5443.725 5.8063e-17
5445.250 5.0081e-17
5446.775 5.1399e-17
5448.300 6.3699e-17
5449.825 5.6366e-17
5451.350 4.8364e-17
5452.875 5.6994e-17
5454.400 6.1182e-17
5455.925 5.6725e-17
5457.450 5.3101e-17
5458.975 6.1112e-17
5460.500 5.6568e-17
5462.025 4.9628e-17
5463.550 5.4387e-17
5465.075 5.5043e-17
5466.600 5.2225e-17
5468.125 4.9871e-17
5469.650 4.1199e-17
5471.175 4.5361e-17
5472.700 5.067e-17
5474.225 5.3333e-17
5475.750 5.6119e-17
5477.275 5.5342e-17
5478.800 5.3301e-17
5480.325 4.6405e-17
5481.850 3.7398e-17
5483.375 4.8206e-17
5484.900 5.6497e-17
5486.425 5.1987e-17
5487.950 5.4545e-17
5489.475 6.5445e-17
5491.000 6.7647e-17
5492.525 5.531e-17
5494.050 5.9072e-17
5495.575 6.6377e-17
5497.100 6.6816e-17
5498.625 4.9682e-17
5500.150 4.7049e-17
5501.675 4.8113e-17
5503.200 5.1273e-17
5504.725 5.2788e-17
5506.250 5.5854e-17
5507.775 5.6714e-17
5509.300 5.6116e-17
5510.825 5.5636e-17
5512.350 5.3268e-17
5513.875 5.5961e-17
5515.400 5.4522e-17
5516.925 5.2565e-17
5518.450 5.0122e-17
5519.975 5.2009e-17
5521.500 5.7782e-17
5523.025 5.6016e-17
5524.550 4.8403e-17
5526.075 4.9913e-17
5527.600 5.3081e-17
5529.125 4.9669e-17
5530.650 5.126e-17
5532.175 5.5686e-17
5533.700 5.9131e-17
5535.225 5.5848e-17
5536.750 5.1766e-17
5538.275 5.2511e-17
5539.800 5.308e-17
5541.325 5.6506e-17
5542.850 5.8386e-17
5544.375 5.4142e-17
5545.900 5.3638e-17
5547.425 5.63e-17
5548.950 5.5519e-17
5550.475 5.173e-17
5552.000 4.8868e-17
5553.525 4.9345e-17
5555.050 5.3754e-17
5556.575 5.4714e-17
5558.100 5.3398e-17
5559.625 5.1279e-17
5561.150 5.0115e-17
5562.675 5.797e-17
5564.200 6.3562e-17
5565.725 5.7678e-17
5567.250 5.3141e-17
5568.775 4.82e-17
5570.300 4.3695e-17
5571.825 3.9814e-17
5573.350 4.6373e-17
5574.875 5.3035e-17
5576.400 7.4659e-17
5577.925 6.9209e-17
5579.450 6.4586e-17
5580.975 6.2036e-17
5582.500 5.0018e-17
5584.025 5.0663e-17
5585.550 5.3842e-17
5587.075 5.4692e-17
5588.600 5.5722e-17
5590.125 5.7311e-17
5591.650 5.7324e-17
5593.175 5.9347e-17
5594.700 5.8091e-17
5596.225 5.2735e-17
5597.750 5.3359e-17
5599.275 5.5706e-17
5600.800 5.8213e-17
5602.325 5.0265e-17
5603.850 4.7675e-17
5605.375 5.4526e-17
5606.900 5.3524e-17
5608.425 5.3634e-17
5609.950 5.4541e-17
5611.475 5.4517e-17
5613.000 6.1489e-17
5614.525 6.2132e-17
5616.050 5.3365e-17
5617.575 5.3781e-17
5619.100 5.3358e-17
5620.625 5.3666e-17
5622.150 5.2181e-17
5623.675 5.0903e-17
5625.200 5.4164e-17
5626.725 5.4515e-17
5628.250 5.7868e-17
5629.775 5.6473e-17
5631.300 5.6438e-17
5632.825 5.7402e-17
5634.350 5.6504e-17
5635.875 5.5649e-17
5637.400 5.4094e-17
5638.925 5.6029e-17
5640.450 5.8326e-17
5641.975 5.4433e-17
5643.500 5.714e-17
5645.025 5.4541e-17
5646.550 5.4142e-17
5648.075 5.8097e-17
5649.600 5.5513e-17
5651.125 5.3103e-17
5652.650 5.2727e-17
5654.175 5.8676e-17
5655.700 6.0019e-17
5657.225 5.3629e-17
5658.750 5.3715e-17
5660.275 5.5259e-17
5661.800 5.3156e-17
5663.325 5.6278e-17
5664.850 5.5856e-17
5666.375 5.2691e-17
5667.900 5.9235e-17
5669.425 5.8102e-17
5670.950 5.8124e-17
5672.475 5.7333e-17
5674.000 5.9276e-17
5675.525 5.9214e-17
5677.050 5.7622e-17
5678.575 5.2626e-17
5680.100 5.016e-17
5681.625 4.9603e-17
5683.150 5.8462e-17
5684.675 5.697e-17
5686.200 5.9864e-17
5687.725 5.6139e-17
5689.250 5.4159e-17
5690.775 5.5704e-17
5692.300 5.4002e-17
5693.825 5.3001e-17
5695.350 5.5817e-17
5696.875 5.7592e-17
5698.400 5.5764e-17
5699.925 5.3409e-17
5701.450 5.0208e-17
5702.975 4.9889e-17
5704.500 5.1509e-17
5706.025 4.6717e-17
5707.550 5.0425e-17
5709.075 5.22e-17
5710.600 5.3837e-17
5712.125 5.5075e-17
5713.650 5.6679e-17
5715.175 5.8451e-17
5716.700 5.8579e-17
5718.225 5.179e-17
5719.750 4.7321e-17
5721.275 4.9467e-17
5722.800 5.1673e-17
5724.325 5.1506e-17
5725.850 5.2318e-17
5727.375 4.7696e-17
5728.900 4.7175e-17
5730.425 5.293e-17
5731.950 5.449e-17
5733.475 5.0443e-17
5735.000 4.4033e-17
5736.525 4.5792e-17
5738.050 4.8792e-17
5739.575 5.0691e-17
5741.100 4.9755e-17
5742.625 4.8969e-17
5744.150 5.0844e-17
5745.675 4.868e-17
5747.200 4.7592e-17
5748.725 4.6138e-17
5750.250 4.4569e-17
5751.775 4.7637e-17
5753.300 5.0336e-17
5754.825 4.8589e-17
5756.350 4.889e-17
5757.875 5.1827e-17
5759.400 5.2249e-17
5760.925 4.6897e-17
5762.450 4.5286e-17
5763.975 5.1963e-17
5765.500 5.3527e-17
5767.025 4.6158e-17
5768.550 4.6455e-17
5770.075 4.722e-17
5771.600 4.8565e-17
5773.125 4.8874e-17
5774.650 4.6805e-17
5776.175 4.5559e-17
5777.700 4.7531e-17
5779.225 4.9468e-17
5780.750 5.0678e-17
5782.275 4.8499e-17
5783.800 4.7949e-17
5785.325 4.7859e-17
5786.850 4.8768e-17
5788.375 4.908e-17
5789.900 4.6981e-17
5791.425 4.971e-17
5792.950 4.9136e-17
5794.475 4.9034e-17
5796.000 4.5143e-17
5797.525 4.3214e-17
5799.050 4.4356e-17
5800.575 4.402e-17
5802.100 4.5186e-17
5803.625 4.5166e-17
5805.150 4.4452e-17
5806.675 4.5158e-17
5808.200 4.9845e-17
5809.725 4.8534e-17
5811.250 4.8046e-17
5812.775 4.709e-17
5814.300 4.7518e-17
5815.825 4.42e-17
5817.350 4.3274e-17
5818.875 4.629e-17
5820.400 4.4166e-17
5821.925 4.5616e-17
5823.450 4.9594e-17
5824.975 4.9041e-17
5826.500 4.8242e-17
5828.025 4.6643e-17
5829.550 4.8545e-17
5831.075 4.8053e-17
5832.600 4.4241e-17
5834.125 4.423e-17
5835.650 4.9069e-17
5837.175 4.8482e-17
5838.700 4.6944e-17
5840.225 4.9239e-17
5841.750 4.9962e-17
5843.275 5.2441e-17
5844.800 5.3221e-17
5846.325 4.8022e-17
5847.850 4.5045e-17
5849.375 4.7638e-17
5850.900 4.6349e-17
5852.425 4.6948e-17
5853.950 4.6914e-17
5855.475 4.3562e-17
5857.000 4.629e-17
5858.525 4.7521e-17
5860.050 4.7517e-17
5861.575 4.6336e-17
5863.100 4.1777e-17
5864.625 3.8696e-17
5866.150 3.9393e-17
5867.675 4.3418e-17
5869.200 4.6466e-17
5870.725 4.9261e-17
5872.250 4.5815e-17
5873.775 4.4051e-17
5875.300 4.2673e-17
5876.825 4.2004e-17
5878.350 4.5673e-17
5879.875 4.8099e-17
5881.400 4.6528e-17
5882.925 4.6003e-17
5884.450 4.7712e-17
5885.975 4.9099e-17
5887.500 4.8102e-17
5889.025 4.5998e-17
5890.550 4.6583e-17
5892.075 4.5402e-17
5893.600 4.3297e-17
5895.125 4.7493e-17
5896.650 4.5718e-17
5898.175 3.9969e-17
5899.700 4.2904e-17
5901.225 4.2842e-17
5902.750 4.2794e-17
5904.275 4.5022e-17
5905.800 4.4989e-17
5907.325 4.2364e-17
5908.850 3.9103e-17
5910.375 4.2305e-17
5911.900 4.4049e-17
5913.425 4.6168e-17
5914.950 4.8873e-17
5916.475 4.7128e-17
5918.000 4.5248e-17
5919.525 4.4355e-17
5921.050 4.2691e-17
5922.575 4.2618e-17
5924.100 4.5344e-17
5925.625 4.3083e-17
5927.150 4.3194e-17
5928.675 4.4282e-17
5930.200 4.268e-17
5931.725 4.3063e-17
5933.250 4.3353e-17
5934.775 4.4267e-17
5936.300 4.1568e-17
5937.825 3.9916e-17
5939.350 4.0881e-17
5940.875 4.0661e-17
5942.400 4.2611e-17
5943.925 3.9546e-17
5945.450 3.7663e-17
5946.975 4.1717e-17
5948.500 4.2176e-17
5950.025 4.2781e-17
5951.550 4.5164e-17
5953.075 4.3045e-17
5954.600 4.0039e-17
5956.125 4.1824e-17
5957.650 4.4886e-17
5959.175 4.3669e-17
5960.700 4.1197e-17
5962.225 4.1076e-17
5963.750 4.1492e-17
5965.275 4.4453e-17
5966.800 4.2892e-17
5968.325 3.8491e-17
5969.850 3.8936e-17
5971.375 3.895e-17
5972.900 3.788e-17
5974.425 3.8442e-17
5975.950 4.0345e-17
5977.475 4.203e-17
5979.000 3.9871e-17
5980.525 3.587e-17
5982.050 3.718e-17
5983.575 4.1496e-17
5985.100 4.2993e-17
5986.625 3.9401e-17
5988.150 3.7628e-17
5989.675 3.9992e-17
5991.200 4.2271e-17
5992.725 3.968e-17
5994.250 3.6965e-17
5995.775 4.1763e-17
5997.300 4.4292e-17
5998.825 3.9861e-17
6000.350 3.6581e-17
6001.875 3.8678e-17
6003.400 3.73e-17
6004.925 3.6072e-17
6006.450 3.8637e-17
6007.975 3.7254e-17
6009.500 3.5179e-17
6011.025 3.6098e-17
6012.550 3.9323e-17
6014.075 3.7567e-17
6015.600 3.5697e-17
6017.125 3.557e-17
6018.650 3.5345e-17
6020.175 3.6273e-17
6021.700 3.8994e-17
6023.225 4.3719e-17
6024.750 4.0677e-17
6026.275 3.7223e-17
6027.800 3.8847e-17
6029.325 3.7221e-17
6030.850 3.4784e-17
6032.375 3.7366e-17
6033.900 3.6943e-17
6035.425 3.5238e-17
6036.950 3.8271e-17
6038.475 4.1319e-17
6040.000 3.7787e-17
6041.525 3.4275e-17
6043.050 3.5923e-17
6044.575 3.7214e-17
6046.100 3.7345e-17
6047.625 3.7069e-17
6049.150 3.681e-17
6050.675 3.4955e-17
6052.200 3.4963e-17
6053.725 3.8915e-17
6055.250 4.2955e-17
6056.775 4.2481e-17
6058.300 4.134e-17
6059.825 3.9896e-17
6061.350 3.8083e-17
6062.875 3.785e-17
6064.400 3.6875e-17
6065.925 3.8339e-17
6067.450 4.0078e-17
6068.975 3.7798e-17
6070.500 3.7031e-17
6072.025 3.7057e-17
6073.550 3.8537e-17
6075.075 4.1082e-17
6076.600 3.6721e-17
6078.125 3.4184e-17
6079.650 3.7284e-17
6081.175 3.7844e-17
6082.700 3.681e-17
6084.225 3.5402e-17
6085.750 3.6847e-17
6087.275 3.7571e-17
6088.800 3.6911e-17
6090.325 3.8947e-17
6091.850 3.6683e-17
6093.375 3.2586e-17
6094.900 3.2124e-17
6096.425 3.4408e-17
6097.950 3.4369e-17
6099.475 3.7725e-17
6101.000 3.8675e-17
6102.525 3.6903e-17
6104.050 3.6644e-17
6105.575 3.6324e-17
6107.100 3.5752e-17
6108.625 3.5683e-17
6110.150 3.5623e-17
6111.675 3.5065e-17
6113.200 3.5561e-17
6114.725 3.4566e-17
6116.250 3.5553e-17
6117.775 3.9313e-17
6119.300 3.8923e-17
6120.825 3.496e-17
6122.350 3.4492e-17
6123.875 3.5988e-17
6125.400 3.5396e-17
6126.925 3.4166e-17
6128.450 3.6854e-17
6129.975 3.6878e-17
6131.500 3.2308e-17
6133.025 3.285e-17
6134.550 3.7554e-17
6136.075 3.5171e-17
6137.600 2.9672e-17
6139.125 3.0555e-17
6140.650 3.2077e-17
6142.175 3.4799e-17
6143.700 3.4556e-17
6145.225 3.2877e-17
6146.750 3.5693e-17
6148.275 3.6205e-17
6149.800 3.3035e-17
6151.325 3.3265e-17
6152.850 3.4578e-17
6154.375 3.3996e-17
6155.900 3.0477e-17
6157.425 2.948e-17
6158.950 3.1413e-17
6160.475 3.4206e-17
6162.000 3.6359e-17
6163.525 3.4943e-17
6165.050 3.3331e-17
6166.575 3.5182e-17
6168.100 3.6018e-17
6169.625 3.4708e-17
6171.150 3.469e-17
6172.675 3.2488e-17
6174.200 3.3044e-17
6175.725 3.5941e-17
6177.250 3.6173e-17
6178.775 3.4152e-17
6180.300 3.3942e-17
6181.825 3.5217e-17
6183.350 3.6529e-17
6184.875 3.61e-17
6186.400 3.5637e-17
6187.925 3.6776e-17
6189.450 3.351e-17
6190.975 3.2248e-17
6192.500 3.6791e-17
6194.025 3.8903e-17
6195.550 3.5752e-17
6197.075 3.2852e-17
6198.600 3.2565e-17
6200.125 3.2349e-17
6201.650 3.2567e-17
6203.175 3.5254e-17
6204.700 3.8466e-17
6206.225 4.1012e-17
6207.750 4.0756e-17
6209.275 3.5795e-17
6210.800 3.4349e-17
6212.325 3.5793e-17
6213.850 3.7989e-17
6215.375 4.0629e-17
6216.900 3.9745e-17
6218.425 3.7363e-17
6219.950 3.5539e-17
6221.475 3.6548e-17
6223.000 3.8533e-17
6224.525 3.9063e-17
6226.050 3.7554e-17
6227.575 3.5853e-17
6229.100 3.5944e-17
6230.625 3.5014e-17
6232.150 3.4127e-17
6233.675 3.4693e-17
6235.200 3.7181e-17
6236.725 3.5908e-17
6238.250 3.3881e-17
6239.775 3.5181e-17
6241.300 3.4794e-17
6242.825 3.4562e-17
6244.350 3.6731e-17
6245.875 3.7202e-17
6247.400 3.6172e-17
6248.925 3.9739e-17
6250.450 4.221e-17
6251.975 4.307e-17
6253.500 4.3571e-17
6255.025 4.3964e-17
6256.550 4.6823e-17
6258.075 4.6114e-17
6259.600 4.2487e-17
6261.125 4.6564e-17
6262.650 5.1541e-17
6264.175 5.0336e-17
6265.700 4.8126e-17
6267.225 4.6859e-17
6268.750 4.4661e-17
6270.275 4.3878e-17
6271.800 4.7076e-17
6273.325 4.6797e-17
6274.850 4.5533e-17
6276.375 4.8295e-17
6277.900 5.0124e-17
6279.425 4.8889e-17
6280.950 4.4894e-17
6282.475 4.4373e-17
6284.000 4.815e-17
6285.525 4.6598e-17
6287.050 4.453e-17
6288.575 4.519e-17
6290.100 4.5929e-17
6291.625 4.846e-17
6293.150 4.9129e-17
6294.675 4.6676e-17
6296.200 4.5361e-17
6297.725 4.7271e-17
6299.250 5.3255e-17
6300.775 5.3837e-17
6302.300 4.478e-17
6303.825 4.0105e-17
6305.350 3.9838e-17
6306.875 4.118e-17
6308.400 4.3779e-17
6309.925 4.5233e-17
6311.450 4.5239e-17
6312.975 4.6832e-17
6314.500 5.0437e-17
6316.025 4.7614e-17
6317.550 4.525e-17
6319.075 4.7437e-17
6320.600 4.6909e-17
6322.125 4.6867e-17
6323.650 4.8264e-17
6325.175 4.7023e-17
6326.700 4.4545e-17
6328.225 4.4812e-17
6329.750 4.4554e-17
6331.275 4.2826e-17
6332.800 4.1473e-17
6334.325 4.3658e-17
6335.850 4.7482e-17
6337.375 4.6781e-17
6338.900 4.3799e-17
6340.425 4.2237e-17
6341.950 4.2262e-17
6343.475 4.2998e-17
6345.000 4.3646e-17
6346.525 4.1912e-17
6348.050 4.1319e-17
6349.575 4.2491e-17
6351.100 4.1909e-17
6352.625 4.2584e-17
6354.150 4.4163e-17
6355.675 4.4222e-17
6357.200 4.413e-17
6358.725 4.2128e-17
6360.250 3.9812e-17
6361.775 3.9489e-17
6363.300 3.9201e-17
6364.825 4.0813e-17
6366.350 4.1242e-17
6367.875 4.0153e-17
6369.400 4.233e-17
6370.925 4.3158e-17
6372.450 4.291e-17
6373.975 4.2153e-17
6375.500 3.9983e-17
6377.025 4.0279e-17
6378.550 4.2107e-17
6380.075 4.138e-17
6381.600 4.1424e-17
6383.125 4.0274e-17
6384.650 4.056e-17
6386.175 4.0064e-17
6387.700 3.6172e-17
6389.225 3.6435e-17
6390.750 3.7027e-17
6392.275 3.7481e-17
6393.800 3.8161e-17
6395.325 4.0616e-17
6396.850 4.4708e-17
6398.375 4.4919e-17
6399.900 4.1116e-17
6401.425 3.6834e-17
6402.950 3.8496e-17
6404.475 4.1269e-17
6406.000 4.2257e-17
6407.525 4.2002e-17
6409.050 3.8933e-17
6410.575 3.8097e-17
6412.100 3.7097e-17
6413.625 3.6585e-17
6415.150 3.8626e-17
6416.675 3.8571e-17
6418.200 4.0173e-17
6419.725 4.3033e-17
6421.250 4.0938e-17
6422.775 3.7088e-17
6424.300 3.7037e-17
6425.825 4.3734e-17
6427.350 4.2919e-17
6428.875 3.6657e-17
6430.400 3.6908e-17
6431.925 3.9096e-17
6433.450 3.6867e-17
6434.975 3.7405e-17
6436.500 3.8365e-17
6438.025 3.614e-17
6439.550 3.769e-17
6441.075 3.8243e-17
6442.600 3.8946e-17
6444.125 3.9377e-17
6445.650 3.8936e-17
6447.175 4.1493e-17
6448.700 3.8869e-17
6450.225 3.809e-17
6451.750 3.9483e-17
6453.275 4.0083e-17
6454.800 4.2964e-17
6456.325 4.2445e-17
6457.850 4.2255e-17
6459.375 4.1789e-17
6460.900 3.8964e-17
6462.425 3.9896e-17
6463.950 4.2688e-17
6465.475 4.4881e-17
6467.000 4.3994e-17
6468.525 4.1321e-17
6470.050 3.9851e-17
6471.575 4.3105e-17
6473.100 4.125e-17
6474.625 3.7912e-17
6476.150 3.9165e-17
6477.675 4.388e-17
6479.200 4.615e-17
6480.725 4.2908e-17
6482.250 4.234e-17
6483.775 4.5732e-17
6485.300 4.6139e-17
6486.825 4.5219e-17
6488.350 4.2965e-17
6489.875 4.4044e-17
6491.400 4.6148e-17
6492.925 4.3581e-17
6494.450 4.513e-17
6495.975 4.391e-17
6497.500 4.0652e-17
6499.025 4.3736e-17
6500.550 4.431e-17
6502.075 4.4615e-17
6503.600 4.2684e-17
6505.125 4.2455e-17
6506.650 4.3148e-17
6508.175 4.2721e-17
6509.700 4.1959e-17
6511.225 4.4089e-17
6512.750 4.4668e-17
6514.275 4.4146e-17
6515.800 4.3361e-17
6517.325 4.214e-17
6518.850 4.0639e-17
6520.375 3.8737e-17
6521.900 3.9985e-17
6523.425 4.0381e-17
6524.950 4.0938e-17
6526.475 4.2504e-17
6528.000 4.3564e-17
6529.525 4.3782e-17
6531.050 4.7559e-17
6532.575 4.6709e-17
6534.100 4.2927e-17
6535.625 4.2948e-17
6537.150 4.6444e-17
6538.675 4.7216e-17
6540.200 4.4451e-17
6541.725 4.3999e-17
6543.250 4.8174e-17
6544.775 4.8938e-17
6546.300 4.9691e-17
6547.825 5.1038e-17
6549.350 5.0726e-17
6550.875 5.1795e-17
6552.400 5.2453e-17
6553.925 5.5143e-17
6555.450 5.6035e-17
6556.975 5.5835e-17
6558.500 5.5785e-17
6560.025 5.126e-17
6561.550 4.7407e-17
6563.075 4.9915e-17
6564.600 5.5888e-17
6566.125 5.5195e-17
6567.650 5.2171e-17
6569.175 5.0449e-17
6570.700 4.8266e-17
6572.225 4.58e-17
6573.750 4.4622e-17
6575.275 4.5615e-17
6576.800 4.6882e-17
6578.325 4.5105e-17
6579.850 4.3509e-17
6581.375 4.2897e-17
6582.900 4.3243e-17
6584.425 4.3425e-17
6585.950 4.4204e-17
6587.475 4.2021e-17
6589.000 4.2075e-17
6590.525 4.394e-17
6592.050 4.2685e-17
6593.575 4.2837e-17
6595.100 4.0197e-17
6596.625 3.65e-17
6598.150 3.6888e-17
6599.675 3.9405e-17
6601.200 3.7905e-17
6602.725 3.7313e-17
6604.250 3.915e-17
6605.775 4.0811e-17
6607.300 4.2366e-17
6608.825 3.8004e-17
6610.350 3.523e-17
6611.875 3.6248e-17
6613.400 3.9048e-17
6614.925 3.8576e-17
6616.450 3.7845e-17
6617.975 3.9794e-17
6619.500 3.8519e-17
6621.025 3.748e-17
6622.550 3.9978e-17
6624.075 3.8246e-17
6625.600 3.4994e-17
6627.125 3.6266e-17
6628.650 3.7513e-17
6630.175 3.8762e-17
6631.700 3.8786e-17
6633.225 3.6419e-17
6634.750 3.5093e-17
6636.275 3.29e-17
6637.800 3.205e-17
6639.325 3.6229e-17
6640.850 3.6702e-17
6642.375 3.4752e-17
6643.900 3.2473e-17
6645.425 3.0322e-17
6646.950 3.3069e-17
6648.475 3.49e-17
6650.000 3.5132e-17
6651.525 3.6271e-17
6653.050 3.6033e-17
6654.575 3.4345e-17
6656.100 3.6907e-17
6657.625 3.7155e-17
6659.150 3.6153e-17
6660.675 3.4857e-17
6662.200 3.4931e-17
6663.725 3.5535e-17
6665.250 3.4661e-17
6666.775 3.5883e-17
6668.300 3.9254e-17
6669.825 3.678e-17
6671.350 3.4348e-17
6672.875 3.6213e-17
6674.400 3.4216e-17
6675.925 3.2216e-17
6677.450 3.4667e-17
6678.975 3.4992e-17
6680.500 3.2995e-17
6682.025 3.2995e-17
6683.550 3.36e-17
6685.075 3.2544e-17
6686.600 3.2115e-17
6688.125 3.3258e-17
6689.650 3.4895e-17
6691.175 3.6408e-17
6692.700 3.3965e-17
6694.225 3.3106e-17
6695.750 3.4716e-17
6697.275 3.5404e-17
6698.800 3.4858e-17
6700.325 3.4884e-17
6701.850 3.2935e-17
6703.375 3.1771e-17
6704.900 3.2973e-17
6706.425 3.4494e-17
6707.950 3.6882e-17
6709.475 3.7936e-17
6711.000 3.6588e-17
6712.525 3.3894e-17
6714.050 3.1996e-17
6715.575 3.3316e-17
6717.100 3.4266e-17
6718.625 3.4649e-17
6720.150 3.4111e-17
6721.675 3.3037e-17
6723.200 3.4015e-17
6724.725 3.6117e-17
6726.250 3.653e-17
6727.775 3.4544e-17
6729.300 3.3911e-17
6730.825 3.4916e-17
6732.350 3.693e-17
6733.875 3.9307e-17
6735.400 4.0545e-17
6736.925 3.8386e-17
6738.450 3.6612e-17
6739.975 3.6946e-17
6741.500 3.6538e-17
6743.025 3.5305e-17
6744.550 3.6056e-17
6746.075 3.8157e-17
6747.600 3.7857e-17
6749.125 3.6762e-17
6750.650 3.625e-17
6752.175 3.722e-17
6753.700 3.7194e-17
6755.225 3.5235e-17
6756.750 3.5257e-17
6758.275 3.5395e-17
6759.800 3.4553e-17
6761.325 3.6338e-17
6762.850 3.759e-17
6764.375 3.6424e-17
6765.900 3.7914e-17
6767.425 3.9585e-17
6768.950 3.8497e-17
6770.475 3.7509e-17
6772.000 3.4364e-17
6773.525 3.3672e-17
6775.050 3.6948e-17
6776.575 3.7805e-17
6778.100 3.7202e-17
6779.625 3.8188e-17
6781.150 3.638e-17
6782.675 3.5438e-17
6784.200 3.622e-17
6785.725 3.7072e-17
6787.250 3.7533e-17
6788.775 3.6806e-17
6790.300 3.7673e-17
6791.825 3.8165e-17
6793.350 3.6222e-17
6794.875 3.5822e-17
6796.400 3.8635e-17
6797.925 3.8525e-17
6799.450 3.7434e-17
6800.975 4.032e-17
6802.500 4.3409e-17
6804.025 4.1219e-17
6805.550 3.935e-17
6807.075 4.1785e-17
6808.600 4.0714e-17
6810.125 3.8614e-17
6811.650 3.9383e-17
6813.175 4.0984e-17
6814.700 4.0295e-17
6816.225 3.9455e-17
6817.750 3.7672e-17
6819.275 3.6428e-17
6820.800 3.8132e-17
6822.325 4.0465e-17
6823.850 4.1733e-17
6825.375 4.1289e-17
6826.900 3.8452e-17
6828.425 4.0315e-17
6829.950 3.8546e-17
6831.475 3.6964e-17
6833.000 3.3627e-17
6834.525 3.2064e-17
6836.050 3.3707e-17
6837.575 3.1619e-17
6839.100 3.285e-17
6840.625 3.7727e-17
6842.150 3.6316e-17
6843.675 3.5124e-17
6845.200 3.4342e-17
6846.725 3.3604e-17
6848.250 3.5734e-17
6849.775 3.5681e-17
6851.300 3.4308e-17
6852.825 3.4481e-17
6854.350 3.2274e-17
6855.875 3.1599e-17
6857.400 3.1389e-17
6858.925 3.4489e-17
6860.450 3.7495e-17
6861.975 3.6625e-17
6863.500 3.3563e-17
6865.025 2.976e-17
6866.550 3.0378e-17
6868.075 3.4401e-17
6869.600 3.5119e-17
6871.125 3.4486e-17
6872.650 3.3689e-17
6874.175 3.4417e-17
6875.700 3.5266e-17
6877.225 3.2726e-17
6878.750 3.05e-17
6880.275 3.1127e-17
6881.800 3.2558e-17
6883.325 3.1929e-17
6884.850 2.9484e-17
6886.375 2.976e-17
6887.900 2.9671e-17
6889.425 3.0865e-17
6890.950 3.3293e-17
6892.475 3.2363e-17
6894.000 2.9569e-17
6895.525 2.8185e-17
6897.050 2.7496e-17
6898.575 3.0386e-17
6900.100 3.4107e-17
6901.625 3.3426e-17
6903.150 3.1847e-17
6904.675 2.7572e-17
6906.200 2.7679e-17
6907.725 3.0489e-17
6909.250 3.1556e-17
6910.775 3.4944e-17
6912.300 3.5142e-17
6913.825 3.3814e-17
6915.350 3.2365e-17
6916.875 3.0382e-17
6918.400 3.0945e-17
6919.925 3.1298e-17
6921.450 3.0311e-17
6922.975 3.0425e-17
6924.500 3.0757e-17
6926.025 3.2215e-17
6927.550 3.0873e-17
6929.075 3.165e-17
6930.600 3.1901e-17
6932.125 3.1495e-17
6933.650 3.24e-17
6935.175 3.2473e-17
6936.700 3.307e-17
6938.225 3.1308e-17
6939.750 3.0491e-17
6941.275 3.4828e-17
6942.800 3.5933e-17
6944.325 3.0994e-17
6945.850 2.8098e-17
6947.375 3.2471e-17
6948.900 3.229e-17
6950.425 2.7806e-17
6951.950 2.8418e-17
6953.475 3.0385e-17
6955.000 3.1499e-17
6956.525 3.2219e-17
6958.050 3.0686e-17
6959.575 2.8974e-17
6961.100 2.865e-17
6962.625 2.7543e-17
6964.150 2.7232e-17
6965.675 2.8159e-17
6967.200 2.5406e-17
6968.725 2.3193e-17
6970.250 2.411e-17
6971.775 2.322e-17
6973.300 2.232e-17
6974.825 2.514e-17
6976.350 2.8464e-17
6977.875 2.7631e-17
6979.400 2.7162e-17
6980.925 2.9578e-17
6982.450 3.429e-17
6983.975 3.722e-17
6985.500 3.7904e-17
6987.025 3.7732e-17
6988.550 3.5412e-17
6990.075 3.7306e-17
6991.600 4.2122e-17
6993.125 4.2108e-17
6994.650 3.9522e-17
6996.175 3.9546e-17
6997.700 4.1517e-17
6999.225 4.2982e-17
7000.750 4.1215e-17
7002.275 4.1133e-17
7003.800 4.6099e-17
7005.325 4.8686e-17
7006.850 4.8197e-17
7008.375 4.6177e-17
7009.900 4.3404e-17
7011.425 4.3235e-17
7012.950 4.4448e-17
7014.475 4.4792e-17
7016.000 4.4685e-17
7017.525 4.3726e-17
7019.050 4.1378e-17
7020.575 4.1606e-17
7022.100 4.2238e-17
7023.625 4.2478e-17
7025.150 4.2926e-17
7026.675 4.1671e-17
7028.200 3.8684e-17
7029.725 3.7944e-17
7031.250 3.949e-17
7032.775 4.2027e-17
7034.300 4.2515e-17
7035.825 4.0801e-17
7037.350 3.8415e-17
7038.875 3.8413e-17
7040.400 3.8972e-17
7041.925 3.7537e-17
7043.450 3.8709e-17
7044.975 4.1377e-17
7046.500 4.2982e-17
7048.025 4.1789e-17
7049.550 3.922e-17
7051.075 3.8577e-17
7052.600 3.9534e-17
7054.125 3.9993e-17
7055.650 4.1199e-17
7057.175 4.123e-17
7058.700 3.8006e-17
7060.225 3.6775e-17
7061.750 4.0074e-17
7063.275 4.1461e-17
7064.800 3.9199e-17
7066.325 3.679e-17
7067.850 3.6998e-17
7069.375 3.7622e-17
7070.900 3.8345e-17
7072.425 3.7868e-17
7073.950 3.9741e-17
7075.475 4.0113e-17
7077.000 3.9009e-17
7078.525 3.7093e-17
7080.050 3.8307e-17
7081.575 3.9222e-17
7083.100 3.5781e-17
7084.625 3.6188e-17
7086.150 3.7159e-17
7087.675 3.8198e-17
7089.200 3.9475e-17
7090.725 3.7662e-17
7092.250 3.6656e-17
7093.775 3.9541e-17
7095.300 4.007e-17
7096.825 3.9709e-17
7098.350 3.8813e-17
7099.875 3.7395e-17
7101.400 3.8922e-17
7102.925 4.053e-17
7104.450 3.8769e-17
7105.975 3.8617e-17
7107.500 3.8599e-17
7109.025 3.7301e-17
7110.550 3.7677e-17
7112.075 3.4577e-17
7113.600 3.2564e-17
7115.125 3.4363e-17
7116.650 3.6118e-17
7118.175 3.7905e-17
7119.700 3.8819e-17
7121.225 3.8761e-17
7122.750 3.9591e-17
7124.275 3.8364e-17
7125.800 3.6217e-17
7127.325 3.5343e-17
7128.850 3.753e-17
7130.375 3.8427e-17
7131.900 3.6652e-17
7133.425 3.434e-17
7134.950 3.6208e-17
7136.475 3.6304e-17
7138.000 3.4373e-17
7139.525 3.6244e-17
7141.050 3.8045e-17
7142.575 3.632e-17
7144.100 3.5311e-17
7145.625 3.7653e-17
7147.150 3.772e-17
7148.675 3.4922e-17
7150.200 3.4674e-17
7151.725 3.7024e-17
7153.250 4.0675e-17
7154.775 4.0585e-17
7156.300 3.5507e-17
7157.825 3.3997e-17
7159.350 3.5269e-17
7160.875 3.8153e-17
7162.400 3.8104e-17
7163.925 3.7056e-17
7165.450 3.6765e-17
7166.975 3.5812e-17
7168.500 3.5304e-17
7170.025 3.5494e-17
7171.550 3.6021e-17
7173.075 3.7273e-17
7174.600 3.7133e-17
7176.125 3.5701e-17
7177.650 3.4343e-17
7179.175 3.3964e-17
7180.700 3.5686e-17
7182.225 3.8074e-17
7183.750 3.649e-17
7185.275 3.2209e-17
7186.800 3.2438e-17
7188.325 3.4353e-17
7189.850 3.6085e-17
7191.375 3.7311e-17
7192.900 3.5167e-17
7194.425 3.3977e-17
7195.950 3.5524e-17
7197.475 3.4982e-17
7199.000 3.5178e-17
7200.525 3.6452e-17
7202.050 3.438e-17
7203.575 3.4372e-17
7205.100 3.4575e-17
7206.625 3.412e-17
7208.150 3.4304e-17
7209.675 3.5665e-17
7211.200 3.7422e-17
7212.725 3.688e-17
7214.250 3.4866e-17
7215.775 3.287e-17
7217.300 3.2529e-17
7218.825 3.2475e-17
7220.350 3.3402e-17
7221.875 3.2925e-17
7223.400 3.275e-17
7224.925 3.3255e-17
7226.450 3.462e-17
7227.975 3.5712e-17
7229.500 3.3692e-17
7231.025 3.2465e-17
7232.550 3.1698e-17
7234.075 3.3027e-17
7235.600 3.3038e-17
7237.125 3.5973e-17
7238.650 4.187e-17
7240.175 4.1732e-17
7241.700 4.1808e-17
7243.225 3.6457e-17
7244.750 2.9803e-17
7246.275 3.2163e-17
7247.800 3.6892e-17
7249.325 3.9132e-17
7250.850 3.6161e-17
7252.375 3.3259e-17
7253.900 3.3269e-17
7255.425 3.4774e-17
7256.950 3.481e-17
7258.475 3.2279e-17
7260.000 3.3596e-17
7261.525 3.356e-17
7263.050 3.2268e-17
7264.575 3.0767e-17
7266.100 3.3336e-17
7267.625 3.3098e-17
7269.150 3.1554e-17
7270.675 3.268e-17
7272.200 3.6201e-17
7273.725 4.0044e-17
7275.250 3.5707e-17
7276.775 3.0199e-17
7278.300 3.2019e-17
7279.825 3.3198e-17
7281.350 3.0806e-17
7282.875 3.1653e-17
7284.400 3.2063e-17
7285.925 3.0561e-17
7287.450 3.0703e-17
7288.975 3.2128e-17
7290.500 3.1651e-17
7292.025 3.1407e-17
7293.550 3.1549e-17
7295.075 2.9905e-17
7296.600 3.2485e-17
7298.125 3.4507e-17
7299.650 3.2799e-17
7301.175 3.354e-17
7302.700 3.268e-17
7304.225 3.1415e-17
7305.750 3.2588e-17
7307.275 3.1826e-17
7308.800 2.8869e-17
7310.325 3.2357e-17
7311.850 3.7353e-17
7313.375 3.6145e-17
7314.900 3.7909e-17
7316.425 3.5298e-17
7317.950 3.1687e-17
7319.475 3.0849e-17
7321.000 3.1443e-17
7322.525 3.1676e-17
7324.050 3.1658e-17
7325.575 3.0766e-17
7327.100 3.2479e-17
7328.625 3.1754e-17
7330.150 3.1846e-17
7331.675 3.2001e-17
7333.200 3.2366e-17
7334.725 3.3934e-17
7336.250 3.4596e-17
7337.775 3.3037e-17
7339.300 3.1334e-17
7340.825 3.098e-17
7342.350 2.9507e-17
7343.875 2.9489e-17
7345.400 3.104e-17
7346.925 3.1803e-17
7348.450 3.253e-17
7349.975 3.3787e-17
7351.500 3.3776e-17
7353.025 3.4423e-17
7354.550 3.5837e-17
7356.075 3.3983e-17
7357.600 3.1951e-17
7359.125 3.3951e-17
7360.650 3.3623e-17
7362.175 3.383e-17
7363.700 3.7492e-17
7365.225 3.4178e-17
7366.750 3.0953e-17
7368.275 3.3352e-17
7369.800 3.4127e-17
7371.325 3.4164e-17
7372.850 3.3027e-17
7374.375 3.3509e-17
7375.900 3.5766e-17
7377.425 3.3187e-17
7378.950 3.2697e-17
7380.475 3.4424e-17
7382.000 3.3949e-17
7383.525 3.4963e-17
7385.050 3.7261e-17
7386.575 3.5193e-17
7388.100 3.2277e-17
7389.625 3.4039e-17
7391.150 3.8268e-17
7392.675 3.7725e-17
7394.200 3.4104e-17
7395.725 3.5728e-17
7397.250 3.8063e-17
7398.775 3.5392e-17
7400.300 3.4536e-17
7401.825 3.3802e-17
7403.350 3.2719e-17
7404.875 3.2357e-17
7406.400 3.2802e-17
7407.925 3.4371e-17
7409.450 3.4086e-17
7410.975 3.269e-17
7412.500 3.4647e-17
7414.025 3.4674e-17
7415.550 3.4988e-17
7417.075 3.4602e-17
7418.600 3.5094e-17
7420.125 3.4261e-17
7421.650 3.5532e-17
7423.175 3.5429e-17
7424.700 3.5117e-17
7426.225 3.4637e-17
7427.750 3.34e-17
7429.275 3.4861e-17
7430.800 3.4003e-17
7432.325 3.3155e-17
7433.850 3.5414e-17
7435.375 3.4377e-17
7436.900 3.3827e-17
7438.425 3.2947e-17
7439.950 3.3292e-17
7441.475 3.4318e-17
7443.000 3.2908e-17
7444.525 3.2782e-17
7446.050 3.5026e-17
7447.575 3.4291e-17
7449.100 3.1898e-17
7450.625 3.1826e-17
7452.150 3.4352e-17
7453.675 3.4923e-17
7455.200 3.3952e-17
7456.725 3.3832e-17
7458.250 3.382e-17
7459.775 3.4992e-17
7461.300 3.6569e-17
7462.825 3.4304e-17
7464.350 3.6353e-17
7465.875 3.766e-17
7467.400 3.657e-17
7468.925 3.6781e-17
7470.450 3.6151e-17
7471.975 3.7565e-17
7473.500 3.685e-17
7475.025 3.4983e-17
7476.550 3.5358e-17
7478.075 3.6531e-17
7479.600 3.5993e-17
7481.125 3.3838e-17
7482.650 3.3448e-17
7484.175 3.4703e-17
7485.700 3.5003e-17
7487.225 3.4965e-17
7488.750 3.3165e-17
7490.275 3.3519e-17
7491.800 3.6326e-17
7493.325 3.6008e-17
7494.850 3.3664e-17
7496.375 3.5023e-17
7497.900 3.6397e-17
7499.425 3.592e-17
7500.950 3.5471e-17
7502.475 3.5023e-17
7504.000 3.9028e-17
7505.525 4.6204e-17
7507.050 4.4129e-17
7508.575 3.7582e-17
7510.100 3.6477e-17
7511.625 3.7269e-17
7513.150 3.6707e-17
7514.675 3.3736e-17
7516.200 3.0804e-17
7517.725 3.2059e-17
7519.250 3.7147e-17
7520.775 4.0841e-17
7522.300 3.8048e-17
7523.825 3.6088e-17
7525.350 3.5848e-17
7526.875 3.4262e-17
7528.400 3.4772e-17
7529.925 3.5897e-17
7531.450 3.784e-17
7532.975 3.6594e-17
7534.500 3.5639e-17
7536.025 3.4102e-17
7537.550 3.2794e-17
7539.075 3.3265e-17
7540.600 3.4531e-17
7542.125 3.4561e-17
7543.650 3.3731e-17
7545.175 3.4104e-17
7546.700 3.591e-17
7548.225 3.6319e-17
7549.750 3.5732e-17
7551.275 3.4328e-17
7552.800 3.5275e-17
7554.325 3.5156e-17
7555.850 3.4927e-17
7557.375 3.8718e-17
7558.900 3.9326e-17
7560.425 3.8759e-17
7561.950 3.7612e-17
7563.475 3.9333e-17
7565.000 3.6129e-17
7566.525 3.5339e-17
7568.050 3.5974e-17
7569.575 3.6223e-17
7571.100 3.4269e-17
7572.625 3.4342e-17
7574.150 3.4626e-17
7575.675 3.6147e-17
7577.200 3.7469e-17
7578.725 3.6621e-17
7580.250 3.6128e-17
7581.775 3.7365e-17
7583.300 3.5327e-17
7584.825 3.4807e-17
7586.350 3.7022e-17
7587.875 3.6331e-17
7589.400 3.3715e-17
7590.925 3.5011e-17
7592.450 3.7363e-17
7593.975 4.3304e-17
7595.500 4.2116e-17
7597.025 3.9361e-17
7598.550 4.1526e-17
7600.075 3.6854e-17
7601.600 3.3428e-17
7603.125 3.7029e-17
7604.650 3.5298e-17
7606.175 4.1598e-17
7607.700 4.81e-17
7609.225 4.0659e-17
7610.750 3.5057e-17
7612.275 3.5548e-17
7613.800 3.5877e-17
7615.325 3.6073e-17
7616.850 3.8684e-17
7618.375 3.951e-17
7619.900 4.0217e-17
7621.425 4.1714e-17
7622.950 4.054e-17
7624.475 3.8151e-17
7626.000 3.9157e-17
7627.525 4.0764e-17
7629.050 3.9567e-17
7630.575 4.0706e-17
7632.100 4.1332e-17
7633.625 3.9044e-17
7635.150 3.994e-17
7636.675 4.2691e-17
7638.200 4.2288e-17
7639.725 3.7591e-17
7641.250 3.6566e-17
7642.775 3.7923e-17
7644.300 3.8786e-17
7645.825 4.0866e-17
7647.350 3.979e-17
7648.875 3.5405e-17
7650.400 3.7621e-17
7651.925 3.9284e-17
7653.450 3.593e-17
7654.975 3.6335e-17
7656.500 4.0157e-17
7658.025 4.3739e-17
7659.550 4.1297e-17
7661.075 3.7973e-17
7662.600 3.8399e-17
7664.125 3.9093e-17
7665.650 3.8864e-17
7667.175 3.756e-17
7668.700 3.6704e-17
7670.225 3.544e-17
7671.750 3.6067e-17
7673.275 3.873e-17
7674.800 3.9149e-17
7676.325 3.8444e-17
7677.850 3.8295e-17
7679.375 3.7334e-17
7680.900 3.8402e-17
7682.425 3.821e-17
7683.950 3.71e-17
7685.475 3.9898e-17
7687.000 3.994e-17
7688.525 4.1038e-17
7690.050 4.0609e-17
7691.575 3.9097e-17
7693.100 4.1083e-17
7694.625 4.1243e-17
7696.150 4.0421e-17
7697.675 4.0711e-17
7699.200 4.263e-17
7700.725 4.1508e-17
7702.250 3.8717e-17
7703.775 3.9166e-17
7705.300 4.0326e-17
7706.825 3.881e-17
7708.350 3.9765e-17
7709.875 4.2061e-17
7711.400 4.1703e-17
7712.925 4.3127e-17
7714.450 4.9045e-17
7715.975 4.3415e-17
7717.500 3.9475e-17
7719.025 3.7539e-17
7720.550 3.8951e-17
7722.075 3.9647e-17
7723.600 3.9443e-17
7725.125 4.2499e-17
7726.650 4.4368e-17
7728.175 4.074e-17
7729.700 3.9781e-17
7731.225 3.657e-17
7732.750 3.3145e-17
7734.275 3.8603e-17
7735.800 4.1107e-17
7737.325 3.9857e-17
7738.850 3.8981e-17
7740.375 3.7549e-17
7741.900 3.6106e-17
7743.425 3.3673e-17
7744.950 3.5159e-17
7746.475 4.0674e-17
7748.000 4.1799e-17
7749.525 3.7963e-17
7751.050 3.435e-17
7752.575 3.4172e-17
7754.100 3.7068e-17
7755.625 3.9775e-17
7757.150 3.9481e-17
7758.675 3.7214e-17
7760.200 3.7324e-17
7761.725 3.6023e-17
7763.250 3.4167e-17
7764.775 3.3689e-17
7766.300 3.4915e-17
7767.825 3.4896e-17
7769.350 3.6775e-17
7770.875 3.7614e-17
7772.400 3.7597e-17
7773.925 3.7611e-17
7775.450 3.6362e-17
7776.975 3.4563e-17
7778.500 3.6767e-17
7780.025 3.7123e-17
7781.550 3.3218e-17
7783.075 3.2625e-17
7784.600 3.4927e-17
7786.125 3.6564e-17
7787.650 3.797e-17
7789.175 3.69e-17
7790.700 3.2799e-17
7792.225 3.1775e-17
7793.750 3.4393e-17
7795.275 3.6505e-17
7796.800 3.7026e-17
7798.325 3.4372e-17
7799.850 3.2647e-17
7801.375 3.3757e-17
7802.900 3.5295e-17
7804.425 3.912e-17
7805.950 3.9253e-17
7807.475 3.4873e-17
7809.000 3.2873e-17
7810.525 3.2912e-17
7812.050 3.383e-17
7813.575 3.4885e-17
7815.100 3.7506e-17
7816.625 3.7191e-17
7818.150 3.2282e-17
7819.675 2.8657e-17
7821.200 3.0327e-17
7822.725 3.3285e-17
7824.250 3.2788e-17
7825.775 3.3243e-17
7827.300 3.4097e-17
7828.825 3.3679e-17
7830.350 3.1614e-17
7831.875 3.3732e-17
7833.400 3.3741e-17
7834.925 3.2222e-17
7836.450 3.4983e-17
7837.975 3.3879e-17
7839.500 3.5417e-17
7841.025 3.2629e-17
7842.550 3.1703e-17
7844.075 3.7904e-17
7845.600 3.7218e-17
7847.125 3.3526e-17
7848.650 3.7655e-17
7850.175 3.8958e-17
7851.700 3.5967e-17
7853.225 3.3879e-17
7854.750 3.2967e-17
7856.275 3.5183e-17
7857.800 3.3692e-17
7859.325 3.0149e-17
7860.850 3.1431e-17
7862.375 3.197e-17
7863.900 3.5587e-17
7865.425 3.4815e-17
7866.950 3.292e-17
7868.475 3.6528e-17
7870.000 3.6782e-17
7871.525 3.3358e-17
7873.050 3.1613e-17
7874.575 3.333e-17
7876.100 3.5528e-17
7877.625 3.275e-17
7879.150 3.1534e-17
7880.675 3.2714e-17
7882.200 3.2351e-17
7883.725 3.1296e-17
7885.250 3.1819e-17
7886.775 3.2213e-17
7888.300 3.4213e-17
7889.825 3.2949e-17
7891.350 3.2247e-17
7892.875 3.3382e-17
7894.400 3.3892e-17
7895.925 3.3624e-17
7897.450 3.2065e-17
7898.975 3.3462e-17
7900.500 3.2898e-17
7902.025 3.1994e-17
7903.550 3.1859e-17
7905.075 3.1759e-17
7906.600 3.0979e-17
7908.125 3.5216e-17
7909.650 3.7113e-17
7911.175 3.5026e-17
7912.700 3.252e-17
7914.225 2.9183e-17
7915.750 2.7998e-17
7917.275 2.564e-17
7918.800 2.9661e-17
7920.325 3.5182e-17
7921.850 3.3849e-17
7923.375 3.4363e-17
7924.900 3.5898e-17
7926.425 3.5474e-17
7927.950 3.3546e-17
7929.475 3.4339e-17
7931.000 3.536e-17
7932.525 3.4604e-17
7934.050 3.3288e-17
7935.575 3.0906e-17
7937.100 3.1002e-17
7938.625 3.1244e-17
7940.150 3.4535e-17
7941.675 3.5834e-17
7943.200 3.4571e-17
7944.725 3.5115e-17
7946.250 3.2019e-17
7947.775 2.9974e-17
7949.300 3.1752e-17
7950.825 3.3775e-17
7952.350 3.469e-17
7953.875 3.3327e-17
7955.400 3.3273e-17
7956.925 2.9773e-17
7958.450 2.878e-17
7959.975 3.1883e-17
7961.500 3.3997e-17
7963.025 3.2741e-17
7964.550 3.1006e-17
7966.075 2.8874e-17
7967.600 2.9692e-17
7969.125 3.1175e-17
7970.650 3.0622e-17
7972.175 2.8615e-17
7973.700 2.9145e-17
7975.225 2.8487e-17
7976.750 2.831e-17
7978.275 2.9573e-17
7979.800 2.8225e-17
7981.325 2.9346e-17
7982.850 2.8515e-17
7984.375 3.0197e-17
7985.900 2.9966e-17
7987.425 2.9821e-17
7988.950 3.2386e-17
7990.475 3.1872e-17
7992.000 2.8284e-17
7993.525 2.7824e-17
7995.050 2.783e-17
7996.575 2.8541e-17
7998.100 2.9629e-17
7999.625 2.9494e-17
8001.150 2.9873e-17
8002.675 2.9779e-17
8004.200 2.788e-17
8005.725 2.6278e-17
8007.250 2.8843e-17
8008.775 2.9458e-17
8010.300 2.6951e-17
8011.825 2.3419e-17
8013.350 2.4127e-17
8014.875 2.8848e-17
8016.400 3.0266e-17
8017.925 2.9984e-17
8019.450 2.8789e-17
8020.975 2.7037e-17
8022.500 2.4101e-17
8024.025 2.4124e-17
8025.550 2.9673e-17
8027.075 2.841e-17
8028.600 2.3347e-17
8030.125 2.4198e-17
8031.650 2.5576e-17
8033.175 2.6629e-17
8034.700 2.723e-17
8036.225 2.7833e-17
8037.750 2.7562e-17
8039.275 2.5984e-17
8040.800 2.729e-17
8042.325 2.8258e-17
8043.850 2.6422e-17
8045.375 2.6328e-17
8046.900 2.6857e-17
8048.425 2.7018e-17
8049.950 2.6784e-17
8051.475 2.5892e-17
8053.000 2.6024e-17
8054.525 2.6995e-17
8056.050 2.8044e-17
8057.575 2.7763e-17
8059.100 2.6484e-17
8060.625 2.3562e-17
8062.150 2.1846e-17
8063.675 2.3493e-17
8065.200 2.45e-17
8066.725 2.3602e-17
8068.250 2.2411e-17
8069.775 2.2873e-17
8071.300 2.3193e-17
8072.825 2.5208e-17
8074.350 2.6596e-17
8075.875 2.3043e-17
8077.400 2.2413e-17
8078.925 2.3575e-17
8080.450 2.2215e-17
8081.975 2.4771e-17
8083.500 2.5184e-17
8085.025 2.3876e-17
8086.550 2.2204e-17
8088.075 2.2663e-17
8089.600 2.5374e-17
8091.125 2.3839e-17
8092.650 2.1039e-17
8094.175 2.2465e-17
8095.700 2.4515e-17
8097.225 2.1821e-17
8098.750 2.0312e-17
8100.275 2.2206e-17
8101.800 2.4677e-17
8103.325 2.2118e-17
8104.850 2.3315e-17
8106.375 2.4174e-17
8107.900 2.2769e-17
8109.425 2.0109e-17
8110.950 1.9451e-17
8112.475 2.1763e-17
8114.000 2.3501e-17
8115.525 2.3263e-17
8117.050 2.3003e-17
8118.575 2.0842e-17
8120.100 1.9492e-17
8121.625 2.1416e-17
8123.150 2.2311e-17
8124.675 2.138e-17
8126.200 2.2597e-17
8127.725 2.5402e-17
8129.250 2.5637e-17
8130.775 2.3772e-17
8132.300 2.4542e-17
8133.825 2.2721e-17
8135.350 2.1725e-17
8136.875 2.4554e-17
8138.400 2.4688e-17
8139.925 2.2889e-17
8141.450 2.1888e-17
8142.975 2.2075e-17
8144.500 2.3916e-17
8146.025 2.4509e-17
8147.550 2.4244e-17
8149.075 2.2091e-17
8150.600 2.0944e-17
8152.125 2.2931e-17
8153.650 2.5408e-17
8155.175 2.5319e-17
8156.700 2.3608e-17
8158.225 2.4234e-17
8159.750 2.6551e-17
8161.275 2.5733e-17
8162.800 2.4371e-17
8164.325 2.4609e-17
8165.850 2.3844e-17
8167.375 2.3362e-17
8168.900 2.3715e-17
8170.425 2.2385e-17
8171.950 2.2516e-17
8173.475 2.5145e-17
8175.000 2.8029e-17
8176.525 2.896e-17
8178.050 2.5497e-17
8179.575 2.4551e-17
8181.100 2.4308e-17
8182.625 2.4904e-17
8184.150 2.6823e-17
8185.675 2.6079e-17
8187.200 2.4535e-17
8188.725 2.4441e-17
8190.250 2.5571e-17
8191.775 2.6286e-17
8193.300 2.6156e-17
8194.825 2.5983e-17
8196.350 2.669e-17
8197.875 2.5537e-17
8199.400 2.4386e-17
8200.925 2.4675e-17
8202.450 2.6426e-17
8203.975 2.5519e-17
8205.500 2.2611e-17
8207.025 2.3246e-17
8208.550 2.5578e-17
8210.075 2.4698e-17
8211.600 2.3574e-17
8213.125 2.2212e-17
8214.650 2.1128e-17
8216.175 2.1582e-17
8217.700 2.1404e-17
8219.225 1.9735e-17
8220.750 2.0416e-17
8222.275 2.1638e-17
8223.800 1.9538e-17
8225.325 1.8829e-17
8226.850 1.7939e-17
8228.375 1.8006e-17
8229.900 1.8051e-17
8231.425 1.8046e-17
8232.950 1.575e-17
8234.475 1.4904e-17
8236.000 1.7295e-17
8237.525 1.8631e-17
8239.050 2.0096e-17
8240.575 2.2537e-17
8242.100 2.6155e-17
8243.625 2.709e-17
8245.150 2.4798e-17
8246.675 2.5407e-17
8248.200 2.8485e-17
8249.725 3.0594e-17
8251.250 2.9276e-17
8252.775 2.8275e-17
8254.300 3.2177e-17
8255.825 3.4243e-17
8257.350 3.3063e-17
8258.875 3.5338e-17
8260.400 3.7283e-17
8261.925 3.5016e-17
8263.450 3.4939e-17
8264.975 3.6711e-17
8266.500 3.8638e-17
8268.025 3.9555e-17
8269.550 4.0589e-17
8271.075 3.9862e-17
8272.600 3.7428e-17
8274.125 3.7902e-17
8275.650 4.1427e-17
8277.175 4.1688e-17
8278.700 4.1152e-17
8280.225 4.1809e-17
8281.750 3.8682e-17
8283.275 3.6435e-17
8284.800 3.8308e-17
8286.325 3.8062e-17
8287.850 3.6754e-17
8289.375 3.7926e-17
8290.900 3.6543e-17
8292.425 3.5237e-17
8293.950 3.7492e-17
8295.475 3.7966e-17
8297.000 3.7604e-17
8298.525 3.6064e-17
8300.050 3.1554e-17
8301.575 3.3654e-17
8303.100 3.6236e-17
8304.625 3.5362e-17
8306.150 3.5661e-17
8307.675 3.2177e-17
8309.200 3.468e-17
8310.725 3.8158e-17
8312.250 3.619e-17
8313.775 3.4513e-17
8315.300 3.3927e-17
8316.825 3.5524e-17
8318.350 3.6415e-17
8319.875 3.4944e-17
8321.400 3.4178e-17
8322.925 3.4709e-17
8324.450 3.3686e-17
8325.975 3.3809e-17
8327.500 3.6598e-17
8329.025 3.6735e-17
8330.550 3.465e-17
8332.075 3.5151e-17
8333.600 3.8035e-17
8335.125 3.6618e-17
8336.650 3.4882e-17
8338.175 3.5115e-17
8339.700 3.9309e-17
8341.225 3.933e-17
8342.750 3.8157e-17
8344.275 3.8347e-17
8345.800 3.3167e-17
8347.325 3.5549e-17
8348.850 3.8534e-17
8350.375 3.4273e-17
8351.900 3.6171e-17
8353.425 3.7294e-17
8354.950 3.3976e-17
8356.475 3.2007e-17
8358.000 3.2229e-17
8359.525 3.334e-17
8361.050 3.2695e-17
8362.575 3.1564e-17
8364.100 3.364e-17
8365.625 3.4692e-17
8367.150 3.4635e-17
8368.675 3.357e-17
8370.200 3.4325e-17
8371.725 3.4901e-17
8373.250 3.5293e-17
8374.775 3.5177e-17
8376.300 3.923e-17
8377.825 4.1505e-17
8379.350 3.8118e-17
8380.875 3.8616e-17
8382.400 3.8745e-17
8383.925 3.6119e-17
8385.450 3.4725e-17
8386.975 3.6029e-17
8388.500 3.8081e-17
8390.025 3.5825e-17
8391.550 3.422e-17
8393.075 4.0484e-17
8394.600 4.3458e-17
8396.125 3.9793e-17
8397.650 3.7195e-17
8399.175 3.2978e-17
8400.700 3.1596e-17
8402.225 3.3994e-17
8403.750 3.4332e-17
8405.275 3.5938e-17
8406.800 3.7183e-17
8408.325 3.5898e-17
8409.850 3.5321e-17
8411.375 3.2697e-17
8412.900 3.1191e-17
8414.425 3.5141e-17
8415.950 3.5163e-17
8417.475 3.2028e-17
8419.000 3.3073e-17
8420.525 3.1985e-17
8422.050 2.7601e-17
8423.575 2.7079e-17
8425.100 3.2718e-17
8426.625 3.3852e-17
8428.150 2.7526e-17
8429.675 3.283e-17
8431.200 3.7827e-17
8432.725 3.3035e-17
8434.250 3.1841e-17
8435.775 3.4069e-17
8437.300 3.2925e-17
8438.825 3.1178e-17
8440.350 3.2351e-17
8441.875 3.3815e-17
8443.400 3.5284e-17
8444.925 3.4579e-17
8446.450 3.7442e-17
8447.975 3.8897e-17
8449.500 3.3915e-17
8451.025 3.4663e-17
8452.550 3.6026e-17
8454.075 3.3905e-17
8455.600 3.111e-17
8457.125 3.0981e-17
8458.650 3.3419e-17
8460.175 3.4941e-17
8461.700 3.5061e-17
8463.225 3.938e-17
8464.750 3.6762e-17
8466.275 3.1708e-17
8467.800 2.7525e-17
8469.325 3.0532e-17
8470.850 3.3953e-17
8472.375 3.4651e-17
8473.900 3.3661e-17
8475.425 3.321e-17
8476.950 3.1188e-17
8478.475 3.0345e-17
8480.000 3.0355e-17
8481.525 3.2015e-17
8483.050 3.3171e-17
8484.575 3.4363e-17
8486.100 3.5167e-17
8487.625 3.5976e-17
8489.150 3.2512e-17
8490.675 3.0155e-17
8492.200 3.2661e-17
8493.725 3.0972e-17
8495.250 3.0238e-17
8496.775 3.3499e-17
8498.300 3.3613e-17
8499.825 3.3116e-17
8501.350 3.105e-17
8502.875 2.9179e-17
8504.400 2.8776e-17
8505.925 2.5931e-17
8507.450 2.5956e-17
8508.975 2.9073e-17
8510.500 2.9319e-17
8512.025 2.7028e-17
8513.550 2.6614e-17
8515.075 2.9238e-17
8516.600 3.209e-17
8518.125 3.2402e-17
8519.650 2.9588e-17
8521.175 2.8074e-17
8522.700 2.8166e-17
8524.225 2.771e-17
8525.750 2.8448e-17
8527.275 2.8908e-17
8528.800 2.7489e-17
8530.325 2.8176e-17
8531.850 2.8899e-17
8533.375 2.8562e-17
8534.900 2.9663e-17
8536.425 2.8453e-17
8537.950 2.5539e-17
8539.475 2.5817e-17
8541.000 2.7901e-17
8542.525 2.9619e-17
8544.050 2.9645e-17
8545.575 2.6086e-17
8547.100 2.7968e-17
8548.625 3.0405e-17
8550.150 2.7501e-17
8551.675 2.372e-17
8553.200 2.3367e-17
8554.725 2.7018e-17
8556.250 2.7966e-17
8557.775 2.7371e-17
8559.300 2.8785e-17
8560.825 2.8045e-17
8562.350 2.6458e-17
8563.875 2.6949e-17
8565.400 2.9208e-17
8566.925 2.5978e-17
8568.450 2.5121e-17
8569.975 2.4656e-17
8571.500 2.4674e-17
8573.025 2.5222e-17
8574.550 2.6175e-17
8576.075 2.7661e-17
8577.600 2.6005e-17
8579.125 2.5269e-17
8580.650 2.584e-17
8582.175 2.8963e-17
8583.700 3.4039e-17
8585.225 2.8987e-17
8586.750 2.3809e-17
8588.275 2.4508e-17
8589.800 2.4265e-17
8591.325 2.3735e-17
8592.850 2.5969e-17
8594.375 2.9652e-17
8595.900 3.2085e-17
8597.425 2.9999e-17
8598.950 2.5852e-17
8600.475 2.7554e-17
8602.000 2.9529e-17
8603.525 2.6789e-17
8605.050 2.8323e-17
8606.575 2.8539e-17
8608.100 2.4598e-17
8609.625 2.4295e-17
8611.150 2.6322e-17
8612.675 2.7735e-17
8614.200 2.9634e-17
8615.725 2.9361e-17
8617.250 2.9787e-17
8618.775 2.9553e-17
8620.300 2.5125e-17
8621.825 2.6483e-17
8623.350 3.0467e-17
8624.875 2.5704e-17
8626.400 2.0948e-17
8627.925 2.4098e-17
8629.450 2.697e-17
8630.975 2.9836e-17
8632.500 3.0597e-17
8634.025 2.7632e-17
8635.550 2.5555e-17
8637.075 2.303e-17
8638.600 2.4757e-17
8640.125 2.615e-17
8641.650 2.9527e-17
8643.175 2.8649e-17
8644.700 2.7135e-17
8646.225 3.1537e-17
8647.750 3.3262e-17
8649.275 2.8642e-17
8650.800 2.6982e-17
8652.325 2.7652e-17
8653.850 2.6047e-17
8655.375 2.6469e-17
8656.900 2.9755e-17
8658.425 2.6557e-17
8659.950 3.0383e-17
8661.475 3.363e-17
8663.000 2.7229e-17
8664.525 3.0041e-17
8666.050 2.8501e-17
8667.575 2.9429e-17
8669.100 3.0213e-17
8670.625 2.6992e-17
8672.150 2.3672e-17
8673.675 2.7253e-17
8675.200 2.9966e-17
8676.725 2.72e-17
8678.250 2.968e-17
8679.775 2.8687e-17
8681.300 2.8774e-17
8682.825 2.6119e-17
8684.350 2.4967e-17
8685.875 2.7312e-17
8687.400 3.0893e-17
8688.925 3.4257e-17
8690.450 3.3898e-17
8691.975 3.0806e-17
8693.500 2.8668e-17
8695.025 2.8761e-17
8696.550 3.0536e-17
8698.075 3.2485e-17
8699.600 2.9952e-17
8701.125 2.8413e-17
8702.650 2.8798e-17
8704.175 2.9573e-17
8705.700 2.9362e-17
8707.225 2.8121e-17
8708.750 2.9556e-17
8710.275 3.0118e-17
8711.800 2.8223e-17
8713.325 2.6629e-17
8714.850 2.7622e-17
8716.375 2.9968e-17
8717.900 3.2575e-17
8719.425 3.156e-17
8720.950 3.0558e-17
8722.475 3.0586e-17
8724.000 2.7457e-17
8725.525 2.6277e-17
8727.050 2.9309e-17
8728.575 3.0029e-17
8730.100 2.79e-17
8731.625 2.7631e-17
8733.150 2.9209e-17
8734.675 3.2199e-17
8736.200 3.1626e-17
8737.725 2.9105e-17
8739.250 2.9878e-17
8740.775 3.224e-17
8742.300 3.3285e-17
8743.825 3.2713e-17
8745.350 3.0612e-17
8746.875 2.7358e-17
8748.400 2.8299e-17
8749.925 3.0152e-17
8751.450 3.0785e-17
8752.975 3.0961e-17
8754.500 3.2504e-17
8756.025 3.3349e-17
8757.550 3.0752e-17
8759.075 2.8954e-17
8760.600 2.7793e-17
8762.125 3.0965e-17
8763.650 3.5862e-17
8765.175 3.0093e-17
8766.700 2.9241e-17
8768.225 2.9017e-17
8769.750 2.3396e-17
8771.275 2.9284e-17
8772.800 3.0512e-17
8774.325 2.8179e-17
8775.850 2.798e-17
8777.375 2.6541e-17
8778.900 2.5234e-17
8780.425 2.7974e-17
8781.950 2.7283e-17
8783.475 2.746e-17
8785.000 3.0412e-17
8786.525 3.2284e-17
8788.050 3.312e-17
8789.575 3.0712e-17
8791.100 2.9841e-17
8792.625 2.9327e-17
8794.150 2.7753e-17
8795.675 2.7259e-17
8797.200 2.7827e-17
8798.725 2.9012e-17
8800.250 2.9251e-17
8801.775 3.0847e-17
8803.300 2.9979e-17
8804.825 2.8433e-17
8806.350 2.9504e-17
8807.875 3.0943e-17
8809.400 2.8859e-17
8810.925 2.6659e-17
8812.450 2.9204e-17
8813.975 3.2436e-17
8815.500 3.1476e-17
8817.025 2.9054e-17
8818.550 2.6021e-17
8820.075 2.6506e-17
8821.600 3.264e-17
8823.125 3.4626e-17
8824.650 3.7846e-17
8826.175 3.723e-17
8827.700 2.4652e-17
8829.225 1.8614e-17
8830.750 2.5654e-17
8832.275 3.0995e-17
8833.800 2.8629e-17
8835.325 2.7313e-17
8836.850 2.6598e-17
8838.375 2.3417e-17
8839.900 2.4301e-17
8841.425 2.6255e-17
8842.950 2.6756e-17
8844.475 2.8806e-17
8846.000 3.2382e-17
8847.525 3.4003e-17
8849.050 3.5515e-17
8850.575 3.5394e-17
8852.100 2.8863e-17
8853.625 2.6415e-17
8855.150 2.7881e-17
8856.675 2.9849e-17
8858.200 3.0938e-17
8859.725 2.813e-17
8861.250 2.9467e-17
8862.775 3.2e-17
8864.300 2.8378e-17
8865.825 2.8844e-17
8867.350 2.9828e-17
8868.875 2.7241e-17
8870.400 2.8724e-17
8871.925 2.9972e-17
8873.450 2.976e-17
8874.975 2.8409e-17
8876.500 3.1308e-17
8878.025 2.8398e-17
8879.550 2.409e-17
8881.075 2.6002e-17
8882.600 3.0653e-17
8884.125 3.5075e-17
8885.650 3.3386e-17
8887.175 2.4215e-17
8888.700 2.6883e-17
8890.225 3.046e-17
8891.750 3.2154e-17
8893.275 3.1762e-17
8894.800 2.8617e-17
8896.325 2.8418e-17
8897.850 3.1013e-17
8899.375 3.1178e-17
8900.900 2.8622e-17
8902.425 2.8198e-17
8903.950 2.8671e-17
8905.475 2.7596e-17
8907.000 3.0142e-17
8908.525 3.0833e-17
8910.050 3.1285e-17
8911.575 2.7371e-17
8913.100 2.7e-17
8914.625 3.9965e-17
8916.150 3.9009e-17
8917.675 2.5862e-17
8919.200 2.1296e-17
8920.725 2.1438e-17
8922.250 2.1282e-17
8923.775 2.7466e-17
8925.300 3.1157e-17
8926.825 2.9751e-17
8928.350 2.9366e-17
8929.875 2.9021e-17
8931.400 2.9451e-17
8932.925 3.0952e-17
8934.450 3.238e-17
8935.975 3.2599e-17
8937.500 3.2085e-17
8939.025 2.7912e-17
8940.550 2.4982e-17
8942.075 3.0341e-17
8943.600 2.9805e-17
8945.125 2.375e-17
8946.650 2.5598e-17
8948.175 2.9287e-17
8949.700 3.1054e-17
8951.225 3.1815e-17
8952.750 3.3746e-17
8954.275 3.8087e-17
8955.800 3.6569e-17
8957.325 3.0112e-17
8958.850 2.7968e-17
8960.375 2.7807e-17
8961.900 3.1226e-17
8963.425 3.222e-17
8964.950 3.1815e-17
8966.475 3.0134e-17
8968.000 3.2174e-17
8969.525 3.4836e-17
8971.050 3.125e-17
8972.575 3.0349e-17
8974.100 3.5984e-17
8975.625 3.7198e-17
8977.150 3.673e-17
8978.675 3.3503e-17
8980.200 3.3435e-17
8981.725 3.3764e-17
8983.250 3.5185e-17
8984.775 3.508e-17
8986.300 3.5981e-17
8987.825 3.5042e-17
8989.350 3.2961e-17
8990.875 3.1925e-17
8992.400 3.0579e-17
8993.925 3.145e-17
8995.450 3.5097e-17
8996.975 3.675e-17
8998.500 4.0757e-17
9000.025 3.8375e-17
9001.550 3.4752e-17
9003.075 3.0392e-17
9004.600 3.2618e-17
9006.125 3.1672e-17
9007.650 2.8275e-17
9009.175 2.8667e-17
9010.700 3.1951e-17
9012.225 2.9727e-17
9013.750 2.8645e-17
9015.275 3.0851e-17
9016.800 3.2008e-17
9018.325 3.2954e-17
9019.850 3.0938e-17
9021.375 2.9305e-17
9022.900 2.9373e-17
9024.425 3.003e-17
9025.950 3.0426e-17
9027.475 3.0408e-17
9029.000 2.9468e-17
9030.525 3.0101e-17
9032.050 3.2753e-17
9033.575 3.21e-17
9035.100 2.9735e-17
9036.625 3.113e-17
9038.150 3.2126e-17
9039.675 2.8544e-17
9041.200 2.7393e-17
9042.725 2.9052e-17
9044.250 3.1732e-17
9045.775 3.1232e-17
9047.300 2.7498e-17
9048.825 2.7034e-17
9050.350 2.7299e-17
9051.875 2.949e-17
9053.400 3.1045e-17
9054.925 2.7529e-17
9056.450 2.6549e-17
9057.975 2.855e-17
9059.500 3.0034e-17
9061.025 2.9807e-17
9062.550 2.6738e-17
9064.075 2.5667e-17
9065.600 2.6182e-17
9067.125 2.3974e-17
9068.650 2.6005e-17
9070.175 2.9616e-17
9071.700 2.7203e-17
9073.225 2.3468e-17
9074.750 2.2213e-17
9076.275 2.4051e-17
9077.800 2.8281e-17
9079.325 2.772e-17
9080.850 2.6191e-17
9082.375 2.725e-17
9083.900 2.98e-17
9085.425 2.9239e-17
9086.950 2.6738e-17
9088.475 2.7675e-17
9090.000 2.7677e-17
9091.525 2.4226e-17
9093.050 2.7024e-17
9094.575 2.8285e-17
9096.100 2.8406e-17
9097.625 2.6201e-17
9099.150 2.5098e-17
9100.675 2.5536e-17
9102.200 2.3441e-17
9103.725 2.3443e-17
9105.250 2.4978e-17
9106.775 2.7044e-17
9108.300 2.8052e-17
9109.825 2.7787e-17
9111.350 2.6457e-17
9112.875 2.6474e-17
9114.400 2.3066e-17
9115.925 2.2756e-17
9117.450 2.3441e-17
9118.975 2.5212e-17
9120.500 2.8153e-17
9122.025 2.6996e-17
9123.550 2.5237e-17
9125.075 2.5697e-17
9126.600 2.533e-17
9128.125 2.3437e-17
9129.650 2.3981e-17
9131.175 2.5549e-17
9132.700 2.3504e-17
9134.225 2.4764e-17
9135.750 2.6691e-17
9137.275 2.4292e-17
9138.800 2.5964e-17
9140.325 2.8899e-17
9141.850 2.8746e-17
9143.375 2.7004e-17
9144.900 2.5419e-17
9146.425 2.5102e-17
9147.950 2.3015e-17
9149.475 2.2239e-17
9151.000 2.4121e-17
9152.525 2.4254e-17
9154.050 2.6613e-17
9155.575 2.8719e-17
9157.100 2.7056e-17
9158.625 2.469e-17
9160.150 2.56e-17
9161.675 2.6449e-17
9163.200 2.3635e-17
9164.725 2.2723e-17
9166.250 2.3432e-17
9167.775 2.5507e-17
9169.300 2.501e-17
9170.825 2.4155e-17
9172.350 2.7398e-17
9173.875 2.6665e-17
9175.400 2.5044e-17
9176.925 2.5023e-17
9178.450 2.4226e-17
9179.975 2.5728e-17
9181.500 2.6214e-17
9183.025 2.2401e-17
9184.550 2.1908e-17
9186.075 2.4321e-17
9187.600 2.7333e-17
9189.125 2.736e-17
9190.650 2.4842e-17
9192.175 2.5322e-17
9193.700 2.6313e-17
9195.225 2.4731e-17
9196.750 2.4737e-17
9198.275 2.4986e-17
9199.800 2.6143e-17
9201.325 2.4504e-17
9202.850 2.1897e-17
9204.375 2.1642e-17
9205.900 2.0424e-17
9207.425 2.4305e-17
9208.950 2.653e-17
9210.475 2.4865e-17
9212.000 2.4949e-17
9213.525 2.4982e-17
9215.050 2.6767e-17
9216.575 2.8722e-17
9218.100 2.9621e-17
9219.625 2.7472e-17
9221.150 2.4611e-17
9222.675 2.2719e-17
9224.200 2.4199e-17
9225.725 2.3805e-17
9227.250 2.1045e-17
9228.775 2.4681e-17
9230.300 2.5807e-17
9231.825 2.6027e-17
9233.350 2.6119e-17
9234.875 2.5227e-17
9236.400 2.3665e-17
9237.925 2.5722e-17
9239.450 2.6921e-17
9240.975 2.5103e-17
9242.500 2.3634e-17
9244.025 2.507e-17
9245.550 2.506e-17
9247.075 2.1696e-17
9248.600 2.2131e-17
9250.125 2.4614e-17
9251.650 2.6494e-17
9253.175 2.5238e-17
9254.700 2.1896e-17
9256.225 2.2917e-17
9257.750 2.537e-17
9259.275 2.5544e-17
9260.800 2.5451e-17
9262.325 2.502e-17
9263.850 2.318e-17
9265.375 2.2805e-17
9266.900 2.5291e-17
9268.425 2.7033e-17
9269.950 2.5319e-17
9271.475 2.4693e-17
9273.000 2.6836e-17
9274.525 2.5686e-17
9276.050 2.4033e-17
9277.575 2.4611e-17
9279.100 2.5031e-17
9280.625 2.5083e-17
9282.150 2.4902e-17
9283.675 2.5576e-17
9285.200 2.5214e-17
9286.725 2.2216e-17
9288.250 2.1079e-17
9289.775 2.3062e-17
9291.300 2.4622e-17
9292.825 2.8103e-17
9294.350 2.7075e-17
9295.875 2.2537e-17
9297.400 2.0145e-17
9298.925 2.4546e-17
9300.450 3.1107e-17
9301.975 2.9977e-17
9303.500 2.4119e-17
9305.025 1.9647e-17
9306.550 2.4192e-17
9308.075 3.7943e-17
9309.600 3.2683e-17
9311.125 2.3181e-17
9312.650 2.8e-17
9314.175 2.2798e-17
9315.700 1.952e-17
9317.225 2.7536e-17
9318.750 3.0961e-17
9320.275 3.574e-17
9321.800 3.6199e-17
9323.325 3.4673e-17
9324.850 2.4164e-17
9326.375 2.4224e-17
9327.900 2.4451e-17
9329.425 2.432e-17
9330.950 3.1658e-17
9332.475 4.0084e-17
9334.000 3.4084e-17
9335.525 2.407e-17
9337.050 2.6068e-17
9338.575 2.2888e-17
9340.100 2.1899e-17
9341.625 3.1186e-17
9343.150 3.1872e-17
9344.675 3.0715e-17
9346.200 2.9489e-17
9347.725 2.6824e-17
9349.250 2.7763e-17
9350.775 3.2779e-17
9352.300 3.3382e-17
9353.825 2.5107e-17
9355.350 2.5198e-17
9356.875 3.121e-17
9358.400 2.7206e-17
9359.925 2.5179e-17
9361.450 2.9368e-17
9362.975 2.8961e-17
9364.500 2.1669e-17
9366.025 2.2005e-17
9367.550 2.2377e-17
9369.075 3.2205e-17
9370.600 4.9765e-17
9372.125 3.251e-17
9373.650 2.0328e-17
9375.175 2.6675e-17
9376.700 1.5181e-17
9378.225 1.1912e-17
9379.750 1.7636e-17
9381.275 2.278e-17
9382.800 2.5562e-17
9384.325 2.4e-17
9385.850 2.5152e-17
9387.375 2.5587e-17
9388.900 2.3239e-17
9390.425 2.4987e-17
9391.950 2.3498e-17
9393.475 1.9359e-17
9395.000 2.0944e-17
9396.525 2.4742e-17
9398.050 2.7989e-17
9399.575 2.7369e-17
9401.100 2.4223e-17
9402.625 2.0751e-17
9404.150 2.4151e-17
9405.675 2.5939e-17
9407.200 2.6597e-17
9408.725 2.64e-17
9410.250 1.9854e-17
9411.775 1.8851e-17
9413.300 2.0848e-17
9414.825 2.5205e-17
9416.350 2.8533e-17
9417.875 2.6542e-17
9419.400 2.0289e-17
9420.925 1.6538e-17
9422.450 1.8435e-17
9423.975 2.1647e-17
9425.500 2.9477e-17
9427.025 2.8586e-17
9428.550 2.4362e-17
9430.075 2.1274e-17
9431.600 1.8251e-17
9433.125 2.2714e-17
9434.650 3.2706e-17
9436.175 2.329e-17
9437.700 2.4389e-17
9439.225 1.9257e-17
9440.750 2.757e-18
9442.275 1.2909e-17
9443.800 2.0374e-17
9445.325 1.8338e-17
9446.850 1.9301e-17
9448.375 2.1083e-17
9449.900 2.2155e-17
9451.425 2.1378e-17
9452.950 1.8148e-17
9454.475 2.4025e-17
9456.000 3.2115e-17
9457.525 3.5977e-17
9459.050 2.5614e-17
9460.575 1.562e-17
9462.100 2.014e-17
9463.625 2.3815e-17
9465.150 2.2879e-17
9466.675 2.0878e-17
9468.200 1.7089e-17
9469.725 1.9823e-17
9471.250 2.6114e-17
9472.775 3.5977e-17
9474.300 4.7088e-17
9475.825 3.1144e-17
9477.350 3.7918e-18
9478.875 4.4792e-18
9480.400 1.9547e-17
9481.925 2.5439e-17
9483.450 2.4938e-17
9484.975 2.3158e-17
9486.500 2.3886e-17
9488.025 2.1957e-17
9489.550 1.9406e-17
9491.075 2.096e-17
9492.600 2.672e-17
9494.125 2.4684e-17
9495.650 2.6211e-17
9497.175 3.5495e-17
9498.700 3.2445e-17
9500.225 2.4693e-17
9501.750 2.5665e-17
9503.275 2.2081e-17
9504.800 2.3946e-17
9506.325 2.6928e-17
9507.850 2.3481e-17
9509.375 2.4896e-17
9510.900 2.7621e-17
9512.425 3.1745e-17
9513.950 3.8562e-17
9515.475 3.6147e-17
9517.000 1.8825e-17
9518.525 2.1881e-17
9520.050 1.7082e-17
9521.575 1.6542e-17
9523.100 2.3093e-17
9524.625 2.8324e-17
9526.150 2.7462e-17
9527.675 2.7693e-17
9529.200 2.6475e-17
9530.725 2.789e-17
9532.250 2.5733e-17
9533.775 2.7575e-17
9535.300 3.1634e-17
9536.825 3.026e-17
9538.350 2.7393e-17
9539.875 2.2892e-17
9541.400 2.3953e-17
9542.925 2.6084e-17
9544.450 2.3114e-17
9545.975 2.2522e-17
9547.500 2.7048e-17
9549.025 2.5726e-17
9550.550 2.7015e-17
9552.075 2.8603e-17
9553.600 1.6865e-17
9555.125 1.5522e-17
9556.650 2.1683e-17
9558.175 2.2093e-17
9559.700 2.3838e-17
9561.225 3.2935e-17
9562.750 4.3036e-17
9564.275 3.6299e-17
9565.800 1.7677e-17
9567.325 1.5158e-17
9568.850 2.3078e-17
9570.375 2.5727e-17
9571.900 2.7242e-17
9573.425 2.4736e-17
9574.950 2.174e-17
9576.475 2.3495e-17
9578.000 2.5365e-17
9579.525 2.524e-17
9581.050 2.3245e-17
9582.575 2.2721e-17
9584.100 2.2652e-17
9585.625 2.0737e-17
9587.150 2.1409e-17
9588.675 2.634e-17
9590.200 2.6795e-17
9591.725 2.4088e-17
9593.250 2.4344e-17
9594.775 2.48e-17
9596.300 2.5228e-17
9597.825 2.3501e-17
9599.350 2.3357e-17
9600.875 2.3455e-17
9602.400 2.3747e-17
9603.925 2.7001e-17
9605.450 3.0136e-17
9606.975 2.5041e-17
9608.500 2.0855e-17
9610.025 2.4313e-17
9611.550 2.739e-17
9613.075 2.575e-17
9614.600 2.3591e-17
9616.125 2.4776e-17
9617.650 2.2181e-17
9619.175 2.1578e-17
9620.700 2.4612e-17
9622.225 2.1806e-17
9623.750 2.1406e-17
9625.275 2.4966e-17
9626.800 2.1596e-17
9628.325 2.4117e-17
9629.850 2.5352e-17
9631.375 2.4168e-17
9632.900 2.5856e-17
9634.425 2.7283e-17
9635.950 2.6329e-17
9637.475 2.7239e-17
9639.000 2.6886e-17
9640.525 2.5508e-17
9642.050 2.4507e-17
9643.575 2.5913e-17
9645.100 2.5441e-17
9646.625 2.0873e-17
9648.150 2.1613e-17
9649.675 2.6239e-17
9651.200 2.5508e-17
9652.725 2.4901e-17
9654.250 2.7619e-17
9655.775 2.8979e-17
9657.300 2.9845e-17
9658.825 2.9843e-17
9660.350 2.6577e-17
9661.875 2.6038e-17
9663.400 3.0358e-17
9664.925 3.4017e-17
9666.450 3.3481e-17
9667.975 3.0748e-17
9669.500 2.8071e-17
9671.025 2.8061e-17
9672.550 3.1962e-17
9674.075 3.3783e-17
9675.600 3.3814e-17
9677.125 3.5376e-17
9678.650 3.7739e-17
9680.175 3.7556e-17
9681.700 3.407e-17
9683.225 2.5354e-17
9684.750 2.4174e-17
9686.275 3.3877e-17
9687.800 3.0546e-17
9689.325 2.2191e-17
9690.850 2.3283e-17
9692.375 2.7792e-17
9693.900 3.6438e-17
9695.425 3.7073e-17
9696.950 3.1309e-17
9698.475 2.8213e-17
9700.000 2.3032e-17
9701.525 2.2017e-17
9703.050 2.4198e-17
9704.575 2.667e-17
9706.100 2.5465e-17
9707.625 2.5463e-17
9709.150 2.7123e-17
9710.675 2.4947e-17
9712.200 2.5653e-17
9713.725 3.2558e-17
9715.250 3.337e-17
9716.775 2.87e-17
9718.300 2.5544e-17
9719.825 2.0263e-17
9721.350 2.2193e-17
9722.875 3.2844e-17
9724.400 3.0909e-17
9725.925 2.5512e-17
9727.450 2.5232e-17
9728.975 2.8466e-17
9730.500 2.721e-17
9732.025 2.0044e-17
9733.550 2.3003e-17
9735.075 2.7384e-17
9736.600 3.2273e-17
9738.125 3.5984e-17
9739.650 2.8005e-17
9741.175 2.5756e-17
9742.700 3.4203e-17
9744.225 3.5868e-17
9745.750 2.9127e-17
9747.275 2.8921e-17
9748.800 2.9821e-17
9750.325 2.6445e-17
9751.850 2.5503e-17
9753.375 2.9198e-17
9754.900 3.1847e-17
9756.425 3.0977e-17
9757.950 3.026e-17
9759.475 2.8571e-17
9761.000 2.7781e-17
9762.525 2.7782e-17
9764.050 3.1117e-17
9765.575 3.0628e-17
9767.100 3.0691e-17
9768.625 2.9265e-17
9770.150 2.7715e-17
9771.675 2.6592e-17
9773.200 2.8148e-17
9774.725 3.1883e-17
9776.250 3.5023e-17
9777.775 3.1073e-17
9779.300 2.8089e-17
9780.825 3.197e-17
9782.350 3.512e-17
9783.875 3.0468e-17
9785.400 3.8983e-17
9786.925 3.8e-17
9788.450 3.0229e-17
9789.975 3.8858e-17
9791.500 3.5826e-17
9793.025 2.2439e-17
9794.550 2.5982e-17
9796.075 3.7661e-17
9797.600 3.5895e-17
9799.125 2.9159e-17
9800.650 2.4694e-17
9802.175 2.7095e-17
9803.700 3.2237e-17
9805.225 2.6764e-17
9806.750 2.0484e-17
9808.275 2.2279e-17
9809.800 3.018e-17
9811.325 2.9263e-17
9812.850 2.6648e-17
9814.375 2.9214e-17
9815.900 2.37e-17
9817.425 1.664e-17
9818.950 1.9838e-17
9820.475 2.9816e-17
9822.000 3.2721e-17
9823.525 3.5667e-17
9825.050 3.5507e-17
9826.575 3.2047e-17
9828.100 3.0762e-17
9829.625 3.1215e-17
9831.150 3.0409e-17
9832.675 2.8811e-17
9834.200 2.7865e-17
9835.725 3.1529e-17
9837.250 3.232e-17
9838.775 2.8006e-17
9840.300 3.0885e-17
9841.825 3.4794e-17
9843.350 4.3545e-17
9844.875 4.0863e-17
9846.400 3.8628e-17
9847.925 3.48e-17
9849.450 2.7028e-17
9850.975 3.4725e-17
9852.500 3.9817e-17
9854.025 3.5287e-17
9855.550 3.4361e-17
9857.075 3.3135e-17
9858.600 3.0589e-17
9860.125 3.0998e-17
9861.650 3.6304e-17
9863.175 3.9559e-17
9864.700 2.9862e-17
9866.225 3.1637e-17
9867.750 3.5703e-17
9869.275 3.6918e-17
9870.800 3.5649e-17
9872.325 3.7322e-17
9873.850 2.5251e-17
9875.375 2.8162e-17
9876.900 3.6897e-17
9878.425 4.2753e-17
9879.950 4.2466e-17
9881.475 3.5732e-17
9883.000 3.1978e-17
9884.525 3.2839e-17
9886.050 3.4157e-17
9887.575 3.097e-17
9889.100 3.2926e-17
9890.625 3.4283e-17
9892.150 3.3215e-17
9893.675 3.1409e-17
9895.200 3.4643e-17
9896.725 3.3963e-17
9898.250 2.4279e-17
9899.775 2.5988e-17
9901.300 3.4865e-17
9902.825 3.6182e-17
9904.350 3.2297e-17
9905.875 3.1488e-17
9907.400 3.2653e-17
9908.925 3.9282e-17
9910.450 5.0243e-17
9911.975 5.1068e-17
9913.500 3.6754e-17
9915.025 2.1735e-17
9916.550 2.0189e-17
9918.075 2.5141e-17
9919.600 2.6514e-17
9921.125 3.0807e-17
9922.650 3.3585e-17
9924.175 2.8595e-17
9925.700 3.0951e-17
9927.225 3.6494e-17
9928.750 4.1009e-17
9930.275 3.7521e-17
9931.800 2.8546e-17
9933.325 3.0215e-17
9934.850 4.064e-17
9936.375 4.3669e-17
9937.900 2.808e-17
9939.425 2.0913e-17
9940.950 3.2572e-17
9942.475 3.4943e-17
9944.000 2.3023e-17
9945.525 2.5783e-17
9947.050 2.7277e-17
9948.575 1.3621e-17
9950.100 2.2559e-17
9951.625 2.6644e-17
9953.150 3.2121e-17
9954.675 3.7525e-17
9956.200 4.7561e-17
9957.725 4.5164e-17
9959.250 2.3481e-17
9960.775 1.4993e-17
9962.300 1.7049e-17
9963.825 1.6778e-17
9965.350 2.3357e-17
9966.875 2.6665e-17
9968.400 3.3617e-17
9969.925 3.9102e-17
9971.450 3.5813e-17
9972.975 2.6054e-17
9974.500 1.5829e-17
9976.025 1.9537e-17
9977.550 2.8875e-17
9979.075 2.4996e-17
9980.600 2.442e-17
9982.125 2.8861e-17
9983.650 2.6412e-17
9985.175 2.7055e-17
9986.700 3.4278e-17
9988.225 2.9367e-17
9989.750 2.9066e-17
9991.275 2.6583e-17
9992.800 2.649e-17
9994.325 2.4497e-17
9995.850 1.8983e-17
9997.375 2.5981e-17
9998.900 3.1298e-17
10000.425 2.7337e-17
10001.950 2.469e-17
10003.475 1.8141e-17
10005.000 1.3759e-17
10006.525 1.9062e-17
10008.050 3.591e-17
10009.575 3.5617e-17
10011.100 3.094e-17
10012.625 2.9413e-17
10014.150 1.7937e-17
10015.675 1.5254e-17
10017.200 2.3262e-17
10018.725 2.8131e-17
10020.250 3.5259e-17
10021.775 3.6978e-17
10023.300 3.3068e-17
10024.825 3.8607e-17
10026.350 3.4283e-17
10027.875 2.2863e-17
10029.400 2.5994e-17
10030.925 2.9711e-17
10032.450 2.8436e-17
10033.975 2.5808e-17
10035.500 2.0674e-17
10037.025 1.7191e-17
10038.550 1.945e-17
10040.075 1.8246e-17
10041.600 2.216e-17
10043.125 2.281e-17
10044.650 1.3022e-17
10046.175 1.9209e-17
10047.700 2.7568e-17
10049.225 2.8635e-17
10050.750 2.6932e-17
10052.275 2.6857e-17
10053.800 3.1775e-17
10055.325 3.0532e-17
10056.850 2.5999e-17
10058.375 2.6832e-17
10059.900 2.4079e-17
10061.425 2.4228e-17
10062.950 2.6954e-17
10064.475 2.629e-17
10066.000 2.9106e-17
10067.525 2.5756e-17
10069.050 2.2953e-17
10070.575 2.2563e-17
10072.100 2.274e-17
10073.625 1.4519e-17
10075.150 1.4191e-17
10076.675 1.4971e-17
10078.200 2.2704e-17
10079.725 2.5727e-17
10081.250 3.1586e-17
10082.775 3.5619e-17
10084.300 2.0075e-17
10085.825 1.2325e-17
10087.350 1.7863e-17
10088.875 2.3335e-17
10090.400 2.7709e-17
10091.925 2.5223e-17
10093.450 2.0324e-17
10094.975 2.1233e-17
10096.500 1.7315e-17
10098.025 2.6816e-17
10099.550 1.4272e-17
10101.075 2.0626e-17
10102.600 4.3843e-17
10104.125 3.7234e-17
10105.650 2.1664e-17
10107.175 2.3157e-17
10108.700 2.3817e-17
10110.225 2.994e-17
10111.750 3.0094e-17
10113.275 1.9976e-17
10114.800 1.8725e-17
10116.325 1.5397e-17
10117.850 2.0235e-17
10119.375 3.4227e-17
10120.900 3.9505e-17
10122.425 1.8529e-17
10123.950 6.9369e-19
10125.475 1.038e-17
10127.000 2.3157e-17
10128.525 2.4055e-17
10130.050 1.847e-17
10131.575 2.235e-17
10133.100 2.8682e-17
10134.625 2.981e-17
10136.150 2.2976e-17
10137.675 1.1188e-17
10139.200 1.8913e-17
10140.725 2.9525e-17
10142.250 2.1654e-17
10143.775 1.8326e-17
10145.300 2.6922e-17
10146.825 3.7371e-17
10148.350 4.0194e-17
10149.875 1.6885e-17
10151.400 1.8854e-18
10152.925 2.4493e-17
10154.450 3.8739e-17
10155.975 2.95e-17
10157.500 2.5772e-17
10159.025 2.5452e-17
10160.550 2.2025e-17
10162.075 2.2848e-17
10163.600 2.6443e-17
10165.125 3.2774e-17
10166.650 3.5018e-17
10168.175 2.3781e-17
10169.700 4.2803e-18
10171.225 -2.3479e-18
10172.750 1.2648e-17
10174.275 2.4242e-17
10175.800 3.3371e-17
10177.325 2.7064e-17
10178.850 2.4228e-17
10180.375 2.2606e-17
10181.900 1.8162e-17
10183.425 2.7512e-17
10184.950 4.2704e-17
10186.475 3.4676e-17
10188.000 1.6503e-17
10189.525 -3.947e-18
10191.050 -1.0636e-17
10192.575 -1.5811e-18
10194.100 1.9898e-17
10195.625 2.3224e-17
10197.150 2.088e-18
10198.675 1.5189e-17
10200.200 2.2979e-17
10201.725 1.6829e-17
10203.250 1.999e-17
10204.775 2.5835e-17
10206.300 3.019e-17
10207.825 3.4996e-17
10209.350 8.2605e-18
10210.875 9.0719e-18
10212.400 2.4324e-17
10213.925 3.0688e-17
10215.450 2.8761e-17
10216.975 2.6283e-17
10218.500 5.0966e-18
10220.025 1.9237e-17
10221.550 5.2643e-17
10223.075 5.3946e-17
10224.600 3.4139e-17
10226.125 1.6016e-17
10227.650 1.6228e-17
10229.175 2.3858e-17
10230.700 1.1865e-17
10232.225 1.9884e-17
10233.750 2.5404e-17
10235.275 2.4295e-17
10236.800 2.2922e-17
10238.325 1.8263e-17
10239.850 2.7002e-17
10241.375 3.6575e-17
10242.900 3.1793e-17
10244.425 2.4557e-17
10245.950 2.4126e-17
10247.475 2.4844e-17
10249.000 3.5e-17
10250.525 3.288e-17
10252.050 2.377e-17
10253.575 2.7853e-17
10255.100 2.7796e-17
10256.625 2.3981e-17
10258.150 1.6519e-17
10259.675 1.1228e-17
10261.200 9.5164e-18
10262.725 6.2695e-18
10264.250 3.2791e-18
10265.775 7.3442e-18
10267.300 2.9364e-17
10268.825 4.4763e-17
10270.350 3.1098e-17
10271.875 2.0449e-17
10273.400 2.6693e-17
10274.925 1.9519e-17
10276.450 4.2911e-18
10277.975 -2.1275e-18
10279.500 7.2309e-18
10281.025 5.4751e-17
10282.550 7.8308e-17
10284.075 2.928e-17
10285.600 -3.4285e-17
10287.125 -8.1404e-17
10288.650 -3.1791e-17
10290.175 2.0604e-17
10291.700 1.8112e-17
10293.225 3.2562e-17
10294.750 4.6901e-17
10296.275 1.7433e-17
10297.800 -5.9865e-19
10299.325 -3.0372e-18
10300.850 -7.5317e-18
10302.375 1.8623e-17
10303.900 3.4134e-17
10305.425 2.0443e-17
10306.950 2.8231e-17
10308.475 2.9459e-17
10310.000 1.4682e-17
10311.525 1.1935e-17
10313.050 4.0972e-17
10314.575 3.2368e-17
10316.100 1.7792e-17
10317.625 4.1887e-17
10319.150 3.3769e-17
10320.675 1.051e-17
10322.200 9.3192e-18
10323.725 1.3284e-17
10325.250 2.3839e-17
10326.775 2.8697e-17
10328.300 1.0321e-17
10329.825 1.3234e-17
10331.350 3.7529e-17
10332.875 4.2823e-17
10334.400 3.2934e-17
10335.925 3.0011e-17
10337.450 2.7769e-17
10338.975 1.8812e-18
10340.500 -1.0621e-17
10342.025 6.7126e-18
10343.550 2.7917e-17
10345.075 2.6782e-17
10346.600 2.1737e-17
10348.125 -1.0113e-17
10349.650 -4.5889e-18
10351.175 2.0391e-17
10352.700 1.4773e-17
10354.225 9.974e-19
10355.750 3.1113e-17
10357.275 4.0257e-17
10358.800 7.5838e-18
10360.325 -2.8461e-17
10361.850 -4.4231e-18
10363.375 3.5638e-17
10364.900 3.0545e-17
10366.425 1.978e-17
10367.950 2.4566e-17
10369.475 1.2196e-17
10371.000 1.4255e-18
10372.525 2.7805e-17
10374.050 2.8064e-17
10375.575 1.644e-17
10377.100 2.6122e-17
10378.625 -2.4209e-18
10380.150 -1.6128e-17
10381.675 1.2421e-17
10383.200 3.8612e-17
10384.725 3.2113e-17
10386.250 1.3277e-17
10387.775 1.7734e-17
10389.300 2.6419e-17
10390.825 2.8062e-17
10392.350 3.6607e-17
10393.875 3.605e-17
10395.400 3.9876e-18
10396.925 -1.2338e-17
10398.450 -7.5985e-18
10399.975 -1.1538e-17
10401.500 -2.4998e-18
10403.025 7.6009e-18
10404.550 -3.663e-18
10406.075 -1.0771e-17
10407.600 1.1334e-17
10409.125 1.4491e-17
10410.650 4.2798e-18
10412.175 1.4809e-17
10413.700 1.8183e-17
10415.225 1.6185e-17
10416.750 2.8556e-17
10418.275 3.348e-17
10419.800 1.4015e-17
10421.325 3.2874e-17
10422.850 4.6793e-17
10424.375 -1.3339e-17
10425.900 -1.8764e-17
10427.425 1.1659e-17
10428.950 1.8743e-17
10430.475 2.8073e-17
10432.000 3.9026e-17
10433.525 1.0095e-17
10435.050 4.3348e-18
10436.575 2.6195e-17
10438.100 1.1637e-17
10439.625 -1.0379e-17
10441.150 4.8e-18
10442.675 4.97e-17
10444.200 3.7787e-17
10445.725 1.6154e-17
10447.250 3.4129e-17
10448.775 1.2542e-17
10450.300 5.4857e-18
10451.825 1.5793e-17
10453.350 -8.1504e-18
10454.875 1.1223e-17
10456.400 4.8403e-17
10457.925 1.9487e-17
10459.450 1.6545e-17
10460.975 1.133e-18
10462.500 -6.2285e-18
10464.025 9.1185e-18
10465.550 1.4478e-19
10467.075 -2.0304e-18
10468.600 1.6391e-17
10470.125 3.8891e-17
10471.650 3.1588e-17
10473.175 -1.3489e-17
10474.700 -6.7257e-19
10476.225 1.8801e-17
10477.750 4.2535e-18
10479.275 -2.1249e-17
10480.800 4.2723e-18
10482.325 2.0127e-17
10483.850 2.838e-18
10485.375 1.1478e-17
10486.900 2.0803e-17
10488.425 1.3683e-17
10489.950 7.2662e-18
10491.475 4.794e-19
10493.000 -8.8128e-18
10494.525 5.4393e-18
10496.050 2.2584e-17
10497.575 1.6319e-17
10499.100 6.0474e-18
10500.625 -4.3015e-18
