3500.0 3.92567e-15
3502.1855607 3.86448e-15
3504.37112141 3.59423e-15
3506.55668211 3.64213e-15
3508.74224281 3.70098e-15
3510.92780352 3.64322e-15
3513.11336422 3.71897e-15
3515.29892492 3.6774e-15
3517.48448563 3.63172e-15
3519.67004633 3.69017e-15
3521.85560703 3.67282e-15
3524.04116774 3.58826e-15
3526.22672844 3.56536e-15
3528.41228914 3.7657e-15
3530.59784985 3.71975e-15
3532.78341055 3.61759e-15
3534.96897125 3.55058e-15
3537.15453196 3.68249e-15
3539.34009266 3.74976e-15
3541.52565336 3.71621e-15
3543.71121407 3.6492e-15
3545.89677477 3.46171e-15
3548.08233547 3.48389e-15
3550.26789618 3.67708e-15
3552.45345688 3.64615e-15
3554.63901758 3.4313e-15
3556.82457829 3.54657e-15
3559.01013899 3.60437e-15
3561.19569969 3.5411e-15
3563.3812604 3.54286e-15
3565.5668211 3.6132e-15
3567.7523818 3.64633e-15
3569.9379425 3.7892e-15
3572.12350321 3.72519e-15
3574.30906391 3.6679e-15
3576.49462461 3.64004e-15
3578.68018532 3.77301e-15
3580.86574602 3.85361e-15
3583.05130672 3.9659e-15
3585.23686743 3.95865e-15
3587.42242813 3.85518e-15
3589.60798883 3.89062e-15
3591.79354954 4.02793e-15
3593.97911024 4.05381e-15
3596.16467094 4.03608e-15
3598.35023165 3.80139e-15
3600.53579235 3.84112e-15
3602.72135305 3.81711e-15
3604.90691376 3.76277e-15
3607.09247446 3.78849e-15
3609.27803516 3.93376e-15
3611.46359587 4.02009e-15
3613.64915657 3.93392e-15
3615.83471727 3.88097e-15
3618.02027798 3.95944e-15
3620.20583868 3.87585e-15
3622.39139938 3.88913e-15
3624.57696009 3.87391e-15
3626.76252079 3.85696e-15
3628.94808149 3.9273e-15
3631.1336422 3.90479e-15
3633.3192029 3.8464e-15
3635.5047636 3.74535e-15
3637.69032431 3.85445e-15
3639.87588501 3.94882e-15
3642.06144571 3.87193e-15
3644.24700642 3.79824e-15
3646.43256712 3.80498e-15
3648.61812782 3.83848e-15
3650.80368853 3.90118e-15
3652.98924923 3.8912e-15
3655.17480993 3.78328e-15
3657.36037064 3.86699e-15
3659.54593134 3.80101e-15
3661.73149204 3.77057e-15
3663.91705275 3.87267e-15
3666.10261345 3.88926e-15
3668.28817415 3.79494e-15
3670.47373486 3.71793e-15
3672.65929556 3.6798e-15
3674.84485626 3.62714e-15
3677.03041697 3.7469e-15
3679.21597767 3.78488e-15
3681.40153837 3.81775e-15
3683.58709908 3.95658e-15
3685.77265978 3.86277e-15
3687.95822048 3.87814e-15
3690.14378119 3.81702e-15
3692.32934189 3.75573e-15
3694.51490259 3.67496e-15
3696.70046329 3.62589e-15
3698.886024 3.66183e-15
3701.0715847 3.61268e-15
3703.2571454 3.7337e-15
3705.44270611 3.61041e-15
3707.62826681 3.48663e-15
3709.81382751 3.45755e-15
3711.99938822 3.55271e-15
3714.18494892 3.63339e-15
3716.37050962 3.53907e-15
3718.55607033 3.4827e-15
3720.74163103 3.5341e-15
3722.92719173 3.56363e-15
3725.11275244 3.52859e-15
3727.29831314 3.40242e-15
3729.48387384 3.42267e-15
3731.66943455 3.47224e-15
3733.85499525 3.44635e-15
3736.04055595 3.34e-15
3738.22611666 3.30698e-15
3740.41167736 3.41988e-15
3742.59723806 3.43846e-15
3744.78279877 3.32774e-15
3746.96835947 3.35687e-15
3749.15392017 3.36716e-15
3751.33948088 3.42134e-15
3753.52504158 3.33882e-15
3755.71060228 3.3461e-15
3757.89616299 3.33646e-15
3760.08172369 3.38495e-15
3762.26728439 3.35078e-15
3764.4528451 3.40486e-15
3766.6384058 3.27293e-15
3768.8239665 3.28908e-15
3771.00952721 3.35347e-15
3773.19508791 3.26904e-15
3775.38064861 3.25974e-15
3777.56620932 3.28479e-15
3779.75177002 3.28078e-15
3781.93733072 3.23183e-15
3784.12289143 3.06079e-15
3786.30845213 3.07637e-15
3788.49401283 3.13798e-15
3790.67957354 3.08449e-15
3792.86513424 2.92649e-15
3795.05069494 3.05404e-15
3797.23625565 3.09709e-15
3799.42181635 3.01029e-15
3801.60737705 2.96101e-15
3803.79293776 2.96682e-15
3805.97849846 2.94791e-15
3808.16405916 2.99527e-15
3810.34961987 2.94873e-15
3812.53518057 2.93563e-15
3814.72074127 3.0576e-15
3816.90630198 3.04057e-15
3819.09186268 3.0092e-15
3821.27742338 2.93981e-15
3823.46298409 2.96639e-15
3825.64854479 3.09155e-15
3827.83410549 3.0788e-15
3830.01966619 2.9426e-15
3832.2052269 2.92981e-15
3834.3907876 3.00959e-15
3836.5763483 3.00522e-15
3838.76190901 2.95245e-15
3840.94746971 2.91069e-15
3843.13303041 2.91192e-15
3845.31859112 2.86807e-15
3847.50415182 2.8786e-15
3849.68971252 2.86722e-15
3851.87527323 2.94297e-15
3854.06083393 2.90648e-15
3856.24639463 2.90612e-15
3858.43195534 3.04952e-15
3860.61751604 3.18918e-15
3862.80307674 3.1651e-15
3864.98863745 3.01639e-15
3867.17419815 2.85484e-15
3869.35975885 2.68624e-15
3871.54531956 2.70889e-15
3873.73088026 2.6889e-15
3875.91644096 2.70776e-15
3878.10200167 2.73107e-15
3880.28756237 2.74591e-15
3882.47312307 2.72914e-15
3884.65868378 2.68181e-15
3886.84424448 2.66293e-15
3889.02980518 2.65501e-15
3891.21536589 2.68374e-15
3893.40092659 2.69078e-15
3895.58648729 2.73405e-15
3897.772048 2.76276e-15
3899.9576087 2.8483e-15
3902.1431694 2.89956e-15
3904.32873011 2.82839e-15
3906.51429081 2.63901e-15
3908.69985151 2.75265e-15
3910.88541222 2.83302e-15
3913.07097292 2.80349e-15
3915.25653362 2.83912e-15
3917.44209433 2.88281e-15
3919.62765503 2.80604e-15
3921.81321573 2.71044e-15
3923.99877644 2.76094e-15
3926.18433714 2.82322e-15
3928.36989784 2.81423e-15
3930.55545855 2.8241e-15
3932.74101925 2.88357e-15
3934.92657995 2.92014e-15
3937.11214066 2.85296e-15
3939.29770136 2.88344e-15
3941.48326206 2.89537e-15
3943.66882277 2.86473e-15
3945.85438347 2.83147e-15
3948.03994417 2.84853e-15
3950.22550488 2.89507e-15
3952.41106558 2.88499e-15
3954.59662628 2.88031e-15
3956.78218699 2.882e-15
3958.96774769 2.90936e-15
3961.15330839 2.95994e-15
3963.33886909 2.9275e-15
3965.5244298 2.92218e-15
3967.7099905 2.87532e-15
3969.8955512 2.88919e-15
3972.08111191 2.95923e-15
3974.26667261 2.89206e-15
3976.45223331 2.87125e-15
3978.63779402 2.93357e-15
3980.82335472 2.86967e-15
3983.00891542 2.8565e-15
3985.19447613 2.92737e-15
3987.38003683 2.90524e-15
3989.56559753 2.95646e-15
3991.75115824 2.99022e-15
3993.93671894 2.96087e-15
3996.12227964 2.90901e-15
3998.30784035 2.86381e-15
4000.49340105 2.87104e-15
4002.67896175 2.85681e-15
4004.86452246 2.86575e-15
4007.05008316 2.85426e-15
4009.23564386 2.81908e-15
4011.42120457 2.77293e-15
4013.60676527 2.72223e-15
4015.79232597 2.74497e-15
4017.97788668 2.70664e-15
4020.16344738 2.61562e-15
4022.34900808 2.58876e-15
4024.53456879 2.69252e-15
4026.72012949 2.6773e-15
4028.90569019 2.62163e-15
4031.0912509 2.61897e-15
4033.2768116 2.60424e-15
4035.4623723 2.63412e-15
4037.64793301 2.57127e-15
4039.83349371 2.46325e-15
4042.01905441 2.52857e-15
4044.20461512 2.57723e-15
4046.39017582 2.52389e-15
4048.57573652 2.50228e-15
4050.76129723 2.41425e-15
4052.94685793 2.36751e-15
4055.13241863 2.45218e-15
4057.31797934 2.43534e-15
4059.50354004 2.38661e-15
4061.68910074 2.51346e-15
4063.87466145 2.50458e-15
4066.06022215 2.39864e-15
4068.24578285 2.40827e-15
4070.43134356 2.39455e-15
4072.61690426 2.31531e-15
4074.80246496 2.34266e-15
4076.98802567 2.30703e-15
4079.17358637 2.31579e-15
4081.35914707 2.33485e-15
4083.54470778 2.3543e-15
4085.73026848 2.40247e-15
4087.91582918 2.38327e-15
4090.10138988 2.34527e-15
4092.28695059 2.33268e-15
4094.47251129 2.31681e-15
4096.65807199 2.28745e-15
4098.8436327 2.2921e-15
4101.0291934 2.36741e-15
4103.2147541 2.42855e-15
4105.40031481 2.3778e-15
4107.58587551 2.38453e-15
4109.77143621 2.35224e-15
4111.95699692 2.38601e-15
4114.14255762 2.30319e-15
4116.32811832 2.3228e-15
4118.51367903 2.30883e-15
4120.69923973 2.3011e-15
4122.88480043 2.32958e-15
4125.07036114 2.26641e-15
4127.25592184 2.28158e-15
4129.44148254 2.2388e-15
4131.62704325 2.17549e-15
4133.81260395 2.24733e-15
4135.99816465 2.22338e-15
4138.18372536 2.17298e-15
4140.36928606 2.23905e-15
4142.55484676 2.24402e-15
4144.74040747 2.25032e-15
4146.92596817 2.32947e-15
4149.11152887 2.33073e-15
4151.29708958 2.24794e-15
4153.48265028 2.21564e-15
4155.66821098 2.18751e-15
4157.85377169 2.14896e-15
4160.03933239 2.1438e-15
4162.22489309 2.24716e-15
4164.4104538 2.28142e-15
4166.5960145 2.31022e-15
4168.7815752 2.28933e-15
4170.96713591 2.24202e-15
4173.15269661 2.27551e-15
4175.33825731 2.30682e-15
4177.52381802 2.30794e-15
4179.70937872 2.32419e-15
4181.89493942 2.34736e-15
4184.08050013 2.28326e-15
4186.26606083 2.31972e-15
4188.45162153 2.32927e-15
4190.63718224 2.32096e-15
4192.82274294 2.39086e-15
4195.00830364 2.48965e-15
4197.19386435 2.46881e-15
4199.37942505 2.42652e-15
4201.56498575 2.39802e-15
4203.75054646 2.3974e-15
4205.93610716 2.45605e-15
4208.12166786 2.4545e-15
4210.30722857 2.47683e-15
4212.49278927 2.38293e-15
4214.67834997 2.36963e-15
4216.86391068 2.49996e-15
4219.04947138 2.47951e-15
4221.23503208 2.55252e-15
4223.42059278 2.47002e-15
4225.60615349 2.43136e-15
4227.79171419 2.49491e-15
4229.97727489 2.47542e-15
4232.1628356 2.48316e-15
4234.3483963 2.54227e-15
4236.533957 2.5568e-15
4238.71951771 2.47724e-15
4240.90507841 2.48397e-15
4243.09063911 2.48823e-15
4245.27619982 2.55571e-15
4247.46176052 2.62045e-15
4249.64732122 2.61155e-15
4251.83288193 2.51028e-15
4254.01844263 2.48417e-15
4256.20400333 2.49722e-15
4258.38956404 2.51291e-15
4260.57512474 2.52879e-15
4262.76068544 2.5041e-15
4264.94624615 2.51794e-15
4267.13180685 2.54043e-15
4269.31736755 2.46887e-15
4271.50292826 2.47678e-15
4273.68848896 2.45878e-15
4275.87404966 2.48164e-15
4278.05961037 2.51663e-15
4280.24517107 2.48468e-15
4282.43073177 2.50087e-15
4284.61629248 2.48634e-15
4286.80185318 2.42797e-15
4288.98741388 2.45201e-15
4291.17297459 2.51667e-15
4293.35853529 2.50169e-15
4295.54409599 2.47561e-15
4297.7296567 2.47603e-15
4299.9152174 2.44921e-15
4302.1007781 2.40428e-15
4304.28633881 2.41149e-15
4306.47189951 2.37289e-15
4308.65746021 2.36452e-15
4310.84302092 2.41526e-15
4313.02858162 2.45291e-15
4315.21414232 2.37191e-15
4317.39970303 2.3539e-15
4319.58526373 2.40751e-15
4321.77082443 2.35461e-15
4323.95638514 2.33348e-15
4326.14194584 2.36628e-15
4328.32750654 2.34176e-15
4330.51306725 2.29315e-15
4332.69862795 2.28843e-15
4334.88418865 2.26306e-15
4337.06974936 2.21046e-15
4339.25531006 2.21382e-15
4341.44087076 2.24603e-15
4343.62643147 2.19221e-15
4345.81199217 2.13845e-15
4347.99755287 2.12942e-15
4350.18311357 2.11666e-15
4352.36867428 2.12742e-15
4354.55423498 2.16967e-15
4356.73979568 2.13185e-15
4358.92535639 2.08029e-15
4361.11091709 2.0513e-15
4363.29647779 2.0604e-15
4365.4820385 2.07805e-15
4367.6675992 2.02571e-15
4369.8531599 2.05169e-15
4372.03872061 2.07411e-15
4374.22428131 2.02709e-15
4376.40984201 2.04725e-15
4378.59540272 2.0732e-15
4380.78096342 2.00385e-15
4382.96652412 2.01063e-15
4385.15208483 2.09291e-15
4387.33764553 2.06752e-15
4389.52320623 2.10303e-15
4391.70876694 2.07081e-15
4393.89432764 2.09221e-15
4396.07988834 2.07021e-15
4398.26544905 2.04724e-15
4400.45100975 2.00356e-15
4402.63657045 2.06435e-15
4404.82213116 2.05497e-15
4407.00769186 2.08772e-15
4409.19325256 2.07809e-15
4411.37881327 2.08211e-15
4413.56437397 2.00627e-15
4415.74993467 1.97665e-15
4417.93549538 2.02068e-15
4420.12105608 2.04796e-15
4422.30661678 2.09896e-15
4424.49217749 2.05695e-15
4426.67773819 2.06054e-15
4428.86329889 2.1027e-15
4431.0488596 2.00874e-15
4433.2344203 2.04441e-15
4435.419981 2.09746e-15
4437.60554171 2.09095e-15
4439.79110241 2.02779e-15
4441.97666311 2.06892e-15
4444.16222382 2.06907e-15
4446.34778452 2.1198e-15
4448.53334522 2.10757e-15
4450.71890593 2.09115e-15
4452.90446663 2.03991e-15
4455.09002733 2.13074e-15
4457.27558804 2.14032e-15
4459.46114874 2.13179e-15
4461.64670944 2.23247e-15
4463.83227015 2.22068e-15
4466.01783085 2.19768e-15
4468.20339155 2.16175e-15
4470.38895226 2.19006e-15
4472.57451296 2.22153e-15
4474.76007366 2.19977e-15
4476.94563437 2.21329e-15
4479.13119507 2.18737e-15
4481.31675577 2.19113e-15
4483.50231647 2.19948e-15
4485.68787718 2.22839e-15
4487.87343788 2.29622e-15
4490.05899858 2.30823e-15
4492.24455929 2.45278e-15
4494.43011999 2.47401e-15
4496.61568069 2.38506e-15
4498.8012414 2.36997e-15
4500.9868021 2.32907e-15
4503.1723628 2.30168e-15
4505.35792351 2.29904e-15
4507.54348421 2.33469e-15
4509.72904491 2.38094e-15
4511.91460562 2.32672e-15
4514.10016632 2.31079e-15
4516.28572702 2.34517e-15
4518.47128773 2.33781e-15
4520.65684843 2.32252e-15
4522.84240913 2.32869e-15
4525.02796984 2.3429e-15
4527.21353054 2.40272e-15
4529.39909124 2.40374e-15
4531.58465195 2.39013e-15
4533.77021265 2.44456e-15
4535.95577335 2.50693e-15
4538.14133406 2.44674e-15
4540.32689476 2.4059e-15
4542.51245546 2.43265e-15
4544.69801617 2.48088e-15
4546.88357687 2.43184e-15
4549.06913757 2.40441e-15
4551.25469828 2.44149e-15
4553.44025898 2.49177e-15
4555.62581968 2.52315e-15
4557.81138039 2.49161e-15
4559.99694109 2.4496e-15
4562.18250179 2.42921e-15
4564.3680625 2.43133e-15
4566.5536232 2.48649e-15
4568.7391839 2.50549e-15
4570.92474461 2.45025e-15
4573.11030531 2.4819e-15
4575.29586601 2.48007e-15
4577.48142672 2.45237e-15
4579.66698742 2.46104e-15
4581.85254812 2.43203e-15
4584.03810883 2.40226e-15
4586.22366953 2.45487e-15
4588.40923023 2.46555e-15
4590.59479094 2.39689e-15
4592.78035164 2.42615e-15
4594.96591234 2.48688e-15
4597.15147305 2.49641e-15
4599.33703375 2.47997e-15
4601.52259445 2.44013e-15
4603.70815516 2.39799e-15
4605.89371586 2.39437e-15
4608.07927656 2.42461e-15
4610.26483727 2.43766e-15
4612.45039797 2.43028e-15
4614.63595867 2.43182e-15
4616.82151937 2.37892e-15
4619.00708008 2.37242e-15
4621.19264078 2.37827e-15
4623.37820148 2.34056e-15
4625.56376219 2.36743e-15
4627.74932289 2.38415e-15
4629.93488359 2.4094e-15
4632.1204443 2.43047e-15
4634.306005 2.44575e-15
4636.4915657 2.38834e-15
4638.67712641 2.36426e-15
4640.86268711 2.33801e-15
4643.04824781 2.35157e-15
4645.23380852 2.433e-15
4647.41936922 2.41171e-15
4649.60492992 2.32773e-15
4651.79049063 2.28087e-15
4653.97605133 2.30058e-15
4656.16161203 2.34169e-15
4658.34717274 2.34965e-15
4660.53273344 2.36527e-15
4662.71829414 2.37607e-15
4664.90385485 2.2686e-15
4667.08941555 2.34783e-15
4669.27497625 2.35189e-15
4671.46053696 2.33232e-15
4673.64609766 2.2902e-15
4675.83165836 2.33735e-15
4678.01721907 2.36091e-15
4680.20277977 2.28225e-15
4682.38834047 2.29936e-15
4684.57390118 2.30622e-15
4686.75946188 2.33737e-15
4688.94502258 2.30632e-15
4691.13058329 2.28635e-15
4693.31614399 2.25828e-15
4695.50170469 2.25727e-15
4697.6872654 2.29269e-15
4699.8728261 2.31752e-15
4702.0583868 2.34004e-15
4704.24394751 2.31713e-15
4706.42950821 2.29557e-15
4708.61506891 2.29115e-15
4710.80062962 2.26941e-15
4712.98619032 2.26442e-15
4715.17175102 2.30736e-15
4717.35731173 2.33418e-15
4719.54287243 2.30703e-15
4721.72843313 2.217e-15
4723.91399384 2.25003e-15
4726.09955454 2.29862e-15
4728.28511524 2.34169e-15
4730.47067595 2.33812e-15
4732.65623665 2.2794e-15
4734.84179735 2.26472e-15
4737.02735806 2.26714e-15
4739.21291876 2.24929e-15
4741.39847946 2.26971e-15
4743.58404016 2.30513e-15
4745.76960087 2.27327e-15
4747.95516157 2.27608e-15
4750.14072227 2.23419e-15
4752.32628298 2.23841e-15
4754.51184368 2.26154e-15
4756.69740438 2.24451e-15
4758.88296509 2.24856e-15
4761.06852579 2.2765e-15
4763.25408649 2.31629e-15
4765.4396472 2.29383e-15
4767.6252079 2.22675e-15
4769.8107686 2.18754e-15
4771.99632931 2.24137e-15
4774.18189001 2.26012e-15
4776.36745071 2.16126e-15
4778.55301142 2.20706e-15
4780.73857212 2.31205e-15
4782.92413282 2.32239e-15
4785.10969353 2.20367e-15
4787.29525423 2.18026e-15
4789.48081493 2.2417e-15
4791.66637564 2.19956e-15
4793.85193634 2.14296e-15
4796.03749704 2.16548e-15
4798.22305775 2.19138e-15
4800.40861845 2.19711e-15
4802.59417915 2.1543e-15
4804.77973986 2.14121e-15
4806.96530056 2.18621e-15
4809.15086126 2.16624e-15
4811.33642197 2.17156e-15
4813.52198267 2.18728e-15
4815.70754337 2.16169e-15
4817.89310408 2.16201e-15
4820.07866478 2.12517e-15
4822.26422548 2.12313e-15
4824.44978619 2.15921e-15
4826.63534689 2.16485e-15
4828.82090759 2.13141e-15
4831.0064683 2.10786e-15
4833.192029 2.13197e-15
4835.3775897 2.13939e-15
4837.56315041 2.14694e-15
4839.74871111 2.14653e-15
4841.93427181 2.1583e-15
4844.11983252 2.13707e-15
4846.30539322 2.09636e-15
4848.49095392 2.07867e-15
4850.67651463 2.04789e-15
4852.86207533 2.09754e-15
4855.04763603 2.17326e-15
4857.23319674 2.11315e-15
4859.41875744 2.07186e-15
4861.60431814 2.10222e-15
4863.78987885 2.11633e-15
4865.97543955 2.12421e-15
4868.16100025 2.0905e-15
4870.34656096 2.06462e-15
4872.53212166 2.07312e-15
4874.71768236 2.0847e-15
4876.90324306 2.11463e-15
4879.08880377 2.11e-15
4881.27436447 2.04765e-15
4883.45992517 2.01349e-15
4885.64548588 2.02834e-15
4887.83104658 2.02413e-15
4890.01660728 2.00988e-15
4892.20216799 2.02289e-15
4894.38772869 1.98059e-15
4896.57328939 1.98711e-15
4898.7588501 2.01289e-15
4900.9444108 2.03063e-15
4903.1299715 2.0057e-15
4905.31553221 1.96125e-15
4907.50109291 1.95754e-15
4909.68665361 1.96123e-15
4911.87221432 1.92334e-15
4914.05777502 1.89343e-15
4916.24333572 1.90866e-15
4918.42889643 1.94657e-15
4920.61445713 1.94163e-15
4922.80001783 1.96178e-15
4924.98557854 2.00007e-15
4927.17113924 1.95616e-15
4929.35669994 1.93729e-15
4931.54226065 1.93797e-15
4933.72782135 1.94546e-15
4935.91338205 1.93826e-15
4938.09894276 1.92193e-15
4940.28450346 1.94398e-15
4942.47006416 1.89569e-15
4944.65562487 1.92271e-15
4946.84118557 1.9009e-15
4949.02674627 1.86244e-15
4951.21230698 1.90407e-15
4953.39786768 1.9381e-15
4955.58342838 1.92209e-15
4957.76898909 1.88038e-15
4959.95454979 1.84416e-15
4962.14011049 1.83017e-15
4964.3256712 1.87165e-15
4966.5112319 1.88672e-15
4968.6967926 1.84704e-15
4970.88235331 1.81578e-15
4973.06791401 1.8355e-15
4975.25347471 1.84213e-15
4977.43903542 1.86555e-15
4979.62459612 1.85404e-15
4981.81015682 1.88138e-15
4983.99571753 1.87139e-15
4986.18127823 1.87811e-15
4988.36683893 1.86381e-15
4990.55239964 1.82285e-15
4992.73796034 1.90257e-15
4994.92352104 1.90841e-15
4997.10908175 1.92508e-15
4999.29464245 1.86509e-15
5001.48020315 1.78415e-15
5003.66576385 1.81039e-15
5005.85132456 1.82794e-15
5008.03688526 1.87367e-15
5010.22244596 1.79527e-15
5012.40800667 1.82528e-15
5014.59356737 1.85831e-15
5016.77912807 1.80171e-15
5018.96468878 1.78983e-15
5021.15024948 1.83369e-15
5023.33581018 1.82568e-15
5025.52137089 1.83768e-15
5027.70693159 1.96846e-15
5029.89249229 2.16108e-15
5032.078053 2.14817e-15
5034.2636137 1.96028e-15
5036.4491744 1.86761e-15
5038.63473511 1.79877e-15
5040.82029581 1.77177e-15
5043.00585651 1.83358e-15
5045.19141722 1.83763e-15
5047.37697792 1.79933e-15
5049.56253862 1.7728e-15
5051.74809933 1.78814e-15
5053.93366003 1.75898e-15
5056.11922073 1.76371e-15
5058.30478144 1.76234e-15
5060.49034214 1.77461e-15
5062.67590284 1.76742e-15
5064.86146355 1.70684e-15
5067.04702425 1.70942e-15
5069.23258495 1.74807e-15
5071.41814566 1.74261e-15
5073.60370636 1.73221e-15
5075.78926706 1.76412e-15
5077.97482777 1.71998e-15
5080.16038847 1.68892e-15
5082.34594917 1.72136e-15
5084.53150988 1.75213e-15
5086.71707058 1.71286e-15
5088.90263128 1.72634e-15
5091.08819199 1.69925e-15
5093.27375269 1.68914e-15
5095.45931339 1.75497e-15
5097.6448741 1.75604e-15
5099.8304348 1.73237e-15
5102.0159955 1.71989e-15
5104.20155621 1.69572e-15
5106.38711691 1.70156e-15
5108.57267761 1.71859e-15
5110.75823832 1.73851e-15
5112.94379902 1.70165e-15
5115.12935972 1.6658e-15
5117.31492043 1.64427e-15
5119.50048113 1.71351e-15
5121.68604183 1.66234e-15
5123.87160254 1.60114e-15
5126.05716324 1.64078e-15
5128.24272394 1.83483e-15
5130.42828465 2.16988e-15
5132.61384535 2.23194e-15
5134.79940605 1.98624e-15
5136.98496675 1.75116e-15
5139.17052746 1.65093e-15
5141.35608816 1.65763e-15
5143.54164886 1.67288e-15
5145.72720957 1.65814e-15
5147.91277027 1.67351e-15
5150.09833097 1.67048e-15
5152.28389168 1.64309e-15
5154.46945238 1.60329e-15
5156.65501308 1.56277e-15
5158.84057379 1.5781e-15
5161.02613449 1.61757e-15
5163.21169519 1.64258e-15
5165.3972559 1.63208e-15
5167.5828166 1.63525e-15
5169.7683773 1.65345e-15
5171.95393801 1.62998e-15
5174.13949871 1.62889e-15
5176.32505941 1.93224e-15
5178.51062012 2.79066e-15
5180.69618082 3.45278e-15
5182.88174152 3.09412e-15
5185.06730223 2.22595e-15
5187.25286293 1.68696e-15
5189.43842363 1.63517e-15
5191.62398434 1.66282e-15
5193.80954504 1.6003e-15
5195.99510574 1.57188e-15
5198.18066645 1.55782e-15
5200.36622715 1.55888e-15
5202.55178785 1.57388e-15
5204.73734856 1.5705e-15
5206.92290926 1.58101e-15
5209.10846996 1.57227e-15
5211.29403067 1.581e-15
5213.47959137 1.57612e-15
5215.66515207 1.53418e-15
5217.85071278 1.53607e-15
5220.03627348 1.56436e-15
5222.22183418 1.57274e-15
5224.40739489 1.57366e-15
5226.59295559 1.58377e-15
5228.77851629 1.56148e-15
5230.964077 1.53998e-15
5233.1496377 1.54062e-15
5235.3351984 1.52e-15
5237.52075911 1.47756e-15
5239.70631981 1.4752e-15
5241.89188051 1.45953e-15
5244.07744122 1.49712e-15
5246.26300192 1.49576e-15
5248.44856262 1.46919e-15
5250.63412333 1.50264e-15
5252.81968403 1.46763e-15
5255.00524473 1.49873e-15
5257.19080544 1.50975e-15
5259.37636614 1.46917e-15
5261.56192684 1.5263e-15
5263.74748755 1.52719e-15
5265.93304825 1.48854e-15
5268.11860895 1.51928e-15
5270.30416965 1.5586e-15
5272.48973036 1.53933e-15
5274.67529106 1.52483e-15
5276.86085176 1.50691e-15
5279.04641247 1.50493e-15
5281.23197317 1.49716e-15
5283.41753387 1.4799e-15
5285.60309458 1.46295e-15
5287.78865528 1.45948e-15
5289.97421598 1.47214e-15
5292.15977669 1.43812e-15
5294.34533739 1.42458e-15
5296.53089809 1.42015e-15
5298.7164588 1.40389e-15
5300.9020195 1.44776e-15
5303.0875802 1.42489e-15
5305.27314091 1.42672e-15
5307.45870161 1.43772e-15
5309.64426231 1.421e-15
5311.82982302 1.39903e-15
5314.01538372 1.41916e-15
5316.20094442 1.41316e-15
5318.38650513 1.41754e-15
5320.57206583 1.39542e-15
5322.75762653 1.39573e-15
5324.94318724 1.3695e-15
5327.12874794 1.43478e-15
5329.31430864 1.42471e-15
5331.49986935 1.44482e-15
5333.68543005 1.48715e-15
5335.87099075 1.47091e-15
5338.05655146 1.44246e-15
5340.24211216 1.42138e-15
5342.42767286 1.37449e-15
5344.61323357 1.35578e-15
5346.79879427 1.39011e-15
5348.98435497 1.38343e-15
5351.16991568 1.38495e-15
5353.35547638 1.37499e-15
5355.54103708 1.34529e-15
5357.72659779 1.33318e-15
5359.91215849 1.36408e-15
5362.09771919 1.37451e-15
5364.2832799 1.3904e-15
5366.4688406 1.32144e-15
5368.6544013 1.32066e-15
5370.83996201 1.38622e-15
5373.02552271 1.39277e-15
5375.21108341 1.37113e-15
5377.39664412 1.36323e-15
5379.58220482 1.33184e-15
5381.76776552 1.3613e-15
5383.95332623 1.31611e-15
5386.13888693 1.28437e-15
5388.32444763 1.32806e-15
5390.51000834 1.35117e-15
5392.69556904 1.32699e-15
5394.88112974 1.32313e-15
5397.06669044 1.33536e-15
5399.25225115 1.31671e-15
5401.43781185 1.32578e-15
5403.62337255 1.32349e-15
5405.80893326 1.33266e-15
5407.99449396 1.3259e-15
5410.18005466 1.2961e-15
5412.36561537 1.32925e-15
5414.55117607 1.31124e-15
5416.73673677 1.3328e-15
5418.92229748 1.35806e-15
5421.10785818 1.34238e-15
5423.29341888 1.27779e-15
5425.47897959 1.28247e-15
5427.66454029 1.30636e-15
5429.85010099 1.29579e-15
5432.0356617 1.306e-15
5434.2212224 1.31875e-15
5436.4067831 1.31287e-15
5438.59234381 1.27716e-15
5440.77790451 1.23685e-15
5442.96346521 1.26412e-15
5445.14902592 1.28228e-15
5447.33458662 1.29196e-15
5449.52014732 1.3093e-15
5451.70570803 1.31137e-15
5453.89126873 1.28616e-15
5456.07682943 1.31536e-15
5458.26239014 1.31895e-15
5460.44795084 1.31055e-15
5462.63351154 1.30072e-15
5464.81907225 1.2702e-15
5467.00463295 1.25627e-15
5469.19019365 1.29233e-15
5471.37575436 1.32405e-15
5473.56131506 1.3008e-15
5475.74687576 1.27268e-15
5477.93243647 1.30708e-15
5480.11799717 1.29468e-15
5482.30355787 1.27376e-15
5484.48911858 1.26628e-15
5486.67467928 1.26404e-15
5488.86023998 1.26322e-15
5491.04580069 1.25779e-15
5493.23136139 1.28721e-15
5495.41692209 1.26174e-15
5497.6024828 1.23194e-15
5499.7880435 1.25657e-15
5501.9736042 1.28015e-15
5504.15916491 1.2788e-15
5506.34472561 1.31571e-15
5508.53028631 1.28771e-15
5510.71584702 1.24258e-15
5512.90140772 1.24001e-15
5515.08696842 1.25446e-15
5517.27252913 1.26078e-15
5519.45808983 1.28363e-15
5521.64365053 1.2606e-15
5523.82921124 1.23901e-15
5526.01477194 1.2479e-15
5528.20033264 1.25684e-15
5530.38589334 1.27523e-15
5532.57145405 1.28827e-15
5534.75701475 1.26377e-15
5536.94257545 1.1825e-15
5539.12813616 1.19148e-15
5541.31369686 1.23856e-15
5543.49925756 1.25687e-15
5545.68481827 1.2917e-15
5547.87037897 1.29224e-15
5550.05593967 1.25473e-15
5552.24150038 1.24038e-15
5554.42706108 1.22438e-15
5556.61262178 1.25093e-15
5558.79818249 1.25429e-15
5560.98374319 1.20557e-15
5563.16930389 1.17175e-15
5565.3548646 1.19418e-15
5567.5404253 1.2109e-15
5569.725986 1.23547e-15
5571.91154671 1.24462e-15
5574.09710741 1.21875e-15
5576.28266811 1.19474e-15
5578.46822882 1.22365e-15
5580.65378952 1.26371e-15
5582.83935022 1.23551e-15
5585.02491093 1.22511e-15
5587.21047163 1.23005e-15
5589.39603233 1.20163e-15
5591.58159304 1.19858e-15
5593.76715374 1.25532e-15
5595.95271444 1.22466e-15
5598.13827515 1.16776e-15
5600.32383585 1.20553e-15
5602.50939655 1.25659e-15
5604.69495726 1.24951e-15
5606.88051796 1.19549e-15
5609.06607866 1.22745e-15
5611.25163937 1.22741e-15
5613.43720007 1.19265e-15
5615.62276077 1.16785e-15
5617.80832148 1.20338e-15
5619.99388218 1.2575e-15
5622.17944288 1.24502e-15
5624.36500359 1.21274e-15
5626.55056429 1.19212e-15
5628.73612499 1.18079e-15
5630.9216857 1.20706e-15
5633.1072464 1.19888e-15
5635.2928071 1.21043e-15
5637.47836781 1.21391e-15
5639.66392851 1.20356e-15
5641.84948921 1.20188e-15
5644.03504992 1.19687e-15
5646.22061062 1.19689e-15
5648.40617132 1.19041e-15
5650.59173203 1.22625e-15
5652.77729273 1.22649e-15
5654.96285343 1.22467e-15
5657.14841413 1.19484e-15
5659.33397484 1.19225e-15
5661.51953554 1.18723e-15
5663.70509624 1.20008e-15
5665.89065695 1.17765e-15
5668.07621765 1.16387e-15
5670.26177835 1.17398e-15
5672.44733906 1.208e-15
5674.63289976 1.19323e-15
5676.81846046 1.16551e-15
5679.00402117 1.1788e-15
5681.18958187 1.21471e-15
5683.37514257 1.20585e-15
5685.56070328 1.19904e-15
5687.74626398 1.20685e-15
5689.93182468 1.1844e-15
5692.11738539 1.22695e-15
5694.30294609 1.21886e-15
5696.48850679 1.19154e-15
5698.6740675 1.17548e-15
5700.8596282 1.18223e-15
5703.0451889 1.19898e-15
5705.23074961 1.18564e-15
5707.41631031 1.1478e-15
5709.60187101 1.13413e-15
5711.78743172 1.15281e-15
5713.97299242 1.16913e-15
5716.15855312 1.14086e-15
5718.34411383 1.15975e-15
5720.52967453 1.15692e-15
5722.71523523 1.16173e-15
5724.90079594 1.16075e-15
5727.08635664 1.13769e-15
5729.27191734 1.13879e-15
5731.45747805 1.16098e-15
5733.64303875 1.16528e-15
5735.82859945 1.1628e-15
5738.01416016 1.14503e-15
5740.19972086 1.15104e-15
5742.38528156 1.18823e-15
5744.57084227 1.17416e-15
5746.75640297 1.13582e-15
5748.94196367 1.12465e-15
5751.12752438 1.1215e-15
5753.31308508 1.11027e-15
5755.49864578 1.12137e-15
5757.68420649 1.08886e-15
5759.86976719 1.07088e-15
5762.05532789 1.12259e-15
5764.2408886 1.12432e-15
5766.4264493 1.11889e-15
5768.61201 1.11617e-15
5770.79757071 1.09643e-15
5772.98313141 1.13252e-15
5775.16869211 1.11936e-15
5777.35425282 1.06876e-15
5779.53981352 1.06022e-15
5781.72537422 1.10554e-15
5783.91093493 1.09908e-15
5786.09649563 1.07723e-15
5788.28205633 1.07903e-15
5790.46761703 1.08221e-15
5792.65317774 1.10095e-15
5794.83873844 1.13102e-15
5797.02429914 1.12484e-15
5799.20985985 1.11101e-15
5801.39542055 1.07133e-15
5803.58098125 1.0829e-15
5805.76654196 1.1262e-15
5807.95210266 1.10951e-15
5810.13766336 1.06018e-15
5812.32322407 1.0509e-15
5814.50878477 1.08145e-15
5816.69434547 1.07794e-15
5818.87990618 1.04804e-15
5821.06546688 1.0003e-15
5823.25102758 1.0362e-15
5825.43658829 1.08799e-15
5827.62214899 1.04959e-15
5829.80770969 1.00896e-15
5831.9932704 1.01373e-15
5834.1788311 1.04726e-15
5836.3643918 1.05824e-15
5838.54995251 1.0404e-15
5840.73551321 1.02046e-15
5842.92107391 1.04087e-15
5845.10663462 1.05796e-15
5847.29219532 1.02372e-15
5849.47775602 1.01319e-15
5851.66331673 1.05013e-15
5853.84887743 1.05369e-15
5856.03443813 1.02056e-15
5858.21999884 1.0415e-15
5860.40555954 1.05991e-15
5862.59112024 1.01256e-15
5864.77668095 1.0296e-15
5866.96224165 1.02567e-15
5869.14780235 1.02852e-15
5871.33336306 1.02992e-15
5873.51892376 1.00534e-15
5875.70448446 1.00021e-15
5877.89004517 9.95932e-16
5880.07560587 1.02526e-15
5882.26116657 1.03112e-15
5884.44672728 1.0131e-15
5886.63228798 1.00958e-15
5888.81784868 9.99637e-16
5891.00340939 1.00671e-15
5893.18897009 1.02111e-15
5895.37453079 9.76332e-16
5897.5600915 9.50886e-16
5899.7456522 9.80283e-16
5901.9312129 9.72865e-16
5904.11677361 9.49105e-16
5906.30233431 9.41445e-16
5908.48789501 9.37745e-16
5910.67345572 9.50463e-16
5912.85901642 9.48345e-16
5915.04457712 9.6847e-16
5917.23013783 1.00124e-15
5919.41569853 9.67416e-16
5921.60125923 9.79831e-16
5923.78681993 9.85171e-16
5925.97238064 9.4929e-16
5928.15794134 9.59357e-16
5930.34350204 9.61242e-16
5932.52906275 9.36209e-16
5934.71462345 9.21967e-16
5936.90018415 9.44042e-16
5939.08574486 9.60202e-16
5941.27130556 9.31356e-16
5943.45686626 9.27025e-16
5945.64242697 9.47243e-16
5947.82798767 9.56363e-16
5950.01354837 9.43529e-16
5952.19910908 9.36295e-16
5954.38466978 9.50845e-16
5956.57023048 9.21609e-16
5958.75579119 9.02574e-16
5960.94135189 9.21493e-16
5963.12691259 8.97977e-16
5965.3124733 8.6905e-16
5967.498034 8.65761e-16
5969.6835947 8.82689e-16
5971.86915541 9.3046e-16
5974.05471611 9.31225e-16
5976.24027681 9.51914e-16
5978.42583752 9.427e-16
5980.61139822 8.85408e-16
5982.79695892 8.92347e-16
5984.98251963 9.05436e-16
5987.16808033 8.88019e-16
5989.35364103 8.73297e-16
5991.53920174 8.6635e-16
5993.72476244 8.70697e-16
5995.91032314 8.66771e-16
5998.09588385 8.79724e-16
6000.28144455 8.83093e-16
6002.46700525 8.84863e-16
6004.65256596 8.77858e-16
6006.83812666 8.36822e-16
6009.02368736 8.37401e-16
6011.20924807 8.79866e-16
6013.39480877 8.9823e-16
6015.58036947 8.71885e-16
6017.76593018 8.49769e-16
6019.95149088 8.40997e-16
6022.13705158 8.60384e-16
6024.32261229 8.90793e-16
6026.50817299 8.70902e-16
6028.69373369 8.66233e-16
6030.8792944 8.75497e-16
6033.0648551 8.57664e-16
6035.2504158 8.53546e-16
6037.43597651 8.42901e-16
6039.62153721 8.13785e-16
6041.80709791 7.91068e-16
6043.99265862 7.99058e-16
6046.17821932 7.95925e-16
6048.36378002 8.07941e-16
6050.54934072 8.24513e-16
6052.73490143 8.25648e-16
6054.92046213 8.15612e-16
6057.10602283 7.91843e-16
6059.29158354 8.19756e-16
6061.47714424 8.4193e-16
6063.66270494 8.31378e-16
6065.84826565 8.19965e-16
6068.03382635 8.30613e-16
6070.21938705 8.38441e-16
6072.40494776 8.26591e-16
6074.59050846 8.38749e-16
6076.77606916 8.38498e-16
6078.96162987 7.95997e-16
6081.14719057 7.64999e-16
6083.33275127 7.88534e-16
6085.51831198 7.91489e-16
6087.70387268 7.9849e-16
6089.88943338 8.18715e-16
6092.07499409 7.99454e-16
6094.26055479 7.88511e-16
6096.44611549 7.90179e-16
6098.6316762 7.64882e-16
6100.8172369 7.69477e-16
6103.0027976 7.86726e-16
6105.18835831 7.89792e-16
6107.37391901 8.06178e-16
6109.55947971 7.8152e-16
6111.74504042 7.69451e-16
6113.93060112 7.59537e-16
6116.11616182 7.65983e-16
6118.30172253 7.72301e-16
6120.48728323 7.66665e-16
6122.67284393 8.08774e-16
6124.85840464 8.17225e-16
6127.04396534 8.23125e-16
6129.22952604 7.93202e-16
6131.41508675 7.38674e-16
6133.60064745 7.46054e-16
6135.78620815 7.58787e-16
6137.97176886 7.46003e-16
6140.15732956 7.43651e-16
6142.34289026 7.55807e-16
6144.52845097 7.77202e-16
6146.71401167 7.51237e-16
6148.89957237 7.49234e-16
6151.08513308 7.72226e-16
6153.27069378 7.67447e-16
6155.45625448 7.70254e-16
6157.64181519 7.7862e-16
6159.82737589 7.64471e-16
6162.01293659 7.5698e-16
6164.1984973 7.60468e-16
6166.384058 7.78355e-16
6168.5696187 7.8233e-16
6170.75517941 7.85033e-16
6172.94074011 7.86505e-16
6175.12630081 7.6418e-16
6177.31186152 7.63098e-16
6179.49742222 7.73334e-16
6181.68298292 7.63818e-16
6183.86854362 7.58565e-16
6186.05410433 7.6651e-16
6188.23966503 7.65865e-16
6190.42522573 7.46277e-16
6192.61078644 7.45433e-16
6194.79634714 7.86571e-16
6196.98190784 7.90925e-16
6199.16746855 7.64023e-16
6201.35302925 7.76381e-16
6203.53858995 7.86135e-16
6205.72415066 7.74259e-16
6207.90971136 7.75257e-16
6210.09527206 7.86913e-16
6212.28083277 7.70507e-16
6214.46639347 8.04948e-16
6216.65195417 8.12152e-16
6218.83751488 7.85442e-16
6221.02307558 7.90622e-16
6223.20863628 7.52533e-16
6225.39419699 7.64193e-16
6227.57975769 7.67131e-16
6229.76531839 7.57101e-16
6231.9508791 7.5418e-16
6234.1364398 7.94004e-16
6236.3220005 8.20482e-16
6238.50756121 8.38557e-16
6240.69312191 8.10648e-16
6242.87868261 7.84383e-16
6245.06424332 7.70874e-16
6247.24980402 7.30861e-16
6249.43536472 7.63721e-16
6251.62092543 8.04136e-16
6253.80648613 7.98438e-16
6255.99204683 8.03077e-16
6258.17760754 8.01089e-16
6260.36316824 7.58678e-16
6262.54872894 7.88197e-16
6264.73428965 8.01282e-16
6266.91985035 7.87496e-16
6269.10541105 7.93262e-16
6271.29097176 7.81538e-16
6273.47653246 7.80453e-16
6275.66209316 7.9676e-16
6277.84765387 7.8299e-16
6280.03321457 7.77897e-16
6282.21877527 8.08263e-16
6284.40433598 7.92758e-16
6286.58989668 8.00245e-16
6288.77545738 7.89453e-16
6290.96101809 7.52256e-16
6293.14657879 7.36629e-16
6295.33213949 7.49672e-16
6297.5177002 7.55227e-16
6299.7032609 7.64973e-16
6301.8888216 8.06014e-16
6304.07438231 8.4091e-16
6306.25994301 8.05711e-16
6308.44550371 7.85371e-16
6310.63106441 7.64558e-16
6312.81662512 7.79043e-16
6315.00218582 8.06568e-16
6317.18774652 7.64959e-16
6319.37330723 8.10213e-16
6321.55886793 8.52048e-16
6323.74442863 8.38346e-16
6325.92998934 8.05615e-16
6328.11555004 8.1041e-16
6330.30111074 8.59572e-16
6332.48667145 8.13552e-16
6334.67223215 8.09072e-16
6336.85779285 8.77829e-16
6339.04335356 8.37527e-16
6341.22891426 8.28542e-16
6343.41447496 8.1417e-16
6345.60003567 7.73908e-16
6347.78559637 7.9575e-16
6349.97115707 8.0034e-16
6352.15671778 8.0366e-16
6354.34227848 8.16966e-16
6356.52783918 8.74229e-16
6358.71339989 8.37786e-16
6360.89896059 7.95488e-16
6363.08452129 8.2127e-16
6365.270082 8.05187e-16
6367.4556427 8.31608e-16
6369.6412034 8.38019e-16
6371.82676411 8.34134e-16
6374.01232481 8.14464e-16
6376.19788551 7.81598e-16
6378.38344622 7.58667e-16
6380.56900692 8.16581e-16
6382.75456762 8.42471e-16
6384.94012833 8.36679e-16
6387.12568903 8.34301e-16
6389.31124973 8.31209e-16
6391.49681044 8.29796e-16
6393.68237114 8.41663e-16
6395.86793184 8.21805e-16
6398.05349255 8.20837e-16
6400.23905325 8.46214e-16
6402.42461395 8.17466e-16
6404.61017466 8.08821e-16
6406.79573536 8.42661e-16
6408.98129606 8.58873e-16
6411.16685677 8.74553e-16
6413.35241747 8.55649e-16
6415.53797817 8.11056e-16
6417.72353888 8.28782e-16
6419.90909958 8.31465e-16
6422.09466028 8.54662e-16
6424.28022099 8.7142e-16
6426.46578169 8.56825e-16
6428.65134239 8.14539e-16
6430.8369031 8.25521e-16
6433.0224638 8.28564e-16
6435.2080245 8.11624e-16
6437.39358521 8.35164e-16
6439.57914591 8.25712e-16
6441.76470661 7.79441e-16
6443.95026731 8.43495e-16
6446.13582802 8.41143e-16
6448.32138872 8.16615e-16
6450.50694942 8.4006e-16
6452.69251013 8.45017e-16
6454.87807083 8.24256e-16
6457.06363153 8.24576e-16
6459.24919224 8.33193e-16
6461.43475294 8.46993e-16
6463.62031364 8.44545e-16
6465.80587435 8.55521e-16
6467.99143505 8.33905e-16
6470.17699575 8.63221e-16
6472.36255646 8.48314e-16
6474.54811716 8.50242e-16
6476.73367786 8.51573e-16
6478.91923857 8.25247e-16
6481.10479927 8.4691e-16
6483.29035997 8.66181e-16
6485.47592068 8.51797e-16
6487.66148138 8.59719e-16
6489.84704208 8.83695e-16
6492.03260279 8.53207e-16
6494.21816349 8.59792e-16
6496.40372419 8.8477e-16
6498.5892849 8.76449e-16
6500.7748456 8.64344e-16
6502.9604063 8.4303e-16
6505.14596701 8.41692e-16
6507.33152771 8.58691e-16
6509.51708841 8.78092e-16
6511.70264912 8.86074e-16
6513.88820982 8.66089e-16
6516.07377052 8.29902e-16
6518.25933123 8.31252e-16
6520.44489193 8.72479e-16
6522.63045263 8.70273e-16
6524.81601334 8.5084e-16
6527.00157404 8.76661e-16
6529.18713474 8.76258e-16
6531.37269545 8.61922e-16
6533.55825615 8.05724e-16
6535.74381685 8.07736e-16
6537.92937756 8.58977e-16
6540.11493826 8.73738e-16
6542.30049896 8.80185e-16
6544.48605967 8.74113e-16
6546.67162037 8.30474e-16
6548.85718107 8.15618e-16
6551.04274178 8.49566e-16
6553.22830248 8.38078e-16
6555.41386318 8.51093e-16
6557.59942389 8.23303e-16
6559.78498459 8.19984e-16
6561.97054529 8.56568e-16
6564.156106 8.29732e-16
6566.3416667 7.98483e-16
6568.5272274 8.04e-16
6570.71278811 8.20449e-16
6572.89834881 8.19252e-16
6575.08390951 8.47399e-16
6577.26947021 8.41155e-16
6579.45503092 8.13945e-16
6581.64059162 8.089e-16
6583.82615232 8.41613e-16
6586.01171303 8.34434e-16
6588.19727373 8.13778e-16
6590.38283443 8.36974e-16
6592.56839514 8.21655e-16
6594.75395584 8.15792e-16
6596.93951654 8.31454e-16
6599.12507725 8.08809e-16
6601.31063795 7.79282e-16
6603.49619865 7.76482e-16
6605.68175936 7.82323e-16
6607.86732006 7.60729e-16
6610.05288076 8.20247e-16
6612.23844147 8.41529e-16
6614.42400217 8.0125e-16
6616.60956287 8.01095e-16
6618.79512358 8.48436e-16
6620.98068428 8.34452e-16
6623.16624498 8.12714e-16
6625.35180569 8.19653e-16
6627.53736639 7.88309e-16
6629.72292709 7.89583e-16
6631.9084878 7.71093e-16
6634.0940485 7.6798e-16
6636.2796092 8.1588e-16
6638.46516991 8.37415e-16
6640.65073061 8.26018e-16
6642.83629131 8.19791e-16
6645.02185202 7.98931e-16
6647.20741272 8.00868e-16
6649.39297342 7.83598e-16
6651.57853413 7.9232e-16
6653.76409483 8.08834e-16
6655.94965553 8.07376e-16
6658.13521624 7.65754e-16
6660.32077694 7.59659e-16
6662.50633764 7.72662e-16
6664.69189835 7.8698e-16
6666.87745905 8.01391e-16
6669.06301975 7.78724e-16
6671.24858046 7.40854e-16
6673.43414116 7.47165e-16
6675.61970186 7.61052e-16
6677.80526257 7.8319e-16
6679.99082327 7.91245e-16
6682.17638397 7.80272e-16
6684.36194468 7.65393e-16
6686.54750538 7.67698e-16
6688.73306608 7.69108e-16
6690.91862679 7.37452e-16
6693.10418749 7.4811e-16
6695.28974819 7.82249e-16
6697.4753089 7.75514e-16
6699.6608696 7.72517e-16
6701.8464303 7.66552e-16
6704.031991 7.30159e-16
6706.21755171 7.2626e-16
6708.40311241 7.47688e-16
6710.58867311 7.65824e-16
6712.77423382 7.77541e-16
6714.95979452 7.47901e-16
6717.14535522 7.07639e-16
6719.33091593 7.4194e-16
6721.51647663 7.6789e-16
6723.70203733 7.38837e-16
6725.88759804 7.19302e-16
6728.07315874 7.28653e-16
6730.25871944 7.47042e-16
6732.44428015 7.5178e-16
6734.62984085 7.47334e-16
6736.81540155 7.44146e-16
6739.00096226 7.28199e-16
6741.18652296 7.29774e-16
6743.37208366 7.42485e-16
6745.55764437 7.17125e-16
6747.74320507 7.05058e-16
6749.92876577 7.24494e-16
6752.11432648 7.44704e-16
6754.29988718 7.42588e-16
6756.48544788 7.38636e-16
6758.67100859 7.55805e-16
6760.85656929 7.3302e-16
6763.04212999 7.0745e-16
6765.2276907 7.33182e-16
6767.4132514 7.3838e-16
6769.5988121 7.15052e-16
6771.78437281 6.9691e-16
6773.96993351 7.05646e-16
6776.15549421 7.23175e-16
6778.34105492 7.16315e-16
6780.52661562 7.34501e-16
6782.71217632 1.03503e-15
6784.89773703 1.57626e-15
6787.08329773 1.70063e-15
6789.26885843 1.30619e-15
6791.45441914 9.05056e-16
6793.63997984 7.45674e-16
6795.82554054 6.86748e-16
6798.01110125 6.77968e-16
6800.19666195 6.80717e-16
6802.38222265 6.74532e-16
6804.56778336 7.15095e-16
6806.75334406 7.05659e-16
6808.93890476 7.03642e-16
6811.12446547 7.52983e-16
6813.31002617 7.32879e-16
6815.49558687 6.98002e-16
6817.68114758 6.77348e-16
6819.86670828 6.9459e-16
6822.05226898 6.83985e-16
6824.23782969 6.89338e-16
6826.42339039 6.73399e-16
6828.60895109 6.56465e-16
6830.7945118 6.89064e-16
6832.9800725 7.07926e-16
6835.1656332 7.16199e-16
6837.3511939 7.3756e-16
6839.53675461 7.365e-16
6841.72231531 7.22533e-16
6843.90787601 7.22592e-16
6846.09343672 6.84566e-16
6848.27899742 6.81551e-16
6850.46455812 7.13424e-16
6852.65011883 7.58612e-16
6854.83567953 7.39956e-16
6857.02124023 7.32608e-16
6859.20680094 7.3458e-16
6861.39236164 6.93087e-16
6863.57792234 6.82145e-16
6865.76348305 7.07407e-16
6867.94904375 7.25528e-16
6870.13460445 7.32069e-16
6872.32016516 7.05965e-16
6874.50572586 7.07089e-16
6876.69128656 6.63758e-16
6878.87684727 6.66549e-16
6881.06240797 6.99506e-16
6883.24796867 6.53562e-16
6885.43352938 6.42128e-16
6887.61909008 6.69715e-16
6889.80465078 6.87511e-16
6891.99021149 6.77779e-16
6894.17577219 6.8076e-16
6896.36133289 6.74119e-16
6898.5468936 7.00814e-16
6900.7324543 6.5896e-16
6902.918015 6.72891e-16
6905.10357571 7.17396e-16
6907.28913641 6.82587e-16
6909.47469711 6.82621e-16
6911.66025782 6.6061e-16
6913.84581852 6.40879e-16
6916.03137922 6.59724e-16
6918.21693993 6.87804e-16
6920.40250063 7.169e-16
6922.58806133 6.99551e-16
6924.77362204 6.41849e-16
6926.95918274 6.28605e-16
6929.14474344 6.58494e-16
6931.33030415 6.74627e-16
6933.51586485 6.79704e-16
6935.70142555 6.85012e-16
6937.88698626 7.03107e-16
6940.07254696 7.21468e-16
6942.25810766 7.39996e-16
6944.44366837 7.2243e-16
6946.62922907 6.84127e-16
6948.81478977 7.14098e-16
6951.00035048 7.05273e-16
6953.18591118 6.72689e-16
6955.37147188 6.7427e-16
6957.55703259 6.84408e-16
6959.74259329 7.0945e-16
6961.92815399 7.03079e-16
6964.11371469 6.64023e-16
6966.2992754 6.6227e-16
6968.4848361 6.49113e-16
6970.6703968 6.63527e-16
6972.85595751 6.6016e-16
6975.04151821 6.68276e-16
6977.22707891 6.87309e-16
6979.41263962 7.08404e-16
6981.59820032 7.19497e-16
6983.78376102 7.11192e-16
6985.96932173 6.82111e-16
6988.15488243 6.89545e-16
6990.34044313 6.89179e-16
6992.52600384 7.01085e-16
6994.71156454 7.31468e-16
6996.89712524 6.87908e-16
6999.08268595 7.03614e-16
7001.26824665 7.15199e-16
7003.45380735 6.81136e-16
7005.63936806 6.75461e-16
7007.82492876 7.11029e-16
7010.01048946 6.98455e-16
7012.19605017 6.5036e-16
7014.38161087 6.59382e-16
7016.56717157 6.69095e-16
7018.75273228 6.61744e-16
7020.93829298 6.60279e-16
7023.12385368 6.61604e-16
7025.30941439 6.76061e-16
7027.49497509 6.73371e-16
7029.68053579 6.84406e-16
7031.8660965 6.78044e-16
7034.0516572 6.66391e-16
7036.2372179 6.87139e-16
7038.42277861 6.77297e-16
7040.60833931 6.62303e-16
7042.79390001 6.59867e-16
7044.97946072 6.76872e-16
7047.16502142 7.11673e-16
7049.35058212 6.92604e-16
7051.53614283 6.94646e-16
7053.72170353 6.94005e-16
7055.90726423 6.75321e-16
7058.09282494 6.65364e-16
7060.27838564 6.65468e-16
7062.46394634 6.83263e-16
7064.64950705 6.76309e-16
7066.83506775 6.73223e-16
7069.02062845 6.76161e-16
7071.20618916 6.66535e-16
7073.39174986 6.48556e-16
7075.57731056 6.69701e-16
7077.76287127 6.85506e-16
7079.94843197 6.40824e-16
7082.13399267 6.38982e-16
7084.31955338 6.65716e-16
7086.50511408 6.68495e-16
7088.69067478 6.62744e-16
7090.87623549 6.52429e-16
7093.06179619 6.4184e-16
7095.24735689 6.35353e-16
7097.43291759 6.44264e-16
7099.6184783 6.47016e-16
7101.804039 6.23409e-16
7103.9895997 6.01555e-16
7106.17516041 6.34238e-16
7108.36072111 6.56283e-16
7110.54628181 6.52152e-16
7112.73184252 6.4632e-16
7114.91740322 6.19267e-16
7117.10296392 6.27635e-16
7119.28852463 6.34295e-16
7121.47408533 6.5291e-16
7123.65964603 6.64292e-16
7125.84520674 6.56097e-16
7128.03076744 6.15746e-16
7130.21632814 6.10051e-16
7132.40188885 6.42076e-16
7134.58744955 6.30301e-16
7136.77301025 6.24953e-16
7138.95857096 6.32978e-16
7141.14413166 6.41003e-16
7143.32969236 6.4891e-16
7145.51525307 6.21162e-16
7147.70081377 6.20462e-16
7149.88637447 6.39956e-16
7152.07193518 6.81554e-16
7154.25749588 7.03031e-16
7156.44305658 6.83023e-16
7158.62861729 6.66424e-16
7160.81417799 6.2667e-16
7162.99973869 6.16091e-16
7165.1852994 6.3957e-16
7167.3708601 6.2488e-16
7169.5564208 6.00492e-16
7171.74198151 6.21403e-16
7173.92754221 6.55906e-16
7176.11310291 6.76104e-16
7178.29866362 6.29096e-16
7180.48422432 6.27036e-16
7182.66978502 6.08567e-16
7184.85534573 5.6561e-16
7187.04090643 5.52494e-16
7189.22646713 5.74463e-16
7191.41202784 5.95738e-16
7193.59758854 6.08266e-16
7195.78314924 5.80088e-16
7197.96870995 5.43954e-16
7200.15427065 5.548e-16
7202.33983135 5.83365e-16
7204.52539206 5.90491e-16
7206.71095276 5.61578e-16
7208.89651346 5.67748e-16
7211.08207417 5.7391e-16
7213.26763487 5.47622e-16
7215.45319557 5.83816e-16
7217.63875628 5.94542e-16
7219.82431698 5.35232e-16
