3900.00000000001  2.106601E-18
3903.48335814477  -5.748405E-19
3906.96671628953  2.691762E-17
3910.45007443429  3.365472E-17
3913.93343257905  3.055008E-17
3917.41679072381  4.769414E-17
3920.90014886857  1.726805E-17
3924.38350701333  3.349459E-17
3927.86686515809  3.576616E-17
3931.35022330285  4.770722E-17
3934.83358144761  2.514391E-17
3938.31693959237  -1.684660E-17
3941.80029773713  8.453782E-18
3945.28365588189  2.162593E-17
3948.76701402665  -6.114426E-19
3952.25037217141  2.378167E-17
3955.73373031617  4.745897E-17
3959.21708846093  2.005772E-17
3962.70044660569  1.920670E-17
3966.18380475045  3.135436E-17
3969.66716289521  2.430119E-17
3973.15052103997  3.018048E-17
3976.63387918473  7.972102E-18
3980.11723732949  -1.363114E-17
3983.60059547425  8.781864E-18
3987.08395361901  2.992519E-17
3990.56731176377  2.954661E-18
3994.05066990853  2.948669E-17
3997.53402805329  4.433992E-17
4001.01738619805  4.812845E-17
4004.50074434281  2.465649E-17
4007.98410248757  1.505332E-17
4011.46746063233  1.306997E-17
4014.95081877709  3.955947E-17
4018.43417692185  4.781522E-17
4021.91753506661  1.396330E-17
4025.40089321137  2.771208E-17
4028.88425135613  4.899676E-17
4032.36760950089  -5.148038E-18
4035.85096764565  -8.809918E-18
4039.33432579041  2.097730E-17
4042.81768393517  2.788737E-17
4046.30104207993  3.278270E-17
4049.78440022469  1.343171E-17
4053.26775836945  3.367585E-17
4056.75111651421  2.190213E-17
4060.23447465897  6.371174E-18
4063.71783280373  1.818751E-17
4067.20119094849  3.139188E-17
4070.68454909325  3.821201E-17
4074.16790723801  1.120394E-17
4077.65126538277  8.296741E-19
4081.13462352753  1.227569E-17
4084.61798167229  1.276060E-17
4088.10133981705  1.460432E-17
4091.58469796182  3.180750E-17
4095.06805610658  3.838007E-17
4098.55141425134  2.505739E-17
4102.0347723961  3.081306E-17
4105.51813054086  2.354341E-17
4109.00148868562  2.070926E-17
4112.48484683038  1.103299E-17
4115.96820497514  9.827679E-18
4119.4515631199  3.274389E-17
4122.93492126466  4.122156E-17
4126.41827940942  1.520134E-17
4129.90163755418  2.849291E-17
4133.38499569894  5.769805E-18
4136.8683538437  -4.930815E-18
4140.35171198846  1.151822E-18
4143.83507013322  -8.780618E-18
4147.31842827798  -1.225497E-17
4150.80178642274  1.592004E-17
4154.2851445675  1.606562E-17
4157.76850271226  -1.222308E-18
4161.25186085702  1.592887E-17
4164.73521900178  3.170813E-17
4168.21857714654  5.986665E-18
4171.7019352913  -4.771629E-19
4175.18529343606  9.033194E-19
4178.66865158082  1.136301E-17
4182.15200972558  2.817983E-17
4185.63536787034  2.481544E-17
4189.1187260151  2.067337E-17
4192.60208415986  2.033837E-17
4196.08544230462  3.114788E-17
4199.56880044938  3.273684E-17
4203.05215859414  2.836139E-17
4206.5355167389  2.876093E-17
4210.01887488366  9.559911E-18
4213.50223302842  1.012841E-17
4216.98559117318  1.696787E-17
4220.46894931794  1.847893E-17
4223.9523074627  2.281559E-17
4227.43566560746  2.886792E-17
4230.91902375222  2.689444E-17
4234.40238189698  2.924399E-17
4237.88574004174  3.633921E-17
4241.3690981865  3.080304E-17
4244.85245633126  1.631082E-17
4248.33581447602  6.964396E-18
4251.81917262078  3.434732E-17
4255.30253076554  2.221351E-17
4258.7858889103  1.379734E-17
4262.26924705506  2.968244E-17
4265.75260519982  2.557785E-17
4269.23596334458  2.199199E-17
4272.71932148934  3.353598E-17
4276.2026796341  3.194811E-17
4279.68603777886  3.121844E-17
4283.16939592362  5.061642E-17
4286.65275406838  5.402275E-17
4290.13611221314  4.548374E-17
4293.6194703579  2.968796E-17
4297.10282850266  2.413512E-17
4300.58618664742  2.705148E-17
4304.06954479218  2.370546E-17
4307.55290293694  1.954442E-17
4311.0362610817  2.817134E-17
4314.51961922646  3.014911E-17
4318.00297737122  2.295934E-17
4321.48633551598  2.490349E-17
4324.96969366074  4.409730E-17
4328.4530518055  3.433727E-17
4331.93640995026  2.646704E-17
4335.41976809502  2.499009E-17
4338.90312623978  1.509180E-17
4342.38648438454  2.795624E-17
4345.8698425293  4.946720E-17
4349.35320067407  4.638598E-17
4352.83655881883  2.676774E-17
4356.31991696359  1.791213E-17
4359.80327510835  6.966718E-19
4363.28663325311  2.017764E-17
4366.76999139787  2.516349E-17
4370.25334954263  3.008247E-17
4373.73670768739  1.448312E-17
4377.22006583215  6.124309E-18
4380.70342397691  2.591066E-17
4384.18678212167  1.427518E-17
4387.67014026643  2.216365E-17
4391.15349841119  4.275732E-17
4394.63685655595  3.964304E-17
4398.12021470071  2.537967E-17
4401.60357284547  3.713500E-17
4405.08693099023  2.379327E-17
4408.57028913499  3.208265E-17
4412.05364727975  2.621829E-17
4415.53700542451  1.004161E-17
4419.02036356927  1.913885E-17
4422.50372171403  3.040689E-17
4425.98707985879  1.478826E-17
4429.47043800355  2.916086E-17
4432.95379614831  4.108982E-17
4436.43715429307  4.190187E-17
4439.92051243783  3.934713E-17
4443.40387058259  2.378745E-17
4446.88722872735  1.693895E-17
4450.37058687211  1.470380E-17
4453.85394501687  2.258598E-17
4457.33730316163  2.937592E-17
4460.82066130639  3.436950E-17
4464.30401945115  3.606023E-17
4467.78737759591  2.927236E-17
4471.27073574067  2.254275E-17
4474.75409388543  3.155397E-17
4478.23745203019  3.588830E-17
4481.72081017495  2.848608E-17
4485.20416831971  2.918814E-17
4488.68752646447  2.064617E-17
4492.17088460923  1.662864E-17
4495.65424275399  1.846350E-17
4499.13760089875  1.708855E-17
4502.62095904351  3.486797E-17
4506.10431718827  2.566881E-17
4509.58767533303  2.231726E-17
4513.07103347779  2.620824E-17
4516.55439162255  2.582364E-17
4520.03774976731  1.525367E-17
4523.52110791207  1.901963E-17
4527.00446605683  3.450515E-17
4530.48782420159  4.499226E-17
4533.97118234635  3.253010E-17
4537.45454049111  1.732343E-17
4540.93789863587  2.116116E-17
4544.42125678063  1.091611E-17
4547.90461492539  1.855534E-17
4551.38797307015  2.623607E-17
4554.87133121491  2.643884E-17
4558.35468935967  3.826421E-17
4561.83804750443  2.330405E-17
4565.32140564919  1.271878E-17
4568.80476379395  1.423152E-17
4572.28812193871  2.651276E-17
4575.77148008347  2.639734E-17
4579.25483822823  3.771767E-17
4582.73819637299  2.641509E-17
4586.22155451775  2.430510E-17
4589.70491266251  2.626657E-17
4593.18827080727  2.729267E-17
4596.67162895203  1.686937E-17
4600.15498709679  1.798788E-17
4603.63834524155  1.880325E-17
4607.12170338632  9.424745E-18
4610.60506153108  3.475625E-18
4614.08841967584  1.134700E-17
4617.5717778206  1.868043E-17
4621.05513596536  2.486382E-17
4624.53849411012  2.601340E-17
4628.02185225488  2.564157E-17
4631.50521039964  2.269030E-17
4634.9885685444  2.942272E-17
4638.47192668916  3.697556E-17
4641.95528483392  2.569500E-17
4645.43864297868  3.192134E-17
4648.92200112344  2.404539E-17
4652.4053592682  3.170584E-17
4655.88871741296  2.682304E-17
4659.37207555772  2.148102E-17
4662.85543370248  3.248735E-17
4666.33879184724  3.248348E-17
4669.822149992  2.813574E-17
4673.30550813676  1.794932E-17
4676.78886628152  1.764085E-17
4680.27222442628  1.427798E-17
4683.75558257104  2.114631E-17
4687.2389407158  3.135760E-17
4690.72229886056  4.327303E-17
4694.20565700532  3.726824E-17
4697.68901515008  4.006092E-17
4701.17237329484  2.242547E-17
4704.6557314396  2.799705E-17
4708.13908958436  2.669520E-17
4711.62244772912  3.366518E-17
4715.10580587388  3.311153E-17
4718.58916401864  1.690257E-17
4722.0725221634  2.268497E-17
4725.55588030816  1.670714E-17
4729.03923845292  2.633790E-17
4732.52259659768  2.505234E-17
4736.00595474244  2.522685E-17
4739.4893128872  2.791091E-17
4742.97267103196  1.251356E-17
4746.45602917672  3.065352E-17
4749.93938732148  2.486450E-17
4753.42274546624  1.700201E-17
4756.906103611  2.766689E-17
4760.38946175576  3.046741E-17
4763.87281990052  2.652803E-17
4767.35617804528  2.277507E-17
4770.83953619004  2.976231E-17
4774.3228943348  2.471274E-17
4777.80625247956  1.787455E-17
4781.28961062432  1.839976E-17
4784.77296876908  1.897686E-17
4788.25632691384  2.897648E-17
4791.7396850586  2.918945E-17
4795.22304320336  2.755633E-17
4798.70640134812  1.943334E-17
4802.18975949288  2.143871E-17
4805.67311763764  1.116069E-17
4809.1564757824  1.000449E-17
4812.63983392716  1.010424E-17
4816.12319207192  1.048503E-17
4819.60655021668  1.042813E-17
4823.08990836144  1.110413E-17
4826.5732665062  2.415464E-17
4830.05662465096  1.925260E-17
4833.53998279572  1.757351E-17
4837.02334094048  2.800638E-17
4840.50669908524  2.477582E-17
4843.99005723  2.746933E-17
4847.47341537476  2.935018E-17
4850.95677351952  2.416847E-17
4854.44013166428  2.676796E-17
4857.92348980904  3.370648E-17
4861.4068479538  3.434369E-17
4864.89020609857  3.480435E-17
4868.37356424333  3.797063E-17
4871.85692238809  3.614229E-17
4875.34028053285  3.204361E-17
4878.82363867761  2.495444E-17
4882.30699682237  2.594925E-17
4885.79035496713  1.675808E-17
4889.27371311189  2.692401E-17
4892.75707125665  3.730943E-17
4896.24042940141  2.086095E-17
4899.72378754617  3.381915E-17
4903.20714569093  3.968645E-17
4906.69050383569  3.610105E-17
4910.17386198045  4.561114E-17
4913.65722012521  3.046737E-17
4917.14057826997  1.750263E-17
4920.62393641473  2.607461E-17
4924.10729455949  3.721779E-17
4927.59065270425  4.242478E-17
4931.07401084901  3.676154E-17
4934.55736899377  3.029555E-17
4938.04072713853  3.284527E-17
4941.52408528329  4.246952E-17
4945.00744342805  4.106740E-17
4948.49080157281  3.443181E-17
4951.97415971757  3.129374E-17
4955.45751786233  3.983152E-17
4958.94087600709  4.004827E-17
4962.42423415185  4.212663E-17
4965.90759229661  5.392983E-17
4969.39095044137  3.821216E-17
4972.87430858613  2.774987E-17
4976.35766673089  3.716636E-17
4979.84102487565  4.138087E-17
4983.32438302041  3.424058E-17
4986.80774116517  4.008566E-17
4990.29109930993  3.990148E-17
4993.77445745469  3.367004E-17
4997.25781559945  3.619321E-17
5000.74117374421  4.098833E-17
5004.22453188897  5.087507E-17
5007.70789003373  4.186004E-17
5011.19124817849  3.814138E-17
5014.67460632325  3.940641E-17
5018.15796446801  4.298162E-17
5021.64132261277  3.119766E-17
5025.12468075753  3.025583E-17
5028.60803890229  4.072118E-17
5032.09139704705  4.420178E-17
5035.57475519181  3.975730E-17
5039.05811333657  3.651399E-17
5042.54147148133  3.192954E-17
5046.02482962609  3.222825E-17
5049.50818777085  2.554150E-17
5052.99154591561  2.665191E-17
5056.47490406037  2.597602E-17
5059.95826220513  2.061623E-17
5063.44162034989  1.965721E-17
5066.92497849465  2.750577E-17
5070.40833663941  3.948016E-17
5073.89169478417  4.801393E-17
5077.37505292893  4.449906E-17
5080.85841107369  3.109277E-17
5084.34176921845  3.381714E-17
5087.82512736321  3.739325E-17
5091.30848550797  3.048014E-17
5094.79184365273  2.912890E-17
5098.27520179749  2.825118E-17
5101.75855994225  2.437152E-17
5105.24191808702  2.859858E-17
5108.72527623178  2.375614E-17
5112.20863437654  2.358912E-17
5115.6919925213  2.842042E-17
5119.17535066606  2.262409E-17
5122.65870881082  1.769031E-17
5126.14206695558  2.701063E-17
5129.62542510034  3.425553E-17
5133.1087832451  3.016389E-17
5136.59214138986  2.368832E-17
5140.07549953462  2.101035E-17
5143.55885767938  2.853873E-17
5147.04221582414  3.313601E-17
5150.5255739689  3.098528E-17
5154.00893211366  1.700268E-17
5157.49229025842  2.154367E-17
5160.97564840318  2.938589E-17
5164.45900654794  2.615602E-17
5167.9423646927  2.572934E-17
5171.42572283746  2.341277E-17
5174.90908098222  2.413867E-17
5178.39243912698  2.095423E-17
5181.87579727174  2.403039E-17
5185.3591554165  2.544047E-17
5188.84251356126  2.222505E-17
5192.32587170602  3.486109E-17
5195.80922985078  3.489221E-17
5199.29258799554  2.321368E-17
5202.7759461403  2.180788E-17
5206.25930428506  2.783224E-17
5209.74266242982  3.802594E-17
5213.22602057458  2.926054E-17
5216.70937871934  2.127325E-17
5220.1927368641  1.865825E-17
5223.67609500886  2.436908E-17
5227.15945315362  2.942605E-17
5230.64281129838  2.873133E-17
5234.12616944314  2.755235E-17
5237.6095275879  2.990804E-17
5241.09288573266  2.735840E-17
5244.57624387742  2.574034E-17
5248.05960202218  1.985796E-17
5251.54296016694  2.060352E-17
5255.0263183117  2.810524E-17
5258.50967645646  1.880347E-17
5261.99303460122  1.905773E-17
5265.47639274598  2.475498E-17
5268.95975089074  2.665156E-17
5272.4431090355  2.561127E-17
5275.92646718026  2.051593E-17
5279.40982532502  2.096697E-17
5282.89318346978  1.863321E-17
5286.37654161454  2.136320E-17
5289.8598997593  2.539466E-17
5293.34325790406  2.461088E-17
5296.82661604882  2.037627E-17
5300.30997419358  1.390150E-17
5303.79333233834  1.568236E-17
5307.2766904831  2.398492E-17
5310.76004862786  3.182995E-17
5314.24340677262  2.413060E-17
5317.72676491738  2.613474E-17
5321.21012306214  2.908079E-17
5324.6934812069  1.886459E-17
5328.17683935166  2.803396E-17
5331.66019749642  3.862568E-17
5335.14355564118  3.217865E-17
5338.62691378594  3.646698E-17
5342.1102719307  4.523315E-17
5345.59363007546  4.468294E-17
5349.07698822022  4.542209E-17
5352.56034636498  3.886077E-17
5356.04370450974  2.791098E-17
5359.5270626545  3.668046E-17
5363.01042079927  4.327655E-17
5366.49377894403  3.799940E-17
5369.97713708878  2.963656E-17
5373.46049523355  2.830881E-17
5376.94385337831  2.307007E-17
5380.42721152307  2.759606E-17
5383.91056966783  3.327204E-17
5387.39392781259  2.773448E-17
5390.87728595735  4.124043E-17
5394.36064410211  4.405896E-17
5397.84400224687  4.490624E-17
5401.32736039163  4.097923E-17
5404.81071853639  3.254868E-17
5408.29407668115  2.543764E-17
5411.77743482591  2.847349E-17
5415.26079297067  2.857502E-17
5418.74415111543  2.577843E-17
5422.22750926019  1.752700E-17
5425.71086740495  3.259413E-17
5429.19422554971  4.057148E-17
5432.67758369447  4.038687E-17
5436.16094183923  2.937018E-17
5439.64429998399  2.164040E-17
5443.12765812875  2.212207E-17
5446.61101627351  2.314822E-17
5450.09437441827  1.619545E-17
5453.57773256303  1.539022E-17
5457.06109070779  1.869819E-17
5460.54444885255  1.951512E-17
5464.02780699731  1.709991E-17
5467.51116514207  2.101772E-17
5470.99452328683  2.367026E-17
5474.47788143159  2.207273E-17
5477.96123957635  2.971280E-17
5481.44459772111  2.751859E-17
5484.92795586587  1.658217E-17
5488.41131401063  1.955322E-17
5491.89467215539  1.654662E-17
5495.37803030015  2.122523E-17
5498.86138844491  2.748265E-17
5502.34474658967  2.690276E-17
5505.82810473443  3.040749E-17
5509.31146287919  3.313551E-17
5512.79482102395  2.656999E-17
5516.27817916871  2.790076E-17
5519.76153731347  3.100404E-17
5523.24489545823  2.799940E-17
5526.72825360299  2.781733E-17
5530.21161174775  3.455646E-17
5533.69496989251  2.345324E-17
5537.17832803727  2.603858E-17
5540.66168618203  3.215100E-17
5544.14504432679  2.531678E-17
5547.62840247155  2.684781E-17
5551.11176061631  3.939402E-17
5554.59511876107  2.995395E-17
5558.07847690583  3.226629E-17
5561.56183505059  3.402048E-17
5565.04519319535  3.479597E-17
5568.52855134011  3.557136E-17
5572.01190948487  3.634685E-17
5575.49526762963  3.712234E-17
5578.97862577439  3.789783E-17
5582.46198391915  3.867332E-17
5585.94534206391  3.944881E-17
5589.42870020867  4.022430E-17
5592.91205835343  2.892386E-17
5596.39541649819  3.007520E-17
5599.87877464295  3.489156E-17
5603.36213278771  2.725145E-17
5606.84549093247  2.243716E-17
5610.32884907723  2.882980E-17
5613.81220722199  2.891110E-17
5617.29556536676  2.658703E-17
5620.77892351151  3.727352E-17
5624.26228165627  3.217116E-17
5627.74563980104  2.428738E-17
5631.22899794579  2.312432E-17
5634.71235609056  3.163643E-17
5638.19571423532  3.025018E-17
5641.67907238008  2.915906E-17
5645.16243052484  2.762247E-17
5648.6457886696  2.753063E-17
5652.12914681436  3.217855E-17
5655.61250495912  3.265597E-17
5659.09586310388  3.638038E-17
5662.57922124864  3.024999E-17
5666.0625793934  2.437903E-17
5669.54593753816  2.816335E-17
5673.02929568292  3.247441E-17
5676.51265382768  3.592263E-17
5679.99601197244  3.563061E-17
5683.4793701172  3.254666E-17
5686.96272826196  3.753753E-17
5690.44608640672  4.200840E-17
5693.92944455148  3.783937E-17
5697.41280269624  4.082015E-17
5700.896160841  3.797547E-17
5704.37951898576  3.363718E-17
5707.86287713052  3.433513E-17
5711.34623527528  3.568724E-17
5714.82959342004  2.857363E-17
5718.3129515648  3.862535E-17
5721.79630970956  3.915032E-17
5725.27966785432  2.999255E-17
5728.76302599908  3.413733E-17
5732.24638414384  4.303364E-17
5735.7297422886  3.803307E-17
5739.21310043336  3.632346E-17
5742.69645857812  3.454377E-17
5746.17981672288  3.476131E-17
5749.66317486764  3.577980E-17
5753.1465330124  3.423711E-17
5756.62989115716  3.768271E-17
5760.11324930192  4.921611E-17
5763.59660744668  4.490961E-17
5767.07996559144  3.525935E-17
5770.5633237362  3.454161E-17
5774.04668188096  3.667773E-17
5777.53004002572  3.482892E-17
5781.01339817048  3.730630E-17
5784.49675631524  4.029422E-17
5787.98011446  4.735001E-17
5791.46347260476  4.470670E-17
5794.94683074952  3.846044E-17
5798.43018889428  3.660879E-17
5801.91354703904  3.704495E-17
5805.3969051838  3.732374E-17
5808.88026332856  3.206598E-17
5812.36362147332  2.916803E-17
5815.84697961808  3.139407E-17
5819.33033776284  3.924155E-17
5822.8136959076  3.561002E-17
5826.29705405236  3.177988E-17
5829.78041219712  3.805810E-17
5833.26377034188  3.551371E-17
5836.74712848664  3.439131E-17
5840.2304866314  3.682231E-17
5843.71384477616  3.714147E-17
5847.19720292092  3.508817E-17
5850.68056106568  3.136505E-17
5854.16391921044  3.613846E-17
5857.6472773552  4.102317E-17
5861.13063549996  3.590016E-17
5864.61399364472  3.085439E-17
5868.09735178948  2.944281E-17
5871.58070993424  3.521480E-17
5875.064068079  4.526977E-17
5878.54742622376  3.871666E-17
5882.03078436852  2.169413E-17
5885.51414251328  2.674961E-17
5888.99750065804  4.506549E-17
5892.48085880281  4.831910E-17
5895.96421694757  4.805935E-17
5899.44757509233  4.153379E-17
5902.93093323709  4.381968E-17
5906.41429138185  4.856698E-17
5909.89764952661  4.831402E-17
5913.38100767137  3.940108E-17
5916.86436581613  4.517026E-17
5920.34772396089  4.954646E-17
5923.83108210565  3.912311E-17
5927.31444025041  4.427567E-17
5930.79779839517  4.383351E-17
5934.28115653993  2.635661E-17
5937.76451468469  2.795264E-17
5941.24787282945  3.730049E-17
5944.73123097421  3.094500E-17
5948.21458911897  2.835867E-17
5951.69794726373  3.652459E-17
5955.18130540849  4.327188E-17
5958.66466355325  2.805524E-17
5962.14802169801  2.063209E-17
5965.63137984277  3.138949E-17
5969.11473798753  3.749071E-17
5972.59809613229  3.355915E-17
5976.08145427705  2.744855E-17
5979.56481242181  3.514467E-17
5983.04817056657  4.037184E-17
5986.53152871133  3.924506E-17
5990.01488685609  2.275545E-17
5993.49824500085  2.281207E-17
5996.98160314561  3.728944E-17
6000.46496129037  3.389729E-17
6003.94831943513  2.767806E-17
6007.43167757989  2.743828E-17
6010.91503572465  2.489067E-17
6014.39839386941  2.240467E-17
6017.88175201417  3.094956E-17
6021.36511015893  3.003642E-17
6024.84846830369  3.443036E-17
6028.33182644845  4.017661E-17
6031.81518459321  3.507330E-17
6035.29854273797  2.271607E-17
6038.78190088273  2.367484E-17
6042.26525902749  2.675800E-17
6045.74861717225  2.775506E-17
6049.23197531701  2.906833E-17
6052.71533346177  3.455736E-17
6056.19869160653  4.514904E-17
6059.68204975129  3.530637E-17
6063.16540789605  2.659665E-17
6066.64876604081  3.390209E-17
6070.13212418557  3.528738E-17
6073.61548233033  3.472394E-17
6077.09884047509  3.383656E-17
6080.58219861985  2.898219E-17
6084.06555676461  3.104160E-17
6087.54891490937  3.460479E-17
6091.03227305413  3.543221E-17
6094.51563119889  4.054590E-17
6097.99898934365  2.918395E-17
6101.48234748841  2.223422E-17
6104.96570563317  2.845761E-17
6108.44906377793  2.865538E-17
6111.93242192269  3.083384E-17
6115.41578006745  3.000444E-17
6118.89913821221  3.017943E-17
6122.38249635697  3.277912E-17
6125.86585450173  3.514600E-17
6129.34921264649  2.757029E-17
6132.83257079125  2.724207E-17
6136.31592893601  1.828366E-17
6139.79928708077  1.831407E-17
6143.28264522553  3.822976E-17
6146.76600337029  4.383986E-17
6150.24936151506  3.548547E-17
6153.73271965982  3.088086E-17
6157.21607780458  3.063395E-17
6160.69943594934  3.179163E-17
6164.1827940941  2.870887E-17
6167.66615223886  2.807632E-17
6171.14951038362  3.022352E-17
6174.63286852838  2.004185E-17
6178.11622667313  1.514636E-17
6181.5995848179  2.342384E-17
6185.08294296266  2.257568E-17
6188.56630110742  1.628394E-17
6192.04965925218  1.674373E-17
6195.53301739694  1.934357E-17
6199.0163755417  1.042925E-17
6202.49973368646  1.023765E-17
6205.98309183122  2.141406E-17
6209.46644997598  2.310386E-17
6212.94980812074  1.605086E-17
6216.4331662655  1.583110E-17
6219.91652441026  1.838908E-17
6223.39988255502  2.075536E-17
6226.88324069978  2.622925E-17
6230.36659884454  2.631387E-17
6233.8499569893  2.600645E-17
6237.33331513406  2.534998E-17
6240.81667327882  1.913280E-17
6244.30003142358  1.816021E-17
6247.78338956834  2.278197E-17
6251.2667477131  2.489320E-17
6254.75010585786  2.424709E-17
6258.23346400262  2.659276E-17
6261.71682214738  2.839859E-17
6265.20018029214  4.015904E-17
6268.6835384369  3.558840E-17
6272.16689658166  3.251073E-17
6275.65025472642  2.768934E-17
6279.13361287118  2.277555E-17
6282.61697101594  2.331369E-17
6286.1003291607  2.591385E-17
6289.58368730546  2.637213E-17
6293.06704545022  3.975634E-17
6296.55040359498  4.351039E-17
6300.03376173974  4.003546E-17
6303.5171198845  4.943134E-17
6307.00047802926  5.017035E-17
6310.48383617402  4.083523E-17
6313.96719431878  3.316089E-17
6317.45055246354  2.741766E-17
6320.9339106083  3.214603E-17
6324.41726875306  4.211380E-17
6327.90062689782  2.868544E-17
6331.38398504258  1.926068E-17
6334.86734318734  2.971336E-17
6338.3507013321  3.974943E-17
6341.83405947686  2.945886E-17
6345.31741762162  2.457006E-17
6348.80077576638  3.304205E-17
6352.28413391114  2.981120E-17
6355.7674920559  2.310319E-17
6359.25085020066  3.438816E-17
6362.73420834542  4.422973E-17
6366.21756649018  3.404140E-17
6369.70092463494  2.600404E-17
6373.1842827797  2.951279E-17
6376.66764092446  3.709048E-17
6380.15099906922  4.008550E-17
6383.63435721398  3.185659E-17
6387.11771535874  3.255053E-17
6390.60107350351  3.837506E-17
6394.08443164826  4.006446E-17
6397.56778979302  4.124179E-17
6401.05114793779  3.742430E-17
6404.53450608255  2.804315E-17
6408.01786422731  2.243388E-17
6411.50122237207  2.702137E-17
6414.98458051683  2.274017E-17
6418.46793866159  3.141696E-17
6421.95129680635  2.907337E-17
6425.43465495111  2.840474E-17
6428.91801309587  2.898319E-17
6432.40137124063  3.614450E-17
6435.88472938539  3.331297E-17
6439.36808753015  2.965316E-17
6442.85144567491  3.475075E-17
6446.33480381967  2.973575E-17
6449.81816196443  2.824066E-17
6453.30152010919  2.993672E-17
6456.78487825395  2.016246E-17
6460.26823639871  2.192767E-17
6463.75159454347  2.886179E-17
6467.23495268823  2.502150E-17
6470.71831083299  2.165039E-17
6474.20166897775  3.125884E-17
6477.68502712251  3.964881E-17
6481.16838526727  3.219811E-17
6484.65174341203  2.661223E-17
6488.13510155679  2.825596E-17
6491.61845970155  2.730517E-17
6495.10181784631  2.674582E-17
6498.58517599107  2.889201E-17
6502.06853413583  3.267076E-17
6505.55189228059  2.802764E-17
6509.03525042535  2.521220E-17
6512.51860857011  3.085540E-17
6516.00196671487  2.947647E-17
6519.48532485963  2.701040E-17
6522.96868300439  3.031261E-17
6526.45204114915  2.929049E-17
6529.93539929391  3.497213E-17
6533.41875743867  2.666501E-17
6536.90211558343  1.181464E-17
6540.38547372819  2.352692E-17
6543.86883187295  3.620067E-17
6547.35219001771  3.476195E-17
6550.83554816247  3.552159E-17
6554.31890630723  2.430446E-17
6557.80226445199  2.502163E-17
6561.28562259675  2.108270E-17
6564.76898074151  1.162763E-17
6568.25233888627  1.698638E-17
6571.73569703103  2.605710E-17
6575.21905517579  2.694705E-17
6578.70241332055  2.303933E-17
6582.18577146531  2.026395E-17
6585.66912961007  2.129223E-17
6589.15248775483  2.794902E-17
6592.63584589959  3.868337E-17
6596.11920404435  4.069077E-17
6599.60256218911  3.379364E-17
6603.08592033387  2.944775E-17
6606.56927847863  3.094635E-17
6610.05263662339  3.481742E-17
6613.53599476815  2.485002E-17
6617.01935291291  2.174306E-17
6620.50271105767  2.685723E-17
6623.98606920243  2.361444E-17
6627.46942734719  2.660171E-17
6630.95278549195  2.298324E-17
6634.43614363671  1.949298E-17
6637.91950178147  2.775230E-17
6641.40285992623  3.463438E-17
6644.88621807099  3.261950E-17
6648.36957621575  3.795479E-17
6651.85293436051  4.418939E-17
6655.33629250527  3.514427E-17
6658.81965065003  3.243228E-17
6662.3030087948  3.526386E-17
6665.78636693956  3.264482E-17
6669.26972508432  3.803602E-17
6672.75308322907  4.005357E-17
6676.23644137384  3.448839E-17
6679.7197995186  2.721987E-17
6683.20315766336  3.290562E-17
6686.68651580812  3.684271E-17
6690.16987395288  2.944129E-17
6693.65323209764  2.887011E-17
6697.1365902424  3.052776E-17
6700.61994838716  3.230784E-17
6704.10330653192  3.452131E-17
6707.58666467668  3.616769E-17
6711.07002282144  3.459043E-17
6714.5533809662  3.064910E-17
6718.03673911096  2.952547E-17
6721.52009725572  2.267083E-17
6725.00345540048  2.493552E-17
6728.48681354524  2.764152E-17
6731.97017169  2.425241E-17
6735.45352983476  2.104079E-17
6738.93688797952  2.473775E-17
6742.42024612428  3.099523E-17
6745.90360426904  3.417572E-17
6749.3869624138  2.308696E-17
6752.87032055856  2.223889E-17
6756.35367870332  2.047165E-17
6759.83703684808  2.602435E-17
6763.32039499284  3.217279E-17
6766.8037531376  3.167763E-17
6770.28711128236  2.706187E-17
6773.77046942712  2.133011E-17
6777.25382757188  2.352375E-17
6780.73718571664  3.015832E-17
6784.2205438614  3.144017E-17
6787.70390200616  2.883376E-17
6791.18726015092  2.877083E-17
6794.67061829568  3.199698E-17
6798.15397644044  3.140747E-17
6801.6373345852  2.417784E-17
6805.12069272996  1.891073E-17
6808.60405087472  2.424201E-17
6812.08740901948  3.162220E-17
6815.57076716424  3.130973E-17
6819.054125309  2.121538E-17
6822.53748345376  1.306348E-17
6826.02084159852  2.388530E-17
6829.50419974328  3.380410E-17
6832.98755788804  3.149108E-17
6836.4709160328  2.345401E-17
6839.95427417756  2.658131E-17
6843.43763232232  1.800944E-17
6846.92099046708  2.483130E-17
6850.40434861184  2.994539E-17
6853.8877067566  2.536462E-17
6857.37106490136  3.199517E-17
6860.85442304612  3.445718E-17
6864.33778119088  3.382261E-17
6867.82113933564  3.183681E-17
6871.3044974804  3.566817E-17
6874.78785562516  4.384504E-17
6878.27121376992  4.157372E-17
6881.75457191468  3.491549E-17
6885.23793005944  3.553440E-17
6888.7212882042  3.708658E-17
6892.20464634896  2.568793E-17
6895.68800449373  2.555811E-17
6899.17136263848  2.946508E-17
6902.65472078325  4.162508E-17
6906.138078928  4.008475E-17
6909.62143707277  3.585798E-17
6913.10479521753  3.095991E-17
6916.58815336229  3.697082E-17
6920.07151150705  3.335559E-17
6923.55486965181  3.716757E-17
6927.03822779657  3.406401E-17
6930.52158594133  2.966692E-17
6934.00494408609  3.153276E-17
6937.48830223085  3.515891E-17
6940.97166037561  2.351379E-17
6944.45501852037  1.614390E-17
6947.93837666513  3.262200E-17
6951.42173480989  3.699956E-17
6954.90509295465  3.510884E-17
6958.38845109941  3.625913E-17
6961.87180924417  3.322949E-17
6965.35516738893  3.427037E-17
6968.83852553369  3.364595E-17
6972.32188367845  3.781883E-17
6975.80524182321  4.417315E-17
6979.28859996797  4.297654E-17
6982.77195811273  3.809381E-17
6986.25531625749  3.691000E-17
6989.73867440225  4.164501E-17
6993.22203254701  3.895260E-17
6996.70539069177  3.464506E-17
7000.18874883653  3.185527E-17
7003.67210698129  3.168243E-17
7007.15546512605  3.217201E-17
7010.63882327081  2.723504E-17
7014.12218141557  2.260354E-17
7017.60553956033  2.252464E-17
7021.08889770509  2.906887E-17
7024.57225584985  3.720117E-17
7028.05561399461  3.100691E-17
7031.53897213937  3.096231E-17
7035.02233028413  3.725759E-17
7038.50568842889  4.054514E-17
7041.98904657365  3.490528E-17
7045.47240471841  2.740356E-17
7048.95576286317  2.733576E-17
7052.43912100793  3.140594E-17
7055.92247915269  3.622815E-17
7059.40583729745  3.116221E-17
7062.88919544221  3.583043E-17
7066.37255358697  3.166141E-17
7069.85591173173  3.278202E-17
7073.33926987649  3.117111E-17
7076.82262802125  2.155268E-17
7080.30598616601  1.889486E-17
7083.78934431077  2.449375E-17
7087.27270245553  2.431993E-17
7090.75606060029  2.611433E-17
7094.23941874505  3.189516E-17
7097.72277688981  3.087244E-17
7101.20613503457  3.240723E-17
7104.68949317933  3.239055E-17
7108.17285132409  3.308851E-17
7111.65620946885  2.296128E-17
7115.13956761361  1.649841E-17
7118.62292575837  1.948592E-17
7122.10628390313  2.538586E-17
7125.58964204789  2.872154E-17
7129.07300019265  2.651043E-17
7132.55635833741  2.614166E-17
7136.03971648217  2.396359E-17
7139.52307462693  2.439352E-17
7143.00643277169  1.804895E-17
7146.48979091645  1.903131E-17
7149.97314906121  2.341596E-17
7153.45650720597  2.627482E-17
7156.93986535073  2.090269E-17
7160.42322349549  2.066810E-17
7163.90658164026  2.773792E-17
7167.38993978501  2.473904E-17
7170.87329792978  2.870189E-17
7174.35665607453  2.863189E-17
7177.8400142193  3.087235E-17
7181.32337236406  3.076685E-17
7184.80673050882  2.643030E-17
7188.29008865358  2.732175E-17
7191.77344679834  2.761272E-17
7195.2568049431  2.484173E-17
7198.74016308786  2.613506E-17
7202.22352123262  2.997907E-17
7205.70687937738  3.048824E-17
7209.19023752214  2.413919E-17
7212.6735956669  1.912559E-17
7216.15695381166  2.631060E-17
7219.64031195642  3.490868E-17
7223.12367010118  3.365071E-17
7226.60702824594  2.072144E-17
7230.0903863907  2.083123E-17
7233.57374453546  2.189595E-17
7237.05710268022  2.319203E-17
7240.54046082498  1.740069E-17
7244.02381896974  1.624407E-17
7247.5071771145  2.326487E-17
7250.99053525926  1.730562E-17
7254.47389340402  1.627291E-17
7257.95725154878  2.247774E-17
7261.44060969354  2.379935E-17
7264.9239678383  2.021487E-17
7268.40732598306  2.981832E-17
7271.89068412782  4.205380E-17
7275.37404227258  3.385934E-17
7278.85740041734  3.081027E-17
7282.3407585621  3.932391E-17
7285.82411670686  2.666162E-17
7289.30747485162  1.456817E-17
7292.79083299638  2.538396E-17
7296.27419114114  2.916354E-17
7299.7575492859  2.642344E-17
7303.24090743066  2.671265E-17
7306.72426557542  3.192800E-17
7310.20762372018  2.428927E-17
7313.69098186494  3.182915E-17
7317.1743400097  2.822135E-17
7320.65769815446  2.169968E-17
7324.14105629922  2.286587E-17
7327.62441444398  2.184818E-17
7331.10777258874  1.657477E-17
7334.5911307335  1.531214E-17
7338.07448887826  1.590073E-17
7341.55784702302  2.271631E-17
7345.04120516778  3.129261E-17
7348.52456331254  3.329418E-17
7352.0079214573  2.562431E-17
7355.49127960206  1.594319E-17
7358.97463774682  1.761991E-17
7362.45799589158  1.777362E-17
7365.94135403634  2.135118E-17
7369.4247121811  2.885369E-17
7372.90807032586  2.193224E-17
7376.39142847062  1.037052E-17
7379.87478661538  1.634997E-17
7383.35814476014  2.521174E-17
7386.8415029049  1.710044E-17
7390.32486104966  1.928246E-17
7393.80821919442  2.700913E-17
7397.29157733918  2.557874E-17
7400.77493548394  2.089542E-17
7404.2582936287  2.521249E-17
7407.74165177346  1.683912E-17
7411.22500991822  2.016382E-17
7414.70836806298  3.017395E-17
7418.19172620775  2.450915E-17
7421.6750843525  2.067331E-17
7425.15844249727  1.811593E-17
7428.64180064202  2.045743E-17
7432.12515878679  2.559022E-17
7435.60851693155  2.451034E-17
7439.09187507631  2.491490E-17
7442.57523322107  1.846436E-17
7446.05859136583  1.821468E-17
7449.54194951059  1.783629E-17
7453.02530765535  1.450665E-17
7456.50866580011  2.328362E-17
7459.99202394487  2.016638E-17
7463.47538208963  2.669389E-17
7466.95874023439  2.544378E-17
7470.44209837915  1.166689E-17
7473.92545652391  5.317653E-18
7477.40881466867  9.444370E-18
7480.89217281343  1.177369E-17
7484.37553095819  9.681634E-18
7487.85888910295  1.984139E-17
7491.34224724771  3.210090E-17
7494.82560539247  2.900944E-17
7498.30896353723  2.416028E-17
7501.79232168199  2.607434E-17
7505.27567982675  3.944578E-17
7508.75903797151  4.104127E-17
7512.24239611627  3.107226E-17
7515.72575426103  1.564729E-17
7519.20911240579  1.177551E-17
7522.69247055055  3.260326E-17
7526.17582869531  3.146649E-17
7529.65918684007  4.661410E-17
7533.14254498483  3.921747E-17
7536.62590312959  2.139038E-17
7540.10926127435  2.574091E-17
7543.59261941911  3.481321E-17
7547.07597756387  3.098710E-17
7550.55933570863  2.334103E-17
7554.04269385339  2.518553E-17
7557.52605199815  2.307443E-17
7561.00941014291  2.030678E-17
7564.49276828767  3.321673E-17
7567.97612643243  3.036731E-17
7571.45948457719  1.120492E-17
7574.94284272195  1.202163E-17
7578.42620086671  2.534840E-17
7581.90955901147  2.340743E-17
7585.39291715623  2.415054E-17
7588.87627530099  2.683070E-17
7592.35963344575  3.841283E-17
7595.84299159051  1.845159E-17
7599.32634973527  2.512979E-17
7602.80970788003  2.691012E-17
7606.29306602479  4.127984E-17
7609.77642416955  4.026560E-17
7613.25978231431  3.255180E-17
7616.74314045907  1.794003E-17
7620.22649860383  -5.960447E-19
7623.70985674859  1.760856E-17
7627.19321489335  3.346602E-17
7630.67657303811  3.167874E-17
7634.15993118287  2.957031E-17
7637.64328932763  1.611105E-17
7641.12664747239  1.903379E-17
7644.61000561715  2.476348E-17
7648.09336376191  1.331256E-17
7651.57672190667  1.915568E-17
7655.06008005143  2.487136E-17
7658.54343819619  2.771809E-17
7662.02679634095  2.419518E-17
7665.51015448571  2.729821E-17
7668.99351263047  2.478315E-17
7672.47687077523  2.211301E-17
7675.96022891999  1.964980E-17
7679.44358706476  1.942158E-17
7682.92694520951  2.344304E-17
7686.41030335427  2.350560E-17
7689.89366149903  2.336870E-17
7693.3770196438  2.825132E-17
7696.86037778856  3.187111E-17
7700.34373593332  2.747333E-17
7703.82709407808  2.663998E-17
7707.31045222284  2.894452E-17
7710.7938103676  3.021944E-17
7714.27716851236  2.406276E-17
7717.76052665711  2.472553E-17
7721.24388480188  2.275850E-17
7724.72724294664  2.518619E-17
7728.2106010914  1.546348E-17
7731.69395923616  5.031767E-18
7735.17731738092  5.274882E-18
7738.66067552568  2.133091E-17
7742.14403367044  1.639682E-17
7745.6273918152  1.504881E-17
7749.11074995996  1.816688E-17
7752.59410810472  3.599831E-18
7756.07746624948  1.578005E-17
7759.56082439424  2.256435E-17
7763.044182539  2.345515E-17
7766.52754068376  2.431581E-17
7770.01089882852  2.269516E-17
7773.49425697328  2.571924E-17
7776.97761511804  2.577735E-17
7780.4609732628  2.605026E-17
7783.94433140756  3.060432E-17
7787.42768955232  2.250567E-17
7790.91104769708  2.722377E-17
7794.39440584184  4.308848E-17
7797.8777639866  4.860212E-17
7801.36112213136  3.711995E-17
7804.84448027612  2.249608E-17
7808.32783842088  3.341987E-17
7811.81119656564  4.047718E-17
7815.2945547104  1.662862E-17
7818.77791285516  1.401750E-17
7822.26127099992  3.725960E-17
7825.74462914468  5.126939E-17
7829.22798728944  3.868188E-17
7832.7113454342  1.564629E-17
7836.19470357896  3.122033E-17
7839.67806172372  3.190622E-17
7843.16141986848  2.758534E-17
7846.64477801324  2.036104E-17
7850.128136158  1.008620E-17
7853.61149430276  1.278774E-17
7857.09485244752  9.624596E-18
7860.57821059228  2.303849E-17
7864.06156873704  2.456612E-17
7867.5449268818  1.422992E-17
7871.02828502656  3.145276E-17
7874.51164317132  4.277428E-17
7877.99500131608  3.927442E-17
7881.47835946084  3.432748E-17
7884.9617176056  2.909092E-17
7888.44507575036  3.171745E-17
7891.92843389512  3.252349E-17
7895.41179203988  2.890152E-17
7898.89515018464  1.744767E-17
7902.3785083294  3.013512E-17
7905.86186647416  3.304529E-17
7909.34522461892  3.529665E-17
7912.82858276368  2.796010E-17
7916.31194090844  2.584571E-17
7919.7952990532  3.369304E-17
7923.27865719796  1.800727E-17
7926.76201534272  1.914644E-17
7930.24537348748  3.088277E-17
7933.72873163224  1.901505E-17
7937.212089777  2.395235E-17
7940.69544792176  1.345816E-17
7944.17880606652  1.451362E-17
7947.66216421129  3.748885E-17
7951.14552235604  2.291168E-17
7954.62888050081  1.559857E-17
7958.11223864557  1.930562E-17
7961.59559679033  2.124772E-17
7965.07895493509  1.135401E-17
7968.56231307985  1.745258E-17
7972.0456712246  3.488992E-17
7975.52902936937  2.913788E-17
7979.01238751413  2.287051E-17
7982.49574565889  2.301593E-17
7985.97910380365  2.076109E-17
7989.46246194841  2.490707E-17
7992.94582009317  1.657944E-17
7996.42917823793  6.081797E-18
7999.91253638269  1.765992E-17
8003.39589452745  2.387315E-17
8006.87925267221  3.146067E-17
8010.36261081697  3.256029E-17
8013.84596896173  2.340219E-17
8017.32932710649  -1.231916E-18
8020.81268525125  2.127852E-17
8024.29604339601  3.909884E-17
8027.77940154077  2.941318E-17
8031.26275968553  2.015432E-17
8034.74611783029  1.769343E-17
8038.22947597505  2.320537E-17
8041.71283411981  3.508128E-17
8045.19619226457  3.547514E-17
8048.67955040933  3.220987E-17
8052.16290855409  3.562641E-17
8055.64626669885  2.482496E-17
8059.12962484361  2.335744E-17
8062.61298298837  1.715217E-17
8066.09634113313  8.307621E-18
8069.57969927789  2.637042E-17
8073.06305742265  2.548106E-17
8076.54641556741  2.397334E-17
8080.02977371217  3.008862E-17
8083.51313185693  2.953882E-17
8086.99649000169  1.968352E-17
8090.47984814645  1.048652E-17
8093.96320629121  1.331766E-17
8097.44656443597  2.426500E-17
8100.92992258073  3.176059E-17
8104.41328072549  3.395322E-17
8107.89663887025  3.122716E-17
8111.37999701501  2.269671E-17
8114.86335515977  1.556083E-17
8118.34671330453  1.582796E-17
8121.83007144929  1.983281E-17
8125.31342959405  2.113512E-17
8128.79678773881  2.027213E-17
8132.28014588357  2.865812E-17
8135.76350402833  2.174799E-17
8139.24686217309  1.642460E-17
8142.73022031785  3.287547E-17
8146.21357846261  2.856031E-17
8149.69693660737  1.998819E-17
8153.18029475213  2.529765E-17
8156.66365289689  1.446394E-17
8160.14701104165  1.143503E-17
8163.63036918641  2.209366E-17
8167.11372733117  2.114895E-17
8170.59708547593  1.532318E-17
8174.08044362069  1.488489E-17
8177.56380176545  2.675756E-17
8181.04715991021  1.776524E-17
8184.53051805497  5.356896E-18
8188.01387619973  1.179882E-17
8191.49723434449  2.184395E-17
8194.98059248925  2.014036E-17
8198.46395063401  1.841899E-17
8201.94730877877  2.194399E-17
8205.43066692353  1.960415E-17
8208.91402506829  2.225289E-17
8212.39738321305  3.092454E-17
8215.88074135781  2.008328E-17
8219.36409950257  1.044430E-17
8222.84745764734  1.838642E-17
8226.33081579209  1.724104E-17
8229.81417393686  1.135164E-17
8233.29753208161  9.472996E-18
8236.78089022638  1.719154E-17
8240.26424837114  1.084275E-17
8243.7476065159  1.622587E-17
8247.23096466066  2.054803E-17
8250.71432280542  1.642746E-17
8254.19768095018  2.280663E-17
8257.68103909494  2.521400E-17
8261.1643972397  2.286397E-17
8264.64775538446  2.514213E-17
8268.13111352922  1.750891E-17
8271.61447167398  1.360923E-17
8275.09782981874  1.082531E-17
8278.5811879635  1.210249E-17
8282.06454610826  2.440193E-17
8285.54790425302  2.203524E-17
8289.03126239778  1.625132E-17
8292.51462054254  2.444892E-17
8295.9979786873  4.476464E-17
8299.48133683206  4.946467E-17
8302.96469497682  3.371060E-17
8306.44805312158  1.819152E-17
8309.93141126634  1.795663E-17
8313.4147694111  2.854469E-17
8316.89812755586  2.739310E-17
8320.38148570062  1.865548E-17
8323.86484384538  2.286022E-17
8327.34820199014  2.016152E-17
8330.8315601349  2.058571E-17
8334.31491827966  1.810068E-17
8337.79827642442  3.223599E-17
8341.28163456918  4.294549E-17
8344.76499271394  4.743646E-17
8348.2483508587  3.102667E-17
8351.73170900346  -1.090283E-17
8355.21506714822  9.486457E-18
8358.69842529298  3.622915E-17
8362.18178343774  1.883504E-17
8365.6651415825  2.127697E-17
8369.14849972726  2.100095E-17
8372.63185787202  3.270639E-17
8376.11521601678  3.062991E-17
8379.59857416154  2.636646E-17
8383.0819323063  3.127818E-17
8386.56529045106  3.797157E-17
8390.04864859582  1.201385E-17
8393.53200674058  7.708229E-18
8397.01536488534  4.621277E-18
8400.4987230301  8.477945E-18
8403.98208117486  1.992014E-17
8407.46543931962  2.354417E-17
8410.94879746438  2.701690E-17
8414.43215560914  2.266790E-17
8417.9155137539  1.600609E-17
8421.39887189866  1.187581E-17
8424.88223004342  -7.074603E-18
8428.36558818818  4.562197E-18
8431.84894633294  4.196417E-17
8435.3323044777  6.907867E-17
8438.81566262246  3.944781E-17
8442.29902076722  1.170074E-17
8445.78237891198  1.645143E-17
8449.26573705674  3.434427E-17
8452.7490952015  3.924689E-17
8456.23245334626  4.116804E-17
8459.71581149102  3.939089E-17
8463.19916963578  4.789014E-17
8466.68252778054  6.008813E-17
8470.1658859253  2.686861E-17
8473.64924407006  2.006588E-17
8477.13260221483  1.952562E-17
8480.61596035958  3.232343E-17
8484.09931850435  3.040484E-17
8487.58267664911  3.347692E-17
8491.06603479387  3.670871E-17
8494.54939293863  2.991882E-17
8498.03275108339  1.853783E-17
8501.51610922815  2.840743E-17
8504.99946737291  2.751190E-17
8508.48282551767  1.498416E-17
8511.96618366243  3.070260E-17
8515.44954180719  3.916416E-17
8518.93289995195  3.549689E-17
8522.41625809671  3.097520E-17
8525.89961624147  1.826179E-17
8529.38297438623  2.500748E-17
8532.86633253099  2.959486E-17
8536.34969067575  2.717264E-17
8539.83304882051  3.182250E-17
8543.31640696527  3.110077E-17
8546.79976511003  2.825519E-17
8550.28312325479  1.767394E-17
8553.76648139955  5.536168E-18
8557.24983954431  1.336556E-17
8560.73319768907  2.418923E-17
8564.21655583383  2.726780E-17
8567.69991397859  3.229070E-17
8571.18327212335  2.201719E-17
8574.66663026811  1.643082E-17
8578.14998841287  2.296822E-17
8581.63334655763  1.573307E-17
8585.11670470239  1.833453E-17
8588.60006284715  2.387609E-17
8592.08342099191  2.700710E-17
8595.56677913667  2.574607E-17
8599.05013728143  1.921532E-17
8602.53349542619  2.157781E-17
8606.01685357095  3.000674E-17
8609.50021171571  2.834007E-17
8612.98356986047  2.223798E-17
8616.46692800523  2.160016E-17
8619.95028614999  1.973549E-17
8623.43364429475  9.684849E-18
8626.91700243951  1.006732E-17
8630.40036058427  2.525143E-17
8633.88371872903  1.539111E-17
8637.36707687379  3.658543E-18
8640.85043501855  1.307130E-17
8644.33379316331  1.581686E-17
8647.81715130807  1.022220E-17
8651.30050945283  1.755073E-17
8654.78386759759  3.974177E-17
8658.26722574235  5.055966E-17
8661.75058388711  2.771943E-17
8665.23394203187  3.737844E-17
8668.71730017663  2.010094E-17
8672.20065832139  7.273499E-19
8675.68401646615  1.549229E-17
8679.16737461091  1.674668E-17
8682.65073275567  8.676475E-18
8686.13409090044  1.020798E-17
8689.61744904519  1.619862E-17
8693.10080718995  2.972392E-17
8696.58416533471  3.239549E-17
8700.06752347947  1.933091E-17
8703.55088162424  2.511838E-17
8707.03423976899  3.036694E-17
8710.51759791376  3.188330E-17
8714.00095605851  2.288471E-17
8717.48431420328  1.876441E-17
8720.96767234804  2.601856E-17
8724.4510304928  2.778355E-17
8727.93438863756  2.220007E-17
8731.41774678232  1.090303E-17
8734.90110492708  1.223508E-17
8738.38446307184  1.697221E-17
8741.8678212166  5.855755E-18
8745.35117936136  7.809265E-18
8748.83453750612  1.339759E-17
8752.31789565088  1.669933E-17
8755.80125379564  1.267199E-17
8759.2846119404  2.104150E-17
8762.76797008516  2.754341E-17
8766.25132822992  2.534326E-17
8769.73468637468  3.427729E-17
8773.21804451944  3.514392E-17
8776.7014026642  2.141352E-17
8780.18476080896  2.044889E-17
8783.66811895372  3.675446E-17
8787.15147709848  3.679425E-17
8790.63483524324  1.801556E-17
8794.118193388  2.825746E-17
8797.60155153276  1.848756E-17
8801.08490967752  2.369441E-17
8804.56826782228  1.815124E-17
8808.05162596704  1.191352E-17
8811.5349841118  -6.395868E-18
8815.01834225656  -2.685042E-17
8818.50170040132  -6.528435E-18
8821.98505854608  1.929859E-17
8825.46841669084  1.179150E-17
8828.9517748356  4.625168E-17
8832.43513298036  1.088461E-16
8835.91849112512  6.941366E-17
8839.40184926988  2.542525E-17
8842.88520741464  1.195990E-17
8846.3685655594  1.073760E-17
8849.85192370416  3.259727E-18
8853.33528184892  2.809918E-17
8856.81863999368  1.382308E-17
8860.30199813844  -8.626777E-18
8863.7853562832  1.033087E-17
8867.26871442796  1.341649E-17
8870.75207257272  7.180089E-19
8874.23543071748  1.448874E-18
8877.71878886224  2.379930E-17
8881.202147007  3.333704E-17
8884.68550515176  6.034631E-18
8888.16886329652  5.735999E-18
8891.65222144128  4.442130E-17
8895.13557958604  5.246113E-17
8898.6189377308  2.083366E-17
8902.10229587556  9.967278E-18
8905.58565402032  1.249127E-17
8909.06901216508  6.449096E-18
8912.55237030984  6.292860E-19
8916.0357284546  1.277154E-18
8919.51908659936  3.221928E-17
8923.00244474412  -5.387252E-18
8926.48580288888  1.318019E-18
8929.96916103364  -4.414650E-18
8933.4525191784  -1.999893E-17
8936.93587732316  -2.933642E-18
8940.41923546792  1.093956E-17
8943.90259361268  2.117281E-17
8947.38595175744  1.419325E-17
8950.8693099022  -1.973936E-18
8954.35266804696  1.733213E-17
8957.83602619173  2.589785E-18
8961.31938433648  -2.294995E-17
8964.80274248125  -7.511628E-18
8968.286100626  1.873915E-17
8971.76945877077  1.925816E-17
8975.25281691553  8.016626E-18
8978.73617506029  8.712985E-18
8982.21953320505  1.068182E-17
8985.70289134981  -1.764398E-18
8989.18624949457  -1.370475E-17
8992.66960763933  -8.746204E-18
8996.15296578409  8.392053E-18
8999.63632392885  2.369864E-17
9003.11968207361  1.533393E-17
9006.60304021837  1.231001E-17
9010.08639836313  1.779341E-17
9013.56975650789  9.393575E-18
9017.05311465265  5.617516E-18
9020.53647279741  1.629237E-17
9024.01983094217  1.685338E-17
9027.50318908693  1.234929E-17
9030.98654723169  1.559780E-17
9034.46990537645  1.297322E-17
9037.95326352121  1.483345E-17
9041.43662166597  2.181831E-17
9044.91997981073  2.609769E-17
9048.40333795549  2.265905E-17
9051.88669610025  1.900952E-17
9055.37005424501  -2.632348E-18
9058.85341238977  -8.026050E-18
9062.33677053453  2.675946E-18
9065.82012867929  8.584362E-18
9069.30348682405  1.580296E-17
9072.78684496881  1.918742E-17
9076.27020311357  1.719103E-17
9079.75356125833  5.499596E-18
9083.23691940309  1.116722E-17
9086.72027754785  1.768092E-17
9090.20363569261  2.214864E-17
9093.68699383737  2.551766E-17
9097.17035198213  1.664994E-17
9100.65371012689  1.568897E-17
9104.13706827165  1.792570E-17
9107.62042641641  9.989237E-18
9111.10378456117  1.511668E-17
9114.58714270593  1.739550E-17
9118.07050085069  5.704465E-18
9121.55385899545  9.988695E-18
9125.03721714021  1.381907E-17
9128.52057528497  2.041470E-17
9132.00393342973  1.432995E-17
9135.48729157449  7.905528E-18
9138.97064971925  1.187645E-17
9142.45400786401  1.316959E-17
9145.93736600877  1.227332E-17
9149.42072415353  1.598918E-17
9152.90408229829  1.818072E-17
9156.38744044305  1.741008E-17
9159.87079858781  1.827280E-17
9163.35415673257  6.689442E-18
9166.83751487733  1.042923E-17
9170.32087302209  2.174654E-17
9173.80423116685  7.416150E-18
9177.28758931161  1.991416E-19
9180.77094745637  1.435050E-17
9184.25430560113  1.274959E-17
9187.73766374589  6.325502E-18
9191.22102189065  1.232751E-17
9194.70438003541  1.737422E-17
9198.18773818017  2.114256E-17
9201.67109632493  1.911236E-17
9205.15445446969  2.152785E-17
9208.63781261445  1.863311E-17
9212.12117075921  9.068518E-18
9215.60452890397  5.614907E-18
9219.08788704873  6.475397E-18
9222.57124519349  8.193284E-18
9226.05460333826  1.285226E-17
9229.53796148301  7.008940E-18
9233.02131962778  -3.292872E-18
9236.50467777253  1.342293E-17
9239.9880359173  1.676903E-17
9243.47139406206  9.484335E-18
9246.95475220682  7.326322E-18
9250.43811035158  8.062436E-18
9253.92146849634  1.000168E-17
9257.4048266411  1.174055E-17
9260.88818478586  9.742285E-18
9264.37154293062  3.190972E-18
9267.85490107538  5.634891E-18
9271.33825922014  1.440825E-17
9274.8216173649  1.270190E-17
9278.30497550966  5.820670E-18
9281.78833365442  3.815256E-18
9285.27169179918  1.272511E-17
9288.75504994394  1.980910E-17
9292.2384080887  1.564867E-17
9295.72176623346  8.488221E-18
9299.20512437822  3.645853E-18
9302.68848252298  1.839970E-17
9306.17184066774  3.062263E-17
9309.6551988125  1.803836E-17
9313.13855695726  -3.408941E-18
9316.62191510202  -4.367657E-18
9320.10527324678  3.057817E-18
9323.58863139154  6.065285E-18
9327.0719895363  1.379236E-18
9330.55534768106  -6.820577E-18
9334.03870582582  7.977913E-19
9337.52206397058  3.151769E-18
9341.00542211534  1.056499E-17
9344.4887802601  1.205289E-17
9347.97213840486  4.364173E-18
9351.45549654962  5.420358E-18
9354.93885469438  1.137143E-17
9358.42221283914  9.840572E-18
9361.9055709839  7.061254E-18
9365.38892912866  6.599668E-18
9368.87228727342  3.846121E-18
9372.35564541818  7.024698E-18
9375.83900356294  6.173900E-18
9379.3223617077  -1.166030E-17
9382.80571985246  -2.131988E-18
9386.28907799722  5.080817E-18
9389.77243614198  -1.527609E-18
9393.25579428674  -6.092965E-19
9396.7391524315  7.819919E-18
9400.22251057626  1.515210E-17
9403.70586872102  9.279790E-18
9407.18922686578  8.107027E-18
9410.67258501054  1.063605E-17
9414.1559431553  1.277248E-18
9417.63930130006  7.320369E-18
9421.12265944482  1.116533E-17
9424.60601758958  2.290027E-18
9428.08937573434  3.675347E-18
9431.5727338791  1.221746E-17
9435.05609202386  1.083039E-17
9438.53945016862  9.076232E-18
9442.02280831338  1.057900E-17
9445.50616645814  -4.244830E-18
9448.9895246029  -3.073658E-18
9452.47288274766  1.967457E-19
9455.95624089242  3.052574E-18
9459.43959903718  4.677831E-18
9462.92295718194  6.558232E-18
9466.4063153267  1.958131E-17
9469.88967347146  2.096339E-17
9473.37303161622  6.939771E-18
9476.85638976098  3.632872E-18
9480.33974790574  4.326572E-18
9483.8231060505  6.765156E-18
9487.30646419527  -4.920084E-19
9490.78982234002  -1.012895E-17
9494.27318048479  -6.502114E-18
9497.75653862954  4.369937E-18
9501.2398967743  8.729775E-18
9504.72325491907  6.764813E-18
9508.20661306383  7.319864E-18
9511.68997120859  5.928549E-19
9515.17332935335  7.302183E-18
9518.65668749811  1.192793E-17
9522.14004564287  6.739495E-18
9525.62340378763  6.328864E-18
9529.10676193239  8.824852E-18
9532.59012007715  7.004535E-18
9536.07347822191  7.521075E-18
9539.55683636667  5.209840E-18
9543.04019451143  -7.124329E-18
9546.52355265619  -6.811991E-18
9550.00691080095  2.543284E-18
9553.49026894571  1.194144E-17
9556.97362709047  1.103390E-17
9560.45698523523  4.167336E-18
9563.94034337999  3.568819E-18
9567.42370152475  2.475291E-18
9570.90705966951  -1.175591E-18
9574.39041781427  -6.041234E-18
9577.87377595903  -3.279991E-18
9581.35713410379  -2.507293E-18
9584.84049224855  -7.064024E-19
9588.32385039331  2.439345E-18
9591.80720853807  1.147782E-18
9595.29056668283  4.405507E-19
9598.77392482759  2.429431E-18
9602.25728297235  7.564250E-19
9605.74064111711  4.207916E-19
9609.22399926187  1.343504E-18
9612.70735740663  6.404320E-19
9616.19071555139  -7.151981E-19
9619.67407369615  -2.104961E-18
9623.15743184091  1.663179E-18
9626.64078998567  6.484293E-18
9630.12414813043  2.294524E-20
9633.60750627519  2.294524E-20
