3400.0 -5.0983e-17
3401.533742 6.4579e-17
3403.067484 -3.4157e-18
3404.601226 7.0114e-17
3406.134968 9.0528e-16
3407.66871 -4.6303e-17
3409.202452 1.0434e-16
3410.736194 6.5295e-17
3412.269936 9.5171e-16
3413.803678 1.3136e-16
3415.33742 -6.4283e-16
3416.871162 8.1622e-16
3418.404904 -1.1649e-16
3419.938646 2.6084e-16
3421.472388 1.4196e-15
3423.00613 2.7361e-16
3424.539872 5.4354e-16
3426.073614 1.0189e-15
3427.607356 1.1174e-16
3429.141098 1.8557e-16
3430.67484 8.4357e-16
3432.208582 -3.9558e-16
3433.742324 -2.8171e-16
3435.276066 -1.5791e-16
3436.809808 1.1935e-15
3438.34355 2.5366e-16
3439.877292 -1.8527e-16
3441.411034 2.3501e-16
3442.944776 -5.5676e-16
3444.478518 5.3209e-16
3446.01226 7.143e-16
3447.546002 5.5549e-17
3449.079744 1.7215e-16
3450.613486 5.3501e-16
3452.147228 2.5485e-16
3453.68097 -2.2148e-16
3455.214712 1.2133e-16
3456.748454 7.7186e-16
3458.282196 -2.0445e-16
3459.815938 2.6859e-16
3461.34968 1.2122e-15
3462.883422 9.988e-16
3464.417164 -1.5892e-16
3465.950906 4.6841e-16
3467.484648 7.2929e-16
3469.01839 4.6074e-16
3470.552132 6.5449e-16
3472.085874 2.2722e-16
3473.619616 -1.348e-16
3475.153358 6.5673e-16
3476.6871 2.0517e-15
3478.220842 7.4176e-16
3479.754584 3.0539e-16
3481.288326 6.9554e-16
3482.822068 4.69e-16
3484.35581 5.804e-16
3485.889552 1.9729e-16
3487.423294 2.2883e-16
3488.957036 1.6284e-16
3490.490778 6.4817e-16
3492.02452 -1.5911e-16
3493.558262 -8.5981e-17
3495.092004 6.6081e-17
3496.625746 -2.3789e-16
3498.159488 -9.0373e-16
3499.69323 3.6861e-16
3501.226972 1.1609e-15
3502.760714 4.7669e-16
3504.294456 4.3327e-16
3505.828198 -1.8988e-16
3507.36194 -1.0482e-16
3508.895682 -2.8501e-16
3510.429424 8.8148e-16
3511.963166 1.4516e-16
3513.496908 -6.6843e-16
3515.03065 -1.0608e-16
3516.564392 4.6668e-16
3518.098134 2.9319e-16
3519.631876 5.1545e-16
3521.165618 -8.1069e-17
3522.69936 -3.1208e-16
3524.233102 4.0114e-16
3525.766844 6.5892e-16
3527.300586 1.2901e-16
3528.834328 6.6593e-16
3530.36807 3.3612e-17
3531.901812 -2.9541e-16
3533.435554 4.8112e-16
3534.969296 3.0924e-16
3536.503038 -2.9495e-16
3538.03678 -3.1265e-16
3539.570522 5.6708e-16
3541.104264 2.3516e-17
3542.638006 -1.1103e-16
3544.171748 4.0007e-16
3545.70549 1.6714e-16
3547.239232 8.7293e-16
3548.772974 9.8783e-16
3550.306716 2.5636e-16
3551.840458 5.5632e-16
3553.3742 1.2453e-17
3554.907942 -7.2763e-16
3556.441684 1.5166e-16
3557.975426 7.5399e-16
3559.509168 1.822e-16
3561.04291 -9.7251e-17
3562.576652 4.0327e-17
3564.110394 2.164e-16
3565.644136 2.935e-16
3567.177878 4.1196e-16
3568.71162 5.258e-16
3570.245362 4.2861e-16
3571.779104 5.0975e-16
3573.312846 1.215e-16
3574.846588 -8.7007e-17
3576.38033 8.1683e-17
3577.914072 5.6439e-16
3579.447814 7.0365e-16
3580.981556 3.0267e-16
3582.515298 7.3889e-16
3584.04904 6.272e-16
3585.582782 -1.9953e-16
3587.116524 -1.9068e-16
3588.650266 -7.5797e-17
3590.184008 3.6889e-16
3591.71775 1.4149e-16
3593.251492 7.6629e-17
3594.785234 -8.2091e-17
3596.318976 -3.4978e-16
3597.852718 3.9011e-16
3599.38646 1.0044e-15
3600.920202 6.2416e-16
3602.453944 5.9587e-16
3603.987686 3.0973e-16
3605.521428 2.6524e-16
3607.05517 9.1756e-16
3608.588912 2.7328e-16
3610.122654 6.4331e-16
3611.656396 4.5328e-16
3613.190138 5.3329e-16
3614.72388 1.9093e-16
3616.257622 4.9025e-17
3617.791364 4.6268e-16
3619.325106 3.5784e-16
3620.858848 1.1727e-16
3622.39259 3.6425e-16
3623.926332 4.0734e-18
3625.460074 2.3796e-16
3626.993816 7.9129e-16
3628.527558 3.2299e-16
3630.0613 6.5034e-16
3631.595042 5.5809e-16
3633.128784 4.3344e-16
3634.662526 5.1732e-16
3636.196268 5.0185e-17
3637.73001 -8.6796e-17
3639.263752 8.1028e-17
3640.797494 1.5061e-16
3642.331236 -1.4791e-16
3643.864978 2.7112e-16
3645.39872 5.6063e-16
3646.932462 6.1868e-16
3648.466204 2.3545e-16
3649.999946 3.1146e-16
3651.533688 5.658e-16
3653.06743 1.0376e-16
3654.601172 9.704e-17
3656.134914 -7.399e-17
3657.668656 5.7784e-16
3659.202398 -1.8014e-16
3660.73614 1.6981e-16
3662.269882 6.5356e-16
3663.803624 3.8695e-16
3665.337366 -1.5873e-17
3666.871108 -2.0672e-16
3668.40485 -1.4892e-16
3669.938592 5.6065e-16
3671.472334 7.0433e-16
3673.006076 6.7222e-16
3674.539818 9.2241e-17
3676.07356 3.8521e-16
3677.607302 4.9637e-16
3679.141044 3.859e-16
3680.674786 6.7953e-17
3682.208528 5.3354e-17
3683.74227 2.8444e-16
3685.276012 -3.3401e-16
3686.809754 -2.1012e-18
3688.343496 2.2538e-16
3689.877238 1.0293e-16
3691.41098 5.204e-17
3692.944722 1.9746e-16
3694.478464 1.5328e-16
3696.012206 1.566e-16
3697.545948 3.1861e-16
3699.07969 2.2709e-16
3700.613432 3.2138e-16
3702.147174 2.6279e-16
3703.680916 -2.0338e-17
3705.214658 1.6368e-16
3706.7484 5.8483e-16
3708.282142 4.4448e-16
3709.815884 1.5368e-17
3711.349626 1.407e-17
3712.883368 -1.4001e-16
3714.41711 4.2629e-16
3715.950852 4.023e-16
3717.484594 3.5418e-16
3719.018336 8.8473e-17
3720.552078 2.0217e-16
3722.08582 5.9784e-16
3723.619562 3.8206e-16
3725.153304 2.1345e-16
3726.687046 1.9104e-16
3728.220788 9.2444e-17
3729.75453 -1.0381e-16
3731.288272 1.8931e-16
3732.822014 3.8927e-16
3734.355756 6.2782e-16
3735.889498 9.6479e-17
3737.42324 3.0861e-16
3738.956982 2.6414e-16
3740.490724 1.6252e-16
3742.024466 3.2232e-16
3743.558208 2.8802e-16
3745.09195 -3.0362e-16
3746.625692 1.2397e-16
3748.159434 1.0119e-15
3749.693176 7.1673e-16
3751.226918 3.2373e-16
3752.76066 4.0013e-16
3754.294402 3.159e-16
3755.828144 5.1114e-16
3757.361886 2.7488e-16
3758.895628 3.5008e-16
3760.42937 4.1015e-16
3761.963112 -9.0083e-17
3763.496854 3.4272e-16
3765.030596 1.7416e-16
3766.564338 3.5264e-16
3768.09808 3.154e-16
3769.631822 4.3446e-16
3771.165564 2.8359e-16
3772.699306 1.884e-17
3774.233048 6.0924e-17
3775.76679 3.0895e-16
3777.300532 -1.6089e-18
3778.834274 2.7335e-16
3780.368016 3.9973e-16
3781.901758 3.4422e-16
3783.4355 2.0412e-16
3784.969242 5.9828e-16
3786.502984 2.7272e-16
3788.036726 5.1369e-16
3789.570468 3.0321e-16
3791.10421 1.9784e-16
3792.637952 4.4282e-16
3794.171694 1.9871e-16
3795.705436 2.6912e-16
3797.239178 2.4016e-16
3798.77292 4.9145e-17
3800.306662 1.4791e-16
3801.840404 4.0646e-16
3803.374146 2.3884e-16
3804.907888 1.6602e-16
3806.44163 3.3681e-16
3807.975372 3.8558e-16
3809.509114 2.6387e-16
3811.042856 1.6691e-16
3812.576598 5.2115e-17
3814.11034 2.1847e-16
3815.644082 4.6338e-16
3817.177824 3.067e-16
3818.711566 3.6636e-16
3820.245308 1.7379e-16
3821.77905 4.2959e-16
3823.312792 4.233e-16
3824.846534 8.0591e-16
3826.380276 6.9621e-16
3827.914018 4.6628e-16
3829.44776 1.7472e-16
3830.981502 2.9534e-16
3832.515244 6.3702e-16
3834.048986 4.6591e-16
3835.582728 2.9563e-18
3837.11647 2.5658e-16
3838.650212 1.025e-16
3840.183954 2.2908e-16
3841.717696 5.7693e-17
3843.251438 5.0014e-16
3844.78518 6.9042e-16
3846.318922 3.6546e-16
3847.852664 4.3048e-16
3849.386406 5.9968e-16
3850.920148 4.2373e-16
3852.45389 2.58e-16
3853.987632 4.0225e-16
3855.521374 5.4855e-16
3857.055116 5.6988e-16
3858.588858 6.0544e-16
3860.1226 4.7407e-16
3861.656342 5.4082e-16
3863.190084 7.8073e-16
3864.723826 4.0079e-16
3866.257568 -9.4782e-17
3867.79131 -6.2123e-17
3869.325052 4.7305e-16
3870.858794 5.6831e-16
3872.392536 4.5291e-16
3873.926278 7.2758e-16
3875.46002 5.1187e-16
3876.993762 3.2965e-16
3878.527504 2.8673e-16
3880.061246 3.1893e-16
3881.594988 6.6944e-16
3883.12873 5.298e-16
3884.662472 3.4345e-16
3886.196214 3.9878e-16
3887.729956 3.7859e-16
3889.263698 3.5822e-16
3890.79744 4.2504e-16
3892.331182 3.354e-16
3893.864924 2.0982e-16
3895.398666 2.976e-16
3896.932408 1.0595e-16
3898.46615 5.5904e-16
3899.999892 7.6245e-16
3901.533634 6.2278e-16
3903.067376 8.1676e-16
3904.601118 7.1667e-16
3906.13486 3.8897e-16
3907.668602 9.2091e-17
3909.202344 6.9236e-16
3910.736086 6.3651e-16
3912.269828 3.945e-16
3913.80357 2.3734e-16
3915.337312 4.1461e-16
3916.871054 3.136e-16
3918.404796 2.8325e-16
3919.938538 2.551e-16
3921.47228 4.2227e-16
3923.006022 3.8943e-16
3924.539764 4.8602e-16
3926.073506 2.9829e-16
3927.607248 2.6069e-16
3929.14099 2.2509e-16
3930.674732 2.4332e-16
3932.208474 3.1099e-16
3933.742216 3.3887e-16
3935.275958 5.1829e-16
3936.8097 2.8818e-16
3938.343442 4.6062e-16
3939.877184 5.2758e-16
3941.410926 2.7436e-16
3942.944668 1.474e-16
3944.47841 3.4441e-16
3946.012152 3.0021e-16
3947.545894 2.11e-16
3949.079636 1.8641e-16
3950.613378 1.1226e-16
3952.14712 1.0886e-16
3953.680862 4.9142e-16
3955.214604 7.2846e-16
3956.748346 7.1427e-16
3958.282088 5.061e-16
3959.81583 1.449e-16
3961.349572 3.1591e-16
3962.883314 5.1506e-16
3964.417056 5.5265e-16
3965.950798 4.1818e-16
3967.48454 5.587e-16
3969.018282 2.6773e-16
3970.552024 2.1186e-16
3972.085766 4.6434e-16
3973.619508 4.4646e-16
3975.15325 1.2316e-17
3976.686992 2.6888e-16
3978.220734 5.7755e-16
3979.754476 4.1334e-16
3981.288218 3.3162e-16
3982.82196 2.5518e-16
3984.355702 3.1415e-16
3985.889444 1.676e-16
3987.423186 4.411e-16
3988.956928 3.3249e-16
3990.49067 5.9437e-16
3992.024412 1.9214e-16
3993.558154 3.9984e-16
3995.091896 3.0738e-16
3996.625638 2.119e-16
3998.15938 4.0849e-16
3999.693122 2.8114e-16
4001.226864 2.4482e-16
4002.760606 6.419e-16
4004.294348 7.1138e-16
4005.82809 7.3411e-17
4007.361832 3.7498e-16
4008.895574 3.2368e-16
4010.429316 8.4624e-17
4011.963058 9.7062e-17
4013.4968 4.0484e-16
4015.030542 3.0054e-16
4016.564284 1.8591e-16
4018.098026 4.4108e-16
4019.631768 4.8238e-16
4021.16551 3.2075e-16
4022.699252 2.9847e-16
4024.232994 4.4688e-16
4025.766736 3.6475e-16
4027.300478 3.1443e-17
4028.83422 1.6023e-16
4030.367962 4.2919e-17
4031.901704 -6.4339e-19
4033.435446 2.6729e-16
4034.969188 4.4557e-16
4036.50293 5.1325e-16
4038.036672 5.1212e-16
4039.570414 3.5079e-16
4041.104156 5.7192e-16
4042.637898 3.9186e-16
4044.17164 9.7134e-17
4045.705382 6.3532e-16
4047.239124 6.0971e-16
4048.772866 6.0262e-16
4050.306608 2.6172e-16
4051.84035 3.292e-16
4053.374092 3.9171e-16
4054.907834 7.2604e-16
4056.441576 3.8829e-16
4057.975318 7.9617e-16
4059.50906 7.6168e-16
4061.042802 7.3338e-16
4062.576544 7.1936e-16
4064.110286 3.8583e-16
4065.644028 4.2784e-16
4067.17777 5.1343e-16
4068.711512 1.6489e-16
4070.245254 2.2377e-16
4071.778996 5.2743e-16
4073.312738 6.0393e-16
4074.84648 7.7646e-16
4076.380222 8.8638e-16
4077.913964 7.3027e-16
4079.447706 5.7323e-16
4080.981448 2.6107e-16
4082.51519 3.2163e-16
4084.048932 4.3238e-16
4085.582674 5.6608e-16
4087.116416 8.4765e-16
4088.650158 2.1404e-16
4090.1839 2.0412e-16
4091.717642 3.9356e-16
4093.251384 3.236e-16
4094.785126 4.6163e-17
4096.318868 3.9844e-16
4097.85261 7.1066e-16
4099.386352 8.3228e-16
4100.920094 7.1925e-16
4102.453836 5.0368e-16
4103.987578 4.735e-16
4105.52132 4.96e-16
4107.055062 4.5954e-16
4108.588804 7.0829e-16
4110.122546 6.693e-16
4111.656288 3.1379e-16
4113.19003 3.603e-16
4114.723772 5.2762e-16
4116.257514 3.7937e-16
4117.791256 1.4917e-16
4119.324998 7.1178e-17
4120.85874 1.3479e-16
4122.392482 1.4025e-17
4123.926224 1.8708e-16
4125.459966 4.684e-16
4126.993708 5.3784e-16
4128.52745 3.9065e-16
4130.061192 5.1009e-16
4131.594934 7.3062e-16
4133.128676 6.135e-16
4134.662418 6.8535e-16
4136.19616 6.8412e-16
4137.729902 4.5664e-16
4139.263644 4.0429e-16
4140.797386 4.7665e-16
4142.331128 4.9796e-16
4143.86487 5.4703e-16
4145.398612 6.5959e-16
4146.932354 5.8381e-16
4148.466096 4.2707e-16
4149.999838 4.0536e-16
4151.53358 3.8034e-16
4153.067322 3.3671e-16
4154.601064 5.9458e-16
4156.134806 2.3845e-16
4157.668548 3.306e-16
4159.20229 3.0034e-16
4160.736032 2.0912e-16
4162.269774 2.6458e-16
4163.803516 4.1787e-16
4165.337258 3.1052e-16
4166.871 8.1116e-16
4168.404742 5.6222e-16
4169.938484 5.8966e-16
4171.472226 7.2534e-16
4173.005968 5.7496e-16
4174.53971 4.8873e-16
4176.073452 7.6267e-16
4177.607194 6.5811e-16
4179.140936 5.0646e-16
4180.674678 5.1498e-16
4182.20842 6.1902e-16
4183.742162 5.1503e-16
4185.275904 3.9905e-16
4186.809646 6.262e-16
4188.343388 5.5452e-16
4189.87713 5.8412e-16
4191.410872 6.4368e-16
4192.944614 7.0511e-16
4194.478356 6.716e-16
4196.012098 9.7833e-16
4197.54584 6.529e-16
4199.079582 4.9987e-16
4200.613324 3.9151e-16
4202.147066 5.01e-16
4203.680808 7.1773e-16
4205.21455 5.4076e-16
4206.748292 5.0273e-16
4208.282034 6.4562e-16
4209.815776 7.8471e-16
4211.349518 5.2425e-16
4212.88326 6.0111e-16
4214.417002 5.4024e-16
4215.950744 6.4446e-16
4217.484486 7.3832e-16
4219.018228 6.9705e-16
4220.55197 4.078e-16
4222.085712 4.4663e-16
4223.619454 5.6298e-16
4225.153196 5.7967e-16
4226.686938 5.0066e-16
4228.22068 6.3568e-16
4229.754422 3.3614e-16
4231.288164 4.1246e-16
4232.821906 6.2677e-16
4234.355648 3.9192e-16
4235.88939 7.1324e-16
4237.423132 7.1744e-16
4238.956874 7.1023e-16
4240.490616 5.3551e-16
4242.024358 2.4776e-16
4243.5581 4.3426e-16
4245.091842 5.7707e-16
4246.625584 6.1748e-16
4248.159326 3.9324e-16
4249.693068 4.7519e-16
4251.22681 5.2517e-16
4252.760552 2.3722e-16
4254.294294 2.4523e-16
4255.828036 5.1179e-16
4257.361778 4.1028e-16
4258.89552 3.4247e-16
4260.429262 3.4382e-16
4261.963004 1.9006e-16
4263.496746 2.6783e-16
4265.030488 2.895e-16
4266.56423 4.3791e-16
4268.097972 5.1951e-16
4269.631714 6.4265e-16
4271.165456 5.5464e-16
4272.699198 7.9958e-16
4274.23294 1.0034e-15
4275.766682 4.3408e-16
4277.300424 4.7887e-16
4278.834166 6.2105e-16
4280.367908 4.8413e-16
4281.90165 7.1821e-16
4283.435392 9.6341e-16
4284.969134 9.2409e-16
4286.502876 5.5368e-16
4288.036618 6.289e-16
4289.57036 6.9561e-16
4291.104102 6.0018e-16
4292.637844 7.7308e-16
4294.171586 6.3324e-16
4295.705328 9.2393e-16
4297.23907 8.3238e-16
4298.772812 5.8249e-16
4300.306554 5.9256e-16
4301.840296 5.5457e-16
4303.374038 6.5443e-16
4304.90778 5.4834e-16
4306.441522 5.8362e-16
4307.975264 6.4379e-16
4309.509006 3.3076e-16
4311.042748 4.5698e-16
4312.57649 8.2327e-16
4314.110232 2.2807e-16
4315.643974 7.8096e-16
4317.177716 5.2776e-16
4318.711458 2.7717e-16
4320.2452 2.375e-16
4321.778942 7.9255e-16
4323.312684 6.626e-16
4324.846426 8.1524e-16
4326.380168 8.3431e-16
4327.91391 2.6682e-16
4329.447652 3.7266e-16
4330.981394 7.5592e-16
4332.515136 4.4528e-16
4334.048878 2.6005e-16
4335.58262 4.8127e-16
4337.116362 6.3159e-16
4338.650104 5.5547e-16
4340.183846 1.0353e-15
4341.717588 1.007e-15
4343.25133 5.8422e-16
4344.785072 5.8863e-16
4346.318814 5.5143e-16
4347.852556 5.0781e-16
4349.386298 4.7267e-16
4350.92004 6.2979e-16
4352.453782 4.5725e-16
4353.987524 4.9938e-16
4355.521266 1.0593e-15
4357.055008 6.6334e-16
4358.58875 7.7067e-16
4360.122492 8.9946e-16
4361.656234 1.5144e-15
4363.189976 7.2857e-16
4364.723718 6.8246e-16
4366.25746 5.1129e-16
4367.791202 5.213e-16
4369.324944 4.4771e-16
4370.858686 4.0898e-16
4372.392428 6.1419e-16
4373.92617 8.5873e-17
4375.459912 3.9072e-16
4376.993654 4.2029e-16
4378.527396 5.1714e-16
4380.061138 4.4855e-16
4381.59488 5.1547e-16
4383.128622 7.6263e-16
4384.662364 9.2545e-16
4386.196106 9.5377e-16
4387.729848 1.3495e-15
4389.26359 8.8212e-16
4390.797332 8.1046e-16
4392.331074 6.1646e-16
4393.864816 5.2268e-16
4395.398558 7.2469e-16
4396.9323 8.6389e-16
4398.466042 5.7864e-16
4399.999784 6.4189e-16
4401.533526 4.6933e-16
4403.067268 4.6087e-16
4404.60101 6.0222e-16
4406.134752 1.0285e-15
4407.668494 7.0479e-16
4409.202236 8.8465e-16
4410.735978 9.8528e-16
4412.26972 7.4053e-16
4413.803462 5.8422e-16
4415.337204 3.8583e-16
4416.870946 5.7891e-16
4418.404688 4.9e-16
4419.93843 3.6218e-16
4421.472172 7.9286e-16
4423.005914 5.8127e-16
4424.539656 5.5749e-16
4426.073398 6.9068e-16
4427.60714 3.7799e-16
4429.140882 4.844e-16
4430.674624 9.2763e-17
4432.208366 2.9027e-16
4433.742108 5.1164e-16
4435.27585 1.3576e-15
4436.809592 8.7894e-16
4438.343334 5.4449e-16
4439.877076 6.9184e-16
4441.410818 4.8264e-16
4442.94456 6.5093e-16
4444.478302 7.3323e-16
4446.012044 2.7593e-16
4447.545786 3.6956e-16
4449.079528 8.7458e-16
4450.61327 7.2246e-16
4452.147012 5.2923e-16
4453.680754 5.9776e-16
4455.214496 9.0877e-16
4456.748238 6.5831e-16
4458.28198 3.7066e-16
4459.815722 8.3162e-16
4461.349464 7.9147e-16
4462.883206 5.5662e-16
4464.416948 4.6829e-16
4465.95069 6.0597e-16
4467.484432 1.2746e-15
4469.018174 5.9168e-16
4470.551916 7.0412e-16
4472.085658 7.3937e-16
4473.6194 6.2025e-16
4475.153142 3.6011e-16
4476.686884 3.0839e-16
4478.220626 5.2994e-16
4479.754368 2.7896e-16
4481.28811 6.3754e-16
4482.821852 9.6351e-16
4484.355594 8.4862e-16
4485.889336 4.5112e-16
4487.423078 7.6014e-16
4488.95682 1.1025e-15
4490.490562 9.6772e-16
4492.024304 5.3496e-16
4493.558046 6.3228e-16
4495.091788 5.3387e-16
4496.62553 6.6034e-16
4498.159272 7.7374e-16
4499.693014 5.6495e-16
4501.226756 2.7347e-16
4502.760498 4.1174e-16
4504.29424 3.8305e-16
4505.827982 2.4883e-16
4507.361724 6.5105e-16
4508.895466 3.4987e-16
4510.429208 3.7172e-16
4511.96295 7.846e-16
4513.496692 9.2216e-16
4515.030434 7.1031e-16
4516.564176 4.5238e-16
4518.097918 6.2893e-16
4519.63166 6.8976e-16
4521.165402 7.8837e-16
4522.699144 8.1569e-16
4524.232886 8.1571e-16
4525.766628 1.7898e-16
4527.30037 5.1567e-16
4528.834112 5.1843e-16
4530.367854 5.7714e-16
4531.901596 2.4925e-16
4533.435338 3.8542e-16
4534.96908 4.4137e-16
4536.502822 5.6582e-16
4538.036564 8.054e-16
4539.570306 9.5219e-16
4541.104048 1.0091e-15
4542.63779 5.0914e-16
4544.171532 6.437e-16
4545.705274 9.7166e-16
4547.239016 5.7187e-16
4548.772758 3.7852e-16
4550.3065 5.9265e-16
4551.840242 7.0435e-16
4553.373984 3.9918e-16
4554.907726 5.9391e-16
4556.441468 1.0283e-15
4557.97521 5.1647e-16
4559.508952 3.5885e-16
4561.042694 6.4361e-16
4562.576436 4.9011e-16
4564.110178 5.4772e-16
4565.64392 9.2498e-16
4567.177662 5.7504e-16
4568.711404 6.2552e-16
4570.245146 7.7499e-16
4571.778888 7.4085e-16
4573.31263 6.1905e-16
4574.846372 4.8481e-16
4576.380114 7.6767e-16
4577.913856 4.1435e-16
4579.447598 4.863e-16
4580.98134 5.9528e-16
4582.515082 -2.6362e-17
4584.048824 -4.4928e-16
4585.582566 7.4841e-17
4587.116308 7.4348e-16
4588.65005 5.3846e-16
4590.183792 5.4823e-16
4591.717534 6.5705e-16
4593.251276 6.2994e-16
4594.785018 6.8123e-16
4596.31876 7.205e-16
4597.852502 6.9156e-16
4599.386244 8.5128e-16
4600.919986 5.9794e-16
4602.453728 6.0207e-16
4603.98747 4.5407e-16
4605.521212 5.2486e-16
4607.054954 5.5124e-16
4608.588696 5.8174e-16
4610.122438 8.8207e-16
4611.65618 9.4219e-16
4613.189922 3.3019e-16
4614.723664 7.1909e-16
4616.257406 7.5698e-16
4617.791148 6.8788e-16
4619.32489 6.8579e-16
4620.858632 5.0753e-16
4622.392374 4.0555e-16
4623.926116 7.1984e-16
4625.459858 6.3957e-16
4626.9936 5.9434e-16
4628.527342 8.5906e-16
4630.061084 1.0515e-15
4631.594826 5.9453e-16
4633.128568 7.0057e-16
4634.66231 1.0455e-15
4636.196052 6.632e-16
4637.729794 3.51e-16
4639.263536 2.3881e-16
4640.797278 6.0612e-16
4642.33102 6.6739e-16
4643.864762 4.731e-16
4645.398504 6.6487e-16
4646.932246 8.1856e-16
4648.465988 4.4273e-16
4649.99973 6.9961e-16
4651.533472 8.2571e-16
4653.067214 7.8535e-16
4654.600956 8.8268e-16
4656.134698 6.2537e-16
4657.66844 3.8875e-16
4659.202182 8.1426e-16
4660.735924 8.0538e-16
4662.269666 7.3083e-16
4663.803408 7.3496e-16
4665.33715 6.7578e-16
4666.870892 4.629e-16
4668.404634 7.9006e-16
4669.938376 5.2059e-16
4671.472118 4.9413e-16
4673.00586 9.3277e-16
4674.539602 6.9692e-16
4676.073344 2.8169e-16
4677.607086 3.1189e-16
4679.140828 7.9127e-16
4680.67457 8.4205e-16
4682.208312 1.0189e-15
4683.742054 6.8282e-16
4685.275796 5.024e-16
4686.809538 2.1598e-16
4688.34328 5.3931e-16
4689.877022 3.6836e-16
4691.410764 1.7534e-16
4692.944506 7.4834e-16
4694.478248 1.256e-15
4696.01199 7.2915e-16
4697.545732 8.9451e-16
4699.079474 6.2198e-16
4700.613216 5.8748e-16
4702.146958 8.068e-16
4703.6807 7.8354e-16
4705.214442 7.6755e-16
4706.748184 3.471e-16
4708.281926 4.0642e-16
4709.815668 9.4517e-16
4711.34941 7.0789e-16
4712.883152 6.7674e-16
4714.416894 8.335e-16
4715.950636 5.709e-16
4717.484378 9.3829e-16
4719.01812 7.8849e-16
4720.551862 5.0841e-16
4722.085604 3.6094e-16
4723.619346 5.7682e-16
4725.153088 7.056e-16
4726.68683 6.0752e-16
4728.220572 4.7475e-16
4729.754314 6.4091e-16
4731.288056 5.8567e-16
4732.821798 8.9814e-16
4734.35554 7.3509e-16
4735.889282 5.9991e-16
4737.423024 7.0891e-16
4738.956766 9.1118e-16
4740.490508 8.3108e-16
4742.02425 5.8975e-16
4743.557992 6.5873e-16
4745.091734 5.8994e-16
4746.625476 7.2091e-16
4748.159218 8.3533e-16
4749.69296 5.9145e-16
4751.226702 9.9325e-16
4752.760444 8.6825e-16
4754.294186 7.7906e-16
4755.827928 7.2237e-16
4757.36167 5.6869e-16
4758.895412 8.817e-16
4760.429154 1.1339e-15
4761.962896 9.1694e-16
4763.496638 8.6656e-16
4765.03038 7.9407e-16
4766.564122 6.5694e-16
4768.097864 4.645e-16
4769.631606 6.3465e-16
4771.165348 8.3132e-16
4772.69909 6.0784e-16
4774.232832 5.0124e-16
4775.766574 7.4689e-16
4777.300316 7.2842e-16
4778.834058 8.5766e-16
4780.3678 8.4044e-16
4781.901542 7.8787e-16
4783.435284 5.5439e-16
4784.969026 6.2496e-16
4786.502768 6.7193e-16
4788.03651 5.9127e-16
4789.570252 7.0837e-16
4791.103994 7.7549e-16
4792.637736 1.0202e-15
4794.171478 7.6037e-16
4795.70522 8.0645e-16
4797.238962 8.6535e-16
4798.772704 6.6114e-16
4800.306446 6.1919e-16
4801.840188 6.3823e-16
4803.37393 5.1113e-16
4804.907672 7.2073e-16
4806.441414 9.3891e-16
4807.975156 1.0099e-15
4809.508898 8.4869e-16
4811.04264 7.329e-16
4812.576382 7.1838e-16
4814.110124 6.9988e-16
4815.643866 4.8146e-16
4817.177608 8.0824e-16
4818.71135 1.0028e-15
4820.245092 9.6353e-16
4821.778834 6.3971e-16
4823.312576 6.2216e-16
4824.846318 5.9685e-16
4826.38006 8.114e-16
4827.913802 5.6443e-16
4829.447544 6.945e-16
4830.981286 7.3427e-16
4832.515028 7.9475e-16
4834.04877 9.8845e-16
4835.582512 8.1197e-16
4837.116254 6.1948e-16
4838.649996 7.0135e-16
4840.183738 8.2755e-16
4841.71748 9.6228e-16
4843.251222 7.873e-16
4844.784964 8.1967e-16
4846.318706 7.3145e-16
4847.852448 7.2705e-16
4849.38619 8.191e-16
4850.919932 5.0266e-16
4852.453674 5.6326e-16
4853.987416 7.3031e-16
4855.521158 6.8567e-16
4857.0549 8.0805e-16
4858.588642 5.1121e-16
4860.122384 6.3873e-16
4861.656126 8.1509e-16
4863.189868 5.6631e-16
4864.72361 6.6072e-16
4866.257352 1.0089e-15
4867.791094 7.6487e-16
4869.324836 6.6679e-16
4870.858578 1.1519e-15
4872.39232 9.5774e-16
4873.926062 8.3488e-16
4875.459804 5.4289e-16
4876.993546 2.9261e-16
4878.527288 4.5851e-16
4880.06103 7.1379e-16
4881.594772 9.0411e-16
4883.128514 4.7714e-16
4884.662256 7.208e-16
4886.195998 9.6755e-16
4887.72974 8.6396e-16
4889.263482 8.6043e-16
4890.797224 6.2434e-16
4892.330966 7.8657e-16
4893.864708 8.5823e-16
4895.39845 7.2239e-16
4896.932192 6.4728e-16
4898.465934 7.1863e-16
4899.999676 9.5503e-16
4901.533418 7.0835e-16
4903.06716 3.6368e-16
4904.600902 6.1193e-16
4906.134644 8.3784e-16
4907.668386 7.6855e-16
4909.202128 8.7484e-16
4910.73587 7.9992e-16
4912.269612 4.531e-16
4913.803354 8.1998e-16
4915.337096 8.6742e-16
4916.870838 7.9347e-16
4918.40458 9.541e-16
4919.938322 6.8519e-16
4921.472064 4.9019e-16
4923.005806 8.0161e-16
4924.539548 7.778e-16
4926.07329 5.8347e-16
4927.607032 4.7501e-16
4929.140774 6.167e-16
4930.674516 9.5786e-16
4932.208258 7.9674e-16
4933.742 6.8126e-16
4935.275742 7.4505e-16
4936.809484 7.7411e-16
4938.343226 8.7928e-16
4939.876968 8.6385e-16
4941.41071 1.1926e-15
4942.944452 1.1017e-15
4944.478194 7.217e-16
4946.011936 3.6321e-16
4947.545678 7.7819e-16
4949.07942 7.0364e-16
4950.613162 7.8534e-16
4952.146904 6.4909e-16
4953.680646 8.2318e-16
4955.214388 9.4602e-16
4956.74813 8.7475e-16
4958.281872 8.5953e-16
4959.815614 8.26e-16
4961.349356 6.6122e-16
4962.883098 4.3384e-16
4964.41684 5.4046e-16
4965.950582 5.0215e-16
4967.484324 6.4644e-16
4969.018066 7.4931e-16
4970.551808 7.4975e-16
4972.08555 6.5631e-16
4973.619292 5.8184e-16
4975.153034 8.0621e-16
4976.686776 1.1019e-15
4978.220518 9.6093e-16
4979.75426 8.604e-16
4981.288002 6.8196e-16
4982.821744 6.0026e-16
4984.355486 6.1831e-16
4985.889228 8.4839e-16
4987.42297 9.449e-16
4988.956712 5.7383e-16
4990.490454 4.1192e-16
4992.024196 3.3421e-16
4993.557938 5.7961e-16
4995.09168 5.3785e-16
4996.625422 6.2543e-16
4998.159164 8.8384e-16
4999.692906 1.2147e-15
5001.226648 9.5475e-16
5002.76039 4.9716e-16
5004.294132 5.932e-16
5005.827874 3.804e-16
5007.361616 7.2503e-16
5008.895358 7.0913e-16
5010.4291 6.5795e-16
5011.962842 8.9446e-16
5013.496584 7.5629e-16
5015.030326 8.7124e-16
5016.564068 8.5249e-16
5018.09781 8.8028e-16
5019.631552 9.2763e-16
5021.165294 9.7557e-16
5022.699036 6.1431e-16
5024.232778 6.7876e-16
5025.76652 8.5708e-16
5027.300262 8.6322e-16
5028.834004 7.83e-16
5030.367746 8.0025e-16
5031.901488 7.7382e-16
5033.43523 7.298e-16
5034.968972 1.0304e-15
5036.502714 6.7676e-16
5038.036456 3.1878e-16
5039.570198 4.6518e-16
5041.10394 7.2679e-16
5042.637682 7.7085e-16
5044.171424 8.3934e-16
5045.705166 5.6533e-16
5047.238908 7.122e-16
5048.77265 5.0031e-16
5050.306392 6.3288e-16
5051.840134 9.3891e-16
5053.373876 9.5344e-16
5054.907618 6.5217e-16
5056.44136 6.2318e-16
5057.975102 7.0515e-16
5059.508844 8.992e-16
5061.042586 6.0585e-16
5062.576328 5.4181e-16
5064.11007 4.0487e-16
5065.643812 4.7034e-16
5067.177554 4.4996e-16
5068.711296 5.4081e-16
5070.245038 1.2411e-15
5071.77878 9.3591e-16
5073.312522 9.7334e-16
5074.846264 5.5236e-16
5076.380006 5.9411e-16
5077.913748 7.059e-16
5079.44749 6.0047e-16
5080.981232 8.4841e-16
5082.514974 8.2109e-16
5084.048716 5.1671e-16
5085.582458 7.3747e-16
5087.1162 7.4536e-16
5088.649942 8.4448e-16
5090.183684 4.7546e-16
5091.717426 4.0174e-16
5093.251168 5.9233e-16
5094.78491 2.6856e-16
5096.318652 5.8945e-16
5097.852394 1.01e-15
5099.386136 1.1116e-15
5100.919878 1.0895e-15
5102.45362 9.7234e-16
5103.987362 7.4308e-16
5105.521104 2.5771e-16
5107.054846 6.1996e-16
5108.588588 9.2654e-16
5110.12233 7.4611e-16
5111.656072 1.0259e-15
5113.189814 9.9725e-16
5114.723556 6.6849e-16
5116.257298 7.6828e-16
5117.79104 7.7799e-16
5119.324782 5.3681e-16
5120.858524 1.0452e-15
5122.392266 7.6503e-16
5123.926008 5.9199e-16
5125.45975 6.0135e-16
5126.993492 9.7242e-16
5128.527234 8.0342e-16
5130.060976 4.8832e-16
5131.594718 7.5351e-16
5133.12846 1.2235e-15
5134.662202 1.1055e-15
5136.195944 7.9831e-16
5137.729686 6.936e-16
5139.263428 9.1072e-16
5140.79717 9.4084e-16
5142.330912 9.743e-16
5143.864654 8.4315e-16
5145.398396 8.2046e-16
5146.932138 7.2498e-16
5148.46588 8.4316e-16
5149.999622 5.1751e-16
5151.533364 4.169e-16
5153.067106 6.0845e-16
5154.600848 1.0282e-15
5156.13459 7.6438e-16
5157.668332 8.823e-16
5159.202074 8.4046e-16
5160.735816 8.4415e-16
5162.269558 8.3106e-16
5163.8033 7.8153e-16
5165.337042 7.028e-16
5166.870784 5.2201e-16
5168.404526 4.0944e-16
5169.938268 6.1141e-16
5171.47201 6.1853e-16
5173.005752 7.0132e-16
5174.539494 9.5815e-16
5176.073236 1.2792e-15
5177.606978 9.5427e-16
5179.14072 1.2075e-15
5180.674462 1.2533e-15
5182.208204 9.912e-16
5183.741946 1.0476e-15
5185.275688 6.0953e-16
5186.80943 9.1369e-16
5188.343172 9.283e-16
5189.876914 8.3683e-16
5191.410656 7.6381e-16
5192.944398 7.4562e-16
5194.47814 5.1001e-16
5196.011882 4.6138e-16
5197.545624 9.5467e-16
5199.079366 1.0943e-15
5200.613108 1.04e-15
5202.14685 7.675e-16
5203.680592 7.4878e-16
5205.214334 9.8152e-16
5206.748076 6.8192e-16
5208.281818 1.0139e-15
5209.81556 6.2995e-16
5211.349302 8.8651e-16
5212.883044 9.3878e-16
5214.416786 7.0979e-16
5215.950528 8.8525e-16
5217.48427 3.4441e-16
5219.018012 5.632e-16
5220.551754 5.5088e-16
5222.085496 7.7377e-16
5223.619238 8.4822e-16
5225.15298 6.3924e-16
5226.686722 7.0622e-16
5228.220464 9.4098e-16
5229.754206 7.6329e-16
5231.287948 6.523e-16
5232.82169 7.4037e-16
5234.355432 7.1846e-16
5235.889174 9.0677e-16
5237.422916 1.0879e-15
5238.956658 4.2217e-16
5240.4904 7.3584e-16
5242.024142 7.464e-16
5243.557884 9.8796e-16
5245.091626 1.0053e-15
5246.625368 8.8606e-16
5248.15911 6.1448e-16
5249.692852 8.6198e-16
5251.226594 1.1908e-15
5252.760336 1.0643e-15
5254.294078 7.8783e-16
5255.82782 6.6214e-16
5257.361562 8.0597e-16
5258.895304 4.3952e-16
5260.429046 1.1383e-15
5261.962788 1.0987e-15
5263.49653 7.1709e-16
5265.030272 7.4539e-16
5266.564014 6.9742e-16
5268.097756 4.2924e-16
5269.631498 8.1941e-16
5271.16524 8.5138e-16
5272.698982 4.5821e-16
5274.232724 3.8463e-16
5275.766466 6.8342e-16
5277.300208 7.341e-16
5278.83395 8.879e-16
5280.367692 6.2364e-16
5281.901434 6.4452e-16
5283.435176 3.5821e-16
5284.968918 6.8019e-16
5286.50266 1.1643e-15
5288.036402 8.3774e-16
5289.570144 6.4076e-16
5291.103886 2.6427e-16
5292.637628 7.8766e-16
5294.17137 1.1249e-15
5295.705112 1.0924e-15
5297.238854 1.0061e-15
5298.772596 8.7169e-16
5300.306338 9.5493e-16
5301.84008 7.0915e-16
5303.373822 6.0572e-16
5304.907564 4.8085e-16
5306.441306 9.1889e-16
5307.975048 8.3895e-16
5309.50879 6.3271e-16
5311.042532 6.0051e-16
5312.576274 8.5217e-16
5314.110016 1.0095e-15
5315.643758 8.051e-16
5317.1775 5.6148e-16
5318.711242 4.6331e-16
5320.244984 9.4499e-16
5321.778726 7.5776e-16
5323.312468 1.2208e-15
5324.84621 7.0848e-16
5326.379952 7.2143e-16
5327.913694 6.0907e-16
5329.447436 4.6381e-16
5330.981178 8.2873e-16
5332.51492 5.4556e-16
5334.048662 6.1449e-16
5335.582404 9.0848e-16
5337.116146 1.2092e-15
5338.649888 9.8085e-16
5340.18363 7.2261e-16
5341.717372 8.0181e-16
5343.251114 9.4945e-16
5344.784856 8.0291e-16
5346.318598 9.5692e-16
5347.85234 7.6285e-16
5349.386082 -3.9473e-17
5350.919824 -1.9731e-16
5352.453566 6.887e-16
5353.987308 1.5221e-15
5355.52105 1.0284e-15
5357.054792 6.4295e-16
5358.588534 7.1025e-16
5360.122276 5.0466e-16
5361.656018 5.6951e-16
5363.18976 7.2232e-16
5364.723502 9.892e-16
5366.257244 8.3464e-16
5367.790986 8.1386e-16
5369.324728 3.5193e-16
5370.85847 2.8543e-16
5372.392212 7.6669e-16
5373.925954 1.1332e-15
5375.459696 9.1491e-16
5376.993438 1.1152e-15
5378.52718 7.571e-16
5380.060922 5.3882e-16
5381.594664 6.9905e-16
5383.128406 6.0778e-16
5384.662148 -5.5101e-17
5386.19589 8.7773e-17
5387.729632 4.9892e-16
5389.263374 5.4358e-16
5390.797116 7.9209e-16
5392.330858 7.6509e-16
5393.8646 1.2245e-15
5395.398342 1.1527e-15
5396.932084 8.0966e-16
5398.465826 8.7011e-16
5399.999568 8.1668e-16
5401.53331 9.1265e-16
5403.067052 7.3832e-16
5404.600794 9.8925e-16
5406.134536 6.1781e-16
5407.668278 7.83e-16
5409.20202 4.9195e-16
5410.735762 2.7768e-16
5412.269504 4.69e-16
5413.803246 7.6743e-16
5415.336988 3.8792e-16
5416.87073 1.3049e-16
5418.404472 2.9007e-16
5419.938214 6.8275e-16
5421.471956 7.791e-16
5423.005698 4.806e-16
5424.53944 3.5926e-16
5426.073182 6.7459e-16
5427.606924 9.4939e-16
5429.140666 1.2413e-15
5430.674408 3.7124e-16
5432.20815 3.3831e-16
5433.741892 1.2811e-15
5435.275634 1.3206e-15
5436.809376 1.1407e-15
5438.343118 7.2942e-16
5439.87686 6.5564e-16
5441.410602 1.1503e-15
5442.944344 7.5578e-16
5444.478086 5.5797e-16
5446.011828 6.1032e-16
5447.54557 1.0727e-15
5449.079312 1.1709e-15
5450.613054 8.7145e-16
5452.146796 1.4243e-15
5453.680538 1.0282e-15
5455.21428 7.916e-16
5456.748022 3.2254e-16
5458.281764 6.2153e-16
5459.815506 1.5697e-15
5461.349248 1.4232e-15
5462.88299 1.7817e-15
5464.416732 1.1789e-15
5465.950474 6.9502e-16
5467.484216 1.1355e-15
5469.017958 1.2423e-15
5470.5517 1.0606e-15
5472.085442 1.1098e-15
5473.619184 4.7998e-16
5475.152926 1.0824e-15
5476.686668 9.7945e-16
5478.22041 6.7347e-16
5479.754152 6.8359e-16
5481.287894 2.9847e-16
5482.821636 6.936e-16
5484.355378 1.2093e-15
5485.88912 6.1527e-16
5487.422862 1.0255e-15
5488.956604 4.4147e-16
5490.490346 1.0512e-15
5492.024088 1.139e-15
5493.55783 7.3892e-16
5495.091572 8.5e-16
5496.625314 9.2998e-16
5498.159056 9.2688e-16
5499.692798 9.1711e-16
5501.22654 9.0285e-16
5502.760282 8.0307e-16
5504.294024 5.3191e-16
5505.827766 6.4554e-16
5507.361508 6.8313e-16
5508.89525 8.982e-16
5510.428992 9.414e-16
5511.962734 7.7505e-16
5513.496476 7.2275e-16
5515.030218 7.5437e-16
5516.56396 7.2469e-16
5518.097702 7.2232e-16
5519.631444 9.6477e-16
5521.165186 1.1613e-15
5522.698928 1.0814e-15
5524.23267 1.0613e-15
5525.766412 1.0056e-15
5527.300154 9.5442e-16
5528.833896 8.4821e-16
5530.367638 9.8849e-16
5531.90138 8.7623e-16
5533.435122 6.5324e-16
5534.968864 8.6108e-16
5536.502606 8.3652e-16
5538.036348 7.5678e-16
5539.57009 8.8238e-16
5541.103832 9.8276e-16
5542.637574 8.7136e-16
5544.171316 8.3817e-16
5545.705058 7.3436e-16
5547.2388 7.4048e-16
5548.772542 8.463e-16
5550.306284 1.0494e-15
5551.840026 9.9401e-16
5553.373768 9.2456e-16
5554.90751 9.6241e-16
5556.441252 1.0547e-15
5557.974994 1.0133e-15
5559.508736 8.3237e-16
5561.042478 7.3624e-16
5562.57622 9.8729e-16
5564.109962 1.0287e-15
5565.643704 8.694e-16
5567.177446 8.1401e-16
5568.711188 1.0071e-15
5570.24493 1.0151e-15
5571.778672 1.3347e-15
5573.312414 9.6191e-16
5574.846156 9.1847e-16
5576.379898 8.9005e-16
5577.91364 9.3302e-16
5579.447382 1.3054e-15
5580.981124 1.4287e-15
5582.514866 9.3345e-16
5584.048608 9.7984e-16
5585.58235 9.5327e-16
5587.116092 7.2209e-16
5588.649834 9.8701e-16
5590.183576 1.0256e-15
5591.717318 8.9544e-16
5593.25106 8.9686e-16
5594.784802 8.4046e-16
5596.318544 7.051e-16
5597.852286 8.8478e-16
5599.386028 9.2698e-16
5600.91977 9.7649e-16
5602.453512 1.084e-15
5603.987254 9.5102e-16
5605.520996 9.2651e-16
5607.054738 9.3248e-16
5608.58848 1.0207e-15
5610.122222 1.1201e-15
5611.655964 1.11e-15
5613.189706 8.1901e-16
5614.723448 7.9606e-16
5616.25719 9.6872e-16
5617.790932 8.8897e-16
5619.324674 8.2868e-16
5620.858416 8.8477e-16
5622.392158 8.6453e-16
5623.9259 8.754e-16
5625.459642 9.4741e-16
5626.993384 9.6694e-16
5628.527126 1.0845e-15
5630.060868 9.7558e-16
5631.59461 9.38e-16
5633.128352 9.6599e-16
5634.662094 9.9321e-16
5636.195836 9.6705e-16
5637.729578 9.5193e-16
5639.26332 1.0449e-15
5640.797062 9.9011e-16
5642.330804 9.312e-16
5643.864546 9.486e-16
5645.398288 6.3309e-16
5646.93203 7.2014e-16
5648.465772 8.5009e-16
5649.999514 7.6546e-16
5651.533256 7.2404e-16
5653.066998 8.4513e-16
5654.60074 8.0075e-16
5656.134482 8.2629e-16
5657.668224 8.6807e-16
5659.201966 9.9345e-16
5660.735708 7.8406e-16
5662.26945 7.9211e-16
5663.803192 7.6718e-16
5665.336934 8.8701e-16
5666.870676 9.5183e-16
5668.404418 1.0391e-15
5669.93816 9.0196e-16
5671.471902 7.5923e-16
5673.005644 8.1935e-16
5674.539386 8.8717e-16
5676.073128 9.3766e-16
5677.60687 9.6819e-16
5679.140612 8.5692e-16
5680.674354 8.4727e-16
5682.208096 9.2436e-16
5683.741838 8.0953e-16
5685.27558 6.9288e-16
5686.809322 7.957e-16
5688.343064 9.3765e-16
5689.876806 8.8472e-16
5691.410548 7.5158e-16
5692.94429 6.8201e-16
5694.478032 8.0055e-16
5696.011774 8.3664e-16
5697.545516 8.7056e-16
5699.079258 9.8859e-16
5700.613 8.7313e-16
5702.146742 9.2089e-16
5703.680484 1.0265e-15
5705.214226 9.4845e-16
5706.747968 7.5896e-16
5708.28171 7.5611e-16
5709.815452 7.8805e-16
5711.349194 8.8253e-16
5712.882936 9.2107e-16
5714.416678 9.3976e-16
5715.95042 8.5705e-16
5717.484162 7.3979e-16
5719.017904 7.3112e-16
5720.551646 7.6386e-16
5722.085388 8.671e-16
5723.61913 8.8057e-16
5725.152872 8.0194e-16
5726.686614 9.4402e-16
5728.220356 9.7261e-16
5729.754098 7.8255e-16
5731.28784 8.1363e-16
5732.821582 9.5789e-16
5734.355324 9.0212e-16
5735.889066 7.8588e-16
5737.422808 7.6359e-16
5738.95655 8.2399e-16
5740.490292 7.8227e-16
5742.024034 8.6178e-16
5743.557776 9.9486e-16
5745.091518 8.2845e-16
5746.62526 7.5857e-16
5748.159002 8.8951e-16
5749.692744 9.7682e-16
5751.226486 9.8419e-16
5752.760228 9.4429e-16
5754.29397 9.4613e-16
5755.827712 9.0024e-16
5757.361454 7.9345e-16
5758.895196 9.1216e-16
5760.428938 9.2348e-16
5761.96268 8.8474e-16
5763.496422 9.141e-16
5765.030164 8.5274e-16
5766.563906 8.9541e-16
5768.097648 8.8508e-16
5769.63139 8.4443e-16
5771.165132 7.0207e-16
5772.698874 7.6279e-16
5774.232616 9.7025e-16
5775.766358 9.164e-16
5777.3001 9.5314e-16
5778.833842 1.039e-15
5780.367584 9.547e-16
5781.901326 9.1366e-16
5783.435068 7.7667e-16
5784.96881 8.9841e-16
5786.502552 8.7526e-16
5788.036294 8.33e-16
5789.570036 9.304e-16
5791.103778 9.2915e-16
5792.63752 7.7492e-16
5794.171262 8.2034e-16
5795.705004 9.0824e-16
5797.238746 8.8339e-16
5798.772488 7.914e-16
5800.30623 8.3827e-16
5801.839972 8.7818e-16
5803.373714 8.282e-16
5804.907456 7.6972e-16
5806.441198 6.7502e-16
5807.97494 8.2428e-16
5809.508682 8.9075e-16
5811.042424 8.3239e-16
5812.576166 6.966e-16
5814.109908 7.8359e-16
5815.64365 9.1355e-16
5817.177392 9.4318e-16
5818.711134 8.6352e-16
5820.244876 8.033e-16
5821.778618 7.8034e-16
5823.31236 1.0005e-15
5824.846102 9.4115e-16
5826.379844 7.5032e-16
5827.913586 7.4782e-16
5829.447328 7.7198e-16
5830.98107 6.7073e-16
5832.514812 7.1096e-16
5834.048554 8.5831e-16
5835.582296 8.5062e-16
5837.116038 7.5611e-16
5838.64978 8.3686e-16
5840.183522 8.3264e-16
5841.717264 8.6579e-16
5843.251006 8.707e-16
5844.784748 8.9005e-16
5846.31849 7.1851e-16
5847.852232 7.0251e-16
5849.385974 6.4739e-16
5850.919716 6.0226e-16
5852.453458 6.9908e-16
5853.9872 7.7276e-16
5855.520942 8.5491e-16
5857.054684 8.8116e-16
5858.588426 9.8118e-16
5860.122168 9.0319e-16
5861.65591 8.391e-16
5863.189652 8.4781e-16
5864.723394 9.5095e-16
5866.257136 1.0993e-15
5867.790878 9.4321e-16
5869.32462 8.7506e-16
5870.858362 7.9392e-16
5872.392104 8.4016e-16
5873.925846 8.7321e-16
5875.459588 7.2211e-16
5876.99333 7.7688e-16
5878.527072 8.8253e-16
5880.060814 8.3977e-16
5881.594556 8.7759e-16
5883.128298 8.1729e-16
5884.66204 8.6352e-16
5886.195782 9.9678e-16
5887.729524 8.1249e-16
5889.263266 7.7165e-16
5890.797008 8.6684e-16
5892.33075 4.6683e-16
5893.864492 5.82e-16
5895.398234 9.0654e-16
5896.931976 8.8266e-16
5898.465718 7.8077e-16
5899.99946 7.2996e-16
5901.533202 7.4149e-16
5903.066944 7.5433e-16
5904.600686 7.6346e-16
5906.134428 7.508e-16
5907.66817 8.8383e-16
5909.201912 8.7018e-16
5910.735654 7.1551e-16
5912.269396 6.7116e-16
5913.803138 7.4822e-16
5915.33688 8.7215e-16
5916.870622 9.0774e-16
5918.404364 8.856e-16
5919.938106 9.6582e-16
5921.471848 7.5323e-16
5923.00559 6.4266e-16
5924.539332 8.5367e-16
5926.073074 9.8005e-16
5927.606816 8.5557e-16
5929.140558 7.8447e-16
5930.6743 8.4781e-16
5932.208042 8.4681e-16
5933.741784 8.8363e-16
5935.275526 8.8595e-16
5936.809268 8.3676e-16
5938.34301 8.3997e-16
5939.876752 9.7241e-16
5941.410494 8.1362e-16
5942.944236 5.8607e-16
5944.477978 8.219e-16
5946.01172 8.9416e-16
5947.545462 7.1656e-16
5949.079204 7.48e-16
5950.612946 8.4715e-16
5952.146688 8.0606e-16
5953.68043 7.4972e-16
5955.214172 7.391e-16
5956.747914 7.5408e-16
5958.281656 8.68e-16
5959.815398 9.6462e-16
5961.34914 8.8553e-16
5962.882882 7.3861e-16
5964.416624 6.6498e-16
5965.950366 6.4661e-16
5967.484108 8.0762e-16
5969.01785 7.8041e-16
5970.551592 7.6224e-16
5972.085334 7.623e-16
5973.619076 8.1369e-16
5975.152818 8.5174e-16
5976.68656 7.3077e-16
5978.220302 6.4058e-16
5979.754044 7.7589e-16
5981.287786 8.4175e-16
5982.821528 8.414e-16
5984.35527 7.8274e-16
5985.889012 8.5342e-16
5987.422754 8.75e-16
5988.956496 9.2286e-16
5990.490238 1.0201e-15
5992.02398 8.3709e-16
5993.557722 7.7083e-16
5995.091464 8.6935e-16
5996.625206 7.1243e-16
5998.158948 7.5981e-16
5999.69269 7.6108e-16
6001.226432 6.9024e-16
6002.760174 7.2225e-16
6004.293916 7.8543e-16
6005.827658 7.6978e-16
6007.3614 8.2901e-16
6008.895142 8.7808e-16
6010.428884 9.0075e-16
6011.962626 7.9036e-16
6013.496368 8.1469e-16
6015.03011 8.4753e-16
6016.563852 9.4251e-16
6018.097594 8.7382e-16
6019.631336 8.2378e-16
6021.165078 9.0026e-16
6022.69882 7.6888e-16
6024.232562 8.2485e-16
6025.766304 8.2314e-16
6027.300046 8.3289e-16
6028.833788 9.5603e-16
6030.36753 8.6537e-16
6031.901272 7.5584e-16
6033.435014 8.1451e-16
6034.968756 7.1831e-16
6036.502498 7.6723e-16
6038.03624 9.743e-16
6039.569982 1.0024e-15
6041.103724 9.9212e-16
6042.637466 9.5306e-16
6044.171208 9.9716e-16
6045.70495 8.837e-16
6047.238692 9.2879e-16
6048.772434 9.3723e-16
6050.306176 8.386e-16
6051.839918 7.535e-16
6053.37366 7.983e-16
6054.907402 8.0831e-16
6056.441144 7.814e-16
6057.974886 8.2637e-16
6059.508628 8.5474e-16
6061.04237 9.2102e-16
6062.576112 7.5089e-16
6064.109854 8.7731e-16
6065.643596 8.1363e-16
6067.177338 6.7073e-16
6068.71108 7.5857e-16
6070.244822 8.5569e-16
6071.778564 9.2576e-16
6073.312306 8.1281e-16
6074.846048 8.8453e-16
6076.37979 8.3458e-16
6077.913532 8.498e-16
6079.447274 8.3629e-16
6080.981016 7.82e-16
6082.514758 8.1669e-16
6084.0485 7.9468e-16
6085.582242 8.109e-16
6087.115984 7.6464e-16
6088.649726 8.0323e-16
6090.183468 9.6125e-16
6091.71721 9.5661e-16
6093.250952 8.8057e-16
6094.784694 8.6107e-16
6096.318436 9.1759e-16
6097.852178 8.4618e-16
6099.38592 7.6656e-16
6100.919662 7.2416e-16
6102.453404 6.849e-16
6103.987146 8.1792e-16
6105.520888 7.986e-16
6107.05463 8.0701e-16
6108.588372 9.8117e-16
6110.122114 1.1092e-15
6111.655856 1.0252e-15
6113.189598 9.5986e-16
6114.72334 8.0463e-16
6116.257082 7.0377e-16
6117.790824 9.2908e-16
6119.324566 9.7516e-16
6120.858308 8.767e-16
6122.39205 9.2972e-16
6123.925792 9.6332e-16
6125.459534 8.6281e-16
6126.993276 8.0126e-16
6128.527018 8.831e-16
6130.06076 7.8749e-16
6131.594502 9.0163e-16
6133.128244 8.7776e-16
6134.661986 7.7668e-16
6136.195728 7.9762e-16
6137.72947 7.8758e-16
6139.263212 7.1887e-16
6140.796954 7.1287e-16
6142.330696 7.288e-16
6143.864438 7.2904e-16
6145.39818 8.3352e-16
6146.931922 8.1124e-16
6148.465664 8.1401e-16
6149.999406 9.1573e-16
6151.533148 7.8833e-16
6153.06689 8.0263e-16
6154.600632 9.3819e-16
6156.134374 8.9292e-16
6157.668116 7.7096e-16
6159.201858 7.1052e-16
6160.7356 7.7184e-16
6162.269342 8.064e-16
6163.803084 7.5053e-16
6165.336826 7.8666e-16
6166.870568 8.249e-16
6168.40431 7.0248e-16
6169.938052 7.1773e-16
6171.471794 7.7048e-16
6173.005536 7.0061e-16
6174.539278 7.2325e-16
6176.07302 7.8104e-16
6177.606762 7.9262e-16
6179.140504 9.1346e-16
6180.674246 9.2093e-16
6182.207988 8.0891e-16
6183.74173 7.931e-16
6185.275472 9.2321e-16
6186.809214 8.1349e-16
6188.342956 7.1224e-16
6189.876698 8.0113e-16
6191.41044 8.329e-16
6192.944182 9.056e-16
6194.477924 9.5389e-16
6196.011666 8.5174e-16
6197.545408 7.9104e-16
6199.07915 8.5028e-16
6200.612892 8.8968e-16
6202.146634 9.1023e-16
6203.680376 8.2919e-16
6205.214118 8.6883e-16
6206.74786 8.8665e-16
6208.281602 7.437e-16
6209.815344 8.1761e-16
6211.349086 9.4309e-16
6212.882828 9.4306e-16
6214.41657 9.4154e-16
6215.950312 8.6379e-16
6217.484054 8.4681e-16
6219.017796 8.6372e-16
6220.551538 8.1288e-16
6222.08528 8.7864e-16
6223.619022 8.6578e-16
6225.152764 7.604e-16
6226.686506 7.6905e-16
6228.220248 9.1141e-16
6229.75399 9.9524e-16
6231.287732 9.4157e-16
6232.821474 9.643e-16
6234.355216 8.6744e-16
6235.888958 7.482e-16
6237.4227 7.7021e-16
6238.956442 6.8648e-16
6240.490184 7.0329e-16
6242.023926 8.2466e-16
6243.557668 9.2055e-16
6245.09141 8.4451e-16
6246.625152 7.6332e-16
6248.158894 9.1335e-16
6249.692636 8.8101e-16
6251.226378 8.3309e-16
6252.76012 8.8514e-16
6254.293862 8.5546e-16
6255.827604 8.9058e-16
6257.361346 8.5235e-16
6258.895088 8.6904e-16
6260.42883 9.8669e-16
6261.962572 9.1902e-16
6263.496314 7.9087e-16
6265.030056 7.5609e-16
6266.563798 7.3856e-16
6268.09754 8.0684e-16
6269.631282 9.2651e-16
6271.165024 9.6768e-16
6272.698766 9.5093e-16
6274.232508 8.922e-16
6275.76625 8.4921e-16
6277.299992 8.1839e-16
6278.833734 8.4018e-16
6280.367476 8.9393e-16
6281.901218 7.8113e-16
6283.43496 7.2289e-16
6284.968702 7.6307e-16
6286.502444 7.9652e-16
6288.036186 7.7636e-16
6289.569928 7.4149e-16
6291.10367 7.8703e-16
6292.637412 8.4537e-16
6294.171154 8.4576e-16
6295.704896 8.0113e-16
6297.238638 6.301e-16
6298.77238 7.3453e-16
6300.306122 9.1296e-16
6301.839864 9.4898e-16
6303.373606 9.326e-16
6304.907348 9.3449e-16
6306.44109 8.7374e-16
6307.974832 8.2949e-16
6309.508574 9.799e-16
6311.042316 9.8432e-16
6312.576058 8.4551e-16
6314.1098 7.848e-16
6315.643542 7.4636e-16
6317.177284 7.1589e-16
6318.711026 6.9931e-16
6320.244768 6.871e-16
6321.77851 8.2906e-16
6323.312252 8.9353e-16
6324.845994 8.3989e-16
6326.379736 9.3735e-16
6327.913478 8.8713e-16
6329.44722 8.6818e-16
6330.980962 8.5182e-16
6332.514704 8.0497e-16
6334.048446 8.9924e-16
6335.582188 8.7773e-16
6337.11593 9.0109e-16
6338.649672 8.8575e-16
6340.183414 7.6018e-16
6341.717156 5.9948e-16
6343.250898 7.0228e-16
6344.78464 7.9296e-16
6346.318382 8.3487e-16
6347.852124 9.2314e-16
6349.385866 9.0442e-16
6350.919608 8.1899e-16
6352.45335 7.0404e-16
6353.987092 8.5406e-16
6355.520834 8.9189e-16
6357.054576 8.9897e-16
6358.588318 8.5525e-16
6360.12206 7.7636e-16
6361.655802 9.0409e-16
6363.189544 1.0106e-15
6364.723286 8.7372e-16
6366.257028 7.6467e-16
6367.79077 7.6401e-16
6369.324512 8.3455e-16
6370.858254 9.0533e-16
6372.391996 8.7321e-16
6373.925738 7.6996e-16
6375.45948 7.7078e-16
6376.993222 7.9739e-16
6378.526964 8.4685e-16
6380.060706 8.1871e-16
6381.594448 8.9857e-16
6383.12819 9.1151e-16
6384.661932 7.1499e-16
6386.195674 7.1894e-16
6387.729416 7.6283e-16
6389.263158 7.8215e-16
6390.7969 8.0146e-16
6392.330642 7.9065e-16
6393.864384 7.3065e-16
6395.398126 7.3352e-16
6396.931868 7.1632e-16
6398.46561 6.5901e-16
6399.999352 6.9383e-16
6401.533094 7.5503e-16
6403.066836 8.0708e-16
6404.600578 7.1758e-16
6406.13432 7.0543e-16
6407.668062 7.3749e-16
6409.201804 8.4704e-16
6410.735546 8.07e-16
6412.269288 7.6329e-16
6413.80303 7.7301e-16
6415.336772 7.8311e-16
6416.870514 8.3792e-16
6418.404256 7.8895e-16
6419.937998 7.7342e-16
6421.47174 9.0538e-16
6423.005482 8.4115e-16
6424.539224 7.9398e-16
6426.072966 8.4195e-16
6427.606708 7.5364e-16
6429.14045 7.748e-16
6430.674192 8.0902e-16
6432.207934 8.0835e-16
6433.741676 7.1591e-16
6435.275418 6.0619e-16
6436.80916 7.2943e-16
6438.342902 8.5659e-16
6439.876644 7.8451e-16
6441.410386 7.3218e-16
6442.944128 6.4065e-16
6444.47787 6.5712e-16
6446.011612 6.3423e-16
6447.545354 6.5809e-16
6449.079096 6.8103e-16
6450.612838 6.1136e-16
6452.14658 6.8859e-16
6453.680322 8.3929e-16
6455.214064 7.8223e-16
6456.747806 7.9793e-16
6458.281548 7.4853e-16
6459.81529 7.4985e-16
6461.349032 6.5848e-16
6462.882774 7.2476e-16
6464.416516 8.4959e-16
6465.950258 8.2621e-16
6467.484 7.3276e-16
6469.017742 7.1332e-16
6470.551484 7.5406e-16
6472.085226 8.1325e-16
6473.618968 7.7131e-16
6475.15271 6.7266e-16
6476.686452 7.3277e-16
6478.220194 7.3972e-16
6479.753936 7.1856e-16
6481.287678 7.637e-16
6482.82142 7.3599e-16
6484.355162 6.9296e-16
6485.888904 7.9952e-16
6487.422646 7.9217e-16
6488.956388 8.2544e-16
6490.49013 8.7259e-16
6492.023872 8.7823e-16
6493.557614 8.8995e-16
6495.091356 9.0497e-16
6496.625098 8.0815e-16
6498.15884 9.5546e-16
6499.692582 8.8516e-16
6501.226324 7.6862e-16
6502.760066 8.882e-16
6504.293808 9.0198e-16
6505.82755 8.0827e-16
6507.361292 7.2279e-16
6508.895034 7.7956e-16
6510.428776 8.7948e-16
6511.962518 8.7484e-16
6513.49626 7.9871e-16
6515.030002 7.3202e-16
6516.563744 7.5021e-16
6518.097486 7.2422e-16
6519.631228 8.5081e-16
6521.16497 7.2717e-16
6522.698712 6.9098e-16
6524.232454 7.949e-16
6525.766196 7.3081e-16
6527.299938 7.8825e-16
6528.83368 9.2025e-16
6530.367422 8.9923e-16
6531.901164 8.1941e-16
6533.434906 7.4066e-16
6534.968648 7.567e-16
6536.50239 8.3564e-16
6538.036132 8.4127e-16
6539.569874 7.6284e-16
6541.103616 7.3186e-16
6542.637358 9.3181e-16
6544.1711 1.0184e-15
6545.704842 1.0139e-15
6547.238584 1.0288e-15
6548.772326 9.0998e-16
6550.306068 7.8082e-16
6551.83981 8.8651e-16
6553.373552 9.6116e-16
6554.907294 8.6219e-16
6556.441036 8.3744e-16
6557.974778 8.7227e-16
6559.50852 8.4509e-16
6561.042262 8.1179e-16
6562.576004 9.1592e-16
6564.109746 9.5138e-16
6565.643488 9.4482e-16
6567.17723 8.4537e-16
6568.710972 8.3194e-16
6570.244714 8.901e-16
6571.778456 9.2249e-16
6573.312198 7.8674e-16
6574.84594 8.1314e-16
6576.379682 8.6865e-16
6577.913424 7.826e-16
6579.447166 8.2065e-16
6580.980908 7.3474e-16
6582.51465 7.6072e-16
6584.048392 7.7037e-16
6585.582134 8.3699e-16
6587.115876 8.5196e-16
6588.649618 8.0309e-16
6590.18336 7.6784e-16
6591.717102 8.0967e-16
6593.250844 7.5425e-16
6594.784586 8.3773e-16
6596.318328 9.5101e-16
6597.85207 8.3001e-16
6599.385812 7.5918e-16
6600.919554 7.4281e-16
6602.453296 7.4022e-16
6603.987038 7.1523e-16
6605.52078 7.7344e-16
6607.054522 7.4968e-16
6608.588264 8.2507e-16
6610.122006 8.2207e-16
6611.655748 6.7568e-16
6613.18949 6.6751e-16
6614.723232 8.0169e-16
6616.256974 7.9835e-16
6617.790716 7.6938e-16
6619.324458 8.2169e-16
6620.8582 7.8986e-16
6622.391942 8.5235e-16
6623.925684 8.3262e-16
6625.459426 8.3219e-16
6626.993168 8.4869e-16
6628.52691 8.3068e-16
6630.060652 8.8498e-16
6631.594394 8.0364e-16
6633.128136 6.9985e-16
6634.661878 8.2091e-16
6636.19562 8.2451e-16
6637.729362 8.89e-16
6639.263104 8.3785e-16
6640.796846 7.6011e-16
6642.330588 7.2832e-16
6643.86433 7.9819e-16
6645.398072 8.0437e-16
6646.931814 7.7678e-16
6648.465556 7.7273e-16
6649.999298 8.3249e-16
6651.53304 8.5284e-16
6653.066782 8.269e-16
6654.600524 8.2241e-16
6656.134266 8.093e-16
6657.668008 8.3144e-16
6659.20175 8.7341e-16
6660.735492 8.3184e-16
6662.269234 8.0586e-16
6663.802976 8.7651e-16
6665.336718 9.1465e-16
6666.87046 7.8982e-16
6668.404202 8.1708e-16
6669.937944 8.4102e-16
6671.471686 8.1076e-16
6673.005428 7.9672e-16
6674.53917 8.615e-16
6676.072912 9.6838e-16
6677.606654 9.1904e-16
6679.140396 7.9814e-16
6680.674138 8.9924e-16
6682.20788 8.6248e-16
6683.741622 7.7394e-16
6685.275364 8.1835e-16
6686.809106 8.5559e-16
6688.342848 8.5612e-16
6689.87659 7.9734e-16
6691.410332 8.5981e-16
6692.944074 8.9993e-16
6694.477816 8.6007e-16
6696.011558 7.698e-16
6697.5453 8.4584e-16
6699.079042 7.9819e-16
6700.612784 7.7047e-16
6702.146526 8.6048e-16
6703.680268 7.4758e-16
6705.21401 6.488e-16
6706.747752 6.4589e-16
6708.281494 7.1646e-16
6709.815236 7.3686e-16
6711.348978 7.8867e-16
6712.88272 7.5484e-16
6714.416462 7.7717e-16
6715.950204 7.959e-16
6717.483946 7.8676e-16
6719.017688 8.2893e-16
6720.55143 7.6147e-16
6722.085172 7.2382e-16
6723.618914 7.578e-16
6725.152656 8.7599e-16
6726.686398 8.192e-16
6728.22014 7.815e-16
6729.753882 8.1764e-16
6731.287624 7.7969e-16
6732.821366 8.0309e-16
6734.355108 8.8062e-16
6735.88885 7.6917e-16
6737.422592 7.3295e-16
6738.956334 8.5433e-16
6740.490076 7.8303e-16
6742.023818 8.145e-16
6743.55756 8.28e-16
6745.091302 8.0553e-16
6746.625044 7.6499e-16
6748.158786 8.1227e-16
6749.692528 7.9748e-16
6751.22627 7.8604e-16
6752.760012 8.1597e-16
6754.293754 7.7221e-16
6755.827496 8.3618e-16
6757.361238 8.6223e-16
6758.89498 8.0441e-16
6760.428722 8.1512e-16
6761.962464 7.6917e-16
6763.496206 7.5453e-16
6765.029948 7.5108e-16
6766.56369 8.6969e-16
6768.097432 9.4453e-16
6769.631174 8.8358e-16
6771.164916 8.3494e-16
6772.698658 8.3536e-16
6774.2324 8.1524e-16
6775.766142 7.3574e-16
6777.299884 8.2933e-16
6778.833626 8.7961e-16
6780.367368 7.8028e-16
6781.90111 7.3422e-16
6783.434852 7.6598e-16
6784.968594 8.3625e-16
6786.502336 8.9105e-16
6788.036078 9.2979e-16
6789.56982 8.756e-16
6791.103562 7.8768e-16
6792.637304 7.9557e-16
6794.171046 8.3758e-16
6795.704788 7.7937e-16
6797.23853 7.6776e-16
6798.772272 8.33e-16
6800.306014 7.4795e-16
6801.839756 6.8296e-16
6803.373498 7.9876e-16
6804.90724 8.028e-16
6806.440982 8.0905e-16
6807.974724 7.9805e-16
6809.508466 7.711e-16
6811.042208 7.8911e-16
6812.57595 8.3072e-16
6814.109692 8.4717e-16
6815.643434 8.4779e-16
6817.177176 8.4461e-16
6818.710918 8.889e-16
6820.24466 8.5449e-16
6821.778402 8.4392e-16
6823.312144 7.8352e-16
6824.845886 6.8263e-16
6826.379628 7.7085e-16
6827.91337 8.7334e-16
6829.447112 8.5148e-16
6830.980854 7.4741e-16
6832.514596 8.2471e-16
6834.048338 8.9022e-16
6835.58208 8.1272e-16
6837.115822 7.2455e-16
6838.649564 7.4372e-16
6840.183306 7.7952e-16
6841.717048 7.9574e-16
6843.25079 8.4969e-16
6844.784532 7.9501e-16
6846.318274 8.1016e-16
6847.852016 7.659e-16
6849.385758 7.9133e-16
6850.9195 7.6978e-16
6852.453242 7.3706e-16
6853.986984 8.8816e-16
6855.520726 9.8987e-16
6857.054468 9.7751e-16
6858.58821 9.9184e-16
6860.121952 1.0402e-15
6861.655694 9.1329e-16
6863.189436 9.8125e-16
6864.723178 8.5434e-16
6866.25692 6.3145e-16
6867.790662 6.6149e-16
6869.324404 7.7622e-16
6870.858146 7.9301e-16
6872.391888 7.7548e-16
6873.92563 7.5094e-16
6875.459372 8.3781e-16
6876.993114 9.5495e-16
6878.526856 9.1305e-16
6880.060598 9.0164e-16
6881.59434 8.2757e-16
6883.128082 8.5642e-16
6884.661824 9.6278e-16
6886.195566 7.7805e-16
6887.729308 7.6615e-16
6889.26305 9.7603e-16
6890.796792 9.7424e-16
6892.330534 9.171e-16
6893.864276 8.8743e-16
6895.398018 9.0801e-16
6896.93176 9.4679e-16
6898.465502 9.0327e-16
6899.999244 8.655e-16
6901.532986 8.3603e-16
6903.066728 8.1109e-16
6904.60047 8.1717e-16
6906.134212 7.6404e-16
6907.667954 7.9694e-16
6909.201696 7.3092e-16
6910.735438 7.3764e-16
6912.26918 7.9877e-16
6913.802922 7.8625e-16
6915.336664 7.6877e-16
6916.870406 7.6995e-16
6918.404148 7.6932e-16
6919.93789 8.3302e-16
6921.471632 7.7739e-16
6923.005374 7.4712e-16
6924.539116 7.2754e-16
6926.072858 7.5636e-16
6927.6066 8.5605e-16
6929.140342 8.267e-16
6930.674084 7.9154e-16
6932.207826 7.3922e-16
6933.741568 7.4359e-16
6935.27531 7.2634e-16
6936.809052 7.468e-16
6938.342794 7.157e-16
6939.876536 7.0598e-16
6941.410278 7.2732e-16
6942.94402 7.2261e-16
6944.477762 7.6982e-16
6946.011504 7.6906e-16
6947.545246 6.7074e-16
6949.078988 6.6866e-16
6950.61273 6.9458e-16
6952.146472 6.4944e-16
6953.680214 7.0291e-16
6955.213956 7.6334e-16
6956.747698 7.6063e-16
6958.28144 7.3634e-16
6959.815182 7.6206e-16
6961.348924 7.6461e-16
6962.882666 7.0879e-16
6964.416408 7.5712e-16
6965.95015 7.457e-16
6967.483892 7.5997e-16
6969.017634 7.3178e-16
6970.551376 7.6336e-16
6972.085118 7.2395e-16
6973.61886 6.4445e-16
6975.152602 6.6167e-16
6976.686344 7.1292e-16
6978.220086 7.0011e-16
6979.753828 7.3979e-16
6981.28757 7.4568e-16
6982.821312 7.6462e-16
6984.355054 8.0911e-16
6985.888796 8.1992e-16
6987.422538 8.1628e-16
6988.95628 8.0521e-16
6990.490022 7.6978e-16
6992.023764 8.2382e-16
6993.557506 7.9173e-16
6995.091248 7.584e-16
6996.62499 7.694e-16
6998.158732 7.5005e-16
6999.692474 7.4093e-16
7001.226216 7.1516e-16
7002.759958 6.7967e-16
7004.2937 7.3722e-16
7005.827442 7.6504e-16
7007.361184 7.4651e-16
7008.894926 7.1372e-16
7010.428668 7.0672e-16
7011.96241 7.7975e-16
7013.496152 7.6908e-16
7015.029894 6.5974e-16
7016.563636 6.6271e-16
7018.097378 6.9638e-16
7019.63112 7.0266e-16
7021.164862 7.2385e-16
7022.698604 7.2182e-16
7024.232346 7.1024e-16
7025.766088 6.425e-16
7027.29983 6.2525e-16
7028.833572 6.9033e-16
7030.367314 7.1471e-16
7031.901056 7.2666e-16
7033.434798 7.2346e-16
7034.96854 7.0459e-16
7036.502282 7.792e-16
7038.036024 7.7661e-16
7039.569766 6.5591e-16
7041.103508 6.8469e-16
7042.63725 6.9829e-16
7044.170992 7.0747e-16
7045.704734 8.0808e-16
7047.238476 8.7571e-16
7048.772218 7.8709e-16
7050.30596 7.8445e-16
7051.839702 8.2203e-16
7053.373444 7.3384e-16
7054.907186 7.1921e-16
7056.440928 7.1525e-16
7057.97467 6.862e-16
7059.508412 7.1797e-16
7061.042154 7.7397e-16
7062.575896 6.9644e-16
7064.109638 7.048e-16
7065.64338 7.1147e-16
7067.177122 6.7277e-16
7068.710864 6.7757e-16
7070.244606 6.6192e-16
7071.778348 6.0359e-16
7073.31209 6.7374e-16
7074.845832 7.568e-16
7076.379574 7.1696e-16
7077.913316 6.9278e-16
7079.447058 7.4834e-16
7080.9808 7.5018e-16
7082.514542 7.5121e-16
7084.048284 7.4918e-16
7085.582026 6.9134e-16
7087.115768 7.0123e-16
7088.64951 7.1858e-16
7090.183252 6.6386e-16
7091.716994 6.5005e-16
7093.250736 6.9616e-16
7094.784478 7.531e-16
7096.31822 7.3275e-16
7097.851962 6.8341e-16
7099.385704 7.0093e-16
7100.919446 7.4176e-16
7102.453188 7.112e-16
7103.98693 6.6768e-16
7105.520672 6.9349e-16
7107.054414 6.8549e-16
7108.588156 6.4973e-16
7110.121898 7.2821e-16
7111.65564 7.9671e-16
7113.189382 7.1131e-16
7114.723124 7.0268e-16
7116.256866 7.3331e-16
7117.790608 7.1584e-16
7119.32435 7.0168e-16
7120.858092 6.8517e-16
7122.391834 7.4876e-16
7123.925576 7.451e-16
7125.459318 6.9459e-16
7126.99306 7.0278e-16
7128.526802 7.1345e-16
7130.060544 6.85e-16
7131.594286 6.4834e-16
7133.128028 6.9996e-16
7134.66177 7.5609e-16
7136.195512 7.245e-16
7137.729254 7.2142e-16
7139.262996 7.107e-16
7140.796738 6.6686e-16
7142.33048 7.1001e-16
7143.864222 7.4828e-16
7145.397964 7.364e-16
7146.931706 7.3515e-16
7148.465448 7.4837e-16
7149.99919 7.3475e-16
7151.532932 7.6906e-16
7153.066674 8.0944e-16
7154.600416 7.516e-16
7156.134158 7.0305e-16
7157.6679 7.5572e-16
7159.201642 7.6869e-16
7160.735384 7.3126e-16
7162.269126 7.3368e-16
7163.802868 7.9006e-16
7165.33661 7.991e-16
7166.870352 7.7334e-16
7168.404094 8.0318e-16
7169.937836 7.4182e-16
7171.471578 7.8692e-16
7173.00532 8.4706e-16
7174.539062 7.7939e-16
7176.072804 7.2404e-16
7177.606546 7.4863e-16
7179.140288 6.9246e-16
7180.67403 7.0521e-16
7182.207772 7.4794e-16
7183.741514 7.6682e-16
7185.275256 7.4904e-16
7186.808998 7.1128e-16
7188.34274 8.1391e-16
7189.876482 7.7459e-16
7191.410224 6.3944e-16
7192.943966 7.1537e-16
7194.477708 7.3368e-16
7196.01145 7.2211e-16
7197.545192 7.5841e-16
7199.078934 7.3218e-16
7200.612676 7.0264e-16
7202.146418 7.1397e-16
7203.68016 6.5924e-16
7205.213902 6.6239e-16
7206.747644 7.4132e-16
7208.281386 7.0011e-16
7209.815128 6.5636e-16
7211.34887 5.9097e-16
7212.882612 5.8323e-16
7214.416354 6.5392e-16
7215.950096 7.064e-16
7217.483838 7.7211e-16
7219.01758 8.0051e-16
7220.551322 7.8662e-16
7222.085064 7.7056e-16
7223.618806 8.0776e-16
7225.152548 8.0273e-16
7226.68629 8.0415e-16
7228.220032 7.5753e-16
7229.753774 7.7907e-16
7231.287516 7.1228e-16
7232.821258 5.7389e-16
7234.355 5.5162e-16
7235.888742 7.1017e-16
7237.422484 7.6215e-16
7238.956226 6.2694e-16
7240.489968 7.0619e-16
7242.02371 8.7147e-16
7243.557452 8.1669e-16
7245.091194 8.1332e-16
7246.624936 8.3332e-16
7248.158678 7.5032e-16
7249.69242 6.5674e-16
7251.226162 5.9798e-16
7252.759904 6.4785e-16
7254.293646 7.2957e-16
7255.827388 6.3688e-16
7257.36113 5.8463e-16
7258.894872 7.0961e-16
7260.428614 7.5311e-16
7261.962356 7.4019e-16
7263.496098 7.9431e-16
7265.02984 8.1197e-16
7266.563582 7.6985e-16
7268.097324 7.2212e-16
7269.631066 6.5214e-16
7271.164808 6.5033e-16
7272.69855 6.5168e-16
7274.232292 5.8203e-16
7275.766034 5.9487e-16
7277.299776 8.0619e-16
7278.833518 9.4089e-16
7280.36726 8.1466e-16
7281.901002 7.3794e-16
7283.434744 8.2989e-16
7284.968486 7.5816e-16
7286.502228 7.3038e-16
7288.03597 7.6033e-16
7289.569712 6.8894e-16
7291.103454 6.2321e-16
7292.637196 7.5645e-16
7294.170938 7.2739e-16
7295.70468 7.3933e-16
7297.238422 7.9411e-16
7298.772164 8.4036e-16
7300.305906 7.1914e-16
7301.839648 7.7901e-16
7303.37339 7.8181e-16
7304.907132 6.9889e-16
7306.440874 7.0351e-16
7307.974616 8.2245e-16
7309.508358 8.7338e-16
7311.0421 6.9045e-16
7312.575842 6.4965e-16
7314.109584 7.2945e-16
7315.643326 7.3651e-16
7317.177068 7.2477e-16
7318.71081 8.1607e-16
7320.244552 7.324e-16
7321.778294 6.5981e-16
7323.312036 7.2396e-16
7324.845778 6.8732e-16
7326.37952 6.6229e-16
7327.913262 7.2997e-16
7329.447004 7.5633e-16
7330.980746 7.3454e-16
7332.514488 7.6216e-16
7334.04823 6.5773e-16
7335.581972 6.7465e-16
7337.115714 7.1639e-16
7338.649456 6.4418e-16
7340.183198 6.6443e-16
7341.71694 7.1103e-16
7343.250682 7.3238e-16
7344.784424 6.5203e-16
7346.318166 6.9473e-16
7347.851908 7.8236e-16
7349.38565 7.4305e-16
7350.919392 7.2927e-16
7352.453134 6.7393e-16
7353.986876 7.4827e-16
7355.520618 6.9836e-16
7357.05436 7.852e-16
7358.588102 8.0155e-16
7360.121844 7.3182e-16
7361.655586 8.0282e-16
7363.189328 8.5553e-16
7364.72307 7.5992e-16
7366.256812 6.9178e-16
7367.790554 7.0688e-16
7369.324296 8.0706e-16
7370.858038 6.7305e-16
7372.39178 7.2013e-16
7373.925522 7.718e-16
7375.459264 6.9664e-16
7376.993006 7.2282e-16
7378.526748 7.3597e-16
7380.06049 8.5616e-16
7381.594232 7.183e-16
7383.127974 6.5177e-16
7384.661716 7.1877e-16
7386.195458 6.7172e-16
7387.7292 7.6482e-16
7389.262942 6.5524e-16
7390.796684 6.1115e-16
7392.330426 6.6412e-16
7393.864168 6.8536e-16
7395.39791 6.5715e-16
7396.931652 5.9534e-16
7398.465394 6.6012e-16
7399.999136 7.4481e-16
7401.532878 7.2448e-16
7403.06662 7.0657e-16
7404.600362 7.2025e-16
7406.134104 7.2761e-16
7407.667846 6.7711e-16
7409.201588 6.305e-16
7410.73533 6.8814e-16
7412.269072 6.2743e-16
7413.802814 6.5131e-16
7415.336556 7.0522e-16
7416.870298 7.5483e-16
7418.40404 6.9078e-16
7419.937782 6.7965e-16
7421.471524 6.1878e-16
7423.005266 5.8717e-16
7424.539008 6.1984e-16
7426.07275 6.6825e-16
7427.606492 6.141e-16
7429.140234 5.8986e-16
7430.673976 6.6101e-16
7432.207718 7.3949e-16
7433.74146 6.7266e-16
7435.275202 6.1644e-16
7436.808944 6.8606e-16
7438.342686 6.5522e-16
7439.876428 6.9107e-16
7441.41017 6.9768e-16
7442.943912 7.3765e-16
7444.477654 7.3181e-16
7446.011396 6.5543e-16
7447.545138 6.604e-16
7449.07888 6.3116e-16
7450.612622 6.9604e-16
7452.146364 6.7693e-16
7453.680106 6.2921e-16
7455.213848 6.7081e-16
7456.74759 6.5211e-16
7458.281332 6.0054e-16
7459.815074 5.9018e-16
7461.348816 6.3294e-16
7462.882558 6.8799e-16
7464.4163 7.293e-16
7465.950042 6.9239e-16
7467.483784 6.2238e-16
7469.017526 6.8163e-16
7470.551268 7.108e-16
7472.08501 6.0441e-16
7473.618752 6.1781e-16
7475.152494 6.9387e-16
7476.686236 6.3459e-16
7478.219978 6.1616e-16
7479.75372 6.0357e-16
7481.287462 6.4237e-16
7482.821204 6.9302e-16
7484.354946 6.4546e-16
7485.888688 5.7682e-16
7487.42243 5.7908e-16
7488.956172 6.3585e-16
7490.489914 6.2387e-16
7492.023656 6.6754e-16
7493.557398 6.701e-16
7495.09114 6.7708e-16
7496.624882 7.5112e-16
7498.158624 7.7961e-16
7499.692366 6.7381e-16
7501.226108 5.6891e-16
7502.75985 6.5976e-16
7504.293592 6.7527e-16
7505.827334 6.3231e-16
7507.361076 6.2682e-16
7508.894818 6.4581e-16
7510.42856 6.7701e-16
7511.962302 6.6614e-16
7513.496044 6.7461e-16
7515.029786 7.232e-16
7516.563528 7.1647e-16
7518.09727 6.7995e-16
7519.631012 7.64e-16
7521.164754 7.8466e-16
7522.698496 6.4051e-16
7524.232238 6.3848e-16
7525.76598 7.2599e-16
7527.299722 6.9035e-16
7528.833464 7.3491e-16
7530.367206 8.1417e-16
7531.900948 7.2008e-16
7533.43469 6.7343e-16
7534.968432 7.7879e-16
7536.502174 7.0752e-16
7538.035916 6.5405e-16
7539.569658 6.9466e-16
7541.1034 6.7993e-16
7542.637142 6.5904e-16
7544.170884 7.7485e-16
7545.704626 7.9102e-16
7547.238368 6.7948e-16
7548.77211 7.146e-16
7550.305852 8.1675e-16
7551.839594 7.8134e-16
7553.373336 6.8416e-16
7554.907078 6.9731e-16
7556.44082 7.5754e-16
7557.974562 7.4693e-16
7559.508304 7.1025e-16
7561.042046 7.2276e-16
7562.575788 7.102e-16
7564.10953 7.1511e-16
7565.643272 7.2363e-16
7567.177014 7.2582e-16
7568.710756 7.1597e-16
7570.244498 7.4246e-16
7571.77824 8.1022e-16
7573.311982 8.1009e-16
7574.845724 7.1353e-16
7576.379466 7.3151e-16
7577.913208 8.282e-16
7579.44695 9.4358e-16
7580.980692 9.3336e-16
7582.514434 9.6695e-16
7584.048176 1.0644e-15
7585.581918 1.2002e-15
7587.11566 1.7689e-15
7588.649402 2.1718e-15
7590.183144 1.8831e-15
7591.716886 1.5367e-15
7593.250628 1.5936e-15
7594.78437 1.6362e-15
7596.318112 1.3194e-15
7597.851854 1.5396e-15
7599.385596 1.2471e-15
7600.919338 7.1145e-16
7602.45308 5.8625e-16
7603.986822 3.4058e-16
7605.520564 3.2597e-16
7607.054306 3.4947e-16
7608.588048 3.4991e-16
7610.12179 4.9065e-16
7611.655532 6.5522e-16
7613.189274 8.5151e-16
7614.723016 8.6155e-16
7616.256758 9.3009e-16
7617.7905 1.1619e-15
7619.324242 1.1308e-15
7620.857984 9.5974e-16
7622.391726 9.0882e-16
7623.925468 8.8891e-16
7625.45921 7.7392e-16
7626.992952 7.4139e-16
7628.526694 7.3951e-16
7630.060436 7.9946e-16
7631.594178 7.0867e-16
7633.12792 6.9074e-16
7634.661662 6.4972e-16
7636.195404 6.3676e-16
7637.729146 6.1661e-16
7639.262888 5.8483e-16
7640.79663 6.6106e-16
7642.330372 7.856e-16
7643.864114 7.2521e-16
7645.397856 6.8621e-16
7646.931598 6.6682e-16
7648.46534 7.0715e-16
7649.999082 7.1138e-16
7651.532824 7.5237e-16
7653.066566 6.5439e-16
7654.600308 5.3032e-16
7656.13405 5.8875e-16
7657.667792 7.0462e-16
7659.201534 6.7601e-16
7660.735276 6.7368e-16
7662.269018 7.865e-16
7663.80276 7.7371e-16
7665.336502 7.4257e-16
7666.870244 7.4473e-16
7668.403986 6.7779e-16
7669.937728 6.8819e-16
7671.47147 7.1926e-16
7673.005212 7.117e-16
7674.538954 7.1634e-16
7676.072696 7.7234e-16
7677.606438 7.1236e-16
7679.14018 7.0209e-16
7680.673922 7.1488e-16
7682.207664 6.8375e-16
7683.741406 7.4472e-16
7685.275148 7.2118e-16
7686.80889 7.986e-16
7688.342632 7.3614e-16
7689.876374 6.9372e-16
7691.410116 7.3641e-16
7692.943858 8.2144e-16
7694.4776 8.4807e-16
7696.011342 7.4798e-16
7697.545084 7.2006e-16
7699.078826 6.8544e-16
7700.612568 6.3422e-16
7702.14631 6.4992e-16
7703.680052 7.8424e-16
7705.213794 8.0122e-16
7706.747536 7.9703e-16
7708.281278 7.6867e-16
7709.81502 5.7512e-16
7711.348762 6.39e-16
7712.882504 6.5016e-16
7714.416246 8.0745e-16
7715.949988 9.5912e-16
7717.48373 8.8785e-16
7719.017472 8.1822e-16
7720.551214 7.0949e-16
7722.084956 7.1477e-16
7723.618698 8.1708e-16
7725.15244 7.5576e-16
7726.686182 7.1066e-16
7728.219924 6.7227e-16
7729.753666 6.7159e-16
7731.287408 7.4508e-16
7732.82115 8.1552e-16
7734.354892 7.7402e-16
7735.888634 7.1371e-16
7737.422376 7.221e-16
7738.956118 6.8906e-16
7740.48986 6.4359e-16
7742.023602 6.7491e-16
7743.557344 6.6781e-16
7745.091086 7.3256e-16
7746.624828 7.8477e-16
7748.15857 6.3664e-16
7749.692312 6.3342e-16
7751.226054 7.536e-16
7752.759796 7.6785e-16
7754.293538 7.0195e-16
7755.82728 5.6999e-16
7757.361022 6.6047e-16
7758.894764 8.0985e-16
7760.428506 7.3579e-16
7761.962248 6.3736e-16
7763.49599 6.736e-16
7765.029732 7.6519e-16
7766.563474 7.6857e-16
7768.097216 7.6911e-16
7769.630958 6.7439e-16
7771.1647 6.3131e-16
7772.698442 6.3886e-16
7774.232184 5.9825e-16
7775.765926 6.2055e-16
7777.299668 6.0245e-16
7778.83341 7.2582e-16
7780.367152 8.2259e-16
7781.900894 7.8068e-16
7783.434636 7.6972e-16
7784.968378 8.0419e-16
7786.50212 6.7369e-16
7788.035862 4.4635e-16
7789.569604 4.9937e-16
7791.103346 6.6955e-16
7792.637088 8.7807e-16
7794.17083 8.8049e-16
7795.704572 7.2216e-16
7797.238314 6.5254e-16
7798.772056 7.297e-16
7800.305798 7.2428e-16
7801.83954 6.641e-16
7803.373282 8.1803e-16
7804.907024 8.5266e-16
7806.440766 7.8216e-16
7807.974508 8.9135e-16
7809.50825 8.486e-16
7811.041992 7.6088e-16
7812.575734 8.7295e-16
7814.109476 8.4393e-16
7815.643218 5.4885e-16
7817.17696 7.4536e-16
7818.710702 8.5396e-16
7820.244444 7.1811e-16
7821.778186 7.335e-16
7823.311928 6.3905e-16
7824.84567 6.5727e-16
7826.379412 7.0797e-16
7827.913154 6.6962e-16
7829.446896 7.1188e-16
7830.980638 7.0937e-16
7832.51438 7.0048e-16
7834.048122 6.5342e-16
7835.581864 7.4624e-16
7837.115606 8.0429e-16
7838.649348 8.2072e-16
7840.18309 7.642e-16
7841.716832 7.132e-16
7843.250574 5.692e-16
7844.784316 5.1327e-16
7846.318058 5.4415e-16
7847.8518 7.0201e-16
7849.385542 7.1151e-16
7850.919284 7.6777e-16
7852.453026 9.5042e-16
7853.986768 9.0533e-16
7855.52051 9.1554e-16
7857.054252 7.1401e-16
7858.587994 7.0547e-16
7860.121736 7.1815e-16
7861.655478 6.6024e-16
7863.18922 7.1706e-16
7864.722962 8.2745e-16
7866.256704 8.9823e-16
7867.790446 8.0163e-16
7869.324188 6.9294e-16
7870.85793 7.3116e-16
7872.391672 6.9546e-16
7873.925414 6.874e-16
7875.459156 7.181e-16
7876.992898 8.5569e-16
7878.52664 8.2217e-16
7880.060382 6.5891e-16
7881.594124 6.0815e-16
7883.127866 7.0678e-16
7884.661608 6.7427e-16
7886.19535 6.3751e-16
7887.729092 9.075e-16
7889.262834 7.7923e-16
7890.796576 7.2809e-16
7892.330318 8.7954e-16
7893.86406 7.0179e-16
7895.397802 5.7817e-16
7896.931544 7.0988e-16
7898.465286 8.0973e-16
7899.999028 8.4513e-16
7901.53277 7.901e-16
7903.066512 6.9022e-16
7904.600254 7.5139e-16
7906.133996 6.99e-16
7907.667738 8.0021e-16
7909.20148 9.755e-16
7910.735222 8.9249e-16
7912.268964 8.3593e-16
7913.802706 9.6643e-16
7915.336448 8.5338e-16
7916.87019 8.4544e-16
7918.403932 7.5371e-16
7919.937674 5.9805e-16
7921.471416 6.8124e-16
7923.005158 7.2884e-16
7924.5389 6.935e-16
7926.072642 6.4271e-16
7927.606384 7.0336e-16
7929.140126 7.3541e-16
7930.673868 6.4965e-16
7932.20761 6.2134e-16
7933.741352 6.9734e-16
7935.275094 7.2584e-16
7936.808836 6.8457e-16
7938.342578 6.8827e-16
7939.87632 7.5764e-16
7941.410062 6.7041e-16
7942.943804 6.1725e-16
7944.477546 6.4698e-16
7946.011288 7.4044e-16
7947.54503 7.2625e-16
7949.078772 7.0789e-16
7950.612514 7.0059e-16
7952.146256 6.9957e-16
7953.679998 7.403e-16
7955.21374 6.8076e-16
7956.747482 5.8225e-16
7958.281224 8.0671e-16
7959.814966 8.4885e-16
7961.348708 7.9133e-16
7962.88245 7.9317e-16
7964.416192 8.4781e-16
7965.949934 7.8835e-16
7967.483676 6.8167e-16
7969.017418 6.2748e-16
7970.55116 6.4439e-16
7972.084902 6.8299e-16
7973.618644 6.6355e-16
7975.152386 6.811e-16
7976.686128 7.44e-16
7978.21987 7.204e-16
7979.753612 6.7103e-16
7981.287354 6.6746e-16
7982.821096 7.018e-16
7984.354838 7.75e-16
7985.88858 6.41e-16
7987.422322 4.3315e-16
7988.956064 5.5589e-16
7990.489806 6.5603e-16
7992.023548 7.6965e-16
7993.55729 9.5259e-16
7995.091032 9.3488e-16
7996.624774 8.1912e-16
7998.158516 7.0351e-16
7999.692258 6.5325e-16
8001.226 6.5958e-16
8002.759742 6.9039e-16
8004.293484 6.3923e-16
8005.827226 6.3691e-16
8007.360968 7.1225e-16
8008.89471 6.3381e-16
8010.428452 5.3294e-16
8011.962194 5.8991e-16
8013.495936 6.2658e-16
8015.029678 6.2326e-16
8016.56342 6.3047e-16
8018.097162 6.5379e-16
8019.630904 7.6094e-16
8021.164646 7.5208e-16
8022.698388 6.0999e-16
8024.23213 6.6455e-16
8025.765872 7.3003e-16
8027.299614 7.3817e-16
8028.833356 6.4188e-16
8030.367098 6.1542e-16
8031.90084 6.5652e-16
8033.434582 6.8247e-16
8034.968324 7.0816e-16
8036.502066 6.5166e-16
8038.035808 6.5951e-16
8039.56955 6.4691e-16
8041.103292 6.1545e-16
8042.637034 6.27e-16
8044.170776 6.8773e-16
8045.704518 7.257e-16
8047.23826 7.1698e-16
8048.772002 7.258e-16
8050.305744 6.9638e-16
8051.839486 6.2268e-16
8053.373228 6.5814e-16
8054.90697 7.2527e-16
8056.440712 6.6063e-16
8057.974454 6.2701e-16
8059.508196 6.1184e-16
8061.041938 6.4486e-16
8062.57568 6.8106e-16
8064.109422 6.9372e-16
8065.643164 6.7921e-16
8067.176906 6.1054e-16
8068.710648 6.4654e-16
8070.24439 6.7237e-16
8071.778132 6.9878e-16
8073.311874 6.4379e-16
8074.845616 6.0104e-16
8076.379358 6.0185e-16
8077.9131 5.4938e-16
8079.446842 6.079e-16
8080.980584 6.7635e-16
8082.514326 6.0376e-16
8084.048068 5.756e-16
8085.58181 6.4319e-16
8087.115552 6.9001e-16
8088.649294 6.5523e-16
8090.183036 6.2641e-16
8091.716778 6.0906e-16
8093.25052 6.0842e-16
8094.784262 6.8188e-16
8096.318004 6.4529e-16
8097.851746 6.9678e-16
8099.385488 7.0575e-16
8100.91923 6.3418e-16
8102.452972 6.4298e-16
8103.986714 5.7307e-16
8105.520456 5.8748e-16
8107.054198 6.3991e-16
8108.58794 6.3962e-16
8110.121682 5.6678e-16
8111.655424 5.899e-16
8113.189166 6.2638e-16
8114.722908 6.115e-16
8116.25665 5.9734e-16
8117.790392 5.8773e-16
8119.324134 6.3564e-16
8120.857876 6.5425e-16
8122.391618 6.6576e-16
8123.92536 6.631e-16
8125.459102 6.5327e-16
8126.992844 5.9126e-16
8128.526586 5.7154e-16
8130.060328 6.649e-16
8131.59407 7.2478e-16
8133.127812 6.2454e-16
8134.661554 5.7735e-16
8136.195296 6.5932e-16
8137.729038 6.9441e-16
8139.26278 6.8674e-16
8140.796522 6.2997e-16
8142.330264 5.8153e-16
8143.864006 6.7536e-16
8145.397748 7.6746e-16
8146.93149 7.2288e-16
8148.465232 6.1416e-16
8149.998974 6.3808e-16
8151.532716 6.4004e-16
8153.066458 6.281e-16
8154.6002 6.1617e-16
8156.133942 6.3285e-16
8157.667684 7.2184e-16
8159.201426 6.865e-16
8160.735168 5.4466e-16
8162.26891 5.1282e-16
8163.802652 5.7689e-16
8165.336394 6.435e-16
8166.870136 6.3343e-16
8168.403878 6.376e-16
8169.93762 6.7016e-16
8171.471362 6.503e-16
8173.005104 6.625e-16
8174.538846 6.738e-16
8176.072588 6.1044e-16
8177.60633 6.0628e-16
8179.140072 7.359e-16
8180.673814 7.3138e-16
8182.207556 6.0305e-16
8183.741298 6.631e-16
8185.27504 7.0282e-16
8186.808782 6.3531e-16
8188.342524 6.1361e-16
8189.876266 7.3023e-16
8191.410008 7.1104e-16
8192.94375 6.2537e-16
8194.477492 6.2219e-16
8196.011234 6.4546e-16
8197.544976 6.7668e-16
8199.078718 7.1814e-16
8200.61246 7.2353e-16
8202.146202 6.4465e-16
8203.679944 6.4673e-16
8205.213686 6.4406e-16
8206.747428 6.7688e-16
8208.28117 7.2911e-16
8209.814912 7.0501e-16
8211.348654 6.6533e-16
8212.882396 6.6948e-16
8214.416138 8.3213e-16
8215.94988 9.8024e-16
8217.483622 9.4475e-16
8219.017364 8.1125e-16
8220.551106 7.092e-16
8222.084848 7.5637e-16
8223.61859 8.1764e-16
8225.152332 7.6716e-16
8226.686074 6.073e-16
8228.219816 5.5851e-16
8229.753558 6.6102e-16
8231.2873 6.6871e-16
8232.821042 6.9473e-16
8234.354784 7.4699e-16
8235.888526 7.514e-16
8237.422268 7.3398e-16
8238.95601 7.0842e-16
8240.489752 6.8628e-16
8242.023494 6.1185e-16
8243.557236 6.4615e-16
8245.090978 6.8844e-16
8246.62472 6.3743e-16
8248.158462 6.1007e-16
8249.692204 6.5298e-16
8251.225946 6.6529e-16
8252.759688 6.8118e-16
8254.29343 6.54e-16
8255.827172 6.7663e-16
8257.360914 7.4944e-16
8258.894656 7.0578e-16
8260.428398 6.0346e-16
8261.96214 6.2601e-16
8263.495882 6.3767e-16
8265.029624 6.5327e-16
8266.563366 7.7103e-16
8268.097108 7.4619e-16
8269.63085 6.2689e-16
8271.164592 5.8424e-16
8272.698334 5.6895e-16
8274.232076 6.6549e-16
8275.765818 7.3079e-16
8277.29956 5.6763e-16
8278.833302 5.0936e-16
8280.367044 6.3806e-16
8281.900786 9.2847e-16
8283.434528 9.6881e-16
8284.96827 7.132e-16
8286.502012 5.787e-16
8288.035754 5.5717e-16
8289.569496 5.8833e-16
8291.103238 5.7472e-16
8292.63698 5.7019e-16
8294.170722 7.2203e-16
8295.704464 8.7787e-16
8297.238206 6.8634e-16
8298.771948 6.775e-16
8300.30569 6.8849e-16
8301.839432 5.3881e-16
8303.373174 4.7625e-16
8304.906916 6.5868e-16
8306.440658 7.0454e-16
8307.9744 7.4114e-16
8309.508142 7.6918e-16
8311.041884 7.0339e-16
8312.575626 7.2049e-16
8314.109368 6.8322e-16
8315.64311 6.6648e-16
8317.176852 6.7927e-16
8318.710594 6.191e-16
8320.244336 5.9243e-16
8321.778078 6.7015e-16
8323.31182 7.0837e-16
8324.845562 6.349e-16
8326.379304 6.4527e-16
8327.913046 6.2525e-16
8329.446788 6.4378e-16
8330.98053 6.5778e-16
8332.514272 6.3186e-16
8334.048014 7.647e-16
8335.581756 7.9717e-16
8337.115498 5.3732e-16
8338.64924 4.7253e-16
8340.182982 5.9671e-16
8341.716724 7.6232e-16
8343.250466 7.3115e-16
8344.784208 6.3405e-16
8346.31795 7.5399e-16
8347.851692 7.6408e-16
8349.385434 6.8735e-16
8350.919176 6.2356e-16
8352.452918 5.9004e-16
8353.98666 6.2969e-16
8355.520402 6.3317e-16
8357.054144 6.8029e-16
8358.587886 6.7196e-16
8360.121628 7.7616e-16
8361.65537 8.5965e-16
8363.189112 7.2906e-16
8364.722854 6.9551e-16
8366.256596 7.437e-16
8367.790338 6.9323e-16
8369.32408 7.3129e-16
8370.857822 7.3895e-16
8372.391564 6.9118e-16
8373.925306 7.0073e-16
8375.459048 6.5609e-16
8376.99279 6.8638e-16
8378.526532 8.281e-16
8380.060274 7.4779e-16
8381.594016 6.6483e-16
8383.127758 6.7875e-16
8384.6615 6.3011e-16
8386.195242 6.4534e-16
8387.728984 6.6359e-16
8389.262726 7.1239e-16
8390.796468 7.1739e-16
8392.33021 6.421e-16
8393.863952 7.0179e-16
8395.397694 5.845e-16
8396.931436 4.9229e-16
8398.465178 6.5829e-16
8399.99892 6.4733e-16
8401.532662 6.0112e-16
8403.066404 6.3043e-16
8404.600146 6.504e-16
8406.133888 7.4437e-16
8407.66763 6.6984e-16
8409.201372 6.0251e-16
8410.735114 7.5612e-16
8412.268856 6.6702e-16
8413.802598 6.4597e-16
8415.33634 7.2494e-16
8416.870082 6.782e-16
8418.403824 6.0615e-16
8419.937566 6.1573e-16
8421.471308 6.8528e-16
8423.00505 6.9442e-16
8424.538792 6.7976e-16
8426.072534 6.5763e-16
8427.606276 4.2195e-16
8429.140018 3.2722e-16
8430.67376 6.8808e-16
8432.207502 1.501e-15
8433.741244 8.8597e-16
8435.274986 5.6372e-16
8436.808728 6.7341e-16
8438.34247 5.7949e-16
8439.876212 6.3721e-16
8441.409954 6.8061e-16
8442.943696 6.5864e-16
8444.477438 7.1344e-16
8446.01118 7.5572e-16
8447.544922 8.268e-16
8449.078664 8.7109e-16
8450.612406 7.5583e-16
8452.146148 6.9083e-16
8453.67989 6.5248e-16
8455.213632 6.837e-16
8456.747374 6.3575e-16
8458.281116 5.2442e-16
8459.814858 6.9392e-16
8461.3486 8.1225e-16
8462.882342 5.9011e-16
8464.416084 4.4368e-16
8465.949826 6.1042e-16
8467.483568 7.5542e-16
8469.01731 7.1202e-16
8470.551052 6.4281e-16
8472.084794 6.2357e-16
8473.618536 6.4882e-16
8475.152278 6.6761e-16
8476.68602 6.8221e-16
8478.219762 6.6337e-16
8479.753504 6.9891e-16
8481.287246 6.5572e-16
8482.820988 6.7319e-16
8484.35473 6.44e-16
8485.888472 6.2498e-16
8487.422214 5.3981e-16
8488.955956 5.8374e-16
8490.489698 6.7628e-16
8492.02344 5.6682e-16
8493.557182 5.3802e-16
8495.090924 6.1471e-16
8496.624666 5.985e-16
8498.158408 8.4728e-16
8499.69215 7.8967e-16
8501.225892 5.8738e-16
8502.759634 6.1128e-16
8504.293376 8.3411e-16
8505.827118 7.2145e-16
8507.36086 5.8605e-16
8508.894602 5.773e-16
8510.428344 6.8118e-16
8511.962086 7.6192e-16
8513.495828 7.812e-16
8515.02957 7.0237e-16
8516.563312 6.5013e-16
8518.097054 6.612e-16
8519.630796 6.6345e-16
8521.164538 6.7312e-16
8522.69828 6.5978e-16
8524.232022 6.9161e-16
8525.765764 7.6066e-16
8527.299506 7.2598e-16
8528.833248 6.7e-16
8530.36699 6.6863e-16
8531.900732 6.8901e-16
8533.434474 6.8054e-16
8534.968216 6.1222e-16
8536.501958 6.2508e-16
8538.0357 7.2626e-16
8539.569442 7.7744e-16
8541.103184 6.5549e-16
8542.636926 6.3596e-16
8544.170668 7.4519e-16
8545.70441 7.3876e-16
8547.238152 7.0276e-16
8548.771894 7.0095e-16
8550.305636 7.0908e-16
8551.839378 6.7977e-16
8553.37312 6.7551e-16
8554.906862 6.5438e-16
8556.440604 6.5636e-16
8557.974346 7.3963e-16
8559.508088 7.0774e-16
8561.04183 6.8235e-16
8562.575572 6.7981e-16
8564.109314 6.0053e-16
8565.643056 5.3348e-16
8567.176798 5.4835e-16
8568.71054 6.2278e-16
8570.244282 6.047e-16
8571.778024 6.4707e-16
8573.311766 7.1715e-16
8574.845508 6.7402e-16
8576.37925 6.5022e-16
8577.912992 6.4194e-16
8579.446734 6.3721e-16
8580.980476 6.3233e-16
8582.514218 5.6212e-16
8584.04796 6.1279e-16
8585.581702 6.7397e-16
8587.115444 6.3064e-16
8588.649186 6.6075e-16
8590.182928 6.533e-16
8591.71667 6.0936e-16
8593.250412 5.375e-16
8594.784154 6.2833e-16
8596.317896 6.9213e-16
8597.851638 5.9754e-16
8599.38538 6.5625e-16
8600.919122 7.5077e-16
8602.452864 7.0538e-16
8603.986606 5.8323e-16
8605.520348 6.2226e-16
8607.05409 7.4103e-16
8608.587832 5.8576e-16
8610.121574 5.0619e-16
8611.655316 6.1946e-16
8613.189058 6.2959e-16
8614.7228 6.7884e-16
8616.256542 7.5445e-16
8617.790284 5.8757e-16
8619.324026 6.4564e-16
8620.857768 6.3607e-16
8622.39151 5.2205e-16
8623.925252 5.9499e-16
8625.458994 6.9575e-16
8626.992736 4.4295e-16
8628.526478 3.9374e-16
8630.06022 6.1591e-16
8631.593962 7.9926e-16
8633.127704 7.0111e-16
8634.661446 6.0703e-16
8636.195188 6.397e-16
8637.72893 6.4624e-16
8639.262672 5.8023e-16
8640.796414 5.3499e-16
8642.330156 6.2938e-16
8643.863898 8.8175e-16
8645.39764 8.607e-16
8646.931382 7.3794e-16
8648.465124 6.9425e-16
8649.998866 6.6157e-16
8651.532608 7.7078e-16
8653.06635 6.1366e-16
8654.600092 5.2413e-16
8656.133834 6.8383e-16
8657.667576 6.8717e-16
8659.201318 6.937e-16
8660.73506 7.7722e-16
8662.268802 4.7471e-16
8663.802544 4.6711e-16
8665.336286 6.0604e-16
8666.870028 6.8731e-16
8668.40377 6.2023e-16
8669.937512 6.0703e-16
8671.471254 7.1755e-16
8673.004996 7.0664e-16
8674.538738 6.4941e-16
8676.07248 6.272e-16
8677.606222 7.2384e-16
8679.139964 7.3118e-16
8680.673706 5.2043e-16
8682.207448 5.3546e-16
8683.74119 6.2701e-16
8685.274932 6.0604e-16
8686.808674 7.253e-16
8688.342416 6.3504e-16
8689.876158 5.5222e-16
8691.4099 6.6638e-16
8692.943642 6.6612e-16
8694.477384 5.5478e-16
8696.011126 5.3491e-16
8697.544868 5.0997e-16
8699.07861 5.8381e-16
8700.612352 6.397e-16
8702.146094 5.8282e-16
8703.679836 5.7486e-16
8705.213578 6.2376e-16
8706.74732 6.4103e-16
8708.281062 6.3421e-16
8709.814804 5.3248e-16
8711.348546 5.1334e-16
8712.882288 5.7204e-16
8714.41603 6.8793e-16
8715.949772 6.3322e-16
8717.483514 5.6704e-16
8719.017256 6.4679e-16
8720.550998 7.1969e-16
8722.08474 5.9451e-16
8723.618482 6.0835e-16
8725.152224 6.3944e-16
8726.685966 5.7133e-16
8728.219708 5.8156e-16
8729.75345 6.6921e-16
8731.287192 6.0155e-16
8732.820934 4.9389e-16
8734.354676 5.5058e-16
8735.888418 6.3687e-16
8737.42216 6.0064e-16
8738.955902 6.11e-16
8740.489644 5.6767e-16
8742.023386 5.419e-16
8743.557128 5.8719e-16
8745.09087 5.7014e-16
8746.624612 5.9828e-16
8748.158354 6.1755e-16
8749.692096 7.1758e-16
8751.225838 8.3123e-16
8752.75958 6.7108e-16
8754.293322 7.6036e-16
8755.827064 7.5371e-16
8757.360806 6.1593e-16
8758.894548 6.8954e-16
8760.42829 6.1619e-16
8761.962032 5.8211e-16
8763.495774 6.1018e-16
8765.029516 7.3834e-16
8766.563258 8.4438e-16
8768.097 6.4376e-16
8769.630742 5.9434e-16
8771.164484 8.1372e-16
8772.698226 6.7906e-16
8774.231968 4.6514e-16
8775.76571 4.416e-16
8777.299452 5.4454e-16
8778.833194 6.984e-16
8780.366936 7.7227e-16
8781.900678 6.5358e-16
8783.43442 5.8862e-16
8784.968162 5.6368e-16
8786.501904 5.5032e-16
8788.035646 6.662e-16
8789.569388 7.848e-16
8791.10313 7.095e-16
8792.636872 5.9495e-16
8794.170614 6.7666e-16
8795.704356 6.851e-16
8797.238098 6.1161e-16
8798.77184 6.5803e-16
8800.305582 6.7635e-16
8801.839324 6.121e-16
8803.373066 6.6119e-16
8804.906808 6.9006e-16
8806.44055 6.6543e-16
8807.974292 6.1454e-16
8809.508034 6.592e-16
8811.041776 6.1537e-16
8812.575518 6.1916e-16
8814.10926 6.3937e-16
8815.643002 5.471e-16
8817.176744 8.88e-16
8818.710486 8.4915e-16
8820.244228 -1.462e-15
8821.77797 -2.5098e-16
8823.311712 5.6181e-16
8824.845454 4.3827e-16
8826.379196 6.2156e-16
8827.912938 6.0015e-16
8829.44668 6.4617e-16
8830.980422 6.6886e-16
8832.514164 6.7611e-16
8834.047906 6.4596e-16
8835.581648 7.0551e-16
8837.11539 5.9215e-16
8838.649132 6.2508e-16
8840.182874 6.2808e-16
8841.716616 6.356e-16
8843.250358 6.1655e-16
8844.7841 5.7366e-16
8846.317842 5.3823e-16
8847.851584 5.3874e-16
8849.385326 5.3627e-16
8850.919068 5.191e-16
8852.45281 5.9613e-16
8853.986552 6.3044e-16
8855.520294 5.8669e-16
8857.054036 5.4282e-16
8858.587778 5.9622e-16
8860.12152 5.3577e-16
8861.655262 5.7477e-16
8863.189004 6.5684e-16
8864.722746 5.8548e-16
8866.256488 5.2215e-16
8867.79023 5.2632e-16
8869.323972 6.0633e-16
8870.857714 6.1354e-16
8872.391456 5.253e-16
8873.925198 5.9607e-16
8875.45894 6.2161e-16
8876.992682 4.3184e-16
8878.526424 -3.8618e-16
8880.060166 3.4078e-17
8881.593908 8.5829e-16
8883.12765 9.1409e-16
8884.661392 8.9726e-16
8886.195134 -3.0691e-16
8887.728876 -7.5835e-17
8889.262618 6.2977e-16
8890.79636 5.7632e-16
8892.330102 5.8108e-16
8893.863844 5.8666e-16
8895.397586 4.1872e-16
8896.931328 4.7386e-16
8898.46507 5.8162e-16
8899.998812 5.6694e-16
8901.532554 4.6766e-16
8903.066296 4.9016e-16
8904.600038 6.1771e-16
8906.13378 6.3009e-16
8907.667522 5.5447e-16
8909.201264 4.9996e-16
8910.735006 1.2394e-15
8912.268748 2.8069e-16
8913.80249 -2.8901e-16
8915.336232 4.0454e-16
8916.869974 7.0903e-16
8918.403716 5.1644e-16
8919.937458 2.0968e-15
8921.4712 2.4693e-15
8923.004942 8.4639e-16
8924.538684 4.6405e-16
8926.072426 6.3232e-16
8927.606168 6.3184e-16
8929.13991 6.0693e-16
8930.673652 6.0391e-16
8932.207394 5.6596e-16
8933.741136 5.8511e-16
8935.274878 5.6045e-16
8936.80862 4.5338e-16
8938.342362 3.3625e-16
8939.876104 3.8721e-16
8941.409846 5.6985e-16
8942.943588 5.2277e-16
8944.47733 4.3878e-16
8946.011072 4.38e-16
8947.544814 6.3558e-16
8949.078556 -5.3156e-16
8950.612298 -1.0787e-15
8952.14604 7.7178e-16
8953.679782 8.9331e-16
8955.213524 5.5194e-16
8956.747266 1.2374e-15
8958.281008 1.4851e-15
8959.81475 3.2581e-16
8961.348492 5.0591e-16
8962.882234 6.4806e-16
8964.415976 5.4818e-16
8965.949718 5.8977e-16
8967.48346 6.1433e-16
8969.017202 6.2714e-16
8970.550944 5.9201e-16
8972.084686 5.7758e-16
8973.618428 5.7986e-16
8975.15217 6.4145e-16
8976.685912 6.534e-16
8978.219654 6.9169e-16
8979.753396 6.9677e-16
8981.287138 6.4906e-16
8982.82088 7.0858e-16
8984.354622 5.9757e-16
8985.888364 5.3533e-16
8987.422106 5.2686e-16
8988.955848 5.4146e-16
8990.48959 6.6994e-16
8992.023332 7.2554e-16
8993.557074 7.2055e-16
8995.090816 6.4526e-16
8996.624558 6.1817e-16
8998.1583 5.9688e-16
8999.692042 6.5157e-16
9001.225784 6.5869e-16
9002.759526 6.7033e-16
9004.293268 6.4503e-16
9005.82701 6.2759e-16
9007.360752 6.7319e-16
9008.894494 6.2633e-16
9010.428236 6.1625e-16
9011.961978 6.3e-16
9013.49572 6.2872e-16
9015.029462 6.2743e-16
9016.563204 6.4567e-16
9018.096946 5.959e-16
9019.630688 5.377e-16
9021.16443 5.2551e-16
9022.698172 5.1016e-16
9024.231914 6.0359e-16
9025.765656 6.4574e-16
9027.299398 5.4778e-16
9028.83314 5.4569e-16
9030.366882 6.3709e-16
9031.900624 5.2175e-16
9033.434366 5.4801e-16
9034.968108 5.6132e-16
9036.50185 6.5438e-16
9038.035592 5.8698e-16
9039.569334 5.602e-16
9041.103076 6.6217e-16
9042.636818 7.812e-16
9044.17056 6.6909e-16
9045.704302 6.7312e-16
9047.238044 6.4305e-16
9048.771786 7.3781e-16
9050.305528 6.7064e-16
9051.83927 6.2575e-16
9053.373012 6.6308e-16
9054.906754 6.5e-16
9056.440496 6.3179e-16
9057.974238 6.8089e-16
9059.50798 6.4009e-16
9061.041722 6.0481e-16
9062.575464 6.2894e-16
9064.109206 5.5377e-16
9065.642948 5.4785e-16
9067.17669 6.0113e-16
9068.710432 5.7243e-16
9070.244174 4.9217e-16
9071.777916 5.1134e-16
9073.311658 5.9018e-16
9074.8454 5.6701e-16
9076.379142 5.3891e-16
9077.912884 5.9281e-16
9079.446626 5.514e-16
9080.980368 5.2586e-16
9082.51411 5.9039e-16
9084.047852 6.5353e-16
9085.581594 6.4707e-16
9087.115336 5.9617e-16
9088.649078 6.0919e-16
9090.18282 6.6689e-16
9091.716562 7.3063e-16
9093.250304 6.8529e-16
9094.784046 6.429e-16
9096.317788 6.6061e-16
9097.85153 5.4989e-16
9099.385272 5.3103e-16
9100.919014 5.8503e-16
9102.452756 5.4409e-16
9103.986498 5.4937e-16
9105.52024 6.4439e-16
9107.053982 6.3608e-16
9108.587724 6.0901e-16
9110.121466 6.1591e-16
9111.655208 6.0895e-16
9113.18895 5.7653e-16
9114.722692 5.4182e-16
9116.256434 6.179e-16
9117.790176 6.4315e-16
9119.323918 6.4329e-16
9120.85766 6.7262e-16
9122.391402 6.4911e-16
9123.925144 6.2327e-16
9125.458886 5.7527e-16
9126.992628 5.4405e-16
9128.52637 5.8764e-16
9130.060112 6.0309e-16
9131.593854 6.378e-16
9133.127596 6.6339e-16
9134.661338 6.3724e-16
9136.19508 6.0619e-16
9137.728822 5.6544e-16
9139.262564 6.0517e-16
9140.796306 6.7191e-16
9142.330048 7.1171e-16
9143.86379 6.8299e-16
9145.397532 7.2696e-16
9146.931274 7.3825e-16
9148.465016 6.3248e-16
9149.998758 5.3993e-16
9151.5325 6.0064e-16
9153.066242 6.4838e-16
9154.599984 7.1177e-16
9156.133726 6.9677e-16
9157.667468 5.8716e-16
9159.20121 5.9044e-16
9160.734952 6.2216e-16
9162.268694 6.1211e-16
9163.802436 6.3819e-16
9165.336178 6.5386e-16
9166.86992 6.3658e-16
9168.403662 6.1773e-16
9169.937404 6.0193e-16
9171.471146 5.5452e-16
9173.004888 5.7001e-16
9174.53863 5.8975e-16
9176.072372 5.8977e-16
9177.606114 6.1286e-16
9179.139856 6.1741e-16
9180.673598 6.021e-16
9182.20734 6.647e-16
9183.741082 7.1478e-16
9185.274824 6.1832e-16
9186.808566 6.2586e-16
9188.342308 6.7881e-16
9189.87605 6.4379e-16
9191.409792 6.3453e-16
9192.943534 6.4085e-16
9194.477276 5.9813e-16
9196.011018 6.2325e-16
9197.54476 6.3587e-16
9199.078502 5.7165e-16
9200.612244 6.5159e-16
9202.145986 7.0125e-16
9203.679728 6.7807e-16
9205.21347 6.7548e-16
9206.747212 6.6767e-16
9208.280954 6.413e-16
9209.814696 6.0616e-16
9211.348438 5.5642e-16
9212.88218 5.4246e-16
9214.415922 5.4969e-16
9215.949664 6.9291e-16
9217.483406 6.5168e-16
9219.017148 6.1483e-16
9220.55089 6.1058e-16
9222.084632 6.7264e-16
9223.618374 6.49e-16
9225.152116 5.6891e-16
9226.685858 5.2128e-16
9228.2196 6.8677e-16
9229.753342 7.4405e-16
9231.287084 6.4876e-16
9232.820826 5.7052e-16
9234.354568 6.3825e-16
9235.88831 6.8794e-16
9237.422052 6.6548e-16
9238.955794 6.7153e-16
9240.489536 6.4608e-16
9242.023278 6.6223e-16
9243.55702 6.8147e-16
9245.090762 6.6399e-16
9246.624504 6.5811e-16
9248.158246 6.2379e-16
9249.691988 5.5166e-16
9251.22573 6.3596e-16
9252.759472 6.4202e-16
9254.293214 6.584e-16
9255.826956 7.1933e-16
9257.360698 6.5421e-16
9258.89444 5.9489e-16
9260.428182 6.1931e-16
9261.961924 6.8423e-16
9263.495666 7.1916e-16
9265.029408 6.6233e-16
9266.56315 6.8212e-16
9268.096892 7.3209e-16
9269.630634 6.9085e-16
9271.164376 6.0005e-16
9272.698118 6.241e-16
9274.23186 7.0377e-16
9275.765602 6.1678e-16
9277.299344 5.2876e-16
9278.833086 5.7383e-16
9280.366828 6.0109e-16
9281.90057 5.5794e-16
9283.434312 5.9884e-16
9284.968054 6.8342e-16
9286.501796 6.0475e-16
9288.035538 6.179e-16
9289.56928 6.7533e-16
9291.103022 6.6512e-16
9292.636764 6.9412e-16
9294.170506 6.0967e-16
9295.704248 6.6687e-16
9297.23799 8.5716e-16
9298.771732 7.8531e-16
9300.305474 7.7213e-16
9301.839216 6.7788e-16
9303.372958 5.6637e-16
9304.9067 9.936e-16
9306.440442 1.1569e-15
9307.974184 1.0741e-15
9309.507926 1.0519e-15
9311.041668 9.2449e-16
9312.57541 6.2694e-16
9314.109152 5.8044e-16
9315.642894 8.6326e-16
9317.176636 9.4126e-16
9318.710378 9.7025e-16
9320.24412 1.15e-15
9321.777862 1.0475e-15
9323.311604 8.0562e-16
9324.845346 1.1097e-15
9326.379088 8.3001e-16
9327.91283 7.2936e-16
9329.446572 1.0229e-15
9330.980314 9.998e-16
9332.514056 1.3299e-15
9334.047798 1.5144e-15
9335.58154 8.4414e-16
9337.115282 6.7901e-16
9338.649024 7.278e-16
9340.182766 7.6926e-16
9341.716508 6.9176e-16
9343.25025 7.4321e-16
9344.783992 9.2118e-16
9346.317734 1.094e-15
9347.851476 8.0911e-16
9349.385218 5.2528e-16
9350.91896 5.5474e-16
9352.452702 6.5822e-16
9353.986444 6.3601e-16
9355.520186 7.4227e-16
9357.053928 7.7711e-16
9358.58767 7.7402e-16
9360.121412 7.1228e-16
9361.655154 6.7588e-16
9363.188896 5.9879e-16
9364.722638 9.6802e-16
9366.25638 4.1643e-15
9367.790122 5.215e-15
9369.323864 4.7666e-16
9370.857606 -9.6166e-17
9372.391348 6.8425e-16
9373.92509 1.1228e-15
9375.458832 3.5404e-15
9376.992574 5.9988e-16
9378.526316 -1.2154e-17
9380.060058 4.4956e-16
9381.5938 4.4394e-16
9383.127542 5.3716e-16
9384.661284 5.9215e-16
9386.195026 5.1718e-16
9387.728768 5.2761e-16
9389.26251 5.8401e-16
9390.796252 6.0632e-16
9392.329994 5.7161e-16
9393.863736 5.0532e-16
9395.397478 5.4218e-16
9396.93122 5.1878e-16
9398.464962 4.7263e-16
9399.998704 4.1278e-16
9401.532446 6.2127e-16
9403.066188 7.082e-16
9404.59993 6.3676e-16
9406.133672 5.5768e-16
9407.667414 5.4038e-16
9409.201156 6.0045e-16
9410.734898 6.4083e-16
9412.26864 6.1627e-16
9413.802382 7.8056e-16
9415.336124 8.2388e-16
9416.869866 5.6353e-16
9418.403608 6.133e-16
9419.93735 8.0093e-16
9421.471092 3.6739e-16
9423.004834 3.8121e-16
9424.538576 6.3732e-16
9426.072318 6.3715e-16
9427.60606 6.1909e-16
9429.139802 6.788e-16
9430.673544 -2.1959e-16
9432.207286 -9.8474e-16
9433.741028 -2.1833e-16
9435.27477 6.4634e-16
9436.808512 5.6432e-16
9438.342254 1.2693e-15
9439.875996 2.3185e-15
9441.409738 1.7871e-15
9442.94348 7.8725e-16
9444.477222 5.3899e-16
9446.010964 6.0376e-16
9447.544706 6.1776e-16
9449.078448 6.8576e-16
9450.61219 5.9719e-16
9452.145932 2.9449e-16
9453.679674 4.0711e-16
9455.213416 5.0959e-16
9456.747158 5.2227e-16
9458.2809 6.1837e-16
9459.814642 6.5402e-16
9461.348384 6.1117e-16
9462.882126 5.5885e-16
9464.415868 5.8196e-16
9465.94961 5.6514e-16
9467.483352 5.3921e-16
9469.017094 -6.5574e-16
9470.550836 -1.0186e-15
9472.084578 2.5122e-16
9473.61832 7.3597e-16
9475.152062 6.9496e-16
9476.685804 1.9996e-15
9478.219546 2.5419e-15
9479.753288 9.6489e-16
9481.28703 5.0793e-16
9482.820772 6.6039e-16
9484.354514 6.8664e-16
9485.888256 6.9697e-16
9487.421998 5.8112e-16
9488.95574 6.0434e-16
9490.489482 6.4032e-16
9492.023224 5.5126e-16
9493.556966 5.6045e-16
9495.090708 4.1663e-16
9496.62445 3.0219e-16
9498.158192 4.2951e-16
9499.691934 5.1538e-16
9501.225676 6.5381e-16
9502.759418 7.9884e-16
9504.29316 7.2066e-16
9505.826902 6.5713e-16
9507.360644 6.019e-16
9508.894386 6.6653e-16
9510.428128 7.7616e-16
9511.96187 6.6993e-16
9513.495612 5.3262e-16
9515.029354 5.5058e-16
9516.563096 3.1099e-16
9518.096838 3.5623e-16
9519.63058 6.5002e-16
9521.164322 6.7459e-16
9522.698064 6.6742e-16
9524.231806 6.2232e-16
9525.765548 5.5283e-16
9527.29929 5.7314e-16
9528.833032 5.382e-16
9530.366774 6.2073e-16
9531.900516 6.7932e-16
9533.434258 7.1475e-16
9534.968 7.0232e-16
9536.501742 6.1687e-16
9538.035484 5.6406e-16
9539.569226 5.9296e-16
9541.102968 5.8067e-16
9542.63671 5.3787e-16
9544.170452 5.8568e-16
9545.704194 4.7104e-16
9547.237936 8.1026e-16
9548.771678 8.0446e-16
9550.30542 5.8414e-16
9551.839162 6.4909e-16
9553.372904 6.1619e-16
9554.906646 5.9132e-16
9556.440388 5.4235e-16
9557.97413 6.6446e-16
9559.507872 6.3239e-16
9561.041614 4.8465e-16
9562.575356 5.1223e-16
9564.109098 5.0195e-16
9565.64284 6.0306e-16
9567.176582 7.7603e-16
9568.710324 8.8155e-16
9570.244066 7.1844e-16
9571.777808 5.9266e-16
9573.31155 6.4508e-16
9574.845292 6.3297e-16
9576.379034 5.5454e-16
9577.912776 5.7106e-16
9579.446518 6.815e-16
9580.98026 7.0133e-16
9582.514002 6.3757e-16
9584.047744 6.9598e-16
9585.581486 5.5875e-16
9587.115228 4.8165e-16
9588.64897 5.2213e-16
9590.182712 6.2812e-16
9591.716454 5.5611e-16
9593.250196 5.3187e-16
9594.783938 5.2167e-16
9596.31768 5.0905e-16
9597.851422 4.9599e-16
9599.385164 6.8997e-16
9600.918906 7.6846e-16
9602.452648 6.5438e-16
9603.98639 4.9736e-16
9605.520132 5.0846e-16
9607.053874 5.4018e-16
9608.587616 6.0242e-16
9610.121358 6.2387e-16
9611.6551 6.2512e-16
9613.188842 5.4497e-16
9614.722584 5.0676e-16
9616.256326 5.4654e-16
9617.790068 5.2333e-16
9619.32381 4.6162e-16
9620.857552 6.1028e-16
9622.391294 6.1004e-16
9623.925036 5.1213e-16
9625.458778 5.9968e-16
9626.99252 6.0875e-16
9628.526262 5.6843e-16
9630.060004 4.7518e-16
9631.593746 5.1145e-16
9633.127488 6.6251e-16
9634.66123 6.4557e-16
9636.194972 6.1838e-16
9637.728714 6.0174e-16
9639.262456 5.5072e-16
9640.796198 5.1961e-16
9642.32994 5.5322e-16
9643.863682 5.5427e-16
9645.397424 5.5363e-16
9646.931166 6.0576e-16
9648.464908 5.9806e-16
9649.99865 6.2554e-16
9651.532392 6.9431e-16
9653.066134 6.4094e-16
9654.599876 6.1543e-16
9656.133618 5.3237e-16
9657.66736 4.4118e-16
9659.201102 5.6588e-16
9660.734844 5.4599e-16
9662.268586 3.5348e-16
9663.802328 3.7153e-16
9665.33607 4.6461e-16
9666.869812 4.6874e-16
9668.403554 5.3914e-16
9669.937296 6.9208e-16
9671.471038 6.9925e-16
9673.00478 6.6774e-16
9674.538522 7.0715e-16
9676.072264 5.7376e-16
9677.606006 4.0654e-16
9679.139748 3.5069e-16
9680.67349 4.8843e-16
9682.207232 7.0666e-16
9683.740974 6.3037e-16
9685.274716 4.7574e-16
9686.808458 6.2048e-16
9688.3422 6.8003e-16
9689.875942 6.3655e-16
9691.409684 -3.1814e-16
9692.943426 -1.5219e-15
9694.477168 -7.3684e-16
9696.01091 2.3007e-16
9697.544652 5.6718e-16
9699.078394 9.6714e-16
9700.612136 9.9997e-16
9702.145878 6.1477e-16
9703.67962 5.4148e-16
9705.213362 5.7653e-16
9706.747104 6.4821e-16
9708.280846 6.7595e-16
9709.814588 6.794e-16
9711.34833 5.2497e-16
9712.882072 4.4595e-16
9714.415814 6.4193e-16
9715.949556 5.3906e-16
9717.483298 2.6104e-16
9719.01704 4.3049e-16
9720.550782 6.831e-16
9722.084524 7.1913e-16
9723.618266 6.433e-16
9725.152008 5.7122e-16
9726.68575 6.4846e-16
9728.219492 7.0072e-16
9729.753234 6.986e-16
9731.286976 5.4763e-16
9732.820718 5.1563e-16
9734.35446 6.2186e-16
9735.888202 6.3831e-16
9737.421944 6.307e-16
9738.955686 6.163e-16
9740.489428 6.4106e-16
9742.02317 5.5677e-16
9743.556912 4.9613e-16
9745.090654 6.2843e-16
9746.624396 5.7524e-16
9748.158138 5.5591e-16
9749.69188 5.2887e-16
9751.225622 5.0305e-16
9752.759364 5.3351e-16
9754.293106 5.7495e-16
9755.826848 6.6199e-16
9757.36059 6.6455e-16
9758.894332 5.7408e-16
9760.428074 4.8087e-16
9761.961816 5.5868e-16
9763.495558 5.8448e-16
9765.0293 5.7676e-16
9766.563042 5.2674e-16
9768.096784 6.7789e-16
9769.630526 7.9563e-16
9771.164268 6.6175e-16
9772.69801 4.8122e-16
9774.231752 5.3954e-16
9775.765494 5.9624e-16
9777.299236 4.9579e-16
9778.832978 5.2314e-16
9780.36672 5.7437e-16
9781.900462 6.702e-16
9783.434204 8.1116e-16
9784.967946 4.6616e-16
9786.501688 7.4539e-16
9788.03543 7.6787e-16
9789.569172 5.9146e-16
9791.102914 8.4422e-16
9792.636656 7.7827e-16
9794.170398 6.9323e-16
9795.70414 4.9779e-16
9797.237882 5.2757e-16
9798.771624 6.1272e-16
9800.305366 5.4181e-16
9801.839108 5.4519e-16
9803.37285 6.2738e-16
9804.906592 5.7031e-16
9806.440334 5.6572e-16
9807.974076 6.1618e-16
9809.507818 4.6611e-16
9811.04156 3.2088e-16
9812.575302 3.4023e-16
9814.109044 5.6223e-16
9815.642786 6.7019e-16
9817.176528 6.6396e-16
9818.71027 5.7213e-16
9820.244012 5.8794e-16
9821.777754 5.6852e-16
9823.311496 5.8027e-16
9824.845238 5.3983e-16
9826.37898 5.268e-16
9827.912722 6.3753e-16
9829.446464 6.5182e-16
9830.980206 5.4844e-16
9832.513948 4.4854e-16
9834.04769 5.0553e-16
9835.581432 5.0091e-16
9837.115174 5.2948e-16
9838.648916 5.4001e-16
9840.182658 4.9127e-16
9841.7164 5.6606e-16
9843.250142 7.0019e-16
9844.783884 7.0674e-16
9846.317626 6.0221e-16
9847.851368 5.7655e-16
9849.38511 5.6584e-16
9850.918852 5.0544e-16
9852.452594 5.2969e-16
9853.986336 5.5195e-16
9855.520078 5.5822e-16
9857.05382 5.0999e-16
9858.587562 4.6503e-16
9860.121304 5.4903e-16
9861.655046 5.1998e-16
9863.188788 1.4143e-15
9864.72253 1.3486e-15
9866.256272 1.5133e-16
9867.790014 5.3925e-16
9869.323756 7.7918e-16
9870.857498 7.0966e-16
9872.39124 8.2351e-16
9873.924982 7.4314e-16
9875.458724 7.1545e-16
9876.992466 6.7995e-16
9878.526208 5.5317e-16
9880.05995 4.8523e-16
9881.593692 5.2468e-16
9883.127434 6.1974e-16
9884.661176 7.3041e-16
9886.194918 4.5139e-16
9887.72866 3.7817e-16
9889.262402 7.2197e-16
9890.796144 5.9866e-16
9892.329886 4.7269e-16
9893.863628 7.7654e-16
9895.39737 8.7061e-16
9896.931112 8.4782e-16
9898.464854 7.2422e-16
9899.998596 5.1922e-16
9901.532338 5.4595e-16
9903.06608 5.4982e-16
9904.599822 6.6621e-16
9906.133564 6.1858e-16
9907.667306 5.419e-16
9909.201048 6.3828e-16
9910.73479 5.7287e-16
9912.268532 5.7523e-16
9913.802274 5.9487e-16
9915.336016 4.199e-16
9916.869758 9.1525e-16
9918.4035 7.4781e-16
9919.937242 5.0747e-16
9921.470984 5.1619e-16
9923.004726 5.313e-16
9924.538468 6.2416e-16
9926.07221 6.2613e-16
9927.605952 6.522e-16
9929.139694 7.1867e-16
9930.673436 6.6235e-16
9932.207178 6.7547e-16
9933.74092 7.8295e-16
9935.274662 6.3334e-16
9936.808404 4.1683e-16
9938.342146 5.9393e-16
9939.875888 4.757e-16
9941.40963 6.1705e-16
9942.943372 7.4016e-16
9944.477114 1.0776e-15
9946.010856 8.5457e-16
9947.544598 7.8e-16
9949.07834 7.0801e-16
9950.612082 6.8081e-16
9952.145824 4.7879e-16
9953.679566 5.6351e-16
9955.213308 7.709e-16
9956.74705 8.7921e-16
9958.280792 9.3686e-16
9959.814534 6.4521e-16
9961.348276 7.4784e-16
9962.882018 6.4833e-16
9964.41576 7.2189e-16
9965.949502 5.9572e-16
9967.483244 3.5125e-16
9969.016986 4.0857e-16
9970.550728 4.2567e-16
9972.08447 6.2409e-16
9973.618212 8.1189e-16
9975.151954 5.4194e-16
9976.685696 4.9818e-16
9978.219438 6.7114e-16
9979.75318 5.569e-16
9981.286922 5.6355e-16
9982.820664 6.2225e-16
9984.354406 5.6164e-16
9985.888148 5.5405e-16
9987.42189 4.6048e-16
9988.955632 4.2879e-16
9990.489374 5.5349e-16
9992.023116 5.4913e-16
9993.556858 4.162e-16
9995.0906 5.0739e-16
9996.624342 3.4932e-16
9998.158084 4.3687e-16
9999.691826 5.3759e-16
