3501.0 7.24914724941e-16
3503.0 4.94485340871e-16
3505.0 8.36144762234e-16
3507.0 6.15628416504e-16
3509.0 3.51135126004e-16
3511.0 4.18728408135e-16
3513.0 3.22756637065e-16
3515.0 4.38019927615e-16
3517.0 -6.45513287365e-17
3519.0 3.50357629168e-16
3521.0 4.60275638895e-16
3523.0 4.41810188296e-16
3525.0 8.20643529903e-16
3527.0 5.77628453847e-16
3529.0 3.47296240338e-16
3531.0 2.43530177967e-16
3533.0 3.32504451041e-16
3535.0 3.37281160998e-16
3537.0 -2.73191498305e-16
3539.0 -2.27222226164e-16
3541.0 2.03994637222e-16
3543.0 4.61539041476e-16
3545.0 3.91856287883e-16
3547.0 -1.07196803888e-16
3549.0 3.0540881997e-16
3551.0 9.84257115444e-17
3553.0 3.00573823558e-16
3555.0 5.04252583665e-16
3557.0 3.55168379262e-16
3559.0 4.56193787122e-16
3561.0 5.37927754912e-16
3563.0 2.76301452563e-17
3565.0 -6.53676964441e-17
3567.0 3.57549441816e-16
3569.0 5.32874038711e-16
3571.0 3.14544361474e-16
3573.0 1.98989532771e-16
3575.0 1.88250412314e-16
3577.0 4.13334581736e-16
3579.0 4.59012236315e-16
3581.0 7.86919813081e-16
3583.0 1.03989645982e-16
3585.0 6.30935307712e-16
3587.0 6.8147236384e-16
3589.0 3.10899869869e-16
3591.0 3.22853834096e-16
3593.0 3.33058410588e-16
3595.0 3.23242595749e-16
3597.0 4.41227111991e-16
3599.0 3.91613348246e-16
3601.0 5.90505631047e-16
3603.0 4.56874113398e-16
3605.0 3.64449663372e-16
3607.0 3.15176089234e-16
3609.0 2.39564925574e-16
3611.0 3.11191434492e-16
3613.0 4.3238308217e-16
3615.0 4.62705352904e-16
3617.0 4.02595421574e-16
3619.0 5.13436750154e-16
3621.0 4.29564712387e-16
3623.0 4.71840867938e-16
3625.0 1.06710871674e-16
3627.0 2.95933141799e-16
3629.0 1.08265852111e-16
3631.0 6.09943025483e-16
3633.0 5.18587610446e-16
3635.0 5.33359970925e-16
3637.0 4.16638910203e-16
3639.0 3.07401147341e-16
3641.0 3.20375574511e-16
3643.0 5.5133946284e-16
3645.0 5.74178329834e-16
3647.0 4.98567192644e-16
3649.0 3.40250223236e-16
3651.0 4.08961165341e-16
3653.0 4.56193787122e-16
3655.0 1.58608494325e-16
3657.0 2.74163362733e-16
3659.0 5.16400941953e-16
3661.0 1.56373214082e-16
3663.0 1.73235085728e-16
3665.0 3.12746428164e-16
3667.0 3.75917695384e-16
3669.0 3.09150508605e-16
3671.0 3.95355010411e-16
3673.0 5.31707833161e-16
3675.0 3.62408763955e-16
3677.0 4.92347217954e-16
3679.0 3.22465098913e-16
3681.0 4.73201467549e-16
3683.0 5.35449442387e-16
3685.0 5.2339833407e-16
3687.0 4.94485340871e-16
3689.0 3.96181105763e-16
3691.0 3.60659429161e-16
3693.0 5.34817767567e-16
3695.0 3.9895092997e-16
3697.0 4.49390736127e-16
3699.0 2.24598197503e-16
3701.0 5.01191247775e-16
3703.0 4.29030155188e-16
3705.0 3.23242595749e-16
3707.0 3.99631229776e-16
3709.0 3.29073782316e-16
3711.0 2.42820681995e-16
3713.0 3.09442073228e-16
3715.0 5.34137441291e-16
3717.0 1.75616161517e-16
3719.0 2.44327050682e-16
3721.0 3.26255359593e-16
3723.0 2.11575198288e-16
3725.0 3.26303931639e-16
3727.0 3.7786145071e-16
3729.0 4.06628674832e-16
3731.0 4.22372899739e-16
3733.0 5.97503129042e-16
3735.0 1.81350164289e-16
3737.0 3.64741254464e-16
3739.0 2.25375667869e-16
3741.0 2.20710713322e-16
3743.0 2.08562407973e-16
3745.0 4.80490450758e-16
3747.0 4.58915039284e-16
3749.0 3.99679828291e-16
3751.0 3.91321810093e-16
3753.0 3.10608331717e-16
3755.0 4.75971318226e-16
3757.0 4.36270566351e-16
3759.0 2.83882033481e-16
3761.0 3.86316692408e-16
3763.0 3.50357629168e-16
3765.0 5.59211628233e-16
3767.0 4.40741153307e-16
3769.0 3.00257986148e-16
3771.0 3.57112108117e-16
3773.0 3.9831920221e-16
3775.0 3.629918932e-16
3777.0 3.84810270781e-16
3779.0 3.1838324714e-16
3781.0 4.72812785306e-16
3783.0 3.87094162774e-16
3785.0 5.39968627858e-16
3787.0 2.2926315205e-16
3789.0 4.32480279201e-16
3791.0 3.39569923431e-16
3793.0 3.80436907325e-16
3795.0 3.48997003087e-16
3797.0 3.87239931851e-16
3799.0 5.11930302057e-16
3801.0 2.85631368275e-16
3803.0 4.92152876832e-16
3805.0 4.2004040923e-16
3807.0 5.30444377641e-16
3809.0 4.84961037714e-16
3811.0 4.10625479203e-16
3813.0 4.06677246877e-16
3815.0 4.46426597268e-16
3817.0 4.66690007646e-16
3819.0 4.46232203207e-16
3821.0 4.05656783934e-16
3823.0 3.41513652286e-16
3825.0 4.74950855283e-16
3827.0 4.89820412793e-16
3829.0 4.52014844198e-16
3831.0 5.31999371314e-16
3833.0 4.37436824841e-16
3835.0 4.20331973853e-16
3837.0 3.88746327008e-16
3839.0 4.25920194313e-16
3841.0 4.08475206657e-16
3843.0 4.06142742618e-16
3845.0 3.58424109213e-16
3847.0 5.36761549362e-16
3849.0 2.72997104244e-16
3851.0 4.23053199545e-16
3853.0 3.43068645959e-16
3855.0 3.46810334594e-16
3857.0 3.49434363255e-16
3859.0 3.81700283436e-16
3861.0 3.73439462269e-16
3863.0 3.75917695384e-16
3865.0 3.41027720073e-16
3867.0 4.25191322462e-16
3869.0 2.49380766883e-16
3871.0 2.77176126577e-16
3873.0 3.26158215502e-16
3875.0 4.43851167122e-16
3877.0 4.2057493996e-16
3879.0 3.62748927093e-16
3881.0 4.07308974637e-16
3883.0 4.18388244997e-16
3885.0 3.42679884306e-16
3887.0 2.7387179811e-16
3889.0 3.27324394582e-16
3891.0 3.76986756843e-16
3893.0 3.7290490507e-16
3895.0 4.534725879e-16
3897.0 3.38598059003e-16
3899.0 3.44818007223e-16
3901.0 3.4316581652e-16
3903.0 3.93119743403e-16
3905.0 4.05996947072e-16
3907.0 4.12654228991e-16
3909.0 3.44818007223e-16
3911.0 3.45789871651e-16
3913.0 4.02060917315e-16
3915.0 3.25477889227e-16
3917.0 2.99431864327e-16
3919.0 4.09349900524e-16
3921.0 3.83158106548e-16
3923.0 3.47199096247e-16
3925.0 3.39132563262e-16
3927.0 3.76646593705e-16
3929.0 3.95355010411e-16
3931.0 3.319893756e-16
3933.0 3.28976585285e-16
3935.0 3.52301384493e-16
3937.0 3.31892178569e-16
3939.0 3.60076273446e-16
3941.0 3.60173470477e-16
3943.0 3.33544369272e-16
3945.0 4.4545478578e-16
3947.0 4.33938128782e-16
3949.0 4.1814527889e-16
3951.0 3.82623575818e-16
3953.0 3.26644094777e-16
3955.0 3.66296221667e-16
3957.0 3.69892141225e-16
3959.0 4.38700253891e-16
3961.0 4.86127296204e-16
3963.0 3.72418999326e-16
3965.0 3.60853770283e-16
3967.0 3.35731064235e-16
3969.0 2.98800163037e-16
3971.0 3.47782225492e-16
3973.0 3.8155454083e-16
3975.0 3.4442924557e-16
3977.0 3.57160680163e-16
3979.0 4.87682289876e-16
3981.0 3.64838425025e-16
3983.0 3.15662021448e-16
3985.0 3.75966320369e-16
3987.0 4.61684889961e-16
3989.0 3.91418980654e-16
3991.0 2.62938323297e-16
3993.0 3.04971512741e-16
3995.0 5.04689970303e-16
3997.0 3.35974030342e-16
3999.0 4.07114607046e-16
4001.0 3.17897341396e-16
4003.0 3.42971448928e-16
4005.0 4.47349810241e-16
4007.0 4.23344764167e-16
4009.0 3.63672193005e-16
4011.0 3.23388364825e-16
4013.0 3.75480361686e-16
4015.0 3.81646761542e-16
4017.0 3.10122373033e-16
4019.0 2.37621196718e-16
4021.0 4.12848596582e-16
4023.0 3.08178644177e-16
4025.0 3.32864042997e-16
4027.0 3.20035411373e-16
4029.0 2.7566973142e-16
4031.0 3.55945876098e-16
4033.0 3.92147852505e-16
4035.0 3.38598059003e-16
4037.0 3.75140225018e-16
4039.0 3.17800170835e-16
4041.0 4.21789796964e-16
4043.0 4.47932992425e-16
4045.0 3.61631293589e-16
4047.0 3.52009793401e-16
4049.0 3.71155570276e-16
4051.0 3.1838324714e-16
4053.0 3.06769472521e-16
4055.0 3.75091626502e-16
4057.0 3.90155551604e-16
4059.0 2.90976649098e-16
4061.0 3.95743772064e-16
4063.0 4.05559613373e-16
4065.0 3.65713118892e-16
4067.0 3.90884423455e-16
4069.0 3.10025202472e-16
4071.0 4.22081335117e-16
4073.0 3.6551872483e-16
4075.0 3.66199051106e-16
4077.0 3.80679846963e-16
4079.0 3.60950967313e-16
4081.0 3.31600666886e-16
4083.0 2.97682503063e-16
4085.0 2.96807835666e-16
4087.0 3.08858970453e-16
4089.0 4.62899694026e-16
4091.0 3.69406235481e-16
4093.0 3.95938166126e-16
4095.0 3.76112089446e-16
4097.0 3.87920284596e-16
4099.0 3.98464997756e-16
4101.0 4.31508441243e-16
4103.0 3.38598059003e-16
4105.0 4.49682327219e-16
4107.0 3.66296221667e-16
4109.0 3.00986831529e-16
4111.0 3.93411308025e-16
4113.0 4.49925266857e-16
4115.0 3.63137662276e-16
4117.0 2.67360285268e-16
4119.0 3.16390919769e-16
4121.0 3.59736136779e-16
4123.0 2.55017612328e-16
4125.0 2.99723455419e-16
4127.0 3.94771934106e-16
4129.0 3.36168397933e-16
4131.0 3.15759218479e-16
4133.0 3.29754108591e-16
4135.0 3.53759154665e-16
4137.0 3.57063509602e-16
4139.0 3.5560571296e-16
4141.0 3.31843606523e-16
4143.0 3.21893245794e-16
4145.0 4.20526367914e-16
4147.0 2.35288732679e-16
4149.0 3.78736118107e-16
4151.0 3.46761736079e-16
4153.0 4.13528922858e-16
4155.0 3.26109590517e-16
4157.0 3.16196525707e-16
4159.0 3.74994429472e-16
4161.0 3.97395936298e-16
4163.0 3.37140235891e-16
4165.0 3.0108402856e-16
4167.0 3.23825698524e-16
4169.0 3.87288530366e-16
4171.0 2.56864144153e-16
4173.0 4.40060827032e-16
4175.0 2.61529125171e-16
4177.0 3.69600576603e-16
4179.0 3.83498269685e-16
4181.0 3.33690164818e-16
4183.0 3.69066045874e-16
4185.0 3.96035363156e-16
4187.0 3.59007238458e-16
4189.0 3.85539169102e-16
4191.0 3.73585204875e-16
4193.0 3.57355047754e-16
4195.0 3.58910067897e-16
4197.0 3.8160488635e-16
4199.0 3.28830816209e-16
4201.0 3.49191397148e-16
4203.0 3.49531560286e-16
4205.0 3.58569931229e-16
4207.0 2.26444755798e-16
4209.0 4.37534021871e-16
4211.0 4.07892103882e-16
4213.0 3.22853834096e-16
4215.0 3.8038828234e-16
4217.0 3.28587850102e-16
4219.0 3.13669694077e-16
4221.0 3.14350020352e-16
4223.0 3.57355047754e-16
4225.0 3.44575014646e-16
4227.0 2.92191453163e-16
4229.0 3.62700328577e-16
4231.0 3.96812833523e-16
4233.0 3.34224669078e-16
4235.0 2.93211916107e-16
4237.0 3.52787290238e-16
4239.0 2.86603232703e-16
4241.0 3.67511052201e-16
4243.0 3.24797562952e-16
4245.0 3.33107009104e-16
4247.0 3.32280940222e-16
4249.0 3.08373038239e-16
4251.0 2.95544406615e-16
4253.0 2.46951105813e-16
4255.0 2.09825837024e-16
4257.0 2.94475371627e-16
4259.0 3.41124917103e-16
4261.0 3.50892186367e-16
4263.0 3.61291130451e-16
4265.0 3.10899869869e-16
4267.0 3.20569942102e-16
4269.0 3.25818025895e-16
4271.0 3.4442924557e-16
4273.0 3.5191262284e-16
4275.0 3.42874278367e-16
4277.0 2.57836008581e-16
4279.0 3.47539232915e-16
4281.0 2.7008151096e-16
4283.0 3.09539270258e-16
4285.0 2.75329594752e-16
4287.0 3.35828234796e-16
4289.0 3.37334629953e-16
4291.0 3.16536715315e-16
4293.0 3.81748881951e-16
4295.0 2.97779700093e-16
4297.0 2.83201707206e-16
4299.0 3.82720746379e-16
4301.0 3.4938576474e-16
4303.0 3.30385783412e-16
4305.0 3.68434344584e-16
4307.0 4.06288538164e-16
4309.0 4.12848596582e-16
4311.0 3.51718228779e-16
4313.0 3.88746327008e-16
4315.0 2.85728565306e-16
4317.0 3.46275777395e-16
4319.0 2.93989412943e-16
4321.0 3.42193952092e-16
4323.0 2.7756488823e-16
4325.0 3.2343696334e-16
4327.0 2.92191453163e-16
4329.0 3.16099381616e-16
4331.0 3.21153071347e-16
4333.0 2.7873112025e-16
4335.0 2.48506099486e-16
4337.0 2.81743910564e-16
4339.0 2.76884614894e-16
4341.0 2.43452383285e-16
4343.0 3.29948449713e-16
4345.0 3.50892159897e-16
4347.0 3.56091645174e-16
4349.0 3.44915177784e-16
4351.0 3.52447180039e-16
4353.0 3.28636448617e-16
4355.0 3.57841032908e-16
4357.0 3.34904968883e-16
4359.0 3.66101880545e-16
4361.0 3.64838451495e-16
4363.0 3.26838488838e-16
4365.0 3.23242595749e-16
4367.0 2.74746491977e-16
4369.0 3.14884551081e-16
4371.0 3.34078900001e-16
4373.0 3.11482999114e-16
4375.0 3.60465035099e-16
4377.0 3.02444681111e-16
4379.0 3.47150497732e-16
4381.0 3.28685020663e-16
4383.0 3.49482961771e-16
4385.0 2.43743974377e-16
4387.0 3.11482999114e-16
4389.0 3.1162879466e-16
4391.0 3.23582732417e-16
4393.0 3.01861551866e-16
4395.0 2.83833408496e-16
4397.0 3.02444681111e-16
4399.0 3.37237432922e-16
4401.0 3.60367891008e-16
4403.0 3.04582751088e-16
4405.0 3.2713002699e-16
4407.0 3.00403728755e-16
4409.0 2.74114764217e-16
4411.0 2.91559751873e-16
4413.0 2.70956178357e-16
4415.0 2.81500944457e-16
4417.0 2.47534235058e-16
4419.0 2.24403803441e-16
4421.0 3.38014956228e-16
4423.0 3.7416836059e-16
4425.0 3.15662047918e-16
4427.0 3.87288530366e-16
4429.0 3.43943313356e-16
4431.0 3.51669630264e-16
4433.0 3.70718236577e-16
4435.0 3.62214396364e-16
4437.0 3.2776175475e-16
4439.0 3.91370408609e-16
4441.0 2.774676912e-16
4443.0 2.97682503063e-16
4445.0 3.28976585285e-16
4447.0 4.12459861399e-16
4449.0 3.01472790213e-16
4451.0 3.11337230038e-16
4453.0 3.46567368487e-16
4455.0 3.19403710083e-16
4457.0 2.94183833474e-16
4459.0 3.08956141014e-16
4461.0 3.59881932325e-16
4463.0 2.5521200639e-16
4465.0 2.53754156808e-16
4467.0 2.8990758764e-16
4469.0 2.54823218267e-16
4471.0 2.27659586332e-16
4473.0 2.99383292281e-16
4475.0 3.33009865013e-16
4477.0 3.36654356617e-16
4479.0 2.99917796541e-16
4481.0 2.8125797835e-16
4483.0 3.28587876572e-16
4485.0 3.05068683302e-16
4487.0 2.89130090804e-16
4489.0 2.76593050272e-16
4491.0 2.45104573988e-16
4493.0 2.70130135945e-16
4495.0 2.90101955231e-16
4497.0 2.92240051679e-16
4499.0 2.96807835666e-16
4501.0 2.62209398506e-16
4503.0 3.0730397678e-16
4505.0 2.88935696742e-16
4507.0 3.26449727185e-16
4509.0 2.05743998486e-16
4511.0 3.1342675444e-16
4513.0 2.38301522993e-16
4515.0 2.53073883472e-16
4517.0 2.73288668866e-16
4519.0 2.85485572729e-16
4521.0 2.33539344945e-16
4523.0 2.84076401073e-16
4525.0 3.38500861972e-16
4527.0 2.78633976159e-16
4529.0 2.84367939225e-16
4531.0 3.43360210581e-16
4533.0 2.50206862234e-16
4535.0 2.87866661753e-16
4537.0 2.89032920243e-16
4539.0 2.82958767569e-16
4541.0 2.65027847699e-16
4543.0 2.83493245358e-16
4545.0 2.73385892366e-16
4547.0 3.02736192794e-16
4549.0 2.76204262149e-16
4551.0 2.85242633092e-16
4553.0 3.34807771852e-16
4555.0 3.2955971453e-16
4557.0 3.21590405046e-16
4559.0 3.06623676975e-16
4561.0 2.73385865897e-16
4563.0 3.16342321253e-16
4565.0 3.2091010524e-16
4567.0 2.51907624983e-16
4569.0 2.4043964591e-16
4571.0 3.5317607836e-16
4573.0 2.80674902045e-16
4575.0 2.4593066934e-16
4577.0 2.94135208489e-16
4579.0 3.0730400325e-16
4581.0 3.19792498206e-16
4583.0 2.88838526181e-16
4585.0 2.51421692769e-16
4587.0 3.04194015905e-16
4589.0 2.3169281312e-16
4591.0 3.02250287049e-16
4593.0 3.06526479944e-16
4595.0 2.84222196619e-16
4597.0 2.86408865112e-16
4599.0 2.75086628645e-16
4601.0 2.47728629119e-16
4603.0 2.52976686442e-16
4605.0 2.89421681896e-16
4607.0 3.45498307029e-16
4609.0 2.89810390609e-16
4611.0 2.8738072954e-16
4613.0 2.83979230512e-16
4615.0 2.77759255822e-16
4617.0 3.09830808411e-16
4619.0 3.20181206919e-16
4621.0 3.03951049798e-16
4623.0 2.65610924004e-16
4625.0 2.85145436061e-16
4627.0 3.02153090019e-16
4629.0 3.0720677975e-16
4631.0 1.83099525553e-16
4633.0 2.73191498305e-16
4635.0 2.30623778131e-16
4637.0 2.36163400076e-16
4639.0 2.81112182804e-16
4641.0 3.09344902667e-16
4643.0 3.01472790213e-16
4645.0 3.05360221455e-16
4647.0 2.59585369845e-16
4649.0 3.33835907425e-16
4651.0 2.58807899479e-16
4653.0 2.62015030915e-16
4655.0 2.31109710345e-16
4657.0 2.56669803031e-16
4659.0 2.51324522208e-16
4661.0 2.60994594441e-16
4663.0 2.84416537741e-16
4665.0 3.22659440034e-16
4667.0 2.55697912134e-16
4669.0 3.5064919379e-16
4671.0 2.84270768664e-16
4673.0 1.90874454211e-16
4675.0 2.4160582499e-16
4677.0 2.78974086357e-16
4679.0 3.29170952877e-16
4681.0 3.03902451283e-16
4683.0 2.82181244263e-16
4685.0 2.82764347037e-16
4687.0 2.4413270956e-16
4689.0 2.21876971811e-16
4691.0 2.66485617871e-16
4693.0 2.91462581312e-16
4695.0 2.42286151266e-16
4697.0 2.37621196718e-16
4699.0 2.43646750877e-16
4701.0 2.67214489722e-16
4703.0 2.54240115492e-16
4705.0 2.45396112141e-16
4707.0 2.68818134849e-16
4709.0 2.70761837235e-16
4711.0 2.60848772426e-16
4713.0 3.0604054773e-16
4715.0 2.30137819448e-16
4717.0 2.50547025372e-16
4719.0 2.71587932587e-16
4721.0 2.88255396937e-16
4723.0 2.82667176476e-16
4725.0 2.67165917676e-16
4727.0 2.55892279725e-16
4729.0 2.73385892366e-16
4731.0 2.74552097916e-16
4733.0 3.48705464934e-16
4735.0 2.65902515096e-16
4737.0 2.47339840996e-16
4739.0 2.84708102363e-16
4741.0 2.78390957112e-16
4743.0 2.79314249494e-16
4745.0 2.59974131498e-16
4747.0 2.48408928925e-16
4749.0 2.94572515718e-16
4751.0 2.69012449501e-16
4753.0 2.82035475186e-16
4755.0 2.1808671113e-16
4757.0 2.78342385066e-16
4759.0 2.50644248873e-16
4761.0 2.43355212724e-16
4763.0 2.53511190701e-16
4765.0 2.51810427953e-16
4767.0 2.41945988128e-16
4769.0 2.76690194363e-16
4771.0 2.35483073801e-16
4773.0 2.49283622792e-16
4775.0 2.63181262934e-16
4777.0 2.86603232703e-16
4779.0 2.36795127836e-16
4781.0 2.66437019355e-16
4783.0 2.46513772115e-16
4785.0 2.48408902455e-16
4787.0 2.61091791472e-16
4789.0 2.39467755013e-16
4791.0 2.24986985626e-16
4793.0 2.2430663288e-16
4795.0 2.65902488626e-16
4797.0 2.6259813369e-16
4799.0 2.37621196718e-16
4801.0 2.63424229041e-16
4803.0 2.57155682306e-16
4805.0 1.96414076155e-16
4807.0 2.03751684349e-16
4809.0 2.82910142583e-16
4811.0 2.47339840996e-16
4813.0 2.46076464886e-16
4815.0 2.60071302059e-16
4817.0 3.05554615516e-16
4819.0 2.66777182493e-16
4821.0 2.28339886138e-16
4823.0 2.51956223499e-16
4825.0 2.49818100581e-16
4827.0 2.6269533072e-16
4829.0 2.63667221618e-16
4831.0 2.24889762125e-16
4833.0 2.41314286838e-16
4835.0 2.30040648887e-16
4837.0 2.68137782104e-16
4839.0 1.78045822587e-16
4841.0 2.79800155238e-16
4843.0 2.35045793042e-16
4845.0 2.11040667558e-16
4847.0 2.32373165865e-16
4849.0 2.42529117373e-16
4851.0 2.85825735867e-16
4853.0 3.00792463938e-16
4855.0 2.47048276374e-16
4857.0 2.39370557982e-16
4859.0 2.67457482299e-16
4861.0 2.17017623202e-16
4863.0 2.29506118157e-16
4865.0 2.29700512219e-16
4867.0 2.13081593445e-16
4869.0 2.25715831007e-16
4871.0 2.19252929915e-16
4873.0 2.03217140385e-16
4875.0 2.4782579968e-16
4877.0 2.28582878715e-16
4879.0 2.26250388206e-16
4881.0 2.28194117062e-16
4883.0 2.72025239816e-16
4885.0 2.42772083479e-16
4887.0 2.04772134058e-16
4889.0 2.43063674572e-16
4891.0 2.26444729328e-16
4893.0 2.49866699097e-16
4895.0 2.80383284483e-16
4897.0 2.49186425761e-16
4899.0 2.20224794343e-16
4901.0 2.71150572418e-16
4903.0 2.75523962344e-16
4905.0 2.49040630215e-16
4907.0 2.37621223188e-16
4909.0 2.08416638897e-16
4911.0 2.24112265289e-16
4913.0 2.27125055603e-16
4915.0 2.11089266074e-16
4917.0 2.26444729328e-16
4919.0 1.96802824574e-16
4921.0 2.70567496113e-16
4923.0 1.99621234061e-16
4925.0 2.07201795127e-16
4927.0 2.48263133379e-16
4929.0 2.28485681684e-16
4931.0 2.14782356194e-16
4933.0 2.26347558767e-16
4935.0 2.76398629741e-16
4937.0 2.3791276134e-16
4939.0 2.4899200523e-16
4941.0 2.15268288407e-16
4943.0 2.34365466766e-16
4945.0 2.40245225379e-16
4947.0 2.40293823895e-16
4949.0 2.38884599298e-16
4951.0 2.45590506202e-16
4953.0 2.74066192172e-16
4955.0 2.35483073801e-16
4957.0 2.25764429522e-16
4959.0 2.63764392179e-16
4961.0 2.58710702448e-16
4963.0 2.34948569541e-16
4965.0 2.39613524089e-16
4967.0 2.57641640989e-16
4969.0 2.41265688322e-16
4971.0 2.47048276374e-16
4973.0 2.25667285431e-16
4975.0 2.49963896127e-16
4977.0 2.31304077937e-16
4979.0 2.46756764691e-16
4981.0 2.63764418649e-16
4983.0 2.52587951259e-16
4985.0 2.42286151266e-16
4987.0 2.45153172504e-16
4989.0 2.30380838494e-16
4991.0 1.8708419353e-16
4993.0 2.4403551253e-16
4995.0 2.48797664108e-16
4997.0 2.71830872224e-16
4999.0 2.564753825e-16
5001.0 1.88056044723e-16
5003.0 2.34511209373e-16
5005.0 2.1993322972e-16
5007.0 2.07687727341e-16
5009.0 2.1002021785e-16
5011.0 2.00301547102e-16
5013.0 2.24889762125e-16
5015.0 2.00981846907e-16
5017.0 2.34997168057e-16
5019.0 1.93790047494e-16
5021.0 2.56281014909e-16
5023.0 2.0132199681e-16
5025.0 2.16969064391e-16
5027.0 2.41217089807e-16
5029.0 2.25570061931e-16
5031.0 2.22217134948e-16
5033.0 2.21585420423e-16
5035.0 2.15559839795e-16
5037.0 1.97288770022e-16
5039.0 2.64736256607e-16
5041.0 2.20419201639e-16
5043.0 2.26979286527e-16
5045.0 2.32907643655e-16
5047.0 2.48117337833e-16
5049.0 2.22217134948e-16
5051.0 2.25424292854e-16
5053.0 2.22946033269e-16
5055.0 2.2304320383e-16
5057.0 1.99329682674e-16
5059.0 2.39662122604e-16
5061.0 2.43063674572e-16
5063.0 2.15997186728e-16
5065.0 2.21342454316e-16
5067.0 2.24209488789e-16
5069.0 2.23188999376e-16
5071.0 2.26882115966e-16
5073.0 2.55114782889e-16
5075.0 2.13518927143e-16
5077.0 2.05258066272e-16
5079.0 1.85334832266e-16
5081.0 2.20613555996e-16
5083.0 1.94956279514e-16
5085.0 1.98552199072e-16
5087.0 1.87327133167e-16
5089.0 2.00301547102e-16
5091.0 2.17212004028e-16
5093.0 2.03605888803e-16
5095.0 2.37718393749e-16
5097.0 2.11478001257e-16
5099.0 1.70756826143e-16
5101.0 2.41119919246e-16
5103.0 2.23091802346e-16
5105.0 2.02342459753e-16
5107.0 2.31741411635e-16
5109.0 2.2357773456e-16
5111.0 2.03508718242e-16
5113.0 2.20710713322e-16
5115.0 2.12644246511e-16
5117.0 2.27805355409e-16
5119.0 2.42480518857e-16
5121.0 2.10700517656e-16
5123.0 2.06181345419e-16
5125.0 2.3052660757e-16
5127.0 2.1551124128e-16
5129.0 1.96462674671e-16
5131.0 1.93012563893e-16
5133.0 2.66291250279e-16
5135.0 1.93984428321e-16
5137.0 2.53851353839e-16
5139.0 2.04577766466e-16
5141.0 2.17697949477e-16
5143.0 2.34073902144e-16
5145.0 2.15608451545e-16
5147.0 2.10214585442e-16
5149.0 2.27610987817e-16
5151.0 2.23966496213e-16
5153.0 1.97677505206e-16
5155.0 2.25570061931e-16
5157.0 2.0380026963e-16
5159.0 2.10797701451e-16
5161.0 1.9145757022e-16
5163.0 2.1745498337e-16
5165.0 1.97094402431e-16
5167.0 1.969972054e-16
5169.0 1.91943502434e-16
5171.0 1.81738912707e-16
5173.0 2.44715812335e-16
5175.0 2.24986959156e-16
5177.0 1.88153215284e-16
5179.0 1.9631689236e-16
5181.0 2.20419175169e-16
5183.0 2.124984642e-16
5185.0 2.02974187513e-16
5187.0 2.26784892465e-16
5189.0 2.28728621321e-16
5191.0 2.12158327532e-16
5193.0 1.91943502434e-16
5195.0 2.16337323396e-16
5197.0 2.54240141962e-16
5199.0 2.4034242241e-16
5201.0 1.93595666668e-16
5203.0 2.26153191175e-16
5205.0 2.5890504357e-16
5207.0 2.35288706209e-16
5209.0 2.193015549e-16
5211.0 2.23535250563e-16
5213.0 2.16920465876e-16
5215.0 2.09437088605e-16
5217.0 1.81836096503e-16
5219.0 2.26250361736e-16
5221.0 2.10506136829e-16
5223.0 2.06181345419e-16
5225.0 2.24403803441e-16
5227.0 1.93595679903e-16
5229.0 1.92186468541e-16
5231.0 2.4899200523e-16
5233.0 2.33247806793e-16
5235.0 2.4286928051e-16
5237.0 1.79600803025e-16
5239.0 1.71339942153e-16
5241.0 2.12838627338e-16
5243.0 2.25229898793e-16
5245.0 2.1191534819e-16
5247.0 2.15900002933e-16
5249.0 2.34025303629e-16
5251.0 2.20905120618e-16
5253.0 1.90194154405e-16
5255.0 1.32173747477e-16
5257.0 2.10408939798e-16
5259.0 1.88056044723e-16
5261.0 1.56276017051e-16
5263.0 2.10943470528e-16
5265.0 2.14733770913e-16
5267.0 1.97240171507e-16
5269.0 1.97288756787e-16
5271.0 2.087567888e-16
5273.0 1.82516409543e-16
5275.0 2.48408902455e-16
5277.0 2.3917621686e-16
5279.0 8.62013916067e-17
5281.0 1.95293014815e-16
5283.0 2.12461340334e-16
5285.0 2.20394942086e-16
5287.0 2.51910219022e-16
5289.0 2.45511917427e-16
5291.0 2.27013803119e-16
5293.0 1.62029316292e-16
5295.0 2.38732848052e-16
5297.0 1.98463816478e-16
5299.0 2.49840970471e-16
5301.0 2.17758327044e-16
5303.0 1.95531931045e-16
5305.0 1.80455353389e-16
5307.0 2.18325772945e-16
5309.0 2.21682048354e-16
5311.0 2.42994800205e-16
5313.0 2.41689575373e-16
5315.0 2.03368600464e-16
5317.0 1.89607120868e-16
5319.0 2.19255603362e-16
5321.0 2.01947358588e-16
5323.0 1.96175106985e-16
5325.0 1.90812051705e-16
5327.0 2.1518208957e-16
5329.0 2.21053192565e-16
5331.0 1.8729490621e-16
5333.0 1.91408098202e-16
5335.0 2.27916793181e-16
5337.0 1.97011988772e-16
5339.0 1.88684979921e-16
5341.0 2.11045339474e-16
5343.0 2.23661987868e-16
5345.0 1.98476720496e-16
5347.0 1.81870533686e-16
5349.0 2.03927073109e-16
5351.0 2.13576485679e-16
5353.0 2.25616251696e-16
5355.0 2.10893561758e-16
5357.0 1.96521874333e-16
5359.0 1.96872665087e-16
5361.0 2.16437882089e-16
5363.0 2.16565797299e-16
5365.0 2.16002282161e-16
5367.0 2.36592184036e-16
5369.0 2.74644027461e-16
5371.0 2.56602305093e-16
5373.0 2.17708907966e-16
5375.0 1.76656079749e-16
5377.0 1.73079549303e-16
5379.0 1.68550053853e-16
5381.0 2.06695150311e-16
5383.0 1.91281810884e-16
5385.0 1.91901164022e-16
5387.0 2.05719183067e-16
5389.0 2.159567012e-16
5391.0 1.99703290378e-16
5393.0 1.87510317277e-16
5395.0 1.81301976055e-16
5397.0 1.92230130443e-16
5399.0 1.2810804227e-16
5401.0 1.53826940398e-16
5403.0 1.83979844248e-16
5405.0 1.79912894961e-16
5407.0 1.88635772601e-16
5409.0 2.10972084359e-16
5411.0 2.03447573052e-16
5413.0 2.44473719731e-16
5415.0 2.24450257905e-16
5417.0 2.01762758345e-16
5419.0 1.95714704874e-16
5421.0 1.80702356138e-16
5423.0 1.57972279938e-16
5425.0 1.50732384935e-16
5427.0 2.1939222713e-16
5429.0 2.23573340576e-16
5431.0 2.16160134692e-16
5433.0 2.16585543754e-16
5435.0 2.14247176955e-16
5437.0 1.95191609089e-16
5439.0 2.27099803433e-16
5441.0 2.055729243e-16
5443.0 1.59523739895e-16
5445.0 1.77802432964e-16
5447.0 2.08894841935e-16
5449.0 2.16645947791e-16
5451.0 2.00535685537e-16
5453.0 1.97942136827e-16
5455.0 1.8730638086e-16
5457.0 1.62598178325e-16
5459.0 1.99794174366e-16
5461.0 2.1016911036e-16
5463.0 1.93120851761e-16
5465.0 1.58731433217e-16
5467.0 1.83554289601e-16
5469.0 2.12699065425e-16
5471.0 2.12146442601e-16
5473.0 2.02469924977e-16
5475.0 2.34279201755e-16
5477.0 2.18928847168e-16
5479.0 2.09302423602e-16
5481.0 2.20015365446e-16
5483.0 1.95739639406e-16
5485.0 1.79933342866e-16
5487.0 1.75921159553e-16
5489.0 1.82111091043e-16
5491.0 1.83420895147e-16
5493.0 1.92786194338e-16
5495.0 2.07755622326e-16
5497.0 2.02691887314e-16
5499.0 1.96699274796e-16
5501.0 2.06042630539e-16
5503.0 1.88133865875e-16
5505.0 2.00570810935e-16
5507.0 2.01973246032e-16
5509.0 1.8941105921e-16
5511.0 1.81477510398e-16
5513.0 2.08373360807e-16
5515.0 2.14736828173e-16
5517.0 1.79240469915e-16
5519.0 1.66150687446e-16
5521.0 1.65277422947e-16
5523.0 1.73916073748e-16
5525.0 1.97397984333e-16
5527.0 1.89256078651e-16
5529.0 1.73921738281e-16
5531.0 2.09849037785e-16
5533.0 1.85170891686e-16
5535.0 1.85039747163e-16
5537.0 1.75070341427e-16
5539.0 1.7046718058e-16
5541.0 1.82339472301e-16
5543.0 2.03620950108e-16
5545.0 2.09884586699e-16
5547.0 2.00137143301e-16
5549.0 1.61680947523e-16
5551.0 1.96473831683e-16
5553.0 1.96183643489e-16
5555.0 1.8878355338e-16
5557.0 1.88479389143e-16
5559.0 1.86764557706e-16
5561.0 1.75609663187e-16
5563.0 1.96348709035e-16
5565.0 2.00591933819e-16
5567.0 1.9731604713e-16
5569.0 1.89114385921e-16
5571.0 1.77823873485e-16
5573.0 1.80362391523e-16
5575.0 2.15653820747e-16
5577.0 3.05216119975e-16
5579.0 2.49135286147e-16
5581.0 1.79585702015e-16
5583.0 1.52953583255e-16
5585.0 1.5072398078e-16
5587.0 1.71818462829e-16
5589.0 1.72995044532e-16
5591.0 1.84719330481e-16
5593.0 1.92198432882e-16
5595.0 1.9018455911e-16
5597.0 1.87293066561e-16
5599.0 1.88422293828e-16
5601.0 1.87729420877e-16
5603.0 1.87767285897e-16
5605.0 1.93719201129e-16
5607.0 1.93552573866e-16
5609.0 1.78858100714e-16
5611.0 1.89203602313e-16
5613.0 1.85570532418e-16
5615.0 1.84738428427e-16
5617.0 1.93715958581e-16
5619.0 1.89803553102e-16
5621.0 1.80584565618e-16
5623.0 1.8283145286e-16
5625.0 1.74579684358e-16
5627.0 1.68957661989e-16
5629.0 1.70412004324e-16
5631.0 1.77502186254e-16
5633.0 1.91849825884e-16
5635.0 1.99376481244e-16
5637.0 1.9811298602e-16
5639.0 1.68767966313e-16
5641.0 2.00197110586e-16
5643.0 2.01092252358e-16
5645.0 1.88034670376e-16
5647.0 1.80440292085e-16
5649.0 1.79974079857e-16
5651.0 1.72260693436e-16
5653.0 1.69237526969e-16
5655.0 1.93580208316e-16
5657.0 1.67794526934e-16
5659.0 1.74014236926e-16
5661.0 1.63920304112e-16
5663.0 1.44583561013e-16
5665.0 1.93166035675e-16
5667.0 1.98923067154e-16
5669.0 2.09449886744e-16
5671.0 1.89145024691e-16
5673.0 1.92987272018e-16
5675.0 1.81346074708e-16
5677.0 1.75167975209e-16
5679.0 1.7800883107e-16
5681.0 1.7805928247e-16
5683.0 2.05324015728e-16
5685.0 1.88980885587e-16
5687.0 1.86364361108e-16
5689.0 1.92880837035e-16
5691.0 1.90445934949e-16
5693.0 1.88676866934e-16
5695.0 1.78147559185e-16
5697.0 1.5571536065e-16
5699.0 1.66675808168e-16
5701.0 1.71578355458e-16
5703.0 1.73659171302e-16
5705.0 1.76414000379e-16
5707.0 1.72580051327e-16
5709.0 1.72070733063e-16
5711.0 1.84589482977e-16
5713.0 1.96099032839e-16
5715.0 1.81146744032e-16
5717.0 1.82481681192e-16
5719.0 1.90725217593e-16
5721.0 1.82887820256e-16
5723.0 1.83011751764e-16
5725.0 1.85298105447e-16
5727.0 1.70428468527e-16
5729.0 1.90334589821e-16
5731.0 1.70978828185e-16
5733.0 1.86568456344e-16
5735.0 2.01085105517e-16
5737.0 1.9244963109e-16
5739.0 1.89471304429e-16
5741.0 1.94455974209e-16
5743.0 1.78464045105e-16
5745.0 1.83575915411e-16
5747.0 1.69563422895e-16
5749.0 1.7214496756e-16
5751.0 1.73711753519e-16
5753.0 1.7949382541e-16
5755.0 1.79299775456e-16
5757.0 1.67340530509e-16
5759.0 1.66858714346e-16
5761.0 1.72539883437e-16
5763.0 1.76355158059e-16
5765.0 1.72608373991e-16
5767.0 1.98516306051e-16
5769.0 1.76400289033e-16
5771.0 1.65419433315e-16
5773.0 1.83726872564e-16
5775.0 1.73232451985e-16
5777.0 1.64744771572e-16
5779.0 1.84804364648e-16
5781.0 1.92774057944e-16
5783.0 1.81946316665e-16
5785.0 1.79152007911e-16
5787.0 1.79725303633e-16
5789.0 1.74151363619e-16
5791.0 1.69787489579e-16
5793.0 1.742580633e-16
5795.0 1.67159755149e-16
5797.0 1.70248738724e-16
5799.0 1.75634624189e-16
5801.0 1.75434314132e-16
5803.0 1.63107165717e-16
5805.0 1.65812655125e-16
5807.0 1.86934017235e-16
5809.0 1.75465998458e-16
5811.0 1.78378785945e-16
5813.0 1.48395447503e-16
5815.0 1.65405046989e-16
5817.0 1.78271583337e-16
5819.0 1.65568325825e-16
5821.0 1.65996620094e-16
5823.0 1.62456419421e-16
5825.0 1.52219457153e-16
5827.0 1.57193380203e-16
5829.0 1.76524180837e-16
5831.0 1.72086535522e-16
5833.0 1.70459147002e-16
5835.0 1.84324560188e-16
5837.0 1.81722091162e-16
5839.0 1.51918284001e-16
5841.0 1.83466793745e-16
5843.0 1.71723926011e-16
5845.0 1.54551550615e-16
5847.0 1.54751172458e-16
5849.0 1.65563375976e-16
5851.0 1.69190873982e-16
5853.0 1.41153302569e-16
5855.0 1.4186606756e-16
5857.0 1.55004527953e-16
5859.0 1.26963872811e-16
5861.0 1.6341253433e-16
5863.0 1.72034059183e-16
5865.0 1.6763344509e-16
5867.0 1.62588490386e-16
5869.0 1.67982144731e-16
5871.0 1.63057998102e-16
5873.0 1.55214843587e-16
5875.0 1.4724165628e-16
5877.0 1.56597320471e-16
5879.0 1.60200519219e-16
5881.0 1.63146248347e-16
5883.0 1.63525944101e-16
5885.0 1.50137423699e-16
5887.0 1.6704789386e-16
5889.0 1.37602593394e-16
5891.0 1.65037686153e-16
5893.0 1.84426217376e-16
5895.0 1.83039849435e-16
5897.0 1.5640771744e-16
5899.0 1.5427048126e-16
5901.0 1.70489560779e-16
5903.0 1.9109312106e-16
5905.0 1.75061897567e-16
5907.0 1.58819987864e-16
5909.0 1.48724135991e-16
5911.0 1.42286989995e-16
5913.0 1.42301177797e-16
5915.0 1.41195389519e-16
5917.0 1.38045869558e-16
5919.0 1.4322920827e-16
5921.0 1.61721975681e-16
5923.0 1.49745379793e-16
5925.0 1.6027855213e-16
5927.0 1.65915278461e-16
5929.0 1.61189390481e-16
5931.0 1.76509781277e-16
5933.0 1.80138060141e-16
5935.0 1.69599924721e-16
5937.0 1.53841392898e-16
5939.0 1.47332341745e-16
5941.0 1.51484828125e-16
5943.0 1.56165241024e-16
5945.0 1.60650598117e-16
5947.0 1.67190751261e-16
5949.0 1.67579499679e-16
5951.0 1.59773574909e-16
5953.0 1.47116096881e-16
5955.0 1.53565008694e-16
5957.0 1.70933617801e-16
5959.0 1.77014004108e-16
5961.0 1.71372605861e-16
5963.0 1.78926525094e-16
5965.0 1.52167854318e-16
5967.0 1.64320156603e-16
5969.0 1.47997381723e-16
5971.0 1.50105739373e-16
5973.0 1.3572591249e-16
5975.0 1.27613083861e-16
5977.0 1.54403041917e-16
5979.0 1.50753693108e-16
5981.0 1.51401527728e-16
5983.0 1.57378615721e-16
5985.0 1.79496723851e-16
5987.0 1.73004454539e-16
5989.0 1.64592583574e-16
5991.0 1.56651662929e-16
5993.0 1.47409607032e-16
5995.0 1.67920628964e-16
5997.0 1.73816547377e-16
5999.0 1.68250879169e-16
6001.0 1.63655791604e-16
6003.0 1.72140573577e-16
6005.0 1.6801353789e-16
6007.0 1.56032481844e-16
6009.0 1.71493308056e-16
6011.0 1.55824892598e-16
6013.0 1.65154801693e-16
6015.0 1.7199420893e-16
6017.0 1.58306831482e-16
6019.0 1.51886308507e-16
6021.0 1.57943255824e-16
6023.0 1.77052477933e-16
6025.0 1.7595631142e-16
6027.0 1.65877863427e-16
6029.0 1.45104724503e-16
6031.0 1.48091455319e-16
6033.0 1.7020052402e-16
6035.0 1.67370163427e-16
6037.0 1.53174897083e-16
6039.0 1.47075081957e-16
6041.0 1.71608967758e-16
6043.0 1.76597832999e-16
6045.0 1.51513111084e-16
6047.0 1.43902228886e-16
6049.0 1.51481334114e-16
6051.0 1.51934218808e-16
6053.0 1.50803747461e-16
6055.0 1.53113487194e-16
6057.0 1.59366456464e-16
6059.0 1.62282062983e-16
6061.0 1.55717676755e-16
6063.0 1.27803467751e-16
6065.0 1.55681823439e-16
6067.0 1.54924258347e-16
6069.0 1.41423691368e-16
6071.0 1.35999212964e-16
6073.0 1.57949674746e-16
6075.0 1.66048527331e-16
6077.0 1.6464058652e-16
6079.0 1.44528490636e-16
6081.0 1.64514140382e-16
6083.0 1.69820629743e-16
6085.0 1.61851624662e-16
6087.0 1.6086459305e-16
6089.0 1.37082938681e-16
6091.0 1.50624335295e-16
6093.0 1.50641831819e-16
6095.0 1.52643780955e-16
6097.0 1.57718580335e-16
6099.0 1.59141185405e-16
6101.0 1.51889802518e-16
6103.0 1.4481326576e-16
6105.0 1.45864341003e-16
6107.0 1.60701420094e-16
6109.0 1.56605287875e-16
6111.0 1.4363807372e-16
6113.0 1.61993224748e-16
6115.0 1.67047510049e-16
6117.0 1.41461582858e-16
6119.0 1.47933060158e-16
6121.0 1.65444420787e-16
6123.0 1.63759884013e-16
6125.0 1.54228791357e-16
6127.0 1.42570296046e-16
6129.0 1.527969351e-16
6131.0 1.58914551152e-16
6133.0 1.49311725394e-16
6135.0 1.48630935898e-16
6137.0 1.56764000673e-16
6139.0 1.38455886444e-16
6141.0 1.42463675774e-16
6143.0 1.47163716014e-16
6145.0 1.46803144676e-16
6147.0 1.49180633811e-16
6149.0 1.59758315081e-16
6151.0 1.67472799997e-16
6153.0 1.66047349426e-16
6155.0 1.5117858601e-16
6157.0 1.46907237085e-16
6159.0 1.70434940388e-16
6161.0 1.68351954022e-16
6163.0 1.65640733907e-16
6165.0 1.70748474928e-16
6167.0 1.66464764616e-16
6169.0 1.60763134385e-16
6171.0 1.65398442779e-16
6173.0 1.58543881593e-16
6175.0 1.65696413088e-16
6177.0 1.65300186957e-16
6179.0 1.61055175463e-16
6181.0 1.59288026507e-16
6183.0 1.61410677838e-16
6185.0 1.47675006277e-16
6187.0 1.60156685264e-16
6189.0 1.50419181268e-16
6191.0 1.44953211485e-16
6193.0 1.5030604943e-16
6195.0 1.5624201662e-16
6197.0 1.50874011491e-16
6199.0 1.57536918238e-16
6201.0 1.30454244124e-16
6203.0 1.55484927983e-16
6205.0 1.43079733424e-16
6207.0 1.55988833178e-16
6209.0 1.60925923529e-16
6211.0 1.41943624014e-16
6213.0 1.39379165592e-16
6215.0 1.38618675589e-16
6217.0 1.40497685833e-16
6219.0 1.59622750105e-16
6221.0 1.21306552992e-16
6223.0 1.38581935535e-16
6225.0 1.54475158831e-16
6227.0 1.46334325175e-16
6229.0 1.47723909195e-16
6231.0 1.43537382679e-16
6233.0 1.60771790003e-16
6235.0 1.51949478636e-16
6237.0 1.53088221789e-16
6239.0 1.48008366681e-16
6241.0 1.43570430198e-16
6243.0 1.4168521279e-16
6245.0 1.38841537898e-16
6247.0 1.46162893647e-16
6249.0 1.46628708829e-16
6251.0 1.66143289142e-16
6253.0 1.24316788972e-16
6255.0 1.32569007461e-16
6257.0 1.45013469938e-16
6259.0 1.33549633386e-16
6261.0 1.2251194705e-16
6263.0 1.33396849818e-16
6265.0 1.51672975318e-16
6267.0 1.35426684867e-16
6269.0 1.45599510858e-16
6271.0 1.43295885644e-16
6273.0 1.42976818921e-16
6275.0 1.4928578501e-16
6277.0 1.45569070612e-16
6279.0 1.46411391938e-16
6281.0 1.33221037542e-16
6283.0 1.24318655092e-16
6285.0 1.22821100841e-16
6287.0 1.28821204307e-16
6289.0 1.39013856163e-16
6291.0 1.34204363384e-16
6293.0 1.26116985448e-16
6295.0 1.08169832986e-16
6297.0 1.11485841243e-16
6299.0 1.08896977684e-16
6301.0 1.31584133136e-16
6303.0 1.52387196146e-16
6305.0 1.56456792411e-16
6307.0 1.4675164772e-16
6309.0 1.25775273828e-16
6311.0 1.31476917294e-16
6313.0 1.42427425411e-16
6315.0 1.14389192253e-16
6317.0 1.17230153993e-16
6319.0 1.25261839513e-16
6321.0 1.2999532432e-16
6323.0 1.36202911153e-16
6325.0 1.3276902635e-16
6327.0 1.27192743761e-16
6329.0 1.45349239092e-16
6331.0 1.42627232542e-16
6333.0 1.36284649833e-16
6335.0 1.31096348038e-16
6337.0 1.31532120019e-16
6339.0 1.39178484958e-16
6341.0 1.44556098616e-16
6343.0 1.33357105444e-16
6345.0 1.27438912711e-16
6347.0 1.29623476856e-16
6349.0 1.34300581033e-16
6351.0 1.39679663765e-16
6353.0 1.43615918515e-16
6355.0 1.42644054087e-16
6357.0 1.41672189659e-16
6359.0 1.27524635092e-16
6361.0 1.3849184564e-16
6363.0 1.34336632873e-16
6365.0 1.37879387879e-16
6367.0 1.47910693195e-16
6369.0 1.30555888078e-16
6371.0 1.35896099938e-16
6373.0 1.42828707269e-16
6375.0 1.26677258038e-16
6377.0 1.28661909173e-16
6379.0 1.43231153798e-16
6381.0 1.45502988807e-16
6383.0 1.30877773833e-16
6385.0 1.35390050692e-16
6387.0 1.32577570434e-16
6389.0 1.36788952074e-16
6391.0 1.50453671391e-16
6393.0 1.38142563663e-16
6395.0 1.40508763436e-16
6397.0 1.4452617453e-16
6399.0 1.43131931829e-16
6401.0 1.41265269737e-16
6403.0 1.38155295627e-16
6405.0 1.27252419879e-16
6407.0 1.3761202987e-16
6409.0 1.31884922477e-16
6411.0 1.33614166708e-16
6413.0 1.39719805185e-16
6415.0 1.47920500248e-16
6417.0 1.50359306626e-16
6419.0 1.48609945362e-16
6421.0 1.3304231359e-16
6423.0 1.26467048283e-16
6425.0 1.57734501907e-16
6427.0 1.46283013507e-16
6429.0 1.31366432434e-16
6431.0 1.31485678791e-16
6433.0 1.29964023806e-16
6435.0 1.22901860138e-16
6437.0 1.26256944408e-16
6439.0 1.34608477509e-16
6441.0 1.31016647531e-16
6443.0 1.27241143753e-16
6445.0 1.32599818284e-16
6447.0 1.37035319547e-16
6449.0 1.31784721126e-16
6451.0 1.46362714014e-16
6453.0 1.58450191808e-16
6455.0 1.4454785328e-16
6457.0 1.48496244424e-16
6459.0 1.5081045755e-16
6461.0 1.41001008692e-16
6463.0 1.35751971988e-16
6465.0 1.35683746131e-16
6467.0 1.39484224147e-16
6469.0 1.24396595358e-16
6471.0 1.29128412569e-16
6473.0 1.29313449563e-16
6475.0 1.23520445653e-16
6477.0 1.24700216965e-16
6479.0 1.40652600218e-16
6481.0 1.22575898038e-16
6483.0 1.37599006739e-16
6485.0 1.28632567422e-16
6487.0 1.3455017782e-16
6489.0 1.29979177755e-16
6491.0 1.29993974362e-16
6493.0 1.47710290493e-16
6495.0 1.52435304971e-16
6497.0 1.22825772757e-16
6499.0 1.50712387017e-16
6501.0 1.34659590654e-16
6503.0 1.35304315075e-16
6505.0 1.31690832818e-16
6507.0 1.19037139968e-16
6509.0 1.29407721683e-16
6511.0 1.33690359969e-16
6513.0 1.32977581744e-16
6515.0 1.26667940675e-16
6517.0 1.2898593898e-16
6519.0 1.25191575483e-16
6521.0 1.22530806768e-16
6523.0 1.23642815444e-16
6525.0 1.2856259456e-16
6527.0 1.37632041024e-16
6529.0 1.20721570862e-16
6531.0 1.26547145836e-16
6533.0 1.35453313465e-16
6535.0 1.31258568082e-16
6537.0 1.31491210975e-16
6539.0 1.34487775314e-16
6541.0 1.17485746185e-16
6543.0 1.09710817527e-16
6545.0 1.11335585539e-16
6547.0 1.36060728732e-16
6549.0 1.25930770548e-16
6551.0 1.21461255618e-16
6553.0 1.27334833538e-16
6555.0 1.36965942255e-16
6557.0 1.32025357892e-16
6559.0 1.46149764637e-16
6561.0 1.35502970771e-16
6563.0 1.27856155847e-16
6565.0 1.2538235642e-16
6567.0 1.21283802216e-16
6569.0 1.1548555729e-16
6571.0 1.20546751203e-16
6573.0 1.28363647696e-16
6575.0 1.23245226119e-16
6577.0 1.27820964275e-16
6579.0 1.30091356681e-16
6581.0 1.31023450265e-16
6583.0 1.33114430504e-16
6585.0 1.28858817863e-16
6587.0 1.159947035e-16
6589.0 1.19549912538e-16
6591.0 1.0264409444e-16
6593.0 1.17950489341e-16
6595.0 1.12776772394e-16
6597.0 1.10996997353e-16
6599.0 1.13719189192e-16
6601.0 1.16642855758e-16
6603.0 1.14880378719e-16
6605.0 1.25311814457e-16
6607.0 1.14346152392e-16
6609.0 1.2444128958e-16
6611.0 1.26396996011e-16
6613.0 1.26406022206e-16
6615.0 1.2834644234e-16
6617.0 1.29854399214e-16
6619.0 1.27262915146e-16
6621.0 1.33353320265e-16
6623.0 1.24125637459e-16
6625.0 1.16907778548e-16
6627.0 1.20506120091e-16
6629.0 1.22174616179e-16
6631.0 1.16488510474e-16
6633.0 1.15011867349e-16
6635.0 1.20249932329e-16
6637.0 1.28672722078e-16
6639.0 1.09726666308e-16
6641.0 1.20792231939e-16
6643.0 1.20903603537e-16
6645.0 1.19770114635e-16
6647.0 1.17062203242e-16
6649.0 1.07766797504e-16
6651.0 1.14569874969e-16
6653.0 1.12375000844e-16
6655.0 1.05722284963e-16
6657.0 1.03913154936e-16
6659.0 1.08937033078e-16
6661.0 1.215061616e-16
6663.0 1.32591943525e-16
6665.0 1.19217332992e-16
6667.0 1.17338322748e-16
6669.0 1.16851993487e-16
6671.0 1.15291864677e-16
6673.0 1.07741240932e-16
6675.0 1.0470863137e-16
6677.0 1.11836407004e-16
6679.0 1.14833037518e-16
6681.0 1.18542856538e-16
6683.0 1.27095268797e-16
6685.0 1.24319912406e-16
6687.0 1.35156507826e-16
6689.0 1.28886028797e-16
6691.0 1.27425611647e-16
6693.0 1.39994640907e-16
6695.0 1.41575005863e-16
6697.0 1.406031282e-16
6699.0 1.29749525947e-16
6701.0 1.24375604822e-16
6703.0 1.32314857872e-16
6705.0 1.34813737415e-16
6707.0 1.41158649465e-16
6709.0 1.40433933369e-16
6711.0 1.24801278583e-16
6713.0 1.56678476815e-16
6715.0 1.29827677971e-16
6717.0 1.39668506752e-16
6719.0 1.4010291554e-16
6721.0 1.33520953379e-16
6723.0 1.25777510525e-16
6725.0 1.27471205842e-16
6727.0 1.27550310779e-16
6729.0 1.26189684698e-16
6731.0 1.17036156979e-16
6733.0 1.24967455859e-16
6735.0 1.28308259683e-16
6737.0 1.2795847478e-16
6739.0 1.25206147097e-16
6741.0 1.27626583448e-16
6743.0 1.34235280087e-16
6745.0 1.13608982265e-16
6747.0 1.18282380672e-16
6749.0 1.18613014689e-16
6751.0 1.17526271418e-16
6753.0 1.1675675522e-16
6755.0 1.10715253019e-16
6757.0 1.04036497492e-16
6759.0 1.19651066801e-16
6761.0 1.17858956843e-16
6763.0 1.24467335844e-16
6765.0 1.20587951415e-16
6767.0 1.11693523134e-16
6769.0 1.0373822278e-16
6771.0 1.06097910988e-16
6773.0 1.06217157345e-16
6775.0 1.07383402599e-16
6777.0 1.09352979194e-16
6779.0 1.05545989613e-16
6781.0 1.12703874621e-16
6783.0 1.13374949708e-16
6785.0 1.06760436336e-16
6787.0 1.14124070941e-16
6789.0 1.02008105046e-16
6791.0 1.16859391791e-16
6793.0 1.16075886314e-16
6795.0 1.09542396937e-16
6797.0 1.18217953229e-16
6799.0 1.21451752968e-16
6801.0 1.09855918242e-16
6803.0 1.06660718059e-16
6805.0 1.07697406977e-16
6807.0 1.1992795393e-16
6809.0 1.16429628449e-16
6811.0 1.17094284615e-16
6813.0 1.21712400887e-16
6815.0 1.25582070907e-16
6817.0 1.2587840009e-16
6819.0 1.34413514348e-16
6821.0 1.27286433546e-16
6823.0 1.19463210775e-16
6825.0 1.05066760871e-16
6827.0 1.10317855601e-16
6829.0 1.17040550962e-16
6831.0 1.22514474914e-16
6833.0 1.31478386367e-16
6835.0 1.27266991493e-16
6837.0 1.2268067866e-16
6839.0 1.27897448703e-16
6841.0 1.18433417235e-16
6843.0 1.21193315274e-16
6845.0 1.24939000846e-16
6847.0 1.03483153367e-16
6849.0 1.01543083958e-16
6851.0 1.1490668968e-16
6853.0 1.13234633407e-16
6855.0 1.14256565423e-16
6857.0 1.2073563955e-16
6859.0 1.22177541089e-16
6861.0 1.11665054886e-16
6863.0 1.08605413062e-16
6865.0 1.2531867013e-16
6867.0 1.26315667614e-16
6869.0 1.1681080651e-16
6871.0 1.08747430047e-16
6873.0 1.01714905915e-16
6875.0 9.68727891322e-17
6877.0 1.11240109044e-16
6879.0 1.2777106874e-16
6881.0 1.27688337444e-16
6883.0 1.13996632187e-16
6885.0 1.26247799099e-16
6887.0 1.2539616041e-16
6889.0 1.18787516711e-16
6891.0 1.06197357949e-16
6893.0 1.08892682962e-16
6895.0 1.21839746997e-16
6897.0 1.246616902e-16
6899.0 1.25246487041e-16
6901.0 1.08469530448e-16
6903.0 1.13091524543e-16
6905.0 1.1319701985e-16
6907.0 1.05210511626e-16
6909.0 1.1342156299e-16
6911.0 1.13064657717e-16
6913.0 1.08045669867e-16
6915.0 1.08825912943e-16
6917.0 1.23129579652e-16
6919.0 1.27517845594e-16
6921.0 1.15343864559e-16
6923.0 1.10388675496e-16
6925.0 1.2526402327e-16
6927.0 1.24553534681e-16
6929.0 1.19299865765e-16
6931.0 1.14376552934e-16
6933.0 1.03441483316e-16
6935.0 1.01729563555e-16
6937.0 1.19196038055e-16
6939.0 1.26116191355e-16
6941.0 1.12780597277e-16
6943.0 1.03215656391e-16
6945.0 1.08815007394e-16
6947.0 1.06813243546e-16
6949.0 1.19943504926e-16
6951.0 1.25356270452e-16
6953.0 1.14850361989e-16
6955.0 1.14899688423e-16
6957.0 9.98276900385e-17
6959.0 1.07670526916e-16
6961.0 1.16975660297e-16
6963.0 1.2060352888e-16
6965.0 1.22144453865e-16
6967.0 1.15406968514e-16
6969.0 1.07900158871e-16
6971.0 1.20213629027e-16
6973.0 1.15105107147e-16
6975.0 1.13250793207e-16
6977.0 1.20227803594e-16
6979.0 1.20713378466e-16
6981.0 1.21301086982e-16
6983.0 1.23128587036e-16
6985.0 1.2010220449e-16
6987.0 1.12969247396e-16
6989.0 1.11856497567e-16
6991.0 1.1433077345e-16
6993.0 1.03251165601e-16
6995.0 9.91779165063e-17
6997.0 1.08836884667e-16
6999.0 1.06693825136e-16
7001.0 1.05743930625e-16
7003.0 1.02454392147e-16
7005.0 1.05139830697e-16
7007.0 1.07245011974e-16
7009.0 1.13113242997e-16
7011.0 1.16998093436e-16
7013.0 1.20080565445e-16
7015.0 1.28377504626e-16
7017.0 1.23554115212e-16
7019.0 1.04086571697e-16
7021.0 9.9965981402e-17
7023.0 1.08432155119e-16
7025.0 1.10885440467e-16
7027.0 1.06029188822e-16
7029.0 1.15827321849e-16
7031.0 1.16252929435e-16
7033.0 1.09871522177e-16
7035.0 1.097326948e-16
7037.0 1.16023780553e-16
7039.0 1.12001803422e-16
7041.0 1.10476356641e-16
7043.0 1.12362189471e-16
7045.0 1.01224976764e-16
7047.0 9.15710841839e-17
7049.0 9.84939374014e-17
7051.0 1.19577996974e-16
7053.0 1.17552238272e-16
7055.0 1.11822880947e-16
7057.0 1.07886242385e-16
7059.0 1.02460023593e-16
7061.0 1.03738513948e-16
7063.0 1.1546563878e-16
7065.0 1.1573115714e-16
7067.0 1.19698778579e-16
7069.0 1.12306880867e-16
7071.0 1.0817956063e-16
7073.0 1.09928630726e-16
7075.0 1.03861260933e-16
7077.0 1.08526215481e-16
7079.0 1.0804952122e-16
7081.0 1.16376278608e-16
7083.0 1.05470286043e-16
7085.0 1.06121528648e-16
7087.0 1.27798412023e-16
7089.0 1.21550286722e-16
7091.0 1.03584380421e-16
7093.0 8.92525895711e-17
7095.0 8.81178830592e-17
7097.0 9.15261186458e-17
7099.0 9.42595866108e-17
7101.0 9.45681911537e-17
7103.0 9.3692756133e-17
7105.0 1.01960194745e-16
7107.0 1.14788819751e-16
7109.0 1.01587480396e-16
7111.0 1.05583312002e-16
7113.0 1.1042028703e-16
7115.0 1.17696657389e-16
7117.0 1.21373984755e-16
7119.0 1.15338795597e-16
7121.0 1.28647721371e-16
7123.0 1.32729559909e-16
7125.0 1.30223612934e-16
7127.0 1.00973070489e-16
7129.0 1.00106066093e-16
7131.0 1.14185983755e-16
7133.0 1.29682769163e-16
7135.0 1.18015710878e-16
7137.0 1.13350743095e-16
7139.0 1.18969205278e-16
7141.0 1.05213224779e-16
7143.0 1.06170027902e-16
7145.0 1.04951504833e-16
7147.0 9.77117818839e-17
7149.0 1.0992279414e-16
7151.0 1.19981700818e-16
7153.0 1.02293747055e-16
7155.0 9.99505693728e-17
7157.0 9.41972502798e-17
7159.0 1.024657543e-16
7161.0 1.10590553887e-16
7163.0 1.10201229752e-16
7165.0 1.05727042906e-16
7167.0 9.944228343e-17
7169.0 1.04458571362e-16
7171.0 1.03328867639e-16
7173.0 1.01055973839e-16
7175.0 1.02822626486e-16
7177.0 1.05940084927e-16
7179.0 1.00868594269e-16
7181.0 1.06649938241e-16
7183.0 1.10926157606e-16
7185.0 9.79454173936e-17
7187.0 9.13883699127e-17
7189.0 9.6111981492e-17
7191.0 9.39405066526e-17
7193.0 8.75197719193e-17
7195.0 1.05304287438e-16
7197.0 1.13791994321e-16
7199.0 9.87615865778e-17
7201.0 1.02322797638e-16
7203.0 9.95318902514e-17
7205.0 9.04719199685e-17
7207.0 9.03384924269e-17
7209.0 1.08040389146e-16
7211.0 9.85395249793e-17
7213.0 1.0583492711e-16
7215.0 1.07421009538e-16
7217.0 1.06845669026e-16
7219.0 1.02961711943e-16
7221.0 1.03241120319e-16
7223.0 1.1109651049e-16
7225.0 1.04858496645e-16
7227.0 7.9551130797e-17
7229.0 9.12078592507e-17
7231.0 1.08543222314e-16
7233.0 1.01087843453e-16
7235.0 9.57999491126e-17
7237.0 1.00524751832e-16
7239.0 1.02174394819e-16
7241.0 1.14435951119e-16
7243.0 1.12987564484e-16
7245.0 1.17637166559e-16
7247.0 1.06212207496e-16
7249.0 1.00387333971e-16
7251.0 9.80554390325e-17
7253.0 9.58920110061e-17
7255.0 9.00553451946e-17
7257.0 8.95564560235e-17
7259.0 9.51820915171e-17
7261.0 9.28128675718e-17
7263.0 9.63871083812e-17
7265.0 9.71966865903e-17
7267.0 9.67318838779e-17
7269.0 1.05059091252e-16
7271.0 9.82171561509e-17
7273.0 9.89270954922e-17
7275.0 8.35540827742e-17
7277.0 1.18994589797e-16
7279.0 1.03725292293e-16
7281.0 9.30117945829e-17
7283.0 9.55334050495e-17
7285.0 7.04505955768e-17
7287.0 8.62790473226e-17
7289.0 1.03162584483e-16
7291.0 8.64687231457e-17
7293.0 8.77128557266e-17
7295.0 9.12398413619e-17
7297.0 9.35975377183e-17
7299.0 1.02130567481e-16
7301.0 1.02389766181e-16
7303.0 1.04523495114e-16
7305.0 9.5457377225e-17
7307.0 9.87104734334e-17
7309.0 8.99503131091e-17
7311.0 8.82074567933e-17
7313.0 9.22601322516e-17
7315.0 7.94507507753e-17
7317.0 9.64713484548e-17
7319.0 8.96445871547e-17
7321.0 1.01629560728e-16
7323.0 9.98970210087e-17
7325.0 9.11963118094e-17
7327.0 8.73468448491e-17
7329.0 9.99876932387e-17
7331.0 9.93398520004e-17
7333.0 1.10796402746e-16
7335.0 1.03822674612e-16
7337.0 9.01999959226e-17
7339.0 8.73160604955e-17
7341.0 1.07518689643e-16
7343.0 1.28861729539e-16
7345.0 9.82564108341e-17
7347.0 1.10100154898e-16
7349.0 8.8155973072e-17
7351.0 8.54615612668e-17
7353.0 9.26788973998e-17
7355.0 9.13552826882e-17
7357.0 8.85789667675e-17
7359.0 1.08695807359e-16
7361.0 9.93010671559e-17
7363.0 8.54127377583e-17
7365.0 1.02492879207e-16
7367.0 8.41401038423e-17
7369.0 7.91230681387e-17
7371.0 1.07913354056e-16
7373.0 1.1162793102e-16
7375.0 1.11027133197e-16
7377.0 9.22986391635e-17
7379.0 8.90761684901e-17
7381.0 1.09519566752e-16
7383.0 9.72716225363e-17
7385.0 8.75373147657e-17
7387.0 9.8474402704e-17
7389.0 1.02438450723e-16
7391.0 9.41192570742e-17
7393.0 9.12711881984e-17
7395.0 1.11133435832e-16
7397.0 1.03368525986e-16
7399.0 8.90670695033e-17
7401.0 8.77761118824e-17
7403.0 1.07341322267e-16
7405.0 1.16412131925e-16
7407.0 1.02318324245e-16
7409.0 1.05299622139e-16
7411.0 9.12046034679e-17
7413.0 1.01727340094e-16
7415.0 1.10041941235e-16
7417.0 9.99757421332e-17
7419.0 9.17106924189e-17
7421.0 9.23521213531e-17
7423.0 8.05972032519e-17
7425.0 8.5901760319e-17
7427.0 8.69146595227e-17
7429.0 8.66911354688e-17
7431.0 8.91148276032e-17
7433.0 9.48151343451e-17
7435.0 1.00646334147e-16
7437.0 9.25707948199e-17
7439.0 1.05857565389e-16
7441.0 9.7431691911e-17
7443.0 8.85923472411e-17
7445.0 8.80398700012e-17
7447.0 8.57435107417e-17
7449.0 8.9700577356e-17
7451.0 9.25189868438e-17
7453.0 9.55221818629e-17
7455.0 9.35830786012e-17
7457.0 1.02031722707e-16
7459.0 1.07842798859e-16
7461.0 1.01678251887e-16
7463.0 9.5524636935e-17
7465.0 9.61790360612e-17
7467.0 1.15268637446e-16
7469.0 9.68011420563e-17
7471.0 8.85162267724e-17
7473.0 8.69511414964e-17
7475.0 9.55323793455e-17
7477.0 1.0310320615e-16
7479.0 8.96784684726e-17
7481.0 1.08737603141e-16
7483.0 1.15471845944e-16
7485.0 9.47179571667e-17
7487.0 9.36143592632e-17
7489.0 9.79823493535e-17
7491.0 9.83910162808e-17
7493.0 9.07481188837e-17
7495.0 8.61220352074e-17
7497.0 8.63243371155e-17
7499.0 9.57418214766e-17
7501.0 8.92208192182e-17
7503.0 8.70317022706e-17
7505.0 9.29008531192e-17
7507.0 8.84109366066e-17
7509.0 9.87061919465e-17
7511.0 1.02740411351e-16
7513.0 8.82449446187e-17
7515.0 9.217624952e-17
7517.0 9.76609466722e-17
7519.0 9.89832775994e-17
7521.0 8.7417836798e-17
7523.0 7.4931552069e-17
7525.0 1.00193634741e-16
7527.0 9.57836503458e-17
7529.0 1.0120320537e-16
7531.0 9.13501806382e-17
7533.0 8.35948991744e-17
7535.0 9.37828724976e-17
7537.0 9.81662216775e-17
7539.0 6.69498944326e-17
7541.0 7.67548037228e-17
7543.0 9.5402968593e-17
7545.0 9.93941746056e-17
7547.0 9.6966909051e-17
7549.0 9.30439156605e-17
7551.0 9.71494380337e-17
7553.0 9.49530088096e-17
7555.0 9.72957298881e-17
7557.0 1.07346953712e-16
7559.0 8.45904077329e-17
7561.0 8.06922231433e-17
7563.0 8.56896645925e-17
7565.0 8.99477323056e-17
7567.0 8.33055844833e-17
7569.0 8.74327789886e-17
7571.0 8.79341761713e-17
7573.0 1.01035797249e-16
7575.0 9.73761847832e-17
7577.0 9.56582894696e-17
7579.0 9.63021867108e-17
7581.0 8.15593003311e-17
7583.0 8.02717705466e-17
7585.0 9.22616674988e-17
7587.0 9.28458687695e-17
7589.0 1.01065099295e-16
7591.0 1.02609994747e-16
7593.0 8.96347205443e-17
7595.0 8.5036688217e-17
7597.0 8.6813564817e-17
7599.0 8.68511386691e-17
7601.0 8.41291784408e-17
7603.0 8.50721113995e-17
7605.0 9.10459502264e-17
7607.0 7.47909048951e-17
7609.0 5.49744400539e-17
7611.0 1.00073720022e-16
7613.0 8.79817225129e-17
7615.0 8.77698650144e-17
7617.0 8.44544986495e-17
7619.0 9.90510799399e-17
7621.0 1.04031316032e-16
7623.0 1.00795385476e-16
7625.0 9.93458010834e-17
7627.0 9.55883960166e-17
7629.0 9.84896294447e-17
7631.0 9.0980424287e-17
7633.0 8.80281968284e-17
7635.0 9.35981399058e-17
7637.0 9.89269896131e-17
7639.0 9.05716779504e-17
7641.0 7.85523598382e-17
7643.0 8.46591960726e-17
7645.0 9.14005327765e-17
7647.0 9.01625742717e-17
7649.0 9.5980049493e-17
7651.0 1.04120373606e-16
7653.0 1.00610864642e-16
7655.0 8.82824192092e-17
7657.0 7.92356639637e-17
7659.0 9.05594290598e-17
7661.0 9.20131361207e-17
7663.0 8.56079920875e-17
7665.0 8.32986427836e-17
7667.0 9.1898521975e-17
7669.0 9.4985500464e-17
7671.0 8.49726379678e-17
7673.0 1.03568551493e-16
7675.0 8.81410573512e-17
7677.0 8.57452775995e-17
7679.0 7.85681490617e-17
7681.0 7.76920522964e-17
7683.0 9.03605682231e-17
7685.0 9.72495732099e-17
7687.0 9.6948479467e-17
7689.0 9.52398882809e-17
7691.0 8.10149228438e-17
7693.0 8.19553411735e-17
7695.0 8.4619339202e-17
7697.0 8.33637981461e-17
7699.0 8.24904740903e-17
7701.0 8.51312184174e-17
7703.0 8.49990415729e-17
7705.0 9.23334866283e-17
7707.0 8.48559062397e-17
7709.0 7.8721773045e-17
7711.0 7.37576901355e-17
7713.0 7.65387772341e-17
7715.0 1.03682603156e-16
7717.0 9.71899566488e-17
7719.0 1.35884942926e-16
7721.0 9.35574492371e-17
7723.0 6.47164472217e-17
7725.0 5.78131551713e-17
7727.0 8.00422974098e-17
7729.0 9.35348043406e-17
7731.0 9.55951524278e-17
7733.0 7.55943487328e-17
7735.0 9.92109838784e-17
7737.0 9.07154551757e-17
7739.0 8.16670389515e-17
7741.0 9.01875021867e-17
7743.0 9.30797358897e-17
7745.0 8.24410417769e-17
7747.0 8.04522150342e-17
7749.0 6.80737483349e-17
7751.0 1.10329714062e-16
7753.0 1.04024824319e-16
7755.0 9.32385678022e-17
7757.0 9.23968420458e-17
7759.0 7.98327163124e-17
7761.0 7.28223209163e-17
7763.0 9.15553214301e-17
7765.0 1.00711535832e-16
7767.0 9.49737147947e-17
7769.0 9.06886148192e-17
7771.0 9.59900219825e-17
7773.0 9.9297381239e-17
7775.0 9.20731828157e-17
7777.0 1.10704850396e-16
7779.0 8.33815395159e-17
7781.0 8.97923679342e-17
7783.0 9.61461208902e-17
7785.0 9.13520732275e-17
7787.0 9.43698597126e-17
7789.0 8.52093704416e-17
7791.0 8.96605153446e-17
7793.0 5.33234040948e-17
7795.0 1.11371637379e-16
7797.0 1.09536970633e-16
7799.0 1.00194706768e-16
7801.0 9.01111170202e-17
7803.0 6.02095040233e-17
7805.0 7.64914889728e-17
7807.0 7.7337628565e-17
7809.0 9.48790125407e-17
7811.0 8.93089702017e-17
7813.0 8.80634810446e-17
7815.0 9.25902898126e-17
7817.0 7.47810581371e-17
7819.0 7.44117517721e-17
7821.0 6.77277750806e-17
7823.0 9.77843818719e-17
7825.0 9.08195012619e-17
7827.0 8.56933769791e-17
7829.0 8.43328567773e-17
7831.0 6.18247032095e-17
7833.0 6.33723184309e-17
7835.0 6.54456300927e-17
7837.0 8.75368118399e-17
7839.0 8.36021452766e-17
7841.0 9.16281265589e-17
7843.0 9.32099010309e-17
7845.0 8.75531966335e-17
7847.0 9.46768760688e-17
7849.0 6.88446806658e-17
7851.0 5.85983083913e-17
7853.0 6.68205101499e-17
7855.0 8.20008096374e-17
7857.0 8.82818633438e-17
7859.0 7.25882817425e-17
7861.0 6.22057952439e-17
7863.0 7.12700536311e-17
7865.0 8.32693870597e-17
7867.0 9.17788719538e-17
7869.0 8.01540528193e-17
7871.0 9.0624624127e-17
7873.0 8.56608588549e-17
7875.0 5.62588298608e-17
7877.0 6.52475567319e-17
7879.0 7.40137852532e-17
7881.0 7.64492829092e-17
7883.0 7.55165937552e-17
7885.0 7.88424421528e-17
7887.0 7.72071325516e-17
7889.0 7.03159901301e-17
7891.0 7.82024492042e-17
7893.0 8.68196594837e-17
7895.0 9.21777715324e-17
7897.0 6.19851961007e-17
7899.0 6.6559935022e-17
7901.0 8.00073970054e-17
7903.0 7.89266491392e-17
7905.0 6.22373472212e-17
7907.0 7.1840900898e-17
7909.0 7.34969760414e-17
7911.0 6.47619487728e-17
7913.0 7.82871061768e-17
7915.0 8.16700763588e-17
7917.0 8.36842876201e-17
7919.0 8.12956679437e-17
7921.0 6.71488148263e-17
7923.0 6.35270012055e-17
7925.0 7.98266481154e-17
7927.0 7.98816126127e-17
7929.0 6.66908082298e-17
7931.0 7.21685372125e-17
7933.0 1.01527612372e-16
7935.0 9.56108291548e-17
7937.0 9.54877182099e-17
7939.0 5.86388468588e-17
7941.0 9.45483189667e-17
7943.0 8.80854840489e-17
7945.0 7.76919993569e-17
7947.0 8.15552703072e-17
7949.0 8.95967761153e-17
7951.0 1.04800276365e-16
7953.0 8.85376805288e-17
7955.0 9.68053970733e-17
7957.0 6.60224992344e-17
7959.0 6.83722943616e-17
7961.0 7.45892184094e-17
7963.0 7.45950947005e-17
7965.0 7.93379961316e-17
7967.0 7.6228028639e-17
7969.0 5.63994505649e-17
7971.0 8.03205278807e-17
7973.0 7.04492720878e-17
7975.0 5.90411676564e-17
7977.0 7.1140364946e-17
7979.0 8.76623381522e-17
7981.0 8.02243234667e-17
7983.0 7.5327705408e-17
7985.0 7.67002561245e-17
7987.0 6.9345773446e-17
7989.0 6.53532704142e-17
7991.0 6.11828904635e-17
7993.0 7.04225045232e-17
7995.0 9.44532395184e-17
7997.0 8.04324619611e-17
7999.0 8.57707679972e-17
8001.0 5.10222670401e-17
8003.0 5.61677539666e-17
8005.0 6.37632903105e-17
8007.0 5.51622762274e-17
8009.0 5.35697219376e-17
8011.0 6.64242707841e-17
8013.0 6.86686698663e-17
8015.0 8.36071083602e-17
8017.0 8.55928579911e-17
8019.0 8.14084358223e-17
8021.0 7.24660575352e-17
8023.0 6.04713629355e-17
8025.0 5.65499180271e-17
8027.0 9.10835571657e-17
8029.0 9.05383789676e-17
8031.0 7.5832364991e-17
8033.0 7.14449924045e-17
8035.0 7.3860386263e-17
8037.0 7.20913513352e-17
8039.0 5.70200941047e-17
8041.0 7.0321700985e-17
8043.0 7.97455976503e-17
8045.0 7.68597762513e-17
8047.0 7.58719703987e-17
8049.0 7.03041515211e-17
8051.0 6.39753992719e-17
8053.0 7.19646735874e-17
8055.0 6.46691986651e-17
8057.0 6.78954876042e-17
8059.0 7.46377507503e-17
8061.0 7.7551947753e-17
8063.0 7.78007173591e-17
8065.0 8.67668125687e-17
8067.0 9.28488995593e-17
8069.0 6.44686900846e-17
8071.0 5.95445765423e-17
8073.0 6.44111381663e-17
8075.0 7.45122509078e-17
8077.0 7.33367544654e-17
8079.0 6.77349219211e-17
8081.0 6.53082850238e-17
8083.0 7.43397473541e-17
8085.0 7.66657527668e-17
8087.0 6.94045892963e-17
8089.0 7.30997572938e-17
8091.0 7.6948569127e-17
8093.0 7.56604503899e-17
8095.0 7.57493160574e-17
8097.0 8.37490260836e-17
8099.0 7.03336057684e-17
8101.0 7.42599542035e-17
8103.0 7.61054934118e-17
8105.0 7.72335096869e-17
8107.0 8.406021143e-17
8109.0 8.18255333744e-17
8111.0 6.70515582386e-17
8113.0 7.03544110152e-17
8115.0 7.38216014184e-17
8117.0 7.19042298457e-17
8119.0 8.45500876411e-17
8121.0 8.32620549308e-17
8123.0 7.72340126128e-17
8125.0 7.25224447832e-17
8127.0 7.84623559701e-17
8129.0 7.69157995398e-17
8131.0 7.41593425712e-17
8133.0 7.19059569988e-17
8135.0 7.61321683322e-17
8137.0 7.14907255662e-17
8139.0 7.29885842194e-17
8141.0 7.9669186014e-17
8143.0 6.71528779374e-17
8145.0 7.04600519055e-17
8147.0 7.02725532217e-17
8149.0 7.09842792731e-17
8151.0 7.79942048306e-17
8153.0 7.74121211422e-17
8155.0 6.40536108532e-17
8157.0 6.89293574907e-17
8159.0 8.69725423132e-17
8161.0 7.19055202475e-17
8163.0 8.88633580795e-17
8165.0 7.99444783393e-17
8167.0 7.05141561351e-17
8169.0 7.59521473611e-17
8171.0 7.53849727761e-17
8173.0 7.30520984556e-17
8175.0 7.7861386094e-17
8177.0 6.4879024608e-17
8179.0 8.1589700873e-17
8181.0 7.56331997518e-17
8183.0 7.11803276957e-17
8185.0 7.60087662197e-17
8187.0 7.20134970959e-17
8189.0 8.37360426567e-17
8191.0 8.10865831547e-17
8193.0 5.59903535037e-17
8195.0 6.2508377912e-17
8197.0 6.96341815471e-17
8199.0 6.43908954023e-17
8201.0 5.76944845319e-17
8203.0 5.11232492492e-17
8205.0 6.79383289425e-17
8207.0 7.12340282611e-17
8209.0 6.9775973539e-17
8211.0 6.30566596917e-17
8213.0 6.16228248179e-17
8215.0 7.01760047006e-17
8217.0 7.611321597e-17
8219.0 8.84616063822e-17
8221.0 6.57995972204e-17
8223.0 7.9145011586e-17
8225.0 7.27009966815e-17
8227.0 6.45293852892e-17
8229.0 5.86625637813e-17
8231.0 5.31987148893e-17
8233.0 6.88226048696e-17
8235.0 5.93013722073e-17
8237.0 8.34364576911e-17
8239.0 7.67132130816e-17
8241.0 6.85370025651e-17
8243.0 6.85701361118e-17
8245.0 6.85270300757e-17
8247.0 6.195885867e-17
8249.0 7.90392780514e-17
8251.0 8.86795585474e-17
8253.0 7.2433896753e-17
8255.0 6.63024634758e-17
8257.0 6.59134768297e-17
8259.0 6.82661571628e-17
8261.0 7.29566947525e-17
8263.0 7.91828898406e-17
8265.0 7.29047742798e-17
8267.0 7.82163855431e-17
8269.0 6.44608285601e-17
8271.0 5.62468125808e-17
8273.0 6.6843075637e-17
8275.0 7.77520526693e-17
8277.0 8.40158414619e-17
8279.0 7.44631693189e-17
8281.0 7.26744408751e-17
8283.0 8.84204194051e-17
8285.0 8.26313528748e-17
8287.0 7.83027431991e-17
8289.0 7.7199568812e-17
8291.0 6.86037725842e-17
8293.0 8.26532036778e-17
8295.0 6.85017845234e-17
8297.0 5.64361045922e-17
8299.0 6.39933854872e-17
8301.0 7.39183484628e-17
8303.0 8.46467685111e-17
8305.0 8.54360377818e-17
8307.0 5.12163765513e-17
8309.0 6.84269875437e-17
8311.0 7.40573545104e-17
8313.0 6.93684514297e-17
8315.0 7.36322630849e-17
8317.0 7.31621995038e-17
8319.0 6.55951909649e-17
8321.0 7.23899172142e-17
8323.0 6.65275889514e-17
8325.0 7.03939105438e-17
8327.0 7.75937104478e-17
8329.0 7.0976364809e-17
8331.0 6.47280873072e-17
8333.0 6.56538678488e-17
8335.0 6.57297368546e-17
8337.0 6.00113909579e-17
8339.0 6.65021581106e-17
8341.0 6.40563173882e-17
8343.0 3.00540690012e-17
8345.0 7.54707282446e-17
8347.0 1.07684913241e-16
8349.0 9.07128346675e-17
8351.0 7.96035144908e-17
8353.0 2.96520658409e-17
8355.0 6.50124389146e-17
8357.0 8.17110912823e-17
8359.0 8.44993384562e-17
8361.0 7.34279627085e-17
8363.0 6.30104633089e-17
8365.0 8.71157107337e-17
8367.0 7.39427933043e-17
8369.0 7.6046313602e-17
8371.0 7.60900085907e-17
8373.0 7.09228164449e-17
8375.0 6.54274453541e-17
8377.0 6.62452887519e-17
8379.0 6.95636528193e-17
8381.0 6.29590788492e-17
8383.0 7.18087798205e-17
8385.0 7.25667022547e-17
8387.0 5.93174327461e-17
8389.0 5.18578021768e-17
8391.0 5.53922258202e-17
8393.0 6.92560408931e-17
8395.0 6.14022124399e-17
8397.0 4.38595579147e-17
8399.0 6.72061880736e-17
8401.0 8.5698849606e-17
8403.0 6.30686306496e-17
8405.0 7.09596094385e-17
8407.0 5.98003143179e-17
8409.0 3.14822029462e-17
8411.0 6.36262364092e-17
8413.0 6.76410005256e-17
8415.0 6.22372678118e-17
8417.0 8.2208756226e-17
8419.0 9.08824662501e-17
8421.0 7.84974416629e-17
8423.0 4.9432756775e-17
8425.0 6.00528360153e-17
8427.0 7.02520589949e-17
8429.0 5.4205903238e-17
8431.0 8.64687297632e-17
8433.0 9.6292432597e-17
8435.0 1.08260233901e-16
8437.0 9.1003598579e-17
8439.0 4.29602670051e-17
8441.0 6.36443152687e-17
8443.0 6.56912100904e-17
8445.0 6.58621453096e-17
8447.0 5.80014280962e-17
8449.0 5.74409966876e-17
8451.0 5.99062066712e-17
8453.0 7.06749600461e-17
8455.0 8.29888272483e-17
8457.0 7.02722024972e-17
8459.0 8.91578012904e-17
8461.0 3.37258509484e-17
8463.0 3.13556674735e-17
8465.0 8.9412394248e-17
8467.0 1.21897636405e-16
8469.0 8.66784299746e-17
8471.0 5.39051304411e-17
8473.0 3.19731511834e-17
8475.0 5.13557664107e-17
8477.0 6.89482569134e-17
8479.0 7.35687025266e-17
8481.0 6.9829118239e-17
8483.0 6.32308903985e-17
8485.0 6.88591066957e-17
8487.0 6.17232710141e-17
8489.0 6.53764314714e-17
8491.0 7.47555942091e-17
8493.0 7.49471493866e-17
8495.0 7.28013899381e-17
8497.0 7.1552062663e-17
8499.0 6.83621365837e-17
8501.0 5.84737151387e-17
8503.0 5.12953259777e-17
8505.0 9.28387682511e-17
8507.0 8.64822293508e-17
8509.0 7.77734336338e-17
8511.0 6.15625068077e-17
8513.0 4.1492054505e-17
8515.0 5.67192518246e-17
8517.0 7.06369428252e-17
8519.0 6.97340917302e-17
8521.0 6.87828009385e-17
8523.0 6.87411705927e-17
8525.0 5.9999195007e-17
8527.0 6.30847441279e-17
8529.0 8.13887952458e-17
8531.0 7.29035037304e-17
8533.0 7.27422564505e-17
8535.0 8.34110069981e-17
8537.0 7.3611649744e-17
8539.0 6.99690507288e-17
8541.0 6.40012536292e-17
8543.0 5.96677668966e-17
8545.0 7.34759458015e-17
8547.0 7.80568257117e-17
8549.0 5.49784469168e-17
8551.0 9.19424485742e-17
8553.0 9.15217974543e-17
8555.0 9.47163028055e-17
8557.0 8.78742618252e-17
8559.0 6.54035365257e-17
8561.0 6.75550663862e-17
8563.0 6.56170152982e-17
8565.0 6.9240986206e-17
8567.0 6.7482598747e-17
8569.0 7.96632170787e-17
8571.0 8.3868411407e-17
8573.0 6.63601278907e-17
8575.0 6.74563208733e-17
8577.0 7.36338843589e-17
8579.0 6.41187529808e-17
8581.0 6.31118425648e-17
8583.0 6.66793997548e-17
8585.0 6.0502531101e-17
8587.0 6.03817428792e-17
8589.0 6.75874058394e-17
8591.0 6.4480535311e-17
8593.0 7.72411131311e-17
8595.0 5.77838729776e-17
8597.0 4.68397109907e-17
8599.0 6.37833345511e-17
8601.0 7.01259900521e-17
8603.0 6.08059144799e-17
8605.0 6.45306095165e-17
8607.0 6.12869894892e-17
8609.0 6.46186744733e-17
8611.0 6.97112350755e-17
8613.0 5.21418493817e-17
8615.0 4.96335499056e-17
8617.0 5.62988654024e-17
8619.0 6.55757422943e-17
8621.0 6.1762552167e-17
8623.0 6.13870651085e-17
8625.0 4.99856840011e-17
8627.0 7.44914059563e-17
8629.0 6.94008504399e-17
8631.0 7.29800477155e-17
8633.0 7.2087883794e-17
8635.0 4.99519383408e-17
8637.0 4.02521273104e-17
8639.0 7.19982571203e-17
8641.0 5.48718597318e-17
8643.0 7.35067830947e-17
8645.0 7.07005100009e-17
8647.0 5.9176203237e-17
8649.0 4.55827703453e-17
8651.0 5.07160183075e-17
8653.0 7.67403115185e-17
8655.0 6.27494911344e-17
8657.0 7.41864079209e-17
8659.0 4.45652554738e-17
8661.0 4.45307951295e-17
8663.0 5.82357452027e-17
8665.0 7.64193058838e-17
8667.0 8.10697417574e-17
8669.0 6.99182022822e-17
8671.0 1.08836381741e-16
8673.0 7.93389291914e-17
8675.0 8.31584985355e-17
8677.0 8.38846042947e-17
8679.0 6.64321587784e-17
8681.0 6.2786820141e-17
8683.0 5.20743018129e-17
8685.0 5.04002139845e-17
8687.0 5.51678150288e-17
8689.0 6.68080164139e-17
8691.0 6.2151016035e-17
8693.0 6.00510096005e-17
8695.0 5.91879227319e-17
8697.0 4.44389946251e-17
8699.0 5.19073701478e-17
8701.0 6.05789295023e-17
8703.0 6.65171201535e-17
8705.0 7.29856857786e-17
8707.0 5.22901595568e-17
8709.0 4.12877078065e-17
8711.0 5.74321425463e-17
8713.0 6.12342153662e-17
8715.0 5.3893616087e-17
8717.0 6.73950036289e-17
8719.0 6.36649418444e-17
8721.0 5.23826979063e-17
8723.0 4.92802081264e-17
8725.0 6.60401810472e-17
8727.0 7.21335507813e-17
8729.0 5.34398777425e-17
8731.0 6.31875130472e-17
8733.0 6.82302442893e-17
8735.0 6.36013084943e-17
8737.0 6.36815847184e-17
8739.0 6.74726196401e-17
8741.0 7.17139783048e-17
8743.0 6.38473848003e-17
8745.0 4.67718060799e-17
8747.0 6.73086989125e-17
8749.0 6.40670177966e-17
8751.0 6.09211705177e-17
8753.0 6.54470131387e-17
8755.0 6.21520682087e-17
8757.0 4.64868258153e-17
8759.0 4.68519301028e-17
8761.0 4.64816377385e-17
8763.0 7.37871840875e-17
8765.0 6.45983258302e-17
8767.0 9.23085587134e-17
8769.0 9.80672842588e-17
8771.0 7.83962212257e-17
8773.0 9.51929110396e-17
8775.0 5.77825958108e-17
8777.0 6.52354071031e-17
8779.0 7.7032637147e-17
8781.0 7.31852480644e-17
8783.0 7.50640333159e-17
8785.0 6.09363774061e-17
8787.0 3.69911927386e-17
8789.0 5.55175039784e-17
8791.0 6.14357628855e-17
8793.0 6.06491008881e-17
8795.0 8.12903276657e-17
8797.0 8.69166050515e-17
8799.0 7.89244190602e-17
8801.0 5.99226311695e-17
8803.0 6.0433352332e-17
8805.0 6.65652819175e-17
8807.0 6.54316871363e-17
8809.0 5.42613640438e-17
8811.0 6.20788395635e-17
8813.0 6.35512012015e-17
8815.0 5.66015274798e-17
8817.0 4.46958044268e-17
8819.0 4.75262245771e-17
8821.0 4.96633681123e-17
8823.0 3.68279370642e-17
8825.0 4.2275503733e-17
8827.0 7.73003260281e-17
8829.0 6.399545013e-17
8831.0 7.23774036259e-17
8833.0 7.57262476445e-17
8835.0 -9.56425598031e-18
8837.0 3.77084476652e-17
8839.0 8.29113502034e-17
8841.0 5.84514209669e-17
8843.0 5.97311024617e-17
8845.0 6.37428556407e-17
8847.0 5.62122761359e-17
8849.0 5.26857107083e-17
8851.0 7.75241213972e-17
8853.0 6.78961493487e-17
8855.0 6.89901188698e-17
8857.0 6.0024705257e-17
8859.0 5.76797276298e-17
8861.0 6.37761612409e-17
8863.0 7.0976126581e-17
8865.0 4.91863132007e-17
8867.0 4.04686434901e-17
8869.0 5.18590561826e-17
8871.0 7.5100952041e-17
8873.0 7.01305560891e-17
8875.0 6.68645955678e-17
8877.0 5.77691623976e-17
8879.0 4.39979750097e-17
8881.0 4.42446071812e-17
8883.0 3.29884359759e-17
8885.0 4.55931200291e-17
8887.0 1.38529194499e-16
8889.0 4.62511058105e-17
8891.0 5.86479326106e-17
8893.0 6.0367118326e-17
8895.0 1.65769559016e-17
8897.0 5.42197667851e-17
8899.0 6.87394037349e-17
8901.0 4.27930904946e-17
8903.0 9.59868257566e-17
8905.0 8.45165769001e-17
8907.0 6.48043665946e-17
8909.0 6.1063637489e-17
8911.0 5.87194142504e-17
8913.0 6.71512235762e-17
8915.0 6.51490229774e-17
8917.0 3.60877493823e-17
8919.0 2.59509950826e-17
8921.0 5.39868856642e-17
8923.0 9.35140255637e-17
8925.0 1.05021133588e-16
8927.0 4.23980985172e-17
8929.0 -1.03160316354e-17
8931.0 5.35888529709e-17
8933.0 5.7010564984e-17
8935.0 6.01328343067e-17
8937.0 5.68987301652e-17
8939.0 4.96323686917e-17
8941.0 4.20258308456e-17
8943.0 5.77633787508e-17
8945.0 9.65425455444e-17
8947.0 9.04392628779e-17
8949.0 6.61007637553e-17
8951.0 2.68876993713e-17
8953.0 3.83291441445e-17
8955.0 4.8191559031e-17
8957.0 5.56699434391e-17
8959.0 8.16967248094e-17
8961.0 5.10601486034e-17
8963.0 1.17256676713e-16
8965.0 2.47917510849e-17
8967.0 2.91978543491e-17
8969.0 5.59539840265e-17
8971.0 6.63598168708e-17
8973.0 6.70281920406e-17
8975.0 5.93457421754e-17
8977.0 5.27821897462e-17
8979.0 6.55042871243e-17
8981.0 6.2855224669e-17
8983.0 5.76983425023e-17
8985.0 5.98934151502e-17
8987.0 7.00582472686e-17
8989.0 7.27556898636e-17
8991.0 8.97578116369e-17
8993.0 6.14607900621e-17
8995.0 3.52272300823e-17
8997.0 6.44490098035e-17
8999.0 7.21569566839e-17
9001.0 8.47308431486e-17
9003.0 9.79108346265e-17
9005.0 7.37591592083e-17
9007.0 6.44691334534e-17
9009.0 2.62037401187e-17
9011.0 4.12102109093e-17
9013.0 3.8237833331e-17
9015.0 5.09549709341e-17
9017.0 6.47877766602e-17
9019.0 7.06033526749e-17
9021.0 8.34038403052e-17
9023.0 8.55637213812e-17
9025.0 4.5987367544e-17
9027.0 5.28872648451e-17
9029.0 5.60229378024e-17
9031.0 5.36788138256e-17
9033.0 5.35732655794e-17
9035.0 6.69871638822e-17
9037.0 8.49150264925e-17
9039.0 8.69883910938e-17
9041.0 7.19034820744e-17
9043.0 6.66483374685e-17
9045.0 6.17087060179e-17
9047.0 4.93073793552e-17
9049.0 4.63656306206e-17
9051.0 6.71954281081e-17
9053.0 5.31050251044e-17
9055.0 6.911049681e-17
9057.0 3.34638894659e-17
9059.0 6.86534497431e-17
9061.0 7.44058622461e-17
9063.0 6.56837059079e-17
9065.0 5.69206206729e-17
9067.0 5.45435682903e-17
9069.0 3.44601325607e-17
9071.0 3.92590208844e-17
9073.0 4.65361423234e-17
9075.0 3.90104597278e-17
9077.0 4.63720462335e-17
9079.0 6.3486045839e-17
9081.0 7.78277430041e-17
9083.0 5.68850386717e-17
9085.0 3.43479999569e-17
9087.0 5.41459425698e-17
9089.0 4.8772716277e-17
9091.0 4.29572858462e-17
9093.0 4.86515045388e-17
9095.0 5.62523050601e-17
9097.0 6.27467845994e-17
9099.0 6.29842251399e-17
9101.0 4.84925700559e-17
9103.0 5.82477558652e-17
9105.0 4.87796248895e-17
9107.0 4.51549194453e-17
9109.0 4.56051439265e-17
9111.0 4.05903680804e-17
9113.0 4.60337293629e-17
9115.0 7.29917539755e-17
9117.0 6.14730720398e-17
9119.0 3.61337141545e-17
9121.0 6.90994059723e-17
9123.0 6.86482153441e-17
9125.0 6.35475219021e-17
9127.0 6.62277062008e-17
9129.0 5.99530515637e-17
9131.0 6.2418599037e-17
9133.0 7.82415384512e-17
9135.0 5.63004006496e-17
9137.0 5.39002930889e-17
9139.0 4.96062231669e-17
9141.0 4.78263620992e-17
9143.0 5.14728852593e-17
9145.0 5.00826957433e-17
9147.0 6.09517497306e-17
9149.0 9.18238573442e-17
9151.0 6.55448983836e-17
9153.0 5.95107547814e-17
9155.0 7.32039489637e-17
9157.0 7.06366781274e-17
9159.0 4.80926977129e-17
9161.0 6.4171394755e-17
9163.0 6.51582344607e-17
9165.0 4.57912595643e-17
9167.0 5.51761232308e-17
9169.0 8.38340734854e-17
9171.0 7.98554340007e-17
9173.0 6.68004791442e-17
9175.0 5.49067237402e-17
9177.0 4.85655306946e-17
9179.0 3.86887460265e-17
9181.0 5.6303901278e-17
9183.0 4.50910412496e-17
9185.0 4.1636599354e-17
9187.0 3.91938688307e-17
9189.0 4.39026705683e-17
9191.0 5.61176003517e-17
9193.0 5.53339526004e-17
9195.0 6.61552716489e-17
9197.0 6.41911544455e-17
9199.0 5.6759982198e-17
9201.0 5.13096461285e-17
9203.0 5.69903486898e-17
9205.0 6.17515076515e-17
9207.0 5.66836168838e-17
9209.0 4.73987924406e-17
9211.0 4.20268069187e-17
9213.0 4.05825032471e-17
9215.0 4.64211013525e-17
9217.0 9.61975913767e-17
9219.0 8.60232963121e-17
9221.0 7.03989464193e-17
9223.0 7.13253953228e-17
9225.0 6.48513901581e-17
9227.0 8.39293911618e-17
9229.0 8.7746968655e-17
9231.0 7.74527919586e-17
9233.0 3.58270022009e-17
9235.0 4.19881444969e-17
9237.0 5.92363558112e-17
9239.0 6.67194816186e-17
9241.0 5.94390680008e-17
9243.0 6.34619848093e-17
9245.0 6.2954658396e-17
9247.0 6.91226795261e-17
9249.0 7.52950218476e-17
9251.0 5.96390140985e-17
9253.0 3.62197872604e-17
9255.0 4.45186157221e-17
9257.0 7.92799082003e-17
9259.0 6.11762664012e-17
9261.0 6.17471070506e-17
9263.0 2.96460373486e-17
9265.0 4.94838302147e-17
9267.0 5.35706549974e-17
9269.0 4.77648000093e-17
9271.0 5.62303285256e-17
9273.0 6.04006158321e-17
9275.0 5.99444422678e-17
9277.0 5.69478514587e-17
9279.0 4.01641450718e-17
9281.0 4.35975997409e-17
9283.0 4.55522539981e-17
9285.0 4.18320852938e-17
9287.0 5.22895805304e-17
9289.0 5.89927081074e-17
9291.0 7.24496131846e-17
9293.0 4.71179778575e-17
9295.0 6.76041876796e-17
9297.0 6.22905117735e-17
9299.0 5.61943759474e-17
9301.0 6.49372382708e-17
9303.0 5.37540442479e-17
9305.0 3.98077890464e-17
9307.0 8.82184351344e-17
9309.0 5.83287666256e-17
9311.0 2.27517235166e-17
9313.0 8.31851403687e-17
9315.0 1.28918136639e-16
9317.0 1.42317297892e-16
9319.0 1.34878098684e-16
9321.0 -3.49396723229e-17
9323.0 -6.21081697336e-18
9325.0 6.40283785358e-17
9327.0 1.76444936934e-17
9329.0 5.7136369229e-17
9331.0 6.55226505339e-17
9333.0 2.56279363856e-17
9335.0 4.89274751522e-17
9337.0 5.89812136056e-17
9339.0 5.86807882246e-17
9341.0 4.02387137496e-17
9343.0 6.4726016047e-17
9345.0 3.16906656954e-17
9347.0 1.10772975337e-17
9349.0 4.50802316534e-17
9351.0 4.12143137251e-17
9353.0 5.78036657553e-17
9355.0 5.30914626511e-17
9357.0 9.18101923205e-17
9359.0 3.13242048318e-17
9361.0 4.22817373661e-17
9363.0 5.58118942496e-17
9365.0 4.73388681683e-17
9367.0 3.81281524905e-17
9369.0 3.68713011806e-17
9371.0 3.1375562408e-18
9373.0 -9.04650775304e-17
9375.0 -5.17877068917e-17
9377.0 -6.25841145688e-17
9379.0 -3.5627023016e-17
9381.0 1.95547316605e-17
9383.0 -5.78823405578e-17
9385.0 -3.78203387323e-17
9387.0 2.4385758019e-18
9389.0 2.87929229695e-17
9391.0 2.42995571137e-17
9393.0 5.09403232199e-17
9395.0 5.08277406298e-17
9397.0 -2.54655280543e-19
9399.0 -8.46423232425e-18
9401.0 2.50956225004e-17
9403.0 6.72509617058e-17
9405.0 5.61402518656e-17
9407.0 8.15709470341e-17
9409.0 4.1308790986e-17
9411.0 1.815652511e-17
9413.0 5.02426426953e-17
9415.0 4.98786997694e-17
9417.0 2.35866763182e-17
9419.0 3.74003096521e-17
9421.0 5.06522261387e-17
9423.0 7.28518479555e-17
9425.0 9.36944899035e-17
9427.0 9.33158397063e-17
9429.0 6.60123216042e-17
9431.0 8.94153787157e-17
9433.0 5.86969149378e-17
9435.0 5.01191413211e-17
9437.0 9.36666734739e-18
9439.0 1.04520530499e-16
9441.0 1.58915543769e-16
9443.0 2.23419736445e-16
9445.0 2.24305679968e-16
9447.0 8.83178820964e-17
9449.0 4.38846975879e-17
9451.0 4.38651529644e-17
9453.0 9.41796743462e-17
9455.0 4.29334431922e-17
9457.0 9.31928809626e-17
9459.0 1.32783597964e-16
9461.0 1.12791582236e-16
9463.0 1.06480849289e-16
9465.0 4.76457521756e-17
9467.0 2.56380908548e-17
9469.0 5.81201582926e-17
9471.0 2.32389345518e-17
9473.0 7.67594408974e-18
9475.0 -3.02095479371e-18
9477.0 5.19782760699e-18
9479.0 8.79575390605e-18
9481.0 -2.72346404269e-17
9483.0 9.4356002783e-17
9485.0 -1.42559800778e-16
9487.0 -1.69117787612e-17
9489.0 3.85834128473e-17
9491.0 5.06950840206e-17
9493.0 4.09042401094e-17
9495.0 3.52566677859e-17
9497.0 3.83874471428e-17
9499.0 4.56397167674e-17
9501.0 -5.10239346362e-17
9503.0 7.15451341982e-17
9505.0 1.01510883471e-16
9507.0 7.9293990123e-17
9509.0 4.22204068867e-17
9511.0 3.03766131918e-17
9513.0 4.36353654989e-17
9515.0 4.5197314106e-17
9517.0 1.79705629142e-18
9519.0 6.62051738009e-17
9521.0 2.97428704198e-17
9523.0 -1.25827871348e-18
9525.0 4.85255017704e-17
9527.0 5.41555643347e-17
9529.0 4.58010169868e-17
9531.0 7.51558569813e-17
9533.0 6.17897035434e-17
9535.0 4.98713213183e-17
9537.0 6.20954294978e-17
9539.0 6.12702738234e-17
9541.0 4.60261490798e-17
9543.0 4.32766305022e-17
9545.0 8.9457015679e-17
9547.0 1.06695783899e-16
9549.0 8.17656322631e-17
9551.0 1.06266410987e-16
9553.0 1.57860828931e-16
9555.0 1.34289516665e-16
9557.0 9.3071841278e-17
9559.0 3.03706773437e-17
9561.0 -4.11989008688e-18
9563.0 2.91866675585e-17
9565.0 1.23527463453e-17
9567.0 8.53807887343e-17
9569.0 -1.8198142221e-17
9571.0 1.59346385754e-17
9573.0 2.66873347202e-17
9575.0 -3.33879939903e-17
9577.0 -8.29295796097e-18
9579.0 1.29336653633e-17
9581.0 2.2466963282e-17
9583.0 4.31794764849e-17
9585.0 5.56960889639e-17
9587.0 3.99335833653e-17
9589.0 3.8973990989e-17
9591.0 6.33228133256e-17
9593.0 7.19327841205e-17
9595.0 1.07287575379e-16
9597.0 6.57442819985e-17
9599.0 4.11328198912e-17
9601.0 5.04592457289e-18
9603.0 2.82794522586e-17
9605.0 4.23805755231e-17
9607.0 3.85879921192e-17
9609.0 6.57376314664e-17
9611.0 4.9856160752e-17
9613.0 5.90809252653e-17
9615.0 5.64913404048e-17
9617.0 3.10848518497e-18
9619.0 2.69213722397e-17
9621.0 5.87507015299e-17
9623.0 5.86738597597e-17
9625.0 3.80178032881e-17
9627.0 3.53522203816e-17
9629.0 4.90446899537e-17
9631.0 5.1345582163e-17
9633.0 4.26587861416e-17
9635.0 3.71168447823e-17
9637.0 2.53396970294e-17
9639.0 9.85592069148e-18
9641.0 2.49624414587e-17
9643.0 2.73533937844e-17
9645.0 3.7661205726e-17
9647.0 2.42859020162e-17
9649.0 2.51252719622e-17
9651.0 2.57519754272e-17
9653.0 2.29315244577e-17
9655.0 2.26611091893e-17
9657.0 3.8833975781e-17
9659.0 4.78657557487e-17
9661.0 4.33485919067e-17
9663.0 3.37823473842e-17
9665.0 5.42967243606e-17
9667.0 3.42041764094e-17
9669.0 1.93372443708e-17
9671.0 3.41565175712e-17
9673.0 4.92426078045e-17
9675.0 5.3517371331e-17
9677.0 6.2122231804e-18
9679.0 3.58774899967e-17
9681.0 2.7878574064e-17
9683.0 4.64371188779e-17
9685.0 5.74843475691e-17
9687.0 1.68934633281e-17
9689.0 -2.56061649919e-17
9691.0 4.62211155502e-18
9693.0 2.20183005178e-17
9695.0 7.4802207491e-17
9697.0 4.40812787148e-17
9699.0 4.31584859496e-17
9701.0 3.19831666862e-17
9703.0 -1.90477340515e-18
9705.0 -2.21108066072e-18
9707.0 -4.05419292109e-18
9709.0 2.85485407293e-17
9711.0 9.64369447723e-19
9713.0 5.41212925875e-17
9715.0 4.80333590844e-17
9717.0 3.93285603042e-17
9719.0 4.82085029986e-17
9721.0 5.24218136231e-17
9723.0 7.7349573053e-17
9725.0 5.56227213523e-17
9727.0 3.95093720599e-17
9729.0 -1.99236728253e-18
9731.0 2.57241788499e-17
9733.0 3.57663268486e-17
9735.0 4.7171307846e-17
9737.0 7.0621233011e-17
9739.0 7.86925107037e-17
9741.0 7.33917189628e-17
9743.0 8.40404252698e-17
9745.0 6.83609255912e-17
9747.0 4.90761923001e-17
9749.0 5.44438533218e-17
9751.0 5.57560363972e-17
9753.0 3.66287023418e-17
9755.0 3.46643303667e-17
9757.0 8.20741243095e-17
9759.0 3.64932531709e-17
9761.0 3.72904699929e-17
9763.0 -6.03976677604e-18
9765.0 1.9380694514e-17
9767.0 4.11892766223e-17
9769.0 3.13439413612e-17
9771.0 4.91097857592e-17
9773.0 5.02780890389e-17
9775.0 4.41799580532e-17
9777.0 2.23005874824e-17
9779.0 5.31117914418e-17
9781.0 5.75378099065e-17
9783.0 4.6423897223e-17
9785.0 3.05717087023e-17
9787.0 3.88131506819e-17
9789.0 4.23326222086e-17
9791.0 3.39384198222e-17
9793.0 7.60857800434e-17
9795.0 3.32911224552e-18
9797.0 -1.06004055767e-17
9799.0 -3.76375814477e-17
9801.0 -4.35162812692e-17
9803.0 3.73417088688e-17
9805.0 -9.73964225841e-18
9807.0 4.10702205168e-18
9809.0 1.69398086034e-17
9811.0 3.22952156092e-17
9813.0 2.50865549465e-17
9815.0 9.08901424862e-18
9817.0 1.07158684096e-17
9819.0 7.50064813976e-17
9821.0 1.29562464014e-16
9823.0 1.20176902208e-16
9825.0 1.10788263289e-16
9827.0 7.16036390286e-17
9829.0 3.42879234834e-17
9831.0 4.23804630265e-17
9833.0 7.12715160865e-17
9835.0 1.31991299558e-17
9837.0 4.7886137479e-17
9839.0 7.03900525734e-17
9841.0 3.11735289201e-17
9843.0 1.75149257766e-17
9845.0 3.74400804959e-17
9847.0 3.35811605157e-17
