3555.91015625 5.98738425057e-16
3558.09271097 7.29784205589e-16
3560.27526569 7.5191992452e-16
3562.45782042 7.60783418737e-16
3564.64037514 7.3606837682e-16
3566.82292986 7.22804578347e-16
3569.00548458 7.65042876576e-16
3571.1880393 7.52586560251e-16
3573.37059402 7.42491834878e-16
3575.55314875 7.50161039873e-16
3577.73570347 7.4515619944e-16
3579.91825819 7.44380841035e-16
3582.10081291 7.49787071213e-16
3584.28336763 7.73691163482e-16
3586.46592236 7.50524525664e-16
3588.64847708 7.38390150926e-16
3590.8310318 7.50646385729e-16
3593.01358652 7.58313346294e-16
3595.19614124 7.66689723588e-16
3597.37869596 7.5217287337e-16
3599.56125069 7.41188180153e-16
3601.74380541 7.58887104916e-16
3603.92636013 7.68270992266e-16
3606.10891485 7.67516326515e-16
3608.29146957 7.63102310719e-16
3610.4740243 7.50550080712e-16
3612.65657902 7.35509884281e-16
3614.83913374 7.4776725241e-16
3617.02168846 7.54761632429e-16
3619.20424318 7.6229708363e-16
3621.3867979 7.45401986299e-16
3623.56935263 7.62116324308e-16
3625.75190735 7.50755463803e-16
3627.93446207 7.70427926079e-16
3630.11701679 7.60052244899e-16
3632.29957151 7.54127358643e-16
3634.48212624 7.66485977935e-16
3636.66468096 7.4876648484e-16
3638.84723568 7.59303697207e-16
3641.0297904 7.43728901187e-16
3643.21234512 7.45216691517e-16
3645.39489985 7.33820572321e-16
3647.57745457 7.18569985348e-16
3649.76000929 7.152430057e-16
3651.94256401 7.43581185373e-16
3654.12511873 7.2973556907e-16
3656.30767345 7.60866878375e-16
3658.49022818 7.48544854947e-16
3660.6727829 7.43670899784e-16
3662.85533762 7.57135533045e-16
3665.03789234 7.48073159189e-16
3667.22044706 7.40024870132e-16
3669.40300179 7.71161241308e-16
3671.58555651 7.45908782465e-16
3673.76811123 7.59327098738e-16
3675.95066595 7.8214798966e-16
3678.13322067 7.37459717202e-16
3680.31577539 7.45376699402e-16
3682.49833012 7.69704650818e-16
3684.68088484 7.36464235542e-16
3686.86343956 7.31855347758e-16
3689.04599428 7.42288796087e-16
3691.228549 7.67897181431e-16
3693.41110373 7.38711542306e-16
3695.59365845 7.33889121571e-16
3697.77621317 7.6297319336e-16
3699.95876789 7.54273478476e-16
3702.14132261 7.34483944416e-16
3704.32387733 7.39382200689e-16
3706.50643206 7.52851382339e-16
3708.68898678 7.46036466518e-16
3710.8715415 7.49281301586e-16
3713.05409622 7.67507024543e-16
3715.23665094 7.81111574649e-16
3717.41920567 7.95716527638e-16
3719.60176039 8.05442523582e-16
3721.78431511 8.03160631011e-16
3723.96686983 7.9407205919e-16
3726.14942455 7.95275341125e-16
3728.33197927 7.97010305461e-16
3730.514534 7.8813794048e-16
3732.69708872 7.80546747745e-16
3734.87964344 7.91929799487e-16
3737.06219816 7.85663592917e-16
3739.24475288 7.71473549418e-16
3741.42730761 7.74726508504e-16
3743.60986233 7.89467654396e-16
3745.79241705 8.01748430052e-16
3747.97497177 8.03621681259e-16
3750.15752649 8.15478020083e-16
3752.34008121 8.17008195691e-16
3754.52263594 8.06060586469e-16
3756.70519066 7.93533479744e-16
3758.88774538 8.01666603838e-16
3761.0703001 7.89579310287e-16
3763.25285482 7.89018464018e-16
3765.43540955 7.98656391082e-16
3767.61796427 7.96675978484e-16
3769.80051899 7.82002592641e-16
3771.98307371 7.74413589119e-16
3774.16562843 7.8986177888e-16
3776.34818316 7.92511312501e-16
3778.53073788 8.1143744503e-16
3780.7132926 8.25123435491e-16
3782.89584732 8.26191099951e-16
3785.07840204 8.24294021833e-16
3787.26095676 8.36995079111e-16
3789.44351149 8.11338251001e-16
3791.62606621 8.10552792713e-16
3793.80862093 8.12268790971e-16
3795.99117565 8.28571684458e-16
3798.17373037 8.20815287198e-16
3800.3562851 8.11722817009e-16
3802.53883982 8.01716995567e-16
3804.72139454 8.13698893473e-16
3806.90394926 8.01527476061e-16
3809.08650398 7.92396354537e-16
3811.2690587 7.91868336346e-16
3813.45161343 8.02910758962e-16
3815.63416815 8.00968269955e-16
3817.81672287 8.08395938368e-16
3819.99927759 8.21731372105e-16
3822.18183231 8.06741239584e-16
3824.36438704 8.35474007317e-16
3826.54694176 8.27118014841e-16
3828.72949648 8.14581054553e-16
3830.9120512 8.04572153382e-16
3833.09460592 7.92958244667e-16
3835.27716064 7.93675647739e-16
3837.45971537 7.98735773688e-16
3839.64227009 8.13159925261e-16
3841.82482481 8.31904855516e-16
3844.00737953 7.96862715003e-16
3846.18993425 8.28823680449e-16
3848.37248898 9.29482901594e-16
3850.5550437 1.09151361124e-15
3852.73759842 1.18268361485e-15
3854.92015314 1.1422680581e-15
3857.10270786 9.88470320285e-16
3859.28526258 8.4460826576e-16
3861.46781731 7.84521478924e-16
3863.65037203 7.63209992812e-16
3865.83292675 7.89099886783e-16
3868.01548147 7.81009342419e-16
3870.19803619 8.04466763713e-16
3872.38059092 7.71475856261e-16
3874.56314564 7.67859559858e-16
3876.74570036 7.86962815262e-16
3878.92825508 7.88550231179e-16
3881.1108098 7.90992375542e-16
3883.29336452 8.1484183123e-16
3885.47591925 8.23776178303e-16
3887.65847397 7.87125594753e-16
3889.84102869 7.95044117416e-16
3892.02358341 7.93014178491e-16
3894.20613813 7.80211555726e-16
3896.38869286 7.81019645389e-16
3898.57124758 7.80209004169e-16
3900.7538023 8.03491486336e-16
3902.93635702 8.14073100472e-16
3905.11891174 8.2642578135e-16
3907.30146647 8.38991024033e-16
3909.48402119 8.40783737005e-16
3911.66657591 8.40755862685e-16
3913.84913063 8.17597368056e-16
3916.03168535 8.07217346543e-16
3918.21424007 8.02407448936e-16
3920.3967948 7.68418205485e-16
3922.57934952 7.5716508991e-16
3924.76190424 7.61674365468e-16
3926.94445896 7.48182435569e-16
3929.12701368 7.35784031928e-16
3931.30956841 7.49202047437e-16
3933.49212313 7.82170625318e-16
3935.67467785 7.97401564217e-16
3937.85723257 7.95424307905e-16
3940.03978729 7.96583937393e-16
3942.22234201 7.85871726382e-16
3944.40489674 7.80574392927e-16
3946.58745146 7.70276554725e-16
3948.77000618 7.61813838341e-16
3950.9525609 7.65583156948e-16
3953.13511562 7.52604432367e-16
3955.31767035 7.38507729745e-16
3957.50022507 7.22879784465e-16
3959.68277979 7.3488846985e-16
3961.86533451 7.21731146602e-16
3964.04788923 7.05225341165e-16
3966.23044395 7.22370659128e-16
3968.41299868 7.37704962917e-16
3970.5955534 7.44216174398e-16
3972.77810812 7.48471746867e-16
3974.96066284 7.60932986422e-16
3977.14321756 7.67737589959e-16
3979.32577229 7.79035309144e-16
3981.50832701 7.80337353159e-16
3983.69088173 7.83464004138e-16
3985.87343645 7.90436651882e-16
3988.05599117 7.74361563669e-16
3990.23854589 7.85969691753e-16
3992.42110062 8.29335467021e-16
3994.60365534 8.95914086603e-16
3996.78621006 9.67555092073e-16
3998.96876478 9.52482804903e-16
4001.1513195 9.06191861336e-16
4003.33387423 8.45151790019e-16
4005.51642895 8.05568981655e-16
4007.69898367 7.82627298973e-16
4009.88153839 7.98537427654e-16
4012.06409311 8.06923656394e-16
4014.24664783 7.86052407849e-16
4016.42920256 7.91431073048e-16
4018.61175728 8.04816505964e-16
4020.794312 7.94383571655e-16
4022.97686672 7.95842029693e-16
4025.15942144 8.25177760534e-16
4027.34197617 8.23196304153e-16
4029.52453089 8.08561808166e-16
4031.70708561 7.98199839313e-16
4033.88964033 7.96038854154e-16
4036.07219505 8.05378458938e-16
4038.25474977 8.06230647496e-16
4040.4373045 8.13288833111e-16
4042.61985922 8.05312179766e-16
4044.80241394 8.1222629362e-16
4046.98496866 7.86709435249e-16
4049.16752338 7.81624074544e-16
4051.35007811 7.83842882714e-16
4053.53263283 7.76872899061e-16
4055.71518755 7.45094899598e-16
4057.89774227 7.43871930372e-16
4060.08029699 7.07502677377e-16
4062.26285172 6.56797694741e-16
4064.44540644 6.348679813e-16
4066.62796116 6.21695110102e-16
4068.81051588 6.33843594287e-16
4070.9930706 6.52089157109e-16
4073.17562532 6.94696608011e-16
4075.35818005 7.22954584559e-16
4077.54073477 7.49240647332e-16
4079.72328949 7.75738161038e-16
4081.90584421 7.72123832082e-16
4084.08839893 7.90532432913e-16
4086.27095366 7.93954690644e-16
4088.45350838 7.80936606141e-16
4090.6360631 7.73799616794e-16
4092.81861782 7.82655340723e-16
4095.00117254 7.53274506385e-16
4097.18372726 7.38999041384e-16
4099.36628199 7.40155557239e-16
4101.54883671 7.26530485265e-16
4103.73139143 7.04576636754e-16
4105.91394615 7.09527188396e-16
4108.09650087 7.29216698319e-16
4110.2790556 7.70736443469e-16
4112.46161032 7.76242780265e-16
4114.64416504 7.85625178504e-16
4116.82671976 7.9061362551e-16
4119.00927448 8.10351980455e-16
4121.1918292 8.14429153238e-16
4123.37438393 8.17444307459e-16
4125.55693865 8.22442979649e-16
4127.73949337 8.08230855783e-16
4129.92204809 8.05268629173e-16
4132.10460281 8.13396830607e-16
4134.28715754 7.98766677722e-16
4136.46971226 8.0508907622e-16
4138.65226698 8.01411925144e-16
4140.8348217 7.93217407707e-16
4143.01737642 7.91570448897e-16
4145.19993114 7.86827865191e-16
4147.38248587 8.06309586331e-16
4149.56504059 8.15654449416e-16
4151.74759531 8.16918542751e-16
4153.93015003 8.17802494368e-16
4156.11270475 8.02073719183e-16
4158.29525948 8.03194346096e-16
4160.4778142 7.91746933624e-16
4162.66036892 7.83350679892e-16
4164.84292364 7.83138242489e-16
4167.02547836 7.71824789352e-16
4169.20803308 7.72024611005e-16
4171.39058781 7.87774170162e-16
4173.57314253 8.09551871543e-16
4175.75569725 7.99363937078e-16
4177.93825197 7.7626029972e-16
4180.12080669 7.61733031638e-16
4182.30336142 7.91817926775e-16
4184.48591614 7.96883207461e-16
4186.66847086 7.95590332823e-16
4188.85102558 8.06759210546e-16
4191.0335803 7.96474239749e-16
4193.21613503 7.84857272423e-16
4195.39868975 7.81581181588e-16
4197.58124447 8.0123352657e-16
4199.76379919 8.06885023619e-16
4201.94635391 8.25986186696e-16
4204.12890863 8.45009084792e-16
4206.31146336 8.337490096e-16
4208.49401808 8.43468945669e-16
4210.6765728 8.4107697337e-16
4212.85912752 8.35108073177e-16
4215.04168224 8.51776789487e-16
4217.22423697 8.73044460949e-16
4219.40679169 8.83998864411e-16
4221.58934641 8.97301259785e-16
4223.77190113 9.1541236184e-16
4225.95445585 9.31253063434e-16
4228.13701057 9.20531453116e-16
4230.3195653 9.14677134613e-16
4232.50212002 9.06545859908e-16
4234.68467474 8.86650125407e-16
4236.86722946 8.87963065527e-16
4239.04978418 8.99468042364e-16
4241.23233891 9.03582283393e-16
4243.41489363 8.93600821112e-16
4245.59744835 9.01145785923e-16
4247.78000307 9.11942879977e-16
4249.96255779 9.13439260812e-16
4252.14511251 9.15407754286e-16
4254.32766724 9.0887074857e-16
4256.51022196 8.95642918638e-16
4258.69277668 8.96078256129e-16
4260.8753314 8.87699441156e-16
4263.05788612 8.78104565615e-16
4265.24044085 8.84143493173e-16
4267.42299557 8.6356027477e-16
4269.60555029 8.61166366764e-16
4271.78810501 8.66494993395e-16
4273.97065973 8.56709970407e-16
4276.15321445 8.70630815944e-16
4278.33576918 8.62963077074e-16
4280.5183239 8.47565464898e-16
4282.70087862 8.35595268465e-16
4284.88343334 8.32159806706e-16
4287.06598806 8.16408966924e-16
4289.24854279 8.16584250954e-16
4291.43109751 8.06796682294e-16
4293.61365223 7.91729071023e-16
4295.79620695 8.14914293514e-16
4297.97876167 8.22785818352e-16
4300.16131639 8.41598088404e-16
4302.34387112 8.33700761671e-16
4304.52642584 8.19701548341e-16
4306.70898056 8.25866608169e-16
4308.89153528 8.04238975924e-16
4311.07409 7.96984241527e-16
4313.25664473 7.78114685915e-16
4315.43919945 7.67699229543e-16
4317.62175417 7.88993494047e-16
4319.80430889 7.86950683138e-16
4321.98686361 7.735414525e-16
4324.16941833 7.89246392903e-16
4326.35197306 7.97125324063e-16
4328.53452778 7.9476091694e-16
4330.7170825 7.94517091681e-16
4332.89963722 8.07376967232e-16
4335.08219194 7.98148392362e-16
4337.26474667 7.81189528522e-16
4339.44730139 7.57024362082e-16
4341.62985611 7.56702581011e-16
4343.81241083 7.61259086069e-16
4345.99496555 7.84800814304e-16
4348.17752028 8.09423361403e-16
4350.360075 8.05134166663e-16
4352.54262972 8.00947799315e-16
4354.72518444 7.9538526349e-16
4356.90773916 8.10790078002e-16
4359.09029388 8.04864039244e-16
4361.27284861 8.02543101501e-16
4363.45540333 7.833230157e-16
4365.63795805 7.7326205988e-16
4367.82051277 7.60782243304e-16
4370.00306749 7.53893322531e-16
4372.18562222 7.85397415049e-16
4374.36817694 7.96080022178e-16
4376.55073166 7.91039533906e-16
4378.73328638 7.99951386245e-16
4380.9158411 8.08934216848e-16
4383.09839582 8.04102512751e-16
4385.28095055 8.06298008713e-16
4387.46350527 8.19794401238e-16
4389.64605999 8.06499241774e-16
4391.82861471 7.83986502442e-16
4394.01116943 7.73119517814e-16
4396.19372416 7.83745779382e-16
4398.37627888 7.92526022312e-16
4400.5588336 8.14937201872e-16
4402.74138832 7.86862897087e-16
4404.92394304 8.08350828332e-16
4407.10649776 8.18801008207e-16
4409.28905249 7.9084932701e-16
4411.47160721 7.91387701773e-16
4413.65416193 7.70693531525e-16
4415.83671665 7.54451744989e-16
4418.01927137 7.5640611481e-16
4420.2018261 7.79916670152e-16
4422.38438082 8.24403756529e-16
4424.56693554 8.20650223045e-16
4426.74949026 8.00847768166e-16
4428.93204498 7.93390960133e-16
4431.1145997 7.86380288938e-16
4433.29715443 7.8496410822e-16
4435.47970915 7.68305771441e-16
4437.66226387 7.82171232692e-16
4439.84481859 7.90512432441e-16
4442.02737331 7.63525660467e-16
4444.20992804 7.54280003519e-16
4446.39248276 7.33610471124e-16
4448.57503748 7.28385591856e-16
4450.7575922 7.44560792058e-16
4452.94014692 7.50360125545e-16
4455.12270164 7.95233286726e-16
4457.30525637 8.49392925251e-16
4459.48781109 8.79038500473e-16
4461.67036581 9.16499459413e-16
4463.85292053 9.41973572169e-16
4466.03547525 9.50030412488e-16
4468.21802998 9.42253469082e-16
4470.4005847 9.35386524898e-16
4472.58313942 9.78181427569e-16
4474.76569414 9.94139015464e-16
4476.94824886 1.00029442461e-15
4479.13080359 1.01273283765e-15
4481.31335831 1.01582095601e-15
4483.49591303 9.84007361422e-16
4485.67846775 9.96505661903e-16
4487.86102247 1.03388067744e-15
4490.04357719 1.006242833e-15
4492.22613192 1.00787892913e-15
4494.40868664 1.02773395253e-15
4496.59124136 1.02462336818e-15
4498.77379608 1.00553693479e-15
4500.9563508 1.01014421453e-15
4503.13890553 1.0219665391e-15
4505.32146025 1.04293957269e-15
4507.50401497 1.05594548318e-15
4509.68656969 1.05790861841e-15
4511.86912441 1.04839066004e-15
4514.05167913 1.01243090568e-15
4516.23423386 9.99575458626e-16
4518.41678858 9.82041070691e-16
4520.5993433 9.71534752292e-16
4522.78189802 9.39520856993e-16
4524.96445274 9.29614695253e-16
4527.14700747 9.09012906063e-16
4529.32956219 9.06182454386e-16
4531.51211691 8.77329283582e-16
4533.69467163 8.6208302265e-16
4535.87722635 8.64692856783e-16
4538.05978107 8.83207926676e-16
4540.2423358 8.97252822373e-16
4542.42489052 8.96078239836e-16
4544.60744524 8.98275430261e-16
4546.78999996 8.85621003979e-16
4548.97255468 8.49617714013e-16
4551.15510941 8.42798498975e-16
4553.33766413 8.51021905682e-16
4555.52021885 8.46355601659e-16
4557.70277357 8.70152006486e-16
4559.88532829 8.63669924989e-16
4562.06788301 8.68121847846e-16
4564.25043774 8.59760179258e-16
4566.43299246 8.72350226462e-16
4568.61554718 8.67106376157e-16
4570.7981019 8.70047052791e-16
4572.98065662 8.55674525483e-16
4575.16321135 8.5872230904e-16
4577.34576607 8.5892660899e-16
4579.52832079 8.51244222745e-16
4581.71087551 8.32898441266e-16
4583.89343023 8.31099638707e-16
4586.07598495 8.66829207698e-16
4588.25853968 8.66219165714e-16
4590.4410944 8.54030989431e-16
4592.62364912 8.57642788045e-16
4594.80620384 8.75461946767e-16
4596.98875856 8.73880789876e-16
4599.17131329 8.87427172408e-16
4601.35386801 8.7578572074e-16
4603.53642273 8.54190266349e-16
4605.71897745 8.55097771442e-16
4607.90153217 8.31023904284e-16
4610.0840869 8.56541205784e-16
4612.26664162 8.67180026526e-16
4614.44919634 8.63391997533e-16
4616.63175106 8.72689343262e-16
4618.81430578 8.72595174967e-16
4620.9968605 8.941950084e-16
4623.17941523 9.24689913471e-16
4625.36196995 9.25830261361e-16
4627.54452467 9.17551347255e-16
4629.72707939 9.02275485273e-16
4631.90963411 8.93943375029e-16
4634.09218884 9.127104922e-16
4636.27474356 9.26399286365e-16
4638.45729828 9.21339592787e-16
4640.639853 9.13042115451e-16
4642.82240772 9.06691691491e-16
4645.00496244 9.13595396115e-16
4647.18751717 9.12194655149e-16
4649.37007189 9.33926875344e-16
4651.55262661 9.5903502747e-16
4653.73518133 9.63738254437e-16
4655.91773605 9.6535040818e-16
4658.10029078 9.8882804372e-16
4660.2828455 9.81198452401e-16
4662.46540022 9.59184839208e-16
4664.64795494 9.49210667583e-16
4666.83050966 9.45125988466e-16
4669.01306438 9.48578793646e-16
4671.19561911 9.60746034273e-16
4673.37817383 9.44307222791e-16
4675.56072855 9.35754689533e-16
4677.74328327 9.06669698176e-16
4679.92583799 9.05805876291e-16
4682.10839272 8.85294036902e-16
4684.29094744 8.81887111153e-16
4686.47350216 9.0153137494e-16
4688.65605688 9.26516266731e-16
4690.8386116 9.34421277162e-16
4693.02116632 9.2570068912e-16
4695.20372105 9.42473998406e-16
4697.38627577 9.49903992734e-16
4699.56883049 9.33480049086e-16
4701.75138521 9.27754319884e-16
4703.93393993 9.22580765653e-16
4706.11649466 9.13836621318e-16
4708.29904938 9.48390188802e-16
4710.4816041 9.6466460565e-16
4712.66415882 9.62493509004e-16
4714.84671354 9.5624023582e-16
4717.02926826 9.55420387614e-16
4719.21182299 9.55944550696e-16
4721.39437771 9.61831553476e-16
4723.57693243 9.61902423591e-16
4725.75948715 9.65307052054e-16
4727.94204187 9.56432426246e-16
4730.1245966 9.51208456236e-16
4732.30715132 9.38520384944e-16
4734.48970604 9.20226080786e-16
4736.67226076 9.38104236464e-16
4738.85481548 9.40528409606e-16
4741.0373702 9.42407947657e-16
4743.21992493 9.34253060098e-16
4745.40247965 9.17878362833e-16
4747.58503437 9.17643500541e-16
4749.76758909 9.24137740644e-16
4751.95014381 9.00783008876e-16
4754.13269854 9.09010092625e-16
4756.31525326 9.32681399366e-16
4758.49780798 9.293509177e-16
4760.6803627 9.24197285394e-16
4762.86291742 9.49535357174e-16
4765.04547215 9.65831779001e-16
4767.22802687 9.60900061126e-16
4769.41058159 9.54864843214e-16
4771.59313631 9.5328996114e-16
4773.77569103 9.52313551641e-16
4775.95824575 9.46591985658e-16
4778.14080048 9.5394706409e-16
4780.3233552 9.59301246691e-16
4782.50590992 9.83524238338e-16
4784.68846464 9.75624228017e-16
4786.87101936 9.5104851439e-16
4789.05357409 9.49074960809e-16
4791.23612881 9.57796390372e-16
4793.41868353 9.36957750859e-16
4795.60123825 9.30552993316e-16
4797.78379297 9.41416855182e-16
4799.96634769 9.32455936096e-16
4802.14890242 9.20731752977e-16
4804.33145714 9.22568105966e-16
4806.51401186 9.1085129253e-16
4808.69656658 9.51667608569e-16
4810.8791213 9.5863734075e-16
4813.06167603 9.5323553964e-16
4815.24423075 9.68055255806e-16
4817.42678547 9.69559303591e-16
4819.60934019 9.51552529851e-16
4821.79189491 9.33631631965e-16
4823.97444963 9.22883261157e-16
4826.15700436 9.23713526496e-16
4828.33955908 9.26060643481e-16
4830.5221138 9.43931302547e-16
4832.70466852 9.47071885615e-16
4834.88722324 9.46769679417e-16
4837.06977797 9.54323831578e-16
4839.25233269 9.68902314914e-16
4841.43488741 9.79108788524e-16
4843.61744213 9.72846640393e-16
4845.79999685 9.68429580226e-16
4847.98255157 9.5833382831e-16
4850.1651063 9.38360135329e-16
4852.34766102 9.3082749292e-16
4854.53021574 9.31394842045e-16
4856.71277046 9.19238046071e-16
4858.89532518 8.95363515907e-16
4861.07787991 9.08002626919e-16
4863.26043463 9.16457407893e-16
4865.44298935 9.14147833896e-16
4867.62554407 9.10633971835e-16
4869.80809879 9.101498557e-16
4871.99065351 9.12463769499e-16
4874.17320824 9.31371378291e-16
4876.35576296 9.35375279087e-16
4878.53831768 9.34242866017e-16
4880.7208724 9.4766548535e-16
4882.90342712 9.25923418049e-16
4885.08598185 9.05568411724e-16
4887.26853657 8.93076715432e-16
4889.45109129 8.75411183102e-16
4891.63364601 8.8929928326e-16
4893.81620073 9.08034464778e-16
4895.99875546 8.96653648264e-16
4898.18131018 9.1553409218e-16
4900.3638649 9.10080120614e-16
4902.54641962 9.14651846145e-16
4904.72897434 9.09388357758e-16
4906.91152906 9.14834236672e-16
4909.09408379 9.09431767794e-16
4911.27663851 9.00470393605e-16
4913.45919323 8.91676087751e-16
4915.64174795 8.87080051703e-16
4917.82430267 8.90350515847e-16
4920.0068574 8.86013471349e-16
4922.18941212 8.7788143604e-16
4924.37196684 8.66638432357e-16
4926.55452156 8.64284059092e-16
4928.73707628 8.94272922941e-16
4930.919631 8.76302868849e-16
4933.10218573 8.91336530149e-16
4935.28474045 8.98958833394e-16
4937.46729517 8.89111070703e-16
4939.64984989 9.02101547697e-16
4941.83240461 8.94942063984e-16
4944.01495934 8.70273077772e-16
4946.19751406 8.68514337863e-16
4948.38006878 8.72770224038e-16
4950.5626235 8.79546623954e-16
4952.74517822 9.01889343785e-16
4954.92773294 9.0022774179e-16
4957.11028767 9.06518275416e-16
4959.29284239 9.11106624754e-16
4961.47539711 9.17478553989e-16
4963.65795183 9.07987389487e-16
4965.84050655 9.17014857455e-16
4968.02306128 9.3248120665e-16
4970.205616 9.21684959828e-16
4972.38817072 9.24083737929e-16
4974.57072544 9.32155446693e-16
4976.75328016 9.37531209169e-16
4978.93583488 9.5958222746e-16
4981.11838961 9.73077915057e-16
4983.30094433 9.65388030223e-16
4985.48349905 9.73644963547e-16
4987.66605377 9.78268493056e-16
4989.84860849 9.86912792855e-16
4992.03116322 1.00990388045e-15
4994.21371794 1.03387692611e-15
4996.39627266 1.05641635362e-15
4998.57882738 1.07287252513e-15
5000.7613821 1.09103183653e-15
5002.94393682 1.09199501651e-15
5005.12649155 1.12178417671e-15
5007.30904627 1.19254747153e-15
5009.49160099 1.20447744593e-15
5011.67415571 1.22997054908e-15
5013.85671043 1.25131230377e-15
5016.03926516 1.2715269601e-15
5018.22181988 1.20723962042e-15
5020.4043746 1.27895460862e-15
5022.58692932 1.46423266128e-15
5024.76948404 1.46965292332e-15
5026.95203876 1.42954741562e-15
5029.13459349 1.34389311152e-15
5031.31714821 1.28887698133e-15
5033.49970293 1.17981231539e-15
5035.68225765 1.18671678041e-15
5037.86481237 1.21805658033e-15
5040.0473671 1.20932688705e-15
5042.22992182 1.1936607611e-15
5044.41247654 1.12629133193e-15
5046.59503126 1.13213998409e-15
5048.77758598 1.13186158714e-15
5050.96014071 1.13598753751e-15
5053.14269543 1.11093721998e-15
5055.32525015 1.09432885926e-15
5057.50780487 1.1119852766e-15
5059.69035959 1.13021529701e-15
5061.87291431 1.11436498752e-15
5064.05546904 1.09991756533e-15
5066.23802376 1.0821599453e-15
5068.42057848 1.06904742828e-15
5070.6031332 1.05972211969e-15
5072.78568792 1.03374641409e-15
5074.96824265 1.02572969028e-15
5077.15079737 1.01289728014e-15
5079.33335209 9.99358867472e-16
5081.51590681 9.91334009933e-16
5083.69846153 9.78680490338e-16
5085.88101625 9.55444882433e-16
5088.06357098 9.54537872692e-16
5090.2461257 9.50887925666e-16
5092.42868042 9.49460413362e-16
5094.61123514 9.69022847744e-16
5096.79378986 9.56505679729e-16
5098.97634459 9.43241679154e-16
5101.15889931 9.34050390756e-16
5103.34145403 9.13025532018e-16
5105.52400875 9.25254173709e-16
5107.70656347 9.3658609023e-16
5109.88911819 9.51269120355e-16
5112.07167292 9.78432542733e-16
5114.25422764 9.80529381639e-16
5116.43678236 1.01210407412e-15
5118.61933708 1.07605425787e-15
5120.8018918 1.22339735415e-15
5122.98444653 1.46980299804e-15
5125.16700125 1.45082357243e-15
5127.34955597 1.4126436709e-15
5129.53211069 1.15061155256e-15
5131.71466541 9.75284953086e-16
5133.89722013 9.30032388168e-16
5136.07977486 9.03878778775e-16
5138.26232958 8.9828264628e-16
5140.4448843 9.16647801299e-16
5142.62743902 8.99968150262e-16
5144.80999374 8.89243367729e-16
5146.99254847 8.73083974886e-16
5149.17510319 8.67216466287e-16
5151.35765791 8.52319726794e-16
5153.54021263 8.68426175076e-16
5155.72276735 8.94300846899e-16
5157.90532207 9.08968484408e-16
5160.0878768 9.35814109177e-16
5162.27043152 9.89450523298e-16
5164.45298624 1.03534949148e-15
5166.63554096 1.15896740103e-15
5168.81809568 1.47634691107e-15
5171.00065041 2.09448156365e-15
5173.18320513 2.78852349025e-15
5175.36575985 2.59936179512e-15
5177.54831457 2.35462771243e-15
5179.73086929 1.61270471547e-15
5181.91342402 1.07231713554e-15
5184.09597874 9.18808423423e-16
5186.27853346 8.85820069787e-16
5188.46108818 8.91430383229e-16
5190.6436429 8.78068641445e-16
5192.82619762 8.8736948966e-16
5195.00875235 9.01081696793e-16
5197.19130707 8.90937020869e-16
5199.37386179 9.08837668203e-16
5201.55641651 9.0080842732e-16
5203.73897123 8.86262705449e-16
5205.92152596 8.8684359131e-16
5208.10408068 8.6014214541e-16
5210.2866354 8.61357192504e-16
5212.46919012 8.74214419695e-16
5214.65174484 8.90016056462e-16
5216.83429956 8.9456843104e-16
5219.01685429 8.82097092747e-16
5221.19940901 8.70194552466e-16
5223.38196373 8.76947884017e-16
5225.56451845 8.90412186624e-16
5227.74707317 8.98405218683e-16
5229.9296279 8.94798542005e-16
5232.11218262 8.85743726797e-16
5234.29473734 8.64027566251e-16
5236.47729206 8.57076593855e-16
5238.65984678 8.44648369326e-16
5240.8424015 8.49924172381e-16
5243.02495623 8.37961992431e-16
5245.20751095 8.35381666711e-16
5247.39006567 8.16776346026e-16
5249.57262039 8.12853057969e-16
5251.75517511 8.03785946228e-16
5253.93772984 8.1540376621e-16
5256.12028456 8.15290448133e-16
5258.30283928 8.18630074934e-16
5260.485394 8.26653299818e-16
5262.66794872 8.41505573026e-16
5264.85050344 8.32359961317e-16
5267.03305817 8.1850876859e-16
5269.21561289 7.99103798967e-16
5271.39816761 8.15215692016e-16
5273.58072233 8.19273045412e-16
5275.76327705 8.06753536451e-16
5277.94583178 7.97701803135e-16
5280.1283865 8.12336899263e-16
5282.31094122 8.20117261187e-16
5284.49349594 8.16405791829e-16
5286.67605066 8.25388441037e-16
5288.85860538 8.36267833476e-16
5291.04116011 8.24348061249e-16
5293.22371483 8.01766313352e-16
5295.40626955 8.07269506463e-16
5297.58882427 7.88561514925e-16
5299.77137899 7.8602867388e-16
5301.95393372 8.03530172929e-16
5304.13648844 8.18195699275e-16
5306.31904316 8.0875088704e-16
5308.50159788 8.24308655383e-16
5310.6841526 8.24154058354e-16
5312.86670733 8.15759319425e-16
5315.04926205 8.15849546494e-16
5317.23181677 8.27262873358e-16
5319.41437149 8.27899368427e-16
5321.59692621 8.31398106546e-16
5323.77948093 8.25533203548e-16
5325.96203566 8.31154526548e-16
5328.14459038 8.50572464843e-16
5330.3271451 8.73320176576e-16
5332.50969982 8.71506673321e-16
5334.69225454 8.5539185962e-16
5336.87480927 8.28841058241e-16
5339.05736399 8.00659893164e-16
5341.23991871 7.70173052143e-16
5343.42247343 7.51995070574e-16
5345.60502815 7.61934478919e-16
5347.78758287 7.92289877871e-16
5349.9701376 8.25129398328e-16
5352.15269232 8.28210880328e-16
5354.33524704 8.12503147519e-16
5356.51780176 8.11030774091e-16
5358.70035648 8.07695427537e-16
5360.88291121 8.09311293589e-16
5363.06546593 8.36316158333e-16
5365.24802065 8.64009856605e-16
5367.43057537 8.66377202847e-16
5369.61313009 8.81157615565e-16
5371.79568481 9.22996937611e-16
5373.97823954 9.35444478086e-16
5376.16079426 9.33034731631e-16
5378.34334898 9.04128808518e-16
5380.5259037 8.56126969092e-16
5382.70845842 8.36091600299e-16
5384.89101315 8.33679297365e-16
5387.07356787 8.55538579661e-16
5389.25612259 8.77130970327e-16
5391.43867731 8.77851038061e-16
5393.62123203 8.90782621084e-16
5395.80378675 8.95569460534e-16
5397.98634148 8.69289014096e-16
5400.1688962 8.44494519233e-16
5402.35145092 8.52720909493e-16
5404.53400564 8.6104501376e-16
5406.71656036 8.60231608561e-16
5408.89911509 8.79837838619e-16
5411.08166981 8.86281646545e-16
5413.26422453 8.89983374942e-16
5415.44677925 9.1092885763e-16
5417.62933397 9.0313885401e-16
5419.81188869 9.02576872502e-16
5421.99444342 9.03536117953e-16
5424.17699814 8.92892266366e-16
5426.35955286 8.83449901252e-16
5428.54210758 8.75591286658e-16
5430.7246623 8.87587055247e-16
5432.90721703 9.02442395477e-16
5435.08977175 8.96725783946e-16
5437.27232647 8.81225887064e-16
5439.45488119 8.60373023417e-16
5441.63743591 8.3411857722e-16
5443.81999063 8.21061102655e-16
5446.00254536 8.23251234907e-16
5448.18510008 8.36919544114e-16
5450.3676548 8.56301819807e-16
5452.55020952 8.61670023017e-16
5454.73276424 8.80672762822e-16
5456.91531897 8.87600663104e-16
5459.09787369 9.0562113225e-16
5461.28042841 9.14264249275e-16
5463.46298313 9.10244682082e-16
5465.64553785 9.25906776682e-16
5467.82809258 9.40751550297e-16
5470.0106473 9.32558429012e-16
5472.19320202 9.21452872004e-16
5474.37575674 9.10394173196e-16
5476.55831146 9.02767474143e-16
5478.74086618 9.23973970416e-16
5480.92342091 9.37074792044e-16
5483.10597563 9.44733640991e-16
5485.28853035 9.57349051353e-16
5487.47108507 9.56549453258e-16
5489.65363979 9.57646234082e-16
5491.83619452 9.49426299103e-16
5494.01874924 9.47111203553e-16
5496.20130396 9.3844543334e-16
5498.38385868 9.25055533302e-16
5500.5664134 9.14278021146e-16
5502.74896812 8.78945640967e-16
5504.93152285 8.7870815417e-16
5507.11407757 8.72490754525e-16
5509.29663229 8.70466331273e-16
5511.47918701 8.92876961876e-16
5513.66174173 9.12960826106e-16
5515.84429646 9.0252737881e-16
5518.02685118 8.9875635849e-16
5520.2094059 9.02066236282e-16
5522.39196062 8.92277441288e-16
5524.57451534 8.84832304367e-16
5526.75707006 8.96271172592e-16
5528.93962479 8.87659124412e-16
5531.12217951 9.08404763079e-16
5533.30473423 9.13131344037e-16
5535.48728895 9.31685968288e-16
5537.66984367 9.39179529359e-16
5539.8523984 9.30632843379e-16
5542.03495312 9.18895522223e-16
5544.21750784 9.0928271651e-16
5546.40006256 8.95262621145e-16
5548.58261728 8.72632143379e-16
5550.765172 8.63311483992e-16
5552.94772673 8.79021223421e-16
5555.13028145 8.81387473133e-16
5557.31283617 8.90798453806e-16
5559.49539089 9.01175958337e-16
5561.67794561 9.04291955721e-16
5563.86050034 8.90786901913e-16
5566.04305506 8.93375658654e-16
5568.22560978 8.85319044599e-16
5570.4081645 8.65135188065e-16
5572.59071922 8.79347775884e-16
5574.77327394 8.84291499443e-16
5576.95582867 8.67081234628e-16
5579.13838339 8.43334710374e-16
5581.32093811 8.44324195142e-16
5583.50349283 8.52809430922e-16
5585.68604755 8.39500106318e-16
5587.86860228 8.39566450261e-16
5590.051157 8.39683127402e-16
5592.23371172 8.47924172021e-16
5594.41626644 8.6700949811e-16
5596.59882116 8.86684823134e-16
5598.78137589 8.86655563911e-16
5600.96393061 8.91834570592e-16
5603.14648533 9.05672583243e-16
5605.32904005 8.95282451759e-16
5607.51159477 8.84873769187e-16
5609.69414949 8.61267385288e-16
5611.87670422 8.6586816754e-16
5614.05925894 8.51946634837e-16
5616.24181366 8.64691292754e-16
5618.42436838 8.72254859223e-16
5620.6069231 8.77003373608e-16
5622.78947783 8.94345102973e-16
5624.97203255 8.96746341789e-16
5627.15458727 8.74701706065e-16
5629.33714199 8.68974585467e-16
5631.51969671 8.59167941478e-16
5633.70225143 8.63619288405e-16
5635.88480616 8.51184773871e-16
5638.06736088 8.48902614029e-16
5640.2499156 8.48072159023e-16
5642.43247032 8.62075159862e-16
5644.61502504 8.58224469921e-16
5646.79757977 8.63545945966e-16
5648.98013449 8.65240803378e-16
5651.16268921 8.73789524411e-16
5653.34524393 8.69099470419e-16
5655.52779865 8.57231664767e-16
5657.71035337 8.58972119895e-16
5659.8929081 8.4526599947e-16
5662.07546282 8.45375891688e-16
5664.25801754 8.46261811761e-16
5666.44057226 8.45273656949e-16
5668.62312698 8.63541265343e-16
5670.80568171 8.60025779298e-16
5672.98823643 8.55958755453e-16
5675.17079115 8.67237088026e-16
5677.35334587 8.6121968177e-16
5679.53590059 8.52312067247e-16
5681.71845531 8.5886559393e-16
5683.90101004 8.6281375802e-16
5686.08356476 8.44399423075e-16
5688.26611948 8.49011751484e-16
5690.4486742 8.43045596757e-16
5692.63122892 8.6048313758e-16
5694.81378365 8.52873347167e-16
5696.99633837 8.5175993494e-16
5699.17889309 8.52448807426e-16
5701.36144781 8.4749780757e-16
5703.54400253 8.51044693023e-16
5705.72655725 8.76716959161e-16
5707.90911198 8.63993450889e-16
5710.0916667 8.63260180668e-16
5712.27422142 8.55128452999e-16
5714.45677614 8.53359705632e-16
5716.63933086 8.57797076169e-16
5718.82188559 8.51933201093e-16
5721.00444031 8.44546006919e-16
5723.18699503 8.51166454091e-16
5725.36954975 8.5070429092e-16
5727.55210447 8.54429498108e-16
5729.73465919 8.6441398231e-16
5731.91721392 8.68218895308e-16
5734.09976864 8.70570972919e-16
5736.28232336 8.61036735926e-16
5738.46487808 8.73675350949e-16
5740.6474328 8.67440324863e-16
5742.82998753 8.54548804092e-16
5745.01254225 8.50744287094e-16
5747.19509697 8.46690846371e-16
5749.37765169 8.50840323167e-16
5751.56020641 8.37239630222e-16
5753.74276114 8.37112640776e-16
5755.92531586 8.35445557444e-16
5758.10787058 8.33507611322e-16
5760.2904253 8.27631030155e-16
5762.47298002 8.41499494509e-16
5764.65553474 8.42205836074e-16
5766.83808947 8.51309245052e-16
5769.02064419 8.51208851598e-16
5771.20319891 8.30632484205e-16
5773.38575363 8.12300775953e-16
5775.56830835 8.02601065287e-16
5777.75086308 7.93823194297e-16
5779.9334178 8.11933564345e-16
5782.11597252 8.15585053263e-16
5784.29852724 8.30480409919e-16
5786.48108196 8.19211645549e-16
5788.66363668 8.19535720359e-16
5790.84619141 8.04222815305e-16
5793.02874613 8.25261192646e-16
5795.21130085 8.47834804148e-16
5797.39385557 8.44825699102e-16
5799.57641029 8.52685028714e-16
5801.75896502 8.37658108848e-16
5803.94151974 8.2298314482e-16
5806.12407446 8.29824201549e-16
5808.30662918 8.19520286573e-16
5810.4891839 8.22736080672e-16
5812.67173862 8.26771720933e-16
5814.85429335 8.21511061966e-16
5817.03684807 8.28310500112e-16
5819.21940279 8.32493759138e-16
5821.40195751 8.36328088593e-16
5823.58451223 8.35883925559e-16
5825.76706696 8.27959889014e-16
5827.94962168 8.25161417918e-16
5830.1321764 8.21055633165e-16
5832.31473112 8.24639840637e-16
5834.49728584 8.29362428813e-16
5836.67984056 8.38525062167e-16
5838.86239529 8.52315795814e-16
5841.04495001 8.44497439365e-16
5843.22750473 8.4173171619e-16
5845.41005945 8.3147675614e-16
5847.59261417 8.2603480635e-16
5849.7751689 8.28738510953e-16
5851.95772362 8.27738734759e-16
5854.14027834 8.2406833172e-16
5856.32283306 8.2392236065e-16
5858.50538778 8.29240549163e-16
5860.6879425 8.27409197366e-16
5862.87049723 8.49109773939e-16
5865.05305195 8.60085748424e-16
5867.23560667 8.51092017696e-16
5869.41816139 8.4956146115e-16
5871.60071611 8.35845183806e-16
5873.78327084 8.27289655974e-16
5875.96582556 8.25493094578e-16
5878.14838028 8.17166860548e-16
5880.330935 8.2016546843e-16
5882.51348972 8.21861249757e-16
5884.69604445 8.34900914122e-16
5886.87859917 8.21609510096e-16
5889.06115389 8.20103730484e-16
5891.24370861 8.22865404707e-16
5893.42626333 8.08423518468e-16
5895.60881805 8.00422188521e-16
5897.79137278 8.07641541767e-16
5899.9739275 7.91140976993e-16
5902.15648222 7.98227405868e-16
5904.33903694 8.09693292298e-16
5906.52159166 8.20030827997e-16
5908.70414639 8.39107418051e-16
5910.88670111 8.50955425601e-16
5913.06925583 8.68908035415e-16
5915.25181055 8.63910068281e-16
5917.43436527 8.56720293277e-16
5919.61691999 8.47343380258e-16
5921.79947472 8.49948073403e-16
5923.98202944 8.41148940169e-16
5926.16458416 8.57262301623e-16
5928.34713888 8.6008500903e-16
5930.5296936 8.51800741998e-16
5932.71224833 8.51024897886e-16
5934.89480305 8.55576543928e-16
5937.07735777 8.48794378518e-16
5939.25991249 8.38804212786e-16
5941.44246721 8.34537273121e-16
5943.62502193 8.32214788925e-16
5945.80757666 8.44477752141e-16
5947.99013138 8.64762662477e-16
5950.1726861 8.47290258772e-16
5952.35524082 8.34580755317e-16
5954.53779554 8.44321278789e-16
5956.72035027 8.50392591288e-16
5958.90290499 8.4520194946e-16
5961.08545971 8.36003253486e-16
5963.26801443 8.48459485291e-16
5965.45056915 8.53825925748e-16
5967.63312387 8.45960631103e-16
5969.8156786 8.37455600405e-16
5971.99823332 8.22843071835e-16
5974.18078804 8.27170852671e-16
5976.36334276 8.1303975524e-16
5978.54589748 8.09999069864e-16
5980.72845221 8.26758028682e-16
5982.91100693 8.30903769649e-16
5985.09356165 8.28986558595e-16
5987.27611637 8.43811080909e-16
5989.45867109 8.44412097543e-16
5991.64122581 8.50459304776e-16
5993.82378054 8.69169339081e-16
5996.00633526 8.59208564299e-16
5998.18888998 8.5773621145e-16
6000.3714447 8.56034277825e-16
6002.55399942 8.56825582698e-16
6004.73655415 8.62764484971e-16
6006.91910887 8.59987355584e-16
6009.10166359 8.72955092957e-16
6011.28421831 8.75930738212e-16
6013.46677303 8.73366157705e-16
6015.64932776 8.73090272338e-16
6017.83188248 8.74774717094e-16
6020.0144372 8.84145989849e-16
6022.19699192 8.8741790914e-16
6024.37954664 8.99649393785e-16
6026.56210136 8.89369457576e-16
6028.74465609 8.80964492011e-16
6030.92721081 8.78155078309e-16
6033.10976553 8.83158154024e-16
6035.29232025 8.84021528335e-16
6037.47487497 8.863987087e-16
6039.6574297 8.97859210283e-16
6041.83998442 8.9601893653e-16
6044.02253914 8.90610732023e-16
6046.20509386 8.81671876578e-16
6048.38764858 8.85480686405e-16
6050.5702033 8.91627666606e-16
6052.75275803 8.83841902653e-16
6054.93531275 8.80351596703e-16
6057.11786747 8.89742199402e-16
6059.30042219 8.98475798322e-16
6061.48297691 8.93013616081e-16
6063.66553164 9.11508829317e-16
6065.84808636 9.2544577845e-16
6068.03064108 9.14015745396e-16
6070.2131958 9.16940785163e-16
6072.39575052 9.50264062571e-16
6074.57830524 9.43178444952e-16
6076.76085997 9.21656877603e-16
6078.94341469 9.04927578392e-16
6081.12596941 8.94738901675e-16
6083.30852413 8.57731875971e-16
6085.49107885 8.28435981584e-16
6087.67363358 7.87741668602e-16
6089.8561883 7.69796746461e-16
6092.03874302 7.94153386657e-16
6094.22129774 7.91499827032e-16
6096.40385246 8.28457453578e-16
6098.58640718 8.46140262444e-16
6100.76896191 8.58201050634e-16
6102.95151663 8.77067087969e-16
6105.13407135 8.81144447331e-16
6107.31662607 8.78742831806e-16
6109.49918079 8.75082104937e-16
6111.68173552 8.77769344965e-16
6113.86429024 8.73121313801e-16
6116.04684496 8.71816323825e-16
6118.22939968 8.74604847467e-16
6120.4119544 8.72929935462e-16
6122.59450912 8.71026194932e-16
6124.77706385 8.60087054912e-16
6126.95961857 8.56648885189e-16
6129.14217329 8.57966647093e-16
6131.32472801 8.57139331715e-16
6133.50728273 8.58293909301e-16
6135.68983746 8.48178875442e-16
6137.87239218 8.45053975416e-16
6140.0549469 8.50888482269e-16
6142.23750162 8.58233113732e-16
6144.42005634 8.47555991871e-16
6146.60261106 8.4058759758e-16
6148.78516579 8.37312135694e-16
6150.96772051 8.32559047264e-16
6153.15027523 8.36695071768e-16
6155.33282995 8.31372632263e-16
6157.51538467 8.39383877884e-16
6159.6979394 8.47749106446e-16
6161.88049412 8.39970665086e-16
6164.06304884 8.37427665017e-16
6166.24560356 8.5138180483e-16
6168.42815828 8.52484928402e-16
6170.61071301 8.44480940921e-16
6172.79326773 8.44696220532e-16
6174.97582245 8.31186300881e-16
6177.15837717 8.09823247111e-16
6179.34093189 8.14302704928e-16
6181.52348661 8.20472321196e-16
6183.70604134 8.17815854456e-16
6185.88859606 8.20047409216e-16
6188.07115078 8.08854958691e-16
6190.2537055 8.1104406851e-16
6192.43626022 8.29042052007e-16
6194.61881495 8.08651659323e-16
6196.80136967 8.06831043373e-16
6198.98392439 8.06945639642e-16
6201.16647911 8.01227291497e-16
6203.34903383 8.11895684714e-16
6205.53158855 8.11831470648e-16
6207.71414328 8.01294057038e-16
6209.896698 7.87434881367e-16
6212.07925272 8.04677912615e-16
6214.26180744 8.07547666077e-16
6216.44436216 7.90514582389e-16
6218.62691689 7.93641915298e-16
6220.80947161 7.90463663217e-16
6222.99202633 7.95027975889e-16
6225.17458105 8.00479610386e-16
6227.35713577 7.96354475352e-16
6229.53969049 7.95295073507e-16
6231.72224522 8.08032529752e-16
6233.90479994 8.05451572257e-16
6236.08735466 8.21380964697e-16
6238.26990938 8.16803071204e-16
6240.4524641 8.14887789656e-16
6242.63501883 8.13707618672e-16
6244.81757355 8.16434758498e-16
6247.00012827 8.18303927038e-16
6249.18268299 8.15677933942e-16
6251.36523771 8.24837209045e-16
6253.54779243 8.16794315479e-16
6255.73034716 8.16664530935e-16
6257.91290188 8.24770600942e-16
6260.0954566 8.01710296537e-16
6262.27801132 7.94193966165e-16
6264.46056604 8.04109969768e-16
6266.64312077 8.13656563327e-16
6268.82567549 7.99375183952e-16
6271.00823021 8.0966656063e-16
6273.19078493 8.05234096635e-16
6275.37333965 8.11071665995e-16
6277.55589437 8.16200068423e-16
6279.7384491 8.09435955774e-16
6281.92100382 8.08475199554e-16
6284.10355854 8.12327293281e-16
6286.28611326 8.04127566564e-16
6288.46866798 8.13627081259e-16
6290.65122271 8.14305625066e-16
6292.83377743 8.08128622697e-16
6295.01633215 8.02681849241e-16
6297.19888687 8.01351750691e-16
6299.38144159 7.86922686093e-16
6301.56399632 7.83128032826e-16
6303.74655104 8.05674179564e-16
6305.92910576 7.91321990627e-16
6308.11166048 7.81205860564e-16
6310.2942152 7.78893782391e-16
6312.47676992 7.73187057489e-16
6314.65932465 7.77280826584e-16
6316.84187937 7.9049840277e-16
6319.02443409 8.01846761739e-16
6321.20698881 8.05255938379e-16
6323.38954353 7.95394485729e-16
6325.57209826 7.8925503038e-16
6327.75465298 7.7976259187e-16
6329.9372077 7.94688846602e-16
6332.11976242 7.8227357056e-16
6334.30231714 7.94306720373e-16
6336.48487186 8.00475266888e-16
6338.66742659 7.76859728743e-16
6340.84998131 7.8761421481e-16
6343.03253603 7.94505697374e-16
6345.21509075 7.74347468977e-16
6347.39764547 7.56788123518e-16
6349.5802002 7.73298230645e-16
6351.76275492 7.92408838313e-16
6353.94530964 7.99450147667e-16
6356.12786436 7.85542819493e-16
6358.31041908 7.89275623536e-16
6360.4929738 7.67674411907e-16
6362.67552853 7.80804625398e-16
6364.85808325 7.7045543792e-16
6367.04063797 7.44888282925e-16
6369.22319269 7.39439903975e-16
6371.40574741 7.35838744529e-16
6373.58830214 7.40395967413e-16
6375.77085686 7.53130819839e-16
6377.95341158 7.68245768242e-16
6380.1359663 7.58622917379e-16
6382.31852102 7.6311970532e-16
6384.50107574 7.69288887241e-16
6386.68363047 7.66289732523e-16
6388.86618519 7.86974641401e-16
6391.04873991 7.94454292585e-16
6393.23129463 7.7102548115e-16
6395.41384935 7.61458785364e-16
6397.59640408 7.52933823296e-16
6399.7789588 7.44375966535e-16
6401.96151352 7.60983044561e-16
6404.14406824 7.56508302779e-16
6406.32662296 7.61227764703e-16
6408.50917768 7.66998300789e-16
6410.69173241 7.65705227654e-16
6412.87428713 7.6814695107e-16
6415.05684185 7.72508014625e-16
6417.23939657 7.76293457117e-16
6419.42195129 7.82282161008e-16
6421.60450602 7.71442578959e-16
6423.78706074 7.58562412354e-16
6425.96961546 7.42426351647e-16
6428.15217018 7.47191920331e-16
6430.3347249 7.44166462027e-16
6432.51727962 7.44020683223e-16
6434.69983435 7.57489581374e-16
6436.88238907 7.54594232351e-16
6439.06494379 7.52232367773e-16
6441.24749851 7.54606110032e-16
6443.43005323 7.4457004547e-16
6445.61260796 7.50653070629e-16
6447.79516268 7.42763253544e-16
6449.9777174 7.46598395944e-16
6452.16027212 7.42168524711e-16
6454.34282684 7.38108639293e-16
6456.52538157 7.33211242901e-16
6458.70793629 7.31490945881e-16
6460.89049101 7.37981271799e-16
6463.07304573 7.29759047424e-16
6465.25560045 7.15579692908e-16
6467.43815517 7.23353570001e-16
6469.6207099 7.24514784994e-16
6471.80326462 7.37920874385e-16
6473.98581934 7.43097184701e-16
6476.16837406 7.51258318706e-16
6478.35092878 7.61648380865e-16
6480.53348351 7.60589534411e-16
6482.71603823 7.53491747632e-16
6484.89859295 7.57866250825e-16
6487.08114767 7.60102187038e-16
6489.26370239 7.66091042923e-16
6491.44625711 7.77563053855e-16
6493.62881184 7.80592008765e-16
6495.81136656 7.77488303844e-16
6497.99392128 7.75419662576e-16
6500.176476 7.8391616043e-16
6502.35903072 7.7731955134e-16
6504.54158545 7.90508773787e-16
6506.72414017 7.96649394346e-16
6508.90669489 8.31258728732e-16
6511.08924961 8.82894478086e-16
6513.27180433 9.30685992924e-16
6515.45435905 9.01884264519e-16
6517.63691378 8.58519173237e-16
6519.8194685 8.04651949011e-16
6522.00202322 7.90365892207e-16
6524.18457794 7.7745871678e-16
6526.36713266 7.79991961502e-16
6528.54968739 7.73948559211e-16
6530.73224211 7.70870554852e-16
6532.91479683 7.80303460371e-16
6535.09735155 7.78298405955e-16
6537.27990627 7.94929893639e-16
6539.46246099 7.91849848844e-16
6541.64501572 7.88848107047e-16
6543.82757044 7.93607711947e-16
6546.01012516 7.83229431467e-16
6548.19267988 7.86611016887e-16
6550.3752346 7.89965676244e-16
6552.55778933 7.81299511091e-16
6554.74034405 7.70837046642e-16
6556.92289877 7.81620473688e-16
6559.10545349 7.91267531363e-16
6561.28800821 7.89979050919e-16
6563.47056293 7.86833869838e-16
6565.65311766 7.93804248796e-16
6567.83567238 8.02806413497e-16
6570.0182271 8.01175925336e-16
6572.20078182 7.9557896971e-16
6574.38333654 7.9465971818e-16
6576.56589127 8.03382602065e-16
6578.74844599 8.41343370799e-16
6580.93100071 8.49496505755e-16
6583.11355543 8.34222189214e-16
6585.29611015 8.24792298093e-16
6587.47866488 8.34589388653e-16
6589.6612196 8.20409475485e-16
6591.84377432 8.07506901324e-16
6594.02632904 8.02801879707e-16
6596.20888376 8.06014053214e-16
6598.39143848 7.99986439507e-16
6600.57399321 8.08248745016e-16
6602.75654793 7.93831109229e-16
6604.93910265 8.03226706199e-16
6607.12165737 7.94315479507e-16
6609.30421209 7.94323130592e-16
6611.48676682 8.04262705197e-16
6613.66932154 8.00889113768e-16
6615.85187626 8.01385101912e-16
6618.03443098 8.05138848665e-16
6620.2169857 7.97008273782e-16
6622.39954042 7.84764623623e-16
6624.58209515 7.90508102804e-16
6626.76464987 7.87187867764e-16
6628.94720459 7.99335708429e-16
6631.12975931 7.84694575979e-16
6633.31231403 7.972774498e-16
6635.49486876 7.94026220813e-16
6637.67742348 7.84977666391e-16
6639.8599782 7.92955118139e-16
6642.04253292 7.98526133708e-16
6644.22508764 7.98422742747e-16
6646.40764236 7.95200793743e-16
6648.59019709 8.02309811907e-16
6650.77275181 8.08178741859e-16
6652.95530653 8.01697329778e-16
6655.13786125 8.07503076675e-16
6657.32041597 8.07531361002e-16
6659.5029707 8.03105072148e-16
6661.68552542 8.0979762778e-16
6663.86808014 8.0155029873e-16
6666.05063486 7.84004993028e-16
6668.23318958 8.00255835788e-16
6670.4157443 8.04187865782e-16
6672.59829903 8.06839476956e-16
6674.78085375 8.12677469297e-16
6676.96340847 8.1712601851e-16
6679.14596319 8.14224439227e-16
6681.32851791 8.09191994322e-16
6683.51107264 8.12327658119e-16
6685.69362736 8.24959566942e-16
6687.87618208 8.35182881353e-16
6690.0587368 8.44758539922e-16
6692.24129152 8.43159618039e-16
6694.42384624 8.42909849991e-16
6696.60640097 8.45749152157e-16
6698.78895569 8.31242415341e-16
6700.97151041 8.46182583705e-16
6703.15406513 8.58023577293e-16
6705.33661985 8.51721463232e-16
6707.51917458 8.42448343661e-16
6709.7017293 8.57522797817e-16
6711.88428402 8.50465809981e-16
6714.06683874 8.41486909205e-16
6716.24939346 8.46845449296e-16
6718.43194819 8.52408135819e-16
6720.61450291 8.71808787329e-16
6722.79705763 8.73513562746e-16
6724.97961235 8.98213222538e-16
6727.16216707 9.1074642807e-16
6729.34472179 9.01578482279e-16
6731.52727652 9.4197929633e-16
6733.70983124 9.75254043983e-16
6735.89238596 9.68258276462e-16
6738.07494068 9.94725881864e-16
6740.2574954 1.10624966926e-15
6742.44005013 1.07433675573e-15
6744.62260485 1.04947294084e-15
6746.80515957 1.14016907447e-15
6748.98771429 1.16508268231e-15
6751.17026901 1.21474273426e-15
6753.35282373 1.11025324286e-15
6755.53537846 1.17041226857e-15
6757.71793318 1.2691402718e-15
6759.9004879 1.21828414458e-15
6762.08304262 1.70683129766e-15
6764.26559734 1.59867312603e-15
6766.44815207 1.35031758284e-15
6768.63070679 1.91443830376e-15
6770.81326151 1.53414963438e-15
6772.99581623 1.77157769172e-15
6775.17837095 2.08985686112e-15
6777.36092567 2.03754812651e-15
6779.5434804 2.259887218e-15
6781.72603512 2.09986136903e-15
6783.90858984 2.25841711875e-15
6786.09114456 2.43542315438e-15
6788.27369928 2.87389067495e-15
6790.45625401 2.65960870068e-15
6792.63880873 2.12091723134e-15
6794.82136345 1.64635069432e-15
6797.00391817 1.83853768483e-15
6799.18647289 1.53515922429e-15
6801.36902761 1.71751329498e-15
6803.55158234 2.50715008487e-15
6805.73413706 2.27554541282e-15
6807.91669178 2.33819888358e-15
6810.0992465 2.28312944272e-15
6812.28180122 2.06494476835e-15
6814.46435595 1.28176995216e-15
6816.64691067 1.10886483228e-15
6818.82946539 1.35127821319e-15
6821.01202011 1.30110529827e-15
6823.19457483 1.24204186907e-15
6825.37712955 1.31834822379e-15
6827.55968428 1.26042893198e-15
6829.742239 9.70869532227e-16
6831.92479372 1.03026298442e-15
6834.10734844 1.09735099809e-15
6836.28990316 1.05603464629e-15
6838.47245789 1.04063552464e-15
6840.65501261 1.07027587107e-15
6842.83756733 9.78005173718e-16
6845.02012205 1.01173380581e-15
6847.20267677 9.81447392916e-16
6849.38523149 9.28648919996e-16
6851.56778622 9.74635120329e-16
6853.75034094 9.75744664768e-16
6855.93289566 1.00478084401e-15
6858.11545038 9.67981541836e-16
6860.2980051 8.92072501479e-16
6862.48055983 8.92010745706e-16
6864.66311455 9.25498930371e-16
6866.84566927 8.8896742122e-16
6869.02822399 8.73223954497e-16
6871.21077871 8.52840416046e-16
6873.39333344 8.70123718615e-16
6875.57588816 8.67754657415e-16
6877.75844288 8.50865362654e-16
6879.9409976 8.49910563365e-16
6882.12355232 8.35277745176e-16
6884.30610704 8.23041171166e-16
6886.48866177 8.25345410483e-16
6888.67121649 8.25756469533e-16
6890.85377121 8.02078124098e-16
6893.03632593 7.98874596229e-16
6895.21888065 8.06294982948e-16
6897.40143538 8.05667169321e-16
6899.5839901 7.96172220025e-16
6901.76654482 7.9066317456e-16
6903.94909954 8.00306052146e-16
6906.13165426 8.05851996647e-16
6908.31420898 7.88018230196e-16
6910.49676371 7.97289087438e-16
6912.67931843 7.89792061202e-16
6914.86187315 7.92141000825e-16
6917.04442787 8.11473800963e-16
6919.22698259 8.00927024921e-16
6921.40953732 7.87222005404e-16
6923.59209204 7.68142742251e-16
6925.77464676 7.69123098294e-16
6927.95720148 7.89125704677e-16
6930.1397562 8.10906613853e-16
6932.32231092 7.86119925859e-16
6934.50486565 7.96412021814e-16
6936.68742037 8.35273070411e-16
6938.86997509 8.91340074102e-16
6941.05252981 9.61001630227e-16
6943.23508453 1.08056114419e-15
6945.41763926 1.04114203676e-15
6947.60019398 9.43582936865e-16
6949.7827487 8.70781209615e-16
6951.96530342 8.67230070166e-16
6954.14785814 8.87599343735e-16
6956.33041286 9.811798669e-16
6958.51296759 1.02016909113e-15
6960.69552231 9.68977544485e-16
6962.87807703 9.0063828524e-16
6965.06063175 8.1573650563e-16
6967.24318647 7.77948224143e-16
6969.4257412 7.54749024054e-16
6971.60829592 7.45984653046e-16
6973.79085064 7.38815105387e-16
6975.97340536 7.62430406432e-16
6978.15596008 7.55823711308e-16
6980.3385148 7.30883616083e-16
6982.52106953 7.50278825095e-16
6984.70362425 7.6363826082e-16
6986.88617897 7.52605260201e-16
6989.06873369 7.57429030084e-16
6991.25128841 7.6035639701e-16
6993.43384314 7.400219317e-16
6995.61639786 7.45431894776e-16
6997.79895258 7.57889360237e-16
6999.9815073 7.38026917018e-16
7002.16406202 7.48287765611e-16
7004.34661675 7.53218251184e-16
7006.52917147 7.6964228443e-16
7008.71172619 7.62942132252e-16
7010.89428091 7.49591900452e-16
7013.07683563 7.40408343249e-16
7015.25939035 7.36717371815e-16
7017.44194508 7.41793996267e-16
7019.6244998 7.24237194559e-16
7021.80705452 7.36237315832e-16
7023.98960924 7.58260188827e-16
7026.17216396 7.47448393949e-16
7028.35471869 7.46182161733e-16
7030.53727341 7.53945378949e-16
7032.71982813 7.581558691e-16
7034.90238285 7.64522198814e-16
7037.08493757 7.4963567885e-16
7039.26749229 7.4514880635e-16
7041.45004702 7.51195105555e-16
7043.63260174 7.47442362092e-16
7045.81515646 7.51561622935e-16
7047.99771118 7.58265264383e-16
7050.1802659 7.59801982122e-16
7052.36282063 7.5583585291e-16
7054.54537535 7.59239145243e-16
7056.72793007 7.74265525626e-16
7058.91048479 7.68048882424e-16
7061.09303951 7.59103230033e-16
7063.27559423 7.70311758412e-16
7065.45814896 7.78597049149e-16
7067.64070368 7.61826749077e-16
7069.8232584 7.53928772467e-16
7072.00581312 7.39491577115e-16
7074.18836784 7.32444919243e-16
7076.37092257 7.40879443889e-16
7078.55347729 7.42580178833e-16
7080.73603201 7.4274260696e-16
7082.91858673 7.46462921232e-16
7085.10114145 7.55648299435e-16
7087.28369617 7.64187115874e-16
7089.4662509 7.53615263558e-16
7091.64880562 7.37789214903e-16
7093.83136034 7.51187914349e-16
7096.01391506 7.74986827167e-16
7098.19646978 7.757638842e-16
7100.37902451 7.74301105617e-16
7102.56157923 7.67423596436e-16
7104.74413395 7.52404203296e-16
7106.92668867 7.57239144006e-16
7109.10924339 7.64328940149e-16
7111.29179811 7.60376023617e-16
7113.47435284 7.57940227603e-16
7115.65690756 7.75173353606e-16
7117.83946228 7.74914092341e-16
7120.022017 7.66523182908e-16
7122.20457172 7.67464361543e-16
7124.38712645 7.67787248731e-16
7126.56968117 7.72001579549e-16
7128.75223589 7.71877360286e-16
7130.93479061 7.67513518486e-16
7133.11734533 7.74727571955e-16
7135.29990005 7.77282137576e-16
7137.48245478 7.73457296744e-16
7139.6650095 7.75157316093e-16
7141.84756422 7.65949363997e-16
7144.03011894 7.78790418866e-16
7146.21267366 7.85653125845e-16
7148.39522839 7.78911602663e-16
7150.57778311 7.69307369134e-16
7152.76033783 7.67384590003e-16
7154.94289255 7.62687638857e-16
7157.12544727 7.64754579181e-16
7159.308002 7.6235756765e-16
7161.49055672 7.63055233536e-16
7163.67311144 7.50042847806e-16
7165.85566616 7.57819058231e-16
7168.03822088 7.50860550871e-16
7170.2207756 7.61188803565e-16
7172.40333033 7.57211421544e-16
7174.58588505 7.52581266724e-16
7176.76843977 7.39925573949e-16
7178.95099449 7.4754073151e-16
7181.13354921 7.58989926788e-16
7183.31610394 7.56480278647e-16
7185.49865866 7.33406467405e-16
7187.68121338 7.25096053318e-16
7189.8637681 7.58971826166e-16
7192.04632282 7.41820289273e-16
7194.22887754 7.43293034923e-16
7196.41143227 7.52049622076e-16
7198.59398699 7.49553011721e-16
7200.77654171 7.48905599876e-16
7202.95909643 7.61390573612e-16
7205.14165115 7.48303311673e-16
7207.32420588 7.47678883582e-16
7209.5067606 7.4832802443e-16
7211.68931532 7.62037325298e-16
7213.87187004 7.54111110674e-16
7216.05442476 7.59813967414e-16
7218.23697948 7.51870046825e-16
7220.41953421 7.63250288822e-16
7222.60208893 7.65920335101e-16
7224.78464365 7.63007505904e-16
7226.96719837 7.52599310453e-16
7229.14975309 7.60332512601e-16
7231.33230782 7.62883180748e-16
7233.51486254 7.51607060616e-16
7235.69741726 7.48294701413e-16
7237.87997198 7.51230127482e-16
7240.0625267 7.55297994249e-16
7242.24508142 7.56825929765e-16
7244.42763615 7.47881674384e-16
7246.61019087 7.5002863094e-16
7248.79274559 7.5788901912e-16
7250.97530031 7.58943825757e-16
7253.15785503 7.56729576434e-16
7255.34040976 7.62966330524e-16
7257.52296448 7.44547126585e-16
7259.7055192 7.29183280187e-16
7261.88807392 7.53386533734e-16
7264.07062864 7.59818780103e-16
7266.25318336 7.55888835169e-16
7268.43573809 7.72959360641e-16
7270.61829281 7.69187726875e-16
7272.80084753 7.75169903492e-16
7274.98340225 7.80164557579e-16
7277.16595697 7.84596778798e-16
7279.3485117 7.8294600491e-16
7281.53106642 7.78118138192e-16
7283.71362114 7.91734816783e-16
7285.89617586 7.95705765968e-16
7288.07873058 7.82290642511e-16
7290.26128531 7.75296428186e-16
7292.44384003 7.60181867668e-16
7294.62639475 7.50206527049e-16
7296.80894947 7.52609577482e-16
7298.99150419 7.59679931448e-16
7301.17405891 7.55979420416e-16
7303.35661364 7.47438387616e-16
7305.53916836 7.5474407058e-16
7307.72172308 7.6851152384e-16
7309.9042778 7.690895323e-16
7312.08683252 7.6200113852e-16
7314.26938725 7.66781970042e-16
7316.45194197 7.78801184948e-16
7318.63449669 7.71598394114e-16
7320.81705141 7.54510867734e-16
7322.99960613 7.48172583475e-16
7325.18216085 7.5227445616e-16
7327.36471558 7.47631614219e-16
7329.5472703 7.37979945913e-16
7331.72982502 7.3787814199e-16
7333.91237974 7.51633704777e-16
7336.09493446 7.48477056367e-16
7338.27748919 7.35364895221e-16
7340.46004391 7.33417110459e-16
7342.64259863 7.43942181733e-16
7344.82515335 7.49634286458e-16
7347.00770807 7.44843445155e-16
7349.19026279 7.34215174561e-16
7351.37281752 7.23801781286e-16
7353.55537224 7.43238968961e-16
7355.73792696 7.59625294546e-16
7357.92048168 7.37774393395e-16
7360.1030364 7.22395922668e-16
7362.28559113 7.28245374064e-16
7364.46814585 7.16960235821e-16
7366.65070057 7.02255632809e-16
7368.83325529 7.23269531571e-16
7371.01581001 7.47954619704e-16
7373.19836473 7.61519250423e-16
7375.38091946 8.04026033575e-16
7377.56347418 7.96102601651e-16
7379.7460289 7.73693200798e-16
7381.92858362 7.48989107733e-16
7384.11113834 7.50102361315e-16
7386.29369307 7.46313972043e-16
7388.47624779 7.419485272e-16
7390.65880251 7.55898152625e-16
7392.84135723 7.42893209705e-16
7395.02391195 7.51985979978e-16
7397.20646667 7.57711167454e-16
7399.3890214 7.57412465984e-16
7401.57157612 7.7483825901e-16
7403.75413084 7.47353748422e-16
7405.93668556 7.36009738465e-16
7408.11924028 7.28502037248e-16
7410.30179501 7.47575906623e-16
7412.48434973 7.62377610967e-16
7414.66690445 7.66727144956e-16
7416.84945917 7.56478119595e-16
7419.03201389 7.44578994783e-16
7421.21456862 7.47089616284e-16
7423.39712334 7.47287406475e-16
7425.57967806 7.68263743133e-16
7427.76223278 7.61617569534e-16
7429.9447875 7.46029951967e-16
7432.12734222 7.49767648732e-16
7434.30989695 7.5343412537e-16
7436.49245167 7.50541467228e-16
7438.67500639 7.59671311241e-16
7440.85756111 7.51666612363e-16
7443.04011583 7.54219145249e-16
7445.22267056 7.65467472843e-16
7447.40522528 7.62356731994e-16
7449.58778 7.48948896345e-16
7451.77033472 7.59684387192e-16
7453.95288944 7.70539494383e-16
7456.13544416 7.73860851957e-16
7458.31799889 7.60092025169e-16
7460.50055361 7.69898328047e-16
7462.68310833 7.79697032424e-16
7464.86566305 7.70282271216e-16
7467.04821777 7.84470904284e-16
7469.2307725 7.90489558673e-16
7471.41332722 7.84411274114e-16
7473.59588194 7.80938600601e-16
7475.77843666 7.84542793741e-16
7477.96099138 7.89875231171e-16
7480.1435461 7.93124543457e-16
7482.32610083 7.90934797716e-16
7484.50865555 7.91363044307e-16
7486.69121027 7.89895071802e-16
7488.87376499 7.83290422629e-16
7491.05631971 7.95490588682e-16
7493.23887444 7.91268471064e-16
7495.42142916 7.67466615213e-16
7497.60398388 7.7931605265e-16
7499.7865386 7.84411570029e-16
7501.96909332 8.01749686621e-16
7504.15164804 7.93111255623e-16
7506.33420277 7.75851262771e-16
7508.51675749 7.79010163856e-16
7510.69931221 7.84624537075e-16
7512.88186693 7.96625030917e-16
7515.06442165 8.06143962239e-16
7517.24697638 7.93209637518e-16
7519.4295311 7.73871911167e-16
7521.61208582 7.74578738731e-16
7523.79464054 7.74888543428e-16
7525.97719526 7.79702174282e-16
7528.15974998 7.89280259889e-16
7530.34230471 7.85089285778e-16
7532.52485943 7.73199358713e-16
7534.70741415 7.63513396651e-16
7536.88996887 7.65487690151e-16
7539.07252359 7.64832059978e-16
7541.25507832 7.62815267206e-16
7543.43763304 7.79005864705e-16
7545.62018776 7.91718141025e-16
7547.80274248 7.87010561871e-16
7549.9852972 7.84637523384e-16
7552.16785192 7.794221729e-16
7554.35040665 7.75741956224e-16
7556.53296137 7.76932762387e-16
7558.71551609 7.77767568182e-16
7560.89807081 7.87440767815e-16
7563.08062553 7.93954641232e-16
7565.26318026 8.05115310242e-16
7567.44573498 8.06057235593e-16
7569.6282897 8.00152174583e-16
7571.81084442 7.95348457063e-16
7573.99339914 7.78472208432e-16
7576.17595387 7.92205732591e-16
7578.35850859 7.93230244425e-16
7580.54106331 7.71187883226e-16
7582.72361803 7.85024303656e-16
7584.90617275 7.95120142292e-16
7587.08872747 7.82645630523e-16
7589.2712822 7.65934453852e-16
7591.45383692 7.49231912636e-16
7593.63639164 7.38534421474e-16
7595.81894636 7.06026980824e-16
7598.00150108 7.00433060592e-16
7600.18405581 6.78538544955e-16
7602.36661053 6.63764791852e-16
7604.54916525 6.63662332694e-16
7606.73171997 6.55481391192e-16
7608.91427469 6.84705297354e-16
7611.09682941 6.91289220379e-16
7613.27938414 6.78026416537e-16
7615.46193886 6.97074552546e-16
7617.64449358 7.21300089511e-16
7619.8270483 7.3063987224e-16
7622.00960302 7.41272023648e-16
7624.19215775 7.54326705573e-16
7626.37471247 7.48729826787e-16
7628.55726719 7.24756015936e-16
7630.73982191 7.2901200862e-16
7632.92237663 7.09644646209e-16
7635.10493135 7.01546119416e-16
7637.28748608 7.23036378903e-16
7639.4700408 7.22309712447e-16
7641.65259552 7.24493129256e-16
7643.83515024 7.15203540465e-16
7646.01770496 7.31842669066e-16
7648.20025969 7.33435473221e-16
7650.38281441 7.48873648419e-16
7652.56536913 7.51608918602e-16
7654.74792385 7.37104934285e-16
7656.93047857 7.36406501854e-16
7659.11303329 7.41700205315e-16
7661.29558802 7.61312098065e-16
7663.47814274 7.594173389e-16
7665.66069746 7.42245209326e-16
7667.84325218 7.3587665125e-16
7670.0258069 7.34734539401e-16
7672.20836163 7.29368318668e-16
7674.39091635 7.38007226999e-16
7676.57347107 7.51343923747e-16
7678.75602579 7.60149689022e-16
7680.93858051 7.58791853312e-16
7683.12113523 7.68113502405e-16
7685.30368996 7.66682714536e-16
7687.48624468 7.73562625832e-16
7689.6687994 7.77532488129e-16
7691.85135412 7.64110507953e-16
7694.03390884 7.55280098773e-16
7696.21646357 7.592666151e-16
7698.39901829 7.87700698695e-16
7700.58157301 7.96627236288e-16
7702.76412773 8.01621675181e-16
7704.94668245 8.10348678586e-16
7707.12923718 8.04041719274e-16
7709.3117919 8.02717848057e-16
7711.49434662 8.10256737174e-16
7713.67690134 7.87597762416e-16
7715.85945606 7.88856596619e-16
7718.04201078 8.07508121407e-16
7720.22456551 8.03354070473e-16
7722.40712023 7.99254208767e-16
7724.58967495 8.11227510544e-16
7726.77222967 8.20190737339e-16
7728.95478439 8.1672880234e-16
7731.13733912 8.02670826198e-16
7733.31989384 8.01582923903e-16
7735.50244856 8.06138711741e-16
7737.68500328 8.14329724961e-16
7739.867558 8.15858904474e-16
7742.05011272 8.05524918615e-16
7744.23266745 8.17064961467e-16
7746.41522217 8.23445259607e-16
7748.59777689 8.05291039629e-16
7750.78033161 7.97367091771e-16
7752.96288633 7.98945147303e-16
7755.14544106 7.97403293251e-16
7757.32799578 8.14324512094e-16
7759.5105505 8.29206769173e-16
7761.69310522 8.19514791075e-16
7763.87565994 8.2267385181e-16
7766.05821466 8.27620462912e-16
7768.24076939 8.20208297144e-16
7770.42332411 8.29555788543e-16
7772.60587883 8.37238639435e-16
7774.78843355 8.36284855277e-16
7776.97098827 8.31967133484e-16
7779.153543 8.45614470161e-16
7781.33609772 8.35951498147e-16
7783.51865244 8.30490253799e-16
7785.70120716 8.48609892181e-16
7787.88376188 8.43035505107e-16
7790.0663166 8.50829518368e-16
7792.24887133 8.45989499233e-16
7794.43142605 8.33230915875e-16
7796.61398077 8.39971327297e-16
7798.79653549 8.37079063874e-16
7800.97909021 8.50318999711e-16
7803.16164494 8.44563608469e-16
7805.34419966 8.3829356448e-16
7807.52675438 8.59669863676e-16
7809.7093091 8.54030795869e-16
7811.89186382 8.31741539295e-16
7814.07441854 8.28914605164e-16
7816.25697327 8.48130658402e-16
7818.43952799 8.49392143316e-16
7820.62208271 8.55103316134e-16
7822.80463743 8.45791432422e-16
7824.98719215 8.43069730752e-16
7827.16974688 8.53371424096e-16
7829.3523016 8.39747178807e-16
7831.53485632 8.50515637672e-16
7833.71741104 8.41604995691e-16
7835.89996576 8.54204385403e-16
7838.08252048 8.53312466841e-16
7840.26507521 8.39070969511e-16
7842.44762993 8.45647657508e-16
7844.63018465 8.27762449733e-16
7846.81273937 8.09531802018e-16
7848.99529409 8.08705571238e-16
7851.17784882 8.16272531358e-16
7853.36040354 8.25732756892e-16
7855.54295826 8.35370751382e-16
7857.72551298 8.24648631973e-16
7859.9080677 8.01310102922e-16
7862.09062243 7.99986590148e-16
7864.27317715 8.23510340815e-16
7866.45573187 8.30657324286e-16
7868.63828659 8.32807706448e-16
7870.82084131 8.33319579773e-16
7873.00339603 8.13556616543e-16
7875.18595076 8.0466836584e-16
7877.36850548 8.12107746438e-16
7879.5510602 8.2879956628e-16
7881.73361492 8.20939079527e-16
7883.91616964 8.3345244202e-16
7886.09872437 8.40426540043e-16
7888.28127909 8.30881280248e-16
7890.46383381 8.3426981738e-16
7892.64638853 8.24383342582e-16
7894.82894325 8.2026669903e-16
7897.01149797 8.37423453134e-16
7899.1940527 8.43539193429e-16
7901.37660742 8.32136414707e-16
7903.55916214 8.26290434416e-16
7905.74171686 8.1029280748e-16
7907.92427158 8.18386302062e-16
7910.10682631 8.21884835331e-16
7912.28938103 8.05294335821e-16
7914.47193575 8.03479725264e-16
7916.65449047 8.07696362723e-16
7918.83704519 7.99290566272e-16
7921.01959991 7.92625643032e-16
7923.20215464 7.87398555188e-16
7925.38470936 7.79038513421e-16
7927.56726408 7.86240312358e-16
7929.7498188 8.01236128427e-16
7931.93237352 8.08111068666e-16
7934.11492825 8.252087269e-16
7936.29748297 8.40610728927e-16
7938.48003769 8.15761599345e-16
7940.66259241 7.99629370276e-16
7942.84514713 8.0029352108e-16
7945.02770185 8.05098331418e-16
7947.21025658 8.15058279569e-16
7949.3928113 8.16080244258e-16
7951.57536602 8.12227951718e-16
7953.75792074 8.2041056177e-16
7955.94047546 8.14836519386e-16
7958.12303019 8.02473406299e-16
7960.30558491 8.09296579361e-16
7962.48813963 8.13564734331e-16
7964.67069435 8.26929206507e-16
7966.85324907 8.03240488442e-16
7969.03580379 8.03006958898e-16
7971.21835852 8.03804969103e-16
7973.40091324 7.89381664582e-16
7975.58346796 8.183429202e-16
7977.76602268 8.23974671178e-16
7979.9485774 8.2467797213e-16
7982.13113213 8.15523630855e-16
7984.31368685 8.08775534237e-16
7986.49624157 8.11972986914e-16
7988.67879629 8.39470537568e-16
7990.86135101 8.21245096761e-16
7993.04390574 8.31935884815e-16
7995.22646046 8.28424342057e-16
7997.40901518 8.53208377805e-16
7999.5915699 8.44922047216e-16
8001.77412462 8.368482921e-16
8003.95667934 8.26937680766e-16
8006.13923407 8.27336539329e-16
8008.32178879 8.43633836105e-16
8010.50434351 8.39337390128e-16
