3400.0 -2.286e-16
3401.534176 1.1575e-16
3403.068352 5.3076e-16
3404.602528 2.5414e-16
3406.136704 3.2322e-16
3407.67088 4.5995e-16
3409.205056 7.2127e-16
3410.739232 4.9946e-16
3412.273408 2.061e-17
3413.807584 4.2454e-16
3415.34176 1.7462e-16
3416.875936 1.5623e-16
3418.410112 1.9547e-17
3419.944288 -8.4367e-17
3421.478464 2.2122e-16
3423.01264 3.2121e-16
3424.546816 -3.6332e-17
3426.080992 3.3081e-16
3427.615168 6.3264e-16
3429.149344 3.4884e-17
3430.68352 1.8202e-16
3432.217696 4.5905e-16
3433.751872 1.2354e-16
3435.286048 9.4398e-17
3436.820224 1.3655e-16
3438.3544 2.4468e-16
3439.888576 2.9949e-16
3441.422752 4.9831e-16
3442.956928 5.8455e-16
3444.491104 9.8209e-17
3446.02528 2.1346e-16
3447.559456 1.8319e-17
3449.093632 2.9753e-16
3450.627808 2.8863e-16
3452.161984 2.0394e-16
3453.69616 3.7688e-16
3455.230336 1.9007e-16
3456.764512 3.9177e-16
3458.298688 5.3427e-16
3459.832864 3.1102e-16
3461.36704 4.505e-17
3462.901216 -2.1675e-18
3464.435392 1.9659e-16
3465.969568 1.5048e-16
3467.503744 5.0904e-16
3469.03792 2.6846e-16
3470.572096 2.2379e-16
3472.106272 2.2176e-16
3473.640448 3.2956e-16
3475.174624 5.8052e-16
3476.7088 1.344e-16
3478.242976 9.4419e-17
3479.777152 1.1848e-16
3481.311328 3.4605e-16
3482.845504 4.4981e-16
3484.37968 5.6951e-16
3485.913856 -1.3696e-16
3487.448032 1.9981e-17
3488.982208 -2.2198e-20
3490.516384 2.2488e-16
3492.05056 3.5162e-16
3493.584736 8.0817e-17
3495.118912 8.5618e-17
3496.653088 3.1702e-16
3498.187264 2.084e-16
3499.72144 -6.9463e-17
3501.255616 2.2701e-16
3502.789792 7.3762e-17
3504.323968 3.692e-17
3505.858144 1.2988e-16
3507.39232 2.7362e-16
3508.926496 3.3207e-16
3510.460672 3.9842e-16
3511.994848 2.5374e-16
3513.529024 2.2778e-16
3515.0632 4.9748e-16
3516.597376 3.3943e-16
3518.131552 1.5809e-17
3519.665728 3.4429e-16
3521.199904 3.2762e-16
3522.73408 1.1471e-16
3524.268256 1.845e-16
3525.802432 3.1475e-16
3527.336608 1.7627e-16
3528.870784 3.7983e-17
3530.40496 3.1253e-16
3531.939136 4.1968e-16
3533.473312 2.4109e-16
3535.007488 2.8489e-16
3536.541664 3.2779e-16
3538.07584 3.2079e-16
3539.610016 4.8384e-16
3541.144192 6.1466e-16
3542.678368 2.6341e-16
3544.212544 1.7827e-16
3545.74672 5.2643e-17
3547.280896 2.4225e-16
3548.815072 1.397e-16
3550.349248 1.509e-16
3551.883424 5.5108e-16
3553.4176 4.6203e-16
3554.951776 3.1971e-16
3556.485952 3.8332e-16
3558.020128 2.8814e-16
3559.554304 4.4643e-16
3561.08848 3.7291e-16
3562.622656 2.2506e-16
3564.156832 1.185e-16
3565.691008 2.2142e-16
3567.225184 2.937e-16
3568.75936 3.8103e-16
3570.293536 1.9718e-16
3571.827712 1.2504e-16
3573.361888 3.228e-16
3574.896064 2.5342e-16
3576.43024 3.5589e-17
3577.964416 1.9661e-16
3579.498592 1.9639e-16
3581.032768 1.9278e-16
3582.566944 1.6962e-16
3584.10112 2.4514e-16
3585.635296 4.0392e-16
3587.169472 1.9648e-16
3588.703648 1.0436e-16
3590.237824 1.3213e-16
3591.772 1.8188e-16
3593.306176 2.3691e-16
3594.840352 3.1339e-16
3596.374528 2.1555e-16
3597.908704 2.4179e-16
3599.44288 2.2417e-16
3600.977056 1.3508e-16
3602.511232 1.8829e-16
3604.045408 1.8032e-16
3605.579584 2.5714e-16
3607.11376 9.1376e-17
3608.647936 1.8495e-16
3610.182112 1.4118e-16
3611.716288 1.5167e-16
3613.250464 1.7772e-16
3614.78464 1.1307e-16
3616.318816 1.7398e-16
3617.852992 2.7644e-16
3619.387168 2.2541e-16
3620.921344 2.2994e-16
3622.45552 1.1995e-16
3623.989696 1.6054e-16
3625.523872 1.1624e-16
3627.058048 2.8892e-17
3628.592224 7.0685e-17
3630.1264 2.6198e-18
3631.660576 1.7396e-16
3633.194752 1.1283e-17
3634.728928 2.2121e-16
3636.263104 1.3476e-16
3637.79728 1.0686e-16
3639.331456 1.0878e-16
3640.865632 2.4789e-16
3642.399808 9.2595e-17
3643.933984 6.7784e-17
3645.46816 -2.4446e-17
3647.002336 2.438e-16
3648.536512 1.332e-16
3650.070688 2.1397e-16
3651.604864 2.089e-16
3653.13904 1.4191e-16
3654.673216 1.7922e-16
3656.207392 2.1208e-16
3657.741568 2.2383e-16
3659.275744 1.6308e-16
3660.80992 1.2982e-16
3662.344096 2.7897e-16
3663.878272 2.2649e-16
3665.412448 1.8314e-16
3666.946624 1.9901e-16
3668.4808 1.6004e-16
3670.014976 3.4541e-16
3671.549152 1.7392e-16
3673.083328 4.012e-17
3674.617504 1.674e-16
3676.15168 2.7752e-16
3677.685856 1.7857e-16
3679.220032 8.6047e-17
3680.754208 2.0425e-16
3682.288384 2.1308e-16
3683.82256 2.329e-16
3685.356736 1.9116e-16
3686.890912 1.8169e-16
3688.425088 -7.6146e-18
3689.959264 1.6673e-17
3691.49344 2.0541e-16
3693.027616 2.7865e-16
3694.561792 2.7572e-16
3696.095968 1.9571e-16
3697.630144 1.9351e-16
3699.16432 1.991e-16
3700.698496 3.2849e-16
3702.232672 3.0985e-16
3703.766848 1.2358e-16
3705.301024 2.0696e-16
3706.8352 2.8639e-16
3708.369376 2.9243e-16
3709.903552 1.1169e-16
3711.437728 2.1543e-16
3712.971904 2.4814e-16
3714.50608 2.0125e-16
3716.040256 4.6918e-17
3717.574432 1.9686e-16
3719.108608 2.8151e-16
3720.642784 1.0942e-16
3722.17696 9.4687e-17
3723.711136 3.1306e-16
3725.245312 2.6962e-16
3726.779488 1.4058e-16
3728.313664 4.2751e-17
3729.84784 1.0086e-16
3731.382016 1.6001e-16
3732.916192 1.6515e-16
3734.450368 2.2008e-16
3735.984544 1.9746e-16
3737.51872 2.8458e-16
3739.052896 1.9442e-16
3740.587072 2.2592e-16
3742.121248 1.6937e-16
3743.655424 1.0078e-16
3745.1896 1.7668e-16
3746.723776 1.0023e-16
3748.257952 7.8681e-17
3749.792128 9.313e-17
3751.326304 1.7937e-16
3752.86048 2.189e-16
3754.394656 1.2765e-16
3755.928832 2.0609e-16
3757.463008 1.2103e-16
3758.997184 2.3769e-16
3760.53136 1.8758e-16
3762.065536 2.5345e-16
3763.599712 3.4384e-16
3765.133888 2.2147e-16
3766.668064 2.5534e-16
3768.20224 3.7306e-16
3769.736416 2.8588e-16
3771.270592 1.6354e-16
3772.804768 2.3634e-16
3774.338944 2.7552e-16
3775.87312 2.2928e-16
3777.407296 1.7118e-16
3778.941472 2.1234e-16
3780.475648 1.958e-16
3782.009824 2.7281e-16
3783.544 2.7047e-16
3785.078176 2.2464e-16
3786.612352 1.8363e-16
3788.146528 1.2736e-16
3789.680704 1.2657e-16
3791.21488 1.9983e-16
3792.749056 1.8414e-16
3794.283232 2.1362e-16
3795.817408 2.0077e-16
3797.351584 1.6799e-16
3798.88576 5.9576e-17
3800.419936 1.8213e-16
3801.954112 3.276e-16
3803.488288 2.9976e-16
3805.022464 1.2178e-16
3806.55664 1.7586e-16
3808.090816 1.9088e-16
3809.624992 1.6165e-16
3811.159168 2.7891e-16
3812.693344 2.9889e-16
3814.22752 2.6381e-16
3815.761696 2.5523e-16
3817.295872 2.1035e-16
3818.830048 2.5905e-16
3820.364224 1.7963e-16
3821.8984 1.4025e-16
3823.432576 2.3902e-16
3824.966752 1.4977e-16
3826.500928 2.3119e-16
3828.035104 3.3294e-16
3829.56928 3.7513e-16
3831.103456 2.5315e-16
3832.637632 3.1794e-16
3834.171808 1.9601e-16
3835.705984 2.1888e-16
3837.24016 2.4259e-16
3838.774336 1.7614e-16
3840.308512 2.8972e-16
3841.842688 2.3209e-16
3843.376864 2.6573e-16
3844.91104 2.7509e-16
3846.445216 2.2831e-16
3847.979392 3.0729e-16
3849.513568 2.9332e-16
3851.047744 3.1726e-16
3852.58192 3.1988e-16
3854.116096 1.9131e-16
3855.650272 3.3487e-16
3857.184448 1.596e-16
3858.718624 1.9286e-16
3860.2528 2.5854e-16
3861.786976 1.7019e-16
3863.321152 2.7482e-16
3864.855328 3.4448e-16
3866.389504 2.8303e-16
3867.92368 2.6218e-16
3869.457856 2.3836e-16
3870.992032 2.2389e-16
3872.526208 3.1382e-16
3874.060384 3.4404e-16
3875.59456 3.7426e-16
3877.128736 4.4684e-16
3878.662912 4.0356e-16
3880.197088 2.6676e-16
3881.731264 1.8887e-16
3883.26544 1.872e-16
3884.799616 1.9875e-16
3886.333792 3.276e-16
3887.867968 2.4128e-16
3889.402144 2.3282e-16
3890.93632 3.486e-16
3892.470496 3.9891e-16
3894.004672 2.8562e-16
3895.538848 2.2938e-16
3897.073024 2.8068e-16
3898.6072 3.4615e-16
3900.141376 2.2183e-16
3901.675552 2.0204e-16
3903.209728 2.6575e-16
3904.743904 2.9663e-16
3906.27808 3.8836e-16
3907.812256 3.4308e-16
3909.346432 1.9026e-16
3910.880608 2.1589e-16
3912.414784 3.3173e-16
3913.94896 3.0882e-16
3915.483136 1.3383e-16
3917.017312 9.6846e-17
3918.551488 2.0481e-16
3920.085664 1.8355e-16
3921.61984 2.6858e-16
3923.154016 2.4379e-16
3924.688192 2.8227e-16
3926.222368 1.6334e-16
3927.756544 1.8357e-16
3929.29072 2.2332e-16
3930.824896 1.8264e-16
3932.359072 1.5666e-16
3933.893248 2.0282e-16
3935.427424 1.6462e-16
3936.9616 2.4042e-16
3938.495776 2.9696e-16
3940.029952 1.7494e-16
3941.564128 1.4701e-16
3943.098304 1.3163e-16
3944.63248 9.5624e-17
3946.166656 2.4359e-16
3947.700832 2.2414e-16
3949.235008 3.3796e-16
3950.769184 2.0003e-16
3952.30336 1.9491e-16
3953.837536 3.884e-16
3955.371712 3.3734e-16
3956.905888 2.9776e-16
3958.440064 2.6794e-16
3959.97424 2.9693e-16
3961.508416 2.0257e-16
3963.042592 2.7497e-16
3964.576768 2.7509e-16
3966.110944 4.1352e-16
3967.64512 3.2768e-16
3969.179296 2.2633e-16
3970.713472 1.9734e-16
3972.247648 2.4261e-16
3973.781824 2.2122e-16
3975.316 2.0264e-16
3976.850176 1.9819e-16
3978.384352 1.3683e-16
3979.918528 1.597e-16
3981.452704 2.1172e-16
3982.98688 1.6385e-16
3984.521056 1.7877e-16
3986.055232 2.5606e-16
3987.589408 1.9153e-16
3989.123584 2.6439e-16
3990.65776 3.1629e-16
3992.191936 3.0866e-16
3993.726112 3.1111e-16
3995.260288 1.659e-16
3996.794464 2.7903e-16
3998.32864 3.4024e-16
3999.862816 2.7963e-16
4001.396992 2.6869e-16
4002.931168 1.4769e-16
4004.465344 2.1475e-16
4005.99952 1.3013e-16
4007.533696 1.3965e-16
4009.067872 2.0219e-16
4010.602048 3.4025e-16
4012.136224 3.2757e-16
4013.6704 9.694e-17
4015.204576 1.2685e-16
4016.738752 2.3513e-16
4018.272928 1.8472e-16
4019.807104 2.2312e-16
4021.34128 1.2884e-16
4022.875456 2.6142e-16
4024.409632 2.4985e-16
4025.943808 3.6969e-16
4027.477984 1.4673e-16
4029.01216 1.0304e-16
4030.546336 1.9861e-16
4032.080512 2.6373e-16
4033.614688 2.5168e-16
4035.148864 2.1256e-16
4036.68304 1.9383e-16
4038.217216 2.4283e-16
4039.751392 2.5843e-16
4041.285568 3.1516e-16
4042.819744 1.8932e-16
4044.35392 2.1259e-16
4045.888096 3.1999e-16
4047.422272 2.3348e-16
4048.956448 2.7673e-16
4050.490624 2.4505e-16
4052.0248 1.7767e-16
4053.558976 3.5373e-16
4055.093152 2.6036e-16
4056.627328 2.2985e-16
4058.161504 3.3077e-16
4059.69568 2.9132e-16
4061.229856 2.3334e-16
4062.764032 2.1894e-16
4064.298208 3.4789e-16
4065.832384 2.0905e-16
4067.36656 2.4743e-16
4068.900736 2.1697e-16
4070.434912 2.0279e-16
4071.969088 2.5917e-16
4073.503264 2.1857e-16
4075.03744 2.5862e-16
4076.571616 2.6123e-16
4078.105792 3.1277e-16
4079.639968 1.5938e-16
4081.174144 3.0591e-16
4082.70832 3.0813e-16
4084.242496 2.6975e-16
4085.776672 2.7303e-16
4087.310848 2.7941e-16
4088.845024 3.9555e-16
4090.3792 3.3077e-16
4091.913376 3.33e-16
4093.447552 3.37e-16
4094.981728 1.9421e-16
4096.515904 2.0145e-16
4098.05008 3.2897e-16
4099.584256 3.2365e-16
4101.118432 3.0558e-16
4102.652608 4.2549e-16
4104.186784 3.9166e-16
4105.72096 3.1693e-16
4107.255136 2.5295e-16
4108.789312 3.1559e-16
4110.323488 3.0068e-16
4111.857664 2.3098e-16
4113.39184 3.0581e-16
4114.926016 1.8986e-16
4116.460192 2.2445e-16
4117.994368 2.2446e-16
4119.528544 2.6564e-16
4121.06272 1.2671e-16
4122.596896 1.1659e-16
4124.131072 1.714e-16
4125.665248 1.1802e-16
4127.199424 6.1014e-17
4128.7336 2.1311e-16
4130.267776 1.4523e-16
4131.801952 1.6545e-16
4133.336128 2.4057e-16
4134.870304 2.0737e-16
4136.40448 3.3051e-16
4137.938656 3.3065e-16
4139.472832 2.8045e-16
4141.007008 3.7306e-16
4142.541184 4.2516e-16
4144.07536 2.9788e-16
4145.609536 4.0856e-16
4147.143712 2.8363e-16
4148.677888 3.995e-16
4150.212064 3.0142e-16
4151.74624 3.3353e-16
4153.280416 3.1256e-16
4154.814592 3.6463e-16
4156.348768 2.5688e-16
4157.882944 3.3712e-16
4159.41712 1.5092e-16
4160.951296 1.2024e-16
4162.485472 3.3485e-17
4164.019648 1.8911e-16
4165.553824 1.3563e-16
4167.088 1.6518e-16
4168.622176 3.1107e-16
4170.156352 4.0854e-16
4171.690528 3.8803e-16
4173.224704 2.5423e-16
4174.75888 3.6856e-16
4176.293056 3.4896e-16
4177.827232 3.5033e-16
4179.361408 5.0052e-16
4180.895584 4.6193e-16
4182.42976 3.0938e-16
4183.963936 2.447e-16
4185.498112 3.6004e-16
4187.032288 4.0383e-16
4188.566464 2.7431e-16
4190.10064 2.7955e-16
4191.634816 4.0068e-16
4193.168992 3.6302e-16
4194.703168 2.8133e-16
4196.237344 3.7485e-16
4197.77152 3.5178e-16
4199.305696 3.1194e-16
4200.839872 3.4951e-16
4202.374048 2.8448e-16
4203.908224 3.731e-16
4205.4424 2.4582e-16
4206.976576 3.6233e-16
4208.510752 3.655e-16
4210.044928 3.0397e-16
4211.579104 4.4512e-16
4213.11328 3.7399e-16
4214.647456 3.4366e-16
4216.181632 3.6979e-16
4217.715808 4.3586e-16
4219.249984 4.2787e-16
4220.78416 4.0335e-16
4222.318336 4.0203e-16
4223.852512 4.0619e-16
4225.386688 3.408e-16
4226.920864 2.3842e-16
4228.45504 2.0647e-16
4229.989216 3.5433e-16
4231.523392 4.2117e-16
4233.057568 3.2797e-16
4234.591744 3.6785e-16
4236.12592 3.9167e-16
4237.660096 4.3911e-16
4239.194272 4.279e-16
4240.728448 4.5183e-16
4242.262624 4.0187e-16
4243.7968 3.441e-16
4245.330976 3.2697e-16
4246.865152 3.304e-16
4248.399328 3.7493e-16
4249.933504 3.9704e-16
4251.46768 3.6573e-16
4253.001856 4.1895e-16
4254.536032 3.6295e-16
4256.070208 3.2591e-16
4257.604384 2.9739e-16
4259.13856 3.064e-16
4260.672736 3.4935e-16
4262.206912 3.9666e-16
4263.741088 3.4054e-16
4265.275264 2.75e-16
4266.80944 4.1094e-16
4268.343616 4.1589e-16
4269.877792 4.1135e-16
4271.411968 3.7913e-16
4272.946144 3.8818e-16
4274.48032 3.8649e-16
4276.014496 3.596e-16
4277.548672 3.1149e-16
4279.082848 4.6544e-16
4280.617024 3.9809e-16
4282.1512 3.9564e-16
4283.685376 3.3933e-16
4285.219552 3.6058e-16
4286.753728 3.9793e-16
4288.287904 4.5095e-16
4289.82208 4.4027e-16
4291.356256 4.1891e-16
4292.890432 4.5022e-16
4294.424608 3.6277e-16
4295.958784 4.7375e-16
4297.49296 4.2798e-16
4299.027136 3.7078e-16
4300.561312 3.5013e-16
4302.095488 4.0917e-16
4303.629664 3.2835e-16
4305.16384 4.2406e-16
4306.698016 4.1529e-16
4308.232192 4.2705e-16
4309.766368 2.873e-16
4311.300544 2.9901e-16
4312.83472 2.6938e-16
4314.368896 2.5658e-16
4315.903072 3.5327e-16
4317.437248 4.0378e-16
4318.971424 3.3804e-16
4320.5056 3.3932e-16
4322.039776 3.6279e-16
4323.573952 4.9636e-16
4325.108128 4.1178e-16
4326.642304 3.6821e-16
4328.17648 3.6054e-16
4329.710656 3.5515e-16
4331.244832 3.3695e-16
4332.779008 2.7121e-16
4334.313184 3.6399e-16
4335.84736 4.1889e-16
4337.381536 3.5992e-16
4338.915712 4.137e-16
4340.449888 4.6051e-16
4341.984064 4.4456e-16
4343.51824 4.2753e-16
4345.052416 3.2865e-16
4346.586592 3.4328e-16
4348.120768 3.43e-16
4349.654944 3.6595e-16
4351.18912 4.9249e-16
4352.723296 3.735e-16
4354.257472 3.8066e-16
4355.791648 4.8319e-16
4357.325824 3.433e-16
4358.86 3.2072e-16
4360.394176 4.3967e-16
4361.928352 4.0115e-16
4363.462528 4.2269e-16
4364.996704 3.9236e-16
4366.53088 3.1652e-16
4368.065056 2.5416e-16
4369.599232 3.9394e-16
4371.133408 3.4686e-16
4372.667584 2.3843e-16
4374.20176 4.328e-16
4375.735936 5.0582e-16
4377.270112 4.5526e-16
4378.804288 3.5632e-16
4380.338464 3.7044e-16
4381.87264 4.159e-16
4383.406816 3.527e-16
4384.940992 3.245e-16
4386.475168 3.0192e-16
4388.009344 3.491e-16
4389.54352 3.5412e-16
4391.077696 3.311e-16
4392.611872 3.4048e-16
4394.146048 3.8691e-16
4395.680224 3.6629e-16
4397.2144 3.0085e-16
4398.748576 5.4436e-16
4400.282752 4.191e-16
4401.816928 4.0432e-16
4403.351104 2.7968e-16
4404.88528 4.0804e-16
4406.419456 4.3449e-16
4407.953632 5.2216e-16
4409.487808 5.1426e-16
4411.021984 5.4265e-16
4412.55616 3.8303e-16
4414.090336 3.575e-16
4415.624512 4.5445e-16
4417.158688 5.0146e-16
4418.692864 3.4488e-16
4420.22704 2.9865e-16
4421.761216 4.8623e-16
4423.295392 5.1314e-16
4424.829568 3.8238e-16
4426.363744 3.4924e-16
4427.89792 4.4127e-16
4429.432096 5.2601e-16
4430.966272 3.1031e-16
4432.500448 2.4452e-16
4434.034624 4.0476e-16
4435.5688 4.3202e-16
4437.102976 3.6891e-16
4438.637152 2.0544e-16
4440.171328 3.3394e-16
4441.705504 4.0169e-16
4443.23968 4.1983e-16
4444.773856 3.7532e-16
4446.308032 2.3528e-16
4447.842208 5.5014e-16
4449.376384 5.1027e-16
4450.91056 3.7912e-16
4452.444736 4.6602e-16
4453.978912 4.3196e-16
4455.513088 3.1675e-16
4457.047264 4.3906e-16
4458.58144 5.1722e-16
4460.115616 5.5487e-16
4461.649792 4.467e-16
4463.183968 6.6305e-16
4464.718144 6.6813e-16
4466.25232 5.5714e-16
4467.786496 4.1419e-16
4469.320672 4.3036e-16
4470.854848 2.8632e-16
4472.389024 3.9851e-16
4473.9232 4.6247e-16
4475.457376 3.3619e-16
4476.991552 4.7233e-16
4478.525728 3.1981e-16
4480.059904 4.0818e-16
4481.59408 4.0032e-16
4483.128256 4.7782e-16
4484.662432 3.8531e-16
4486.196608 2.4787e-16
4487.730784 5.1787e-16
4489.26496 5.9468e-16
4490.799136 3.6728e-16
4492.333312 4.0563e-16
4493.867488 3.9619e-16
4495.401664 3.4543e-16
4496.93584 3.8889e-16
4498.470016 3.5189e-16
4500.004192 3.8545e-16
4501.538368 3.0208e-16
4503.072544 3.7319e-16
4504.60672 4.1418e-16
4506.140896 4.1926e-16
4507.675072 2.3162e-16
4509.209248 3.3059e-16
4510.743424 4.2433e-16
4512.2776 3.2176e-16
4513.811776 3.4062e-16
4515.345952 3.2813e-16
4516.880128 3.6621e-16
4518.414304 2.8264e-16
4519.94848 1.5301e-16
4521.482656 3.6656e-16
4523.016832 5.1324e-16
4524.551008 5.4552e-16
4526.085184 5.3848e-16
4527.61936 5.0854e-16
4529.153536 5.086e-16
4530.687712 4.2115e-16
4532.221888 4.5123e-16
4533.756064 3.7105e-16
4535.29024 3.3172e-16
4536.824416 3.4813e-16
4538.358592 3.4099e-16
4539.892768 4.6584e-16
4541.426944 5.8077e-16
4542.96112 5.9631e-16
4544.495296 5.2745e-16
4546.029472 4.8263e-16
4547.563648 4.3322e-16
4549.097824 2.1474e-16
4550.632 3.5839e-16
4552.166176 3.1036e-16
4553.700352 3.0113e-16
4555.234528 3.5262e-16
4556.768704 4.304e-16
4558.30288 3.5992e-16
4559.837056 4.0816e-16
4561.371232 4.9942e-16
4562.905408 4.4473e-16
4564.439584 3.9373e-16
4565.97376 4.2305e-16
4567.507936 2.7078e-16
4569.042112 4.327e-16
4570.576288 5.3085e-16
4572.110464 5.2468e-16
4573.64464 3.3961e-16
4575.178816 5.4319e-16
4576.712992 5.0298e-16
4578.247168 4.7126e-16
4579.781344 4.6413e-16
4581.31552 4.576e-16
4582.849696 4.4958e-16
4584.383872 3.8671e-16
4585.918048 4.3448e-16
4587.452224 4.7287e-16
4588.9864 3.833e-16
4590.520576 4.4862e-16
4592.054752 3.846e-16
4593.588928 3.4288e-16
4595.123104 3.3581e-16
4596.65728 4.1204e-16
4598.191456 3.4701e-16
4599.725632 3.5384e-16
4601.259808 3.2277e-16
4602.793984 4.3772e-16
4604.32816 3.9084e-16
4605.862336 4.4515e-16
4607.396512 3.6427e-16
4608.930688 3.6046e-16
4610.464864 4.8915e-16
4611.99904 4.6338e-16
4613.533216 5.2288e-16
4615.067392 4.6183e-16
4616.601568 3.2838e-16
4618.135744 3.2842e-16
4619.66992 4.2832e-16
4621.204096 4.9443e-16
4622.738272 4.5982e-16
4624.272448 4.9806e-16
4625.806624 6.1975e-16
4627.3408 4.141e-16
4628.874976 4.7407e-16
4630.409152 4.9959e-16
4631.943328 4.5006e-16
4633.477504 4.2095e-16
4635.01168 3.821e-16
4636.545856 4.2559e-16
4638.080032 5.0141e-16
4639.614208 4.3315e-16
4641.148384 5.4471e-16
4642.68256 4.8642e-16
4644.216736 4.4129e-16
4645.750912 4.6128e-16
4647.285088 4.2611e-16
4648.819264 4.5957e-16
4650.35344 5.0497e-16
4651.887616 3.9508e-16
4653.421792 4.2611e-16
4654.955968 4.3171e-16
4656.490144 3.9644e-16
4658.02432 5.1549e-16
4659.558496 5.6451e-16
4661.092672 4.361e-16
4662.626848 4.4733e-16
4664.161024 5.1269e-16
4665.6952 3.7036e-16
4667.229376 4.7981e-16
4668.763552 4.6131e-16
4670.297728 4.3767e-16
4671.831904 3.874e-16
4673.36608 5.1285e-16
4674.900256 4.4446e-16
4676.434432 3.2788e-16
4677.968608 4.464e-16
4679.502784 4.1827e-16
4681.03696 4.4726e-16
4682.571136 4.8326e-16
4684.105312 4.9995e-16
4685.639488 5.3374e-16
4687.173664 4.9385e-16
4688.70784 4.5222e-16
4690.242016 4.8077e-16
4691.776192 4.0239e-16
4693.310368 4.2676e-16
4694.844544 4.9322e-16
4696.37872 5.3158e-16
4697.912896 5.2206e-16
4699.447072 5.9763e-16
4700.981248 4.8945e-16
4702.515424 3.881e-16
4704.0496 4.5641e-16
4705.583776 3.8696e-16
4707.117952 4.706e-16
4708.652128 4.1829e-16
4710.186304 4.7607e-16
4711.72048 6.1625e-16
4713.254656 4.2971e-16
4714.788832 3.8874e-16
4716.323008 5.2167e-16
4717.857184 6.0282e-16
4719.39136 5.6657e-16
4720.925536 5.424e-16
4722.459712 6.0574e-16
4723.993888 5.49e-16
4725.528064 4.961e-16
4727.06224 4.7618e-16
4728.596416 4.4907e-16
4730.130592 6.124e-16
4731.664768 6.3081e-16
4733.198944 5.5779e-16
4734.73312 4.5285e-16
4736.267296 5.3784e-16
4737.801472 4.785e-16
4739.335648 4.8485e-16
4740.869824 5.5377e-16
4742.404 6.7291e-16
4743.938176 6.0018e-16
4745.472352 5.2252e-16
4747.006528 3.8353e-16
4748.540704 4.7532e-16
4750.07488 4.9407e-16
4751.609056 3.8579e-16
4753.143232 4.5545e-16
4754.677408 4.3058e-16
4756.211584 4.2457e-16
4757.74576 4.9481e-16
4759.279936 5.0952e-16
4760.814112 5.9913e-16
4762.348288 6.2813e-16
4763.882464 5.5014e-16
4765.41664 3.84e-16
4766.950816 4.7919e-16
4768.484992 5.4733e-16
4770.019168 3.8058e-16
4771.553344 4.6612e-16
4773.08752 5.4196e-16
4774.621696 4.9263e-16
4776.155872 4.114e-16
4777.690048 4.3366e-16
4779.224224 5.0518e-16
4780.7584 6.2797e-16
4782.292576 4.8981e-16
4783.826752 5.1358e-16
4785.360928 5.357e-16
4786.895104 5.5428e-16
4788.42928 5.0186e-16
4789.963456 3.8914e-16
4791.497632 4.6242e-16
4793.031808 5.7127e-16
4794.565984 5.7229e-16
4796.10016 5.9505e-16
4797.634336 6.292e-16
4799.168512 5.5949e-16
4800.702688 4.7775e-16
4802.236864 5.1236e-16
4803.77104 4.5535e-16
4805.305216 4.5957e-16
4806.839392 5.1991e-16
4808.373568 4.3111e-16
4809.907744 4.9998e-16
4811.44192 5.5784e-16
4812.976096 4.479e-16
4814.510272 5.5097e-16
4816.044448 6.5729e-16
4817.578624 5.631e-16
4819.1128 6.3532e-16
4820.646976 5.6586e-16
4822.181152 5.7541e-16
4823.715328 5.7966e-16
4825.249504 4.7398e-16
4826.78368 4.3451e-16
4828.317856 5.4046e-16
4829.852032 5.4095e-16
4831.386208 5.7499e-16
4832.920384 4.6251e-16
4834.45456 4.8478e-16
4835.988736 5.6653e-16
4837.522912 5.3655e-16
4839.057088 4.2778e-16
4840.591264 5.6429e-16
4842.12544 5.7087e-16
4843.659616 5.1535e-16
4845.193792 4.8293e-16
4846.727968 5.2556e-16
4848.262144 6.4987e-16
4849.79632 5.2158e-16
4851.330496 5.2729e-16
4852.864672 4.9332e-16
4854.398848 5.647e-16
4855.933024 5.4786e-16
4857.4672 4.6667e-16
4859.001376 5.3656e-16
4860.535552 4.7337e-16
4862.069728 5.2861e-16
4863.603904 5.5845e-16
4865.13808 6.0396e-16
4866.672256 5.8166e-16
4868.206432 5.7653e-16
4869.740608 6.0463e-16
4871.274784 5.3124e-16
4872.80896 4.2782e-16
4874.343136 4.2971e-16
4875.877312 4.8508e-16
4877.411488 5.369e-16
4878.945664 4.8362e-16
4880.47984 5.1525e-16
4882.014016 4.8598e-16
4883.548192 4.7943e-16
4885.082368 5.3278e-16
4886.616544 5.2329e-16
4888.15072 4.6509e-16
4889.684896 5.7666e-16
4891.219072 5.4432e-16
4892.753248 4.2808e-16
4894.287424 4.0614e-16
4895.8216 3.981e-16
4897.355776 4.7905e-16
4898.889952 5.7478e-16
4900.424128 5.2226e-16
4901.958304 5.6655e-16
4903.49248 6.0159e-16
4905.026656 5.3748e-16
4906.560832 6.2278e-16
4908.095008 5.6129e-16
4909.629184 5.6162e-16
4911.16336 6.1177e-16
4912.697536 5.3484e-16
4914.231712 5.3528e-16
4915.765888 4.9867e-16
4917.300064 6.0312e-16
4918.83424 5.4559e-16
4920.368416 4.3731e-16
4921.902592 5.8019e-16
4923.436768 5.5129e-16
4924.970944 4.3457e-16
4926.50512 3.9087e-16
4928.039296 5.5389e-16
4929.573472 4.3057e-16
4931.107648 4.7161e-16
4932.641824 5.2243e-16
4934.176 4.8923e-16
4935.710176 5.2464e-16
4937.244352 5.3496e-16
4938.778528 4.9311e-16
4940.312704 5.0041e-16
4941.84688 5.9967e-16
4943.381056 5.5236e-16
4944.915232 4.4531e-16
4946.449408 4.1152e-16
4947.983584 6.1495e-16
4949.51776 4.9101e-16
4951.051936 4.1327e-16
4952.586112 6.4056e-16
4954.120288 6.3362e-16
4955.654464 5.4793e-16
4957.18864 5.0044e-16
4958.722816 5.4774e-16
4960.256992 5.5885e-16
4961.791168 4.6399e-16
4963.325344 5.287e-16
4964.85952 5.4719e-16
4966.393696 4.9493e-16
4967.927872 6.1468e-16
4969.462048 5.7842e-16
4970.996224 4.937e-16
4972.5304 3.8692e-16
4974.064576 4.4014e-16
4975.598752 5.6277e-16
4977.132928 5.7048e-16
4978.667104 6.0637e-16
4980.20128 5.9807e-16
4981.735456 5.6064e-16
4983.269632 4.6828e-16
4984.803808 5.767e-16
4986.337984 5.5982e-16
4987.87216 5.5352e-16
4989.406336 5.5958e-16
4990.940512 6.34e-16
4992.474688 4.9201e-16
4994.008864 4.2188e-16
4995.54304 3.8092e-16
4997.077216 4.0959e-16
4998.611392 3.6166e-16
5000.145568 5.5926e-16
5001.679744 4.885e-16
5003.21392 4.6887e-16
5004.748096 4.9435e-16
5006.282272 4.3581e-16
5007.816448 6.073e-16
5009.350624 4.9627e-16
5010.8848 5.0775e-16
5012.418976 6.1158e-16
5013.953152 5.3594e-16
5015.487328 5.9283e-16
5017.021504 6.0632e-16
5018.55568 4.4308e-16
5020.089856 4.8456e-16
5021.624032 4.8317e-16
5023.158208 5.396e-16
5024.692384 5.0439e-16
5026.22656 4.9216e-16
5027.760736 6.0779e-16
5029.294912 5.9429e-16
5030.829088 4.9796e-16
5032.363264 5.5431e-16
5033.89744 6.4786e-16
5035.431616 6.5603e-16
5036.965792 6.4857e-16
5038.499968 4.8772e-16
5040.034144 5.7251e-16
5041.56832 5.7743e-16
5043.102496 5.3324e-16
5044.636672 6.0428e-16
5046.170848 6.3174e-16
5047.705024 6.9453e-16
5049.2392 7.3588e-16
5050.773376 7.2475e-16
5052.307552 6.7459e-16
5053.841728 6.3738e-16
5055.375904 6.4745e-16
5056.91008 5.5748e-16
5058.444256 6.2847e-16
5059.978432 5.2913e-16
5061.512608 5.1594e-16
5063.046784 5.2554e-16
5064.58096 5.251e-16
5066.115136 5.3809e-16
5067.649312 4.5788e-16
5069.183488 5.3016e-16
5070.717664 6.0395e-16
5072.25184 6.7441e-16
5073.786016 5.8407e-16
5075.320192 5.6226e-16
5076.854368 5.5978e-16
5078.388544 5.1664e-16
5079.92272 6.2583e-16
5081.456896 5.4413e-16
5082.991072 6.4798e-16
5084.525248 7.3507e-16
5086.059424 5.5784e-16
5087.5936 5.987e-16
5089.127776 6.1043e-16
5090.661952 5.9071e-16
5092.196128 5.1516e-16
5093.730304 4.8149e-16
5095.26448 6.2854e-16
5096.798656 6.1894e-16
5098.332832 4.8929e-16
5099.867008 5.0901e-16
5101.401184 4.7579e-16
5102.93536 4.4444e-16
5104.469536 4.4862e-16
5106.003712 4.3776e-16
5107.537888 3.6639e-16
5109.072064 5.7209e-16
5110.60624 5.3751e-16
5112.140416 4.8788e-16
5113.674592 5.3933e-16
5115.208768 5.897e-16
5116.742944 6.5341e-16
5118.27712 6.2411e-16
5119.811296 5.1491e-16
5121.345472 5.9421e-16
5122.879648 6.0464e-16
5124.413824 5.1015e-16
5125.948 4.7613e-16
5127.482176 6.3747e-16
5129.016352 6.1227e-16
5130.550528 4.8424e-16
5132.084704 4.6222e-16
5133.61888 5.4819e-16
5135.153056 6.7367e-16
5136.687232 6.3364e-16
5138.221408 5.2007e-16
5139.755584 4.1625e-16
5141.28976 5.3822e-16
5142.823936 5.0498e-16
5144.358112 5.2466e-16
5145.892288 5.6141e-16
5147.426464 5.4758e-16
5148.96064 5.7742e-16
5150.494816 6.84e-16
5152.028992 4.9019e-16
5153.563168 5.5895e-16
5155.097344 6.5181e-16
5156.63152 6.7603e-16
5158.165696 5.7071e-16
5159.699872 5.9765e-16
5161.234048 6.6506e-16
5162.768224 4.9876e-16
5164.3024 5.3005e-16
5165.836576 5.6607e-16
5167.370752 5.5323e-16
5168.904928 7.746e-16
5170.439104 6.4395e-16
5171.97328 5.351e-16
5173.507456 6.6762e-16
5175.041632 6.3166e-16
5176.575808 5.8136e-16
5178.109984 5.9066e-16
5179.64416 6.2836e-16
5181.178336 5.6958e-16
5182.712512 5.4353e-16
5184.246688 6.3055e-16
5185.780864 5.4613e-16
5187.31504 6.0198e-16
5188.849216 5.9378e-16
5190.383392 6.6739e-16
5191.917568 6.7286e-16
5193.451744 6.0112e-16
5194.98592 4.8776e-16
5196.520096 4.7354e-16
5198.054272 4.8503e-16
5199.588448 7.4584e-16
5201.122624 6.4116e-16
5202.6568 5.0498e-16
5204.190976 5.8532e-16
5205.725152 6.0404e-16
5207.259328 5.967e-16
5208.793504 5.6891e-16
5210.32768 5.0296e-16
5211.861856 5.9624e-16
5213.396032 5.2389e-16
5214.930208 4.858e-16
5216.464384 5.8437e-16
5217.99856 5.7227e-16
5219.532736 4.5399e-16
5221.066912 4.9181e-16
5222.601088 6.6751e-16
5224.135264 6.3167e-16
5225.66944 5.3209e-16
5227.203616 4.7081e-16
5228.737792 5.3955e-16
5230.271968 5.6875e-16
5231.806144 6.9592e-16
5233.34032 5.447e-16
5234.874496 5.6329e-16
5236.408672 6.7217e-16
5237.942848 5.2174e-16
5239.477024 5.8565e-16
5241.0112 5.937e-16
5242.545376 6.1506e-16
5244.079552 5.591e-16
5245.613728 5.7479e-16
5247.147904 6.0229e-16
5248.68208 5.1794e-16
5250.216256 6.3348e-16
5251.750432 6.0564e-16
5253.284608 5.1857e-16
5254.818784 4.601e-16
5256.35296 5.6886e-16
5257.887136 6.6063e-16
5259.421312 4.4826e-16
5260.955488 4.1411e-16
5262.489664 4.6383e-16
5264.02384 3.9382e-16
5265.558016 4.769e-16
5267.092192 7.1633e-16
5268.626368 6.9423e-16
5270.160544 6.0109e-16
5271.69472 6.0269e-16
5273.228896 7.042e-16
5274.763072 5.6871e-16
5276.297248 5.7229e-16
5277.831424 5.9456e-16
5279.3656 4.1201e-16
5280.899776 5.1813e-16
5282.433952 6.3117e-16
5283.968128 4.9718e-16
5285.502304 5.622e-16
5287.03648 5.1553e-16
5288.570656 3.6947e-16
5290.104832 5.4302e-16
5291.639008 6.6422e-16
5293.173184 6.4962e-16
5294.70736 6.902e-16
5296.241536 4.8727e-16
5297.775712 3.9933e-16
5299.309888 4.5975e-16
5300.844064 6.9052e-16
5302.37824 5.9797e-16
5303.912416 6.7525e-16
5305.446592 5.3492e-16
5306.980768 7.1249e-16
5308.514944 6.4962e-16
5310.04912 6.3495e-16
5311.583296 6.1231e-16
5313.117472 6.2594e-16
5314.651648 6.547e-16
5316.185824 5.3183e-16
5317.72 4.9832e-16
5319.254176 5.1295e-16
5320.788352 5.1926e-16
5322.322528 6.7939e-16
5323.856704 6.2324e-16
5325.39088 3.4567e-16
5326.925056 3.9817e-16
5328.459232 4.9168e-16
5329.993408 5.4944e-16
5331.527584 6.9537e-16
5333.06176 6.4121e-16
5334.595936 4.5789e-16
5336.130112 5.032e-16
5337.664288 4.9885e-16
5339.198464 6.3831e-16
5340.73264 5.2912e-16
5342.266816 3.6596e-16
5343.800992 4.1599e-16
5345.335168 4.9303e-16
5346.869344 4.513e-16
5348.40352 4.4817e-16
5349.937696 4.8745e-16
5351.471872 4.3019e-16
5353.006048 5.5963e-16
5354.540224 5.0661e-16
5356.0744 3.7019e-16
5357.608576 4.0817e-16
5359.142752 4.5775e-16
5360.676928 6.435e-16
5362.211104 6.19e-16
5363.74528 6.4454e-16
5365.279456 6.0575e-16
5366.813632 5.3393e-16
5368.347808 5.2705e-16
5369.881984 4.2466e-16
5371.41616 3.6044e-16
5372.950336 3.9461e-16
5374.484512 3.2705e-16
5376.018688 3.6936e-16
5377.552864 5.024e-16
5379.08704 3.3901e-16
5380.621216 3.1148e-16
5382.155392 4.8796e-16
5383.689568 4.8746e-16
5385.223744 4.9955e-16
5386.75792 5.7735e-16
5388.292096 5.2645e-16
5389.826272 5.3462e-16
5391.360448 5.594e-16
5392.894624 4.2382e-16
5394.4288 4.0263e-16
5395.962976 5.7662e-16
5397.497152 5.0821e-16
5399.031328 5.6794e-16
5400.565504 6.1688e-16
5402.09968 4.9826e-16
5403.633856 3.8791e-16
5405.168032 4.9797e-16
5406.702208 4.5831e-16
5408.236384 4.4472e-16
5409.77056 3.5322e-16
5411.304736 4.0038e-16
5412.838912 4.8746e-16
5414.373088 2.2427e-16
5415.907264 4.8755e-16
5417.44144 5.5909e-16
5418.975616 4.4887e-16
5420.509792 5.2901e-16
5422.043968 5.1093e-16
5423.578144 3.7901e-16
5425.11232 2.2542e-16
5426.646496 3.3883e-16
5428.180672 2.8286e-16
5429.714848 4.1252e-16
5431.249024 4.4359e-16
5432.7832 4.2016e-16
5434.317376 5.0412e-16
5435.851552 3.9918e-16
5437.385728 3.2685e-16
5438.919904 3.5825e-16
5440.45408 5.3106e-16
5441.988256 6.1555e-16
5443.522432 5.8414e-16
5445.056608 5.2625e-16
5446.590784 4.5617e-16
5448.12496 5.1955e-16
5449.659136 4.0466e-16
5451.193312 5.4342e-16
5452.727488 6.7676e-16
5454.261664 5.1394e-16
5455.79584 4.7454e-16
5457.330016 6.787e-16
5458.864192 6.0949e-16
5460.398368 3.3941e-16
5461.932544 4.1466e-16
5463.46672 1.5503e-16
5465.000896 6.3559e-16
5466.535072 8.708e-16
5468.069248 4.5105e-16
5469.603424 7.7149e-16
5471.1376 4.3914e-16
5472.671776 5.4058e-16
5474.205952 5.3945e-16
5475.740128 4.6977e-16
5477.274304 5.4499e-16
5478.80848 5.234e-16
5480.342656 4.487e-16
5481.876832 4.1917e-16
5483.411008 4.5572e-16
5484.945184 3.8583e-16
5486.47936 3.2356e-16
5488.013536 4.8114e-16
5489.547712 5.6407e-16
5491.081888 7.6484e-16
5492.616064 5.9946e-16
5494.15024 8.362e-16
5495.684416 4.9659e-16
5497.218592 5.9945e-16
5498.752768 5.1884e-16
5500.286944 4.9047e-16
5501.82112 5.7508e-16
5503.355296 6.2674e-16
5504.889472 6.5715e-16
5506.423648 5.935e-16
5507.957824 5.8306e-16
5509.492 5.7413e-16
5511.026176 5.357e-16
5512.560352 6.404e-16
5514.094528 6.467e-16
5515.628704 6.5209e-16
5517.16288 7.2848e-16
5518.697056 5.9837e-16
5520.231232 4.6031e-16
5521.765408 5.0381e-16
5523.299584 5.4193e-16
5524.83376 4.6831e-16
5526.367936 5.6469e-16
5527.902112 6.3271e-16
5529.436288 5.8547e-16
5530.970464 5.8244e-16
5532.50464 6.2117e-16
5534.038816 6.076e-16
5535.572992 6.7215e-16
5537.107168 6.5299e-16
5538.641344 6.4592e-16
5540.17552 6.7948e-16
5541.709696 6.0712e-16
5543.243872 6.6708e-16
5544.778048 7.8237e-16
5546.312224 7.0524e-16
5547.8464 6.7843e-16
5549.380576 6.635e-16
5550.914752 6.969e-16
5552.448928 7.1344e-16
5553.983104 7.798e-16
5555.51728 7.6868e-16
5557.051456 8.0834e-16
5558.585632 7.236e-16
5560.119808 6.0832e-16
5561.653984 7.0484e-16
5563.18816 7.0827e-16
5564.722336 7.78e-16
5566.256512 7.9158e-16
5567.790688 6.9406e-16
5569.324864 7.8702e-16
5570.85904 8.188e-16
5572.393216 7.4726e-16
5573.927392 8.3643e-16
5575.461568 6.7071e-16
5576.995744 8.5989e-16
5578.52992 8.0361e-16
5580.064096 9.4343e-16
5581.598272 6.8722e-16
5583.132448 6.6923e-16
5584.666624 6.9392e-16
5586.2008 6.572e-16
5587.734976 7.2473e-16
5589.269152 6.5922e-16
5590.803328 7.3431e-16
5592.337504 7.7195e-16
5593.87168 6.6123e-16
5595.405856 6.3566e-16
5596.940032 6.8101e-16
5598.474208 6.6821e-16
5600.008384 6.8098e-16
5601.54256 6.2344e-16
5603.076736 7.3855e-16
5604.610912 7.5916e-16
5606.145088 6.2514e-16
5607.679264 6.4124e-16
5609.21344 7.4586e-16
5610.747616 7.8121e-16
5612.281792 6.478e-16
5613.815968 6.8083e-16
5615.350144 7.7049e-16
5616.88432 7.2985e-16
5618.418496 7.7208e-16
5619.952672 8.2392e-16
5621.486848 7.8671e-16
5623.021024 7.2676e-16
5624.5552 6.124e-16
5626.089376 6.0452e-16
5627.623552 6.8764e-16
5629.157728 6.8534e-16
5630.691904 6.9962e-16
5632.22608 5.6651e-16
5633.760256 6.2575e-16
5635.294432 7.0471e-16
5636.828608 7.3542e-16
5638.362784 8.1521e-16
5639.89696 7.7935e-16
5641.431136 7.5943e-16
5642.965312 7.6363e-16
5644.499488 6.7246e-16
5646.033664 6.8394e-16
5647.56784 7.4582e-16
5649.102016 7.6501e-16
5650.636192 7.1485e-16
5652.170368 7.7462e-16
5653.704544 6.9202e-16
5655.23872 6.9379e-16
5656.772896 7.6343e-16
5658.307072 7.3655e-16
5659.841248 7.0884e-16
5661.375424 6.5408e-16
5662.9096 6.4961e-16
5664.443776 6.5046e-16
5665.977952 6.6727e-16
5667.512128 6.0053e-16
5669.046304 6.4482e-16
5670.58048 7.2134e-16
5672.114656 7.5976e-16
5673.648832 8.0019e-16
5675.183008 7.8184e-16
5676.717184 6.861e-16
5678.25136 7.1565e-16
5679.785536 7.6052e-16
5681.319712 7.2297e-16
5682.853888 7.6146e-16
5684.388064 7.1424e-16
5685.92224 7.2326e-16
5687.456416 7.3147e-16
5688.990592 7.6836e-16
5690.524768 8.5262e-16
5692.058944 7.6537e-16
5693.59312 7.728e-16
5695.127296 7.963e-16
5696.661472 7.5186e-16
5698.195648 6.5311e-16
5699.729824 6.5328e-16
5701.264 7.8688e-16
5702.798176 8.0068e-16
5704.332352 7.2633e-16
5705.866528 7.0608e-16
5707.400704 7.2275e-16
5708.93488 6.8216e-16
5710.469056 7.013e-16
5712.003232 7.1664e-16
5713.537408 7.3033e-16
5715.071584 8.1094e-16
5716.60576 8.0634e-16
5718.139936 7.6794e-16
5719.674112 7.8707e-16
5721.208288 7.1972e-16
5722.742464 6.5228e-16
5724.27664 6.7607e-16
5725.810816 7.4269e-16
5727.344992 7.4879e-16
5728.879168 7.4593e-16
5730.413344 7.0831e-16
5731.94752 7.5598e-16
5733.481696 8.3116e-16
5735.015872 7.9846e-16
5736.550048 7.7063e-16
5738.084224 7.202e-16
5739.6184 6.8125e-16
5741.152576 7.4016e-16
5742.686752 8.0827e-16
5744.220928 8.2933e-16
5745.755104 8.3458e-16
5747.28928 7.6618e-16
5748.823456 7.1314e-16
5750.357632 8.0057e-16
5751.891808 7.7054e-16
5753.425984 6.7043e-16
5754.96016 6.5354e-16
5756.494336 6.3623e-16
5758.028512 6.6188e-16
5759.562688 6.8763e-16
5761.096864 7.0167e-16
5762.63104 6.4336e-16
5764.165216 6.6799e-16
5765.699392 7.1015e-16
5767.233568 7.5959e-16
5768.767744 7.1259e-16
5770.30192 6.5109e-16
5771.836096 6.8283e-16
5773.370272 7.278e-16
5774.904448 7.6414e-16
5776.438624 7.1834e-16
5777.9728 6.7112e-16
5779.506976 6.8696e-16
5781.041152 7.7623e-16
5782.575328 7.4422e-16
5784.109504 7.6562e-16
5785.64368 7.4487e-16
5787.177856 7.5465e-16
5788.712032 7.4808e-16
5790.246208 7.5883e-16
5791.780384 7.3182e-16
5793.31456 6.9853e-16
5794.848736 7.2286e-16
5796.382912 8.2869e-16
5797.917088 8.2775e-16
5799.451264 7.4268e-16
5800.98544 7.2677e-16
5802.519616 7.5137e-16
5804.053792 7.9162e-16
5805.587968 8.4901e-16
5807.122144 8.0909e-16
5808.65632 7.7737e-16
5810.190496 7.7633e-16
5811.724672 7.0818e-16
5813.258848 6.9607e-16
5814.793024 7.5754e-16
5816.3272 8.2122e-16
5817.861376 7.5195e-16
5819.395552 7.8464e-16
5820.929728 7.843e-16
5822.463904 7.3822e-16
5823.99808 7.4002e-16
5825.532256 7.7056e-16
5827.066432 7.3618e-16
5828.600608 7.8178e-16
5830.134784 8.0468e-16
5831.66896 7.714e-16
5833.203136 7.0871e-16
5834.737312 7.4052e-16
5836.271488 7.0123e-16
5837.805664 6.3851e-16
5839.33984 7.8061e-16
5840.874016 8.3479e-16
5842.408192 7.6187e-16
5843.942368 7.2225e-16
5845.476544 8.1843e-16
5847.01072 8.7767e-16
5848.544896 7.419e-16
5850.079072 6.4996e-16
5851.613248 6.9134e-16
5853.147424 6.3965e-16
5854.6816 6.1957e-16
5856.215776 6.6311e-16
5857.749952 7.0446e-16
5859.284128 7.7677e-16
5860.818304 7.4088e-16
5862.35248 6.9035e-16
5863.886656 7.0668e-16
5865.420832 6.399e-16
5866.955008 6.5411e-16
5868.489184 7.8319e-16
5870.02336 7.2568e-16
5871.557536 6.3683e-16
5873.091712 6.2569e-16
5874.625888 7.1056e-16
5876.160064 7.5161e-16
5877.69424 7.4519e-16
5879.228416 6.6457e-16
5880.762592 6.7838e-16
5882.296768 8.8868e-16
5883.830944 9.2695e-16
5885.36512 7.5661e-16
5886.899296 6.9229e-16
5888.433472 5.4085e-16
5889.967648 4.9075e-16
5891.501824 5.1553e-16
5893.036 7.087e-16
5894.570176 8.0806e-16
5896.104352 6.1861e-16
5897.638528 6.9131e-16
5899.172704 8.1216e-16
5900.70688 6.749e-16
5902.241056 5.8647e-16
5903.775232 7.387e-16
5905.309408 7.6092e-16
5906.843584 7.4387e-16
5908.37776 7.5573e-16
5909.911936 7.0926e-16
5911.446112 6.9925e-16
5912.980288 7.0548e-16
5914.514464 7.2695e-16
5916.04864 7.2898e-16
5917.582816 7.2291e-16
5919.116992 7.6329e-16
5920.651168 7.3933e-16
5922.185344 6.154e-16
5923.71952 5.9668e-16
5925.253696 7.0539e-16
5926.787872 7.1513e-16
5928.322048 7.1187e-16
5929.856224 7.4674e-16
5931.3904 6.6944e-16
5932.924576 5.7938e-16
5934.458752 5.6947e-16
5935.992928 6.1655e-16
5937.527104 6.6586e-16
5939.06128 5.8955e-16
5940.595456 5.4164e-16
5942.129632 5.5343e-16
5943.663808 6.3605e-16
5945.197984 7.2319e-16
5946.73216 7.6727e-16
5948.266336 7.3343e-16
5949.800512 6.4906e-16
5951.334688 7.1402e-16
5952.868864 7.3279e-16
5954.40304 7.2099e-16
5955.937216 7.4004e-16
5957.471392 6.8827e-16
5959.005568 6.1965e-16
5960.539744 6.0031e-16
5962.07392 6.2649e-16
5963.608096 6.8104e-16
5965.142272 6.8005e-16
5966.676448 6.3954e-16
5968.210624 6.7812e-16
5969.7448 7.3944e-16
5971.278976 6.3845e-16
5972.813152 6.3684e-16
5974.347328 7.1565e-16
5975.881504 7.1657e-16
5977.41568 6.7726e-16
5978.949856 6.4469e-16
5980.484032 6.2553e-16
5982.018208 6.4093e-16
5983.552384 6.4989e-16
5985.08656 6.2815e-16
5986.620736 7.0263e-16
5988.154912 6.7356e-16
5989.689088 6.2489e-16
5991.223264 7.0923e-16
5992.75744 7.1961e-16
5994.291616 6.832e-16
5995.825792 7.455e-16
5997.359968 7.5765e-16
5998.894144 7.5581e-16
6000.42832 7.328e-16
6001.962496 6.9674e-16
6003.496672 7.1714e-16
6005.030848 6.5141e-16
6006.565024 6.3151e-16
6008.0992 6.9032e-16
6009.633376 7.9394e-16
6011.167552 7.8149e-16
6012.701728 6.4103e-16
6014.235904 6.6877e-16
6015.77008 6.7391e-16
6017.304256 6.099e-16
6018.838432 6.1855e-16
6020.372608 6.7614e-16
6021.906784 6.4329e-16
6023.44096 6.0236e-16
6024.975136 6.507e-16
6026.509312 6.9575e-16
6028.043488 7.0428e-16
6029.577664 6.8812e-16
6031.11184 6.8343e-16
6032.646016 6.9385e-16
6034.180192 6.773e-16
6035.714368 6.6079e-16
6037.248544 7.5641e-16
6038.78272 8.3051e-16
6040.316896 7.9182e-16
6041.851072 7.1233e-16
6043.385248 7.4025e-16
6044.919424 6.8799e-16
6046.4536 6.5764e-16
6047.987776 7.0905e-16
6049.521952 7.9003e-16
6051.056128 7.003e-16
6052.590304 6.2878e-16
6054.12448 7.0225e-16
6055.658656 7.142e-16
6057.192832 6.6661e-16
6058.727008 6.4118e-16
6060.261184 6.9758e-16
6061.79536 7.0361e-16
6063.329536 6.5863e-16
6064.863712 6.3125e-16
6066.397888 6.689e-16
6067.932064 6.5959e-16
6069.46624 6.5327e-16
6071.000416 6.9424e-16
6072.534592 6.7616e-16
6074.068768 6.8073e-16
6075.602944 7.109e-16
6077.13712 7.5807e-16
6078.671296 7.8448e-16
6080.205472 7.3261e-16
6081.739648 7.6329e-16
6083.273824 7.8868e-16
6084.808 7.3168e-16
6086.342176 7.5493e-16
6087.876352 7.5193e-16
6089.410528 7.2035e-16
6090.944704 6.9064e-16
6092.47888 6.3612e-16
6094.013056 6.4802e-16
6095.547232 7.4835e-16
6097.081408 6.9829e-16
6098.615584 6.454e-16
6100.14976 6.7254e-16
6101.683936 7.125e-16
6103.218112 7.6043e-16
6104.752288 6.7658e-16
6106.286464 6.4791e-16
6107.82064 7.4147e-16
6109.354816 7.7361e-16
6110.888992 7.0979e-16
6112.423168 6.9735e-16
6113.957344 7.2457e-16
6115.49152 7.3039e-16
6117.025696 7.3062e-16
6118.559872 7.0229e-16
6120.094048 7.275e-16
6121.628224 7.6759e-16
6123.1624 7.7277e-16
6124.696576 6.9052e-16
6126.230752 6.7611e-16
6127.764928 7.262e-16
6129.299104 7.3889e-16
6130.83328 7.172e-16
6132.367456 7.1632e-16
6133.901632 7.1441e-16
6135.435808 6.8052e-16
6136.969984 7.2086e-16
6138.50416 6.8937e-16
6140.038336 6.3465e-16
6141.572512 6.4954e-16
6143.106688 6.738e-16
6144.640864 6.3973e-16
6146.17504 6.587e-16
6147.709216 7.1259e-16
6149.243392 7.0842e-16
6150.777568 6.8943e-16
6152.311744 6.9583e-16
6153.84592 6.7331e-16
6155.380096 6.7962e-16
6156.914272 7.2492e-16
6158.448448 7.2199e-16
6159.982624 6.6636e-16
6161.5168 5.8076e-16
6163.050976 6.1452e-16
6164.585152 7.0764e-16
6166.119328 6.7398e-16
6167.653504 6.2484e-16
6169.18768 6.19e-16
6170.721856 5.8172e-16
6172.256032 6.1348e-16
6173.790208 6.1128e-16
6175.324384 5.9939e-16
6176.85856 6.1277e-16
6178.392736 5.7804e-16
6179.926912 5.1753e-16
6181.461088 5.0595e-16
6182.995264 5.4573e-16
6184.52944 6.0147e-16
6186.063616 6.6753e-16
6187.597792 6.6322e-16
6189.131968 6.8209e-16
6190.666144 7.0581e-16
6192.20032 7.0062e-16
6193.734496 7.3745e-16
6195.268672 7.4759e-16
6196.802848 7.013e-16
6198.337024 6.634e-16
6199.8712 7.0253e-16
6201.405376 6.6993e-16
6202.939552 6.1675e-16
6204.473728 6.8655e-16
6206.007904 7.1011e-16
6207.54208 6.5426e-16
6209.076256 6.4843e-16
6210.610432 6.8378e-16
6212.144608 6.6739e-16
6213.678784 6.2879e-16
6215.21296 6.5306e-16
6216.747136 6.7856e-16
6218.281312 6.7687e-16
6219.815488 6.9847e-16
6221.349664 6.4061e-16
6222.88384 5.4951e-16
6224.418016 5.8993e-16
6225.952192 6.5688e-16
6227.486368 6.6891e-16
6229.020544 7.1911e-16
6230.55472 6.7899e-16
6232.088896 6.1001e-16
6233.623072 6.4449e-16
6235.157248 6.5288e-16
6236.691424 6.8555e-16
6238.2256 6.8372e-16
6239.759776 7.033e-16
6241.293952 6.9812e-16
6242.828128 6.5328e-16
6244.362304 5.9318e-16
6245.89648 5.9918e-16
6247.430656 6.454e-16
6248.964832 6.2892e-16
6250.499008 6.6904e-16
6252.033184 6.7664e-16
6253.56736 6.4784e-16
6255.101536 6.3743e-16
6256.635712 6.5457e-16
6258.169888 6.6407e-16
6259.704064 6.9848e-16
6261.23824 6.3626e-16
6262.772416 5.9208e-16
6264.306592 6.6205e-16
6265.840768 7.046e-16
6267.374944 6.9924e-16
6268.90912 6.4713e-16
6270.443296 6.1802e-16
6271.977472 5.8517e-16
6273.511648 6.055e-16
6275.045824 5.8644e-16
6276.58 5.6584e-16
6278.114176 6.2639e-16
6279.648352 6.598e-16
6281.182528 6.4759e-16
6282.716704 6.4262e-16
6284.25088 6.7524e-16
6285.785056 7.1988e-16
6287.319232 7.3816e-16
6288.853408 6.3528e-16
6290.387584 5.6848e-16
6291.92176 6.4534e-16
6293.455936 7.4191e-16
6294.990112 8.1821e-16
6296.524288 7.2701e-16
6298.058464 7.6848e-16
6299.59264 7.2088e-16
6301.126816 5.5565e-16
6302.660992 5.1242e-16
6304.195168 5.671e-16
6305.729344 6.309e-16
6307.26352 6.5589e-16
6308.797696 6.8957e-16
6310.331872 6.4645e-16
6311.866048 5.8299e-16
6313.400224 6.4328e-16
6314.9344 6.4805e-16
6316.468576 6.507e-16
6318.002752 7.1946e-16
6319.536928 6.8728e-16
6321.071104 6.5613e-16
6322.60528 6.5461e-16
6324.139456 6.6582e-16
6325.673632 6.9994e-16
6327.207808 7.1495e-16
6328.741984 6.9331e-16
6330.27616 7.0535e-16
6331.810336 7.3985e-16
6333.344512 7.122e-16
6334.878688 7.1725e-16
6336.412864 7.8457e-16
6337.94704 7.3364e-16
6339.481216 7.5105e-16
6341.015392 7.5954e-16
6342.549568 6.6188e-16
6344.083744 5.9439e-16
6345.61792 6.241e-16
6347.152096 5.7074e-16
6348.686272 5.988e-16
6350.220448 7.2164e-16
6351.754624 6.8883e-16
6353.2888 6.5712e-16
6354.822976 6.8708e-16
6356.357152 7.1344e-16
6357.891328 7.0856e-16
6359.425504 7.3573e-16
6360.95968 7.1095e-16
6362.493856 7.4822e-16
6364.028032 6.9144e-16
6365.562208 6.3389e-16
6367.096384 6.7134e-16
6368.63056 7.1954e-16
6370.164736 6.8754e-16
6371.698912 6.6827e-16
6373.233088 7.103e-16
6374.767264 6.8464e-16
6376.30144 6.0035e-16
6377.835616 5.9986e-16
6379.369792 7.1273e-16
6380.903968 7.2928e-16
6382.438144 7.2166e-16
6383.97232 6.6785e-16
6385.506496 6.8939e-16
6387.040672 7.1064e-16
6388.574848 6.9479e-16
6390.109024 6.8346e-16
6391.6432 6.832e-16
6393.177376 6.7616e-16
6394.711552 6.2366e-16
6396.245728 6.1062e-16
6397.779904 6.5789e-16
6399.31408 7.0585e-16
6400.848256 6.472e-16
6402.382432 6.4758e-16
6403.916608 7.1703e-16
6405.450784 7.0481e-16
6406.98496 6.5327e-16
6408.519136 6.5429e-16
6410.053312 7.1036e-16
6411.587488 7.056e-16
6413.121664 7.3449e-16
6414.65584 7.2067e-16
6416.190016 6.9837e-16
6417.724192 6.9941e-16
6419.258368 6.7416e-16
6420.792544 6.6615e-16
6422.32672 6.6974e-16
6423.860896 6.8424e-16
6425.395072 7.294e-16
6426.929248 6.98e-16
6428.463424 6.622e-16
6429.9976 6.1446e-16
6431.531776 6.2863e-16
6433.065952 6.6847e-16
6434.600128 6.6321e-16
6436.134304 6.827e-16
6437.66848 6.4504e-16
6439.202656 6.896e-16
6440.736832 7.6137e-16
6442.271008 7.4225e-16
6443.805184 6.7639e-16
6445.33936 6.745e-16
6446.873536 7.0425e-16
6448.407712 6.8394e-16
6449.941888 6.7162e-16
6451.476064 6.6403e-16
6453.01024 6.3068e-16
6454.544416 6.3223e-16
6456.078592 6.8823e-16
6457.612768 6.4029e-16
6459.146944 5.9097e-16
6460.68112 6.0776e-16
6462.215296 5.9896e-16
6463.749472 5.8536e-16
6465.283648 6.3987e-16
6466.817824 6.7972e-16
6468.352 6.4116e-16
6469.886176 6.4058e-16
6471.420352 6.6217e-16
6472.954528 6.153e-16
6474.488704 6.0497e-16
6476.02288 6.5328e-16
6477.557056 6.5531e-16
6479.091232 6.3203e-16
6480.625408 6.2737e-16
6482.159584 6.2909e-16
6483.69376 6.0286e-16
6485.227936 6.0434e-16
6486.762112 6.5494e-16
6488.296288 6.6674e-16
6489.830464 6.6752e-16
6491.36464 6.0123e-16
6492.898816 6.0691e-16
6494.432992 5.9146e-16
6495.967168 6.3442e-16
6497.501344 6.8305e-16
6499.03552 6.7157e-16
6500.569696 6.8394e-16
6502.103872 7.0137e-16
6503.638048 6.1259e-16
6505.172224 5.3979e-16
6506.7064 5.5512e-16
6508.240576 5.9276e-16
6509.774752 5.8642e-16
6511.308928 5.9442e-16
6512.843104 5.9601e-16
6514.37728 5.9183e-16
6515.911456 6.013e-16
6517.445632 5.7342e-16
6518.979808 5.7747e-16
6520.513984 6.1579e-16
6522.04816 6.2807e-16
6523.582336 6.2851e-16
6525.116512 6.3309e-16
6526.650688 6.5101e-16
6528.184864 6.5602e-16
6529.71904 6.4583e-16
6531.253216 6.6428e-16
6532.787392 6.4781e-16
6534.321568 6.7875e-16
6535.855744 6.393e-16
6537.38992 6.1921e-16
6538.924096 6.5903e-16
6540.458272 6.4968e-16
6541.992448 6.0778e-16
6543.526624 6.9737e-16
6545.0608 7.4717e-16
6546.594976 6.7998e-16
6548.129152 6.1484e-16
6549.663328 6.3439e-16
6551.197504 6.6876e-16
6552.73168 7.2691e-16
6554.265856 7.8152e-16
6555.800032 6.8239e-16
6557.334208 6.8337e-16
6558.868384 7.2055e-16
6560.40256 6.9075e-16
6561.936736 6.9367e-16
6563.470912 7.7559e-16
6565.005088 7.2567e-16
6566.539264 6.9317e-16
6568.07344 6.657e-16
6569.607616 6.4484e-16
6571.141792 6.9893e-16
6572.675968 6.3186e-16
6574.210144 6.6081e-16
6575.74432 7.5064e-16
6577.278496 7.2395e-16
6578.812672 6.5493e-16
6580.346848 6.4767e-16
6581.881024 6.605e-16
6583.4152 6.502e-16
6584.949376 6.1951e-16
6586.483552 5.9695e-16
6588.017728 6.4399e-16
6589.551904 6.6258e-16
6591.08608 5.8943e-16
6592.620256 5.7956e-16
6594.154432 6.2829e-16
6595.688608 6.0683e-16
6597.222784 6.02e-16
6598.75696 6.3036e-16
6600.291136 6.4444e-16
6601.825312 5.9474e-16
6603.359488 5.9682e-16
6604.893664 6.06e-16
6606.42784 5.6673e-16
6607.962016 6.08e-16
6609.496192 6.2295e-16
6611.030368 5.9375e-16
6612.564544 5.7398e-16
6614.09872 6.0286e-16
6615.632896 6.4714e-16
6617.167072 6.5405e-16
6618.701248 6.6936e-16
6620.235424 6.0271e-16
6621.7696 5.7474e-16
6623.303776 6.037e-16
6624.837952 6.381e-16
6626.372128 6.4469e-16
6627.906304 6.6792e-16
6629.44048 6.9085e-16
6630.974656 6.4619e-16
6632.508832 5.81e-16
6634.043008 6.3588e-16
6635.577184 6.7868e-16
6637.11136 6.6453e-16
6638.645536 6.5194e-16
6640.179712 6.0923e-16
6641.713888 6.1375e-16
6643.248064 5.9049e-16
6644.78224 5.9964e-16
6646.316416 6.5655e-16
6647.850592 6.6685e-16
6649.384768 6.1389e-16
6650.918944 6.1538e-16
6652.45312 6.1168e-16
6653.987296 6.5379e-16
6655.521472 6.7697e-16
6657.055648 6.5568e-16
6658.589824 6.4664e-16
6660.124 6.6096e-16
6661.658176 6.7076e-16
6663.192352 6.3838e-16
6664.726528 5.9107e-16
6666.260704 6.5567e-16
6667.79488 6.8594e-16
6669.329056 6.647e-16
6670.863232 6.6474e-16
6672.397408 6.622e-16
6673.931584 6.4307e-16
6675.46576 6.3424e-16
6676.999936 6.7138e-16
6678.534112 6.9347e-16
6680.068288 7.1272e-16
6681.602464 7.1347e-16
6683.13664 7.1876e-16
6684.670816 7.3383e-16
6686.204992 6.8969e-16
6687.739168 6.5915e-16
6689.273344 6.7275e-16
6690.80752 6.8701e-16
6692.341696 6.6568e-16
6693.875872 6.6985e-16
6695.410048 6.7716e-16
6696.944224 6.9747e-16
6698.4784 6.9941e-16
6700.012576 6.6508e-16
6701.546752 6.4632e-16
6703.080928 6.0254e-16
6704.615104 6.2627e-16
6706.14928 6.6856e-16
6707.683456 6.5443e-16
6709.217632 6.2529e-16
6710.751808 6.6647e-16
6712.285984 6.5324e-16
6713.82016 6.4543e-16
6715.354336 6.6282e-16
6716.888512 6.3916e-16
6718.422688 6.4664e-16
6719.956864 7.1576e-16
6721.49104 7.0061e-16
6723.025216 6.4714e-16
6724.559392 6.5772e-16
6726.093568 6.3269e-16
6727.627744 6.3933e-16
6729.16192 6.6805e-16
6730.696096 6.7907e-16
6732.230272 7.1291e-16
6733.764448 6.9551e-16
6735.298624 5.9763e-16
6736.8328 6.0261e-16
6738.366976 6.5359e-16
6739.901152 6.4753e-16
6741.435328 6.3955e-16
6742.969504 6.6115e-16
6744.50368 6.6856e-16
6746.037856 7.0019e-16
6747.572032 6.7839e-16
6749.106208 6.9412e-16
6750.640384 7.444e-16
6752.17456 7.6513e-16
6753.708736 7.4207e-16
6755.242912 6.7518e-16
6756.777088 6.3373e-16
6758.311264 6.3125e-16
6759.84544 6.7366e-16
6761.379616 6.833e-16
6762.913792 6.866e-16
6764.447968 6.7007e-16
6765.982144 6.6114e-16
6767.51632 6.5337e-16
6769.050496 7.1324e-16
6770.584672 7.6075e-16
6772.118848 7.3844e-16
6773.653024 7.0303e-16
6775.1872 6.6276e-16
6776.721376 5.9215e-16
6778.255552 6.2749e-16
6779.789728 6.9742e-16
6781.323904 6.6429e-16
6782.85808 6.6422e-16
6784.392256 6.6986e-16
6785.926432 6.9035e-16
6787.460608 7.2556e-16
6788.994784 7.354e-16
6790.52896 6.7191e-16
6792.063136 6.6692e-16
6793.597312 6.689e-16
6795.131488 6.4661e-16
6796.665664 6.2433e-16
6798.19984 6.6092e-16
6799.734016 6.9063e-16
6801.268192 6.9159e-16
6802.802368 6.6603e-16
6804.336544 6.2765e-16
6805.87072 6.2078e-16
6807.404896 6.3811e-16
6808.939072 6.2971e-16
6810.473248 6.2981e-16
6812.007424 6.3394e-16
6813.5416 6.5617e-16
6815.075776 6.8012e-16
6816.609952 7.0898e-16
6818.144128 6.7609e-16
6819.678304 6.2994e-16
6821.21248 6.5796e-16
6822.746656 7.1152e-16
6824.280832 7.3738e-16
6825.815008 6.2306e-16
6827.349184 5.8323e-16
6828.88336 6.8862e-16
6830.417536 7.5757e-16
6831.951712 7.3519e-16
6833.485888 7.302e-16
6835.020064 6.7676e-16
6836.55424 6.6562e-16
6838.088416 6.5213e-16
6839.622592 6.0902e-16
6841.156768 6.2465e-16
6842.690944 6.4283e-16
6844.22512 6.2911e-16
6845.759296 6.4329e-16
6847.293472 6.7998e-16
6848.827648 7.0171e-16
6850.361824 7.2137e-16
6851.896 7.082e-16
6853.430176 7.3503e-16
6854.964352 7.2313e-16
6856.498528 7.3817e-16
6858.032704 7.3201e-16
6859.56688 7.044e-16
6861.101056 7.4558e-16
6862.635232 7.9699e-16
6864.169408 6.8955e-16
6865.703584 5.732e-16
6867.23776 5.7071e-16
6868.771936 5.5889e-16
6870.306112 5.7754e-16
6871.840288 6.1876e-16
6873.374464 6.6667e-16
6874.90864 6.4479e-16
6876.442816 6.3256e-16
6877.976992 6.5476e-16
6879.511168 6.5705e-16
6881.045344 6.1453e-16
6882.57952 6.3396e-16
6884.113696 6.652e-16
6885.647872 6.7475e-16
6887.182048 6.6089e-16
6888.716224 5.9836e-16
6890.2504 6.1231e-16
6891.784576 7.0206e-16
6893.318752 6.9014e-16
6894.852928 6.7388e-16
6896.387104 7.0539e-16
6897.92128 6.6481e-16
6899.455456 6.5021e-16
6900.989632 6.7556e-16
6902.523808 6.3871e-16
6904.057984 6.6353e-16
6905.59216 6.9028e-16
6907.126336 6.4431e-16
6908.660512 6.3158e-16
6910.194688 6.965e-16
6911.728864 7.2513e-16
6913.26304 6.9345e-16
6914.797216 6.6517e-16
6916.331392 6.4289e-16
6917.865568 5.9088e-16
6919.399744 5.9771e-16
6920.93392 5.843e-16
6922.468096 6.2924e-16
6924.002272 6.703e-16
6925.536448 6.097e-16
6927.070624 5.7212e-16
6928.6048 6.531e-16
6930.138976 7.2092e-16
6931.673152 7.2913e-16
6933.207328 7.3568e-16
6934.741504 6.7881e-16
6936.27568 6.9455e-16
6937.809856 7.3699e-16
6939.344032 7.0047e-16
6940.878208 6.0688e-16
6942.412384 6.2974e-16
6943.94656 6.4029e-16
6945.480736 5.8876e-16
6947.014912 5.9442e-16
6948.549088 6.8044e-16
6950.083264 6.5845e-16
6951.61744 5.9711e-16
6953.151616 6.4105e-16
6954.685792 6.724e-16
6956.219968 6.293e-16
6957.754144 5.5413e-16
6959.28832 5.4865e-16
6960.822496 5.5627e-16
6962.356672 5.8074e-16
6963.890848 5.8354e-16
6965.425024 5.952e-16
6966.9592 6.3678e-16
6968.493376 6.4159e-16
6970.027552 6.0452e-16
6971.561728 5.7181e-16
6973.095904 6.159e-16
6974.63008 6.2483e-16
6976.164256 6.0314e-16
6977.698432 5.5808e-16
6979.232608 5.6559e-16
6980.766784 6.1258e-16
6982.30096 5.9203e-16
6983.835136 5.7879e-16
6985.369312 5.778e-16
6986.903488 5.5303e-16
6988.437664 5.1698e-16
6989.97184 5.7992e-16
6991.506016 6.527e-16
6993.040192 6.8927e-16
6994.574368 6.5709e-16
6996.108544 5.7773e-16
6997.64272 5.8076e-16
6999.176896 6.1757e-16
7000.711072 6.135e-16
7002.245248 5.8485e-16
7003.779424 6.2128e-16
7005.3136 6.6455e-16
7006.847776 6.1948e-16
7008.381952 5.9699e-16
7009.916128 5.7964e-16
7011.450304 5.6618e-16
7012.98448 5.8196e-16
7014.518656 6.1969e-16
7016.052832 5.5881e-16
7017.587008 5.4841e-16
7019.121184 6.1442e-16
7020.65536 6.2789e-16
7022.189536 6.0147e-16
7023.723712 6.4058e-16
7025.257888 5.8849e-16
7026.792064 5.4452e-16
7028.32624 5.7885e-16
7029.860416 5.6019e-16
7031.394592 5.9311e-16
7032.928768 6.1089e-16
7034.462944 5.8282e-16
7035.99712 5.3641e-16
7037.531296 5.2544e-16
7039.065472 5.4981e-16
7040.599648 6.0984e-16
7042.133824 6.1053e-16
7043.668 5.8552e-16
7045.202176 5.725e-16
7046.736352 5.8813e-16
7048.270528 5.8111e-16
7049.804704 5.7113e-16
7051.33888 5.9704e-16
7052.873056 5.9815e-16
7054.407232 5.9626e-16
7055.941408 5.7896e-16
7057.475584 5.7103e-16
7059.00976 5.4407e-16
7060.543936 5.0754e-16
7062.078112 5.1017e-16
7063.612288 5.3377e-16
7065.146464 5.7299e-16
7066.68064 5.9797e-16
7068.214816 5.921e-16
7069.748992 5.9335e-16
7071.283168 5.7338e-16
7072.817344 6.0459e-16
7074.35152 5.8421e-16
7075.885696 5.535e-16
7077.419872 5.641e-16
7078.954048 5.8235e-16
7080.488224 5.6634e-16
7082.0224 5.995e-16
7083.556576 6.4131e-16
7085.090752 5.8074e-16
7086.624928 5.6174e-16
7088.159104 5.3476e-16
7089.69328 5.7011e-16
7091.227456 5.7572e-16
7092.761632 6.0309e-16
7094.295808 5.6288e-16
7095.829984 5.2773e-16
7097.36416 5.3024e-16
7098.898336 5.8488e-16
7100.432512 5.3715e-16
7101.966688 6.0348e-16
7103.500864 6.1237e-16
7105.03504 5.7405e-16
7106.569216 5.4533e-16
7108.103392 5.6216e-16
7109.637568 5.8591e-16
7111.171744 5.9661e-16
7112.70592 6.1464e-16
7114.240096 5.7237e-16
7115.774272 5.1915e-16
7117.308448 5.2732e-16
7118.842624 5.4746e-16
7120.3768 5.8617e-16
7121.910976 5.9735e-16
7123.445152 5.7123e-16
7124.979328 5.9488e-16
7126.513504 5.8195e-16
7128.04768 5.3885e-16
7129.581856 6.1135e-16
7131.116032 6.3077e-16
7132.650208 5.8111e-16
7134.184384 5.8488e-16
7135.71856 5.5268e-16
7137.252736 5.3201e-16
7138.786912 5.2781e-16
7140.321088 5.2642e-16
7141.855264 5.303e-16
7143.38944 5.7114e-16
7144.923616 5.8002e-16
7146.457792 6.2135e-16
7147.991968 6.0776e-16
7149.526144 5.8155e-16
7151.06032 5.5655e-16
7152.594496 5.8993e-16
7154.128672 5.7564e-16
7155.662848 5.0603e-16
7157.197024 5.2158e-16
7158.7312 5.9467e-16
7160.265376 5.9568e-16
7161.799552 5.8708e-16
7163.333728 5.9555e-16
7164.867904 5.8469e-16
7166.40208 5.5593e-16
7167.936256 5.4014e-16
7169.470432 5.5463e-16
7171.004608 6.0582e-16
7172.538784 5.9427e-16
7174.07296 5.778e-16
7175.607136 5.9483e-16
7177.141312 5.7694e-16
7178.675488 5.3328e-16
7180.209664 5.3154e-16
7181.74384 5.5784e-16
7183.278016 5.9039e-16
7184.812192 6.3255e-16
7186.346368 6.15e-16
7187.880544 5.8954e-16
7189.41472 5.8749e-16
7190.948896 5.6175e-16
7192.483072 5.508e-16
7194.017248 5.9974e-16
7195.551424 6.2588e-16
7197.0856 6.2717e-16
7198.619776 6.3563e-16
7200.153952 6.3211e-16
7201.688128 6.2463e-16
7203.222304 6.504e-16
7204.75648 6.6626e-16
7206.290656 6.1519e-16
7207.824832 5.5773e-16
7209.359008 5.5791e-16
7210.893184 5.9671e-16
7212.42736 6.467e-16
7213.961536 6.3662e-16
7215.495712 5.6851e-16
7217.029888 5.8528e-16
7218.564064 6.1502e-16
7220.09824 5.6112e-16
7221.632416 5.7643e-16
7223.166592 6.1972e-16
7224.700768 5.7797e-16
7226.234944 5.7431e-16
7227.76912 5.9583e-16
7229.303296 5.8651e-16
7230.837472 5.6785e-16
7232.371648 5.5769e-16
7233.905824 5.5644e-16
7235.44 5.472e-16
7236.974176 5.3254e-16
7238.508352 5.5242e-16
7240.042528 5.4295e-16
7241.576704 5.7968e-16
7243.11088 6.816e-16
7244.645056 6.9635e-16
7246.179232 6.705e-16
7247.713408 6.0522e-16
7249.247584 5.3334e-16
7250.78176 5.6503e-16
7252.315936 6.0141e-16
7253.850112 5.8176e-16
7255.384288 5.9957e-16
7256.918464 6.2966e-16
7258.45264 5.6534e-16
7259.986816 5.3231e-16
7261.520992 5.4728e-16
7263.055168 5.6534e-16
7264.589344 5.8305e-16
7266.12352 5.2019e-16
7267.657696 4.9604e-16
7269.191872 5.4897e-16
7270.726048 5.8457e-16
7272.260224 5.9037e-16
7273.7944 5.7395e-16
7275.328576 6.0051e-16
7276.862752 5.7106e-16
7278.396928 5.4148e-16
7279.931104 5.4223e-16
7281.46528 5.0865e-16
7282.999456 5.1622e-16
7284.533632 5.2282e-16
7286.067808 5.4163e-16
7287.601984 5.8457e-16
7289.13616 5.7889e-16
7290.670336 5.4576e-16
7292.204512 5.5101e-16
7293.738688 5.8455e-16
7295.272864 6.3598e-16
7296.80704 6.4079e-16
7298.341216 6.0822e-16
7299.875392 5.5299e-16
7301.409568 5.1531e-16
7302.943744 5.5692e-16
7304.47792 6.1178e-16
7306.012096 5.8446e-16
7307.546272 5.3938e-16
7309.080448 5.9523e-16
7310.614624 6.0766e-16
7312.1488 5.6351e-16
7313.682976 5.7985e-16
7315.217152 5.8464e-16
7316.751328 5.6719e-16
7318.285504 5.4961e-16
7319.81968 5.1837e-16
7321.353856 5.2483e-16
7322.888032 5.6943e-16
7324.422208 6.2702e-16
7325.956384 6.4382e-16
7327.49056 6.2463e-16
7329.024736 6.1019e-16
7330.558912 6.1665e-16
7332.093088 6.3401e-16
7333.627264 6.5835e-16
7335.16144 7.2005e-16
7336.695616 7.0022e-16
7338.229792 6.3669e-16
7339.763968 6.0552e-16
7341.298144 5.7596e-16
7342.83232 5.753e-16
7344.366496 5.7487e-16
7345.900672 5.6662e-16
7347.434848 6.0339e-16
7348.969024 6.1717e-16
7350.5032 6.0468e-16
7352.037376 5.8241e-16
7353.571552 5.7029e-16
7355.105728 5.6862e-16
7356.639904 5.2043e-16
7358.17408 5.2614e-16
7359.708256 5.6093e-16
7361.242432 5.7832e-16
7362.776608 5.7201e-16
7364.310784 4.9879e-16
7365.84496 5.4759e-16
7367.379136 6.1341e-16
7368.913312 7.008e-16
7370.447488 7.1211e-16
7371.981664 6.2095e-16
7373.51584 6.1619e-16
7375.050016 5.8448e-16
7376.584192 5.3945e-16
7378.118368 5.6612e-16
7379.652544 5.985e-16
7381.18672 5.882e-16
7382.720896 6.0454e-16
7384.255072 6.5483e-16
7385.789248 6.6696e-16
7387.323424 6.2826e-16
7388.8576 5.9894e-16
7390.391776 6.0579e-16
7391.925952 6.5038e-16
7393.460128 6.351e-16
7394.994304 6.4075e-16
7396.52848 6.4679e-16
7398.062656 6.0196e-16
7399.596832 5.4213e-16
7401.131008 5.4854e-16
7402.665184 5.5879e-16
7404.19936 5.9106e-16
7405.733536 6.14e-16
7407.267712 5.7758e-16
7408.801888 5.6739e-16
7410.336064 5.957e-16
7411.87024 5.9993e-16
7413.404416 5.7773e-16
7414.938592 5.6006e-16
7416.472768 5.4653e-16
7418.006944 6.0109e-16
7419.54112 6.1463e-16
7421.075296 5.6966e-16
7422.609472 6.0487e-16
7424.143648 6.3765e-16
7425.677824 5.9081e-16
7427.212 5.3314e-16
7428.746176 5.1732e-16
7430.280352 5.2978e-16
7431.814528 5.3153e-16
7433.348704 5.5844e-16
7434.88288 5.6006e-16
7436.417056 5.6925e-16
7437.951232 6.0305e-16
7439.485408 5.3549e-16
7441.019584 5.3374e-16
7442.55376 5.4386e-16
7444.087936 5.5835e-16
7445.622112 5.7899e-16
7447.156288 5.7821e-16
7448.690464 6.0825e-16
7450.22464 5.9843e-16
7451.758816 5.9611e-16
7453.292992 5.6158e-16
7454.827168 5.6467e-16
7456.361344 5.7357e-16
7457.89552 5.7187e-16
7459.429696 6.2201e-16
7460.963872 6.2209e-16
7462.498048 5.5279e-16
7464.032224 5.1778e-16
7465.5664 5.3951e-16
7467.100576 5.9018e-16
7468.634752 5.465e-16
7470.168928 5.5438e-16
7471.703104 5.6687e-16
7473.23728 5.1832e-16
7474.771456 4.7741e-16
7476.305632 4.9513e-16
7477.839808 5.4868e-16
7479.373984 5.6598e-16
7480.90816 5.5271e-16
7482.442336 5.7303e-16
7483.976512 5.4189e-16
7485.510688 5.5963e-16
7487.044864 5.6072e-16
7488.57904 5.5522e-16
7490.113216 5.7956e-16
7491.647392 5.7921e-16
7493.181568 5.8651e-16
7494.715744 5.5278e-16
7496.24992 5.5523e-16
7497.784096 5.4526e-16
7499.318272 5.5069e-16
7500.852448 5.4238e-16
7502.386624 5.6086e-16
7503.9208 5.9501e-16
7505.454976 5.9196e-16
7506.989152 5.983e-16
7508.523328 6.3089e-16
7510.057504 5.838e-16
7511.59168 5.4524e-16
7513.125856 5.1474e-16
7514.660032 5.4435e-16
7516.194208 5.8326e-16
7517.728384 6.4144e-16
7519.26256 6.2334e-16
7520.796736 6.0645e-16
7522.330912 6.4184e-16
7523.865088 6.0617e-16
7525.399264 5.6809e-16
7526.93344 5.6894e-16
7528.467616 5.8972e-16
7530.001792 5.7724e-16
7531.535968 5.4755e-16
7533.070144 5.3662e-16
7534.60432 5.1506e-16
7536.138496 5.1795e-16
7537.672672 5.1217e-16
7539.206848 5.3997e-16
7540.741024 5.6629e-16
7542.2752 5.334e-16
7543.809376 5.1203e-16
7545.343552 5.3153e-16
7546.877728 5.8252e-16
7548.411904 5.4378e-16
7549.94608 5.1315e-16
7551.480256 5.9928e-16
7553.014432 5.8429e-16
7554.548608 5.2674e-16
7556.082784 5.1366e-16
7557.61696 5.0765e-16
7559.151136 5.3905e-16
7560.685312 5.6084e-16
7562.219488 5.5572e-16
7563.753664 5.314e-16
7565.28784 4.7392e-16
7566.822016 4.9704e-16
7568.356192 5.4697e-16
7569.890368 5.165e-16
7571.424544 5.3032e-16
7572.95872 5.8509e-16
7574.492896 5.2968e-16
7576.027072 4.721e-16
7577.561248 5.0179e-16
7579.095424 5.6119e-16
7580.6296 6.0895e-16
7582.163776 6.1477e-16
7583.697952 5.9255e-16
7585.232128 6.2363e-16
7586.766304 6.3905e-16
7588.30048 5.3464e-16
7589.834656 4.3003e-16
7591.368832 4.5971e-16
7592.903008 4.7925e-16
7594.437184 3.8543e-16
7595.97136 3.6783e-16
7597.505536 4.0143e-16
7599.039712 4.0693e-16
7600.573888 4.7852e-16
7602.108064 5.937e-16
7603.64224 6.7522e-16
7605.176416 7.6638e-16
7606.710592 8.9338e-16
7608.244768 9.0099e-16
7609.778944 7.8483e-16
7611.31312 8.6983e-16
7612.847296 9.4486e-16
7614.381472 8.8371e-16
7615.915648 7.9577e-16
7617.449824 6.8849e-16
7618.984 6.1464e-16
7620.518176 5.3219e-16
7622.052352 4.7336e-16
7623.586528 4.9126e-16
7625.120704 4.3617e-16
7626.65488 4.3208e-16
7628.189056 5.3143e-16
7629.723232 5.5974e-16
7631.257408 5.3707e-16
7632.791584 5.1372e-16
7634.32576 5.6276e-16
7635.859936 5.8761e-16
7637.394112 5.8673e-16
7638.928288 5.5557e-16
7640.462464 5.5831e-16
7641.99664 5.6731e-16
7643.530816 6.1999e-16
7645.064992 6.6131e-16
7646.599168 6.06e-16
7648.133344 5.9217e-16
7649.66752 5.7896e-16
7651.201696 5.5886e-16
7652.735872 6.5707e-16
7654.270048 7.1568e-16
7655.804224 6.3394e-16
7657.3384 5.6567e-16
7658.872576 6.0694e-16
7660.406752 6.6932e-16
7661.940928 6.5243e-16
7663.475104 5.9992e-16
7665.00928 6.1185e-16
7666.543456 6.178e-16
7668.077632 6.2254e-16
7669.611808 6.1637e-16
7671.145984 5.6305e-16
7672.68016 5.3744e-16
7674.214336 5.7081e-16
7675.748512 5.8816e-16
7677.282688 5.5804e-16
7678.816864 5.6824e-16
7680.35104 6.0233e-16
7681.885216 5.4075e-16
7683.419392 4.9639e-16
7684.953568 5.5124e-16
7686.487744 6.0196e-16
7688.02192 6.0826e-16
7689.556096 6.2134e-16
7691.090272 5.7003e-16
7692.624448 5.012e-16
7694.158624 5.2279e-16
7695.6928 6.0626e-16
7697.226976 6.2917e-16
7698.761152 5.9142e-16
7700.295328 6.3358e-16
7701.829504 6.9837e-16
7703.36368 6.5095e-16
7704.897856 5.5332e-16
7706.432032 6.0374e-16
7707.966208 6.1164e-16
7709.500384 5.6541e-16
7711.03456 5.774e-16
7712.568736 6.2918e-16
7714.102912 5.6383e-16
7715.637088 5.2414e-16
7717.171264 5.1683e-16
7718.70544 5.1451e-16
7720.239616 5.5021e-16
7721.773792 5.4074e-16
7723.307968 6.1701e-16
7724.842144 6.1107e-16
7726.37632 5.4484e-16
7727.910496 6.0338e-16
7729.444672 6.4857e-16
7730.978848 6.1166e-16
7732.513024 6.1265e-16
7734.0472 6.1948e-16
7735.581376 6.2304e-16
7737.115552 6.0358e-16
7738.649728 6.0935e-16
7740.183904 6.0895e-16
7741.71808 6.0824e-16
7743.252256 6.1422e-16
7744.786432 6.0842e-16
7746.320608 7.1635e-16
7747.854784 7.5816e-16
7749.38896 6.7783e-16
7750.923136 6.1526e-16
7752.457312 5.7393e-16
7753.991488 6.1445e-16
7755.525664 6.8791e-16
7757.05984 6.8117e-16
7758.594016 6.442e-16
7760.128192 5.8552e-16
7761.662368 5.7003e-16
7763.196544 5.9646e-16
7764.73072 6.5859e-16
7766.264896 6.5948e-16
7767.799072 6.4346e-16
7769.333248 6.1431e-16
7770.867424 6.1421e-16
7772.4016 6.1484e-16
7773.935776 5.6729e-16
7775.469952 5.7402e-16
7777.004128 6.2283e-16
7778.538304 6.1552e-16
7780.07248 5.5817e-16
7781.606656 5.6682e-16
7783.140832 6.078e-16
7784.675008 6.9833e-16
7786.209184 6.025e-16
7787.74336 5.211e-16
7789.277536 5.983e-16
7790.811712 5.7013e-16
7792.345888 6.1997e-16
7793.880064 7.0906e-16
7795.41424 6.7872e-16
7796.948416 6.2635e-16
7798.482592 6.0473e-16
7800.016768 6.238e-16
7801.550944 6.1722e-16
7803.08512 5.5209e-16
7804.619296 5.3165e-16
7806.153472 5.7945e-16
7807.687648 5.9019e-16
7809.221824 5.5551e-16
7810.756 6.2923e-16
7812.290176 6.9783e-16
7813.824352 6.5402e-16
7815.358528 6.261e-16
7816.892704 6.4258e-16
7818.42688 6.4956e-16
7819.961056 5.4548e-16
7821.495232 6.0351e-16
7823.029408 6.9169e-16
7824.563584 6.5487e-16
7826.09776 6.0085e-16
7827.631936 5.7759e-16
7829.166112 6.1789e-16
7830.700288 6.2053e-16
7832.234464 6.1487e-16
7833.76864 6.3985e-16
7835.302816 6.434e-16
7836.836992 6.7662e-16
7838.371168 6.9398e-16
7839.905344 6.1422e-16
7841.43952 6.2094e-16
7842.973696 6.8192e-16
7844.507872 6.6047e-16
7846.042048 6.4911e-16
7847.576224 6.5183e-16
7849.1104 6.5741e-16
7850.644576 6.63e-16
7852.178752 6.9322e-16
7853.712928 7.0931e-16
7855.247104 6.2751e-16
7856.78128 5.9354e-16
7858.315456 6.3407e-16
7859.849632 6.5796e-16
7861.383808 6.2755e-16
7862.917984 6.0687e-16
7864.45216 6.0095e-16
7865.986336 5.985e-16
7867.520512 6.588e-16
7869.054688 6.6551e-16
7870.588864 6.1362e-16
7872.12304 6.4398e-16
7873.657216 6.4018e-16
7875.191392 6.0316e-16
7876.725568 5.6632e-16
7878.259744 5.3254e-16
7879.79392 6.0281e-16
7881.328096 6.363e-16
7882.862272 5.8112e-16
7884.396448 5.8128e-16
7885.930624 5.7393e-16
7887.4648 5.4293e-16
7888.998976 5.4344e-16
7890.533152 5.4175e-16
7892.067328 5.6989e-16
7893.601504 5.9523e-16
7895.13568 6.217e-16
7896.669856 5.9149e-16
7898.204032 5.7488e-16
7899.738208 6.4156e-16
7901.272384 5.8509e-16
7902.80656 5.2663e-16
7904.340736 5.7068e-16
7905.874912 5.6993e-16
7907.409088 5.7773e-16
7908.943264 6.2504e-16
7910.47744 6.859e-16
7912.011616 7.1572e-16
7913.545792 7.2345e-16
7915.079968 6.9896e-16
7916.614144 6.2e-16
7918.14832 7.0045e-16
7919.682496 7.1837e-16
7921.216672 6.2823e-16
7922.750848 5.2078e-16
7924.285024 5.7036e-16
7925.8192 6.4854e-16
7927.353376 6.085e-16
7928.887552 5.6941e-16
7930.421728 5.5438e-16
7931.955904 5.6733e-16
7933.49008 6.0665e-16
7935.024256 6.3584e-16
7936.558432 6.2897e-16
7938.092608 5.9686e-16
7939.626784 6.0631e-16
7941.16096 5.8334e-16
7942.695136 5.7682e-16
7944.229312 6.2254e-16
7945.763488 6.8082e-16
7947.297664 6.8217e-16
7948.83184 5.927e-16
7950.366016 5.3274e-16
7951.900192 5.5927e-16
7953.434368 5.7543e-16
7954.968544 5.8405e-16
7956.50272 5.8553e-16
7958.036896 6.1221e-16
7959.571072 5.9721e-16
7961.105248 5.844e-16
7962.639424 6.4918e-16
7964.1736 6.7674e-16
7965.707776 6.1985e-16
7967.241952 6.2338e-16
7968.776128 6.9257e-16
7970.310304 6.6831e-16
7971.84448 6.2943e-16
7973.378656 6.1551e-16
7974.912832 6.5775e-16
7976.447008 6.7091e-16
7977.981184 6.4116e-16
7979.51536 6.2874e-16
7981.049536 6.1816e-16
7982.583712 5.934e-16
7984.117888 5.6203e-16
7985.652064 5.6424e-16
7987.18624 5.3109e-16
7988.720416 5.1647e-16
7990.254592 5.6376e-16
7991.788768 6.9519e-16
7993.322944 7.2451e-16
7994.85712 6.079e-16
7996.391296 5.446e-16
7997.925472 5.6731e-16
7999.459648 5.7512e-16
8000.993824 6.1995e-16
8002.528 6.0891e-16
8004.062176 6.1533e-16
8005.596352 6.4315e-16
8007.130528 6.6018e-16
8008.664704 6.293e-16
8010.19888 5.8451e-16
8011.733056 6.0782e-16
8013.267232 6.1602e-16
8014.801408 5.7592e-16
8016.335584 5.8888e-16
8017.86976 5.8737e-16
8019.403936 5.9223e-16
8020.938112 5.277e-16
8022.472288 5.4214e-16
8024.006464 6.6104e-16
8025.54064 6.5455e-16
8027.074816 5.5089e-16
8028.608992 5.3464e-16
8030.143168 5.0359e-16
8031.677344 5.3095e-16
8033.21152 5.6816e-16
8034.745696 5.7985e-16
8036.279872 5.9174e-16
8037.814048 5.9915e-16
8039.348224 5.7342e-16
8040.8824 5.5843e-16
8042.416576 5.6361e-16
8043.950752 5.6672e-16
8045.484928 5.6733e-16
8047.019104 5.7227e-16
8048.55328 6.0376e-16
8050.087456 5.9908e-16
8051.621632 5.5867e-16
8053.155808 5.6973e-16
8054.689984 5.4111e-16
8056.22416 5.2794e-16
8057.758336 5.6707e-16
8059.292512 5.6531e-16
8060.826688 4.9711e-16
8062.360864 4.536e-16
8063.89504 5.2806e-16
8065.429216 5.5616e-16
8066.963392 5.4227e-16
8068.497568 5.2612e-16
8070.031744 5.3598e-16
8071.56592 6.0172e-16
8073.100096 6.5115e-16
8074.634272 6.1609e-16
8076.168448 5.6401e-16
8077.702624 5.5034e-16
8079.2368 5.9149e-16
8080.770976 6.1749e-16
8082.305152 6.1376e-16
8083.839328 6.1787e-16
8085.373504 5.9303e-16
8086.90768 5.6668e-16
8088.441856 5.9181e-16
8089.976032 5.5362e-16
8091.510208 5.2617e-16
8093.044384 5.8856e-16
8094.57856 6.1099e-16
8096.112736 5.683e-16
8097.646912 5.5105e-16
8099.181088 5.8236e-16
8100.715264 6.1438e-16
8102.24944 6.3379e-16
8103.783616 6.2166e-16
8105.317792 5.7458e-16
8106.851968 5.4283e-16
8108.386144 5.5983e-16
8109.92032 6.0378e-16
8111.454496 6.0806e-16
8112.988672 5.7026e-16
8114.522848 5.7479e-16
8116.057024 5.8757e-16
8117.5912 6.0151e-16
8119.125376 6.2353e-16
8120.659552 6.0217e-16
8122.193728 5.8181e-16
8123.727904 5.5423e-16
8125.26208 5.5603e-16
8126.796256 5.8363e-16
8128.330432 5.7731e-16
8129.864608 5.5797e-16
8131.398784 5.5736e-16
8132.93296 5.722e-16
8134.467136 5.9092e-16
8136.001312 6.0182e-16
8137.535488 6.2169e-16
8139.069664 5.8545e-16
8140.60384 5.2639e-16
8142.138016 5.5858e-16
8143.672192 5.9663e-16
8145.206368 6.3523e-16
8146.740544 6.0877e-16
8148.27472 5.6821e-16
8149.808896 5.7128e-16
8151.343072 5.8021e-16
8152.877248 5.9342e-16
8154.411424 5.4868e-16
8155.9456 5.2399e-16
8157.479776 5.3988e-16
8159.013952 5.6708e-16
8160.548128 5.7698e-16
8162.082304 5.5032e-16
8163.61648 5.1552e-16
8165.150656 5.5191e-16
8166.684832 5.6265e-16
8168.219008 5.959e-16
8169.753184 6.5983e-16
8171.28736 6.4512e-16
8172.821536 5.9495e-16
8174.355712 5.8101e-16
8175.889888 5.8476e-16
8177.424064 5.8255e-16
8178.95824 5.9836e-16
8180.492416 5.8069e-16
8182.026592 5.1089e-16
8183.560768 5.1178e-16
8185.094944 5.3596e-16
8186.62912 5.4974e-16
8188.163296 6.4139e-16
8189.697472 6.3863e-16
8191.231648 5.5482e-16
8192.765824 5.4711e-16
8194.3 5.6954e-16
8195.834176 5.945e-16
8197.368352 6.1372e-16
8198.902528 6.3683e-16
8200.436704 6.1434e-16
8201.97088 5.5745e-16
8203.505056 5.9097e-16
8205.039232 6.2357e-16
8206.573408 6.0557e-16
8208.107584 6.0792e-16
8209.64176 6.3024e-16
8211.175936 5.7352e-16
8212.710112 5.5671e-16
8214.244288 5.4108e-16
8215.778464 5.7329e-16
8217.31264 6.1435e-16
8218.846816 5.7719e-16
8220.380992 5.0465e-16
8221.915168 5.4219e-16
8223.449344 6.0563e-16
8224.98352 6.0226e-16
8226.517696 5.8471e-16
8228.051872 6.1773e-16
8229.586048 6.2396e-16
8231.120224 5.9951e-16
8232.6544 6.3728e-16
8234.188576 7.1047e-16
8235.722752 6.6028e-16
8237.256928 5.6408e-16
8238.791104 5.9409e-16
8240.32528 5.7964e-16
8241.859456 5.9912e-16
8243.393632 6.4767e-16
8244.927808 6.2133e-16
8246.461984 5.9208e-16
8247.99616 5.6541e-16
8249.530336 5.8116e-16
8251.064512 6.1217e-16
8252.598688 5.9483e-16
8254.132864 5.6516e-16
8255.66704 5.0745e-16
8257.201216 4.8046e-16
8258.735392 5.1077e-16
8260.269568 5.4163e-16
8261.803744 6.0448e-16
8263.33792 5.9679e-16
8264.872096 5.4926e-16
8266.406272 5.5777e-16
8267.940448 5.4667e-16
8269.474624 5.2721e-16
8271.0088 5.1426e-16
8272.542976 5.2565e-16
8274.077152 5.5669e-16
8275.611328 5.5551e-16
8277.145504 5.5924e-16
8278.67968 5.459e-16
8280.213856 5.8154e-16
8281.748032 5.5141e-16
8283.282208 4.2353e-16
8284.816384 5.048e-16
8286.35056 6.1614e-16
8287.884736 6.3559e-16
8289.418912 5.9162e-16
8290.953088 5.559e-16
8292.487264 5.5839e-16
8294.02144 5.6731e-16
8295.555616 6.152e-16
8297.089792 5.7188e-16
8298.623968 4.6846e-16
8300.158144 5.1929e-16
8301.69232 6.1826e-16
8303.226496 5.9425e-16
8304.760672 5.6371e-16
8306.294848 5.7761e-16
8307.829024 5.6103e-16
8309.3632 4.6592e-16
8310.897376 4.385e-16
8312.431552 4.836e-16
8313.965728 5.1832e-16
8315.499904 5.7183e-16
8317.03408 5.7716e-16
8318.568256 5.7227e-16
8320.102432 5.8733e-16
8321.636608 5.6082e-16
8323.170784 4.8818e-16
8324.70496 4.8268e-16
8326.239136 5.2425e-16
8327.773312 5.0472e-16
8329.307488 4.6347e-16
8330.841664 4.6503e-16
8332.37584 5.2703e-16
8333.910016 5.9875e-16
8335.444192 6.177e-16
8336.978368 6.3287e-16
8338.512544 6.4205e-16
8340.04672 6.4926e-16
8341.580896 6.4139e-16
8343.115072 5.3605e-16
8344.649248 5.4822e-16
8346.183424 5.7798e-16
8347.7176 5.2744e-16
8349.251776 5.3206e-16
8350.785952 4.7548e-16
8352.320128 4.4072e-16
8353.854304 4.7342e-16
8355.38848 5.2423e-16
8356.922656 5.4382e-16
8358.456832 5.6018e-16
8359.991008 5.2197e-16
8361.525184 5.2915e-16
8363.05936 6.1545e-16
8364.593536 5.9706e-16
8366.127712 5.4396e-16
8367.661888 5.4943e-16
8369.196064 5.6805e-16
8370.73024 6.0836e-16
8372.264416 6.0905e-16
8373.798592 5.6645e-16
8375.332768 5.5327e-16
8376.866944 5.7232e-16
8378.40112 4.8367e-16
8379.935296 5.3746e-16
8381.469472 6.3848e-16
8383.003648 5.3775e-16
8384.537824 5.1485e-16
8386.072 5.7992e-16
8387.606176 5.686e-16
8389.140352 5.2779e-16
8390.674528 5.3796e-16
8392.208704 5.2905e-16
8393.74288 5.2523e-16
8395.277056 4.9879e-16
8396.811232 4.8201e-16
8398.345408 5.2007e-16
8399.879584 5.3669e-16
8401.41376 5.3782e-16
8402.947936 5.49e-16
8404.482112 5.8199e-16
8406.016288 5.9185e-16
8407.550464 6.1883e-16
8409.08464 6.3883e-16
8410.618816 6.0193e-16
8412.152992 5.4346e-16
8413.687168 4.7703e-16
8415.221344 5.2502e-16
8416.75552 5.4062e-16
8418.289696 5.2351e-16
8419.823872 5.3704e-16
8421.358048 5.7313e-16
8422.892224 5.7515e-16
8424.4264 4.7838e-16
8425.960576 4.8023e-16
8427.494752 6.7593e-16
8429.028928 6.7944e-16
8430.563104 5.013e-16
8432.09728 4.5571e-16
8433.631456 5.0773e-16
8435.165632 5.1136e-16
8436.699808 5.5424e-16
8438.233984 5.8883e-16
8439.76816 6.3777e-16
8441.302336 6.568e-16
8442.836512 5.5741e-16
8444.370688 5.378e-16
8445.904864 5.4925e-16
8447.43904 6.0048e-16
8448.973216 5.9859e-16
8450.507392 6.1671e-16
8452.041568 5.9356e-16
8453.575744 5.6408e-16
8455.10992 5.5751e-16
8456.644096 5.255e-16
8458.178272 5.0226e-16
8459.712448 5.2185e-16
8461.246624 5.3948e-16
8462.7808 6.2569e-16
8464.314976 5.6923e-16
8465.849152 4.9697e-16
8467.383328 5.9382e-16
8468.917504 6.0859e-16
8470.45168 5.7047e-16
8471.985856 5.8488e-16
8473.520032 5.7505e-16
8475.054208 5.4822e-16
8476.588384 5.1898e-16
8478.12256 5.2224e-16
8479.656736 5.5468e-16
8481.190912 5.3723e-16
8482.725088 5.0703e-16
8484.259264 5.4686e-16
8485.79344 5.4629e-16
8487.327616 5.0935e-16
8488.861792 5.4905e-16
8490.395968 5.7325e-16
8491.930144 5.3575e-16
8493.46432 5.645e-16
8494.998496 5.4505e-16
8496.532672 4.8798e-16
8498.066848 5.3514e-16
8499.601024 5.6901e-16
8501.1352 5.9392e-16
8502.669376 5.8376e-16
8504.203552 5.429e-16
8505.737728 5.957e-16
8507.271904 6.308e-16
8508.80608 5.9124e-16
8510.340256 5.5597e-16
8511.874432 5.1788e-16
8513.408608 5.0148e-16
8514.942784 5.3831e-16
8516.47696 5.9081e-16
8518.011136 6.0028e-16
8519.545312 5.8116e-16
8521.079488 6.0581e-16
8522.613664 5.9689e-16
8524.14784 5.0151e-16
8525.682016 4.5439e-16
8527.216192 5.1045e-16
8528.750368 5.6814e-16
8530.284544 5.6654e-16
8531.81872 5.313e-16
8533.352896 5.1964e-16
8534.887072 5.5216e-16
8536.421248 5.6703e-16
8537.955424 5.2699e-16
8539.4896 5.5999e-16
8541.023776 5.8379e-16
8542.557952 5.1712e-16
8544.092128 5.1587e-16
8545.626304 5.5998e-16
8547.16048 6.066e-16
8548.694656 6.6369e-16
8550.228832 6.2239e-16
8551.763008 5.2037e-16
8553.297184 5.2564e-16
8554.83136 5.291e-16
8556.365536 5.7567e-16
8557.899712 5.7126e-16
8559.433888 5.5056e-16
8560.968064 6.2193e-16
8562.50224 6.9593e-16
8564.036416 6.7472e-16
8565.570592 5.8313e-16
8567.104768 5.9439e-16
8568.638944 5.8056e-16
8570.17312 5.0067e-16
8571.707296 4.5511e-16
8573.241472 4.7562e-16
8574.775648 5.2233e-16
8576.309824 5.3715e-16
8577.844 5.4171e-16
8579.378176 5.2866e-16
8580.912352 4.9212e-16
8582.446528 4.8454e-16
8583.980704 5.1292e-16
8585.51488 5.6807e-16
8587.049056 5.2871e-16
8588.583232 5.5913e-16
8590.117408 5.7594e-16
8591.651584 5.2407e-16
8593.18576 5.0324e-16
8594.719936 5.4611e-16
8596.254112 5.279e-16
8597.788288 5.1648e-16
8599.322464 5.2633e-16
8600.85664 5.1591e-16
8602.390816 5.1036e-16
8603.924992 5.4702e-16
8605.459168 5.4173e-16
8606.993344 5.0239e-16
8608.52752 5.1439e-16
8610.061696 5.3822e-16
8611.595872 5.5021e-16
8613.130048 5.8502e-16
8614.664224 5.6763e-16
8616.1984 5.0006e-16
8617.732576 4.7919e-16
8619.266752 4.8186e-16
8620.800928 5.2466e-16
8622.335104 5.7804e-16
8623.86928 5.1253e-16
8625.403456 5.3425e-16
8626.937632 5.2453e-16
8628.471808 4.7251e-16
8630.005984 5.1037e-16
8631.54016 5.4456e-16
8633.074336 4.4467e-16
8634.608512 3.1733e-16
8636.142688 4.7115e-16
8637.676864 5.0392e-16
8639.21104 4.4422e-16
8640.745216 4.8671e-16
8642.279392 5.9473e-16
8643.813568 5.2434e-16
8645.347744 5.5635e-16
8646.88192 5.7225e-16
8648.416096 4.452e-16
8649.950272 4.0097e-16
8651.484448 5.4418e-16
8653.018624 5.5317e-16
8654.5528 5.0798e-16
8656.086976 5.4422e-16
8657.621152 6.6022e-16
8659.155328 6.0187e-16
8660.689504 5.9237e-16
8662.22368 5.5085e-16
8663.757856 5.1326e-16
8665.292032 5.2624e-16
8666.826208 5.3956e-16
8668.360384 5.7772e-16
8669.89456 5.4104e-16
8671.428736 5.0101e-16
8672.962912 4.59e-16
8674.497088 4.9456e-16
8676.031264 5.0819e-16
8677.56544 5.1383e-16
8679.099616 5.1617e-16
8680.633792 5.1887e-16
8682.167968 5.1902e-16
8683.702144 5.0882e-16
8685.23632 5.2548e-16
8686.770496 5.4074e-16
8688.304672 4.8189e-16
8689.838848 4.3747e-16
8691.373024 4.8711e-16
8692.9072 5.4235e-16
8694.441376 5.4801e-16
8695.975552 5.1214e-16
8697.509728 5.025e-16
8699.043904 4.6758e-16
8700.57808 4.6973e-16
8702.112256 5.2724e-16
8703.646432 4.7224e-16
8705.180608 4.6987e-16
8706.714784 5.2176e-16
8708.24896 4.5035e-16
8709.783136 4.2628e-16
8711.317312 4.4305e-16
8712.851488 4.3941e-16
8714.385664 4.7851e-16
8715.91984 4.8256e-16
8717.454016 4.5444e-16
8718.988192 4.8302e-16
8720.522368 4.8363e-16
8722.056544 4.2791e-16
8723.59072 4.397e-16
8725.124896 4.2128e-16
8726.659072 4.1418e-16
8728.193248 4.4038e-16
8729.727424 4.2636e-16
8731.2616 4.3387e-16
8732.795776 4.7111e-16
8734.329952 5.0684e-16
8735.864128 5.1757e-16
8737.398304 4.7088e-16
8738.93248 5.2772e-16
8740.466656 5.4396e-16
8742.000832 4.8985e-16
8743.535008 5.0915e-16
8745.069184 5.1119e-16
8746.60336 5.2649e-16
8748.137536 5.1757e-16
8749.671712 5.367e-16
8751.205888 5.7412e-16
8752.740064 5.6415e-16
8754.27424 5.5263e-16
8755.808416 5.1676e-16
8757.342592 4.765e-16
8758.876768 5.5953e-16
8760.410944 5.4644e-16
8761.94512 5.2272e-16
8763.479296 5.7151e-16
8765.013472 6.3545e-16
8766.547648 5.4217e-16
8768.081824 5.8709e-16
8769.616 7.0394e-16
8771.150176 6.6427e-16
8772.684352 4.8602e-16
8774.218528 4.6144e-16
8775.752704 4.7223e-16
8777.28688 4.5181e-16
8778.821056 4.9707e-16
8780.355232 5.1689e-16
8781.889408 5.6309e-16
8783.423584 5.9153e-16
8784.95776 5.4862e-16
8786.491936 4.8399e-16
8788.026112 4.4207e-16
8789.560288 4.5867e-16
8791.094464 5.1354e-16
8792.62864 4.688e-16
8794.162816 4.5088e-16
8795.696992 5.0353e-16
8797.231168 5.4799e-16
8798.765344 5.0982e-16
8800.29952 4.5751e-16
8801.833696 4.8752e-16
8803.367872 5.4682e-16
8804.902048 5.2484e-16
8806.436224 5.4403e-16
8807.9704 6.1637e-16
8809.504576 5.5719e-16
8811.038752 4.552e-16
8812.572928 5.0247e-16
8814.107104 4.9905e-16
8815.64128 4.3794e-16
8817.175456 4.435e-16
8818.709632 4.451e-16
8820.243808 4.1034e-16
8821.777984 4.7351e-16
8823.31216 5.4665e-16
8824.846336 6.4554e-16
8826.380512 5.9063e-16
8827.914688 5.1242e-16
8829.448864 5.0794e-16
8830.98304 4.9371e-16
8832.517216 5.3644e-16
8834.051392 5.9495e-16
8835.585568 5.8433e-16
8837.119744 4.8166e-16
8838.65392 4.3885e-16
8840.188096 5.1033e-16
8841.722272 5.4992e-16
8843.256448 4.9994e-16
8844.790624 5.2732e-16
8846.3248 5.2017e-16
8847.858976 5.127e-16
8849.393152 5.7872e-16
8850.927328 5.4657e-16
8852.461504 5.0013e-16
8853.99568 5.151e-16
8855.529856 5.0981e-16
8857.064032 5.0018e-16
8858.598208 5.1199e-16
8860.132384 5.5631e-16
8861.66656 5.7384e-16
8863.200736 6.3154e-16
8864.734912 5.8513e-16
8866.269088 4.5285e-16
8867.803264 4.5978e-16
8869.33744 5.2788e-16
8870.871616 5.2661e-16
8872.405792 5.0557e-16
8873.939968 5.1799e-16
8875.474144 5.1175e-16
8877.00832 4.808e-16
8878.542496 4.3041e-16
8880.076672 3.697e-16
8881.610848 4.8412e-16
8883.145024 6.5968e-16
8884.6792 7.1905e-16
8886.213376 6.8273e-16
8887.747552 5.4805e-16
8889.281728 4.6979e-16
8890.815904 4.6228e-16
8892.35008 5.2192e-16
8893.884256 5.7243e-16
8895.418432 5.4887e-16
8896.952608 4.8483e-16
8898.486784 4.9983e-16
8900.02096 5.638e-16
8901.555136 5.4029e-16
8903.089312 5.0862e-16
8904.623488 4.8719e-16
8906.157664 4.5004e-16
8907.69184 4.6584e-16
8909.226016 4.4774e-16
8910.760192 3.9056e-16
8912.294368 4.6963e-16
8913.828544 5.9462e-16
8915.36272 5.9924e-16
8916.896896 5.2481e-16
8918.431072 5.1926e-16
8919.965248 1.145e-15
8921.499424 1.4458e-15
8923.0336 6.0754e-16
8924.567776 4.6324e-16
8926.101952 5.089e-16
8927.636128 5.2012e-16
8929.170304 4.6189e-16
8930.70448 4.6345e-16
8932.238656 5.1606e-16
8933.772832 5.3289e-16
8935.307008 5.1267e-16
8936.841184 5.5387e-16
8938.37536 5.7846e-16
8939.909536 5.7809e-16
8941.443712 5.735e-16
8942.977888 5.3437e-16
8944.512064 5.0433e-16
8946.04624 4.1293e-16
8947.580416 4.0485e-16
8949.114592 4.686e-16
8950.648768 4.4391e-16
8952.182944 4.1278e-16
8953.71712 4.5065e-16
8955.251296 4.2932e-16
8956.785472 3.8731e-16
8958.319648 4.4837e-16
8959.853824 5.3919e-16
8961.388 4.6852e-16
8962.922176 4.8797e-16
8964.456352 5.0991e-16
8965.990528 5.0027e-16
8967.524704 5.0784e-16
8969.05888 4.7993e-16
8970.593056 4.5146e-16
8972.127232 5.0465e-16
8973.661408 5.2583e-16
8975.195584 4.8812e-16
8976.72976 4.6489e-16
8978.263936 5.3847e-16
8979.798112 5.8302e-16
8981.332288 5.5016e-16
8982.866464 5.2996e-16
8984.40064 5.2675e-16
8985.934816 5.1287e-16
8987.468992 5.5064e-16
8989.003168 5.7728e-16
8990.537344 5.9783e-16
8992.07152 6.2893e-16
8993.605696 6.6134e-16
8995.139872 5.8302e-16
8996.674048 5.4985e-16
8998.208224 5.535e-16
8999.7424 5.6468e-16
9001.276576 4.9071e-16
9002.810752 5.1408e-16
9004.344928 4.8564e-16
9005.879104 4.9452e-16
9007.41328 5.1683e-16
9008.947456 4.9216e-16
9010.481632 4.8412e-16
9012.015808 4.7675e-16
9013.549984 4.6828e-16
9015.08416 5.1186e-16
9016.618336 5.4817e-16
9018.152512 5.729e-16
9019.686688 5.6267e-16
9021.220864 5.4463e-16
9022.75504 5.1746e-16
9024.289216 5.0066e-16
9025.823392 5.3913e-16
9027.357568 5.5081e-16
9028.891744 5.2121e-16
9030.42592 4.8073e-16
9031.960096 5.2018e-16
9033.494272 5.7038e-16
9035.028448 4.7389e-16
9036.562624 4.0449e-16
9038.0968 4.5119e-16
9039.630976 4.9245e-16
9041.165152 5.2301e-16
9042.699328 5.4321e-16
9044.233504 4.982e-16
9045.76768 5.0754e-16
9047.301856 5.8753e-16
9048.836032 6.1895e-16
9050.370208 5.7352e-16
9051.904384 4.9326e-16
9053.43856 4.8973e-16
9054.972736 5.168e-16
9056.506912 4.904e-16
9058.041088 4.5614e-16
9059.575264 4.5546e-16
9061.10944 5.0783e-16
9062.643616 5.1048e-16
9064.177792 4.8637e-16
9065.711968 4.9555e-16
9067.246144 4.8324e-16
9068.78032 4.7309e-16
9070.314496 4.7474e-16
9071.848672 4.763e-16
9073.382848 4.263e-16
9074.917024 3.8052e-16
9076.4512 4.0485e-16
9077.985376 4.6984e-16
9079.519552 4.3429e-16
9081.053728 3.8388e-16
9082.587904 4.3574e-16
9084.12208 4.1981e-16
9085.656256 4.2159e-16
9087.190432 4.8498e-16
9088.724608 4.9641e-16
9090.258784 5.1497e-16
9091.79296 5.1137e-16
9093.327136 4.6506e-16
9094.861312 4.8444e-16
9096.395488 4.9396e-16
9097.929664 4.5216e-16
9099.46384 4.7845e-16
9100.998016 5.2677e-16
9102.532192 4.7724e-16
9104.066368 4.7771e-16
9105.600544 4.6648e-16
9107.13472 4.6054e-16
9108.668896 4.7958e-16
9110.203072 5.2851e-16
9111.737248 5.4083e-16
9113.271424 4.9626e-16
9114.8056 4.5117e-16
9116.339776 4.3803e-16
9117.873952 4.8673e-16
9119.408128 5.3218e-16
9120.942304 5.2629e-16
9122.47648 5.188e-16
9124.010656 5.1948e-16
9125.544832 5.4004e-16
9127.079008 5.157e-16
9128.613184 4.8588e-16
9130.14736 4.9045e-16
9131.681536 5.3747e-16
9133.215712 5.2947e-16
9134.749888 5.5521e-16
9136.284064 5.4676e-16
9137.81824 5.0384e-16
9139.352416 4.8748e-16
9140.886592 5.1834e-16
9142.420768 5.4678e-16
9143.954944 5.5264e-16
9145.48912 5.8697e-16
9147.023296 5.5385e-16
9148.557472 5.5385e-16
9150.091648 5.7119e-16
9151.625824 5.3923e-16
9153.16 5.4185e-16
9154.694176 5.1467e-16
9156.228352 4.9445e-16
9157.762528 5.5842e-16
9159.296704 5.645e-16
9160.83088 6.6312e-16
9162.365056 7.6479e-16
9163.899232 7.2771e-16
9165.433408 6.2091e-16
9166.967584 5.2908e-16
9168.50176 5.2672e-16
9170.035936 5.4051e-16
9171.570112 5.49e-16
9173.104288 5.4588e-16
9174.638464 5.1814e-16
9176.17264 5.159e-16
9177.706816 5.0934e-16
9179.240992 5.1158e-16
9180.775168 4.921e-16
9182.309344 4.9283e-16
9183.84352 5.6659e-16
9185.377696 5.9497e-16
9186.911872 5.3355e-16
9188.446048 5.1026e-16
9189.980224 5.2487e-16
9191.5144 5.2512e-16
9193.048576 5.0117e-16
9194.582752 5.5117e-16
9196.116928 5.947e-16
9197.651104 5.8898e-16
9199.18528 5.6819e-16
9200.719456 5.386e-16
9202.253632 5.7248e-16
9203.787808 5.3937e-16
9205.321984 4.5628e-16
9206.85616 4.8152e-16
9208.390336 5.2917e-16
9209.924512 5.0741e-16
9211.458688 4.7298e-16
9212.992864 4.9873e-16
9214.52704 4.8793e-16
9216.061216 4.9301e-16
9217.595392 5.2478e-16
9219.129568 5.4459e-16
9220.663744 5.6637e-16
9222.19792 5.7568e-16
9223.732096 5.4847e-16
9225.266272 5.4371e-16
9226.800448 5.3938e-16
9228.334624 5.1944e-16
9229.8688 5.1937e-16
9231.402976 5.2315e-16
9232.937152 4.903e-16
9234.471328 4.6268e-16
9236.005504 5.0239e-16
9237.53968 5.4902e-16
9239.073856 5.689e-16
9240.608032 5.6467e-16
9242.142208 5.2766e-16
9243.676384 5.0666e-16
9245.21056 5.271e-16
9246.744736 4.9366e-16
9248.278912 4.5089e-16
9249.813088 5.1965e-16
9251.347264 5.7865e-16
9252.88144 5.6192e-16
9254.415616 5.2892e-16
9255.949792 5.0154e-16
9257.483968 4.9713e-16
9259.018144 4.8123e-16
9260.55232 4.3895e-16
9262.086496 4.5374e-16
9263.620672 5.1301e-16
9265.154848 5.2664e-16
9266.689024 5.0507e-16
9268.2232 4.4149e-16
9269.757376 4.3803e-16
9271.291552 4.8606e-16
9272.825728 5.0621e-16
9274.359904 5.0702e-16
9275.89408 5.0971e-16
9277.428256 5.1218e-16
9278.962432 5.5504e-16
9280.496608 5.734e-16
9282.030784 5.6112e-16
9283.56496 5.7777e-16
9285.099136 5.4214e-16
9286.633312 5.3306e-16
9288.167488 5.3733e-16
9289.701664 5.0438e-16
9291.23584 5.1937e-16
9292.770016 5.0011e-16
9294.304192 4.6225e-16
9295.838368 4.77e-16
9297.372544 5.4477e-16
9298.90672 5.5791e-16
9300.440896 4.7103e-16
9301.975072 6.3485e-16
9303.509248 7.2609e-16
9305.043424 5.23e-16
9306.5776 4.9132e-16
9308.111776 5.9737e-16
9309.645952 6.953e-16
9311.180128 7.2115e-16
9312.714304 5.2985e-16
9314.24848 5.5219e-16
9315.782656 5.7783e-16
9317.316832 5.6687e-16
9318.851008 7.7757e-16
9320.385184 7.3527e-16
9321.91936 6.1665e-16
9323.453536 5.8831e-16
9324.987712 5.5134e-16
9326.521888 5.3912e-16
9328.056064 5.5994e-16
9329.59024 5.8584e-16
9331.124416 5.0321e-16
9332.658592 5.3667e-16
9334.192768 5.3627e-16
9335.726944 4.9234e-16
9337.26112 4.1845e-16
9338.795296 4.6048e-16
9340.329472 5.0481e-16
9341.863648 5.5909e-16
9343.397824 6.6898e-16
9344.932 7.7624e-16
9346.466176 8.1819e-16
9348.000352 6.4753e-16
9349.534528 4.8023e-16
9351.068704 4.8413e-16
9352.60288 5.4283e-16
9354.137056 5.018e-16
9355.671232 5.0971e-16
9357.205408 5.9924e-16
9358.739584 5.8387e-16
9360.27376 5.809e-16
9361.807936 5.6671e-16
9363.342112 5.1136e-16
9364.876288 4.8117e-16
9366.410464 7.2954e-16
9367.94464 9.954e-16
9369.478816 6.0485e-16
9371.012992 5.6802e-16
9372.547168 7.0972e-16
9374.081344 1.0864e-15
9375.61552 2.8562e-15
9377.149696 4.4291e-15
9378.683872 2.0217e-15
9380.218048 3.4489e-16
9381.752224 5.3039e-16
9383.2864 6.1294e-16
9384.820576 5.5607e-16
9386.354752 5.7128e-16
9387.888928 5.5028e-16
9389.423104 5.0133e-16
9390.95728 4.9149e-16
9392.491456 5.0885e-16
9394.025632 4.908e-16
9395.559808 4.8899e-16
9397.093984 4.7411e-16
9398.62816 4.6619e-16
9400.162336 5.4275e-16
9401.696512 6.2412e-16
9403.230688 6.0857e-16
9404.764864 5.2571e-16
9406.29904 4.5407e-16
9407.833216 4.5117e-16
9409.367392 4.8418e-16
9410.901568 5.2809e-16
9412.435744 5.6175e-16
9413.96992 6.217e-16
9415.504096 6.5239e-16
9417.038272 5.489e-16
9418.572448 4.9503e-16
9420.106624 4.716e-16
9421.6408 4.1506e-16
9423.174976 4.3881e-16
9424.709152 4.5428e-16
9426.243328 4.7004e-16
9427.777504 5.1142e-16
9429.31168 5.5514e-16
9430.845856 5.5378e-16
9432.380032 3.301e-16
9433.914208 2.0016e-16
9435.448384 4.1743e-16
9436.98256 6.3735e-16
9438.516736 6.3724e-16
9440.050912 5.9367e-16
9441.585088 6.217e-16
9443.119264 5.9654e-16
9444.65344 5.9555e-16
9446.187616 5.5662e-16
9447.721792 4.9622e-16
9449.255968 5.012e-16
9450.790144 4.7672e-16
9452.32432 4.4583e-16
9453.858496 4.3713e-16
9455.392672 4.8155e-16
9456.926848 6.7004e-16
9458.461024 7.4161e-16
9459.9952 6.1143e-16
9461.529376 4.6991e-16
9463.063552 4.6419e-16
9464.597728 5.0085e-16
9466.131904 4.9329e-16
9467.66608 3.54e-16
9469.200256 3.3667e-16
9470.734432 5.7941e-16
9472.268608 6.2777e-16
9473.802784 5.0717e-16
9475.33696 6.3996e-16
9476.871136 8.2082e-16
9478.405312 6.7592e-16
9479.939488 5.1308e-16
9481.473664 4.3261e-16
9483.00784 4.0672e-16
9484.542016 5.3119e-16
9486.076192 5.5815e-16
9487.610368 5.2945e-16
9489.144544 5.249e-16
9490.67872 5.1262e-16
9492.212896 4.8979e-16
9493.747072 5.0028e-16
9495.281248 5.3444e-16
9496.815424 5.216e-16
9498.3496 5.2791e-16
9499.883776 5.2699e-16
9501.417952 6.7942e-16
9502.952128 7.4804e-16
9504.486304 7.4447e-16
9506.02048 6.0828e-16
9507.554656 5.4697e-16
9509.088832 5.2617e-16
9510.623008 4.9939e-16
9512.157184 4.7395e-16
9513.69136 4.6715e-16
9515.225536 5.0886e-16
9516.759712 4.2523e-16
9518.293888 4.4442e-16
9519.828064 6.0778e-16
9521.36224 5.2064e-16
9522.896416 4.5325e-16
9524.430592 4.7141e-16
9525.964768 5.3046e-16
9527.498944 5.2541e-16
9529.03312 4.9231e-16
9530.567296 4.3883e-16
9532.101472 4.3977e-16
9533.635648 4.3438e-16
9535.169824 4.3141e-16
9536.704 4.606e-16
9538.238176 4.7043e-16
9539.772352 4.7746e-16
9541.306528 4.5988e-16
9542.840704 4.6214e-16
9544.37488 5.2841e-16
9545.909056 5.5e-16
9547.443232 5.7236e-16
9548.977408 5.2504e-16
9550.511584 4.2277e-16
9552.04576 3.9535e-16
9553.579936 4.42e-16
9555.114112 5.0762e-16
9556.648288 4.8292e-16
9558.182464 4.3652e-16
9559.71664 5.0562e-16
9561.250816 5.8213e-16
9562.784992 5.7364e-16
9564.319168 5.8541e-16
9565.853344 6.6089e-16
9567.38752 6.2084e-16
9568.921696 5.7714e-16
9570.455872 5.261e-16
9571.990048 4.7964e-16
9573.524224 4.9454e-16
9575.0584 5.1531e-16
9576.592576 5.1294e-16
9578.126752 4.9662e-16
9579.660928 4.6782e-16
9581.195104 4.397e-16
9582.72928 4.8574e-16
9584.263456 5.5532e-16
9585.797632 5.4956e-16
9587.331808 4.9353e-16
9588.865984 4.8997e-16
9590.40016 4.9731e-16
9591.934336 4.2111e-16
9593.468512 3.8112e-16
9595.002688 4.6508e-16
9596.536864 5.0844e-16
9598.07104 4.6834e-16
9599.605216 4.6817e-16
9601.139392 4.7379e-16
9602.673568 4.7067e-16
9604.207744 5.8221e-16
9605.74192 6.0056e-16
9607.276096 4.6342e-16
9608.810272 4.3463e-16
9610.344448 4.6796e-16
9611.878624 4.9406e-16
9613.4128 5.4717e-16
9614.946976 5.3705e-16
9616.481152 4.0816e-16
9618.015328 3.8587e-16
9619.549504 5.3228e-16
9621.08368 5.553e-16
9622.617856 4.8078e-16
9624.152032 5.2071e-16
9625.686208 5.6093e-16
9627.220384 5.2377e-16
9628.75456 5.3348e-16
9630.288736 5.2979e-16
9631.822912 4.5956e-16
9633.357088 4.1503e-16
9634.891264 4.5515e-16
9636.42544 4.8916e-16
9637.959616 4.7378e-16
9639.493792 4.7836e-16
9641.027968 5.2378e-16
9642.562144 5.2652e-16
9644.09632 4.6571e-16
9645.630496 4.3468e-16
9647.164672 4.6161e-16
9648.698848 4.7492e-16
9650.233024 4.7674e-16
9651.7672 4.9447e-16
9653.301376 4.4054e-16
9654.835552 3.8297e-16
9656.369728 4.7533e-16
9657.903904 5.6841e-16
9659.43808 5.4806e-16
9660.972256 5.0685e-16
9662.506432 5.7761e-16
9664.040608 5.3461e-16
9665.574784 4.7713e-16
9667.10896 5.6073e-16
9668.643136 5.6251e-16
9670.177312 5.038e-16
9671.711488 5.1892e-16
9673.245664 4.3491e-16
9674.77984 4.5618e-16
9676.314016 5.0088e-16
9677.848192 4.4094e-16
9679.382368 5.0198e-16
9680.916544 6.2068e-16
9682.45072 6.5213e-16
9683.984896 5.5733e-16
9685.519072 4.6521e-16
9687.053248 4.1926e-16
9688.587424 5.0557e-16
9690.1216 5.2604e-16
9691.655776 4.1383e-16
9693.189952 4.6845e-16
9694.724128 5.8136e-16
9696.258304 4.5781e-16
9697.79248 3.9281e-16
9699.326656 5.1019e-16
9700.860832 5.7343e-16
9702.395008 4.5402e-16
9703.929184 4.739e-16
9705.46336 4.3621e-16
9706.997536 3.986e-16
9708.531712 3.6088e-16
9710.065888 3.8103e-16
9711.600064 6.5213e-16
9713.13424 6.4885e-16
9714.668416 4.8685e-16
9716.202592 6.6573e-16
9717.736768 6.7342e-16
9719.270944 4.9373e-16
9720.80512 4.7234e-16
9722.339296 4.6066e-16
9723.873472 4.7182e-16
9725.407648 4.4998e-16
9726.941824 5.1972e-16
9728.476 5.4646e-16
9730.010176 4.8998e-16
9731.544352 4.6557e-16
9733.078528 4.9661e-16
9734.612704 5.3468e-16
9736.14688 4.8306e-16
9737.681056 5.5022e-16
9739.215232 6.6827e-16
9740.749408 6.5137e-16
9742.283584 4.962e-16
9743.81776 4.927e-16
9745.351936 5.6171e-16
9746.886112 5.5102e-16
9748.420288 5.2393e-16
9749.954464 4.6691e-16
9751.48864 4.4045e-16
9753.022816 4.5798e-16
9754.556992 5.3102e-16
9756.091168 5.514e-16
9757.625344 5.1105e-16
9759.15952 4.7494e-16
9760.693696 4.9618e-16
9762.227872 5.1204e-16
9763.762048 4.757e-16
9765.296224 4.407e-16
9766.8304 4.6434e-16
9768.364576 4.8526e-16
9769.898752 4.7025e-16
9771.432928 4.2835e-16
9772.967104 4.4971e-16
9774.50128 4.9172e-16
9776.035456 4.6323e-16
9777.569632 4.5579e-16
9779.103808 4.715e-16
9780.637984 4.8596e-16
9782.17216 5.6274e-16
9783.706336 5.9931e-16
9785.240512 5.7723e-16
9786.774688 6.0405e-16
9788.308864 5.5338e-16
9789.84304 4.6314e-16
9791.377216 4.9495e-16
9792.911392 5.2484e-16
9794.445568 4.456e-16
9795.979744 4.5527e-16
9797.51392 6.1905e-16
9799.048096 6.7561e-16
9800.582272 5.4401e-16
9802.116448 4.7051e-16
9803.650624 4.7922e-16
9805.1848 4.4969e-16
9806.718976 4.0349e-16
9808.253152 4.0131e-16
9809.787328 4.3022e-16
9811.321504 4.8009e-16
9812.85568 4.9618e-16
9814.389856 4.499e-16
9815.924032 4.0132e-16
9817.458208 4.0797e-16
9818.992384 4.9911e-16
9820.52656 5.4861e-16
9822.060736 5.532e-16
9823.594912 5.1789e-16
9825.129088 4.4913e-16
9826.663264 4.5875e-16
9828.19744 5.1736e-16
9829.731616 4.8839e-16
9831.265792 4.8564e-16
9832.799968 5.2776e-16
9834.334144 5.4212e-16
9835.86832 5.2538e-16
9837.402496 4.8525e-16
9838.936672 5.2384e-16
9840.470848 5.21e-16
9842.005024 4.1526e-16
9843.5392 4.0889e-16
9845.073376 4.6208e-16
9846.607552 3.6586e-16
9848.141728 4.0564e-16
9849.675904 5.1146e-16
9851.21008 4.8113e-16
9852.744256 4.7469e-16
9854.278432 4.6108e-16
9855.812608 4.1397e-16
9857.346784 4.2234e-16
9858.88096 4.1e-16
9860.415136 4.1532e-16
9861.949312 4.9332e-16
9863.483488 4.9745e-16
9865.017664 5.3101e-16
9866.55184 6.3436e-16
9868.086016 5.0511e-16
9869.620192 2.7051e-16
9871.154368 5.0659e-16
9872.688544 5.9272e-16
9874.22272 4.2379e-16
9875.756896 4.474e-16
9877.291072 4.4842e-16
9878.825248 4.9865e-16
9880.359424 5.1384e-16
9881.8936 4.7163e-16
9883.427776 4.2767e-16
9884.961952 3.281e-16
9886.496128 3.0933e-16
9888.030304 5.0458e-16
9889.56448 5.771e-16
9891.098656 5.4647e-16
9892.632832 4.0929e-16
9894.167008 4.8494e-16
9895.701184 5.5212e-16
9897.23536 3.6493e-16
9898.769536 4.0541e-16
9900.303712 5.0659e-16
9901.837888 5.2014e-16
9903.372064 5.2463e-16
9904.90624 5.8736e-16
9906.440416 6.5296e-16
9907.974592 4.856e-16
9909.508768 5.9061e-16
9911.042944 7.3635e-16
9912.57712 5.5032e-16
9914.111296 3.9596e-16
9915.645472 3.4039e-16
9917.179648 4.5497e-16
9918.713824 5.6048e-16
9920.248 5.2287e-16
9921.782176 5.5074e-16
9923.316352 5.4635e-16
9924.850528 4.6428e-16
9926.384704 4.8433e-16
9927.91888 5.6144e-16
9929.453056 5.8959e-16
9930.987232 5.9081e-16
9932.521408 5.7301e-16
9934.055584 5.9704e-16
9935.58976 6.9867e-16
9937.123936 7.0892e-16
9938.658112 7.2239e-16
9940.192288 6.5224e-16
9941.726464 5.6291e-16
9943.26064 5.9848e-16
9944.794816 6.8128e-16
9946.328992 7.341e-16
9947.863168 5.9545e-16
9949.397344 5.0867e-16
9950.93152 6.2544e-16
9952.465696 5.8541e-16
9953.999872 6.6054e-16
9955.534048 5.4879e-16
9957.068224 3.8625e-16
9958.6024 3.9923e-16
9960.136576 5.0565e-16
9961.670752 4.7201e-16
9963.204928 5.2607e-16
9964.739104 5.7211e-16
9966.27328 5.641e-16
9967.807456 5.9157e-16
9969.341632 5.7331e-16
9970.875808 5.8169e-16
9972.409984 6.5118e-16
9973.94416 6.7124e-16
9975.478336 5.1285e-16
9977.012512 4.3328e-16
9978.546688 4.9353e-16
9980.080864 5.0684e-16
9981.61504 4.7117e-16
9983.149216 4.5872e-16
9984.683392 5.2438e-16
9986.217568 5.6468e-16
9987.751744 5.1453e-16
9989.28592 5.2925e-16
9990.820096 5.254e-16
9992.354272 4.9803e-16
9993.888448 4.254e-16
9995.422624 3.3156e-16
9996.9568 4.2168e-16
9998.490976 5.5056e-16
10000.025152 6.1623e-16
