3500.0 4.1817e-18
3501.525 3.7249e-17
3503.05 2.0709e-17
3504.575 1.9952e-17
3506.1 4.9188e-17
3507.625 4.1568e-17
3509.15 5.824e-17
3510.675 3.8347e-17
3512.2 3.324e-17
3513.725 4.7705e-17
3515.25 4.7505e-17
3516.775 4.6348e-17
3518.3 4.9447e-17
3519.825 7.7036e-17
3521.35 5.4185e-17
3522.875 3.6544e-17
3524.4 6.8989e-17
3525.925 3.8522e-17
3527.45 3.2179e-17
3528.975 1.7223e-17
3530.5 4.7104e-17
3532.025 5.2298e-17
3533.55 2.4682e-17
3535.075 2.8172e-17
3536.6 5.5948e-17
3538.125 5.6557e-17
3539.65 5.4385e-17
3541.175 5.6666e-17
3542.7 2.1959e-17
3544.225 2.6039e-17
3545.75 3.5482e-17
3547.275 5.5344e-17
3548.8 3.7393e-17
3550.325 4.3986e-17
3551.85 3.557e-17
3553.375 4.6143e-17
3554.9 5.7199e-17
3556.425 6.8343e-17
3557.95 2.8631e-17
3559.475 1.3095e-17
3561.0 4.1623e-17
3562.525 3.016e-17
3564.05 3.7046e-17
3565.575 4.7735e-17
3567.1 4.3399e-17
3568.625 4.4952e-17
3570.15 4.5985e-17
3571.675 3.9694e-17
3573.2 1.9744e-17
3574.725 7.8672e-18
3576.25 2.2126e-17
3577.775 3.4893e-17
3579.3 3.4627e-17
3580.825 4.2699e-17
3582.35 3.6451e-17
3583.875 3.0306e-17
3585.4 2.6389e-17
3586.925 4.6861e-17
3588.45 5.5337e-17
3589.975 6.4369e-17
3591.5 4.6759e-17
3593.025 5.3717e-17
3594.55 3.4178e-17
3596.075 4.0659e-17
3597.6 3.954e-17
3599.125 2.1125e-17
3600.65 3.9635e-17
3602.175 3.9956e-17
3603.7 4.4646e-17
3605.225 2.9748e-17
3606.75 3.6308e-17
3608.275 3.363e-17
3609.8 3.8846e-17
3611.325 4.8213e-17
3612.85 6.3226e-17
3614.375 6.3055e-17
3615.9 7.5486e-17
3617.425 4.2119e-17
3618.95 2.7124e-17
3620.475 2.0265e-17
3622.0 3.4168e-17
3623.525 5.9745e-17
3625.05 4.492e-17
3626.575 5.3305e-17
3628.1 4.3335e-17
3629.625 3.267e-17
3631.15 4.4278e-17
3632.675 3.83e-17
3634.2 1.0603e-17
3635.725 1.8171e-17
3637.25 2.0159e-17
3638.775 1.9244e-17
3640.3 2.8488e-17
3641.825 2.6091e-17
3643.35 3.1142e-17
3644.875 3.9979e-17
3646.4 2.3932e-17
3647.925 2.9515e-17
3649.45 7.0724e-17
3650.975 6.8137e-17
3652.5 7.076e-17
3654.025 5.8452e-17
3655.55 6.4861e-18
3657.075 -5.2463e-18
3658.6 2.4417e-17
3660.125 1.4876e-17
3661.65 2.2467e-17
3663.175 3.8729e-17
3664.7 6.8875e-17
3666.225 5.1132e-17
3667.75 4.9043e-17
3669.275 4.8414e-17
3670.8 3.8703e-17
3672.325 2.6353e-17
3673.85 3.0841e-17
3675.375 2.7257e-17
3676.9 4.9745e-17
3678.425 5.4292e-17
3679.95 5.6377e-17
3681.475 4.7238e-17
3683.0 2.7451e-17
3684.525 4.193e-17
3686.05 4.3821e-17
3687.575 4.5838e-17
3689.1 4.5172e-17
3690.625 3.6764e-17
3692.15 2.8954e-17
3693.675 4.4165e-17
3695.2 1.5167e-17
3696.725 3.7399e-17
3698.25 4.0576e-17
3699.775 5.1526e-17
3701.3 3.5324e-17
3702.825 3.7039e-17
3704.35 2.6287e-17
3705.875 3.9177e-17
3707.4 5.5052e-17
3708.925 4.1684e-17
3710.45 4.5477e-17
3711.975 4.4167e-17
3713.5 4.7538e-17
3715.025 4.1631e-17
3716.55 5.1173e-17
3718.075 3.5245e-17
3719.6 2.608e-17
3721.125 4.5384e-17
3722.65 4.5193e-17
3724.175 3.6813e-17
3725.7 2.9009e-17
3727.225 3.5258e-17
3728.75 2.2546e-17
3730.275 3.3372e-17
3731.8 4.0929e-17
3733.325 3.9214e-17
3734.85 3.0769e-17
3736.375 3.815e-17
3737.9 5.1107e-17
3739.425 4.0311e-17
3740.95 4.7748e-17
3742.475 4.038e-17
3744.0 3.6043e-17
3745.525 3.8458e-17
3747.05 3.7054e-17
3748.575 4.036e-17
3750.1 4.5369e-17
3751.625 7.0672e-17
3753.15 6.662e-17
3754.675 4.629e-17
3756.2 5.7671e-17
3757.725 3.8667e-17
3759.25 3.898e-17
3760.775 4.4669e-17
3762.3 5.999e-17
3763.825 5.4375e-17
3765.35 3.902e-17
3766.875 4.5919e-17
3768.4 5.5477e-17
3769.925 5.5177e-17
3771.45 4.2803e-17
3772.975 4.6231e-17
3774.5 4.8682e-17
3776.025 4.4413e-17
3777.55 5.8458e-17
3779.075 6.2822e-17
3780.6 4.8011e-17
3782.125 4.4501e-17
3783.65 3.8878e-17
3785.175 4.6949e-17
3786.7 4.6301e-17
3788.225 2.2875e-17
3789.75 3.4448e-17
3791.275 5.4728e-17
3792.8 4.704e-17
3794.325 4.0497e-17
3795.85 4.6049e-17
3797.375 2.9762e-17
3798.9 4.1384e-17
3800.425 3.547e-17
3801.95 3.3644e-17
3803.475 4.5012e-17
3805.0 3.8326e-17
3806.525 3.9952e-17
3808.05 3.1038e-17
3809.575 4.5385e-17
3811.1 4.5347e-17
3812.625 4.6052e-17
3814.15 3.6506e-17
3815.675 3.2869e-17
3817.2 3.2131e-17
3818.725 2.4143e-17
3820.25 4.934e-17
3821.775 3.9808e-17
3823.3 3.632e-17
3824.825 4.8379e-17
3826.35 6.2306e-17
3827.875 4.1399e-17
3829.4 3.8732e-17
3830.925 2.5381e-17
3832.45 3.2911e-17
3833.975 5.5903e-17
3835.5 8.067e-17
3837.025 1.7005e-16
3838.55 2.8415e-16
3840.075 3.0269e-16
3841.6 2.4515e-16
3843.125 1.5953e-16
3844.65 8.5908e-17
3846.175 3.9457e-17
3847.7 2.708e-17
3849.225 3.8926e-17
3850.75 3.6504e-17
3852.275 5.1635e-17
3853.8 5.8392e-17
3855.325 5.5505e-17
3856.85 6.2165e-17
3858.375 6.4574e-17
3859.9 5.2737e-17
3861.425 3.8444e-17
3862.95 4.8669e-17
3864.475 5.9606e-17
3866.0 5.9278e-17
3867.525 5.9413e-17
3869.05 6.5193e-17
3870.575 6.1167e-17
3872.1 5.6414e-17
3873.625 6.3172e-17
3875.15 5.7764e-17
3876.675 5.8784e-17
3878.2 6.0281e-17
3879.725 3.8539e-17
3881.25 4.9112e-17
3882.775 4.821e-17
3884.3 3.927e-17
3885.825 4.3866e-17
3887.35 4.8011e-17
3888.875 5.6096e-17
3890.4 6.5645e-17
3891.925 7.3516e-17
3893.45 8.0044e-17
3894.975 7.353e-17
3896.5 6.5137e-17
3898.025 7.2523e-17
3899.55 8.9789e-17
3901.075 7.8716e-17
3902.6 7.712e-17
3904.125 6.4428e-17
3905.65 4.6461e-17
3907.175 5.2635e-17
3908.7 4.9779e-17
3910.225 4.5983e-17
3911.75 2.0049e-17
3913.275 5.0619e-17
3914.8 6.714e-17
3916.325 4.8719e-17
3917.85 6.307e-17
3919.375 7.2827e-17
3920.9 6.6125e-17
3922.425 6.9679e-17
3923.95 8.3464e-17
3925.475 7.1913e-17
3927.0 7.2636e-17
3928.525 7.487e-17
3930.05 7.7822e-17
3931.575 5.8615e-17
3933.1 7.1366e-17
3934.625 8.3417e-17
3936.15 6.5922e-17
3937.675 4.772e-17
3939.2 6.1304e-17
3940.725 6.4683e-17
3942.25 5.1537e-17
3943.775 6.399e-17
3945.3 6.2567e-17
3946.825 6.0787e-17
3948.35 5.4589e-17
3949.875 5.1508e-17
3951.4 4.2591e-17
3952.925 4.7425e-17
3954.45 4.6819e-17
3955.975 5.4099e-17
3957.5 5.8482e-17
3959.025 6.3332e-17
3960.55 7.8386e-17
3962.075 7.9039e-17
3963.6 6.1863e-17
3965.125 7.7296e-17
3966.65 7.8593e-17
3968.175 7.6201e-17
3969.7 8.0892e-17
3971.225 8.1824e-17
3972.75 7.2302e-17
3974.275 7.0369e-17
3975.8 7.4054e-17
3977.325 8.2121e-17
3978.85 8.178e-17
3980.375 8.4864e-17
3981.9 8.0249e-17
3983.425 8.3727e-17
3984.95 9.2575e-17
3986.475 8.1425e-17
3988.0 7.325e-17
3989.525 5.8972e-17
3991.05 6.8945e-17
3992.575 6.5463e-17
3994.1 6.2793e-17
3995.625 6.4806e-17
3997.15 6.9127e-17
3998.675 6.3113e-17
4000.2 5.6636e-17
4001.725 7.1688e-17
4003.25 8.0895e-17
4004.775 5.5297e-17
4006.3 6.4377e-17
4007.825 4.7572e-17
4009.35 4.3288e-17
4010.875 4.0898e-17
4012.4 3.7699e-17
4013.925 6.9814e-17
4015.45 6.6613e-17
4016.975 6.7401e-17
4018.5 7.0722e-17
4020.025 7.1132e-17
4021.55 8.5574e-17
4023.075 9.6148e-17
4024.6 8.1614e-17
4026.125 9.7919e-17
4027.65 7.9343e-17
4029.175 8.4741e-17
4030.7 9.6443e-17
4032.225 7.2843e-17
4033.75 7.9683e-17
4035.275 8.1205e-17
4036.8 7.5068e-17
4038.325 8.4354e-17
4039.85 8.2603e-17
4041.375 1.0338e-16
4042.9 8.1234e-17
4044.425 7.0894e-17
4045.95 1.2325e-16
4047.475 8.5282e-17
4049.0 6.7299e-17
4050.525 7.8892e-17
4052.05 3.867e-17
4053.575 6.5231e-17
4055.1 6.4353e-17
4056.625 6.7032e-17
4058.15 7.6419e-17
4059.675 8.5756e-17
4061.2 9.1193e-17
4062.725 7.8635e-17
4064.25 7.6129e-17
4065.775 7.2336e-17
4067.3 8.6792e-17
4068.825 9.0021e-17
4070.35 7.7438e-17
4071.875 7.6363e-17
4073.4 8.5347e-17
4074.925 7.5019e-17
4076.45 7.4035e-17
4077.975 9.0387e-17
4079.5 8.0487e-17
4081.025 7.8939e-17
4082.55 6.8828e-17
4084.075 4.5964e-17
4085.6 4.2722e-17
4087.125 6.8246e-17
4088.65 5.822e-17
4090.175 5.364e-17
4091.7 7.12e-17
4093.225 6.9912e-17
4094.75 6.833e-17
4096.275 7.2028e-17
4097.8 8.4024e-17
4099.325 8.5762e-17
4100.85 8.3487e-17
4102.375 8.2171e-17
4103.9 8.5535e-17
4105.425 9.2573e-17
4106.95 8.0889e-17
4108.475 8.9539e-17
4110.0 1.0851e-16
4111.525 8.7994e-17
4113.05 7.0794e-17
4114.575 7.3278e-17
4116.1 7.6941e-17
4117.625 8.3719e-17
4119.15 8.7443e-17
4120.675 9.9943e-17
4122.2 9.2469e-17
4123.725 9.1658e-17
4125.25 8.9292e-17
4126.775 8.3563e-17
4128.3 8.6093e-17
4129.825 8.6161e-17
4131.35 9.824e-17
4132.875 9.5478e-17
4134.4 9.0899e-17
4135.925 9.1268e-17
4137.45 8.8687e-17
4138.975 9.6095e-17
4140.5 9.7479e-17
4142.025 9.4855e-17
4143.55 9.5306e-17
4145.075 9.3871e-17
4146.6 8.8516e-17
4148.125 8.5944e-17
4149.65 8.248e-17
4151.175 1.0008e-16
4152.7 1.0972e-16
4154.225 1.1103e-16
4155.75 9.9565e-17
4157.275 8.206e-17
4158.8 1.0367e-16
4160.325 9.2574e-17
4161.85 1.1248e-16
4163.375 1.02e-16
4164.9 1.0481e-16
4166.425 1.019e-16
4167.95 8.6458e-17
4169.475 1.0725e-16
4171.0 1.2285e-16
4172.525 1.2111e-16
4174.05 1.3253e-16
4175.575 1.0364e-16
4177.1 1.0346e-16
4178.625 8.7892e-17
4180.15 9.9084e-17
4181.675 9.4439e-17
4183.2 9.2311e-17
4184.725 1.0571e-16
4186.25 1.1056e-16
4187.775 1.0671e-16
4189.3 1.0893e-16
4190.825 1.036e-16
4192.35 1.09e-16
4193.875 1.0482e-16
4195.4 1.1189e-16
4196.925 1.1207e-16
4198.45 8.9242e-17
4199.975 1.1382e-16
4201.5 1.0261e-16
4203.025 1.0069e-16
4204.55 1.0932e-16
4206.075 1.1034e-16
4207.6 8.7493e-17
4209.125 1.0407e-16
4210.65 1.0175e-16
4212.175 1.0182e-16
4213.7 1.1667e-16
4215.225 1.1089e-16
4216.75 1.0427e-16
4218.275 8.0503e-17
4219.8 5.7939e-17
4221.325 8.0553e-17
4222.85 9.1144e-17
4224.375 9.7016e-17
4225.9 9.7628e-17
4227.425 1.0141e-16
4228.95 8.352e-17
4230.475 8.411e-17
4232.0 9.5126e-17
4233.525 9.3282e-17
4235.05 9.0443e-17
4236.575 9.9697e-17
4238.1 7.8803e-17
4239.625 9.2371e-17
4241.15 9.4136e-17
4242.675 9.5604e-17
4244.2 8.5988e-17
4245.725 1.0109e-16
4247.25 1.0675e-16
4248.775 9.2368e-17
4250.3 9.5409e-17
4251.825 1.0361e-16
4253.35 9.5582e-17
4254.875 9.8101e-17
4256.4 1.129e-16
4257.925 8.9229e-17
4259.45 9.0898e-17
4260.975 9.1766e-17
4262.5 1.0304e-16
4264.025 9.3975e-17
4265.55 1.1362e-16
4267.075 9.9345e-17
4268.6 1.0117e-16
4270.125 1.0529e-16
4271.65 9.2617e-17
4273.175 1.0218e-16
4274.7 1.0909e-16
4276.225 1.011e-16
4277.75 8.0598e-17
4279.275 8.9186e-17
4280.8 1.023e-16
4282.325 9.3407e-17
4283.85 9.7877e-17
4285.375 1.0428e-16
4286.9 7.6759e-17
4288.425 8.9825e-17
4289.95 1.0561e-16
4291.475 1.041e-16
4293.0 1.0252e-16
4294.525 8.4921e-17
4296.05 9.8842e-17
4297.575 8.7826e-17
4299.1 8.3193e-17
4300.625 9.0956e-17
4302.15 7.7813e-17
4303.675 9.3954e-17
4305.2 9.3758e-17
4306.725 9.677e-17
4308.25 1.0374e-16
4309.775 1.0831e-16
4311.3 8.7876e-17
4312.825 9.1567e-17
4314.35 9.8731e-17
4315.875 8.9392e-17
4317.4 8.7452e-17
4318.925 7.959e-17
4320.45 8.3114e-17
4321.975 1.0175e-16
4323.5 1.1819e-16
4325.025 9.3107e-17
4326.55 9.4952e-17
4328.075 1.0398e-16
4329.6 1.1216e-16
4331.125 1.08e-16
4332.65 1.0542e-16
4334.175 9.5657e-17
4335.7 9.0475e-17
4337.225 9.5871e-17
4338.75 1.082e-16
4340.275 1.0799e-16
4341.8 1.1377e-16
4343.325 1.031e-16
4344.85 9.5681e-17
4346.375 9.4481e-17
4347.9 1.0385e-16
4349.425 1.3081e-16
4350.95 1.2517e-16
4352.475 1.2508e-16
4354.0 1.1819e-16
4355.525 1.2495e-16
4357.05 1.5677e-16
4358.575 1.514e-16
4360.1 1.0813e-16
4361.625 9.2879e-17
4363.15 5.5774e-17
4364.675 9.1613e-17
4366.2 8.7238e-17
4367.725 1.1065e-16
4369.25 9.5684e-17
4370.775 1.1557e-16
4372.3 9.4427e-17
4373.825 8.1566e-17
4375.35 5.602e-17
4376.875 1.009e-16
4378.4 7.7393e-17
4379.925 9.3757e-17
4381.45 8.6257e-17
4382.975 8.4093e-17
4384.5 1.1394e-16
4386.025 1.1807e-16
4387.55 9.712e-17
4389.075 8.7326e-17
4390.6 8.8479e-17
4392.125 9.5751e-17
4393.65 9.5005e-17
4395.175 1.032e-16
4396.7 1.125e-16
4398.225 1.0757e-16
4399.75 1.0232e-16
4401.275 9.4912e-17
4402.8 9.041e-17
4404.325 1.0346e-16
4405.85 9.3482e-17
4407.375 8.7535e-17
4408.9 9.4782e-17
4410.425 1.1575e-16
4411.95 9.5948e-17
4413.475 1.0447e-16
4415.0 9.0786e-17
4416.525 1.0897e-16
4418.05 1.2512e-16
4419.575 8.7439e-17
4421.1 1.0283e-16
4422.625 8.9247e-17
4424.15 8.5612e-17
4425.675 1.0001e-16
4427.2 8.1735e-17
4428.725 5.8423e-17
4430.25 6.9513e-17
4431.775 6.7231e-17
4433.3 8.9986e-17
4434.825 9.1992e-17
4436.35 9.2114e-17
4437.875 9.7945e-17
4439.4 9.7265e-17
4440.925 9.5259e-17
4442.45 1.1017e-16
4443.975 1.0767e-16
4445.5 8.3917e-17
4447.025 1.0081e-16
4448.55 9.7605e-17
4450.075 9.7702e-17
4451.6 1.0409e-16
4453.125 8.9872e-17
4454.65 9.0819e-17
4456.175 1.0113e-16
4457.7 9.2705e-17
4459.225 6.8966e-17
4460.75 1.0128e-16
4462.275 8.8993e-17
4463.8 8.1655e-17
4465.325 7.3715e-17
4466.85 8.2281e-17
4468.375 1.0517e-16
4469.9 1.2781e-16
4471.425 1.3291e-16
4472.95 1.2111e-16
4474.475 9.4424e-17
4476.0 5.2952e-17
4477.525 6.9273e-17
4479.05 1.1283e-16
4480.575 9.2246e-17
4482.1 7.9169e-17
4483.625 8.326e-17
4485.15 7.4946e-17
4486.675 8.4822e-17
4488.2 8.9828e-17
4489.725 9.2344e-17
4491.25 9.3906e-17
4492.775 1.3103e-16
4494.3 1.0821e-16
4495.825 1.0466e-16
4497.35 1.2012e-16
4498.875 1.1266e-16
4500.4 1.1267e-16
4501.925 1.125e-16
4503.45 1.0462e-16
4504.975 1.0032e-16
4506.5 1.0629e-16
4508.025 7.3557e-17
4509.55 7.3071e-17
4511.075 1.0087e-16
4512.6 1.0855e-16
4514.125 9.4322e-17
4515.65 9.0764e-17
4517.175 8.8643e-17
4518.7 8.9934e-17
4520.225 1.0665e-16
4521.75 1.3164e-16
4523.275 1.143e-16
4524.8 1.1213e-16
4526.325 1.0453e-16
4527.85 9.4266e-17
4529.375 8.1364e-17
4530.9 5.4134e-17
4532.425 6.6439e-17
4533.95 8.8449e-17
4535.475 9.2129e-17
4537.0 1.1065e-16
4538.525 7.5031e-17
4540.05 9.064e-17
4541.575 9.6379e-17
4543.1 9.9012e-17
4544.625 1.1812e-16
4546.15 8.5613e-17
4547.675 9.0984e-17
4549.2 9.848e-17
4550.725 9.1199e-17
4552.25 9.9445e-17
4553.775 1.0521e-16
4555.3 1.0827e-16
4556.825 1.0568e-16
4558.35 1.0575e-16
4559.875 8.8998e-17
4561.4 9.4902e-17
4562.925 9.6974e-17
4564.45 1.0649e-16
4565.975 1.1791e-16
4567.5 1.1209e-16
4569.025 1.0631e-16
4570.55 1.0909e-16
4572.075 7.7205e-17
4573.6 8.569e-17
4575.125 8.4791e-17
4576.65 1.0048e-16
4578.175 1.1188e-16
4579.7 9.4578e-17
4581.225 9.822e-17
4582.75 1.1804e-16
4584.275 1.0257e-16
4585.8 9.9459e-17
4587.325 9.7038e-17
4588.85 7.9713e-17
4590.375 9.5948e-17
4591.9 1.0058e-16
4593.425 9.5316e-17
4594.95 1.1114e-16
4596.475 1.179e-16
4598.0 1.1785e-16
4599.525 9.948e-17
4601.05 7.6811e-17
4602.575 8.3355e-17
4604.1 9.6489e-17
4605.625 8.1783e-17
4607.15 1.0721e-16
4608.675 1.0042e-16
4610.2 9.9909e-17
4611.725 9.4132e-17
4613.25 9.3953e-17
4614.775 1.1163e-16
4616.3 8.3791e-17
4617.825 7.9269e-17
4619.35 1.0069e-16
4620.875 1.1917e-16
4622.4 9.2937e-17
4623.925 9.1651e-17
4625.45 1.0593e-16
4626.975 9.9571e-17
4628.5 6.9252e-17
4630.025 8.1051e-17
4631.55 1.0947e-16
4633.075 1.0496e-16
4634.6 9.3648e-17
4636.125 9.1555e-17
4637.65 1.0115e-16
4639.175 7.7865e-17
4640.7 9.1589e-17
4642.225 9.916e-17
4643.75 9.7711e-17
4645.275 1.0071e-16
4646.8 1.0674e-16
4648.325 9.1984e-17
4649.85 1.051e-16
4651.375 1.0627e-16
4652.9 1.1104e-16
4654.425 9.1645e-17
4655.95 1.0286e-16
4657.475 1.0517e-16
4659.0 1.1116e-16
4660.525 9.7993e-17
4662.05 9.3783e-17
4663.575 7.9505e-17
4665.1 6.8421e-17
4666.625 9.1714e-17
4668.15 1.1873e-16
4669.675 8.5533e-17
4671.2 9.8067e-17
4672.725 9.9886e-17
4674.25 7.0084e-17
4675.775 9.654e-17
4677.3 1.0962e-16
4678.825 9.3603e-17
4680.35 9.867e-17
4681.875 9.6896e-17
4683.4 8.8823e-17
4684.925 1.0671e-16
4686.45 1.2652e-16
4687.975 1.1272e-16
4689.5 1.1595e-16
4691.025 1.1099e-16
4692.55 1.1924e-16
4694.075 9.6711e-17
4695.6 1.0793e-16
4697.125 1.0864e-16
4698.65 1.0528e-16
4700.175 1.2069e-16
4701.7 1.3086e-16
4703.225 1.1506e-16
4704.75 1.1522e-16
4706.275 1.5637e-16
4707.8 1.273e-16
4709.325 1.181e-16
4710.85 1.2253e-16
4712.375 1.1632e-16
4713.9 9.9471e-17
4715.425 9.4464e-17
4716.95 9.9842e-17
4718.475 1.086e-16
4720.0 1.1238e-16
4721.525 1.1591e-16
4723.05 1.1398e-16
4724.575 1.119e-16
4726.1 1.0259e-16
4727.625 8.6877e-17
4729.15 1.072e-16
4730.675 1.2564e-16
4732.2 1.3591e-16
4733.725 1.0031e-16
4735.25 1.0955e-16
4736.775 1.013e-16
4738.3 1.0662e-16
4739.825 1.0414e-16
4741.35 1.0424e-16
4742.875 1.0783e-16
4744.4 1.1255e-16
4745.925 9.7674e-17
4747.45 1.0588e-16
4748.975 1.147e-16
4750.5 1.1638e-16
4752.025 1.0314e-16
4753.55 9.6697e-17
4755.075 1.0308e-16
4756.6 8.9597e-17
4758.125 1.0678e-16
4759.65 9.4556e-17
4761.175 9.7805e-17
4762.7 1.1721e-16
4764.225 1.1158e-16
4765.75 1.1643e-16
4767.275 1.1775e-16
4768.8 1.1001e-16
4770.325 1.0551e-16
4771.85 1.1578e-16
4773.375 9.7667e-17
4774.9 8.7539e-17
4776.425 8.5863e-17
4777.95 1.0972e-16
4779.475 1.1562e-16
4781.0 1.2762e-16
4782.525 1.3537e-16
4784.05 1.1831e-16
4785.575 1.2014e-16
4787.1 1.1705e-16
4788.625 1.124e-16
4790.15 1.0623e-16
4791.675 1.0685e-16
4793.2 1.0661e-16
4794.725 1.1989e-16
4796.25 1.2576e-16
4797.775 1.1233e-16
4799.3 9.2471e-17
4800.825 9.0397e-17
4802.35 9.1502e-17
4803.875 1.0268e-16
4805.4 1.0633e-16
4806.925 1.1096e-16
4808.45 8.9258e-17
4809.975 9.9764e-17
4811.5 1.1283e-16
4813.025 1.0383e-16
4814.55 1.0097e-16
4816.075 1.0836e-16
4817.6 1.213e-16
4819.125 1.1514e-16
4820.65 1.1874e-16
4822.175 9.1872e-17
4823.7 9.6035e-17
4825.225 1.165e-16
4826.75 9.8093e-17
4828.275 1.0804e-16
4829.8 1.041e-16
4831.325 1.0329e-16
4832.85 1.0188e-16
4834.375 1.1117e-16
4835.9 1.1358e-16
4837.425 1.0908e-16
4838.95 1.0174e-16
4840.475 1.1462e-16
4842.0 1.1987e-16
4843.525 9.1638e-17
4845.05 9.6433e-17
4846.575 1.0405e-16
4848.1 8.7398e-17
4849.625 1.0916e-16
4851.15 1.0811e-16
4852.675 1.0522e-16
4854.2 1.1422e-16
4855.725 1.165e-16
4857.25 9.7378e-17
4858.775 9.3982e-17
4860.3 8.5433e-17
4861.825 9.7589e-17
4863.35 1.1345e-16
4864.875 1.0158e-16
4866.4 9.0818e-17
4867.925 8.2696e-17
4869.45 8.7437e-17
4870.975 1.009e-16
4872.5 8.2749e-17
4874.025 8.4755e-17
4875.55 8.9864e-17
4877.075 9.3023e-17
4878.6 9.6293e-17
4880.125 8.5635e-17
4881.65 1.0359e-16
4883.175 9.5087e-17
4884.7 8.106e-17
4886.225 7.4405e-17
4887.75 9.292e-17
4889.275 1.0212e-16
4890.8 1.0231e-16
4892.325 1.0162e-16
4893.85 8.2099e-17
4895.375 8.1193e-17
4896.9 9.8234e-17
4898.425 9.8674e-17
4899.95 8.4166e-17
4901.475 8.7563e-17
4903.0 9.2927e-17
4904.525 8.6529e-17
4906.05 8.6635e-17
4907.575 8.0492e-17
4909.1 6.9064e-17
4910.625 8.3204e-17
4912.15 8.439e-17
4913.675 1e-16
4915.2 9.3138e-17
4916.725 7.9083e-17
4918.25 8.6313e-17
4919.775 8.9445e-17
4921.3 7.5013e-17
4922.825 9.1315e-17
4924.35 9.936e-17
4925.875 8.0582e-17
4927.4 7.8006e-17
4928.925 6.9628e-17
4930.45 6.9204e-17
4931.975 5.639e-17
4933.5 7.2853e-17
4935.025 8.6993e-17
4936.55 9.146e-17
4938.075 8.5809e-17
4939.6 7.0687e-17
4941.125 7.5531e-17
4942.65 8.5844e-17
4944.175 8.2737e-17
4945.7 7.5439e-17
4947.225 8.2115e-17
4948.75 8.8133e-17
4950.275 8.967e-17
4951.8 9.5032e-17
4953.325 6.148e-17
4954.85 8.7606e-17
4956.375 9.796e-17
4957.9 9.9373e-17
4959.425 8.7159e-17
4960.95 9.8387e-17
4962.475 1.0239e-16
4964.0 9.75e-17
4965.525 9.0523e-17
4967.05 9.6121e-17
4968.575 9.1621e-17
4970.1 9.8682e-17
4971.625 1.0134e-16
4973.15 1.1382e-16
4974.675 1.1921e-16
4976.2 8.6812e-17
4977.725 9.539e-17
4979.25 1.0189e-16
4980.775 1.1502e-16
4982.3 1.0047e-16
4983.825 9.1336e-17
4985.35 1.0547e-16
4986.875 1.1467e-16
4988.4 1.1083e-16
4989.925 1.2735e-16
4991.45 1.3152e-16
4992.975 1.1516e-16
4994.5 9.401e-17
4996.025 7.2354e-17
4997.55 9.3895e-17
4999.075 9.3113e-17
5000.6 8.0602e-17
5002.125 7.6958e-17
5003.65 1.047e-16
5005.175 1.6699e-16
5006.7 1.9505e-16
5008.225 1.9597e-16
5009.75 1.425e-16
5011.275 9.5825e-17
5012.8 9.595e-17
5014.325 6.4275e-17
5015.85 6.1728e-17
5017.375 7.3536e-17
5018.9 7.2798e-17
5020.425 8.4071e-17
5021.95 7.0842e-17
5023.475 7.6413e-17
5025.0 8.2823e-17
5026.525 8.0625e-17
5028.05 6.644e-17
5029.575 9.6877e-17
5031.1 9.6763e-17
5032.625 7.5241e-17
5034.15 8.1303e-17
5035.675 8.408e-17
5037.2 8.9094e-17
5038.725 1.0354e-16
5040.25 1.063e-16
5041.775 1.0343e-16
5043.3 9.3636e-17
5044.825 1.0788e-16
5046.35 1.2967e-16
5047.875 1.3508e-16
5049.4 1.2419e-16
5050.925 1.2265e-16
5052.45 1.0833e-16
5053.975 1.0954e-16
5055.5 1.0283e-16
5057.025 1.1257e-16
5058.55 1.1473e-16
5060.075 8.7919e-17
5061.6 1.2571e-16
5063.125 1.132e-16
5064.65 1.0107e-16
5066.175 1.2437e-16
5067.7 1.1707e-16
5069.225 9.492e-17
5070.75 1.2792e-16
5072.275 1.2566e-16
5073.8 1.1002e-16
5075.325 1.0578e-16
5076.85 9.8068e-17
5078.375 1.0896e-16
5079.9 1.1618e-16
5081.425 1.2727e-16
5082.95 9.5387e-17
5084.475 9.1948e-17
5086.0 1.0876e-16
5087.525 1.1272e-16
5089.05 9.8394e-17
5090.575 8.9867e-17
5092.1 9.9582e-17
5093.625 1.0456e-16
5095.15 9.8658e-17
5096.675 1.0242e-16
5098.2 9.3607e-17
5099.725 9.7671e-17
5101.25 9.2347e-17
5102.775 7.9774e-17
5104.3 9.0406e-17
5105.825 1.0798e-16
5107.35 9.8415e-17
5108.875 9.4403e-17
5110.4 8.7157e-17
5111.925 8.2302e-17
5113.45 6.6402e-17
5114.975 6.89e-17
5116.5 8.3186e-17
5118.025 7.1557e-17
5119.55 7.8249e-17
5121.075 7.2299e-17
5122.6 9.1516e-17
5124.125 8.4402e-17
5125.65 8.738e-17
5127.175 8.6167e-17
5128.7 7.5475e-17
5130.225 7.5855e-17
5131.75 7.4021e-17
5133.275 9.1473e-17
5134.8 8.5507e-17
5136.325 6.957e-17
5137.85 9.8167e-17
5139.375 1.1302e-16
5140.9 1.1671e-16
5142.425 1.0043e-16
5143.95 1.1947e-16
5145.475 1.18e-16
5147.0 1.1512e-16
5148.525 9.049e-17
5150.05 9.0268e-17
5151.575 1.1177e-16
5153.1 1.3641e-16
5154.625 1.6289e-16
5156.15 1.8906e-16
5157.675 1.8869e-16
5159.2 1.7367e-16
5160.725 1.5983e-16
5162.25 1.4489e-16
5163.775 1.1965e-16
5165.3 9.746e-17
5166.825 1.1548e-16
5168.35 9.9125e-17
5169.875 9.4789e-17
5171.4 1.065e-16
5172.925 9.6524e-17
5174.45 1.2291e-16
5175.975 1.2466e-16
5177.5 1.0967e-16
5179.025 1.203e-16
5180.55 1.4677e-16
5182.075 1.4314e-16
5183.6 1.1486e-16
5185.125 1.0284e-16
5186.65 1.21e-16
5188.175 1.1733e-16
5189.7 1.0836e-16
5191.225 7.9879e-17
5192.75 8.6419e-17
5194.275 1.0012e-16
5195.8 7.6342e-17
5197.325 8.9376e-17
5198.85 9.212e-17
5200.375 1.0007e-16
5201.9 1.1366e-16
5203.425 1.0742e-16
5204.95 9.9163e-17
5206.475 8.9931e-17
5208.0 8.924e-17
5209.525 1.0263e-16
5211.05 1.0305e-16
5212.575 9.7924e-17
5214.1 9.9547e-17
5215.625 9.5853e-17
5217.15 1.1236e-16
5218.675 1.0649e-16
5220.2 1.031e-16
5221.725 9.8208e-17
5223.25 1.0597e-16
5224.775 9.484e-17
5226.3 9.1561e-17
5227.825 9.4646e-17
5229.35 9.61e-17
5230.875 8.2482e-17
5232.4 7.6182e-17
5233.925 8.5941e-17
5235.45 9.6803e-17
5236.975 1.0241e-16
5238.5 1.0419e-16
5240.025 9.5384e-17
5241.55 7.6629e-17
5243.075 7.3216e-17
5244.6 7.957e-17
5246.125 8.684e-17
5247.65 8.0167e-17
5249.175 8.5822e-17
5250.7 9.1103e-17
5252.225 9.0479e-17
5253.75 6.8968e-17
5255.275 9.0812e-17
5256.8 1.1983e-16
5258.325 9.1951e-17
5259.85 8.6019e-17
5261.375 7.652e-17
5262.9 7.8697e-17
5264.425 8.962e-17
5265.95 7.4626e-17
5267.475 6.7809e-17
5269.0 6.9294e-17
5270.525 6.6526e-17
5272.05 7.0764e-17
5273.575 9.7605e-17
5275.1 8.328e-17
5276.625 7.427e-17
5278.15 8.1919e-17
5279.675 7.8915e-17
5281.2 1.0145e-16
5282.725 9.0311e-17
5284.25 7.1247e-17
5285.775 6.4348e-17
5287.3 8.0365e-17
5288.825 8.3784e-17
5290.35 6.4847e-17
5291.875 7.7308e-17
5293.4 8.2805e-17
5294.925 8.7787e-17
5296.45 7.4304e-17
5297.975 8.3645e-17
5299.5 9.0715e-17
5301.025 9.27e-17
5302.55 9.3535e-17
5304.075 1.0308e-16
5305.6 1.1178e-16
5307.125 1.2099e-16
5308.65 1.0712e-16
5310.175 1.0003e-16
5311.7 1.1431e-16
5313.225 1.116e-16
5314.75 1.0887e-16
5316.275 1.1902e-16
5317.8 1.1418e-16
5319.325 7.9231e-17
5320.85 8.8392e-17
5322.375 7.9746e-17
5323.9 7.3094e-17
5325.425 1.0184e-16
5326.95 9.5407e-17
5328.475 8.9001e-17
5330.0 8.1892e-17
5331.525 9.2356e-17
5333.05 1.1309e-16
5334.575 8.479e-17
5336.1 9.2382e-17
5337.625 8.5489e-17
5339.15 6.8655e-17
5340.675 8.9422e-17
5342.2 1.1253e-16
5343.725 9.2131e-17
5345.25 7.7144e-17
5346.775 9.2703e-17
5348.3 1.0947e-16
5349.825 8.8926e-17
5351.35 8.111e-17
5352.875 1.0185e-16
5354.4 1.3718e-16
5355.925 1.1512e-16
5357.45 9.2702e-17
5358.975 9.6381e-17
5360.5 9.6844e-17
5362.025 9.5158e-17
5363.55 1.0875e-16
5365.075 1.0171e-16
5366.6 8.9325e-17
5368.125 8.6624e-17
5369.65 8.9609e-17
5371.175 8.2739e-17
5372.7 7.6225e-17
5374.225 8.0267e-17
5375.75 8.727e-17
5377.275 1.1667e-16
5378.8 1.261e-16
5380.325 7.8255e-17
5381.85 6.3155e-17
5383.375 5.8001e-17
5384.9 7.4682e-17
5386.425 1.0323e-16
5387.95 1.3031e-16
5389.475 1.3058e-16
5391.0 1.4359e-16
5392.525 1.1973e-16
5394.05 1.0604e-16
5395.575 1.2434e-16
5397.1 9.4663e-17
5398.625 6.616e-17
5400.15 6.9474e-17
5401.675 7.5654e-17
5403.2 6.5266e-17
5404.725 1.0219e-16
5406.25 1.3468e-16
5407.775 1.1059e-16
5409.3 1.2275e-16
5410.825 1.12e-16
5412.35 6.8698e-17
5413.875 8.3563e-17
5415.4 8.4782e-17
5416.925 1.0051e-16
5418.45 1.4029e-16
5419.975 1.1742e-16
5421.5 1.1184e-16
5423.025 8.8259e-17
5424.55 1.0842e-16
5426.075 8.9575e-17
5427.6 1.1859e-16
5429.125 9.8822e-17
5430.65 5.2824e-17
5432.175 7.2914e-17
5433.7 8.6416e-17
5435.225 9.377e-17
5436.75 1.0583e-16
5438.275 1.0474e-16
5439.8 1.3413e-16
5441.325 1.0225e-16
5442.85 8.0348e-17
5444.375 7.5867e-17
5445.9 1.1734e-16
5447.425 9.129e-17
5448.95 9.9772e-17
5450.475 1.1892e-16
5452.0 1.0637e-16
5453.525 1.361e-16
5455.05 1.5014e-16
5456.575 1.3479e-16
5458.1 1.0645e-16
5459.625 1.49e-16
5461.15 1.3525e-16
5462.675 1.1124e-16
5464.2 9.3332e-17
5465.725 1.2451e-16
5467.25 9.2122e-17
5468.775 1.0706e-16
5470.3 1.3017e-16
5471.825 1.4599e-16
5473.35 1.2655e-16
5474.875 1.2252e-16
5476.4 1.0319e-16
5477.925 1.2709e-16
5479.45 1.0861e-16
5480.975 1.014e-16
5482.5 1.2389e-16
5484.025 1.2255e-16
5485.55 1.4767e-16
5487.075 1.0916e-16
5488.6 1.0304e-16
5490.125 9.2109e-17
5491.65 1.3714e-16
5493.175 1.6702e-16
5494.7 1.6886e-16
5496.225 1.1332e-16
5497.75 1.2031e-16
5499.275 1.0168e-16
5500.8 9.8134e-17
5502.325 1.0289e-16
5503.85 1.0461e-16
5505.375 1.1213e-16
5506.9 1.275e-16
5508.425 1.1558e-16
5509.95 1.1473e-16
5511.475 1.0745e-16
5513.0 1.1919e-16
5514.525 1.3895e-16
5516.05 1.3176e-16
5517.575 1.1406e-16
5519.1 1.053e-16
5520.625 1.0279e-16
5522.15 1.024e-16
5523.675 1.1784e-16
5525.2 1.0819e-16
5526.725 9.9997e-17
5528.25 9.8827e-17
5529.775 9.7221e-17
5531.3 1.0437e-16
5532.825 1.2131e-16
5534.35 1.049e-16
5535.875 1.0011e-16
5537.4 1.0327e-16
5538.925 1.1145e-16
5540.45 1.3739e-16
5541.975 1.1939e-16
5543.5 1.1005e-16
5545.025 1.1372e-16
5546.55 1.013e-16
5548.075 1.2363e-16
5549.6 1.1998e-16
5551.125 1.0204e-16
5552.65 9.0774e-17
5554.175 1.0399e-16
5555.7 1.0169e-16
5557.225 1.0614e-16
5558.75 1.143e-16
5560.275 1.2476e-16
5561.8 1.3094e-16
5563.325 1.115e-16
5564.85 1.0951e-16
5566.375 1.3081e-16
5567.9 1.4226e-16
5569.425 1.3257e-16
5570.95 1.3376e-16
5572.475 1.3233e-16
5574.0 1.2442e-16
5575.525 1.4869e-16
5577.05 1.531e-16
5578.575 1.5419e-16
5580.1 1.5156e-16
5581.625 1.0841e-16
5583.15 9.8425e-17
5584.675 1.1874e-16
5586.2 1.1499e-16
5587.725 1.0643e-16
5589.25 1.2698e-16
5590.775 1.3987e-16
5592.3 1.3421e-16
5593.825 1.3362e-16
5595.35 1.0463e-16
5596.875 1.141e-16
5598.4 1.2089e-16
5599.925 1.1517e-16
5601.45 1.1124e-16
5602.975 1.0551e-16
5604.5 1.2015e-16
5606.025 1.1918e-16
5607.55 1.0808e-16
5609.075 1.2673e-16
5610.6 1.3616e-16
5612.125 1.237e-16
5613.65 1.3218e-16
5615.175 1.3368e-16
5616.7 1.1744e-16
5618.225 1.0912e-16
5619.75 1.0891e-16
5621.275 1.0451e-16
5622.8 1.0984e-16
5624.325 9.6336e-17
5625.85 1.0061e-16
5627.375 1.2805e-16
5628.9 1.1582e-16
5630.425 1.0423e-16
5631.95 9.6496e-17
5633.475 9.6842e-17
5635.0 8.7453e-17
5636.525 9.4587e-17
5638.05 8.8197e-17
5639.575 7.7637e-17
5641.1 9.5182e-17
5642.625 1.0073e-16
5644.15 1.1642e-16
5645.675 1.1997e-16
5647.2 9.9437e-17
5648.725 9.1253e-17
5650.25 1.0026e-16
5651.775 9.8288e-17
5653.3 8.9902e-17
5654.825 9.5186e-17
5656.35 1.1886e-16
5657.875 1.2587e-16
5659.4 1.2781e-16
5660.925 1.0249e-16
5662.45 9.3876e-17
5663.975 1.2017e-16
5665.5 1.3011e-16
5667.025 1.3135e-16
5668.55 1.1824e-16
5670.075 1.2026e-16
5671.6 1.4297e-16
5673.125 1.4125e-16
5674.65 1.3565e-16
5676.175 1.3268e-16
5677.7 1.1284e-16
5679.225 9.7574e-17
5680.75 1.0567e-16
5682.275 1.2343e-16
5683.8 1.3695e-16
5685.325 1.3793e-16
5686.85 1.2742e-16
5688.375 1.1649e-16
5689.9 1.0286e-16
5691.425 9.7579e-17
5692.95 1.1571e-16
5694.475 1.4532e-16
5696.0 1.4018e-16
5697.525 1.257e-16
5699.05 1.2671e-16
5700.575 1.3201e-16
5702.1 1.2576e-16
5703.625 1.391e-16
5705.15 1.3708e-16
5706.675 1.2104e-16
5708.2 1.1647e-16
5709.725 1.1941e-16
5711.25 1.3429e-16
5712.775 1.3158e-16
5714.3 1.11e-16
5715.825 1.104e-16
5717.35 1.3343e-16
5718.875 1.2075e-16
5720.4 9.5457e-17
5721.925 1.0838e-16
5723.45 1.4138e-16
5724.975 1.5459e-16
5726.5 1.3902e-16
5728.025 1.262e-16
5729.55 1.1808e-16
5731.075 1.1228e-16
5732.6 1.0685e-16
5734.125 1.0333e-16
5735.65 1.1913e-16
5737.175 1.2143e-16
5738.7 8.9768e-17
5740.225 8.1101e-17
5741.75 1.1166e-16
5743.275 1.2033e-16
5744.8 1.0546e-16
5746.325 1.0405e-16
5747.85 1.1152e-16
5749.375 1.2237e-16
5750.9 1.0948e-16
5752.425 9.4341e-17
5753.95 1.0285e-16
5755.475 1.046e-16
5757.0 9.6174e-17
5758.525 1.0659e-16
5760.05 1.0943e-16
5761.575 9.9272e-17
5763.1 1.0036e-16
5764.625 1.0962e-16
5766.15 1.0907e-16
5767.675 9.957e-17
5769.2 9.8169e-17
5770.725 1.1224e-16
5772.25 1.2629e-16
5773.775 1.1594e-16
5775.3 1.0789e-16
5776.825 1.1129e-16
5778.35 9.898e-17
5779.875 9.1085e-17
5781.4 9.7635e-17
5782.925 9.8467e-17
5784.45 1.0554e-16
5785.975 1.1067e-16
5787.5 9.8095e-17
5789.025 9.3933e-17
5790.55 1.1185e-16
5792.075 1.2486e-16
5793.6 1.1371e-16
5795.125 1.1087e-16
5796.65 1.0843e-16
5798.175 1.0059e-16
5799.7 1.0305e-16
5801.225 9.5538e-17
5802.75 8.9595e-17
5804.275 9.9666e-17
5805.8 1.2069e-16
5807.325 1.2555e-16
5808.85 1.1595e-16
5810.375 1.1643e-16
5811.9 1.2322e-16
5813.425 1.3309e-16
5814.95 1.2177e-16
5816.475 1.1275e-16
5818.0 1.111e-16
5819.525 1.1161e-16
5821.05 1.196e-16
5822.575 1.227e-16
5824.1 1.2294e-16
5825.625 1.308e-16
5827.15 1.4262e-16
5828.675 1.4733e-16
5830.2 1.3789e-16
5831.725 1.3472e-16
5833.25 1.3969e-16
5834.775 1.3418e-16
5836.3 1.383e-16
5837.825 1.3841e-16
5839.35 1.2265e-16
5840.875 1.2289e-16
5842.4 1.3288e-16
5843.925 1.2667e-16
5845.45 1.2241e-16
5846.975 1.2994e-16
5848.5 1.4854e-16
5850.025 1.4014e-16
5851.55 1.0127e-16
5853.075 9.9978e-17
5854.6 1.1775e-16
5856.125 1.2066e-16
5857.65 1.1242e-16
5859.175 1.0536e-16
5860.7 1.082e-16
5862.225 9.7107e-17
5863.75 9.742e-17
5865.275 1.1204e-16
5866.8 1.1273e-16
5868.325 1.1138e-16
5869.85 9.9453e-17
5871.375 8.3859e-17
5872.9 8.4906e-17
5874.425 9.4903e-17
5875.95 1.044e-16
5877.475 1.1989e-16
5879.0 1.3507e-16
5880.525 9.3081e-17
5882.05 5.5693e-17
5883.575 1.1811e-16
5885.1 1.5633e-16
5886.625 1.0152e-16
5888.15 8.5883e-17
5889.675 1.8403e-16
5891.2 2.46e-16
5892.725 1.6301e-16
5894.25 1.2463e-16
5895.775 2.0694e-16
5897.3 2.1838e-16
5898.825 1.2572e-16
5900.35 9.0696e-17
5901.875 1.0544e-16
5903.4 1.0168e-16
5904.925 9.7385e-17
5906.45 8.6567e-17
5907.975 9.571e-17
5909.5 1.2709e-16
5911.025 1.225e-16
5912.55 1.0845e-16
5914.075 1.0593e-16
5915.6 1.0364e-16
5917.125 1.2016e-16
5918.65 1.2515e-16
5920.175 1.0784e-16
5921.7 1.1136e-16
5923.225 1.0548e-16
5924.75 8.9438e-17
5926.275 9.9469e-17
5927.8 1.1294e-16
5929.325 1.3102e-16
5930.85 1.2488e-16
5932.375 1.0115e-16
5933.9 1.0361e-16
5935.425 1.0864e-16
5936.95 1.0895e-16
5938.475 1.1992e-16
5940.0 1.198e-16
5941.525 9.313e-17
5943.05 7.968e-17
5944.575 9.0021e-17
5946.1 1.0267e-16
5947.625 1.0888e-16
5949.15 1.0764e-16
5950.675 1.0388e-16
5952.2 9.6105e-17
5953.725 9.9971e-17
5955.25 1.2205e-16
5956.775 1.3375e-16
5958.3 1.1899e-16
5959.825 9.962e-17
5961.35 9.6264e-17
5962.875 1.0951e-16
5964.4 1.1015e-16
5965.925 9.0025e-17
5967.45 8.4381e-17
5968.975 9.0597e-17
5970.5 1.0204e-16
5972.025 1.1134e-16
5973.55 1.0983e-16
5975.075 1.0967e-16
5976.6 1.0117e-16
5978.125 9.3307e-17
5979.65 9.8254e-17
5981.175 1.0006e-16
5982.7 9.7622e-17
5984.225 9.4098e-17
5985.75 9.9913e-17
5987.275 9.8924e-17
5988.8 8.7604e-17
5990.325 8.9546e-17
5991.85 8.5275e-17
5993.375 7.8434e-17
5994.9 7.9194e-17
5996.425 8.2511e-17
5997.95 9.066e-17
5999.475 8.482e-17
6001.0 6.9421e-17
6002.525 7.3121e-17
6004.05 8.1955e-17
6005.575 7.2193e-17
6007.1 6.3608e-17
6008.625 7.7486e-17
6010.15 8.8772e-17
6011.675 7.6199e-17
6013.2 7.2962e-17
6014.725 8.5114e-17
6016.25 8.2704e-17
6017.775 9.168e-17
6019.3 1.1354e-16
6020.825 1.0442e-16
6022.35 9.5946e-17
6023.875 1.0991e-16
6025.4 1.0409e-16
6026.925 1.0288e-16
6028.45 1.0762e-16
6029.975 1.0346e-16
6031.5 1.1094e-16
6033.025 1.033e-16
6034.55 9.3063e-17
6036.075 8.9265e-17
6037.6 8.3314e-17
6039.125 9.8048e-17
6040.65 1.1839e-16
6042.175 1.2965e-16
6043.7 1.3367e-16
6045.225 1.2678e-16
6046.75 1.1984e-16
6048.275 1.1779e-16
6049.8 1.2137e-16
6051.325 1.2627e-16
6052.85 1.2035e-16
6054.375 1.1463e-16
6055.9 1.1772e-16
6057.425 1.0843e-16
6058.95 1.0752e-16
6060.475 1.335e-16
6062.0 1.4256e-16
6063.525 1.2299e-16
6065.05 1.1644e-16
6066.575 1.2204e-16
6068.1 1.2755e-16
6069.625 1.3305e-16
6071.15 1.2804e-16
6072.675 1.2033e-16
6074.2 1.2476e-16
6075.725 1.2767e-16
6077.25 1.2043e-16
6078.775 1.1552e-16
6080.3 1.0605e-16
6081.825 9.9945e-17
6083.35 1.0355e-16
6084.875 9.7696e-17
6086.4 9.077e-17
6087.925 1.0883e-16
6089.45 1.3006e-16
6090.975 1.2765e-16
6092.5 1.23e-16
6094.025 1.2115e-16
6095.55 1.1545e-16
6097.075 1.2561e-16
6098.6 1.2248e-16
6100.125 1.0414e-16
6101.65 9.4206e-17
6103.175 8.773e-17
6104.7 9.844e-17
6106.225 1.2357e-16
6107.75 1.382e-16
6109.275 1.2444e-16
6110.8 1.1191e-16
6112.325 1.211e-16
6113.85 1.1921e-16
6115.375 1.094e-16
6116.9 1.1761e-16
6118.425 1.223e-16
6119.95 1.1299e-16
6121.475 1.1075e-16
6123.0 1.1438e-16
6124.525 1.3075e-16
6126.05 1.375e-16
6127.575 1.1599e-16
6129.1 1.0086e-16
6130.625 9.4688e-17
6132.15 1.0105e-16
6133.675 1.1432e-16
6135.2 1.1769e-16
6136.725 1.2008e-16
6138.25 1.1222e-16
6139.775 1.008e-16
6141.3 1.0097e-16
6142.825 9.9931e-17
6144.35 1.1015e-16
6145.875 1.2479e-16
6147.4 1.0571e-16
6148.925 9.3294e-17
6150.45 1.0455e-16
6151.975 9.8839e-17
6153.5 9.8842e-17
6155.025 1.1602e-16
6156.55 1.1283e-16
6158.075 1.0289e-16
6159.6 1.1093e-16
6161.125 1.2036e-16
6162.65 1.2038e-16
6164.175 1.0827e-16
6165.7 1.0399e-16
6167.225 1.0783e-16
6168.75 1.0442e-16
6170.275 1.156e-16
6171.8 1.3875e-16
6173.325 1.4233e-16
6174.85 1.3201e-16
6176.375 1.1984e-16
6177.9 1.0663e-16
6179.425 1.0438e-16
6180.95 1.0786e-16
6182.475 1.0748e-16
6184.0 1.0562e-16
6185.525 1.042e-16
6187.05 1.0515e-16
6188.575 1.0429e-16
6190.1 9.8212e-17
6191.625 9.0117e-17
6193.15 9.6416e-17
6194.675 1.1031e-16
6196.2 1.0583e-16
6197.725 9.426e-17
6199.25 1.024e-16
6200.775 1.1097e-16
6202.3 1.0352e-16
6203.825 1.0672e-16
6205.35 1.1706e-16
6206.875 1.1595e-16
6208.4 1.0752e-16
6209.925 1.1349e-16
6211.45 1.1549e-16
6212.975 9.9593e-17
6214.5 1.0066e-16
6216.025 1.0313e-16
6217.55 9.4614e-17
6219.075 9.0915e-17
6220.6 1.0079e-16
6222.125 1.1311e-16
6223.65 1.1163e-16
6225.175 1.0588e-16
6226.7 1.0025e-16
6228.225 9.276e-17
6229.75 9.3061e-17
6231.275 1.0578e-16
6232.8 9.7907e-17
6234.325 8.667e-17
6235.85 1.1542e-16
6237.375 1.3481e-16
6238.9 1.0607e-16
6240.425 8.7667e-17
6241.95 1.0268e-16
6243.475 1.0587e-16
6245.0 9.4403e-17
6246.525 9.1881e-17
6248.05 9.4033e-17
6249.575 9.5939e-17
6251.1 1.0391e-16
6252.625 1.1204e-16
6254.15 1.0323e-16
6255.675 9.6197e-17
6257.2 1.0662e-16
6258.725 1.1197e-16
6260.25 1.0411e-16
6261.775 8.881e-17
6263.3 9.1736e-17
6264.825 1.091e-16
6266.35 1.1194e-16
6267.875 1.0834e-16
6269.4 9.6309e-17
6270.925 8.5062e-17
6272.45 9.5085e-17
6273.975 1.015e-16
6275.5 9.1706e-17
6277.025 8.8738e-17
6278.55 8.9501e-17
6280.075 9.4206e-17
6281.6 1.0109e-16
6283.125 9.6188e-17
6284.65 8.8602e-17
6286.175 9.1902e-17
6287.7 1.1295e-16
6289.225 1.2e-16
6290.75 9.107e-17
6292.275 8.9841e-17
6293.8 1.3288e-16
6295.325 1.3565e-16
6296.85 1.24e-16
6298.375 1.4006e-16
6299.9 1.607e-16
6301.425 1.5529e-16
6302.95 1.1858e-16
6304.475 1.0528e-16
6306.0 1.054e-16
6307.525 1.0279e-16
6309.05 1.0606e-16
6310.575 1.1236e-16
6312.1 1.1678e-16
6313.625 9.5907e-17
6315.15 8.1931e-17
6316.675 1.0319e-16
6318.2 1.2131e-16
6319.725 1.2108e-16
6321.25 1.0926e-16
6322.775 1.0146e-16
6324.3 9.7909e-17
6325.825 9.0774e-17
6327.35 1.0447e-16
6328.875 1.2153e-16
6330.4 1.2087e-16
6331.925 1.1439e-16
6333.45 1.1157e-16
6334.975 1.1039e-16
6336.5 1.0738e-16
6338.025 1.0987e-16
6339.55 9.6903e-17
6341.075 9.2437e-17
6342.6 9.7227e-17
6344.125 8.7773e-17
6345.65 9.6485e-17
6347.175 1.0447e-16
6348.7 9.9491e-17
6350.225 1.0355e-16
6351.75 9.7227e-17
6353.275 9.0882e-17
6354.8 9.4564e-17
6356.325 1.0506e-16
6357.85 1.1825e-16
6359.375 1.2463e-16
6360.9 1.2259e-16
6362.425 1.1545e-16
6363.95 1.0416e-16
6365.475 8.9196e-17
6367.0 8.0555e-17
6368.525 9.8015e-17
6370.05 1.1479e-16
6371.575 1.0842e-16
6373.1 1.0142e-16
6374.625 9.3204e-17
6376.15 8.222e-17
6377.675 9.2314e-17
6379.2 1.0911e-16
6380.725 1.1417e-16
6382.25 1.1751e-16
6383.775 1.005e-16
6385.3 9.3469e-17
6386.825 1.0472e-16
6388.35 1.1298e-16
6389.875 1.1139e-16
6391.4 9.5791e-17
6392.925 9.1307e-17
6394.45 9.1935e-17
6395.975 9.9395e-17
6397.5 1.1159e-16
6399.025 1.0387e-16
6400.55 1.0244e-16
6402.075 1.1982e-16
6403.6 1.2017e-16
6405.125 9.6302e-17
6406.65 8.7031e-17
6408.175 9.8958e-17
6409.7 1.123e-16
6411.225 1.0669e-16
6412.75 9.7201e-17
6414.275 1.0229e-16
6415.8 1.0971e-16
6417.325 1.1229e-16
6418.85 1.2103e-16
6420.375 1.2284e-16
6421.9 1.097e-16
6423.425 1.0655e-16
6424.95 1.153e-16
6426.475 1.1481e-16
6428.0 9.6524e-17
6429.525 9.0686e-17
6431.05 9.8245e-17
6432.575 9.9676e-17
6434.1 9.5696e-17
6435.625 9.0442e-17
6437.15 1.0136e-16
6438.675 1.1483e-16
6440.2 1.0979e-16
6441.725 1.0981e-16
6443.25 1.1892e-16
6444.775 1.0912e-16
6446.3 9.1866e-17
6447.825 9.599e-17
6449.35 1.0494e-16
6450.875 1.0204e-16
6452.4 9.4735e-17
6453.925 8.9703e-17
6455.45 9.8254e-17
6456.975 1.005e-16
6458.5 9.9075e-17
6460.025 1.079e-16
6461.55 1.0034e-16
6463.075 8.8048e-17
6464.6 8.8019e-17
6466.125 9.957e-17
6467.65 1.075e-16
6469.175 1.0285e-16
6470.7 9.7246e-17
6472.225 8.2615e-17
6473.75 7.9234e-17
6475.275 8.5166e-17
6476.8 8.4112e-17
6478.325 9.2283e-17
6479.85 1.0756e-16
6481.375 1.0006e-16
6482.9 8.8441e-17
6484.425 9.9781e-17
6485.95 1.0462e-16
6487.475 9.6284e-17
6489.0 9.745e-17
6490.525 9.5891e-17
6492.05 9.4861e-17
6493.575 1.1058e-16
6495.1 1.0262e-16
6496.625 9.2612e-17
6498.15 9.0496e-17
6499.675 8.3143e-17
6501.2 8.4908e-17
6502.725 9.9418e-17
6504.25 1.1469e-16
6505.775 1.1529e-16
6507.3 9.0359e-17
6508.825 6.6054e-17
6510.35 7.7665e-17
6511.875 1.0065e-16
6513.4 1.0766e-16
6514.925 1.0089e-16
6516.45 8.8914e-17
6517.975 8.357e-17
6519.5 9.6965e-17
6521.025 1.0637e-16
6522.55 9.536e-17
6524.075 9.077e-17
6525.6 9.764e-17
6527.125 9.7084e-17
6528.65 9.4636e-17
6530.175 9.6069e-17
6531.7 8.729e-17
6533.225 8.9109e-17
6534.75 1.0411e-16
6536.275 9.9503e-17
6537.8 8.6141e-17
6539.325 9.5278e-17
6540.85 1.0165e-16
6542.375 9.0536e-17
6543.9 8.5517e-17
6545.425 8.2269e-17
6546.95 8.6161e-17
6548.475 1.0062e-16
6550.0 1.089e-16
6551.525 1.0672e-16
6553.05 9.3852e-17
6554.575 8.6302e-17
6556.1 8.571e-17
6557.625 9.4692e-17
6559.15 1.0474e-16
6560.675 1.0183e-16
6562.2 1.1432e-16
6563.725 1.1477e-16
6565.25 9.0964e-17
6566.775 9.0135e-17
6568.3 1.0444e-16
6569.825 1.0102e-16
6571.35 9.7562e-17
6572.875 1.0615e-16
6574.4 9.6977e-17
6575.925 9.2058e-17
6577.45 1.0165e-16
6578.975 9.3451e-17
6580.5 8.4643e-17
6582.025 7.8622e-17
6583.55 7.0983e-17
6585.075 7.3411e-17
6586.6 8.1016e-17
6588.125 8.2958e-17
6589.65 8.5246e-17
6591.175 8.7448e-17
6592.7 7.8512e-17
6594.225 7.4368e-17
6595.75 7.153e-17
6597.275 6.7065e-17
6598.8 7.11e-17
6600.325 7.8333e-17
6601.85 8.0415e-17
6603.375 8.1853e-17
6604.9 8.1317e-17
6606.425 7.8658e-17
6607.95 7.5349e-17
6609.475 7.1954e-17
6611.0 7.5036e-17
6612.525 7.8389e-17
6614.05 7.8421e-17
6615.575 7.2657e-17
6617.1 6.2998e-17
6618.625 6.6452e-17
6620.15 7.2494e-17
6621.675 6.9012e-17
6623.2 6.6919e-17
6624.725 7.0301e-17
6626.25 6.7439e-17
6627.775 5.9643e-17
6629.3 5.8176e-17
6630.825 6.3337e-17
6632.35 7.602e-17
6633.875 7.8568e-17
6635.4 7.0768e-17
6636.925 7.4791e-17
6638.45 7.9756e-17
6639.975 7.6374e-17
6641.5 7.0411e-17
6643.025 6.7614e-17
6644.55 7.3951e-17
6646.075 7.6437e-17
6647.6 7.0604e-17
6649.125 7.2756e-17
6650.65 8.0108e-17
6652.175 7.6315e-17
6653.7 7.5814e-17
6655.225 8.4374e-17
6656.75 8.2543e-17
6658.275 8.137e-17
6659.8 8.3765e-17
6661.325 7.9321e-17
6662.85 8.948e-17
6664.375 1.0176e-16
6665.9 8.8277e-17
6667.425 7.9824e-17
6668.95 9.1572e-17
6670.475 9.4831e-17
6672.0 8.6031e-17
6673.525 7.5751e-17
6675.05 7.9028e-17
6676.575 9.2621e-17
6678.1 9.2327e-17
6679.625 9.4807e-17
6681.15 9.8813e-17
6682.675 9.8335e-17
6684.2 9.7609e-17
6685.725 9.3072e-17
6687.25 1.04e-16
6688.775 1.0394e-16
6690.3 9.4009e-17
6691.825 1.078e-16
6693.35 1.1501e-16
6694.875 1.1685e-16
6696.4 1.2593e-16
6697.925 1.2991e-16
6699.45 1.3827e-16
6700.975 1.4523e-16
6702.5 1.403e-16
6704.025 1.365e-16
6705.55 1.3574e-16
6707.075 1.4089e-16
6708.6 1.4576e-16
6710.125 1.4232e-16
6711.65 1.5643e-16
6713.175 1.6415e-16
6714.7 1.5786e-16
6716.225 1.6185e-16
6717.75 1.6038e-16
6719.275 1.615e-16
6720.8 1.6188e-16
6722.325 1.6279e-16
6723.85 1.6996e-16
6725.375 1.7006e-16
6726.9 1.6322e-16
6728.425 1.6215e-16
6729.95 1.6964e-16
6731.475 1.7536e-16
6733.0 1.6803e-16
6734.525 1.5692e-16
6736.05 1.6828e-16
6737.575 1.8361e-16
6739.1 1.8989e-16
6740.625 1.9312e-16
6742.15 1.9755e-16
6743.675 1.8653e-16
6745.2 1.6364e-16
6746.725 1.6304e-16
6748.25 1.6726e-16
6749.775 2.0961e-16
6751.3 3.0369e-16
6752.825 3.5846e-16
6754.35 3.5621e-16
6755.875 3.4561e-16
6757.4 3.3129e-16
6758.925 2.8231e-16
6760.45 2.0905e-16
6761.975 1.6222e-16
6763.5 1.5854e-16
6765.025 1.6887e-16
6766.55 1.7174e-16
6768.075 1.6222e-16
6769.6 1.6153e-16
6771.125 1.8722e-16
6772.65 2.1824e-16
6774.175 2.397e-16
6775.7 2.403e-16
6777.225 2.293e-16
6778.75 2.2253e-16
6780.275 2.1188e-16
6781.8 1.8794e-16
6783.325 1.6634e-16
6784.85 1.5944e-16
6786.375 1.5042e-16
6787.9 1.4771e-16
6789.425 1.54e-16
6790.95 1.4852e-16
6792.475 1.4909e-16
6794.0 1.5215e-16
6795.525 1.3578e-16
6797.05 1.4219e-16
6798.575 1.5341e-16
6800.1 1.3624e-16
6801.625 1.2703e-16
6803.15 1.2995e-16
6804.675 1.3506e-16
6806.2 1.3919e-16
6807.725 1.3633e-16
6809.25 1.3489e-16
6810.775 1.3826e-16
6812.3 1.3733e-16
6813.825 1.3213e-16
6815.35 1.2775e-16
6816.875 1.2363e-16
6818.4 1.2118e-16
6819.925 1.1802e-16
6821.45 1.1662e-16
6822.975 1.2354e-16
6824.5 1.2155e-16
6826.025 1.1683e-16
6827.55 1.3583e-16
6829.075 1.4518e-16
6830.6 1.2607e-16
6832.125 1.2096e-16
6833.65 1.3071e-16
6835.175 1.3022e-16
6836.7 1.285e-16
6838.225 1.3086e-16
6839.75 1.2767e-16
6841.275 1.2235e-16
6842.8 1.2214e-16
6844.325 1.1531e-16
6845.85 1.1154e-16
6847.375 1.1364e-16
6848.9 1.0817e-16
6850.425 1.0835e-16
6851.95 1.1607e-16
6853.475 1.1649e-16
6855.0 1.0899e-16
6856.525 1.0562e-16
6858.05 1.1461e-16
6859.575 1.1648e-16
6861.1 1.0723e-16
6862.625 1.0223e-16
6864.15 8.5997e-17
6865.675 7.2989e-17
6867.2 6.6226e-17
6868.725 5.8154e-17
6870.25 6.6e-17
6871.775 7.3837e-17
6873.3 7.8903e-17
6874.825 8.1709e-17
6876.35 8.5378e-17
6877.875 9.2915e-17
6879.4 8.9142e-17
6880.925 8.3724e-17
6882.45 8.2032e-17
6883.975 8.6724e-17
6885.5 8.8813e-17
6887.025 8.2913e-17
6888.55 8.1626e-17
6890.075 8.627e-17
6891.6 8.5345e-17
6893.125 7.6286e-17
6894.65 7.6201e-17
6896.175 7.8057e-17
6897.7 8.01e-17
6899.225 8.0499e-17
6900.75 7.4462e-17
6902.275 8.5807e-17
6903.8 1.0249e-16
6905.325 1.0622e-16
6906.85 1.0767e-16
6908.375 1.0445e-16
6909.9 1.0984e-16
6911.425 1.3134e-16
6912.95 1.3684e-16
6914.475 1.3064e-16
6916.0 1.278e-16
6917.525 1.1491e-16
6919.05 9.5701e-17
6920.575 8.6723e-17
6922.1 8.7896e-17
6923.625 1.0524e-16
6925.15 1.3077e-16
6926.675 1.3502e-16
6928.2 1.3398e-16
6929.725 1.3849e-16
6931.25 1.2692e-16
6932.775 1.0411e-16
6934.3 9.1828e-17
6935.825 8.7921e-17
6937.35 8.9718e-17
6938.875 8.9949e-17
6940.4 7.9239e-17
6941.925 8.3672e-17
6943.45 1.021e-16
6944.975 1.0853e-16
6946.5 9.914e-17
6948.025 9.3352e-17
6949.55 9.9982e-17
6951.075 1.0155e-16
6952.6 9.2188e-17
6954.125 8.8344e-17
6955.65 9.4988e-17
6957.175 9.4161e-17
6958.7 9.1493e-17
6960.225 9.3289e-17
6961.75 9.8288e-17
6963.275 1.0189e-16
6964.8 1.0567e-16
6966.325 1.051e-16
6967.85 9.9052e-17
6969.375 9.5401e-17
6970.9 1.0432e-16
6972.425 1.1144e-16
6973.95 9.4977e-17
6975.475 9.2238e-17
6977.0 9.8498e-17
6978.525 1.0221e-16
6980.05 1.0078e-16
6981.575 9.0292e-17
6983.1 8.9236e-17
6984.625 9.2534e-17
6986.15 9.4013e-17
6987.675 8.9279e-17
6989.2 9.4349e-17
6990.725 9.9861e-17
6992.25 9.1749e-17
6993.775 9.5324e-17
6995.3 1.038e-16
6996.825 9.7246e-17
6998.35 8.9483e-17
6999.875 1.0003e-16
7001.4 9.5925e-17
7002.925 8.7266e-17
7004.45 1.0448e-16
7005.975 1.0879e-16
7007.5 9.6595e-17
7009.025 9.4417e-17
7010.55 9.7487e-17
7012.075 1.0348e-16
7013.6 1.117e-16
7015.125 1.0827e-16
7016.65 9.0494e-17
7018.175 8.3254e-17
7019.7 8.8176e-17
7021.225 9.3654e-17
7022.75 9.9297e-17
7024.275 9.4672e-17
7025.8 8.8922e-17
7027.325 9.007e-17
7028.85 9.3605e-17
7030.375 9.4538e-17
7031.9 8.8035e-17
7033.425 9.4576e-17
7034.95 9.9931e-17
7036.475 9.2771e-17
7038.0 8.5798e-17
7039.525 8.4771e-17
7041.05 9.1976e-17
7042.575 9.536e-17
7044.1 9.3238e-17
7045.625 1.0359e-16
7047.15 9.8637e-17
7048.675 8.4724e-17
7050.2 8.8793e-17
7051.725 8.9261e-17
7053.25 9.2558e-17
7054.775 9.1029e-17
7056.3 9.4045e-17
7057.825 1.052e-16
7059.35 9.5504e-17
7060.875 8.897e-17
7062.4 1.0025e-16
7063.925 1.0271e-16
7065.45 1.0014e-16
7066.975 9.6127e-17
7068.5 9.2736e-17
7070.025 9.9297e-17
7071.55 1.0093e-16
7073.075 9.6564e-17
7074.6 1.0174e-16
7076.125 1.093e-16
7077.65 1.0011e-16
7079.175 9.1283e-17
7080.7 9.766e-17
7082.225 9.4432e-17
7083.75 8.7351e-17
7085.275 8.9664e-17
7086.8 8.8075e-17
7088.325 9.0982e-17
7089.85 1.0231e-16
7091.375 1.0308e-16
7092.9 9.3993e-17
7094.425 9.3406e-17
7095.95 9.3796e-17
7097.475 8.4744e-17
7099.0 8.6502e-17
7100.525 9.4815e-17
7102.05 8.7107e-17
7103.575 8.1904e-17
7105.1 9.1845e-17
7106.625 9.7795e-17
7108.15 9.6708e-17
7109.675 9.5009e-17
7111.2 9.4769e-17
7112.725 9.3852e-17
7114.25 8.4148e-17
7115.775 8.3135e-17
7117.3 9.3813e-17
7118.825 8.8853e-17
7120.35 8.4347e-17
7121.875 9.0722e-17
7123.4 9.4995e-17
7124.925 9.7465e-17
7126.45 9.5593e-17
7127.975 9.146e-17
7129.5 8.853e-17
7131.025 8.2354e-17
7132.55 7.7602e-17
7134.075 9.0173e-17
7135.6 9.7474e-17
7137.125 8.0897e-17
7138.65 7.1965e-17
7140.175 8.7246e-17
7141.7 1e-16
7143.225 9.6459e-17
7144.75 9.7024e-17
7146.275 9.4446e-17
7147.8 9.1209e-17
7149.325 8.6977e-17
7150.85 8.1353e-17
7152.375 8.9564e-17
7153.9 9.5035e-17
7155.425 9.1872e-17
7156.95 8.8992e-17
7158.475 8.3099e-17
7160.0 7.8443e-17
7161.525 8.0573e-17
7163.05 8.4383e-17
7164.575 8.8259e-17
7166.1 9.224e-17
7167.625 8.554e-17
7169.15 8.0637e-17
7170.675 9.2704e-17
7172.2 9.994e-17
7173.725 9.474e-17
7175.25 8.723e-17
7176.775 8.8423e-17
7178.3 9.4605e-17
7179.825 9.3888e-17
7181.35 9.0965e-17
7182.875 8.4952e-17
7184.4 8.0915e-17
7185.925 8.0947e-17
7187.45 7.0651e-17
7188.975 6.8026e-17
7190.5 8.0407e-17
7192.025 9.1283e-17
7193.55 9.8902e-17
7195.075 8.2449e-17
7196.6 7.8102e-17
7198.125 9.2215e-17
7199.65 9.1711e-17
7201.175 8.6145e-17
7202.7 8.4937e-17
7204.225 8.8051e-17
7205.75 8.205e-17
7207.275 8.1092e-17
7208.8 8.5753e-17
7210.325 8.6854e-17
7211.85 9.4444e-17
7213.375 1.0085e-16
7214.9 9.6454e-17
7216.425 8.922e-17
7217.95 9.1767e-17
7219.475 9.5614e-17
7221.0 8.9824e-17
7222.525 8.9398e-17
7224.05 9.0866e-17
7225.575 8.6085e-17
7227.1 8.7477e-17
7228.625 8.8214e-17
7230.15 7.8378e-17
7231.675 7.5471e-17
7233.2 9.4963e-17
7234.725 1.1593e-16
7236.25 1.0708e-16
7237.775 9.5948e-17
7239.3 9.744e-17
7240.825 1.0531e-16
7242.35 1.0905e-16
7243.875 9.3715e-17
7245.4 8.5161e-17
7246.925 8.0398e-17
7248.45 7.5267e-17
7249.975 6.6511e-17
7251.5 6.3691e-17
7253.025 8.2612e-17
7254.55 9.7082e-17
7256.075 8.8084e-17
7257.6 7.6948e-17
7259.125 8.2099e-17
7260.65 8.2036e-17
7262.175 8.0108e-17
7263.7 7.881e-17
7265.225 7.2343e-17
7266.75 6.8268e-17
7268.275 7.2845e-17
7269.8 9.6542e-17
7271.325 1.0873e-16
7272.85 1.0223e-16
7274.375 1.0355e-16
7275.9 1.1569e-16
7277.425 1.2144e-16
7278.95 9.975e-17
7280.475 8.6179e-17
7282.0 9.1662e-17
7283.525 8.7207e-17
7285.05 8.8719e-17
7286.575 9.1651e-17
7288.1 9.0301e-17
7289.625 9.766e-17
7291.15 9.8729e-17
7292.675 9.616e-17
7294.2 9.5269e-17
7295.725 9.1325e-17
7297.25 8.9025e-17
7298.775 8.4219e-17
7300.3 8.801e-17
7301.825 8.985e-17
7303.35 8.3834e-17
7304.875 9.1289e-17
7306.4 8.0664e-17
7307.925 6.9048e-17
7309.45 9.9561e-17
7310.975 1.1735e-16
7312.5 1.0249e-16
7314.025 9.3814e-17
7315.55 9.2245e-17
7317.075 9.5815e-17
7318.6 9.0825e-17
7320.125 7.7264e-17
7321.65 8.693e-17
7323.175 9.99e-17
7324.7 9.3556e-17
7326.225 7.8142e-17
7327.75 7.5415e-17
7329.275 8.4704e-17
7330.8 7.6336e-17
7332.325 6.2256e-17
7333.85 8.5334e-17
7335.375 1.1034e-16
7336.9 9.5226e-17
7338.425 7.005e-17
7339.95 7.1767e-17
7341.475 9.4112e-17
7343.0 8.8533e-17
7344.525 7.4058e-17
7346.05 6.8004e-17
7347.575 7.7497e-17
7349.1 9.1325e-17
7350.625 9.584e-17
7352.15 9.9747e-17
7353.675 9.4056e-17
7355.2 8.4567e-17
7356.725 7.6531e-17
7358.25 8.2597e-17
7359.775 8.4419e-17
7361.3 7.4865e-17
7362.825 8.907e-17
7364.35 1.0349e-16
7365.875 9.4712e-17
7367.4 8.3673e-17
7368.925 8.1267e-17
7370.45 8.3861e-17
7371.975 8.7457e-17
7373.5 8.8245e-17
7375.025 8.8216e-17
7376.55 9.0899e-17
7378.075 9.2574e-17
7379.6 9.3912e-17
7381.125 8.1366e-17
7382.65 7.4311e-17
7384.175 8.3807e-17
7385.7 9.7496e-17
7387.225 9.7012e-17
7388.75 8.4804e-17
7390.275 9.024e-17
7391.8 9.3253e-17
7393.325 8.1325e-17
7394.85 8.3619e-17
7396.375 1.0148e-16
7397.9 9.8767e-17
7399.425 9.1922e-17
7400.95 9.2978e-17
7402.475 9.5788e-17
7404.0 1.034e-16
7405.525 9.9119e-17
7407.05 8.5986e-17
7408.575 7.7876e-17
7410.1 8.1498e-17
7411.625 8.5277e-17
7413.15 8.0743e-17
7414.675 7.7847e-17
7416.2 7.8346e-17
7417.725 8.2067e-17
7419.25 9.593e-17
7420.775 9.9389e-17
7422.3 8.6582e-17
7423.825 8.4536e-17
7425.35 8.9667e-17
7426.875 8.5114e-17
7428.4 7.9279e-17
7429.925 8.8196e-17
7431.45 9.6974e-17
7432.975 9.1453e-17
7434.5 8.5668e-17
7436.025 9.0619e-17
7437.55 9.7488e-17
7439.075 9.2646e-17
7440.6 8.7871e-17
7442.125 9.2413e-17
7443.65 8.6033e-17
7445.175 8.8561e-17
7446.7 9.5174e-17
7448.225 8.9276e-17
7449.75 9.1819e-17
7451.275 8.9137e-17
7452.8 7.8384e-17
7454.325 7.2718e-17
7455.85 7.5726e-17
7457.375 8.5811e-17
7458.9 9.001e-17
7460.425 9.4739e-17
7461.95 9.6382e-17
7463.475 9.2655e-17
7465.0 8.8398e-17
7466.525 8.9373e-17
7468.05 1.0005e-16
7469.575 9.1261e-17
7471.1 8.4018e-17
7472.625 9.3576e-17
7474.15 1.0238e-16
7475.675 1.0007e-16
7477.2 1.0969e-16
7478.725 1.0703e-16
7480.25 8.8988e-17
7481.775 8.7804e-17
7483.3 9.2475e-17
7484.825 9.2942e-17
7486.35 8.6073e-17
7487.875 8.0942e-17
7489.4 7.7896e-17
7490.925 8.5163e-17
7492.45 9.2482e-17
7493.975 8.4284e-17
7495.5 8.4594e-17
7497.025 9.6089e-17
7498.55 1.0146e-16
7500.075 1.099e-16
7501.6 1.0758e-16
7503.125 1.0203e-16
7504.65 9.2848e-17
7506.175 8.7365e-17
7507.7 9.8931e-17
7509.225 9.5914e-17
7510.75 8.6945e-17
7512.275 8.8237e-17
7513.8 9.3581e-17
7515.325 9.2984e-17
7516.85 8.536e-17
7518.375 8.0787e-17
7519.9 8.1084e-17
7521.425 8.45e-17
7522.95 8.0593e-17
7524.475 9.6499e-17
7526.0 1.2077e-16
7527.525 1.1071e-16
7529.05 8.5381e-17
7530.575 7.5585e-17
7532.1 7.6869e-17
7533.625 7.203e-17
7535.15 7.1028e-17
7536.675 8.3709e-17
7538.2 9.4206e-17
7539.725 9.1238e-17
7541.25 8.9034e-17
7542.775 9.1101e-17
7544.3 8.8116e-17
7545.825 8.6721e-17
7547.35 9.1381e-17
7548.875 9.1085e-17
7550.4 8.4121e-17
7551.925 8.8777e-17
7553.45 9.7015e-17
7554.975 8.7858e-17
7556.5 8.0797e-17
7558.025 8.7367e-17
7559.55 8.851e-17
7561.075 8.0756e-17
7562.6 8.0317e-17
7564.125 8.5085e-17
7565.65 8.4883e-17
7567.175 8.84e-17
7568.7 9.4275e-17
7570.225 9.8331e-17
7571.75 9.7497e-17
7573.275 8.3451e-17
7574.8 7.6156e-17
7576.325 8.2202e-17
7577.85 8.6385e-17
7579.375 7.9423e-17
7580.9 7.3406e-17
7582.425 8.1279e-17
7583.95 8.755e-17
7585.475 7.9611e-17
7587.0 7.7293e-17
7588.525 7.3989e-17
7590.05 5.9492e-17
7591.575 5.8468e-17
7593.1 6.4485e-17
7594.625 5.0075e-17
7596.15 2.7792e-17
7597.675 1.9865e-17
7599.2 1.8711e-17
7600.725 8.8003e-18
7602.25 4.1055e-18
7603.775 1.0353e-17
7605.3 1.1224e-17
7606.825 1.2723e-17
7608.35 1.6272e-17
7609.875 2.1692e-17
7611.4 3.7702e-17
7612.925 4.5747e-17
7614.45 4.4436e-17
7615.975 5.5393e-17
7617.5 6.4948e-17
7619.025 5.8074e-17
7620.55 4.5294e-17
7622.075 3.8614e-17
7623.6 4.2068e-17
7625.125 3.9367e-17
7626.65 3.8921e-17
7628.175 4.4155e-17
7629.7 3.9488e-17
7631.225 2.75e-17
7632.75 3.2486e-17
7634.275 4.4745e-17
7635.8 3.8313e-17
7637.325 3.5743e-17
7638.85 4.314e-17
7640.375 4.6691e-17
7641.9 4.8874e-17
7643.425 5.3445e-17
7644.95 5.0853e-17
7646.475 5.0087e-17
7648.0 4.9214e-17
7649.525 5.4632e-17
7651.05 6.2234e-17
7652.575 5.7686e-17
7654.1 5.9528e-17
7655.625 6.9225e-17
7657.15 7.3511e-17
7658.675 7.5368e-17
7660.2 7.6381e-17
7661.725 7.8004e-17
7663.25 8.1882e-17
7664.775 8.4094e-17
7666.3 8.0967e-17
7667.825 7.8467e-17
7669.35 8.4136e-17
7670.875 8.5278e-17
7672.4 8.2135e-17
7673.925 8.554e-17
7675.45 8.6351e-17
7676.975 8.1868e-17
7678.5 8.4827e-17
7680.025 9.1021e-17
7681.55 9.0599e-17
7683.075 8.2404e-17
7684.6 7.866e-17
7686.125 7.8059e-17
7687.65 7.7333e-17
7689.175 8.5899e-17
7690.7 8.6423e-17
7692.225 7.9761e-17
7693.75 8.1731e-17
7695.275 8.1166e-17
7696.8 8.4009e-17
7698.325 9.2298e-17
7699.85 9.1516e-17
7701.375 9.6941e-17
7702.9 9.1218e-17
7704.425 7.8705e-17
7705.95 9.8943e-17
7707.475 1.0635e-16
7709.0 9.9324e-17
7710.525 1.0899e-16
7712.05 1.167e-16
7713.575 1.1122e-16
7715.1 9.5735e-17
7716.625 9.1978e-17
7718.15 9.5152e-17
7719.675 9.6611e-17
7721.2 8.8125e-17
7722.725 7.9306e-17
7724.25 8.1891e-17
7725.775 8.6262e-17
7727.3 9.5475e-17
7728.825 9.656e-17
7730.35 9.3451e-17
7731.875 9.4157e-17
7733.4 9.1491e-17
7734.925 9.2502e-17
7736.45 8.9229e-17
7737.975 8.8589e-17
7739.5 8.081e-17
7741.025 7.5594e-17
7742.55 8.2937e-17
7744.075 9.7781e-17
7745.6 1.1227e-16
7747.125 1.0491e-16
7748.65 8.0555e-17
7750.175 8.9023e-17
7751.7 1.1413e-16
7753.225 9.3885e-17
7754.75 7.326e-17
7756.275 9.3935e-17
7757.8 1.029e-16
7759.325 8.7589e-17
7760.85 9.0714e-17
7762.375 9.176e-17
7763.9 8.1974e-17
7765.425 7.7037e-17
7766.95 9.0767e-17
7768.475 1.0255e-16
7770.0 9.3567e-17
7771.525 8.8548e-17
7773.05 9.6717e-17
7774.575 1.0493e-16
7776.1 9.0749e-17
7777.625 7.7549e-17
7779.15 8.5768e-17
7780.675 9.2076e-17
7782.2 9.5735e-17
7783.725 9.8754e-17
7785.25 7.7548e-17
7786.775 6.4583e-17
7788.3 7.2677e-17
7789.825 8.0469e-17
7791.35 1.0341e-16
7792.875 1.1509e-16
7794.4 9.7107e-17
7795.925 8.1214e-17
7797.45 7.4487e-17
7798.975 7.0599e-17
7800.5 7.6017e-17
7802.025 9.0769e-17
7803.55 1.0131e-16
7805.075 1.0038e-16
7806.6 1.0957e-16
7808.125 1.1591e-16
7809.65 9.2847e-17
7811.175 7.5549e-17
7812.7 7.6797e-17
7814.225 8.4852e-17
7815.75 9.5701e-17
7817.275 7.8423e-17
7818.8 6.3429e-17
7820.325 8.5275e-17
7821.85 1.0338e-16
7823.375 9.7871e-17
7824.9 7.7232e-17
7826.425 7.3751e-17
7827.95 8.5067e-17
7829.475 8.3832e-17
7831.0 7.9562e-17
7832.525 7.5448e-17
7834.05 7.4955e-17
7835.575 8.4553e-17
7837.1 9.0956e-17
7838.625 9.3695e-17
7840.15 8.1696e-17
7841.675 7.6914e-17
7843.2 8.8189e-17
7844.725 8.3897e-17
7846.25 8.3383e-17
7847.775 8.25e-17
7849.3 8.4249e-17
7850.825 9.2458e-17
7852.35 8.8979e-17
7853.875 1.051e-16
7855.4 1.0628e-16
7856.925 7.9844e-17
7858.45 6.9701e-17
7859.975 6.3836e-17
7861.5 6.5661e-17
7863.025 8.497e-17
7864.55 1.0392e-16
7866.075 1.03e-16
7867.6 9.2937e-17
7869.125 9.0866e-17
7870.65 8.4002e-17
7872.175 8.5161e-17
7873.7 9.0711e-17
7875.225 8.5706e-17
7876.75 8.2368e-17
7878.275 8.5963e-17
7879.8 7.725e-17
7881.325 5.8623e-17
7882.85 7.6219e-17
7884.375 9.2625e-17
7885.9 9.9682e-17
7887.425 9.0909e-17
7888.95 7.7103e-17
7890.475 9.4383e-17
7892.0 9.4546e-17
7893.525 8.6793e-17
7895.05 9.9391e-17
7896.575 9.5017e-17
7898.1 8.6037e-17
7899.625 9.2392e-17
7901.15 9.7003e-17
7902.675 8.9788e-17
7904.2 7.3505e-17
7905.725 6.8463e-17
7907.25 9.9965e-17
7908.775 1.2587e-16
7910.3 1.0007e-16
7911.825 8.6817e-17
7913.35 9.5461e-17
7914.875 9.8913e-17
7916.4 9.9846e-17
7917.925 7.9174e-17
7919.45 6.0207e-17
7920.975 6.7798e-17
7922.5 7.8284e-17
7924.025 8.3585e-17
7925.55 8.1731e-17
7927.075 8.7656e-17
7928.6 8.8853e-17
7930.125 7.0292e-17
7931.65 6.7806e-17
7933.175 7.5966e-17
7934.7 7.5229e-17
7936.225 7.1445e-17
7937.75 7.0127e-17
7939.275 7.0747e-17
7940.8 6.8401e-17
7942.325 7.9451e-17
7943.85 9.5221e-17
7945.375 8.0301e-17
7946.9 6.0777e-17
7948.425 6.1579e-17
7949.95 7.1366e-17
7951.475 8.5645e-17
7953.0 7.8656e-17
7954.525 6.0826e-17
7956.05 6.6827e-17
7957.575 8.0252e-17
7959.1 8.2444e-17
7960.625 8.3711e-17
7962.15 9.3083e-17
7963.675 1.04e-16
7965.2 1.1274e-16
7966.725 1.0718e-16
7968.25 7.3059e-17
7969.775 5.0741e-17
7971.3 6.114e-17
7972.825 7.5618e-17
7974.35 8.9138e-17
7975.875 8.7898e-17
7977.4 8.0411e-17
7978.925 8.8671e-17
7980.45 9.5844e-17
7981.975 8.6854e-17
7983.5 7.0288e-17
7985.025 7.2619e-17
7986.55 9.4089e-17
7988.075 9.8543e-17
7989.6 9.6667e-17
7991.125 1.0234e-16
7992.65 1.0153e-16
7994.175 1.1683e-16
7995.7 1.0009e-16
7997.225 7.8264e-17
7998.75 8.7472e-17
8000.275 8.614e-17
8001.8 8.0001e-17
8003.325 7.6719e-17
8004.85 7.595e-17
8006.375 7.0599e-17
8007.9 8.1924e-17
8009.425 1.0286e-16
8010.95 9.7813e-17
8012.475 7.2379e-17
8014.0 6.3081e-17
8015.525 7.5316e-17
8017.05 6.4718e-17
8018.575 6.6858e-17
8020.1 9.6898e-17
8021.625 1.0549e-16
8023.15 1.0061e-16
8024.675 9.137e-17
8026.2 9.0007e-17
8027.725 9.1337e-17
8029.25 8.0918e-17
8030.775 7.691e-17
8032.3 7.9322e-17
8033.825 7.6055e-17
8035.35 7.6367e-17
8036.875 8.1417e-17
8038.4 7.0776e-17
8039.925 6.2875e-17
8041.45 7.6591e-17
8042.975 8.0243e-17
8044.5 7.537e-17
8046.025 8.4108e-17
8047.55 8.46e-17
8049.075 7.7372e-17
8050.6 8.6174e-17
8052.125 9.2128e-17
8053.65 8.0626e-17
8055.175 8.2332e-17
8056.7 9.3354e-17
8058.225 7.9106e-17
8059.75 6.9792e-17
8061.275 8.4773e-17
8062.8 9.0653e-17
8064.325 8.2094e-17
8065.85 7.4359e-17
8067.375 7.6147e-17
8068.9 7.7977e-17
8070.425 7.4524e-17
8071.95 8.0086e-17
8073.475 8.9658e-17
8075.0 8.3054e-17
8076.525 7.7719e-17
8078.05 7.7174e-17
8079.575 6.8257e-17
8081.1 7.7995e-17
8082.625 9.1873e-17
8084.15 8.3693e-17
8085.675 8.2119e-17
8087.2 8.3729e-17
8088.725 8.1003e-17
8090.25 8.1678e-17
8091.775 7.6632e-17
8093.3 7.6161e-17
8094.825 7.8775e-17
8096.35 8.2855e-17
8097.875 9.2989e-17
8099.4 8.9593e-17
8100.925 7.83e-17
8102.45 8.0573e-17
8103.975 7.2846e-17
8105.5 6.5538e-17
8107.025 7.1893e-17
8108.55 7.6782e-17
8110.075 7.9649e-17
8111.6 7.7353e-17
8113.125 6.8488e-17
8114.65 6.1936e-17
8116.175 7.4042e-17
8117.7 8.595e-17
8119.225 7.8241e-17
8120.75 7.1223e-17
8122.275 8.1886e-17
8123.8 8.3596e-17
8125.325 7.137e-17
8126.85 7.6567e-17
8128.375 8.4955e-17
8129.9 8.4051e-17
8131.425 8.2054e-17
8132.95 8.1269e-17
8134.475 7.9015e-17
8136.0 7.3157e-17
8137.525 7.1126e-17
8139.05 7.9091e-17
8140.575 7.5986e-17
8142.1 6.8876e-17
8143.625 7.1745e-17
8145.15 7.5258e-17
8146.675 7.6645e-17
8148.2 7.4005e-17
8149.725 7.6834e-17
8151.25 7.65e-17
8152.775 7.9375e-17
8154.3 7.942e-17
8155.825 6.8138e-17
8157.35 6.5421e-17
8158.875 6.6858e-17
8160.4 7.1131e-17
8161.925 6.8614e-17
8163.45 5.6188e-17
8164.975 5.9013e-17
8166.5 6.5135e-17
8168.025 6.0131e-17
8169.55 6.5016e-17
8171.075 7.393e-17
8172.6 7.9241e-17
8174.125 7.8963e-17
8175.65 6.3195e-17
8177.175 5.9856e-17
8178.7 7.7313e-17
8180.225 8.1162e-17
8181.75 6.797e-17
8183.275 6.8243e-17
8184.8 7.9218e-17
8186.325 7.3771e-17
8187.85 6.5439e-17
8189.375 7.6235e-17
8190.9 9.2545e-17
8192.425 8.3814e-17
8193.95 6.0241e-17
8195.475 6.4599e-17
8197.0 8.3431e-17
8198.525 7.4321e-17
8200.05 6.5224e-17
8201.575 6.7634e-17
8203.1 6.6195e-17
8204.625 7.8111e-17
8206.15 7.6901e-17
8207.675 7.2263e-17
8209.2 7.4655e-17
8210.725 7.3117e-17
8212.25 6.8992e-17
8213.775 7.6356e-17
8215.3 8.6228e-17
8216.825 7.8766e-17
8218.35 7.5441e-17
8219.875 7.6349e-17
8221.4 6.3915e-17
8222.925 6.0918e-17
8224.45 6.927e-17
8225.975 7.0203e-17
8227.5 7.2752e-17
8229.025 6.7526e-17
8230.55 6.1532e-17
8232.075 6.582e-17
8233.6 6.6979e-17
8235.125 6.7212e-17
8236.65 6.6215e-17
8238.175 7.385e-17
8239.7 8.617e-17
8241.225 8.5825e-17
8242.75 8.0323e-17
8244.275 7.8053e-17
8245.8 7.7383e-17
8247.325 7.328e-17
8248.85 6.7553e-17
8250.375 6.4684e-17
8251.9 6.9477e-17
8253.425 7.3709e-17
8254.95 7.1577e-17
8256.475 6.2095e-17
8258.0 5.2907e-17
8259.525 6.7372e-17
8261.05 7.8938e-17
8262.575 7.1073e-17
8264.1 6.866e-17
8265.625 7.1653e-17
8267.15 7.2552e-17
8268.675 6.7748e-17
8270.2 6.7461e-17
8271.725 7.2162e-17
8273.25 5.9689e-17
8274.775 5.5392e-17
8276.3 8.2054e-17
8277.825 8.6567e-17
8279.35 7.4459e-17
8280.875 8.7335e-17
8282.4 1.0075e-16
8283.925 8.7494e-17
8285.45 6.5924e-17
8286.975 7.8165e-17
8288.5 9.3464e-17
8290.025 6.0591e-17
8291.55 4.2122e-17
8293.075 7.4607e-17
8294.6 9.8572e-17
8296.125 9.9767e-17
8297.65 1.1031e-16
8299.175 1.1294e-16
8300.7 8.7739e-17
8302.225 6.4671e-17
8303.75 6.5235e-17
8305.275 7.6134e-17
8306.8 8.2644e-17
8308.325 8.3672e-17
8309.85 8.5139e-17
8311.375 8.9481e-17
8312.9 8.3182e-17
8314.425 6.9169e-17
8315.95 6.8448e-17
8317.475 6.9308e-17
8319.0 6.8441e-17
8320.525 7.3377e-17
8322.05 7.8261e-17
8323.575 7.7038e-17
8325.1 7.0969e-17
8326.625 6.4191e-17
8328.15 6.3117e-17
8329.675 6.4783e-17
8331.2 6.598e-17
8332.725 7.114e-17
8334.25 7.4235e-17
8335.775 7.2953e-17
8337.3 8.0295e-17
8338.825 1.0761e-16
8340.35 1.1625e-16
8341.875 8.9895e-17
8343.4 9.8046e-17
8344.925 1.1852e-16
8346.45 1.0284e-16
8347.975 6.1312e-17
8349.5 3.2362e-17
8351.025 4.322e-17
8352.55 7.123e-17
8354.075 8.9245e-17
8355.6 7.0712e-17
8357.125 5.9672e-17
8358.65 8.1346e-17
8360.175 8.307e-17
8361.7 6.9667e-17
8363.225 6.199e-17
8364.75 6.2628e-17
8366.275 6.4908e-17
8367.8 6.6717e-17
8369.325 6.9932e-17
8370.85 7.1781e-17
8372.375 7.8802e-17
8373.9 7.9068e-17
8375.425 7.6186e-17
8376.95 8.6244e-17
8378.475 8.3854e-17
8380.0 7.1489e-17
8381.525 8.1102e-17
8383.05 9.2182e-17
8384.575 7.9848e-17
8386.1 6.6845e-17
8387.625 7.4078e-17
8389.15 7.3639e-17
8390.675 4.6744e-17
8392.2 6.4791e-17
8393.725 1.0798e-16
8395.25 8.1803e-17
8396.775 5.8362e-17
8398.3 9.092e-17
8399.825 1.1591e-16
8401.35 9.371e-17
8402.875 5.9105e-17
8404.4 5.5303e-17
8405.925 5.2935e-17
8407.45 6.179e-17
8408.975 1.027e-16
8410.5 1.0718e-16
8412.025 7.9759e-17
8413.55 7.5453e-17
8415.075 8.7647e-17
8416.6 8.9566e-17
8418.125 6.6695e-17
8419.65 6.172e-17
8421.175 5.3624e-17
8422.7 4.7e-17
8424.225 1.0117e-16
8425.75 1.2532e-16
8427.275 9.9111e-17
8428.8 1.0886e-16
8430.325 1.1985e-16
8431.85 9.0539e-17
8433.375 4.7143e-17
8434.9 4.3554e-17
8436.425 6.2518e-17
8437.95 6.8968e-17
8439.475 7.73e-17
8441.0 7.2727e-17
8442.525 7.0073e-17
8444.05 6.9696e-17
8445.575 8.3729e-17
8447.1 8.2195e-17
8448.625 6.5404e-17
8450.15 6.841e-17
8451.675 7.1763e-17
8453.2 7.6213e-17
8454.725 6.9046e-17
8456.25 5.4922e-17
8457.775 5.3388e-17
8459.3 9.1316e-17
8460.825 1.17e-16
8462.35 1.0716e-16
8463.875 1.0427e-16
8465.4 1.0668e-16
8466.925 1.0441e-16
8468.45 8.2009e-17
8469.975 5.4325e-17
8471.5 4.7708e-17
8473.025 5.793e-17
8474.55 7.1203e-17
8476.075 6.7739e-17
8477.6 6.4975e-17
8479.125 7.3839e-17
8480.65 7.7824e-17
8482.175 7.7685e-17
8483.7 7.0136e-17
8485.225 5.9475e-17
8486.75 6.179e-17
8488.275 6.94e-17
8489.8 7.6562e-17
8491.325 6.8212e-17
8492.85 5.0764e-17
8494.375 5.3895e-17
8495.9 5.3034e-17
8497.425 4.9667e-17
8498.95 6.921e-17
8500.475 8.109e-17
8502.0 6.739e-17
8503.525 7.1436e-17
8505.05 1.1137e-16
8506.575 1.136e-16
8508.1 6.2861e-17
8509.625 4.9196e-17
8511.15 6.4227e-17
8512.675 6.3074e-17
8514.2 6.6549e-17
8515.725 7.2975e-17
8517.25 7.2696e-17
8518.775 6.9412e-17
8520.3 6.669e-17
8521.825 6.6746e-17
8523.35 7.4078e-17
8524.875 7.3029e-17
8526.4 6.0916e-17
8527.925 6.0521e-17
8529.45 6.6683e-17
8530.975 6.6567e-17
8532.5 7.5094e-17
8534.025 8.0711e-17
8535.55 7.8378e-17
8537.075 7.9965e-17
8538.6 7.137e-17
8540.125 6.8279e-17
8541.65 7.4603e-17
8543.175 8.3621e-17
8544.7 8.2359e-17
8546.225 6.9663e-17
8547.75 6.1183e-17
8549.275 6.3222e-17
8550.8 7.5206e-17
8552.325 7.9707e-17
8553.85 9.4728e-17
8555.375 9.755e-17
8556.9 8.0693e-17
8558.425 6.5101e-17
8559.95 6.2424e-17
8561.475 7.3258e-17
8563.0 7.0144e-17
8564.525 5.7497e-17
8566.05 5.7984e-17
8567.575 6.8129e-17
8569.1 6.7885e-17
8570.625 6.3635e-17
8572.15 6.2379e-17
8573.675 6.2429e-17
8575.2 5.9647e-17
8576.725 5.6619e-17
8578.25 5.333e-17
8579.775 5.1077e-17
8581.3 6.1848e-17
8582.825 6.3812e-17
8584.35 4.6283e-17
8585.875 3.9275e-17
8587.4 4.502e-17
8588.925 5.1079e-17
8590.45 5.8026e-17
8591.975 6.6898e-17
8593.5 6.2108e-17
8595.025 3.8731e-17
8596.55 2.7276e-17
8598.075 4.2877e-17
8599.6 5.4608e-17
8601.125 5.001e-17
8602.65 5.0313e-17
8604.175 5.7952e-17
8605.7 5.9416e-17
8607.225 5.5068e-17
8608.75 5.0613e-17
8610.275 3.7617e-17
8611.8 3.1728e-17
8613.325 4.2283e-17
8614.85 4.3499e-17
8616.375 4.3147e-17
8617.9 4.4258e-17
8619.425 4.0049e-17
8620.95 4.5724e-17
8622.475 4.613e-17
8624.0 4.3759e-17
8625.525 4.1857e-17
8627.05 4.3534e-17
8628.575 4.4074e-17
8630.1 3.7442e-17
8631.625 4.5993e-17
8633.15 5.0391e-17
8634.675 4.3528e-17
8636.2 4.2409e-17
8637.725 3.3562e-17
8639.25 3.7431e-17
8640.775 4.4032e-17
8642.3 4.0651e-17
8643.825 3.7551e-17
8645.35 3.8273e-17
8646.875 3.9033e-17
8648.4 3.8027e-17
8649.925 4.0858e-17
8651.45 4.9241e-17
8652.975 5.2008e-17
8654.5 3.5597e-17
8656.025 3.1817e-17
8657.55 4.2052e-17
8659.075 5.0439e-17
8660.6 4.9618e-17
8662.125 4.3667e-17
8663.65 4.8973e-17
8665.175 5.4715e-17
8666.7 4.6533e-17
8668.225 3.9952e-17
8669.75 4.4769e-17
8671.275 4.0894e-17
8672.8 4.305e-17
8674.325 5.253e-17
8675.85 5.286e-17
8677.375 5.0714e-17
8678.9 4.6135e-17
8680.425 4.6789e-17
8681.95 5.4106e-17
8683.475 5.0039e-17
8685.0 4.2609e-17
8686.525 4.6742e-17
8688.05 5.1653e-17
8689.575 4.4061e-17
8691.1 4.3469e-17
8692.625 5.0463e-17
8694.15 5.0068e-17
8695.675 4.4758e-17
8697.2 4.4613e-17
8698.725 4.9304e-17
8700.25 4.8916e-17
8701.775 5.4384e-17
8703.3 6.0645e-17
8704.825 5.1183e-17
8706.35 4.5863e-17
8707.875 5.6471e-17
8709.4 6.287e-17
8710.925 5.6639e-17
8712.45 5.0658e-17
8713.975 5.4975e-17
8715.5 5.3417e-17
8717.025 4.7988e-17
8718.55 5.691e-17
8720.075 7.133e-17
8721.6 8.6195e-17
8723.125 9.473e-17
8724.65 8.591e-17
8726.175 7.2944e-17
8727.7 6.665e-17
8729.225 6.8102e-17
8730.75 7.6732e-17
8732.275 7.9786e-17
8733.8 7.5809e-17
8735.325 7.3778e-17
8736.85 7.3372e-17
8738.375 7.014e-17
8739.9 7.2729e-17
8741.425 7.24e-17
8742.95 6.8125e-17
8744.475 6.8445e-17
8746.0 7.0492e-17
8747.525 6.8448e-17
8749.05 6.6542e-17
8750.575 6.3817e-17
8752.1 4.6316e-17
8753.625 4.0017e-17
8755.15 6.5719e-17
8756.675 7.6318e-17
8758.2 5.6477e-17
8759.725 6.5358e-17
8761.25 8.3948e-17
8762.775 8.5578e-17
8764.3 6.2382e-17
8765.825 5.5401e-17
8767.35 8.8396e-17
8768.875 8.6806e-17
8770.4 5.0936e-17
8771.925 7.9553e-17
8773.45 1.1351e-16
8774.975 1.0207e-16
8776.5 1.1455e-16
8778.025 1.1513e-16
8779.55 8.4684e-17
8781.075 3.8174e-17
8782.6 1.4091e-17
8784.125 5.1586e-17
8785.65 7.2888e-17
8787.175 5.9916e-17
8788.7 5.3213e-17
8790.225 5.2032e-17
8791.75 6.1785e-17
8793.275 5.7461e-17
8794.8 4.3963e-17
8796.325 4.2694e-17
8797.85 4.8634e-17
8799.375 5.6664e-17
8800.9 6.2628e-17
8802.425 6.0891e-17
8803.95 5.9569e-17
8805.475 6.396e-17
8807.0 6.6296e-17
8808.525 6.3935e-17
8810.05 6.2198e-17
8811.575 6.034e-17
8813.1 5.8925e-17
8814.625 7.157e-17
8816.15 7.1619e-17
8817.675 2.2194e-17
8819.2 2.5463e-16
8820.725 4.9344e-16
8822.25 1.9525e-16
8823.775 2.1223e-17
8825.3 1.0975e-16
8826.825 1.1833e-16
8828.35 1.1774e-16
8829.875 7.6226e-17
8831.4 5.6439e-17
8832.925 7.4206e-17
8834.45 8.0046e-17
8835.975 7.3986e-17
8837.5 7.7309e-17
8839.025 6.6296e-17
8840.55 5.3855e-17
8842.075 7.242e-17
8843.6 1.0003e-16
8845.125 1.0173e-16
8846.65 8.9182e-17
8848.175 9.7106e-17
8849.7 1.0655e-16
8851.225 1.2049e-16
8852.75 1.021e-16
8854.275 8.0026e-17
8855.8 8.6286e-17
8857.325 7.8625e-17
8858.85 6.1664e-17
8860.375 7.6305e-17
8861.9 1.1699e-16
8863.425 1.0759e-16
8864.95 7.8777e-17
8866.475 8.9422e-17
8868.0 1.1917e-16
8869.525 1.2091e-16
8871.05 9.8046e-17
8872.575 9.2529e-17
8874.1 9.9971e-17
8875.625 9.3522e-17
8877.15 6.1043e-17
8878.675 1.5752e-16
8880.2 2.1103e-16
8881.725 1.7991e-16
8883.25 1.3041e-16
8884.775 9.8826e-17
8886.3 1.8827e-16
8887.825 2.4693e-16
8889.35 1.7549e-16
8890.875 8.7638e-17
8892.4 1.0019e-16
8893.925 1.0218e-16
8895.45 9.6172e-17
8896.975 1.2588e-16
8898.5 1.4202e-16
8900.025 1.0528e-16
8901.55 8.1279e-17
8903.075 9.3726e-17
8904.6 1.0194e-16
8906.125 8.9846e-17
8907.65 9.0875e-17
8909.175 8.9191e-17
8910.7 6.6486e-17
8912.225 3.006e-16
8913.75 4.5076e-16
8915.275 1.848e-16
8916.8 5.9602e-17
8918.325 1.0011e-16
8919.85 9.86e-17
8921.375 3.4016e-16
8922.9 5.3234e-16
8924.425 2.4555e-16
8925.95 3.6153e-17
8927.475 8.7586e-17
8929.0 1.0361e-16
8930.525 9.8859e-17
8932.05 9.304e-17
8933.575 9.0904e-17
8935.1 9.0389e-17
8936.625 1.0489e-16
8938.15 1.1784e-16
8939.675 1.1015e-16
8941.2 1.2177e-16
8942.725 1.2466e-16
8944.25 1.1497e-16
8945.775 9.296e-17
8947.3 7.1485e-17
8948.825 7.0436e-17
8950.35 7.3792e-17
8951.875 1.5672e-16
8953.4 1.8881e-16
8954.925 1.2034e-16
8956.45 1.0744e-16
8957.975 1.3012e-16
8959.5 1.1667e-16
8961.025 6.7123e-17
8962.55 6.4012e-17
8964.075 8.7382e-17
8965.6 9.0657e-17
8967.125 9.5091e-17
8968.65 9.6685e-17
8970.175 9.1498e-17
8971.7 9.0223e-17
8973.225 9.6777e-17
8974.75 9.7106e-17
8976.275 9.7389e-17
8977.8 9.8489e-17
8979.325 8.6058e-17
8980.85 6.9701e-17
8982.375 7.7416e-17
8983.9 9.4029e-17
8985.425 9.6694e-17
8986.95 8.4518e-17
8988.475 8.8831e-17
8990.0 9.3029e-17
8991.525 7.0429e-17
8993.05 5.3343e-17
8994.575 8.233e-17
8996.1 1.1805e-16
8997.625 1.1481e-16
8999.15 1.1048e-16
9000.675 1.1789e-16
9002.2 1.3022e-16
9003.725 1.0774e-16
9005.25 7.4522e-17
9006.775 7.3294e-17
9008.3 7.7528e-17
9009.825 8.1926e-17
9011.35 7.3245e-17
9012.875 6.8976e-17
9014.4 8.7203e-17
9015.925 8.1863e-17
9017.45 6.4937e-17
9018.975 7.0929e-17
9020.5 8.3755e-17
9022.025 8.8819e-17
9023.55 7.9889e-17
9025.075 8.2464e-17
9026.6 8.6087e-17
9028.125 7.376e-17
9029.65 8.241e-17
9031.175 9.591e-17
9032.7 9.6638e-17
9034.225 9.4045e-17
9035.75 8.3922e-17
9037.275 8.9373e-17
9038.8 1.0389e-16
9040.325 8.9752e-17
9041.85 6.2292e-17
9043.375 7.2198e-17
9044.9 1.043e-16
9046.425 9.8853e-17
9047.95 7.2949e-17
9049.475 7.8519e-17
9051.0 8.5513e-17
9052.525 7.2783e-17
9054.05 7.6047e-17
9055.575 8.4287e-17
9057.1 8.0276e-17
9058.625 8.1012e-17
9060.15 7.732e-17
9061.675 6.8528e-17
9063.2 6.4834e-17
9064.725 6.8876e-17
9066.25 7.6316e-17
9067.775 7.9028e-17
9069.3 8.7477e-17
9070.825 7.9821e-17
9072.35 7.0967e-17
9073.875 8.0963e-17
9075.4 8.0436e-17
9076.925 6.6582e-17
9078.45 6.8985e-17
9079.975 7.6966e-17
9081.5 7.3731e-17
9083.025 7.7004e-17
9084.55 7.8302e-17
9086.075 8.0777e-17
9087.6 8.276e-17
9089.125 8.0543e-17
9090.65 7.6044e-17
9092.175 7.237e-17
9093.7 7.3245e-17
9095.225 7.862e-17
9096.75 8.916e-17
9098.275 8.84e-17
9099.8 7.9546e-17
9101.325 7.7001e-17
9102.85 7.866e-17
9104.375 8.0054e-17
9105.9 7.4661e-17
9107.425 6.7316e-17
9108.95 7.1005e-17
9110.475 7.3527e-17
9112.0 6.9281e-17
9113.525 7.315e-17
9115.05 7.1203e-17
9116.575 5.843e-17
9118.1 5.2014e-17
9119.625 5.3711e-17
9121.15 6.5311e-17
9122.675 7.5513e-17
9124.2 6.5074e-17
9125.725 6.4682e-17
9127.25 7.6726e-17
9128.775 6.3639e-17
9130.3 5.754e-17
9131.825 7.4975e-17
9133.35 8.0005e-17
9134.875 6.5583e-17
9136.4 6.1597e-17
9137.925 8.1839e-17
9139.45 9.0962e-17
9140.975 7.5619e-17
9142.5 7.5029e-17
9144.025 8.2922e-17
9145.55 8.8747e-17
9147.075 1.0105e-16
9148.6 8.014e-17
9150.125 5.9503e-17
9151.65 6.5372e-17
9153.175 6.7073e-17
9154.7 7.665e-17
9156.225 8.81e-17
9157.75 8.7389e-17
9159.275 8.5903e-17
9160.8 8.58e-17
9162.325 7.8799e-17
9163.85 7.1054e-17
9165.375 6.4745e-17
9166.9 7.1106e-17
9168.425 8.4823e-17
9169.95 8.9613e-17
9171.475 8.7515e-17
9173.0 8.2346e-17
9174.525 7.723e-17
9176.05 7.6083e-17
9177.575 8.2794e-17
9179.1 7.9978e-17
9180.625 7.4442e-17
9182.15 7.9136e-17
9183.675 7.6336e-17
9185.2 6.6733e-17
9186.725 7.6358e-17
9188.25 8.3908e-17
9189.775 7.1193e-17
9191.3 7.7167e-17
9192.825 8.8499e-17
9194.35 7.6403e-17
9195.875 6.8349e-17
9197.4 7.7927e-17
9198.925 8.3655e-17
9200.45 8.502e-17
9201.975 8.9211e-17
9203.5 8.5049e-17
9205.025 7.7688e-17
9206.55 8.207e-17
9208.075 8.9229e-17
9209.6 8.4163e-17
9211.125 8.1852e-17
9212.65 9.4527e-17
9214.175 1.0864e-16
9215.7 9.6591e-17
9217.225 7.806e-17
9218.75 8.794e-17
9220.275 9.2718e-17
9221.8 8.6419e-17
9223.325 8.8862e-17
9224.85 9.7875e-17
9226.375 9.9066e-17
9227.9 8.2529e-17
9229.425 7.0924e-17
9230.95 7.4305e-17
9232.475 7.6845e-17
9234.0 8.3195e-17
9235.525 9.5387e-17
9237.05 9.8777e-17
9238.575 1.0275e-16
9240.1 9.6654e-17
9241.625 7.9456e-17
9243.15 7.6719e-17
9244.675 8.7875e-17
9246.2 9.2099e-17
9247.725 8.8144e-17
9249.25 8.4482e-17
9250.775 9.159e-17
9252.3 1.0131e-16
9253.825 8.814e-17
9255.35 7.389e-17
9256.875 7.1079e-17
9258.4 6.7788e-17
9259.925 7.7293e-17
9261.45 8.4869e-17
9262.975 8.4507e-17
9264.5 9.9834e-17
9266.025 9.0796e-17
9267.55 6.9551e-17
9269.075 7.5827e-17
9270.6 7.9992e-17
9272.125 7.9266e-17
9273.65 7.6701e-17
9275.175 7.0201e-17
9276.7 6.661e-17
9278.225 7.5282e-17
9279.75 7.461e-17
9281.275 6.4951e-17
9282.8 6.3507e-17
9284.325 5.7318e-17
9285.85 6.0273e-17
9287.375 7.0288e-17
9288.9 7.0884e-17
9290.425 8.1373e-17
9291.95 7.9694e-17
9293.475 6.6137e-17
9295.0 6.3734e-17
9296.525 5.2187e-17
9298.05 4.0851e-17
9299.575 6.0515e-17
9301.1 1.1334e-16
9302.625 1.2829e-16
9304.15 7.8317e-17
9305.675 7.1639e-17
9307.2 1.8643e-16
9308.725 2.0074e-16
9310.25 4.4619e-17
9311.775 -5.3328e-18
9313.3 8.68e-17
9314.825 1.1026e-16
9316.35 6.9281e-17
9317.875 8.9413e-17
9319.4 9.1765e-17
9320.925 6.3234e-17
9322.45 8.083e-17
9323.975 1.1952e-16
9325.5 8.8454e-17
9327.025 7.2195e-18
9328.55 1.578e-18
9330.075 5.7506e-17
9331.6 8.2657e-17
9333.125 6.6109e-17
9334.65 6.0651e-17
9336.175 6.1247e-17
9337.7 6.2671e-17
9339.225 6.9913e-17
9340.75 4.5251e-17
9342.275 2.6845e-17
9343.8 5.5637e-17
9345.325 9.4257e-17
9346.85 9.5905e-17
9348.375 7.4666e-17
9349.9 6.9718e-17
9351.425 7.0263e-17
9352.95 6.118e-17
9354.475 5.6141e-17
9356.0 6.2556e-17
9357.525 7.0259e-17
9359.05 7.5044e-17
9360.575 8.9927e-17
9362.1 1.0342e-16
9363.625 8.4832e-17
9365.15 3.9587e-17
9366.675 -1.7051e-17
9368.2 2.3503e-17
9369.725 2.2067e-16
9371.25 2.4844e-16
9372.775 1.5875e-16
9374.3 3.1609e-17
9375.825 3.0759e-17
9377.35 1.12e-15
9378.875 1.1329e-15
9380.4 8.6582e-17
9381.925 4.8688e-18
9383.45 9.8792e-17
9384.975 9.07e-17
9386.5 8.0799e-17
9388.025 8.1649e-17
9389.55 7.9909e-17
9391.075 8.1196e-17
9392.6 8.5972e-17
9394.125 7.3429e-17
9395.65 8.5708e-17
9397.175 1.0531e-16
9398.7 9.8357e-17
9400.225 1.1263e-16
9401.75 1.1512e-16
9403.275 9.421e-17
9404.8 7.7829e-17
9406.325 7.0665e-17
9407.85 7.8311e-17
9409.375 7.5186e-17
9410.9 4.5778e-17
9412.425 4.6625e-17
9413.95 1.0397e-16
9415.475 9.9575e-17
9417.0 4.1593e-17
9418.525 5.1752e-17
9420.05 9.8949e-17
9421.575 9.1177e-17
9423.1 4.5133e-17
9424.625 2.383e-17
9426.15 3.9488e-17
9427.675 6.9481e-17
9429.2 6.4706e-17
9430.725 1.6036e-17
9432.25 5.4662e-17
9433.775 1.7889e-16
9435.3 1.8789e-16
9436.825 8.961e-17
9438.35 5.1925e-17
9439.875 1.3182e-16
9441.4 1.4274e-16
9442.925 2.2111e-17
9444.45 5.225e-18
9445.975 8.2014e-17
9447.5 1.0421e-16
9449.025 6.3928e-17
9450.55 4.1004e-17
9452.075 1.1004e-16
9453.6 1.8236e-16
9455.125 1.4606e-16
9456.65 8.7535e-17
9458.175 1.1384e-16
9459.7 1.0631e-16
9461.225 2.7215e-17
9462.75 -1.4462e-18
9464.275 4.4028e-17
9465.8 7.2947e-17
9467.325 4.2174e-17
9468.85 3.3535e-17
9470.375 7.7322e-17
9471.9 1.0685e-16
9473.425 1.0089e-16
9474.95 9.7196e-17
9476.475 1.4107e-16
9478.0 1.6866e-16
9479.525 4.2987e-17
9481.05 -3.0188e-17
9482.575 3.7211e-17
9484.1 7.8073e-17
9485.625 9.1942e-17
9487.15 9.1565e-17
9488.675 8.5811e-17
9490.2 7.6334e-17
9491.725 6.4865e-17
9493.25 4.6255e-17
9494.775 4.5242e-17
9496.3 1.1088e-16
9497.825 1.6072e-16
9499.35 1.2268e-16
9500.875 8.6149e-17
9502.4 1.1085e-16
9503.925 1.0864e-16
9505.45 5.5074e-17
9506.975 5.4299e-17
9508.5 8.725e-17
9510.025 7.1823e-17
9511.55 5.1001e-17
9513.075 9.9871e-17
9514.6 1.5508e-16
9516.125 1.2347e-16
9517.65 7.6148e-17
9519.175 9.7952e-17
9520.7 1.1445e-16
9522.225 6.1906e-17
9523.75 3.8262e-17
9525.275 8.1989e-17
9526.8 9.8678e-17
9528.325 8.7365e-17
9529.85 9.6925e-17
9531.375 9.3905e-17
9532.9 7.3621e-17
9534.425 7.5571e-17
9535.95 8.7772e-17
9537.475 9.6286e-17
9539.0 9.0895e-17
9540.525 7.6652e-17
9542.05 7.9194e-17
9543.575 7.7304e-17
9545.1 9.6015e-17
9546.625 1.1619e-16
9548.15 9.3126e-17
9549.675 9.677e-17
9551.2 1.2864e-16
9552.725 1.4501e-16
9554.25 1.2112e-16
9555.775 7.2953e-17
9557.3 4.5821e-17
9558.825 3.206e-17
9560.35 8.7593e-17
9561.875 1.8135e-16
9563.4 1.7725e-16
9564.925 1.4326e-16
9566.45 1.5073e-16
9567.975 1.6152e-16
9569.5 1.2391e-16
9571.025 4.4027e-17
9572.55 4.1329e-17
9574.075 8.0007e-17
9575.6 8.6472e-17
9577.125 7.2209e-17
9578.65 6.8903e-17
9580.175 8.0377e-17
9581.7 7.2453e-17
9583.225 6.9862e-17
9584.75 8.5511e-17
9586.275 8.814e-17
9587.8 8.0413e-17
9589.325 6.9178e-17
9590.85 6.5524e-17
9592.375 6.5247e-17
9593.9 6.7824e-17
9595.425 7.907e-17
9596.95 7.3041e-17
9598.475 6.5778e-17
9600.0 7.8526e-17
9601.525 1.0192e-16
9603.05 9.2868e-17
9604.575 7.4746e-17
9606.1 9.2729e-17
9607.625 9.9761e-17
9609.15 1.0504e-16
9610.675 9.9998e-17
9612.2 8.0541e-17
9613.725 9.1664e-17
9615.25 1.2392e-16
9616.775 1.5034e-16
9618.3 1.3743e-16
9619.825 1.0902e-16
9621.35 1.0042e-16
9622.875 7.2958e-17
9624.4 6.0564e-17
9625.925 7.7223e-17
9627.45 6.2669e-17
9628.975 6.1962e-17
9630.5 9.5858e-17
9632.025 1.0885e-16
9633.55 1.0096e-16
9635.075 9.5232e-17
9636.6 8.3206e-17
9638.125 7.4278e-17
9639.65 7.5663e-17
9641.175 8.7696e-17
9642.7 1.0533e-16
9644.225 1.0157e-16
9645.75 1.0693e-16
9647.275 1.1238e-16
9648.8 8.5898e-17
9650.325 8.2572e-17
9651.85 1.0243e-16
9653.375 9.1393e-17
9654.9 8.9131e-17
9656.425 1.0279e-16
9657.95 7.8745e-17
9659.475 6.5838e-17
9661.0 9.1363e-17
9662.525 1.1931e-16
9664.05 1.2332e-16
9665.575 1.0352e-16
9667.1 9.6243e-17
9668.625 1.245e-16
9670.15 1.2839e-16
9671.675 6.9293e-17
9673.2 5.8349e-17
9674.725 1.1794e-16
9676.25 1.7358e-16
9677.775 1.6291e-16
9679.3 1.1645e-16
9680.825 9.9106e-17
9682.35 9.248e-17
9683.875 1.0303e-16
9685.4 1.0173e-16
9686.925 8.3578e-17
9688.45 8.3594e-17
9689.975 6.7147e-17
9691.5 9.8566e-17
9693.025 1.772e-16
9694.55 1.6071e-16
9696.075 1.5384e-16
9697.6 1.7149e-16
9699.125 1.7058e-16
9700.65 1.8245e-16
9702.175 9.1614e-17
9703.7 3.9706e-17
9705.225 1.2157e-16
9706.75 1.2986e-16
9708.275 9.5322e-17
9709.8 7.7264e-17
9711.325 5.0535e-17
9712.85 8.2845e-17
9714.375 1.4935e-16
9715.9 1.651e-16
9717.425 1.5007e-16
9718.95 1.4129e-16
9720.475 1.3841e-16
9722.0 5.4944e-17
9723.525 9.7911e-18
9725.05 9.5676e-17
9726.575 1.2202e-16
9728.1 8.9557e-17
9729.625 8.2086e-17
9731.15 1.0434e-16
9732.675 1.4544e-16
9734.2 1.797e-16
9735.725 1.4298e-16
9737.25 1.0846e-16
9738.775 1.3188e-16
9740.3 1.0091e-16
9741.825 7.1501e-17
9743.35 9.6874e-17
9744.875 1.1107e-16
9746.4 1.0692e-16
9747.925 1.0647e-16
9749.45 1.0046e-16
9750.975 8.6553e-17
9752.5 1.0034e-16
9754.025 1.2581e-16
9755.55 1.1845e-16
9757.075 9.2805e-17
9758.6 7.8864e-17
9760.125 8.265e-17
9761.65 9.0872e-17
9763.175 8.7161e-17
9764.7 8.7891e-17
9766.225 9.5519e-17
9767.75 1.0147e-16
9769.275 1.0924e-16
9770.8 1.0769e-16
9772.325 9.9317e-17
9773.85 1.076e-16
9775.375 1.1122e-16
9776.9 1.0586e-16
9778.425 1.2187e-16
9779.95 1.2179e-16
9781.475 4.9132e-17
9783.0 6.4957e-18
9784.525 1.4097e-16
9786.05 2.4741e-16
9787.575 1.0852e-16
9789.1 6.8622e-17
9790.625 2.2907e-16
9792.15 2.4445e-16
9793.675 5.6955e-17
9795.2 -2.0416e-17
9796.725 1.2954e-16
9798.25 1.9486e-16
9799.775 1.6328e-16
9801.3 1.3442e-16
9802.825 4.7749e-17
9804.35 3.8428e-17
9805.875 1.2748e-16
9807.4 1.4645e-16
9808.925 1.5655e-16
9810.45 1.8424e-16
9811.975 1.6511e-16
9813.5 1.4465e-16
9815.025 1.2742e-16
9816.55 1.3376e-16
9818.075 1.3431e-16
9819.6 1.1645e-16
9821.125 1.2378e-16
9822.65 1.1359e-16
9824.175 1.0466e-16
9825.7 8.6409e-17
9827.225 6.5285e-17
9828.75 8.6237e-17
9830.275 1.0576e-16
9831.8 1.2491e-16
9833.325 1.3095e-16
9834.85 1.0897e-16
9836.375 9.2031e-17
9837.9 9.6613e-17
9839.425 9.346e-17
9840.95 9.3556e-17
9842.475 1.4964e-16
9844.0 1.552e-16
9845.525 1.2242e-16
9847.05 1.2254e-16
9848.575 1.1836e-16
9850.1 1.1559e-16
9851.625 9.0964e-17
9853.15 6.2122e-17
9854.675 7.7026e-17
9856.2 1.0846e-16
9857.725 1.0806e-16
9859.25 9.5096e-17
9860.775 9.8889e-17
9862.3 4.4909e-17
9863.825 -2.9208e-17
9865.35 1.1213e-16
9866.875 3.1076e-16
9868.4 2.6308e-16
9869.925 1.7327e-16
9871.45 2.0388e-16
9872.975 2.3127e-16
9874.5 1.0896e-16
9876.025 -4.4993e-17
9877.55 6.2236e-18
9879.075 8.9593e-17
9880.6 1.146e-16
9882.125 1.418e-16
9883.65 1.1784e-16
9885.175 8.4901e-17
9886.7 7.4011e-17
9888.225 9.7288e-17
9889.75 1.3846e-16
9891.275 1.543e-16
9892.8 1.164e-16
9894.325 9.9297e-17
9895.85 9.9175e-17
9897.375 6.6849e-17
9898.9 5.9952e-17
9900.425 7.1906e-17
9901.95 8.4099e-17
9903.475 8.6598e-17
9905.0 5.9551e-17
9906.525 5.9992e-17
9908.05 2.0137e-16
9909.575 2.7368e-16
9911.1 1.423e-16
9912.625 1.3354e-16
9914.15 2.0898e-16
9915.675 1.8607e-16
9917.2 2.2587e-16
9918.725 1.7722e-16
9920.25 5.8701e-17
9921.775 6.4877e-17
9923.3 9.2087e-17
9924.825 1.0365e-16
9926.35 1.2277e-16
9927.875 1.1354e-16
9929.4 1.2146e-16
9930.925 1.4424e-16
9932.45 1.1095e-16
9933.975 6.1346e-17
9935.5 1.093e-16
9937.025 1.6941e-16
9938.55 1.3662e-16
9940.075 1.9825e-16
9941.6 2.78e-16
9943.125 2.4548e-16
9944.65 1.7987e-16
9946.175 1.8428e-16
9947.7 1.3827e-16
9949.225 4.891e-17
9950.75 9.5183e-17
9952.275 9.3897e-17
9953.8 4.2506e-17
9955.325 1.1637e-16
9956.85 2.5083e-16
9958.375 2.3349e-16
9959.9 7.148e-17
9961.425 4.9351e-17
9962.95 2.1764e-16
9964.475 1.7673e-16
9966.0 1.1955e-17
9967.525 6.8125e-17
9969.05 1.5142e-16
9970.575 1.1631e-16
9972.1 7.5267e-17
9973.625 1.0813e-16
9975.15 1.2102e-16
9976.675 8.0384e-17
9978.2 9.0155e-17
9979.725 1.1108e-16
9981.25 8.0317e-17
9982.775 6.7925e-17
9984.3 9.3247e-17
9985.825 9.5351e-17
9987.35 8.202e-17
9988.875 8.1196e-17
9990.4 9.1088e-17
9991.925 9.9389e-17
9993.45 1.0582e-16
9994.975 1.3416e-16
9996.5 1.1991e-16
9998.025 9.8918e-17
9999.55 1.4984e-16
