3469.0510000000  5.531679E-17
3471.8030000000  6.432377E-17
3474.5570000000  4.034344E-17
3477.3120000000  5.630931E-17
3480.0700000000  2.960428E-17
3482.8290000000  5.869453E-17
3485.5910000000  1.158977E-16
3488.3540000000  6.839765E-17
3491.1190000000  6.474494E-17
3493.8850000000  9.625464E-17
3496.6540000000  8.355817E-17
3499.4250000000  1.092497E-16
3502.1970000000  3.889791E-17
3504.9710000000  5.234805E-17
3507.7470000000  4.041393E-17
3510.5250000000  5.635950E-17
3513.3050000000  9.169222E-17
3516.0860000000  2.451785E-17
3518.8690000000  8.753010E-17
3521.6550000000  7.424207E-17
3524.4410000000  9.219955E-18
3527.2300000000  6.208591E-17
3530.0210000000  5.891786E-17
3532.8130000000  6.482393E-17
3535.6070000000  7.872032E-17
3538.4040000000  4.729365E-17
3541.2010000000  4.446846E-17
3544.0010000000  5.664737E-17
3546.8020000000  4.311245E-17
3549.6050000000  8.223123E-17
3552.4100000000  8.473507E-17
3555.2170000000  6.106596E-17
3558.0260000000  3.322468E-17
3560.8360000000  3.113852E-17
3563.6480000000  7.705449E-17
3566.4620000000  5.674501E-17
3569.2780000000  8.057941E-17
3572.0950000000  6.383351E-17
3574.9140000000  6.765902E-17
3577.7350000000  9.162023E-17
3580.5580000000  6.526141E-17
3583.3830000000  4.979988E-17
3586.2090000000  8.947095E-17
3589.0370000000  1.190919E-17
3591.8670000000  7.023401E-17
3594.6980000000  7.153078E-17
3597.5310000000  7.097984E-17
3600.3660000000  5.388455E-17
3603.2030000000  6.940634E-17
3606.0420000000  4.731235E-17
3608.8820000000  6.635757E-17
3611.7240000000  6.186021E-17
3614.5670000000  5.265385E-17
3617.4130000000  6.916197E-17
3620.2600000000  6.338728E-17
3623.1090000000  8.788802E-17
3625.9590000000  5.022981E-17
3628.8120000000  5.094005E-17
3631.6660000000  4.747654E-17
3634.5210000000  6.015684E-17
3637.3790000000  4.352394E-17
3640.2380000000  6.080447E-17
3643.0990000000  5.137858E-17
3645.9610000000  4.235173E-17
3648.8250000000  7.287728E-17
3651.6910000000  6.334558E-17
3654.5590000000  6.402288E-17
3657.4280000000  5.192556E-17
3660.2990000000  5.875431E-17
3663.1720000000  5.343909E-17
3666.0460000000  8.148803E-17
3668.9220000000  5.255585E-17
3671.8000000000  7.764056E-17
3674.6790000000  5.399270E-17
3677.5610000000  5.460989E-17
3680.4430000000  4.695488E-17
3683.3280000000  5.888057E-17
3686.2140000000  6.728770E-17
3689.1010000000  7.530869E-17
3691.9910000000  6.390193E-17
3694.8820000000  5.039495E-17
3697.7740000000  5.568039E-17
3700.6690000000  5.780556E-17
3703.5650000000  6.270108E-17
3706.4620000000  8.478992E-17
3709.3620000000  8.318544E-17
3712.2620000000  5.067148E-17
3715.1650000000  6.228185E-17
3718.0690000000  6.595053E-17
3720.9750000000  7.144518E-17
3723.8830000000  6.658780E-17
3726.7920000000  6.564295E-17
3729.7020000000  6.817920E-17
3732.6150000000  6.828418E-17
3735.5290000000  5.781623E-17
3738.4440000000  6.935663E-17
3741.3610000000  6.667031E-17
3744.2800000000  5.351864E-17
3747.2000000000  6.291478E-17
3750.1220000000  6.082123E-17
3753.0460000000  7.957624E-17
3755.9710000000  7.920256E-17
3758.8980000000  7.175292E-17
3761.8260000000  6.168900E-17
3764.7560000000  7.161003E-17
3767.6880000000  6.977184E-17
3770.6210000000  6.846586E-17
3773.5560000000  7.416138E-17
3776.4920000000  6.195225E-17
3779.4300000000  6.699964E-17
3782.3690000000  5.637965E-17
3785.3100000000  5.916237E-17
3788.2530000000  6.617354E-17
3791.1970000000  5.804952E-17
3794.1430000000  6.279642E-17
3797.0900000000  7.343078E-17
3800.0390000000  7.127207E-17
3802.9900000000  6.332282E-17
3805.9410000000  6.791716E-17
3808.8950000000  6.242661E-17
3811.8500000000  6.261728E-17
3814.8070000000  7.401171E-17
3817.7650000000  6.584909E-17
3820.7250000000  7.125919E-17
3823.6860000000  6.776059E-17
3826.6490000000  6.567623E-17
3829.6130000000  6.481822E-17
3832.5790000000  6.365952E-17
3835.5460000000  7.261005E-17
3838.5150000000  6.916602E-17
3841.4860000000  7.117259E-17
3844.4580000000  6.936960E-17
3847.4310000000  6.718458E-17
3850.4060000000  7.410755E-17
3853.3830000000  6.207494E-17
3856.3610000000  6.570174E-17
3859.3400000000  7.808360E-17
3862.3220000000  6.672043E-17
3865.3040000000  6.901219E-17
3868.2880000000  6.682015E-17
3871.2740000000  6.189061E-17
3874.2610000000  7.495654E-17
3877.2500000000  7.037455E-17
3880.2400000000  7.467946E-17
3883.2310000000  6.663874E-17
3886.2240000000  6.990044E-17
3889.2190000000  7.174145E-17
3892.2150000000  7.564673E-17
3895.2120000000  7.406812E-17
3898.2110000000  6.612182E-17
3901.2120000000  6.913873E-17
3904.2140000000  6.697715E-17
3907.2170000000  6.702243E-17
3910.2220000000  7.262767E-17
3913.2280000000  7.371849E-17
3916.2360000000  6.083459E-17
3919.2450000000  7.175791E-17
3922.2560000000  6.403414E-17
3925.2680000000  7.614555E-17
3928.2820000000  7.921287E-17
3931.2970000000  7.337009E-17
3934.3130000000  6.625858E-17
3937.3320000000  6.714963E-17
3940.3510000000  6.825634E-17
3943.3720000000  6.963637E-17
3946.3940000000  7.289329E-17
3949.4180000000  7.281322E-17
3952.4430000000  7.367350E-17
3955.4700000000  7.781129E-17
3958.4980000000  7.308117E-17
3961.5270000000  7.385358E-17
3964.5580000000  7.442416E-17
3967.5910000000  7.221552E-17
3970.6240000000  7.367973E-17
3973.6590000000  7.407038E-17
3976.6960000000  6.941688E-17
3979.7340000000  7.542006E-17
3982.7730000000  7.410260E-17
3985.8140000000  6.828499E-17
3988.8560000000  7.159526E-17
3991.9000000000  7.245577E-17
3994.9450000000  6.710282E-17
3997.9910000000  7.933390E-17
4001.0390000000  7.319488E-17
4004.0880000000  6.803512E-17
4007.1390000000  6.601935E-17
4010.1910000000  7.569466E-17
4013.2440000000  7.191418E-17
4016.2990000000  7.435701E-17
4019.3550000000  7.900710E-17
4022.4130000000  7.065623E-17
4025.4720000000  7.097311E-17
4028.5320000000  7.064322E-17
4031.5940000000  6.948299E-17
4034.6570000000  6.977883E-17
4037.7210000000  7.824048E-17
4040.7870000000  7.530703E-17
4043.8540000000  7.367109E-17
4046.9220000000  7.874918E-17
4049.9920000000  8.247415E-17
4053.0630000000  7.486089E-17
4056.1360000000  7.435577E-17
4059.2100000000  8.114958E-17
4062.2850000000  7.121676E-17
4065.3620000000  7.919525E-17
4068.4400000000  7.600542E-17
4071.5190000000  7.476183E-17
4074.6000000000  7.604246E-17
4077.6810000000  7.487810E-17
4080.7650000000  7.442458E-17
4083.8490000000  7.563586E-17
4086.9350000000  7.210279E-17
4090.0230000000  7.398580E-17
4093.1110000000  7.277896E-17
4096.2010000000  7.604095E-17
4099.2920000000  7.290065E-17
4102.3850000000  8.071454E-17
4105.4790000000  7.363748E-17
4108.5740000000  7.239329E-17
4111.6700000000  7.461739E-17
4114.7690000000  7.261106E-17
4117.8680000000  6.976478E-17
4120.9680000000  8.440271E-17
4124.0700000000  7.903615E-17
4127.1730000000  7.863469E-17
4130.2770000000  8.141769E-17
4133.3830000000  7.447258E-17
4136.4900000000  7.910619E-17
4139.5980000000  7.805346E-17
4142.7080000000  7.151821E-17
4145.8180000000  7.342523E-17
4148.9300000000  7.342782E-17
4152.0430000000  7.772767E-17
4155.1580000000  7.657688E-17
4158.2740000000  7.595887E-17
4161.3920000000  8.227346E-17
4164.5100000000  7.832123E-17
4167.6290000000  7.787140E-17
4170.7500000000  7.120600E-17
4173.8730000000  7.894951E-17
4176.9970000000  7.861208E-17
4180.1210000000  7.259489E-17
4183.2470000000  7.337482E-17
4186.3750000000  7.875538E-17
4189.5030000000  7.871324E-17
4192.6330000000  7.307861E-17
4195.7640000000  7.625869E-17
4198.8960000000  7.391278E-17
4202.0300000000  7.092917E-17
4205.1650000000  6.834865E-17
4208.3010000000  6.642426E-17
4211.4380000000  6.646996E-17
4214.5770000000  6.881751E-17
4217.7160000000  7.028401E-17
4220.8570000000  7.125115E-17
4224.0000000000  6.456782E-17
4227.1430000000  6.974786E-17
4230.2880000000  6.697570E-17
4233.4340000000  6.333324E-17
4236.5810000000  6.621061E-17
4239.7290000000  6.757585E-17
4242.8790000000  7.133011E-17
4246.0300000000  7.024491E-17
4249.1820000000  6.860356E-17
4252.3350000000  6.920789E-17
4255.4890000000  6.929561E-17
4258.6450000000  6.742194E-17
4261.8020000000  7.155708E-17
4264.9600000000  7.165915E-17
4268.1190000000  6.853029E-17
4271.2790000000  6.781988E-17
4274.4410000000  7.011551E-17
4277.6040000000  7.001453E-17
4280.7680000000  6.854728E-17
4283.9330000000  7.051915E-17
4287.1000000000  7.376300E-17
4290.2670000000  7.260698E-17
4293.4360000000  7.157716E-17
4296.6060000000  7.240313E-17
4299.7770000000  7.830992E-17
4302.9490000000  7.197197E-17
4306.1230000000  7.269179E-17
4309.2970000000  6.867760E-17
4312.4730000000  7.253018E-17
4315.6500000000  7.226569E-17
4318.8290000000  7.116820E-17
4322.0080000000  6.539517E-17
4325.1880000000  7.007171E-17
4328.3700000000  6.997099E-17
4331.5530000000  6.869787E-17
4334.7370000000  6.306502E-17
4337.9220000000  7.007682E-17
4341.1080000000  6.730914E-17
4344.2950000000  6.976401E-17
4347.4840000000  6.643105E-17
4350.6740000000  6.563762E-17
4353.8650000000  6.794943E-17
4357.0570000000  6.668817E-17
4360.2500000000  6.866299E-17
4363.4440000000  6.760024E-17
4366.6390000000  6.951893E-17
4369.8360000000  7.026296E-17
4373.0330000000  6.884024E-17
4376.2320000000  6.413908E-17
4379.4320000000  6.720387E-17
4382.6330000000  6.874633E-17
4385.8350000000  6.625191E-17
4389.0390000000  6.801615E-17
4392.2430000000  6.672255E-17
4395.4480000000  6.709130E-17
4398.6550000000  6.705137E-17
4401.8630000000  6.465598E-17
4405.0720000000  6.414394E-17
4408.2820000000  6.903022E-17
4411.4930000000  6.455167E-17
4414.7050000000  6.798130E-17
4417.9180000000  6.705876E-17
4421.1320000000  6.516188E-17
4424.3480000000  6.369904E-17
4427.5640000000  6.561214E-17
4430.7820000000  6.403582E-17
4434.0010000000  6.185143E-17
4437.2210000000  6.705988E-17
4440.4410000000  6.820745E-17
4443.6640000000  6.681714E-17
4446.8870000000  6.113591E-17
4450.1110000000  6.255664E-17
4453.3360000000  6.585919E-17
4456.5620000000  6.670741E-17
4459.7900000000  6.739252E-17
4463.0180000000  6.281798E-17
4466.2480000000  6.463910E-17
4469.4790000000  6.610655E-17
4472.7100000000  6.484253E-17
4475.9430000000  6.496489E-17
4479.1760000000  6.474987E-17
4482.4110000000  6.383800E-17
4485.6470000000  6.413045E-17
4488.8840000000  6.445912E-17
4492.1220000000  6.677396E-17
4495.3610000000  6.219537E-17
4498.6020000000  6.593853E-17
4501.8430000000  6.598022E-17
4505.0850000000  6.560246E-17
4508.3280000000  6.668472E-17
4511.5720000000  6.454479E-17
4514.8180000000  6.725778E-17
4518.0640000000  6.474619E-17
4521.3120000000  6.718142E-17
4524.5600000000  6.968775E-17
4527.8100000000  6.698746E-17
4531.0600000000  7.020143E-17
4534.3120000000  7.470684E-17
4537.5640000000  6.961586E-17
4540.8180000000  7.020269E-17
4544.0720000000  7.116693E-17
4547.3280000000  7.021600E-17
4550.5850000000  6.778084E-17
4553.8420000000  6.553910E-17
4557.1010000000  7.003372E-17
4560.3610000000  6.631225E-17
4563.6220000000  6.966430E-17
4566.8830000000  6.697981E-17
4570.1460000000  6.475350E-17
4573.4100000000  6.480622E-17
4576.6750000000  6.443624E-17
4579.9400000000  6.573915E-17
4583.2070000000  6.298169E-17
4586.4750000000  5.986606E-17
4589.7440000000  6.090278E-17
4593.0130000000  6.304456E-17
4596.2840000000  6.546666E-17
4599.5560000000  6.466492E-17
4602.8290000000  6.188448E-17
4606.1020000000  6.159182E-17
4609.3770000000  6.182374E-17
4612.6520000000  6.213240E-17
4615.9290000000  6.366437E-17
4619.2070000000  6.267861E-17
4622.4850000000  5.999220E-17
4625.7650000000  6.377997E-17
4629.0450000000  6.317724E-17
4632.3270000000  6.198444E-17
4635.6090000000  6.080286E-17
4638.8930000000  6.218495E-17
4642.1770000000  6.103590E-17
4645.4630000000  6.400064E-17
4648.7490000000  6.280099E-17
4652.0370000000  6.298260E-17
4655.3250000000  6.532325E-17
4658.6140000000  6.212298E-17
4661.9040000000  6.319547E-17
4665.1950000000  6.112021E-17
4668.4870000000  6.321817E-17
4671.7800000000  6.300111E-17
4675.0740000000  6.505191E-17
4678.3690000000  6.245029E-17
4681.6650000000  6.522590E-17
4684.9620000000  6.259979E-17
4688.2600000000  6.406736E-17
4691.5590000000  6.268503E-17
4694.8580000000  6.507421E-17
4698.1590000000  6.306884E-17
4701.4600000000  6.324546E-17
4704.7630000000  6.344626E-17
4708.0660000000  6.197642E-17
4711.3700000000  6.372333E-17
4714.6750000000  6.309560E-17
4717.9810000000  6.684740E-17
4721.2890000000  6.464360E-17
4724.5960000000  6.511719E-17
4727.9050000000  6.539970E-17
4731.2150000000  6.476106E-17
4734.5260000000  6.679409E-17
4737.8370000000  6.525120E-17
4741.1500000000  6.465921E-17
4744.4630000000  6.671316E-17
4747.7780000000  6.691421E-17
4751.0930000000  6.608284E-17
4754.4090000000  6.584763E-17
4757.7260000000  6.463843E-17
4761.0440000000  6.289948E-17
4764.3630000000  6.526234E-17
4767.6830000000  6.672819E-17
4771.0030000000  6.565867E-17
4774.3250000000  6.772580E-17
4777.6470000000  6.647186E-17
4780.9710000000  6.518219E-17
4784.2950000000  6.614590E-17
4787.6200000000  6.523212E-17
4790.9460000000  6.360302E-17
4794.2720000000  6.457939E-17
4797.6010000000  6.214247E-17
4800.9290000000  6.272838E-17
4804.2580000000  6.331438E-17
4807.5890000000  6.390082E-17
4810.9200000000  6.448725E-17
4814.2520000000  6.507386E-17
4817.5850000000  6.566063E-17
4820.9190000000  6.624758E-17
4824.2540000000  6.529946E-17
4827.5890000000  6.369855E-17
4830.9260000000  6.373832E-17
4834.2630000000  6.207816E-17
4837.6010000000  6.514573E-17
4840.9400000000  6.178873E-17
4844.2800000000  6.390085E-17
4847.6210000000  6.430652E-17
4850.9620000000  6.354800E-17
4854.3050000000  6.030773E-17
4857.6480000000  6.240105E-17
4860.9920000000  6.219700E-17
4864.3370000000  6.275805E-17
4867.6830000000  6.146515E-17
4871.0290000000  6.315425E-17
4874.3770000000  6.103877E-17
4877.7250000000  6.168504E-17
4881.0750000000  6.006221E-17
4884.4240000000  6.048839E-17
4887.7750000000  6.049430E-17
4891.1270000000  5.852683E-17
4894.4790000000  5.968710E-17
4897.8330000000  6.038264E-17
4901.1870000000  6.089048E-17
4904.5420000000  5.716201E-17
4907.8970000000  6.052266E-17
4911.2540000000  6.095552E-17
4914.6120000000  6.035263E-17
4917.9700000000  5.848067E-17
4921.3290000000  6.152818E-17
4924.6890000000  5.555223E-17
4928.0500000000  5.818757E-17
4931.4110000000  5.802798E-17
4934.7730000000  6.014146E-17
4938.1370000000  5.649690E-17
4941.5000000000  5.903598E-17
4944.8650000000  5.488187E-17
4948.2310000000  5.524307E-17
4951.5970000000  5.619970E-17
4954.9640000000  5.642345E-17
4958.3320000000  5.648873E-17
4961.7010000000  5.712859E-17
4965.0700000000  5.618783E-17
4968.4410000000  5.667474E-17
4971.8120000000  5.254400E-17
4975.1840000000  5.631528E-17
4978.5570000000  5.561820E-17
4981.9300000000  5.713327E-17
4985.3040000000  5.411625E-17
4988.6790000000  5.639678E-17
4992.0550000000  5.606651E-17
4995.4320000000  5.495697E-17
4998.8090000000  5.480038E-17
5002.1870000000  5.562739E-17
5005.5660000000  5.456996E-17
5008.9460000000  5.441478E-17
5012.3270000000  5.281086E-17
5015.7080000000  5.546275E-17
5019.0900000000  5.509670E-17
5022.4730000000  5.236831E-17
5025.8560000000  5.236124E-17
5029.2400000000  5.370378E-17
5032.6250000000  5.657058E-17
5036.0110000000  5.738851E-17
5039.3980000000  5.638797E-17
5042.7850000000  5.645671E-17
5046.1730000000  5.680016E-17
5049.5630000000  5.886089E-17
5052.9520000000  5.908422E-17
5056.3420000000  6.004186E-17
5059.7330000000  5.817571E-17
5063.1250000000  6.512071E-17
5066.5180000000  6.386124E-17
5069.9110000000  6.364629E-17
5073.3060000000  6.837115E-17
5076.7000000000  6.975525E-17
5080.0960000000  7.314343E-17
5083.4920000000  7.097592E-17
5086.8890000000  6.930183E-17
5090.2870000000  6.666163E-17
5093.6860000000  6.681519E-17
5097.0850000000  6.089596E-17
5100.4850000000  6.065578E-17
5103.8860000000  5.821693E-17
5107.2870000000  5.921526E-17
5110.6890000000  5.632056E-17
5114.0920000000  5.752053E-17
5117.4960000000  5.769180E-17
5120.9000000000  5.790873E-17
5124.3060000000  5.719612E-17
5127.7110000000  5.494777E-17
5131.1180000000  5.545680E-17
5134.5250000000  5.709016E-17
5137.9330000000  5.897906E-17
5141.3420000000  5.409722E-17
5144.7510000000  5.329483E-17
5148.1610000000  5.184573E-17
5151.5720000000  5.233975E-17
5154.9830000000  5.364049E-17
5158.3960000000  5.653712E-17
5161.8090000000  5.491751E-17
5165.2220000000  5.554505E-17
5168.6370000000  5.170340E-17
5172.0520000000  5.526267E-17
5175.4670000000  5.411622E-17
5178.8840000000  5.373224E-17
5182.3010000000  5.485064E-17
5185.7190000000  5.550052E-17
5189.1370000000  5.377044E-17
5192.5560000000  5.432985E-17
5195.9760000000  5.406526E-17
5199.3960000000  5.391972E-17
5202.8180000000  5.458707E-17
5206.2400000000  5.563080E-17
5209.6630000000  5.318095E-17
5213.0860000000  5.481465E-17
5216.5100000000  5.584666E-17
5219.9350000000  5.083712E-17
5223.3600000000  5.113237E-17
5226.7860000000  4.994147E-17
5230.2120000000  5.708279E-17
5233.6400000000  5.560014E-17
5237.0680000000  5.369080E-17
5240.4970000000  5.342180E-17
5243.9260000000  5.324880E-17
5247.3560000000  5.410294E-17
5250.7870000000  5.391863E-17
5254.2180000000  5.422384E-17
5257.6500000000  5.279515E-17
5261.0830000000  5.315999E-17
5264.5160000000  5.541839E-17
5267.9500000000  5.535634E-17
5271.3850000000  5.167327E-17
5274.8200000000  5.286260E-17
5278.2560000000  5.304336E-17
5281.6930000000  5.192679E-17
5285.1300000000  5.396183E-17
5288.5680000000  4.937966E-17
5292.0070000000  5.199937E-17
5295.4460000000  5.124134E-17
5298.8860000000  5.215455E-17
5302.3260000000  5.035091E-17
5305.7680000000  5.134330E-17
5309.2090000000  5.028211E-17
5312.6520000000  5.164734E-17
5316.0950000000  4.965241E-17
5319.5390000000  5.015725E-17
5322.9830000000  5.306168E-17
5326.4280000000  5.044273E-17
5329.8740000000  5.014374E-17
5333.3200000000  5.307971E-17
5336.7670000000  5.298190E-17
5340.2140000000  5.088639E-17
5343.6630000000  5.075914E-17
5347.1110000000  4.975547E-17
5350.5610000000  5.204140E-17
5354.0110000000  5.206993E-17
5357.4610000000  5.325524E-17
5360.9130000000  5.227278E-17
5364.3650000000  5.082628E-17
5367.8170000000  4.818461E-17
5371.2710000000  5.015327E-17
5374.7240000000  5.215947E-17
5378.1790000000  5.021681E-17
5381.6330000000  5.086923E-17
5385.0890000000  4.984242E-17
5388.5450000000  5.067743E-17
5392.0020000000  5.081313E-17
5395.4590000000  5.229816E-17
5398.9170000000  4.997417E-17
5402.3760000000  5.072045E-17
5405.8350000000  5.161344E-17
5409.2950000000  4.968159E-17
5412.7560000000  4.986438E-17
5416.2170000000  5.080993E-17
5419.6790000000  4.940706E-17
5423.1410000000  4.827113E-17
5426.6040000000  4.856747E-17
5430.0670000000  4.944486E-17
5433.5310000000  5.010218E-17
5436.9960000000  5.101532E-17
5440.4610000000  4.858307E-17
5443.9270000000  4.925793E-17
5447.3930000000  4.900043E-17
5450.8600000000  4.965354E-17
5454.3280000000  4.706517E-17
5457.7960000000  5.138315E-17
5461.2650000000  4.795392E-17
5464.7340000000  4.778708E-17
5468.2040000000  4.997792E-17
5471.6740000000  4.975881E-17
5475.1460000000  4.639802E-17
5478.6170000000  4.832307E-17
5482.0890000000  4.809791E-17
5485.5620000000  4.699400E-17
5489.0360000000  4.855520E-17
5492.5090000000  4.811338E-17
5495.9840000000  4.676177E-17
5499.4590000000  4.697121E-17
5502.9350000000  5.007776E-17
5506.4110000000  4.798108E-17
5509.8880000000  4.877616E-17
5513.3650000000  4.790796E-17
5516.8430000000  4.842307E-17
5520.3210000000  4.768291E-17
5523.8000000000  4.680254E-17
5527.2800000000  4.754574E-17
5530.7600000000  4.847154E-17
5534.2410000000  5.028949E-17
5537.7220000000  4.705089E-17
5541.2040000000  4.748773E-17
5544.6870000000  4.952167E-17
5548.1690000000  4.879347E-17
5551.6530000000  4.766748E-17
5555.1370000000  4.801098E-17
5558.6210000000  4.806166E-17
5562.1060000000  4.835408E-17
5565.5920000000  4.864659E-17
5569.0780000000  4.893914E-17
5572.5650000000  4.921144E-17
5576.0520000000  4.911290E-17
5579.5400000000  4.901433E-17
5583.0290000000  4.891574E-17
5586.5180000000  4.881714E-17
5590.0070000000  4.871855E-17
5593.4970000000  4.861992E-17
5596.9880000000  4.852128E-17
5600.4790000000  5.081007E-17
5603.9700000000  5.116002E-17
5607.4620000000  4.905076E-17
5610.9550000000  4.712428E-17
5614.4480000000  4.837048E-17
5617.9420000000  5.106576E-17
5621.4370000000  5.208612E-17
5624.9310000000  4.940528E-17
5628.4260000000  4.798129E-17
5631.9220000000  4.686448E-17
5635.4180000000  4.807838E-17
5638.9160000000  4.987652E-17
5642.4130000000  5.090239E-17
5645.9110000000  5.060169E-17
5649.4090000000  5.135007E-17
5652.9080000000  5.160946E-17
5656.4080000000  5.057725E-17
5659.9080000000  5.009526E-17
5663.4080000000  5.029408E-17
5666.9090000000  4.988749E-17
5670.4110000000  4.913806E-17
5673.9130000000  5.166525E-17
5677.4160000000  4.772898E-17
5680.9180000000  5.105722E-17
5684.4220000000  4.715907E-17
5687.9260000000  4.751148E-17
5691.4310000000  4.878734E-17
5694.9360000000  4.798794E-17
5698.4410000000  5.129735E-17
5701.9470000000  4.931154E-17
5705.4540000000  4.825726E-17
5708.9610000000  4.981603E-17
5712.4690000000  5.013999E-17
5715.9770000000  4.725051E-17
5719.4850000000  4.967249E-17
5722.9940000000  4.918642E-17
5726.5040000000  4.992038E-17
5730.0140000000  5.046268E-17
5733.5240000000  4.948768E-17
5737.0360000000  4.628164E-17
5740.5470000000  4.822511E-17
5744.0590000000  4.886482E-17
5747.5710000000  4.760785E-17
5751.0840000000  4.978599E-17
5754.5980000000  4.787939E-17
5758.1120000000  4.617664E-17
5761.6260000000  4.663990E-17
5765.1410000000  4.823112E-17
5768.6570000000  4.683591E-17
5772.1730000000  4.640120E-17
5775.6890000000  4.674780E-17
5779.2060000000  4.782988E-17
5782.7230000000  4.722434E-17
5786.2410000000  4.709127E-17
5789.7590000000  4.588749E-17
5793.2780000000  4.891037E-17
5796.7970000000  4.850973E-17
5800.3170000000  4.517071E-17
5803.8370000000  4.508933E-17
5807.3580000000  4.734611E-17
5810.8790000000  4.601801E-17
5814.4000000000  4.547535E-17
5817.9220000000  4.692228E-17
5821.4450000000  4.679604E-17
5824.9680000000  4.329806E-17
5828.4910000000  4.615411E-17
5832.0150000000  4.628013E-17
5835.5400000000  4.545358E-17
5839.0640000000  4.365273E-17
5842.5900000000  4.734898E-17
5846.1150000000  4.435403E-17
5849.6420000000  4.379364E-17
5853.1680000000  4.598429E-17
5856.6950000000  4.334281E-17
5860.2230000000  4.791333E-17
5863.7510000000  4.578975E-17
5867.2790000000  4.428814E-17
5870.8080000000  4.444055E-17
5874.3370000000  4.641057E-17
5877.8670000000  4.504266E-17
5881.3970000000  4.370819E-17
5884.9280000000  4.245520E-17
5888.4590000000  4.519303E-17
5891.9910000000  4.596768E-17
5895.5230000000  4.287047E-17
5899.0560000000  4.390922E-17
5902.5890000000  4.715035E-17
5906.1220000000  4.704658E-17
5909.6560000000  4.779374E-17
5913.1900000000  4.627425E-17
5916.7250000000  4.727349E-17
5920.2600000000  4.569903E-17
5923.7950000000  4.635315E-17
5927.3320000000  4.798787E-17
5930.8680000000  4.371281E-17
5934.4050000000  4.363083E-17
5937.9420000000  4.540319E-17
5941.4800000000  4.917488E-17
5945.0180000000  4.853383E-17
5948.5570000000  4.598970E-17
5952.0960000000  4.801482E-17
5955.6350000000  4.665428E-17
5959.1750000000  4.664046E-17
5962.7150000000  4.581209E-17
5966.2560000000  4.685928E-17
5969.7970000000  4.716448E-17
5973.3390000000  4.845522E-17
5976.8810000000  4.602172E-17
5980.4230000000  4.403600E-17
5983.9660000000  4.335318E-17
5987.5100000000  4.680366E-17
5991.0530000000  4.555609E-17
5994.5970000000  4.762426E-17
5998.1420000000  4.675767E-17
6001.6870000000  4.601561E-17
6005.2320000000  4.734146E-17
6008.7780000000  4.724760E-17
6012.3240000000  4.695131E-17
6015.8710000000  4.791203E-17
6019.4180000000  4.655354E-17
6022.9650000000  4.517339E-17
6026.5130000000  4.478852E-17
6030.0620000000  4.508465E-17
6033.6100000000  4.508113E-17
6037.1590000000  4.622380E-17
6040.7080000000  4.627381E-17
6044.2580000000  4.476596E-17
6047.8090000000  4.391641E-17
6051.3590000000  4.516135E-17
6054.9110000000  4.324791E-17
6058.4620000000  4.363403E-17
6062.0140000000  4.451608E-17
6065.5660000000  4.660810E-17
6069.1190000000  4.481969E-17
6072.6720000000  4.407633E-17
6076.2260000000  4.284912E-17
6079.7800000000  4.348564E-17
6083.3340000000  4.213618E-17
6086.8890000000  4.255037E-17
6090.4440000000  4.255567E-17
6093.9990000000  4.403561E-17
6097.5550000000  4.320725E-17
6101.1110000000  4.451293E-17
6104.6680000000  4.912365E-17
6108.2250000000  4.423670E-17
6111.7830000000  4.417379E-17
6115.3400000000  4.446697E-17
6118.8980000000  4.514323E-17
6122.4580000000  4.331684E-17
6126.0160000000  4.389979E-17
6129.5760000000  4.313040E-17
6133.1350000000  4.590706E-17
6136.6960000000  4.487829E-17
6140.2560000000  4.532136E-17
6143.8170000000  4.584800E-17
6147.3780000000  4.677215E-17
6150.9400000000  4.532648E-17
6154.5020000000  4.532967E-17
6158.0640000000  4.406807E-17
6161.6270000000  4.158118E-17
6165.1910000000  4.255302E-17
6168.7540000000  4.208606E-17
6172.3180000000  4.191548E-17
6175.8830000000  4.378967E-17
6179.4470000000  4.382843E-17
6183.0130000000  4.208318E-17
6186.5780000000  4.210920E-17
6190.1440000000  4.369820E-17
6193.7100000000  4.242038E-17
6197.2770000000  3.993365E-17
6200.8440000000  4.019203E-17
6204.4110000000  3.868842E-17
6207.9790000000  4.150199E-17
6211.5470000000  4.172409E-17
6215.1150000000  4.071873E-17
6218.6840000000  4.215249E-17
6222.2530000000  4.070543E-17
6225.8230000000  3.824451E-17
6229.3930000000  3.991987E-17
6232.9630000000  4.158462E-17
6236.5340000000  3.854059E-17
6240.1040000000  3.905300E-17
6243.6760000000  3.737764E-17
6247.2480000000  3.697906E-17
6250.8200000000  3.781151E-17
6254.3920000000  3.903744E-17
6257.9650000000  3.731875E-17
6261.5380000000  4.113457E-17
6265.1110000000  3.856973E-17
6268.6860000000  4.099753E-17
6272.2600000000  4.081848E-17
6275.8340000000  3.835423E-17
6279.4090000000  3.843401E-17
6282.9840000000  3.821541E-17
6286.5600000000  4.076757E-17
6290.1360000000  3.777479E-17
6293.7120000000  4.008375E-17
6297.2890000000  3.995717E-17
6300.8660000000  4.019784E-17
6304.4440000000  4.040507E-17
6308.0210000000  3.981069E-17
6311.6000000000  3.971401E-17
6315.1780000000  3.741542E-17
6318.7570000000  4.029800E-17
6322.3360000000  3.752361E-17
6325.9160000000  3.993830E-17
6329.4950000000  3.905587E-17
6333.0750000000  4.043218E-17
6336.6560000000  3.752756E-17
6340.2370000000  3.767422E-17
6343.8180000000  3.883680E-17
6347.3990000000  3.712577E-17
6350.9810000000  3.843086E-17
6354.5640000000  3.831159E-17
6358.1460000000  3.845332E-17
6361.7290000000  3.663245E-17
6365.3130000000  3.900272E-17
6368.8960000000  3.633594E-17
6372.4800000000  3.656333E-17
6376.0640000000  3.656045E-17
6379.6490000000  3.940248E-17
6383.2340000000  3.941312E-17
6386.8190000000  3.732788E-17
6390.4050000000  3.784026E-17
6393.9910000000  3.956722E-17
6397.5770000000  3.715262E-17
6401.1640000000  3.558205E-17
6404.7500000000  3.829530E-17
6408.3380000000  3.821539E-17
6411.9250000000  3.897210E-17
6415.5130000000  3.780908E-17
6419.1020000000  3.764879E-17
6422.6900000000  3.763433E-17
6426.2790000000  3.734751E-17
6429.8690000000  3.782821E-17
6433.4580000000  3.753305E-17
6437.0480000000  3.761104E-17
6440.6380000000  3.803353E-17
6444.2290000000  3.743841E-17
6447.8200000000  3.722540E-17
6451.4110000000  3.507542E-17
6455.0020000000  3.519005E-17
6458.5940000000  3.606795E-17
6462.1870000000  3.492356E-17
6465.7790000000  3.807406E-17
6469.3720000000  3.728803E-17
6472.9650000000  3.576185E-17
6476.5590000000  3.382085E-17
6480.1520000000  3.660750E-17
6483.7470000000  3.597373E-17
6487.3410000000  3.590401E-17
6490.9360000000  3.655743E-17
6494.5310000000  3.330580E-17
6498.1260000000  3.375214E-17
6501.7220000000  3.620176E-17
6505.3180000000  3.612288E-17
6508.9140000000  3.704739E-17
6512.5110000000  3.594183E-17
6516.1080000000  3.712027E-17
6519.7050000000  3.416997E-17
6523.3030000000  3.490297E-17
6526.9000000000  3.461373E-17
6530.4990000000  3.568375E-17
6534.0970000000  3.415031E-17
6537.6960000000  3.486676E-17
6541.2950000000  3.478538E-17
6544.8950000000  3.245217E-17
6548.4950000000  3.385446E-17
6552.0950000000  3.314753E-17
6555.6950000000  3.567661E-17
6559.2950000000  3.484269E-17
6562.8960000000  3.466741E-17
6566.4980000000  3.715953E-17
6570.1000000000  3.546983E-17
6573.7020000000  3.539491E-17
6577.3040000000  3.303417E-17
6580.9060000000  3.578582E-17
6584.5090000000  3.447756E-17
6588.1120000000  3.408901E-17
6591.7160000000  3.306137E-17
6595.3190000000  3.434121E-17
6598.9230000000  3.618046E-17
6602.5280000000  3.649719E-17
6606.1320000000  3.386712E-17
6609.7370000000  3.522607E-17
6613.3430000000  3.525731E-17
6616.9480000000  3.375865E-17
6620.5540000000  3.603579E-17
6624.1610000000  3.514779E-17
6627.7670000000  3.555524E-17
6631.3740000000  3.429755E-17
6634.9800000000  3.459793E-17
6638.5880000000  3.424778E-17
6642.1960000000  3.641711E-17
6645.8040000000  3.858530E-17
6649.4120000000  3.976131E-17
6653.0210000000  4.030242E-17
6656.6290000000  3.858195E-17
6660.2380000000  3.441958E-17
6663.8480000000  3.275509E-17
6667.4580000000  3.026754E-17
6671.0680000000  3.025130E-17
6674.6780000000  3.312988E-17
6678.2890000000  3.322743E-17
6681.8990000000  3.592809E-17
6685.5110000000  3.484849E-17
6689.1220000000  3.376886E-17
6692.7340000000  3.511277E-17
6696.3460000000  3.692973E-17
6699.9580000000  3.634696E-17
6703.5710000000  3.616911E-17
6707.1840000000  3.429344E-17
6710.7970000000  3.476443E-17
6714.4110000000  3.753913E-17
6718.0240000000  3.461313E-17
6721.6390000000  3.669305E-17
6725.2530000000  3.379982E-17
6728.8680000000  3.662399E-17
6732.4830000000  3.448006E-17
6736.0980000000  3.564644E-17
6739.7130000000  3.446802E-17
6743.3300000000  3.585435E-17
6746.9450000000  3.568688E-17
6750.5620000000  3.386892E-17
6754.1790000000  3.641822E-17
6757.7950000000  3.579051E-17
6761.4130000000  3.906559E-17
6765.0300000000  3.587563E-17
6768.6480000000  3.510549E-17
6772.2660000000  3.383670E-17
6775.8850000000  3.568046E-17
6779.5030000000  3.641292E-17
6783.1220000000  3.872448E-17
6786.7420000000  3.633466E-17
6790.3610000000  3.764969E-17
6793.9810000000  3.965085E-17
6797.6010000000  3.793797E-17
6801.2210000000  3.735573E-17
6804.8420000000  3.884758E-17
6808.4630000000  3.687068E-17
6812.0840000000  3.932162E-17
6815.7060000000  3.749071E-17
6819.3270000000  3.916429E-17
6822.9490000000  4.185126E-17
6826.5720000000  4.175212E-17
6830.1940000000  4.553835E-17
6833.8170000000  4.737446E-17
6837.4400000000  4.531081E-17
6841.0630000000  4.799118E-17
6844.6880000000  5.158863E-17
6848.3120000000  5.665767E-17
6851.9360000000  6.706821E-17
6855.5600000000  7.749156E-17
6859.1850000000  8.296687E-17
6862.8100000000  7.017833E-17
6866.4350000000  5.923853E-17
6870.0610000000  5.365044E-17
6873.6870000000  5.298435E-17
6877.3130000000  4.833205E-17
6880.9390000000  4.554713E-17
6884.5660000000  4.486952E-17
6888.1930000000  3.699833E-17
6891.8200000000  4.089564E-17
6895.4480000000  3.845573E-17
6899.0760000000  3.937829E-17
6902.7040000000  4.015924E-17
6906.3320000000  3.537504E-17
6909.9610000000  3.797186E-17
6913.5900000000  3.580491E-17
6917.2190000000  3.369170E-17
6920.8490000000  3.612290E-17
6924.4780000000  3.677391E-17
6928.1080000000  3.571502E-17
6931.7380000000  3.317481E-17
6935.3690000000  3.375441E-17
6939.0000000000  3.471893E-17
6942.6310000000  3.470585E-17
6946.2620000000  3.410050E-17
6949.8940000000  3.360491E-17
6953.5250000000  3.451213E-17
6957.1580000000  3.356445E-17
6960.7900000000  3.438083E-17
6964.4230000000  3.291598E-17
6968.0560000000  3.354908E-17
6971.6890000000  3.378663E-17
6975.3220000000  3.245182E-17
6978.9560000000  3.132131E-17
6982.5900000000  3.268358E-17
6986.2250000000  3.406258E-17
6989.8590000000  3.377449E-17
6993.4940000000  3.282505E-17
6997.1290000000  3.307825E-17
7000.7640000000  3.078502E-17
7004.4000000000  3.168762E-17
7008.0360000000  3.414498E-17
7011.6720000000  3.163757E-17
7015.3080000000  3.157631E-17
7018.9450000000  3.181622E-17
7022.5820000000  2.993901E-17
7026.2190000000  3.084940E-17
7029.8560000000  3.101041E-17
7033.4940000000  3.219603E-17
7037.1320000000  3.275437E-17
7040.7710000000  2.947144E-17
7044.4090000000  3.034091E-17
7048.0480000000  3.223860E-17
7051.6870000000  3.133414E-17
7055.3260000000  3.367540E-17
7058.9660000000  3.145021E-17
7062.6050000000  3.143585E-17
7066.2460000000  3.277433E-17
7069.8860000000  3.251105E-17
7073.5270000000  3.281790E-17
7077.1670000000  3.213178E-17
7080.8090000000  3.129590E-17
7084.4500000000  3.208990E-17
7088.0920000000  3.265214E-17
7091.7340000000  3.085919E-17
7095.3760000000  3.138531E-17
7099.0190000000  2.871448E-17
7102.6610000000  3.182158E-17
7106.3040000000  2.975048E-17
7109.9470000000  3.208950E-17
7113.5910000000  3.255462E-17
7117.2350000000  3.089032E-17
7120.8790000000  3.142741E-17
7124.5230000000  3.078937E-17
7128.1670000000  2.977732E-17
7131.8130000000  3.030299E-17
7135.4580000000  3.116426E-17
7139.1030000000  3.070004E-17
7142.7490000000  3.182182E-17
7146.3940000000  3.184626E-17
7150.0410000000  3.153406E-17
7153.6870000000  3.257031E-17
7157.3330000000  3.068515E-17
7160.9800000000  3.275855E-17
7164.6270000000  3.313155E-17
7168.2750000000  3.231811E-17
7171.9220000000  2.982696E-17
7175.5700000000  2.990482E-17
7179.2190000000  3.069357E-17
7182.8670000000  2.897344E-17
7186.5160000000  3.038022E-17
7190.1650000000  2.902945E-17
7193.8140000000  3.036157E-17
7197.4630000000  2.743719E-17
7201.1130000000  2.904109E-17
7204.7630000000  2.912210E-17
7208.4140000000  2.946106E-17
7212.0640000000  2.978024E-17
7215.7150000000  3.224149E-17
7219.3660000000  2.833188E-17
7223.0170000000  3.139347E-17
7226.6680000000  2.789644E-17
7230.3200000000  2.919807E-17
7233.9730000000  2.731169E-17
7237.6250000000  2.562535E-17
7241.2770000000  3.039058E-17
7244.9300000000  3.002778E-17
7248.5830000000  2.687836E-17
7252.2370000000  2.814287E-17
7255.8910000000  2.707088E-17
7259.5440000000  2.790864E-17
7263.1990000000  2.815226E-17
7266.8530000000  3.102432E-17
7270.5070000000  3.011050E-17
7274.1630000000  3.083468E-17
7277.8180000000  2.684120E-17
7281.4730000000  2.886066E-17
7285.1290000000  2.614447E-17
7288.7850000000  2.820682E-17
7292.4410000000  3.001213E-17
7296.0980000000  3.005706E-17
7299.7540000000  2.888403E-17
7303.4110000000  3.071594E-17
7307.0680000000  2.940530E-17
7310.7260000000  2.885715E-17
7314.3840000000  3.073990E-17
7318.0420000000  2.781843E-17
7321.7000000000  3.014279E-17
7325.3580000000  2.969599E-17
7329.0170000000  3.262223E-17
7332.6760000000  3.031803E-17
7336.3350000000  3.066381E-17
7339.9950000000  2.965372E-17
7343.6550000000  3.064863E-17
7347.3150000000  3.266961E-17
7350.9760000000  2.733148E-17
7354.6360000000  2.793345E-17
7358.2970000000  2.988407E-17
7361.9580000000  3.048518E-17
7365.6200000000  2.994831E-17
7369.2810000000  2.906425E-17
7372.9430000000  2.832507E-17
7376.6050000000  3.143350E-17
7380.2680000000  2.951055E-17
7383.9300000000  2.913417E-17
7387.5930000000  3.076754E-17
7391.2560000000  2.962169E-17
7394.9200000000  2.923616E-17
7398.5830000000  2.993926E-17
7402.2480000000  2.708995E-17
7405.9120000000  2.940680E-17
7409.5760000000  2.837224E-17
7413.2410000000  2.931435E-17
7416.9060000000  2.929884E-17
7420.5710000000  2.799562E-17
7424.2370000000  2.965853E-17
7427.9030000000  2.771828E-17
7431.5690000000  2.951261E-17
7435.2350000000  2.692803E-17
7438.9010000000  2.759484E-17
7442.5680000000  2.832844E-17
7446.2350000000  2.964399E-17
7449.9030000000  2.779161E-17
7453.5700000000  2.735748E-17
7457.2380000000  2.887516E-17
7460.9060000000  2.722990E-17
7464.5750000000  2.832091E-17
7468.2440000000  2.819427E-17
7471.9130000000  2.707072E-17
7475.5820000000  2.681467E-17
7479.2510000000  2.798759E-17
7482.9210000000  2.885742E-17
7486.5910000000  3.064922E-17
7490.2610000000  2.831242E-17
7493.9320000000  2.799228E-17
7497.6020000000  3.059948E-17
7501.2730000000  2.912228E-17
7504.9450000000  2.751926E-17
7508.6160000000  3.042919E-17
7512.2880000000  2.872256E-17
7515.9600000000  2.770756E-17
7519.6320000000  3.063684E-17
7523.3050000000  2.875779E-17
7526.9780000000  3.182259E-17
7530.6510000000  3.232792E-17
7534.3240000000  3.040665E-17
7537.9980000000  3.269086E-17
7541.6720000000  3.135469E-17
7545.3460000000  2.903711E-17
7549.0210000000  2.756960E-17
7552.6950000000  2.903846E-17
7556.3700000000  2.773649E-17
7560.0450000000  3.032296E-17
7563.7210000000  3.028414E-17
7567.3970000000  2.735576E-17
7571.0730000000  2.651008E-17
7574.7490000000  2.809641E-17
7578.4260000000  3.173756E-17
7582.1030000000  2.925332E-17
7585.7800000000  2.785304E-17
7589.4570000000  2.849770E-17
7593.1350000000  2.914244E-17
7596.8130000000  2.978727E-17
7600.4910000000  3.043210E-17
7604.1690000000  3.107684E-17
7607.8480000000  2.789104E-17
7611.5270000000  2.680650E-17
7615.2060000000  2.572183E-17
7618.8860000000  2.463687E-17
7622.5650000000  2.355233E-17
7626.2460000000  2.402910E-17
7629.9260000000  2.645312E-17
7633.6060000000  2.781488E-17
7637.2870000000  2.837843E-17
7640.9680000000  2.713583E-17
7644.6500000000  3.023853E-17
7648.3320000000  2.728523E-17
7652.0140000000  2.576236E-17
7655.6960000000  2.478165E-17
7659.3780000000  2.518117E-17
7663.0610000000  2.730218E-17
7666.7440000000  2.576198E-17
7670.4270000000  2.806658E-17
7674.1110000000  2.723825E-17
7677.7950000000  2.865238E-17
7681.4790000000  2.707451E-17
7685.1630000000  2.571417E-17
7688.8480000000  2.547157E-17
7692.5330000000  2.626135E-17
7696.2180000000  2.641555E-17
7699.9030000000  2.681917E-17
7703.5890000000  2.478337E-17
7707.2750000000  2.834302E-17
7710.9620000000  2.802321E-17
7714.6480000000  2.638261E-17
7718.3350000000  2.986422E-17
7722.0220000000  2.549352E-17
7725.7090000000  2.618998E-17
7729.3970000000  2.836039E-17
7733.0850000000  2.853025E-17
7736.7730000000  2.678261E-17
7740.4620000000  2.665070E-17
7744.1510000000  2.586855E-17
7747.8400000000  2.420565E-17
7751.5290000000  2.504228E-17
7755.2190000000  2.452926E-17
7758.9090000000  2.843467E-17
7762.5990000000  2.379092E-17
7766.2900000000  2.792392E-17
7769.9800000000  2.656038E-17
7773.6710000000  2.572932E-17
7777.3630000000  2.666942E-17
7781.0540000000  2.686931E-17
7784.7460000000  2.706277E-17
7788.4380000000  2.629902E-17
7792.1310000000  2.474591E-17
7795.8240000000  2.499135E-17
7799.5170000000  2.536357E-17
7803.2100000000  2.608208E-17
7806.9030000000  2.578287E-17
7810.5970000000  2.688731E-17
7814.2920000000  2.392769E-17
7817.9860000000  2.301632E-17
7821.6810000000  2.286184E-17
7825.3750000000  2.754966E-17
7829.0710000000  2.687661E-17
7832.7670000000  2.727094E-17
7836.4620000000  2.636833E-17
7840.1580000000  2.416734E-17
7843.8550000000  2.574838E-17
7847.5520000000  2.445789E-17
7851.2490000000  2.133622E-17
7854.9460000000  2.308423E-17
7858.6440000000  2.378729E-17
7862.3410000000  2.480987E-17
7866.0400000000  2.864059E-17
7869.7380000000  2.394635E-17
7873.4370000000  2.483879E-17
7877.1360000000  2.503525E-17
7880.8350000000  2.541119E-17
7884.5350000000  2.552833E-17
7888.2340000000  2.518943E-17
7891.9350000000  2.268488E-17
7895.6350000000  2.397235E-17
7899.3360000000  2.526738E-17
7903.0370000000  2.358687E-17
7906.7380000000  2.581689E-17
7910.4400000000  2.596953E-17
7914.1420000000  2.433197E-17
7917.8440000000  2.610661E-17
7921.5470000000  2.389645E-17
7925.2500000000  2.393403E-17
7928.9530000000  2.428089E-17
7932.6560000000  2.599301E-17
7936.3600000000  2.572880E-17
7940.0640000000  2.507699E-17
7943.7690000000  2.203990E-17
7947.4730000000  2.339939E-17
7951.1780000000  2.535946E-17
7954.8830000000  2.323784E-17
7958.5890000000  2.273392E-17
7962.2940000000  2.116301E-17
7966.0000000000  2.190420E-17
7969.7070000000  2.380863E-17
7973.4140000000  2.359577E-17
7977.1210000000  2.519025E-17
7980.8280000000  2.555702E-17
7984.5360000000  2.651252E-17
7988.2440000000  2.575667E-17
7991.9520000000  2.143277E-17
7995.6610000000  2.515533E-17
7999.3700000000  2.605511E-17
8003.0790000000  2.406299E-17
8006.7880000000  2.633281E-17
8010.4980000000  2.422040E-17
8014.2080000000  2.113513E-17
8017.9180000000  2.427260E-17
8021.6290000000  2.501150E-17
8025.3400000000  2.213429E-17
8029.0510000000  2.491448E-17
8032.7630000000  2.423641E-17
8036.4750000000  2.044143E-17
8040.1870000000  2.372991E-17
8043.9000000000  2.498083E-17
8047.6130000000  2.270667E-17
8051.3260000000  2.149132E-17
8055.0400000000  2.169543E-17
8058.7530000000  2.255425E-17
8062.4670000000  2.332176E-17
8066.1820000000  2.422877E-17
8069.8960000000  2.148930E-17
8073.6120000000  2.281569E-17
8077.3270000000  2.192842E-17
8081.0420000000  2.318792E-17
8084.7590000000  2.535085E-17
8088.4750000000  2.455592E-17
8092.1920000000  2.460789E-17
8095.9090000000  2.578632E-17
8099.6260000000  2.372186E-17
8103.3440000000  2.229640E-17
8107.0620000000  2.309015E-17
8110.7800000000  2.412650E-17
8114.4990000000  2.311645E-17
8118.2170000000  2.275472E-17
8121.9370000000  2.144566E-17
8125.6560000000  2.236059E-17
8129.3760000000  2.291439E-17
8133.0960000000  2.606656E-17
8136.8160000000  2.314941E-17
8140.5380000000  2.349884E-17
8144.2590000000  2.018576E-17
8147.9800000000  2.504537E-17
8151.7020000000  2.048245E-17
8155.4240000000  2.214900E-17
8159.1460000000  2.275321E-17
8162.8690000000  2.226856E-17
8166.5920000000  2.010096E-17
8170.3160000000  2.120110E-17
8174.0400000000  2.325731E-17
8177.7640000000  2.016121E-17
8181.4880000000  2.335299E-17
8185.2130000000  2.278005E-17
8188.9380000000  2.274424E-17
8192.6640000000  2.094467E-17
8196.3900000000  2.447854E-17
8200.1150000000  2.320275E-17
8203.8420000000  2.184545E-17
8207.5690000000  2.315930E-17
8211.2960000000  2.233260E-17
8215.0230000000  2.162712E-17
8218.7510000000  1.968082E-17
8222.4790000000  1.815647E-17
8226.2080000000  1.999983E-17
8229.9370000000  1.986859E-17
8233.6660000000  2.152159E-17
8237.3960000000  2.403085E-17
8241.1250000000  2.162656E-17
8244.8550000000  2.171324E-17
8248.5860000000  2.475359E-17
8252.3170000000  2.234164E-17
8256.0480000000  2.151453E-17
8259.7790000000  2.464274E-17
8263.5120000000  2.528687E-17
8267.2440000000  2.203596E-17
8270.9770000000  2.118371E-17
8274.7100000000  2.150489E-17
8278.4420000000  2.155971E-17
8282.1770000000  2.311290E-17
8285.9100000000  2.234943E-17
8289.6450000000  2.394091E-17
8293.3800000000  2.517187E-17
8297.1140000000  2.283206E-17
8300.8500000000  2.622719E-17
8304.5860000000  2.094388E-17
8308.3220000000  2.141008E-17
8312.0590000000  2.162776E-17
8315.7950000000  2.301819E-17
8319.5320000000  2.297257E-17
8323.2700000000  2.310652E-17
8327.0080000000  2.114577E-17
8330.7460000000  2.200755E-17
8334.4840000000  2.080249E-17
8338.2240000000  2.127948E-17
8341.9630000000  2.052784E-17
8345.7030000000  1.487202E-17
8349.4430000000  1.699127E-17
8353.1840000000  2.130214E-17
8356.9240000000  2.061592E-17
8360.6650000000  1.905245E-17
8364.4070000000  2.258268E-17
8368.1480000000  2.193176E-17
8371.8910000000  2.432041E-17
8375.6340000000  1.996424E-17
8379.3770000000  2.190405E-17
8383.1200000000  2.084041E-17
8386.8630000000  2.391469E-17
8390.6070000000  2.124200E-17
8394.3530000000  2.417056E-17
8398.0970000000  2.384993E-17
8401.8420000000  2.480206E-17
8405.5880000000  2.357748E-17
8409.3340000000  1.966698E-17
8413.0800000000  2.174110E-17
8416.8270000000  2.378949E-17
8420.5740000000  2.583561E-17
8424.3210000000  2.009446E-17
8428.0690000000  1.879107E-17
8431.8170000000  1.660974E-17
8435.5650000000  1.998610E-17
8439.3140000000  2.184033E-17
8443.0640000000  2.215328E-17
8446.8130000000  2.157238E-17
8450.5640000000  2.200893E-17
8454.3140000000  1.916417E-17
8458.0650000000  2.224490E-17
8461.8160000000  2.172998E-17
8465.5680000000  2.254579E-17
8469.3200000000  1.958173E-17
8473.0730000000  2.277259E-17
8476.8250000000  2.227309E-17
8480.5790000000  2.001693E-17
8484.3320000000  2.238095E-17
8488.0860000000  2.334780E-17
8491.8410000000  2.327081E-17
8495.5960000000  2.325560E-17
8499.3510000000  2.237682E-17
8503.1060000000  1.878504E-17
8506.8620000000  2.130775E-17
8510.6180000000  2.189228E-17
8514.3750000000  1.980676E-17
8518.1320000000  2.227579E-17
8521.8900000000  2.192539E-17
8525.6470000000  2.055010E-17
8529.4060000000  2.267305E-17
8533.1650000000  2.487172E-17
8536.9240000000  2.329501E-17
8540.6840000000  2.126284E-17
8544.4430000000  1.907086E-17
8548.2040000000  2.118132E-17
8551.9650000000  1.993211E-17
8555.7260000000  2.240178E-17
8559.4870000000  1.981839E-17
8563.2490000000  2.099560E-17
8567.0120000000  2.117052E-17
8570.7740000000  2.318216E-17
8574.5370000000  2.019395E-17
8578.3010000000  1.942589E-17
8582.0640000000  2.379990E-17
8585.8290000000  2.244857E-17
8589.5940000000  2.166399E-17
8593.3590000000  2.143936E-17
8597.1250000000  1.987081E-17
8600.8910000000  2.070299E-17
8604.6570000000  2.290475E-17
8608.4250000000  2.121748E-17
8612.1910000000  1.933470E-17
8615.9600000000  2.219180E-17
8619.7280000000  1.835516E-17
8623.4960000000  1.639887E-17
8627.2660000000  2.271283E-17
8631.0340000000  1.844306E-17
8634.8050000000  2.186787E-17
8638.5750000000  2.194017E-17
8642.3460000000  2.316222E-17
8646.1160000000  2.003137E-17
8649.8880000000  1.799649E-17
8653.6600000000  2.411297E-17
8657.4330000000  2.783956E-17
8661.2050000000  2.233037E-17
8664.9790000000  1.683165E-17
8668.7520000000  2.223725E-17
8672.5260000000  2.110314E-17
8676.3010000000  2.142841E-17
8680.0760000000  2.004385E-17
8683.8520000000  1.924771E-17
8687.6270000000  2.357987E-17
8691.4030000000  1.788922E-17
8695.1810000000  2.140706E-17
8698.9580000000  2.015670E-17
8702.7350000000  2.049193E-17
8706.5140000000  2.073925E-17
8710.2920000000  1.709690E-17
8714.0700000000  1.998905E-17
8717.8510000000  1.833007E-17
8721.6300000000  1.745313E-17
8725.4100000000  1.656331E-17
8729.1910000000  1.820575E-17
8732.9730000000  2.145513E-17
8736.7540000000  2.362256E-17
8740.5360000000  1.999073E-17
8744.3180000000  1.879603E-17
8748.1020000000  1.766129E-17
8751.8850000000  1.630496E-17
8755.6690000000  1.952857E-17
8759.4530000000  2.106027E-17
8763.2380000000  2.642549E-17
8767.0230000000  1.761435E-17
8770.8090000000  1.804275E-17
8774.5950000000  2.190910E-17
8778.3820000000  1.813404E-17
8782.1690000000  2.064887E-17
8785.9560000000  2.176383E-17
8789.7440000000  1.956674E-17
8793.5330000000  1.981594E-17
8797.3220000000  2.173349E-17
8801.1110000000  1.903185E-17
8804.9010000000  2.031064E-17
8808.6910000000  1.844743E-17
8812.4820000000  1.830916E-17
8816.2730000000  1.628663E-17
8820.0650000000  2.536751E-17
8823.8570000000  2.206814E-17
8827.6500000000  2.646385E-17
8831.4430000000  2.198073E-17
8835.2370000000  2.359061E-17
8839.0310000000  2.318353E-17
8842.8260000000  2.266551E-17
8846.6210000000  2.086035E-17
8850.4170000000  1.999345E-17
8854.2130000000  2.178470E-17
8858.0090000000  2.030981E-17
8861.8070000000  1.824424E-17
8865.6040000000  2.141021E-17
8869.4010000000  1.949921E-17
8873.2000000000  2.153920E-17
8876.9990000000  1.925748E-17
8880.7990000000  1.672361E-17
8884.5990000000  1.524656E-17
8888.3980000000  1.991321E-17
8892.2000000000  1.757783E-17
8896.0010000000  2.297811E-17
8899.8030000000  1.996329E-17
8903.6050000000  2.169407E-17
8907.4080000000  2.029706E-17
8911.2120000000  1.723707E-17
8915.0160000000  2.452896E-17
8918.8200000000  2.082088E-17
8922.6250000000  2.011568E-17
8926.4310000000  1.989782E-17
8930.2360000000  2.004392E-17
8934.0430000000  2.032066E-17
8937.8500000000  1.943856E-17
8941.6570000000  1.899413E-17
8945.4650000000  1.971394E-17
8949.2730000000  1.710283E-17
8953.0820000000  2.315781E-17
8956.8920000000  1.926857E-17
8960.7010000000  2.406614E-17
8964.5120000000  2.138459E-17
8968.3230000000  1.460132E-17
8972.1350000000  2.081500E-17
8975.9460000000  1.836373E-17
8979.7590000000  1.826672E-17
8983.5720000000  1.656675E-17
8987.3860000000  1.755423E-17
8991.1990000000  1.716460E-17
8995.0150000000  1.783871E-17
8998.8290000000  1.714077E-17
9002.6450000000  1.543082E-17
9006.4610000000  2.409991E-17
9010.2770000000  2.062877E-17
9014.0950000000  1.846795E-17
9017.9130000000  1.996749E-17
9021.7310000000  1.846829E-17
9025.5500000000  1.826843E-17
9029.3690000000  1.917368E-17
9033.1890000000  1.545965E-17
9037.0100000000  1.784118E-17
9040.8300000000  2.022395E-17
9044.6510000000  1.863275E-17
9048.4740000000  1.953987E-17
9052.2960000000  2.071833E-17
9056.1190000000  1.429413E-17
9059.9430000000  1.793425E-17
9063.7680000000  1.488130E-17
9067.5920000000  1.673101E-17
9071.4170000000  1.831459E-17
9075.2430000000  1.519249E-17
9079.0690000000  1.753652E-17
9082.8960000000  1.959590E-17
9086.7240000000  1.669654E-17
9090.5520000000  1.730722E-17
9094.3800000000  2.022432E-17
9098.2090000000  1.910177E-17
9102.0390000000  1.801133E-17
9105.8690000000  1.929658E-17
9109.7000000000  1.788925E-17
9113.5310000000  1.724133E-17
9117.3630000000  1.877868E-17
9121.1950000000  1.701594E-17
9125.0280000000  2.114073E-17
9128.8620000000  2.037228E-17
9132.6960000000  1.755511E-17
9136.5310000000  1.707203E-17
9140.3660000000  1.714457E-17
9144.2020000000  1.959967E-17
9148.0390000000  1.824763E-17
9151.8760000000  1.865794E-17
9155.7130000000  1.608639E-17
9159.5520000000  1.779944E-17
9163.3900000000  1.623459E-17
9167.2290000000  1.608262E-17
9171.0690000000  1.935608E-17
9174.9090000000  1.993221E-17
9178.7510000000  1.800125E-17
9182.5920000000  2.014168E-17
9186.4350000000  1.976838E-17
9190.2770000000  1.644024E-17
9194.1200000000  1.880495E-17
9197.9640000000  1.544849E-17
9201.8090000000  1.783052E-17
9205.6540000000  1.749404E-17
9209.5000000000  1.567942E-17
9213.3460000000  1.731185E-17
9217.1920000000  1.733032E-17
9221.0400000000  1.766717E-17
9224.8890000000  1.835043E-17
9228.7370000000  1.624547E-17
9232.5860000000  1.635315E-17
9236.4360000000  1.580871E-17
9240.2860000000  1.874495E-17
9244.1380000000  1.738815E-17
9247.9890000000  1.595282E-17
9251.8420000000  1.554319E-17
9255.6940000000  1.621115E-17
9259.5480000000  2.047383E-17
9263.4010000000  1.804700E-17
9267.2570000000  2.008943E-17
9271.1110000000  1.640962E-17
9274.9680000000  1.638174E-17
9278.8240000000  1.810163E-17
9282.6820000000  1.355810E-17
9286.5390000000  1.298988E-17
9290.3970000000  1.737128E-17
9294.2570000000  1.412686E-17
9298.1160000000  1.460755E-17
9301.9770000000  1.969993E-17
9305.8370000000  1.934084E-17
9309.6980000000  1.748095E-17
9313.5610000000  1.462038E-17
9317.4230000000  1.265763E-17
9321.2870000000  2.017576E-17
9325.1500000000  6.423861E-18
9329.0160000000  1.510137E-17
9332.8810000000  1.410573E-17
9336.7460000000  1.357671E-17
9340.6130000000  1.259761E-17
9344.4790000000  1.326308E-17
9348.3480000000  1.250632E-17
9352.2160000000  1.349715E-17
9356.0850000000  1.292140E-17
9359.9550000000  1.418252E-17
9363.8250000000  1.336938E-17
9367.6960000000  1.375582E-17
9371.5670000000  1.401787E-17
9375.4400000000  1.237706E-17
9379.3130000000  8.368342E-18
9383.1870000000  9.639967E-18
9387.0610000000  2.198451E-17
9390.9360000000  2.023584E-17
9394.8120000000  1.517213E-17
9398.6870000000  1.186311E-17
9402.5640000000  1.719404E-17
9406.4410000000  1.565943E-17
9410.3200000000  1.573095E-17
9414.1980000000  1.584764E-17
9418.0780000000  1.733993E-17
9421.9580000000  1.509174E-17
9425.8390000000  1.269560E-17
9429.7210000000  1.560056E-17
9433.6030000000  8.209407E-18
9437.4850000000  1.407194E-17
9441.3690000000  1.349344E-17
9445.2530000000  1.773516E-17
9449.1380000000  9.669115E-18
9453.0230000000  1.139543E-17
9456.9100000000  1.536786E-17
9460.7970000000  1.548697E-17
9464.6850000000  1.265133E-17
9468.5720000000  7.397888E-18
9472.4610000000  1.489579E-17
9476.3510000000  1.909052E-17
9480.2410000000  2.033281E-17
9484.1320000000  1.734409E-17
9488.0230000000  1.441651E-17
9491.9160000000  1.108452E-17
9495.8100000000  1.283967E-17
9499.7030000000  1.641540E-17
9503.5980000000  1.768175E-17
9507.4920000000  1.437226E-17
9511.3890000000  1.878864E-17
9515.2850000000  1.995311E-17
9519.1820000000  1.664461E-17
9523.0800000000  1.807581E-17
9526.9790000000  1.265874E-17
9530.8780000000  1.490917E-17
9534.7770000000  1.494100E-17
9538.6790000000  1.404427E-17
9542.5800000000  1.329086E-17
9546.4820000000  1.429977E-17
9550.3850000000  1.276842E-17
9554.2890000000  2.082258E-17
9558.1930000000  1.552838E-17
9562.0980000000  1.647237E-17
9566.0040000000  1.456289E-17
9569.9100000000  1.790009E-17
9573.8170000000  1.331567E-17
9577.7260000000  9.371167E-18
9581.6340000000  2.221731E-17
9585.5430000000  1.286457E-17
9589.4530000000  6.104127E-18
9593.3640000000  1.806031E-17
9597.2750000000  1.797708E-17
9601.1880000000  1.253283E-17
9605.1010000000  1.604429E-17
9609.0150000000  2.020174E-17
9612.9290000000  1.625679E-17
9616.8440000000  1.926900E-17
9620.7600000000  1.171874E-17
9624.6770000000  1.288713E-17
9628.5940000000  1.657434E-17
9632.5130000000  2.211114E-17
9636.4320000000  1.805384E-17
9640.3510000000  1.419294E-17
9644.2710000000  1.306692E-17
9648.1920000000  1.128444E-17
9652.1140000000  1.520088E-17
9656.0370000000  1.490484E-17
9659.9610000000  1.771679E-17
9663.8850000000  2.182673E-17
9667.8100000000  1.562325E-17
9671.7350000000  1.696198E-17
9675.6620000000  1.378484E-17
9679.5890000000  1.346934E-17
9683.5170000000  8.846567E-18
