3400.0 1.7461e-16
3401.525 9.8144e-17
3403.05 7.2394e-17
3404.575 1.2132e-16
3406.1 8.5965e-17
3407.625 9.2988e-17
3409.15 8.5525e-17
3410.675 9.0808e-17
3412.2 6e-17
3413.725 5.6038e-17
3415.25 1.1119e-16
3416.775 1.0672e-16
3418.3 5.6991e-17
3419.825 8.8297e-17
3421.35 7.3289e-17
3422.875 9.5209e-17
3424.4 1.3663e-16
3425.925 1.1766e-16
3427.45 1.4862e-16
3428.975 9.5468e-17
3430.5 1.3119e-16
3432.025 1.2761e-16
3433.55 7.0996e-17
3435.075 3.7947e-17
3436.6 2.1803e-17
3438.125 2.3176e-17
3439.65 5.5994e-17
3441.175 9.1673e-17
3442.7 7.8711e-17
3444.225 6.0022e-17
3445.75 2.3187e-17
3447.275 5.4827e-18
3448.8 5.863e-18
3450.325 4.4035e-17
3451.85 8.2684e-17
3453.375 8.3203e-17
3454.9 9.4411e-17
3456.425 7.6857e-17
3457.95 8.2021e-17
3459.475 1.3112e-16
3461.0 1.2697e-16
3462.525 3.5312e-17
3464.05 4.4341e-17
3465.575 1.9931e-17
3467.1 3.1398e-17
3468.625 8.4308e-17
3470.15 6.7705e-17
3471.675 9.2228e-17
3473.2 5.7195e-17
3474.725 5.6228e-17
3476.25 1.0185e-16
3477.775 9.8739e-17
3479.3 7.8082e-17
3480.825 4.4584e-17
3482.35 5.2906e-17
3483.875 1.0774e-16
3485.4 1.0514e-16
3486.925 1.1024e-16
3488.45 1.371e-16
3489.975 1.3091e-16
3491.5 1.0666e-16
3493.025 8.8086e-17
3494.55 4.7823e-17
3496.075 7.6285e-17
3497.6 8.7067e-17
3499.125 9.0262e-17
3500.65 7.8554e-17
3502.175 8.4683e-17
3503.7 7.2554e-17
3505.225 4.7739e-17
3506.75 9.2378e-17
3508.275 7.2539e-17
3509.8 1.0675e-16
3511.325 7.3518e-17
3512.85 7.5835e-17
3514.375 8.5499e-17
3515.9 1.2136e-16
3517.425 9.7801e-17
3518.95 9.8959e-17
3520.475 9.2183e-17
3522.0 9.2898e-17
3523.525 8.7621e-17
3525.05 9.6978e-17
3526.575 6.3321e-17
3528.1 8.2718e-17
3529.625 5.2558e-17
3531.15 5.2403e-17
3532.675 7.272e-17
3534.2 6.9909e-17
3535.725 1.0113e-16
3537.25 8.2862e-17
3538.775 8.5092e-17
3540.3 6.6021e-17
3541.825 5.7423e-17
3543.35 1.0668e-16
3544.875 6.537e-17
3546.4 7.3458e-17
3547.925 6.7582e-17
3549.45 1.1111e-16
3550.975 5.9063e-17
3552.5 6.0431e-17
3554.025 4.0534e-17
3555.55 7.5608e-17
3557.075 1.1708e-16
3558.6 1.106e-16
3560.125 1.443e-16
3561.65 1.2706e-16
3563.175 7.2117e-17
3564.7 4.7619e-17
3566.225 1.3079e-16
3567.75 8.5002e-17
3569.275 6.001e-17
3570.8 4.4115e-17
3572.325 5.8492e-17
3573.85 6.8372e-17
3575.375 4.8459e-17
3576.9 5.3988e-17
3578.425 1.1966e-16
3579.95 9.3329e-17
3581.475 7.5036e-17
3583.0 6.6289e-17
3584.525 1.1534e-16
3586.05 9.9407e-17
3587.575 8.5657e-17
3589.1 8.3815e-17
3590.625 9.4042e-17
3592.15 6.7283e-17
3593.675 5.56e-17
3595.2 1.249e-16
3596.725 1.2569e-16
3598.25 7.7317e-17
3599.775 7.2072e-17
3601.3 9.3883e-17
3602.825 8.4125e-17
3604.35 7.9086e-17
3605.875 5.5347e-17
3607.4 9.5011e-17
3608.925 7.1343e-17
3610.45 5.9658e-17
3611.975 8.7974e-17
3613.5 7.1282e-17
3615.025 7.6148e-17
3616.55 9.6928e-17
3618.075 7.2367e-17
3619.6 2.9013e-17
3621.125 4.5442e-17
3622.65 7.2159e-17
3624.175 5.5831e-17
3625.7 6.7359e-17
3627.225 8.8464e-17
3628.75 1.0445e-16
3630.275 9.2795e-17
3631.8 8.1368e-17
3633.325 9.7599e-17
3634.85 1.0285e-16
3636.375 9.0061e-17
3637.9 8.2682e-17
3639.425 5.8551e-17
3640.95 9.2707e-17
3642.475 1.0686e-16
3644.0 1.2139e-16
3645.525 8.6661e-17
3647.05 5.0111e-17
3648.575 6.1381e-17
3650.1 8.7951e-17
3651.625 1.2692e-16
3653.15 9.9658e-17
3654.675 9.5159e-17
3656.2 1.0281e-16
3657.725 8.6221e-17
3659.25 8.5956e-17
3660.775 5.7939e-17
3662.3 4.4951e-17
3663.825 9.4058e-17
3665.35 1.16e-16
3666.875 6.6582e-17
3668.4 7.0921e-17
3669.925 6.7851e-17
3671.45 6.8948e-17
3672.975 1.0069e-16
3674.5 1.1799e-16
3676.025 1.188e-16
3677.55 6.0702e-17
3679.075 6.8035e-17
3680.6 8.0785e-17
3682.125 8.3741e-17
3683.65 9.2603e-17
3685.175 8.6866e-17
3686.7 9.9725e-17
3688.225 8.439e-17
3689.75 7.7398e-17
3691.275 8.8876e-17
3692.8 6.323e-17
3694.325 7.24e-17
3695.85 8.5212e-17
3697.375 1.0161e-16
3698.9 5.4156e-17
3700.425 6.4932e-17
3701.95 9.9188e-17
3703.475 9.1234e-17
3705.0 9.9293e-17
3706.525 6.4602e-17
3708.05 7.9761e-17
3709.575 5.7427e-17
3711.1 5.8099e-17
3712.625 9.7047e-17
3714.15 9.5688e-17
3715.675 7.1723e-17
3717.2 5.856e-17
3718.725 6.0666e-17
3720.25 5.4339e-17
3721.775 8.5108e-17
3723.3 7.9779e-17
3724.825 9.7001e-17
3726.35 8.7668e-17
3727.875 1.2042e-16
3729.4 9.1885e-17
3730.925 4.1607e-17
3732.45 8.0606e-17
3733.975 7.1233e-17
3735.5 8.658e-17
3737.025 5.0029e-17
3738.55 7.5578e-17
3740.075 7.3858e-17
3741.6 9.2876e-17
3743.125 7.071e-17
3744.65 7.2932e-17
3746.175 7.6109e-17
3747.7 1.0664e-16
3749.225 8.1741e-17
3750.75 9.5085e-17
3752.275 8.8134e-17
3753.8 6.4771e-17
3755.325 9.5704e-17
3756.85 7.5303e-17
3758.375 6.1374e-17
3759.9 8.2678e-17
3761.425 8.9895e-17
3762.95 7.4697e-17
3764.475 7.1729e-17
3766.0 8.7857e-17
3767.525 7.3565e-17
3769.05 8.2678e-17
3770.575 8.7146e-17
3772.1 1.0086e-16
3773.625 9.7114e-17
3775.15 9.9115e-17
3776.675 8.6121e-17
3778.2 9.8963e-17
3779.725 8.2958e-17
3781.25 8.2812e-17
3782.775 6.9333e-17
3784.3 7.2939e-17
3785.825 1.004e-16
3787.35 8.8185e-17
3788.875 9.3014e-17
3790.4 8.1689e-17
3791.925 8.2557e-17
3793.45 7.9474e-17
3794.975 6.8118e-17
3796.5 6.5222e-17
3798.025 8.1719e-17
3799.55 8.2121e-17
3801.075 9.8743e-17
3802.6 9.0524e-17
3804.125 7.3738e-17
3805.65 8.9185e-17
3807.175 8.0777e-17
3808.7 8.3035e-17
3810.225 1.0331e-16
3811.75 1.0872e-16
3813.275 1.0967e-16
3814.8 9.7102e-17
3816.325 1.0212e-16
3817.85 7.3624e-17
3819.375 7.1529e-17
3820.9 7.9426e-17
3822.425 1.2394e-16
3823.95 1.0024e-16
3825.475 7.46e-17
3827.0 8.1682e-17
3828.525 8.5894e-17
3830.05 7.2228e-17
3831.575 5.0501e-17
3833.1 7.4598e-17
3834.625 1.0258e-16
3836.15 1.0864e-16
3837.675 1.1129e-16
3839.2 8.5871e-17
3840.725 7.2106e-17
3842.25 9.0776e-17
3843.775 8.4548e-17
3845.3 1.0798e-16
3846.825 1.0347e-16
3848.35 9.4321e-17
3849.875 1.3121e-16
3851.4 1.3044e-16
3852.925 1.1015e-16
3854.45 1.1255e-16
3855.975 1.0696e-16
3857.5 8.4978e-17
3859.025 9.8104e-17
3860.55 9.0907e-17
3862.075 8.2823e-17
3863.6 7.3367e-17
3865.125 8.4531e-17
3866.65 1.0744e-16
3868.175 8.3885e-17
3869.7 6.1844e-17
3871.225 8.2234e-17
3872.75 1.0867e-16
3874.275 1.0158e-16
3875.8 9.8569e-17
3877.325 9.7646e-17
3878.85 9.0093e-17
3880.375 8.054e-17
3881.9 1.0861e-16
3883.425 9.917e-17
3884.95 9.629e-17
3886.475 1.1173e-16
3888.0 1.0913e-16
3889.525 1.0475e-16
3891.05 8.7959e-17
3892.575 8.7422e-17
3894.1 9.9809e-17
3895.625 1.2517e-16
3897.15 1.1672e-16
3898.675 1.062e-16
3900.2 9.8604e-17
3901.725 9.9298e-17
3903.25 1.0485e-16
3904.775 1.2524e-16
3906.3 1.0636e-16
3907.825 1.0585e-16
3909.35 7.8038e-17
3910.875 9.0571e-17
3912.4 1.2367e-16
3913.925 1.209e-16
3915.45 9.7718e-17
3916.975 1.006e-16
3918.5 1.0888e-16
3920.025 8.2272e-17
3921.55 8.6813e-17
3923.075 9.5455e-17
3924.6 1.1226e-16
3926.125 1.0062e-16
3927.65 8.1419e-17
3929.175 1.0298e-16
3930.7 9.522e-17
3932.225 8.4621e-17
3933.75 7.0119e-17
3935.275 8.3916e-17
3936.8 8.548e-17
3938.325 9.8281e-17
3939.85 9.3008e-17
3941.375 8.9571e-17
3942.9 1.042e-16
3944.425 9.6843e-17
3945.95 7.4457e-17
3947.475 9.8568e-17
3949.0 1.0312e-16
3950.525 6.9087e-17
3952.05 9.4537e-17
3953.575 1.1373e-16
3955.1 9.5038e-17
3956.625 1.0292e-16
3958.15 1.0203e-16
3959.675 6.6556e-17
3961.2 8.3046e-17
3962.725 8.931e-17
3964.25 1.0904e-16
3965.775 1.0246e-16
3967.3 1.0219e-16
3968.825 9.1242e-17
3970.35 9.0611e-17
3971.875 1.132e-16
3973.4 1.1032e-16
3974.925 1.0537e-16
3976.45 1.1051e-16
3977.975 1.1518e-16
3979.5 1.2066e-16
3981.025 1.0899e-16
3982.55 1.2155e-16
3984.075 1.3443e-16
3985.6 1.2042e-16
3987.125 1.4064e-16
3988.65 1.1687e-16
3990.175 1.1144e-16
3991.7 1.0465e-16
3993.225 1.0637e-16
3994.75 1.1251e-16
3996.275 1.0321e-16
3997.8 1.1888e-16
3999.325 1.1425e-16
4000.85 1.0505e-16
4002.375 1.1525e-16
4003.9 1.0402e-16
4005.425 9.932e-17
4006.95 8.5607e-17
4008.475 9.6843e-17
4010.0 1.2925e-16
4011.525 9.9059e-17
4013.05 1.0444e-16
4014.575 6.6815e-17
4016.1 5.6661e-17
4017.625 9.0531e-17
4019.15 1.0461e-16
4020.675 9.9812e-17
4022.2 1.1017e-16
4023.725 8.9877e-17
4025.25 8.3341e-17
4026.775 1.1218e-16
4028.3 1.2418e-16
4029.825 1.0287e-16
4031.35 9.4772e-17
4032.875 8.9536e-17
4034.4 8.3816e-17
4035.925 1.0712e-16
4037.45 1.3097e-16
4038.975 1.0484e-16
4040.5 9.4964e-17
4042.025 1.079e-16
4043.55 1.2245e-16
4045.075 8.5314e-17
4046.6 8.5435e-17
4048.125 9.8834e-17
4049.65 1.1937e-16
4051.175 1.2795e-16
4052.7 1.1752e-16
4054.225 1.117e-16
4055.75 1.0957e-16
4057.275 1.1637e-16
4058.8 1.0435e-16
4060.325 8.7413e-17
4061.85 1.168e-16
4063.375 1.0688e-16
4064.9 9.8053e-17
4066.425 1.2821e-16
4067.95 1.1004e-16
4069.475 9.5491e-17
4071.0 1.0189e-16
4072.525 1.0222e-16
4074.05 1.0772e-16
4075.575 9.1666e-17
4077.1 9.9458e-17
4078.625 1.1525e-16
4080.15 8.1406e-17
4081.675 8.0044e-17
4083.2 9.2845e-17
4084.725 9.2055e-17
4086.25 9.179e-17
4087.775 9.7393e-17
4089.3 1.0984e-16
4090.825 9.9747e-17
4092.35 7.7738e-17
4093.875 9.3134e-17
4095.4 7.5556e-17
4096.925 8.5176e-17
4098.45 1.1392e-16
4099.975 9.8734e-17
4101.5 1.114e-16
4103.025 1.0108e-16
4104.55 9.2067e-17
4106.075 1.1173e-16
4107.6 1.1331e-16
4109.125 1.1545e-16
4110.65 1.177e-16
4112.175 1.2892e-16
4113.7 1.2947e-16
4115.225 1.18e-16
4116.75 1.3135e-16
4118.275 1.2466e-16
4119.8 1.2393e-16
4121.325 1.2114e-16
4122.85 1.2017e-16
4124.375 1.0399e-16
4125.9 1.1014e-16
4127.425 1.2876e-16
4128.95 1.3004e-16
4130.475 1.2148e-16
4132.0 1.0074e-16
4133.525 1.0819e-16
4135.05 1.3216e-16
4136.575 1.2307e-16
4138.1 1.301e-16
4139.625 1.1568e-16
4141.15 1.1719e-16
4142.675 1.3042e-16
4144.2 1.2136e-16
4145.725 1.279e-16
4147.25 1.2326e-16
4148.775 9.3325e-17
4150.3 9.8099e-17
4151.825 1.2002e-16
4153.35 1.0968e-16
4154.875 1.0907e-16
4156.4 1.0714e-16
4157.925 1.0898e-16
4159.45 1.0822e-16
4160.975 9.2882e-17
4162.5 1.1497e-16
4164.025 1.2337e-16
4165.55 1.1941e-16
4167.075 1.148e-16
4168.6 1.0348e-16
4170.125 1.0985e-16
4171.65 1.0827e-16
4173.175 1.1554e-16
4174.7 1.0912e-16
4176.225 9.6033e-17
4177.75 1.1739e-16
4179.275 1.2747e-16
4180.8 1.0475e-16
4182.325 9.8607e-17
4183.85 1.0094e-16
4185.375 9.9362e-17
4186.9 9.925e-17
4188.425 1.3576e-16
4189.95 1.0322e-16
4191.475 1.2621e-16
4193.0 1.0567e-16
4194.525 9.3189e-17
4196.05 1.054e-16
4197.575 1.0778e-16
4199.1 1.293e-16
4200.625 1.0137e-16
4202.15 1.0771e-16
4203.675 1.2114e-16
4205.2 1.2185e-16
4206.725 1.0739e-16
4208.25 9.7657e-17
4209.775 7.6401e-17
4211.3 9.8933e-17
4212.825 1.0965e-16
4214.35 1.0214e-16
4215.875 1.1127e-16
4217.4 9.4796e-17
4218.925 7.9702e-17
4220.45 9.9994e-17
4221.975 1.1681e-16
4223.5 9.9715e-17
4225.025 7.597e-17
4226.55 7.0652e-17
4228.075 9.7443e-17
4229.6 1.1861e-16
4231.125 1.1571e-16
4232.65 1.0444e-16
4234.175 1.0484e-16
4235.7 1.1145e-16
4237.225 1.0587e-16
4238.75 1.1052e-16
4240.275 1.06e-16
4241.8 1.0684e-16
4243.325 1.0693e-16
4244.85 1.0226e-16
4246.375 9.5274e-17
4247.9 1.1011e-16
4249.425 1.0863e-16
4250.95 1.1014e-16
4252.475 1.1605e-16
4254.0 1.2293e-16
4255.525 1.1635e-16
4257.05 1.0978e-16
4258.575 1.108e-16
4260.1 1.2134e-16
4261.625 1.2501e-16
4263.15 1.1416e-16
4264.675 1.1972e-16
4266.2 1.1797e-16
4267.725 1.2985e-16
4269.25 1.2338e-16
4270.775 1.0121e-16
4272.3 1.074e-16
4273.825 1.1788e-16
4275.35 1.3073e-16
4276.875 1.4274e-16
4278.4 1.0726e-16
4279.925 9.364e-17
4281.45 8.1716e-17
4282.975 9.1889e-17
4284.5 1.3365e-16
4286.025 1.3094e-16
4287.55 1.1549e-16
4289.075 1.1529e-16
4290.6 1.209e-16
4292.125 9.5487e-17
4293.65 8.6511e-17
4295.175 1.0967e-16
4296.7 1.2526e-16
4298.225 1.0091e-16
4299.75 1.2498e-16
4301.275 1.2452e-16
4302.8 9.8585e-17
4304.325 9.4581e-17
4305.85 9.6658e-17
4307.375 9.8569e-17
4308.9 9.5901e-17
4310.425 1.2051e-16
4311.95 1.1175e-16
4313.475 9.9747e-17
4315.0 1.1026e-16
4316.525 1.0893e-16
4318.05 1.2695e-16
4319.575 1.1837e-16
4321.1 1.024e-16
4322.625 8.0802e-17
4324.15 6.9336e-17
4325.675 9.4228e-17
4327.2 1.0164e-16
4328.725 1.0257e-16
4330.25 1.2004e-16
4331.775 1.0619e-16
4333.3 1.0443e-16
4334.825 8.7695e-17
4336.35 9.197e-17
4337.875 8.5879e-17
4339.4 9.3134e-17
4340.925 9.8586e-17
4342.45 9.3294e-17
4343.975 1.0635e-16
4345.5 1.0287e-16
4347.025 8.9934e-17
4348.55 1.1039e-16
4350.075 1.0328e-16
4351.6 1.0216e-16
4353.125 1.0853e-16
4354.65 8.9701e-17
4356.175 8.7521e-17
4357.7 1.0416e-16
4359.225 1.257e-16
4360.75 1.1116e-16
4362.275 9.0192e-17
4363.8 1.2088e-16
4365.325 1.0564e-16
4366.85 1.0705e-16
4368.375 9.9808e-17
4369.9 8.581e-17
4371.425 9.9797e-17
4372.95 9.5454e-17
4374.475 9.6404e-17
4376.0 1.051e-16
4377.525 1.2405e-16
4379.05 1.1123e-16
4380.575 1.2372e-16
4382.1 9.9747e-17
4383.625 1.1478e-16
4385.15 9.8882e-17
4386.675 8.2072e-17
4388.2 9.3111e-17
4389.725 9.4088e-17
4391.25 9.6402e-17
4392.775 8.0022e-17
4394.3 8.7388e-17
4395.825 1.1109e-16
4397.35 1.2014e-16
4398.875 1.0398e-16
4400.4 9.3528e-17
4401.925 9.2686e-17
4403.45 9.9182e-17
4404.975 1.1059e-16
4406.5 1.0091e-16
4408.025 9.8109e-17
4409.55 9.3604e-17
4411.075 1.0236e-16
4412.6 9.4458e-17
4414.125 1.091e-16
4415.65 1.0041e-16
4417.175 1.0012e-16
4418.7 1.1011e-16
4420.225 1.0828e-16
4421.75 8.0846e-17
4423.275 7.714e-17
4424.8 9.3099e-17
4426.325 7.2962e-17
4427.85 8.4997e-17
4429.375 9.9426e-17
4430.9 9.9184e-17
4432.425 1.1596e-16
4433.95 8.8741e-17
4435.475 1.1616e-16
4437.0 1.0261e-16
4438.525 9.0819e-17
4440.05 1.1343e-16
4441.575 1.2292e-16
4443.1 1.2039e-16
4444.625 7.7194e-17
4446.15 7.0935e-17
4447.675 1.0402e-16
4449.2 9.874e-17
4450.725 1.1619e-16
4452.25 1.2569e-16
4453.775 1.0131e-16
4455.3 8.0891e-17
4456.825 8.9775e-17
4458.35 1.1788e-16
4459.875 1.0338e-16
4461.4 9.2755e-17
4462.925 1.0913e-16
4464.45 9.2257e-17
4465.975 7.599e-17
4467.5 6.8717e-17
4469.025 1.0532e-16
4470.55 1.0593e-16
4472.075 8.6467e-17
4473.6 1.1581e-16
4475.125 1.132e-16
4476.65 9.0601e-17
4478.175 1.0435e-16
4479.7 9.1715e-17
4481.225 9.7442e-17
4482.75 1.1338e-16
4484.275 1.067e-16
4485.8 9.7026e-17
4487.325 8.9501e-17
4488.85 8.9836e-17
4490.375 1.0321e-16
4491.9 1.0281e-16
4493.425 1.1726e-16
4494.95 1.1046e-16
4496.475 9.3608e-17
4498.0 1.0191e-16
4499.525 1.1938e-16
4501.05 1.0911e-16
4502.575 1.1067e-16
4504.1 1.0731e-16
4505.625 1.2704e-16
4507.15 1.2448e-16
4508.675 1.0749e-16
4510.2 9.4827e-17
4511.725 1.0828e-16
4513.25 1.4796e-16
4514.775 1.1005e-16
4516.3 1.0009e-16
4517.825 9.6748e-17
4519.35 9.8167e-17
4520.875 8.9647e-17
4522.4 7.6167e-17
4523.925 9.4033e-17
4525.45 1.0048e-16
4526.975 9.4242e-17
4528.5 1.1563e-16
4530.025 1.2922e-16
4531.55 1.0162e-16
4533.075 9.2569e-17
4534.6 9.3353e-17
4536.125 8.0602e-17
4537.65 1.1691e-16
4539.175 1.1458e-16
4540.7 1.0784e-16
4542.225 1.1538e-16
4543.75 1.0832e-16
4545.275 1.1658e-16
4546.8 9.6849e-17
4548.325 8.9606e-17
4549.85 1.0266e-16
4551.375 9.9916e-17
4552.9 1.0535e-16
4554.425 9.405e-17
4555.95 9.2824e-17
4557.475 1.0707e-16
4559.0 1.3206e-16
4560.525 9.1379e-17
4562.05 8.7276e-17
4563.575 1.0024e-16
4565.1 8.4453e-17
4566.625 1.0964e-16
4568.15 8.9894e-17
4569.675 8.5668e-17
4571.2 1.0485e-16
4572.725 1.1349e-16
4574.25 1.1778e-16
4575.775 1.1089e-16
4577.3 9.5731e-17
4578.825 9.9481e-17
4580.35 9.9198e-17
4581.875 9.5267e-17
4583.4 1.2274e-16
4584.925 1.2179e-16
4586.45 7.9632e-17
4587.975 9.4973e-17
4589.5 8.9218e-17
4591.025 9.0273e-17
4592.55 8.813e-17
4594.075 9.4081e-17
4595.6 9.6791e-17
4597.125 8.2388e-17
4598.65 1.1156e-16
4600.175 1.3848e-16
4601.7 1.3323e-16
4603.225 9.8879e-17
4604.75 9.3462e-17
4606.275 1.0525e-16
4607.8 1.0017e-16
4609.325 1.0466e-16
4610.85 9.1461e-17
4612.375 9.9619e-17
4613.9 1.051e-16
4615.425 1.2178e-16
4616.95 1.0194e-16
4618.475 1.2389e-16
4620.0 1.077e-16
4621.525 1.0572e-16
4623.05 1.0231e-16
4624.575 1.0645e-16
4626.1 1.0004e-16
4627.625 8.7502e-17
4629.15 1.0905e-16
4630.675 1.0297e-16
4632.2 1.0584e-16
4633.725 1.107e-16
4635.25 1.1633e-16
4636.775 1.0367e-16
4638.3 8.9373e-17
4639.825 1.1064e-16
4641.35 1.1862e-16
4642.875 1.0664e-16
4644.4 1.1062e-16
4645.925 1.0562e-16
4647.45 9.7525e-17
4648.975 7.5664e-17
4650.5 9.3224e-17
4652.025 8.5663e-17
4653.55 8.762e-17
4655.075 1.1972e-16
4656.6 1.1058e-16
4658.125 1.0034e-16
4659.65 9.9172e-17
4661.175 1.0394e-16
4662.7 1.0881e-16
4664.225 1.4193e-16
4665.75 1.2843e-16
4667.275 9.8279e-17
4668.8 1.1011e-16
4670.325 1.0241e-16
4671.85 1.0732e-16
4673.375 1.2122e-16
4674.9 1.1392e-16
4676.425 1.1634e-16
4677.95 9.198e-17
4679.475 1.0321e-16
4681.0 9.5427e-17
4682.525 8.9189e-17
4684.05 9.6e-17
4685.575 9.9208e-17
4687.1 9.942e-17
4688.625 9.4768e-17
4690.15 8.9865e-17
4691.675 1.0797e-16
4693.2 1.066e-16
4694.725 9.5973e-17
4696.25 1.0308e-16
4697.775 8.8123e-17
4699.3 9.2159e-17
4700.825 9.707e-17
4702.35 1.0985e-16
4703.875 9.6608e-17
4705.4 9.8659e-17
4706.925 1.1075e-16
4708.45 1.0219e-16
4709.975 8.4101e-17
4711.5 1.0131e-16
4713.025 1.1972e-16
4714.55 1.0323e-16
4716.075 9.9056e-17
4717.6 1.1323e-16
4719.125 1.2365e-16
4720.65 1.095e-16
4722.175 9.3485e-17
4723.7 1.0446e-16
4725.225 9.7627e-17
4726.75 1.0345e-16
4728.275 1.0511e-16
4729.8 1.2583e-16
4731.325 1.0464e-16
4732.85 1.1533e-16
4734.375 9.1832e-17
4735.9 1.0823e-16
4737.425 1.165e-16
4738.95 1.1783e-16
4740.475 1.0179e-16
4742.0 9.3481e-17
4743.525 1.0781e-16
4745.05 1.2042e-16
4746.575 1.2383e-16
4748.1 9.8649e-17
4749.625 1.0857e-16
4751.15 1.038e-16
4752.675 1.1835e-16
4754.2 1.3716e-16
4755.725 1.3003e-16
4757.25 1.102e-16
4758.775 1.1142e-16
4760.3 9.3467e-17
4761.825 1.0608e-16
4763.35 1.1009e-16
4764.875 1.1637e-16
4766.4 1.1414e-16
4767.925 1.2754e-16
4769.45 1.2251e-16
4770.975 1.173e-16
4772.5 1.0924e-16
4774.025 9.8464e-17
4775.55 1.1838e-16
4777.075 1.265e-16
4778.6 1.0082e-16
4780.125 9.9082e-17
4781.65 7.6375e-17
4783.175 9.4449e-17
4784.7 1.1827e-16
4786.225 1.1758e-16
4787.75 9.9881e-17
4789.275 1.2101e-16
4790.8 1.1994e-16
4792.325 1.1739e-16
4793.85 1.1732e-16
4795.375 1.1319e-16
4796.9 1.0115e-16
4798.425 1.0881e-16
4799.95 8.8466e-17
4801.475 1.024e-16
4803.0 1.0774e-16
4804.525 1.0447e-16
4806.05 9.315e-17
4807.575 9.2779e-17
4809.1 9.8736e-17
4810.625 1.142e-16
4812.15 9.6141e-17
4813.675 8.7875e-17
4815.2 1.0012e-16
4816.725 1.0536e-16
4818.25 7.7851e-17
4819.775 1.0515e-16
4821.3 1.1563e-16
4822.825 1.1054e-16
4824.35 1.0578e-16
4825.875 1.056e-16
4827.4 1.0537e-16
4828.925 9.8779e-17
4830.45 1.0339e-16
4831.975 1.2158e-16
4833.5 1.0579e-16
4835.025 9.5538e-17
4836.55 7.6995e-17
4838.075 8.4652e-17
4839.6 9.7584e-17
4841.125 9.8759e-17
4842.65 9.5586e-17
4844.175 8.7213e-17
4845.7 8.6173e-17
4847.225 7.6513e-17
4848.75 8.7375e-17
4850.275 6.8275e-17
4851.8 9.8056e-17
4853.325 1.1084e-16
4854.85 1.182e-16
4856.375 1.1135e-16
4857.9 1.0675e-16
4859.425 9.707e-17
4860.95 9.2427e-17
4862.475 1.046e-16
4864.0 1.0021e-16
4865.525 1.034e-16
4867.05 9.9854e-17
4868.575 1.0199e-16
4870.1 1.1519e-16
4871.625 1.1329e-16
4873.15 1.1455e-16
4874.675 1.0601e-16
4876.2 1.1181e-16
4877.725 1.0605e-16
4879.25 8.1767e-17
4880.775 8.2181e-17
4882.3 9.1654e-17
4883.825 9.9423e-17
4885.35 1.1108e-16
4886.875 8.9982e-17
4888.4 8.28e-17
4889.925 1.0238e-16
4891.45 8.7224e-17
4892.975 9.1683e-17
4894.5 9.6047e-17
4896.025 9.19e-17
4897.55 9.783e-17
4899.075 8.7687e-17
4900.6 8.8798e-17
4902.125 8.4151e-17
4903.65 8.331e-17
4905.175 1.0133e-16
4906.7 9.6697e-17
4908.225 9.504e-17
4909.75 1.0321e-16
4911.275 1.1723e-16
4912.8 1.1158e-16
4914.325 9.266e-17
4915.85 9.7697e-17
4917.375 8.9618e-17
4918.9 9.2484e-17
4920.425 9.2958e-17
4921.95 8.3895e-17
4923.475 7.7638e-17
4925.0 9.5114e-17
4926.525 9.6816e-17
4928.05 9.8932e-17
4929.575 8.9416e-17
4931.1 5.6181e-17
4932.625 6.2847e-17
4934.15 7.4543e-17
4935.675 8.4479e-17
4937.2 9.1463e-17
4938.725 9.343e-17
4940.25 9.0147e-17
4941.775 8.8542e-17
4943.3 9.0605e-17
4944.825 9.3098e-17
4946.35 9.254e-17
4947.875 1.0704e-16
4949.4 9.7313e-17
4950.925 8.8706e-17
4952.45 8.6173e-17
4953.975 8.9551e-17
4955.5 1.0545e-16
4957.025 1.1049e-16
4958.55 1.065e-16
4960.075 1.1473e-16
4961.6 1.0748e-16
4963.125 9.9692e-17
4964.65 9.39e-17
4966.175 9.3801e-17
4967.7 9.9311e-17
4969.225 1.0635e-16
4970.75 1.0134e-16
4972.275 9.5925e-17
4973.8 9.9314e-17
4975.325 1.0512e-16
4976.85 9.0605e-17
4978.375 9.7188e-17
4979.9 9.2184e-17
4981.425 8.2301e-17
4982.95 9.6059e-17
4984.475 1.0112e-16
4986.0 9.5296e-17
4987.525 9.1087e-17
4989.05 9.6076e-17
4990.575 9.7259e-17
4992.1 8.0583e-17
4993.625 8.6833e-17
4995.15 8.2299e-17
4996.675 7.2386e-17
4998.2 1.0099e-16
4999.725 1.0597e-16
5001.25 9.6278e-17
5002.775 1.0961e-16
5004.3 1.1648e-16
5005.825 1.0317e-16
5007.35 8.6723e-17
5008.875 8.7483e-17
5010.4 9.1962e-17
5011.925 9.1523e-17
5013.45 9.4967e-17
5014.975 1.0257e-16
5016.5 7.1739e-17
5018.025 7.6896e-17
5019.55 9.0272e-17
5021.075 1.0593e-16
5022.6 1.1565e-16
5024.125 1.0688e-16
5025.65 9.3115e-17
5027.175 1.0125e-16
5028.7 1.1641e-16
5030.225 1.1573e-16
5031.75 8.8254e-17
5033.275 1.0416e-16
5034.8 9.9403e-17
5036.325 1.1579e-16
5037.85 1.1066e-16
5039.375 1.0268e-16
5040.9 9.5977e-17
5042.425 9.8746e-17
5043.95 1.1381e-16
5045.475 1.0076e-16
5047.0 9.5963e-17
5048.525 9.8361e-17
5050.05 1.1632e-16
5051.575 1.1441e-16
5053.1 9.615e-17
5054.625 9.4845e-17
5056.15 1.057e-16
5057.675 9.1559e-17
5059.2 9.5095e-17
5060.725 1.1558e-16
5062.25 9.9884e-17
5063.775 9.3561e-17
5065.3 9.2614e-17
5066.825 8.0932e-17
5068.35 8.9961e-17
5069.875 8.2936e-17
5071.4 9.3029e-17
5072.925 9.3537e-17
5074.45 7.6182e-17
5075.975 7.91e-17
5077.5 7.6028e-17
5079.025 6.8121e-17
5080.55 9.9556e-17
5082.075 9.4486e-17
5083.6 7.814e-17
5085.125 9.7547e-17
5086.65 9.6313e-17
5088.175 1.0672e-16
5089.7 1.1624e-16
5091.225 1.0295e-16
5092.75 8.8294e-17
5094.275 9.7237e-17
5095.8 1.1284e-16
5097.325 9.981e-17
5098.85 7.495e-17
5100.375 8.1306e-17
5101.9 1.1439e-16
5103.425 1.25e-16
5104.95 9.0225e-17
5106.475 9.8961e-17
5108.0 9.8357e-17
5109.525 8.5646e-17
5111.05 9.6346e-17
5112.575 9.8459e-17
5114.1 1.0708e-16
5115.625 9.8728e-17
5117.15 1.0858e-16
5118.675 1.1082e-16
5120.2 1.0585e-16
5121.725 8.2956e-17
5123.25 7.7433e-17
5124.775 7.8322e-17
5126.3 8.1459e-17
5127.825 9.13e-17
5129.35 9.8409e-17
5130.875 1.0283e-16
5132.4 1.1385e-16
5133.925 1.0138e-16
5135.45 1.1138e-16
5136.975 1.0503e-16
5138.5 9.979e-17
5140.025 1.1787e-16
5141.55 9.2993e-17
5143.075 8.1248e-17
5144.6 1.0254e-16
5146.125 1.1075e-16
5147.65 1.0719e-16
5149.175 1.1803e-16
5150.7 9.9642e-17
5152.225 9.6092e-17
5153.75 1.1563e-16
5155.275 1.052e-16
5156.8 9.2701e-17
5158.325 9.3116e-17
5159.85 1.1013e-16
5161.375 1.2184e-16
5162.9 8.801e-17
5164.425 1.0804e-16
5165.95 8.8844e-17
5167.475 8.7935e-17
5169.0 1.0202e-16
5170.525 9.062e-17
5172.05 9.6948e-17
5173.575 1.1148e-16
5175.1 1.078e-16
5176.625 9.5419e-17
5178.15 7.8392e-17
5179.675 9.0464e-17
5181.2 9.1883e-17
5182.725 7.5512e-17
5184.25 1.002e-16
5185.775 7.5042e-17
5187.3 9.1292e-17
5188.825 1.0492e-16
5190.35 8.7188e-17
5191.875 7.9025e-17
5193.4 1.0229e-16
5194.925 8.6209e-17
5196.45 9.2532e-17
5197.975 9.872e-17
5199.5 8.5054e-17
5201.025 9.1005e-17
5202.55 8.7885e-17
5204.075 8.5912e-17
5205.6 8.6047e-17
5207.125 9.0741e-17
5208.65 1.0137e-16
5210.175 1.0212e-16
5211.7 1.0125e-16
5213.225 9.8457e-17
5214.75 9.9221e-17
5216.275 9.7837e-17
5217.8 8.116e-17
5219.325 8.3729e-17
5220.85 8.1546e-17
5222.375 1.0785e-16
5223.9 1.0217e-16
5225.425 9.9503e-17
5226.95 6.8826e-17
5228.475 1.0373e-16
5230.0 1.2878e-16
5231.525 1.1939e-16
5233.05 1.0184e-16
5234.575 9.3933e-17
5236.1 9.0831e-17
5237.625 1.0642e-16
5239.15 1.1326e-16
5240.675 9.5935e-17
5242.2 1.051e-16
5243.725 1.1442e-16
5245.25 9.9735e-17
5246.775 8.4219e-17
5248.3 8.1714e-17
5249.825 7.9697e-17
5251.35 8.4562e-17
5252.875 9.0817e-17
5254.4 9.6181e-17
5255.925 8.5742e-17
5257.45 9.2305e-17
5258.975 9.5824e-17
5260.5 7.5481e-17
5262.025 8.4407e-17
5263.55 1.0543e-16
5265.075 9.6553e-17
5266.6 8.2787e-17
5268.125 7.7496e-17
5269.65 7.3415e-17
5271.175 6.6752e-17
5272.7 8.6695e-17
5274.225 6.9616e-17
5275.75 6.8506e-17
5277.275 8.2403e-17
5278.8 7.5313e-17
5280.325 7.2843e-17
5281.85 8.5153e-17
5283.375 1.0239e-16
5284.9 1.11e-16
5286.425 1.1507e-16
5287.95 1.0357e-16
5289.475 9.6804e-17
5291.0 9.3011e-17
5292.525 9.1125e-17
5294.05 8.89e-17
5295.575 1.1723e-16
5297.1 1.1469e-16
5298.625 1.2184e-16
5300.15 1.103e-16
5301.675 9.84e-17
5303.2 1.0011e-16
5304.725 1.0233e-16
5306.25 1.0015e-16
5307.775 8.2754e-17
5309.3 1.0096e-16
5310.825 7.9095e-17
5312.35 7.6399e-17
5313.875 8.0687e-17
5315.4 1.0329e-16
5316.925 9.0997e-17
5318.45 6.802e-17
5319.975 9.2221e-17
5321.5 1.0291e-16
5323.025 8.6703e-17
5324.55 8.6528e-17
5326.075 1.0114e-16
5327.6 9.6812e-17
5329.125 1.0355e-16
5330.65 9.607e-17
5332.175 6.5533e-17
5333.7 7.0834e-17
5335.225 7.3184e-17
5336.75 8.2875e-17
5338.275 7.9148e-17
5339.8 9.0168e-17
5341.325 9.1593e-17
5342.85 8.6622e-17
5344.375 8.6279e-17
5345.9 9.9747e-17
5347.425 8.6323e-17
5348.95 7.6759e-17
5350.475 1.19e-16
5352.0 9.8428e-17
5353.525 8.5487e-17
5355.05 9.2063e-17
5356.575 1.1569e-16
5358.1 7.6821e-17
5359.625 7.7523e-17
5361.15 9.4196e-17
5362.675 9.7286e-17
5364.2 8.2323e-17
5365.725 7.2677e-17
5367.25 8.5566e-17
5368.775 7.0819e-17
5370.3 8.133e-17
5371.825 1.105e-16
5373.35 8.4559e-17
5374.875 8.8544e-17
5376.4 9.8824e-17
5377.925 6.6295e-17
5379.45 8.5309e-17
5380.975 6.9404e-17
5382.5 9.2097e-17
5384.025 6.6569e-17
5385.55 4.7717e-17
5387.075 9.3859e-17
5388.6 1.2296e-16
5390.125 8.0897e-17
5391.65 7.9413e-17
5393.175 8.8359e-17
5394.7 7.955e-17
5396.225 7.1826e-17
5397.75 8.0052e-17
5399.275 7.0988e-17
5400.8 6.9975e-17
5402.325 9.99e-17
5403.85 1.0147e-16
5405.375 1.1305e-16
5406.9 1.0267e-16
5408.425 1.1646e-16
5409.95 1.0627e-16
5411.475 9.7058e-17
5413.0 1.1517e-16
5414.525 1.0522e-16
5416.05 8.9937e-17
5417.575 8.18e-17
5419.1 5.8663e-17
5420.625 7.555e-17
5422.15 9.519e-17
5423.675 1.2492e-16
5425.2 7.4158e-17
5426.725 7.5911e-17
5428.25 9.665e-17
5429.775 1.1046e-16
5431.3 7.9521e-17
5432.825 6.9108e-17
5434.35 1.1003e-16
5435.875 8.3673e-17
5437.4 6.4156e-17
5438.925 1.1091e-16
5440.45 1.0542e-16
5441.975 6.9488e-17
5443.5 6.4607e-17
5445.025 8.7397e-17
5446.55 1.1606e-16
5448.075 1.114e-16
5449.6 1.1437e-16
5451.125 9.5077e-17
5452.65 9.9417e-17
5454.175 8.2493e-17
5455.7 6.9981e-17
5457.225 8.2971e-17
5458.75 6.9751e-17
5460.275 9.7714e-17
5461.8 5.8572e-17
5463.325 6.7204e-17
5464.85 1.2208e-16
5466.375 1.1085e-16
5467.9 1.0622e-16
5469.425 9.0037e-17
5470.95 6.9768e-17
5472.475 7.7074e-17
5474.0 4.7218e-17
5475.525 5.7084e-17
5477.05 6.1294e-17
5478.575 8.4786e-17
5480.1 6.9094e-17
5481.625 7.2537e-17
5483.15 7.1771e-17
5484.675 9.979e-17
5486.2 7.2188e-17
5487.725 5.9514e-17
5489.25 9.1756e-17
5490.775 1.0582e-16
5492.3 6.8397e-17
5493.825 6.697e-17
5495.35 8.6208e-17
5496.875 1.0885e-16
5498.4 1.2152e-16
5499.925 1.0495e-16
5501.45 1.1508e-16
5502.975 7.9484e-17
5504.5 5.531e-17
5506.025 7.798e-17
5507.55 7.6877e-17
5509.075 7.3921e-17
5510.6 5.9912e-17
5512.125 8.8404e-17
5513.65 9.3824e-17
5515.175 7.6935e-17
5516.7 8.0841e-17
5518.225 7.1911e-17
5519.75 8.4978e-17
5521.275 7.8125e-17
5522.8 8.3765e-17
5524.325 7.362e-17
5525.85 7.0511e-17
5527.375 6.5326e-17
5528.9 7.2491e-17
5530.425 9.3643e-17
5531.95 1.0459e-16
5533.475 6.7154e-17
5535.0 4.8623e-17
5536.525 6.9499e-17
5538.05 8.0197e-17
5539.575 8.4531e-17
5541.1 9.9071e-17
5542.625 9.691e-17
5544.15 1.0606e-16
5545.675 9.3862e-17
5547.2 7.1286e-17
5548.725 7.4749e-17
5550.25 8.0902e-17
5551.775 9.4915e-17
5553.3 1.0407e-16
5554.825 9.2751e-17
5556.35 8.1513e-17
5557.875 7.2409e-17
5559.4 7.5683e-17
5560.925 7.2112e-17
5562.45 6.5605e-17
5563.975 6.3603e-17
5565.5 6.4317e-17
5567.025 7.2008e-17
5568.55 5.4118e-17
5570.075 5.3095e-17
5571.6 7.4663e-17
5573.125 8.1471e-17
5574.65 5.0793e-17
5576.175 2.6376e-17
5577.7 5.3331e-17
5579.225 7.8314e-17
5580.75 7.5021e-17
5582.275 1.1064e-16
5583.8 7.4486e-17
5585.325 7.0181e-17
5586.85 6.9851e-17
5588.375 6.9197e-17
5589.9 8.5457e-17
5591.425 8.4732e-17
5592.95 7.1611e-17
5594.475 8.7259e-17
5596.0 7.1977e-17
5597.525 3.5617e-17
5599.05 5.2194e-17
5600.575 8.9323e-17
5602.1 9.2535e-17
5603.625 7.876e-17
5605.15 3.6807e-17
5606.675 7.6146e-17
5608.2 8.6588e-17
5609.725 6.2978e-17
5611.25 5.7965e-17
5612.775 5.1022e-17
5614.3 6.6582e-17
5615.825 8.7595e-17
5617.35 8.4253e-17
5618.875 6.4463e-17
5620.4 7.2226e-17
5621.925 5.0893e-17
5623.45 5.1132e-17
5624.975 6.3783e-17
5626.5 6.2988e-17
5628.025 8.573e-17
5629.55 7.4124e-17
5631.075 5.5662e-17
5632.6 5.9379e-17
5634.125 6.5278e-17
5635.65 3.9054e-17
5637.175 8.8798e-17
5638.7 6.8329e-17
5640.225 8.4257e-17
5641.75 8.6329e-17
5643.275 8.5998e-17
5644.8 8.7476e-17
5646.325 8.9676e-17
5647.85 9.7024e-17
5649.375 9.1172e-17
5650.9 8.7715e-17
5652.425 6.8999e-17
5653.95 7.0671e-17
5655.475 4.6854e-17
5657.0 5.8122e-17
5658.525 6.7266e-17
5660.05 7.379e-17
5661.575 7.1116e-17
5663.1 7.7432e-17
5664.625 7.0224e-17
5666.15 6.2799e-17
5667.675 7.2437e-17
5669.2 7.7775e-17
5670.725 8.3838e-17
5672.25 9.1092e-17
5673.775 7.5409e-17
5675.3 6.2829e-17
5676.825 9.4082e-17
5678.35 7.953e-17
5679.875 7.1146e-17
5681.4 8.8333e-17
5682.925 1.0447e-16
5684.45 9.4262e-17
5685.975 5.899e-17
5687.5 4.6088e-17
5689.025 7.5683e-17
5690.55 7.9639e-17
5692.075 8.7499e-17
5693.6 8.5849e-17
5695.125 6.712e-17
5696.65 5.6442e-17
5698.175 4.0021e-17
5699.7 5.9826e-17
5701.225 8.2768e-17
5702.75 6.7239e-17
5704.275 5.5469e-17
5705.8 7.0758e-17
5707.325 7.8657e-17
5708.85 7.4672e-17
5710.375 4.9245e-17
5711.9 6.2037e-17
5713.425 7.0703e-17
5714.95 6.348e-17
5716.475 6.7911e-17
5718.0 7.1411e-17
5719.525 5.5171e-17
5721.05 5.9511e-17
5722.575 8.3406e-17
5724.1 6.5596e-17
5725.625 5.1354e-17
5727.15 4.9517e-17
5728.675 6.7937e-17
5730.2 8.5994e-17
5731.725 8.3882e-17
5733.25 6.1605e-17
5734.775 4.1895e-17
5736.3 6.455e-17
5737.825 8.0529e-17
5739.35 7.4702e-17
5740.875 7.607e-17
5742.4 8.0141e-17
5743.925 6.8307e-17
5745.45 6.1647e-17
5746.975 6.5208e-17
5748.5 6.3032e-17
5750.025 6.378e-17
5751.55 8.0796e-17
5753.075 8.2217e-17
5754.6 7.3863e-17
5756.125 7.1766e-17
5757.65 7.5618e-17
5759.175 7.1835e-17
5760.7 6.4626e-17
5762.225 6.2875e-17
5763.75 6.626e-17
5765.275 5.2506e-17
5766.8 3.7172e-17
5768.325 6.1861e-17
5769.85 7.0336e-17
5771.375 5.1061e-17
5772.9 5.2139e-17
5774.425 5.6355e-17
5775.95 5.3699e-17
5777.475 5.3874e-17
5779.0 5.6336e-17
5780.525 6.1598e-17
5782.05 6.9593e-17
5783.575 6.2559e-17
5785.1 7.1682e-17
5786.625 6.6604e-17
5788.15 6.2101e-17
5789.675 9.0111e-17
5791.2 6.8711e-17
5792.725 4.5739e-17
5794.25 6.31e-17
5795.775 6.7859e-17
5797.3 7.5232e-17
5798.825 9.3557e-17
5800.35 1.0397e-16
5801.875 8.68e-17
5803.4 6.1293e-17
5804.925 5.0312e-17
5806.45 4.3472e-17
5807.975 6.6542e-17
5809.5 9.078e-17
5811.025 7.0306e-17
5812.55 4.6337e-17
5814.075 4.9055e-17
5815.6 5.9948e-17
5817.125 6.1672e-17
5818.65 6.0131e-17
5820.175 6.178e-17
5821.7 6.8632e-17
5823.225 6.6326e-17
5824.75 5.1639e-17
5826.275 4.8776e-17
5827.8 7.3032e-17
5829.325 6.3589e-17
5830.85 4.7803e-17
5832.375 6.3857e-17
5833.9 7.519e-17
5835.425 7.631e-17
5836.95 8.6094e-17
5838.475 7.1574e-17
5840.0 5.0592e-17
5841.525 5.0842e-17
5843.05 6.388e-17
5844.575 7.0339e-17
5846.1 7.0936e-17
5847.625 6.9811e-17
5849.15 5.0234e-17
5850.675 4.9157e-17
5852.2 6.6983e-17
5853.725 8.445e-17
5855.25 8.0631e-17
5856.775 7.0052e-17
5858.3 6.8118e-17
5859.825 6.155e-17
5861.35 6.3443e-17
5862.875 7.0837e-17
5864.4 7.3562e-17
5865.925 5.845e-17
5867.45 6.6642e-17
5868.975 8.5923e-17
5870.5 8.1122e-17
5872.025 7.7019e-17
5873.55 8.8215e-17
5875.075 8.0309e-17
5876.6 7.9664e-17
5878.125 8.2011e-17
5879.65 6.6665e-17
5881.175 6.3037e-17
5882.7 6.8806e-17
5884.225 6.8189e-17
5885.75 7.7604e-17
5887.275 9.7722e-17
5888.8 7.5427e-17
5890.325 6.0383e-17
5891.85 8.6774e-17
5893.375 1.0896e-16
5894.9 1.124e-16
5896.425 1.1534e-16
5897.95 1.0024e-16
5899.475 9.4603e-17
5901.0 7.9122e-17
5902.525 8.5553e-17
5904.05 9.084e-17
5905.575 8.3978e-17
5907.1 7.8971e-17
5908.625 8.3283e-17
5910.15 8.6681e-17
5911.675 7.3384e-17
5913.2 5.9581e-17
5914.725 5.8343e-17
5916.25 8.1605e-17
5917.775 9.1527e-17
5919.3 6.4301e-17
5920.825 4.0506e-17
5922.35 5.6209e-17
5923.875 7.1346e-17
5925.4 7.6308e-17
5926.925 7.6116e-17
5928.45 6.6757e-17
5929.975 4.2067e-17
5931.5 2.7519e-17
5933.025 5.1349e-17
5934.55 7.2073e-17
5936.075 8.7049e-17
5937.6 8.4478e-17
5939.125 8.1136e-17
5940.65 8.6079e-17
5942.175 7.5559e-17
5943.7 7.2609e-17
5945.225 1.0211e-16
5946.75 8.8841e-17
5948.275 7.1736e-17
5949.8 5.9964e-17
5951.325 6.1275e-17
5952.85 5.5046e-17
5954.375 5.2579e-17
5955.9 5.9515e-17
5957.425 5.4971e-17
5958.95 7.2145e-17
5960.475 6.8088e-17
5962.0 5.3343e-17
5963.525 6.0126e-17
5965.05 6.9046e-17
5966.575 7.408e-17
5968.1 6.2824e-17
5969.625 6.8418e-17
5971.15 6.5971e-17
5972.675 4.5034e-17
5974.2 6.4573e-17
5975.725 7.2383e-17
5977.25 6.0514e-17
5978.775 4.0182e-17
5980.3 6.4478e-17
5981.825 7.0753e-17
5983.35 6.368e-17
5984.875 7.1783e-17
5986.4 7.5962e-17
5987.925 8.3057e-17
5989.45 7.5676e-17
5990.975 7.7731e-17
5992.5 8.2838e-17
5994.025 6.6181e-17
5995.55 5.953e-17
5997.075 9.321e-17
5998.6 1.0421e-16
6000.125 8.8827e-17
6001.65 8.3693e-17
6003.175 8.1647e-17
6004.7 6.4412e-17
6006.225 7.2221e-17
6007.75 7.8877e-17
6009.275 8.5199e-17
6010.8 8.7967e-17
6012.325 9.7016e-17
6013.85 9.1703e-17
6015.375 9.3475e-17
6016.9 1.0656e-16
6018.425 1.0752e-16
6019.95 9.5495e-17
6021.475 9.6428e-17
6023.0 9.8796e-17
6024.525 9.119e-17
6026.05 9.1364e-17
6027.575 7.8181e-17
6029.1 6.189e-17
6030.625 7.1437e-17
6032.15 7.3792e-17
6033.675 6.499e-17
6035.2 7.8363e-17
6036.725 9.4933e-17
6038.25 8.8281e-17
6039.775 9.4303e-17
6041.3 7.2849e-17
6042.825 6.7248e-17
6044.35 6.4124e-17
6045.875 5.5535e-17
6047.4 7.6356e-17
6048.925 8.0414e-17
6050.45 7.7611e-17
6051.975 7.3031e-17
6053.5 7.7649e-17
6055.025 6.2223e-17
6056.55 6.6361e-17
6058.075 5.5511e-17
6059.6 6.6433e-17
6061.125 7.3858e-17
6062.65 5.7655e-17
6064.175 6.4944e-17
6065.7 7.5395e-17
6067.225 8.2342e-17
6068.75 7.5554e-17
6070.275 6.3991e-17
6071.8 5.535e-17
6073.325 6.3329e-17
6074.85 7.4881e-17
6076.375 7.0134e-17
6077.9 7.1458e-17
6079.425 5.7038e-17
6080.95 6.0722e-17
6082.475 6.651e-17
6084.0 7.1625e-17
6085.525 6.9515e-17
6087.05 7.1384e-17
6088.575 6.5612e-17
6090.1 7.6212e-17
6091.625 7.9805e-17
6093.15 6.0666e-17
6094.675 7.263e-17
6096.2 7.2457e-17
6097.725 7.106e-17
6099.25 7.9366e-17
6100.775 7.1581e-17
6102.3 7.4819e-17
6103.825 8.641e-17
6105.35 7.4827e-17
6106.875 9.1767e-17
6108.4 7.9269e-17
6109.925 6.3867e-17
6111.45 8.4761e-17
6112.975 9.2067e-17
6114.5 8.7329e-17
6116.025 8.1984e-17
6117.55 8.6609e-17
6119.075 8.0934e-17
6120.6 7.6779e-17
6122.125 7.5944e-17
6123.65 8.2206e-17
6125.175 8.0602e-17
6126.7 8.1553e-17
6128.225 8.8051e-17
6129.75 7.9412e-17
6131.275 7.877e-17
6132.8 9.47e-17
6134.325 8.7463e-17
6135.85 8.3484e-17
6137.375 1.0392e-16
6138.9 9.7926e-17
6140.425 8.0915e-17
6141.95 7.5135e-17
6143.475 6.0881e-17
6145.0 7.0464e-17
6146.525 7.0203e-17
6148.05 5.6089e-17
6149.575 8.0278e-17
6151.1 8.5111e-17
6152.625 6.8506e-17
6154.15 8.9656e-17
6155.675 9.749e-17
6157.2 8.3679e-17
6158.725 7.2957e-17
6160.25 7.8246e-17
6161.775 8.0801e-17
6163.3 8.9e-17
6164.825 7.916e-17
6166.35 8.1263e-17
6167.875 7.9352e-17
6169.4 8.7283e-17
6170.925 9.5151e-17
6172.45 7.8857e-17
6173.975 5.5948e-17
6175.5 6.7147e-17
6177.025 7.3941e-17
6178.55 8.5223e-17
6180.075 7.6029e-17
6181.6 6.3756e-17
6183.125 7.5738e-17
6184.65 8.7134e-17
6186.175 7.317e-17
6187.7 6.6039e-17
6189.225 5.8847e-17
6190.75 6.363e-17
6192.275 7.1359e-17
6193.8 6.1127e-17
6195.325 7.182e-17
6196.85 7.6565e-17
6198.375 6.7436e-17
6199.9 6.494e-17
6201.425 6.9776e-17
6202.95 7.2501e-17
6204.475 8.2513e-17
6206.0 7.8713e-17
6207.525 7.8016e-17
6209.05 7.703e-17
6210.575 7.8826e-17
6212.1 7.652e-17
6213.625 7.3071e-17
6215.15 6.866e-17
6216.675 7.2895e-17
6218.2 7.5514e-17
6219.725 7.3421e-17
6221.25 7.7715e-17
6222.775 6.9745e-17
6224.3 6.322e-17
6225.825 6.4856e-17
6227.35 6.2932e-17
6228.875 7.0148e-17
6230.4 8.2858e-17
6231.925 8.0178e-17
6233.45 8.1412e-17
6234.975 6.8593e-17
6236.5 5.6094e-17
6238.025 7.4219e-17
6239.55 6.8931e-17
6241.075 4.5592e-17
6242.6 5.8355e-17
6244.125 5.8293e-17
6245.65 5.944e-17
6247.175 6.6798e-17
6248.7 5.9434e-17
6250.225 5.352e-17
6251.75 6.9485e-17
6253.275 7.6076e-17
6254.8 6.5271e-17
6256.325 7.3568e-17
6257.85 7.5429e-17
6259.375 7.2068e-17
6260.9 7.125e-17
6262.425 4.9395e-17
6263.95 4.3597e-17
6265.475 6.3755e-17
6267.0 7.6031e-17
6268.525 6.6994e-17
6270.05 7.1087e-17
6271.575 6.9867e-17
6273.1 7.3703e-17
6274.625 6.5949e-17
6276.15 6.9555e-17
6277.675 7.6194e-17
6279.2 7.7988e-17
6280.725 7.8759e-17
6282.25 7.2152e-17
6283.775 5.7195e-17
6285.3 6.8593e-17
6286.825 7.1476e-17
6288.35 6.8343e-17
6289.875 7.5268e-17
6291.4 6.376e-17
6292.925 6.1207e-17
6294.45 6.6392e-17
6295.975 7.0957e-17
6297.5 7.0664e-17
6299.025 8.7171e-17
6300.55 7.9403e-17
6302.075 7.5938e-17
6303.6 7.1155e-17
6305.125 6.3171e-17
6306.65 5.7207e-17
6308.175 7.6132e-17
6309.7 5.9811e-17
6311.225 5.9308e-17
6312.75 7.4734e-17
6314.275 5.4983e-17
6315.8 4.2443e-17
6317.325 5.3007e-17
6318.85 6.6055e-17
6320.375 6.9155e-17
6321.9 6.1635e-17
6323.425 5.9679e-17
6324.95 6.5158e-17
6326.475 6.4168e-17
6328.0 7.1539e-17
6329.525 6.5326e-17
6331.05 6.7674e-17
6332.575 7.1229e-17
6334.1 6.3507e-17
6335.625 5.7541e-17
6337.15 6.8115e-17
6338.675 5.2062e-17
6340.2 4.6227e-17
6341.725 5.8554e-17
6343.25 5.9199e-17
6344.775 5.1605e-17
6346.3 4.9353e-17
6347.825 5.3513e-17
6349.35 6.2032e-17
6350.875 6.3594e-17
6352.4 6.6132e-17
6353.925 6.9413e-17
6355.45 6.5829e-17
6356.975 6.7975e-17
6358.5 7.4235e-17
6360.025 6.8012e-17
6361.55 6.6667e-17
6363.075 6.6951e-17
6364.6 6.4372e-17
6366.125 5.6705e-17
6367.65 5.6912e-17
6369.175 5.4838e-17
6370.7 5.2329e-17
6372.225 5.6416e-17
6373.75 5.3184e-17
6375.275 5.2415e-17
6376.8 6.1272e-17
6378.325 6.7671e-17
6379.85 5.3856e-17
6381.375 4.3627e-17
6382.9 4.842e-17
6384.425 5.7094e-17
6385.95 5.5077e-17
6387.475 5.7081e-17
6389.0 5.7287e-17
6390.525 5.2588e-17
6392.05 6.0703e-17
6393.575 6.2636e-17
6395.1 7.0872e-17
6396.625 8.2058e-17
6398.15 6.6023e-17
6399.675 5.287e-17
6401.2 5.7359e-17
6402.725 4.6038e-17
6404.25 4.6253e-17
6405.775 5.9058e-17
6407.3 5.2259e-17
6408.825 5.313e-17
6410.35 6.8573e-17
6411.875 6.2926e-17
6413.4 5.1673e-17
6414.925 5.0575e-17
6416.45 5.9288e-17
6417.975 4.9368e-17
6419.5 4.3663e-17
6421.025 5.6568e-17
6422.55 7.1278e-17
6424.075 6.9887e-17
6425.6 5.8441e-17
6427.125 5.5032e-17
6428.65 5.5865e-17
6430.175 6.1726e-17
6431.7 5.9145e-17
6433.225 4.5265e-17
6434.75 4.8484e-17
6436.275 5.4206e-17
6437.8 5.7008e-17
6439.325 5.9228e-17
6440.85 6.1834e-17
6442.375 6.4989e-17
6443.9 5.9903e-17
6445.425 5.0314e-17
6446.95 4.7427e-17
6448.475 5.269e-17
6450.0 6.3484e-17
6451.525 6.1792e-17
6453.05 4.9177e-17
6454.575 4.7323e-17
6456.1 6.0871e-17
6457.625 6.0774e-17
6459.15 6.5485e-17
6460.675 6.9419e-17
6462.2 5.3526e-17
6463.725 6.0353e-17
6465.25 6.8253e-17
6466.775 6.1723e-17
6468.3 6.3602e-17
6469.825 6.2613e-17
6471.35 5.6091e-17
6472.875 5.8552e-17
6474.4 5.9433e-17
6475.925 6.1996e-17
6477.45 6.1486e-17
6478.975 6.6691e-17
6480.5 6.3444e-17
6482.025 6.1882e-17
6483.55 5.8079e-17
6485.075 5.6428e-17
6486.6 6.6556e-17
6488.125 6.6803e-17
6489.65 5.0479e-17
6491.175 3.4948e-17
6492.7 3.5926e-17
6494.225 5.4112e-17
6495.75 6.766e-17
6497.275 7.4341e-17
6498.8 7.0952e-17
6500.325 5.4128e-17
6501.85 3.9999e-17
6503.375 5.1025e-17
6504.9 5.1351e-17
6506.425 3.9511e-17
6507.95 4.3935e-17
6509.475 5.0795e-17
6511.0 4.9744e-17
6512.525 4.9352e-17
6514.05 4.9668e-17
6515.575 5.7523e-17
6517.1 6.5062e-17
6518.625 7.2179e-17
6520.15 6.2019e-17
6521.675 4.4219e-17
6523.2 3.9561e-17
6524.725 5.5814e-17
6526.25 6.7243e-17
6527.775 6.7702e-17
6529.3 6.0382e-17
6530.825 4.715e-17
6532.35 4.6948e-17
6533.875 6.0674e-17
6535.4 6.4279e-17
6536.925 5.6285e-17
6538.45 5.394e-17
6539.975 5.3698e-17
6541.5 5.5314e-17
6543.025 5.1977e-17
6544.55 5.0974e-17
6546.075 6.1504e-17
6547.6 6.3378e-17
6549.125 6.9139e-17
6550.65 6.3635e-17
6552.175 5.1673e-17
6553.7 7.3591e-17
6555.225 7.5054e-17
6556.75 6.1683e-17
6558.275 7.2565e-17
6559.8 6.6374e-17
6561.325 5.5269e-17
6562.85 6.1879e-17
6564.375 6.6097e-17
6565.9 6.6053e-17
6567.425 6.1473e-17
6568.95 5.7755e-17
6570.475 6.0574e-17
6572.0 5.6558e-17
6573.525 6.0775e-17
6575.05 6.9449e-17
6576.575 5.8207e-17
6578.1 5.7955e-17
6579.625 7.1015e-17
6581.15 7.1236e-17
6582.675 6.2531e-17
6584.2 6.2803e-17
6585.725 6.2364e-17
6587.25 5.7151e-17
6588.775 6.3567e-17
6590.3 6.2529e-17
6591.825 6.3724e-17
6593.35 6.8105e-17
6594.875 5.6556e-17
6596.4 5.2503e-17
6597.925 4.8338e-17
6599.45 3.4621e-17
6600.975 4.5011e-17
6602.5 6.3164e-17
6604.025 5.4613e-17
6605.55 5.3767e-17
6607.075 7.036e-17
6608.6 6.7987e-17
6610.125 6.23e-17
6611.65 6.8657e-17
6613.175 7.2257e-17
6614.7 6.8423e-17
6616.225 6.1101e-17
6617.75 5.9199e-17
6619.275 5.1606e-17
6620.8 5.0238e-17
6622.325 5.5424e-17
6623.85 5.3338e-17
6625.375 5.7095e-17
6626.9 6.3431e-17
6628.425 6.2406e-17
6629.95 6.2876e-17
6631.475 6.3212e-17
6633.0 5.7781e-17
6634.525 5.2538e-17
6636.05 5.5346e-17
6637.575 6.558e-17
6639.1 5.9862e-17
6640.625 5.0087e-17
6642.15 5.0238e-17
6643.675 5.4261e-17
6645.2 5.0752e-17
6646.725 4.9247e-17
6648.25 5.6217e-17
6649.775 5.7344e-17
6651.3 5.9208e-17
6652.825 5.2909e-17
6654.35 5.714e-17
6655.875 7.1926e-17
6657.4 7.1608e-17
6658.925 6.3588e-17
6660.45 6.2595e-17
6661.975 7.3684e-17
6663.5 7.0363e-17
6665.025 6.531e-17
6666.55 6.7773e-17
6668.075 6.2013e-17
6669.6 6.6481e-17
6671.125 7.1176e-17
6672.65 7.0971e-17
6674.175 7.7435e-17
6675.7 7.5613e-17
6677.225 7.2918e-17
6678.75 7.132e-17
6680.275 6.7155e-17
6681.8 6.8536e-17
6683.325 7.1345e-17
6684.85 6.6425e-17
6686.375 6.2202e-17
6687.9 6.2579e-17
6689.425 5.8756e-17
6690.95 6.7091e-17
6692.475 7.5136e-17
6694.0 6.421e-17
6695.525 6.4172e-17
6697.05 6.7565e-17
6698.575 6.7613e-17
6700.1 7.1973e-17
6701.625 6.8494e-17
6703.15 7.3671e-17
6704.675 8.2562e-17
6706.2 6.8044e-17
6707.725 6.3174e-17
6709.25 7.6412e-17
6710.775 8.6125e-17
6712.3 7.7101e-17
6713.825 6.739e-17
6715.35 6.402e-17
6716.875 7.9362e-17
6718.4 8.3472e-17
6719.925 8.1109e-17
6721.45 8.2399e-17
6722.975 8.8821e-17
6724.5 8.2111e-17
6726.025 7.7538e-17
6727.55 8.393e-17
6729.075 8.4814e-17
6730.6 7.6014e-17
6732.125 7.1437e-17
6733.65 8.0544e-17
6735.175 8.2531e-17
6736.7 7.8141e-17
6738.225 8.3658e-17
6739.75 8.2661e-17
6741.275 7.7021e-17
6742.8 7.6371e-17
6744.325 7.0831e-17
6745.85 8.2791e-17
6747.375 8.0941e-17
6748.9 7.3558e-17
6750.425 8.7268e-17
6751.95 7.7654e-17
6753.475 7.6197e-17
6755.0 8.3655e-17
6756.525 7.7615e-17
6758.05 7.2221e-17
6759.575 7.7942e-17
6761.1 7.8854e-17
6762.625 8.5916e-17
6764.15 8.0712e-17
6765.675 7.1379e-17
6767.2 7.9284e-17
6768.725 8.8469e-17
6770.25 8.9958e-17
6771.775 1.0698e-16
6773.3 1.2534e-16
6774.825 1.4249e-16
6776.35 1.4968e-16
6777.875 1.3724e-16
6779.4 1.4349e-16
6780.925 1.5742e-16
6782.45 1.4195e-16
6783.975 1.2698e-16
6785.5 1.1207e-16
6787.025 1.0283e-16
6788.55 1.0901e-16
6790.075 1.0587e-16
6791.6 9.6288e-17
6793.125 9.476e-17
6794.65 8.6279e-17
6796.175 8.7419e-17
6797.7 9.2658e-17
6799.225 1.0421e-16
6800.75 9.9958e-17
6802.275 9.0347e-17
6803.8 8.1486e-17
6805.325 8.921e-17
6806.85 1.0062e-16
6808.375 9.141e-17
6809.9 9.0786e-17
6811.425 9.3563e-17
6812.95 9.1718e-17
6814.475 9.4695e-17
6816.0 9.5446e-17
6817.525 9.9182e-17
6819.05 9.7286e-17
6820.575 8.5386e-17
6822.1 8.4652e-17
6823.625 8.3671e-17
6825.15 6.163e-17
6826.675 6.5407e-17
6828.2 8.7719e-17
6829.725 8.4305e-17
6831.25 7.5737e-17
6832.775 7.3007e-17
6834.3 7.187e-17
6835.825 8.5187e-17
6837.35 9.0006e-17
6838.875 8.6922e-17
6840.4 7.9369e-17
6841.925 7.4688e-17
6843.45 7.8563e-17
6844.975 7.6487e-17
6846.5 6.7957e-17
6848.025 6.7981e-17
6849.55 7.1663e-17
6851.075 7.2027e-17
6852.6 7.5234e-17
6854.125 7.8083e-17
6855.65 7.5642e-17
6857.175 7.3675e-17
6858.7 7.5764e-17
6860.225 7.5754e-17
6861.75 8.1705e-17
6863.275 7.974e-17
6864.8 6.2075e-17
6866.325 5.8632e-17
6867.85 7.3363e-17
6869.375 8.3252e-17
6870.9 7.4175e-17
6872.425 6.2019e-17
6873.95 6.4622e-17
6875.475 5.7113e-17
6877.0 5.3207e-17
6878.525 6.6868e-17
6880.05 6.6109e-17
6881.575 6.4654e-17
6883.1 6.9624e-17
6884.625 6.7293e-17
6886.15 6.3782e-17
6887.675 7.0429e-17
6889.2 7.8319e-17
6890.725 7.1147e-17
6892.25 5.8615e-17
6893.775 5.4208e-17
6895.3 6.0101e-17
6896.825 6.3225e-17
6898.35 5.5654e-17
6899.875 5.4128e-17
6901.4 5.6132e-17
6902.925 5.1079e-17
6904.45 4.9006e-17
6905.975 5.8543e-17
6907.5 6.3291e-17
6909.025 5.9255e-17
6910.55 4.771e-17
6912.075 4.9354e-17
6913.6 5.7197e-17
6915.125 5.0077e-17
6916.65 4.9019e-17
6918.175 5.3038e-17
6919.7 5.1556e-17
6921.225 5.9448e-17
6922.75 6.5052e-17
6924.275 6.0663e-17
6925.8 5.6338e-17
6927.325 5.8479e-17
6928.85 6.7756e-17
6930.375 5.8399e-17
6931.9 4.8171e-17
6933.425 4.7125e-17
6934.95 4.8226e-17
6936.475 4.5708e-17
6938.0 4.7715e-17
6939.525 5.6617e-17
6941.05 6.4964e-17
6942.575 6.4724e-17
6944.1 5.1887e-17
6945.625 4.1473e-17
6947.15 4.9417e-17
6948.675 5.8525e-17
6950.2 5.9623e-17
6951.725 6.7434e-17
6953.25 6.6329e-17
6954.775 5.4264e-17
6956.3 5.6157e-17
6957.825 6.1994e-17
6959.35 5.8656e-17
6960.875 5.7778e-17
6962.4 6.0859e-17
6963.925 5.6762e-17
6965.45 5.8744e-17
6966.975 6.3125e-17
6968.5 5.6828e-17
6970.025 5.1398e-17
6971.55 5.168e-17
6973.075 5.2472e-17
6974.6 6.1596e-17
6976.125 6.4336e-17
6977.65 5.7755e-17
6979.175 5.6371e-17
6980.7 5.813e-17
6982.225 5.5478e-17
6983.75 4.7827e-17
6985.275 3.8299e-17
6986.8 4.5921e-17
6988.325 4.8591e-17
6989.85 6.3882e-17
6991.375 6.4846e-17
6992.9 4.9853e-17
6994.425 4.7817e-17
6995.95 4.2436e-17
6997.475 4.471e-17
6999.0 5.5538e-17
7000.525 5.1695e-17
7002.05 5.3283e-17
7003.575 5.5978e-17
7005.1 5.8423e-17
7006.625 7.1457e-17
7008.15 7.4753e-17
7009.675 6.6501e-17
7011.2 5.1406e-17
7012.725 5.0146e-17
7014.25 6.4204e-17
7015.775 6.0737e-17
7017.3 4.8109e-17
7018.825 5.6649e-17
7020.35 6.4551e-17
7021.875 5.6846e-17
7023.4 5.8532e-17
7024.925 6.8847e-17
7026.45 6.5791e-17
7027.975 6.2621e-17
7029.5 5.9694e-17
7031.025 5.3426e-17
7032.55 6.3596e-17
7034.075 6.704e-17
7035.6 6.6751e-17
7037.125 6.3875e-17
7038.65 6.0411e-17
7040.175 5.5179e-17
7041.7 5.6515e-17
7043.225 6.4392e-17
7044.75 7.0092e-17
7046.275 5.6892e-17
7047.8 4.4097e-17
7049.325 6.0396e-17
7050.85 5.8632e-17
7052.375 5.3238e-17
7053.9 5.4221e-17
7055.425 5.5826e-17
7056.95 6.5212e-17
7058.475 6.5704e-17
7060.0 5.9379e-17
7061.525 7.0391e-17
7063.05 7.5837e-17
7064.575 6.8343e-17
7066.1 5.7624e-17
7067.625 5.8459e-17
7069.15 6.0985e-17
7070.675 6.011e-17
7072.2 6.4281e-17
7073.725 6.3665e-17
7075.25 5.9644e-17
7076.775 6.1005e-17
7078.3 6.2935e-17
7079.825 6.5837e-17
7081.35 7.2747e-17
7082.875 7.2386e-17
7084.4 7.194e-17
7085.925 7.1655e-17
7087.45 6.3475e-17
7088.975 5.7053e-17
7090.5 5.8408e-17
7092.025 6.1432e-17
7093.55 6.2483e-17
7095.075 6.6639e-17
7096.6 6.5544e-17
7098.125 5.981e-17
7099.65 5.6105e-17
7101.175 5.8556e-17
7102.7 6.11e-17
7104.225 6.3872e-17
7105.75 6.8156e-17
7107.275 6.2898e-17
7108.8 6.2524e-17
7110.325 6.5821e-17
7111.85 6.666e-17
7113.375 6.7666e-17
7114.9 7.168e-17
7116.425 6.636e-17
7117.95 6.3155e-17
7119.475 6.743e-17
7121.0 6.7328e-17
7122.525 7.0061e-17
7124.05 6.6069e-17
7125.575 4.9993e-17
7127.1 5.5381e-17
7128.625 6.3085e-17
7130.15 6.8373e-17
7131.675 6.4933e-17
7133.2 5.4887e-17
7134.725 5.3605e-17
7136.25 6.2949e-17
7137.775 6.5311e-17
7139.3 6.0437e-17
7140.825 6.3257e-17
7142.35 6.8067e-17
7143.875 6.601e-17
7145.4 5.9734e-17
7146.925 5.3938e-17
7148.45 5.8806e-17
7149.975 5.8814e-17
7151.5 5.9463e-17
7153.025 5.7298e-17
7154.55 5.2432e-17
7156.075 4.7791e-17
7157.6 5.0151e-17
7159.125 5.7602e-17
7160.65 6.6171e-17
7162.175 6.3884e-17
7163.7 5.4677e-17
7165.225 5.4209e-17
7166.75 5.1227e-17
7168.275 5.176e-17
7169.8 6.4359e-17
7171.325 5.6102e-17
7172.85 4.2239e-17
7174.375 4.202e-17
7175.9 3.8303e-17
7177.425 4.184e-17
7178.95 5.2013e-17
7180.475 5.585e-17
7182.0 6.2405e-17
7183.525 6.5085e-17
7185.05 6.0243e-17
7186.575 5.9048e-17
7188.1 6.4491e-17
7189.625 6.2075e-17
7191.15 5.7206e-17
7192.675 5.8951e-17
7194.2 5.4145e-17
7195.725 6.0427e-17
7197.25 5.2193e-17
7198.775 4.8521e-17
7200.3 5.628e-17
7201.825 5.9354e-17
7203.35 5.7971e-17
7204.875 4.9399e-17
7206.4 4.9186e-17
7207.925 5.242e-17
7209.45 5.4952e-17
7210.975 5.6742e-17
7212.5 5.4169e-17
7214.025 5.6341e-17
7215.55 5.7592e-17
7217.075 5.5763e-17
7218.6 5.0988e-17
7220.125 4.6375e-17
7221.65 4.9152e-17
7223.175 5.2021e-17
7224.7 5.3824e-17
7226.225 5.5562e-17
7227.75 4.5204e-17
7229.275 4.1126e-17
7230.8 4.5317e-17
7232.325 5.6426e-17
7233.85 5.6224e-17
7235.375 5.0233e-17
7236.9 4.9664e-17
7238.425 4.5565e-17
7239.95 4.7426e-17
7241.475 4.1324e-17
7243.0 4.1224e-17
7244.525 4.3037e-17
7246.05 4.7735e-17
7247.575 5.9989e-17
7249.1 6.2934e-17
7250.625 5.0346e-17
7252.15 4.8212e-17
7253.675 5.0055e-17
7255.2 5.2013e-17
7256.725 5.5147e-17
7258.25 5.3972e-17
7259.775 4.6661e-17
7261.3 3.9069e-17
7262.825 4.8455e-17
7264.35 6.6574e-17
7265.875 6.6339e-17
7267.4 5.8589e-17
7268.925 4.9628e-17
7270.45 4.5096e-17
7271.975 4.5704e-17
7273.5 4.2236e-17
7275.025 3.7451e-17
7276.55 3.9186e-17
7278.075 3.6466e-17
7279.6 4.2293e-17
7281.125 6.0556e-17
7282.65 5.9423e-17
7284.175 5.4647e-17
7285.7 5.9108e-17
7287.225 5.44e-17
7288.75 4.6009e-17
7290.275 3.8704e-17
7291.8 3.887e-17
7293.325 4.8762e-17
7294.85 5.296e-17
7296.375 5.5923e-17
7297.9 5.8029e-17
7299.425 5.1882e-17
7300.95 4.6401e-17
7302.475 4.9869e-17
7304.0 4.5612e-17
7305.525 3.9082e-17
7307.05 4.4693e-17
7308.575 5.3642e-17
7310.1 5.7253e-17
7311.625 4.8533e-17
7313.15 4.1448e-17
7314.675 4.6135e-17
7316.2 5.4923e-17
7317.725 5.2421e-17
7319.25 4.7625e-17
7320.775 4.4947e-17
7322.3 4.7868e-17
7323.825 4.7648e-17
7325.35 4.8909e-17
7326.875 5.8556e-17
7328.4 6.368e-17
7329.925 5.2389e-17
7331.45 4.8648e-17
7332.975 4.7355e-17
7334.5 5.1191e-17
7336.025 5.8963e-17
7337.55 7.1201e-17
7339.075 6.3844e-17
7340.6 4.7728e-17
7342.125 4.4184e-17
7343.65 3.8176e-17
7345.175 4.7131e-17
7346.7 5.8719e-17
7348.225 6.1916e-17
7349.75 5.6309e-17
7351.275 5.3396e-17
7352.8 5.2415e-17
7354.325 5.2801e-17
7355.85 5.9633e-17
7357.375 5.692e-17
7358.9 5.1488e-17
7360.425 5.1701e-17
7361.95 5.5129e-17
7363.475 5.819e-17
7365.0 5.2964e-17
7366.525 5.3461e-17
7368.05 6.1085e-17
7369.575 5.6315e-17
7371.1 5.3635e-17
7372.625 4.8763e-17
7374.15 5.2655e-17
7375.675 6.3898e-17
7377.2 4.6474e-17
7378.725 4.6532e-17
7380.25 5.526e-17
7381.775 4.6848e-17
7383.3 5.3358e-17
7384.825 5.4871e-17
7386.35 5.5618e-17
7387.875 5.8225e-17
7389.4 5.0778e-17
7390.925 4.4787e-17
7392.45 4.681e-17
7393.975 5.2572e-17
7395.5 4.8399e-17
7397.025 5.1994e-17
7398.55 5.7543e-17
7400.075 6.3353e-17
7401.6 6.7361e-17
7403.125 5.7298e-17
7404.65 4.7282e-17
7406.175 5.2012e-17
7407.7 5.8457e-17
7409.225 6.0628e-17
7410.75 5.4597e-17
7412.275 5.2573e-17
7413.8 4.8768e-17
7415.325 4.6833e-17
7416.85 4.9682e-17
7418.375 6.0944e-17
7419.9 6.0378e-17
7421.425 5.0138e-17
7422.95 5.499e-17
7424.475 5.3196e-17
7426.0 5.3292e-17
7427.525 6.3393e-17
7429.05 5.8036e-17
7430.575 5.1046e-17
7432.1 4.9446e-17
7433.625 4.9713e-17
7435.15 5.843e-17
7436.675 5.949e-17
7438.2 4.7187e-17
7439.725 5.288e-17
7441.25 5.9494e-17
7442.775 4.8661e-17
7444.3 3.9494e-17
7445.825 4.4209e-17
7447.35 4.994e-17
7448.875 5.0608e-17
7450.4 5.2213e-17
7451.925 4.8209e-17
7453.45 4.3879e-17
7454.975 4.1081e-17
7456.5 5.1069e-17
7458.025 5.7129e-17
7459.55 5.6279e-17
7461.075 6.1267e-17
7462.6 5.6765e-17
7464.125 5.0139e-17
7465.65 4.9864e-17
7467.175 6.1003e-17
7468.7 7.1606e-17
7470.225 6.5391e-17
7471.75 5.326e-17
7473.275 4.5513e-17
7474.8 5.2501e-17
7476.325 6.2216e-17
7477.85 6.1059e-17
7479.375 5.441e-17
7480.9 6.0412e-17
7482.425 7.1596e-17
7483.95 6.44e-17
7485.475 5.5758e-17
7487.0 5.6262e-17
7488.525 5.7823e-17
7490.05 5.4009e-17
7491.575 4.9386e-17
7493.1 5.3946e-17
7494.625 5.5769e-17
7496.15 4.9901e-17
7497.675 4.5978e-17
7499.2 4.8268e-17
7500.725 5.1734e-17
7502.25 5.1578e-17
7503.775 5.7191e-17
7505.3 5.3936e-17
7506.825 5.0615e-17
7508.35 5.4544e-17
7509.875 3.9812e-17
7511.4 3.9109e-17
7512.925 5.3722e-17
7514.45 6.1329e-17
7515.975 5.8028e-17
7517.5 5.0399e-17
7519.025 5.1021e-17
7520.55 5.7942e-17
7522.075 3.8107e-17
7523.6 3.1431e-17
7525.125 2.7634e-17
7526.65 4.3939e-17
7528.175 4.9463e-17
7529.7 5.63e-17
7531.225 6.8506e-17
7532.75 6.1051e-17
7534.275 6.2093e-17
7535.8 5.7445e-17
7537.325 5.6165e-17
7538.85 5.7788e-17
7540.375 4.6212e-17
7541.9 4.0469e-17
7543.425 4.6897e-17
7544.95 5.1435e-17
7546.475 5.0513e-17
7548.0 5.0295e-17
7549.525 3.9347e-17
7551.05 4.4714e-17
7552.575 5.975e-17
7554.1 5.9735e-17
7555.625 5.7614e-17
7557.15 5.1607e-17
7558.675 4.6758e-17
7560.2 5.0065e-17
7561.725 4.8567e-17
7563.25 4.7583e-17
7564.775 5.1157e-17
7566.3 5.3517e-17
7567.825 5.3826e-17
7569.35 4.5982e-17
7570.875 4.4765e-17
7572.4 4.2016e-17
7573.925 4.7981e-17
7575.45 5.0016e-17
7576.975 3.6002e-17
7578.5 3.6818e-17
7580.025 5.1826e-17
7581.55 5.2426e-17
7583.075 4.2351e-17
7584.6 4.1142e-17
7586.125 4.9642e-17
7587.65 5.196e-17
7589.175 4.0647e-17
7590.7 2.8512e-17
7592.225 2.2473e-17
7593.75 1.9567e-17
7595.275 1.4917e-17
7596.8 1.7839e-17
7598.325 5.3117e-17
7599.85 7.5041e-17
7601.375 5.078e-17
7602.9 1.9555e-17
7604.425 1.2072e-17
7605.95 2.9964e-17
7607.475 4.154e-17
7609.0 5.9491e-17
7610.525 6.8828e-17
7612.05 6.061e-17
7613.575 5.2156e-17
7615.1 4.0326e-17
7616.625 3.1482e-17
7618.15 2.8131e-17
7619.675 3.4196e-17
7621.2 4.5173e-17
7622.725 4.8051e-17
7624.25 5.6635e-17
7625.775 4.993e-17
7627.3 4.5193e-17
7628.825 5.1084e-17
7630.35 4.7053e-17
7631.875 3.0876e-17
7633.4 3.7266e-17
7634.925 4.3814e-17
7636.45 4.3231e-17
7637.975 5.6172e-17
7639.5 4.8467e-17
7641.025 5.4055e-17
7642.55 4.8344e-17
7644.075 4.4501e-17
7645.6 4.837e-17
7647.125 3.8353e-17
7648.65 4.34e-17
7650.175 4.4644e-17
7651.7 3.2679e-17
7653.225 2.2927e-17
7654.75 3.7707e-17
7656.275 4.7779e-17
7657.8 4.9481e-17
7659.325 4.8982e-17
7660.85 5.1242e-17
7662.375 5.0421e-17
7663.9 5.0031e-17
7665.425 4.5459e-17
7666.95 4.2574e-17
7668.475 4.4735e-17
7670.0 5.0916e-17
7671.525 5.3954e-17
7673.05 4.6181e-17
7674.575 3.0394e-17
7676.1 3.3051e-17
7677.625 3.7492e-17
7679.15 4.1752e-17
7680.675 4.7167e-17
7682.2 5.3587e-17
7683.725 5.1119e-17
7685.25 3.5729e-17
7686.775 3.7122e-17
7688.3 4.583e-17
7689.825 5.6904e-17
7691.35 5.2996e-17
7692.875 4.8634e-17
7694.4 4.3308e-17
7695.925 4.1284e-17
7697.45 4.8651e-17
7698.975 4.9948e-17
7700.5 5.0234e-17
7702.025 5.1525e-17
7703.55 5.0499e-17
7705.075 4.7945e-17
7706.6 4.7572e-17
7708.125 4.6802e-17
7709.65 4.3168e-17
7711.175 4.0791e-17
7712.7 4.1426e-17
7714.225 5.0757e-17
7715.75 5.1345e-17
7717.275 4.106e-17
7718.8 3.4744e-17
7720.325 3.2124e-17
7721.85 3.3159e-17
7723.375 4.1565e-17
7724.9 4.1839e-17
7726.425 3.6581e-17
7727.95 3.4804e-17
7729.475 4.4323e-17
7731.0 5.2708e-17
7732.525 4.4361e-17
7734.05 4.3011e-17
7735.575 4.8415e-17
7737.1 4.6983e-17
7738.625 4.321e-17
7740.15 4.1349e-17
7741.675 4.581e-17
7743.2 4.6716e-17
7744.725 4.374e-17
7746.25 4.6586e-17
7747.775 5.2162e-17
7749.3 5.6301e-17
7750.825 4.7001e-17
7752.35 3.5773e-17
7753.875 4.2783e-17
7755.4 5.0954e-17
7756.925 5.1291e-17
7758.45 4.9165e-17
7759.975 4.5979e-17
7761.5 4.5057e-17
7763.025 4.5893e-17
7764.55 4.2743e-17
7766.075 4.4908e-17
7767.6 4.0101e-17
7769.125 4.1458e-17
7770.65 4.5559e-17
7772.175 3.9293e-17
7773.7 3.3745e-17
7775.225 3.8072e-17
7776.75 4.3654e-17
7778.275 3.9917e-17
7779.8 3.5845e-17
7781.325 3.8187e-17
7782.85 3.9633e-17
7784.375 3.8678e-17
7785.9 4.0662e-17
7787.425 4.8319e-17
7788.95 4.9929e-17
7790.475 4.5642e-17
7792.0 4.9315e-17
7793.525 5.5821e-17
7795.05 4.7014e-17
7796.575 3.7037e-17
7798.1 4.5357e-17
7799.625 4.8884e-17
7801.15 4.5409e-17
7802.675 4.1639e-17
7804.2 4.2752e-17
7805.725 4.0805e-17
7807.25 3.8521e-17
7808.775 5.1112e-17
7810.3 5.6102e-17
7811.825 4.7283e-17
7813.35 4.4524e-17
7814.875 4.6989e-17
7816.4 4.1089e-17
7817.925 3.7818e-17
7819.45 3.7059e-17
7820.975 4.4602e-17
7822.5 4.7589e-17
7824.025 4.8372e-17
7825.55 4.1442e-17
7827.075 3.6151e-17
7828.6 3.8037e-17
7830.125 4.0702e-17
7831.65 3.7246e-17
7833.175 3.2315e-17
7834.7 3.7376e-17
7836.225 3.5803e-17
7837.75 3.5455e-17
7839.275 4.5997e-17
7840.8 4.7002e-17
7842.325 3.9249e-17
7843.85 3.9107e-17
7845.375 3.9505e-17
7846.9 3.4534e-17
7848.425 3.2988e-17
7849.95 3.9733e-17
7851.475 4.6794e-17
7853.0 3.4642e-17
7854.525 2.7845e-17
7856.05 4.1426e-17
7857.575 5.1094e-17
7859.1 4.4137e-17
7860.625 3.1962e-17
7862.15 3.0622e-17
7863.675 3.416e-17
7865.2 3.7239e-17
7866.725 4.0219e-17
7868.25 3.897e-17
7869.775 3.3406e-17
7871.3 3.4995e-17
7872.825 4.3848e-17
7874.35 4.8129e-17
7875.875 5.4226e-17
7877.4 5.3105e-17
7878.925 3.9611e-17
7880.45 3.5992e-17
7881.975 3.8118e-17
7883.5 3.3117e-17
7885.025 3.6528e-17
7886.55 3.6867e-17
7888.075 2.8634e-17
7889.6 3.3312e-17
7891.125 3.1197e-17
7892.65 3.4349e-17
7894.175 4.0943e-17
7895.7 4.5402e-17
7897.225 3.9582e-17
7898.75 2.9111e-17
7900.275 3.7063e-17
7901.8 5.6272e-17
7903.325 6.1162e-17
7904.85 4.6391e-17
7906.375 4.1061e-17
7907.9 4.2392e-17
7909.425 3.7843e-17
7910.95 4.0331e-17
7912.475 5.0622e-17
7914.0 5.029e-17
7915.525 4.0121e-17
7917.05 3.509e-17
7918.575 3.4063e-17
7920.1 2.5391e-17
7921.625 2.932e-17
7923.15 3.8812e-17
7924.675 3.6581e-17
7926.2 3.6009e-17
7927.725 4.099e-17
7929.25 3.2345e-17
7930.775 3.5251e-17
7932.3 4.1885e-17
7933.825 4.0687e-17
7935.35 3.1566e-17
7936.875 3.3624e-17
7938.4 3.5141e-17
7939.925 3.5878e-17
7941.45 3.852e-17
7942.975 3.5866e-17
7944.5 3.5055e-17
7946.025 3.3492e-17
7947.55 2.1629e-17
7949.075 2.938e-17
7950.6 3.451e-17
7952.125 3.6437e-17
7953.65 3.7435e-17
7955.175 3.9736e-17
7956.7 3.3241e-17
7958.225 3.5559e-17
7959.75 4.6056e-17
7961.275 3.3262e-17
7962.8 4.275e-17
7964.325 3.4899e-17
7965.85 2.7915e-17
7967.375 4.2579e-17
7968.9 4.9461e-17
7970.425 4.4287e-17
7971.95 4.5326e-17
7973.475 3.3571e-17
7975.0 2.624e-17
7976.525 3.9434e-17
7978.05 4.5653e-17
7979.575 4.5477e-17
7981.1 4.8073e-17
7982.625 4.0749e-17
7984.15 3.3935e-17
7985.675 3.7201e-17
7987.2 4.9081e-17
7988.725 5.6372e-17
7990.25 5.3704e-17
7991.775 5.5299e-17
7993.3 4.115e-17
7994.825 3.6408e-17
7996.35 5.4288e-17
7997.875 5.4358e-17
7999.4 4.1574e-17
8000.925 3.712e-17
8002.45 3.9173e-17
8003.975 4.1433e-17
8005.5 4.7966e-17
8007.025 4.5378e-17
8008.55 4.2654e-17
8010.075 5.1859e-17
8011.6 5.2922e-17
8013.125 5.1831e-17
8014.65 5.027e-17
8016.175 4.293e-17
8017.7 3.3027e-17
8019.225 3.392e-17
8020.75 4.5462e-17
8022.275 4.1596e-17
8023.8 2.1998e-17
8025.325 2.4891e-17
8026.85 4.2029e-17
8028.375 4.4516e-17
8029.9 4.4357e-17
8031.425 4.3226e-17
8032.95 3.7631e-17
8034.475 3.6274e-17
8036.0 4.1273e-17
8037.525 3.8073e-17
8039.05 3.3999e-17
8040.575 4.7254e-17
8042.1 5.5729e-17
8043.625 4.3151e-17
8045.15 3.378e-17
8046.675 4.3327e-17
8048.2 4.6844e-17
8049.725 3.6142e-17
8051.25 3.7363e-17
8052.775 3.7137e-17
8054.3 4.0658e-17
8055.825 4.2006e-17
8057.35 4.0533e-17
8058.875 3.4881e-17
8060.4 2.6661e-17
8061.925 2.9221e-17
8063.45 3.6871e-17
8064.975 4.152e-17
8066.5 4.5124e-17
8068.025 4.1734e-17
8069.55 3.3308e-17
8071.075 3.7496e-17
8072.6 4.5127e-17
8074.125 4.5547e-17
8075.65 4.0824e-17
8077.175 3.1029e-17
8078.7 3.956e-17
8080.225 4.238e-17
8081.75 4.3895e-17
8083.275 4.3873e-17
8084.8 3.7122e-17
8086.325 2.9919e-17
8087.85 3.6344e-17
8089.375 4.1676e-17
8090.9 5.1804e-17
8092.425 4.2205e-17
8093.95 2.9532e-17
8095.475 3.5883e-17
8097.0 3.7205e-17
8098.525 3.1763e-17
8100.05 3.2236e-17
8101.575 3.5464e-17
8103.1 4.1938e-17
8104.625 4.4654e-17
8106.15 4.2261e-17
8107.675 3.6438e-17
8109.2 3.681e-17
8110.725 3.7529e-17
8112.25 3.5768e-17
8113.775 3.5861e-17
8115.3 3.2066e-17
8116.825 3.4592e-17
8118.35 4.456e-17
8119.875 4.4404e-17
8121.4 3.5951e-17
8122.925 3.4714e-17
8124.45 3.2708e-17
8125.975 3.3451e-17
8127.5 3.6012e-17
8129.025 3.5662e-17
8130.55 3.6673e-17
8132.075 3.5499e-17
8133.6 3.4036e-17
8135.125 3.1779e-17
8136.65 4.4744e-17
8138.175 4.9376e-17
8139.7 3.8561e-17
8141.225 3.2047e-17
8142.75 2.8816e-17
8144.275 4.2883e-17
8145.8 4.8107e-17
8147.325 3.45e-17
8148.85 3.108e-17
8150.375 3.9359e-17
8151.9 3.8739e-17
8153.425 4.2178e-17
8154.95 4.7373e-17
8156.475 4.6571e-17
8158.0 4.7257e-17
8159.525 3.7162e-17
8161.05 3.2803e-17
8162.575 4.392e-17
8164.1 5.2965e-17
8165.625 6.1864e-17
8167.15 5.0997e-17
8168.675 3.0784e-17
8170.2 4.0304e-17
8171.725 4.7076e-17
8173.25 3.2652e-17
8174.775 2.597e-17
8176.3 3.5031e-17
8177.825 4.1448e-17
8179.35 4.5492e-17
8180.875 4.2373e-17
8182.4 3.8651e-17
8183.925 3.9983e-17
8185.45 4.5223e-17
8186.975 3.8836e-17
8188.5 3.6085e-17
8190.025 3.7894e-17
8191.55 4.1701e-17
8193.075 3.1565e-17
8194.6 3.053e-17
8196.125 3.6412e-17
8197.65 4.7796e-17
8199.175 4.8679e-17
8200.7 4.1644e-17
8202.225 4.5072e-17
8203.75 4.9072e-17
8205.275 4.3287e-17
8206.8 3.9796e-17
8208.325 4.1519e-17
8209.85 3.7736e-17
8211.375 2.9346e-17
8212.9 2.8268e-17
8214.425 3.6992e-17
8215.95 4.2076e-17
8217.475 4.2986e-17
8219.0 4.7351e-17
8220.525 4.6848e-17
8222.05 3.6244e-17
8223.575 3.7562e-17
8225.1 3.9121e-17
8226.625 3.8143e-17
8228.15 5.0799e-17
8229.675 4.8717e-17
8231.2 3.1045e-17
8232.725 2.7042e-17
8234.25 4.0663e-17
8235.775 4.6303e-17
8237.3 4.0662e-17
8238.825 4.2304e-17
8240.35 4.906e-17
8241.875 4.1544e-17
8243.4 3.3424e-17
8244.925 3.3909e-17
8246.45 3.6828e-17
8247.975 3.8393e-17
8249.5 3.0312e-17
8251.025 2.6899e-17
8252.55 3.1222e-17
8254.075 2.7231e-17
8255.6 2.7608e-17
8257.125 3.9251e-17
8258.65 4.0443e-17
8260.175 3.288e-17
8261.7 3.0279e-17
8263.225 3.7807e-17
8264.75 4.7409e-17
8266.275 4.0432e-17
8267.8 2.8602e-17
8269.325 2.9682e-17
8270.85 3.895e-17
8272.375 3.5944e-17
8273.9 3.8696e-17
8275.425 4.1068e-17
8276.95 4.1579e-17
8278.475 4.0011e-17
8280.0 3.6576e-17
8281.525 2.8916e-17
8283.05 2.5722e-17
8284.575 2.1443e-17
8286.1 2.6198e-17
8287.625 4.0944e-17
8289.15 3.4876e-17
8290.675 2.0019e-17
8292.2 2.1145e-17
8293.725 3.6405e-17
8295.25 5.6864e-17
8296.775 6.4182e-17
8298.3 5.341e-17
8299.825 4.8547e-17
8301.35 4.0442e-17
8302.875 3.4108e-17
8304.4 3.4007e-17
8305.925 4.6778e-17
8307.45 4.7778e-17
8308.975 4.2391e-17
8310.5 4.2603e-17
8312.025 3.3121e-17
8313.55 2.5082e-17
8315.075 2.9902e-17
8316.6 4.3431e-17
8318.125 3.7232e-17
8319.65 2.8484e-17
8321.175 3.2906e-17
8322.7 2.5209e-17
8324.225 2.9e-17
8325.75 3.7502e-17
8327.275 3.3403e-17
8328.8 2.8141e-17
8330.325 3.395e-17
8331.85 3.8498e-17
8333.375 3.6163e-17
8334.9 2.5834e-17
8336.425 3.2616e-17
8337.95 5.3602e-17
8339.475 6.2498e-17
8341.0 3.5542e-17
8342.525 2.1896e-17
8344.05 3.6987e-17
8345.575 4.9934e-17
8347.1 4.3275e-17
8348.625 2.8359e-17
8350.15 2.6446e-17
8351.675 3.0383e-17
8353.2 2.8121e-17
8354.725 3.1709e-17
8356.25 3.6805e-17
8357.775 3.6143e-17
8359.3 3.5988e-17
8360.825 3.4201e-17
8362.35 4.4195e-17
8363.875 5.1961e-17
8365.4 4.1192e-17
8366.925 3.7292e-17
8368.45 4.1706e-17
8369.975 5.0966e-17
8371.5 6.0418e-17
8373.025 4.9493e-17
8374.55 3.2224e-17
8376.075 2.6602e-17
8377.6 3.2387e-17
8379.125 4.2165e-17
8380.65 3.8069e-17
8382.175 3.1794e-17
8383.7 3.1769e-17
8385.225 3.4828e-17
8386.75 3.5671e-17
8388.275 3.865e-17
8389.8 3.1045e-17
8391.325 2.4739e-17
8392.85 2.164e-17
8394.375 3.1105e-17
8395.9 3.6953e-17
8397.425 3.5224e-17
8398.95 4.5916e-17
8400.475 4.5168e-17
8402.0 3.8568e-17
8403.525 3.2475e-17
8405.05 3.0235e-17
8406.575 4.2874e-17
8408.1 4.1815e-17
8409.625 4.0391e-17
8411.15 4.422e-17
8412.675 4.3287e-17
8414.2 3.5276e-17
8415.725 4.4641e-17
8417.25 5.2819e-17
8418.775 5.6686e-17
8420.3 5.2728e-17
8421.825 3.6084e-17
8423.35 3.0914e-17
8424.875 3.3905e-17
8426.4 3.974e-17
8427.925 4.7078e-17
8429.45 3.8603e-17
8430.975 3.7473e-17
8432.5 4.0605e-17
8434.025 4.6602e-17
8435.55 4.3632e-17
8437.075 3.5699e-17
8438.6 3.1784e-17
8440.125 3.1382e-17
8441.65 3.4677e-17
8443.175 4.0669e-17
8444.7 3.8979e-17
8446.225 2.6896e-17
8447.75 3.0003e-17
8449.275 3.2407e-17
8450.8 3.0128e-17
8452.325 4.2854e-17
8453.85 4.9454e-17
8455.375 4.3842e-17
8456.9 3.6127e-17
8458.425 3.0574e-17
8459.95 2.6403e-17
8461.475 3.2927e-17
8463.0 3.8166e-17
8464.525 4.3082e-17
8466.05 4.5946e-17
8467.575 2.7856e-17
8469.1 2.0954e-17
8470.625 3.4084e-17
8472.15 4.0412e-17
8473.675 3.2147e-17
8475.2 2.7986e-17
8476.725 3.4583e-17
8478.25 4.2451e-17
8479.775 3.8382e-17
8481.3 2.897e-17
8482.825 2.8857e-17
8484.35 3.5671e-17
8485.875 4.8979e-17
8487.4 4.921e-17
8488.925 3.7697e-17
8490.45 3.2742e-17
8491.975 3.8416e-17
8493.5 4.1439e-17
8495.025 4.0653e-17
8496.55 5.0621e-17
8498.075 5.1361e-17
8499.6 3.9315e-17
8501.125 4.4628e-17
8502.65 5.2309e-17
8504.175 4.8385e-17
8505.7 4.2195e-17
8507.225 3.7244e-17
8508.75 2.9402e-17
8510.275 3.5068e-17
8511.8 4.4215e-17
8513.325 3.7426e-17
8514.85 3.5562e-17
8516.375 3.6969e-17
8517.9 4.6921e-17
8519.425 4.9036e-17
8520.95 3.9993e-17
8522.475 3.9855e-17
8524.0 3.6534e-17
8525.525 3.3297e-17
8527.05 3.8787e-17
8528.575 4.2108e-17
8530.1 3.6396e-17
8531.625 3.6808e-17
8533.15 4.6299e-17
8534.675 4.5261e-17
8536.2 4.0594e-17
8537.725 4.521e-17
8539.25 4.109e-17
8540.775 2.973e-17
8542.3 3.1937e-17
8543.825 3.6768e-17
8545.35 3.9779e-17
8546.875 4.386e-17
8548.4 5.1054e-17
8549.925 4.239e-17
8551.45 3.8451e-17
8552.975 4.5811e-17
8554.5 3.8623e-17
8556.025 2.9458e-17
8557.55 3.0681e-17
8559.075 3.3279e-17
8560.6 2.7079e-17
8562.125 2.8664e-17
8563.65 3.9745e-17
8565.175 4.2416e-17
8566.7 3.1351e-17
8568.225 3.6267e-17
8569.75 4.6599e-17
8571.275 3.4952e-17
8572.8 3.0957e-17
8574.325 3.6525e-17
8575.85 3.9649e-17
8577.375 4.2998e-17
8578.9 3.3956e-17
8580.425 2.7018e-17
8581.95 2.86e-17
8583.475 3.4153e-17
8585.0 3.4863e-17
8586.525 3.6107e-17
8588.05 4.06e-17
8589.575 4.2178e-17
8591.1 3.8175e-17
8592.625 3.7358e-17
8594.15 3.7182e-17
8595.675 3.6805e-17
8597.2 5.0322e-17
8598.725 5.0255e-17
8600.25 3.4235e-17
8601.775 2.7446e-17
8603.3 3.3977e-17
8604.825 4.4677e-17
8606.35 4.3746e-17
8607.875 3.3457e-17
8609.4 3.1763e-17
8610.925 3.3707e-17
8612.45 3.2493e-17
8613.975 4.2767e-17
8615.5 5.2618e-17
8617.025 3.7874e-17
8618.55 2.7917e-17
8620.075 3.3573e-17
8621.6 3.9527e-17
8623.125 3.6793e-17
8624.65 3.3414e-17
8626.175 3.2378e-17
8627.7 4.0297e-17
8629.225 4.0847e-17
8630.75 3.8873e-17
8632.275 3.2402e-17
8633.8 3.0771e-17
8635.325 3.0742e-17
8636.85 2.9954e-17
8638.375 3.845e-17
8639.9 4.7227e-17
8641.425 3.9107e-17
8642.95 3.4196e-17
8644.475 3.9555e-17
8646.0 3.785e-17
8647.525 2.7224e-17
8649.05 3.637e-17
8650.575 2.8874e-17
8652.1 3.4616e-17
8653.625 4.4542e-17
8655.15 4.3169e-17
8656.675 2.7238e-17
8658.2 2.8484e-17
8659.725 3.2185e-17
8661.25 3.6926e-17
8662.775 3.1095e-17
8664.3 3.8683e-17
8665.825 4.4441e-17
8667.35 4.8511e-17
8668.875 3.9046e-17
8670.4 3.5434e-17
8671.925 3.0317e-17
8673.45 3.8709e-17
8674.975 5.8938e-17
8676.5 5.3074e-17
8678.025 4.317e-17
8679.55 5.1685e-17
8681.075 5.1444e-17
8682.6 3.4586e-17
8684.125 2.9117e-17
8685.65 2.9741e-17
8687.175 3.0858e-17
8688.7 3.8413e-17
8690.225 4.1971e-17
8691.75 4.3201e-17
8693.275 3.815e-17
8694.8 3.2063e-17
8696.325 3.2386e-17
8697.85 3.1757e-17
8699.375 3.553e-17
8700.9 4.2314e-17
8702.425 4.4862e-17
8703.95 3.9237e-17
8705.475 3.335e-17
8707.0 3.1085e-17
8708.525 3.0124e-17
8710.05 3.5137e-17
8711.575 3.901e-17
8713.1 3.9443e-17
8714.625 3.8556e-17
8716.15 4.0601e-17
8717.675 4.1068e-17
8719.2 3.8311e-17
8720.725 3.5394e-17
8722.25 3.7481e-17
8723.775 3.8721e-17
8725.3 3.1938e-17
8726.825 3.4101e-17
8728.35 3.3047e-17
8729.875 3.4366e-17
8731.4 3.6833e-17
8732.925 3.268e-17
8734.45 2.155e-17
8735.975 2.4022e-17
8737.5 2.5753e-17
8739.025 2.5846e-17
8740.55 2.9465e-17
8742.075 3.4148e-17
8743.6 3.211e-17
8745.125 3.7976e-17
8746.65 4.0182e-17
8748.175 4.2514e-17
8749.7 3.8177e-17
8751.225 4.2181e-17
8752.75 4.3955e-17
8754.275 3.6018e-17
8755.8 2.0193e-17
8757.325 1.8883e-17
8758.85 3.4017e-17
8760.375 3.643e-17
8761.9 4.6962e-17
8763.425 5.2569e-17
8764.95 4.8123e-17
8766.475 2.8903e-17
8768.0 2.2246e-17
8769.525 2.5325e-17
8771.05 2.2127e-17
8772.575 3.4454e-17
8774.1 4.078e-17
8775.625 3.8215e-17
8777.15 2.4791e-17
8778.675 3.1066e-17
8780.2 3.5923e-17
8781.725 3.2502e-17
8783.25 2.8219e-17
8784.775 2.8944e-17
8786.3 3.246e-17
8787.825 3.1509e-17
8789.35 2.8064e-17
8790.875 2.635e-17
8792.4 2.9703e-17
8793.925 4.1512e-17
8795.45 4.1971e-17
8796.975 3.6804e-17
8798.5 3.3253e-17
8800.025 3.2035e-17
8801.55 3.616e-17
8803.075 3.5572e-17
8804.6 3.2763e-17
8806.125 2.9329e-17
8807.65 3.0974e-17
8809.175 3.8498e-17
8810.7 3.8041e-17
8812.225 3.3107e-17
8813.75 2.984e-17
8815.275 2.5933e-17
8816.8 2.1864e-17
8818.325 2.2336e-17
8819.85 2.4428e-17
8821.375 3.2656e-17
8822.9 3.5465e-17
8824.425 3.3785e-17
8825.95 4.8454e-17
8827.475 5.2039e-17
8829.0 4.454e-17
8830.525 3.2521e-17
8832.05 4.0316e-17
8833.575 4.7485e-17
8835.1 2.9623e-17
8836.625 2.8192e-17
8838.15 3.3121e-17
8839.675 3.5111e-17
8841.2 3.6967e-17
8842.725 3.396e-17
8844.25 3.1792e-17
8845.775 2.9872e-17
8847.3 2.6729e-17
8848.825 3.3537e-17
8850.35 3.2508e-17
8851.875 2.4261e-17
8853.4 2.9195e-17
8854.925 3.2919e-17
8856.45 3.4037e-17
8857.975 3.5562e-17
8859.5 3.284e-17
8861.025 3.3804e-17
8862.55 4.2094e-17
8864.075 4.6989e-17
8865.6 3.7735e-17
8867.125 3.4333e-17
8868.65 2.496e-17
8870.175 2.6558e-17
8871.7 3.0382e-17
8873.225 4.2699e-17
8874.75 4.1136e-17
8876.275 3.3898e-17
8877.8 2.4667e-17
8879.325 2.9154e-17
8880.85 3.5834e-17
8882.375 1.0143e-17
8883.9 2.2279e-17
8885.425 4.6087e-17
8886.95 3.5286e-17
8888.475 2.9229e-17
8890.0 2.9889e-17
8891.525 2.7103e-17
8893.05 2.607e-17
8894.575 3.1794e-17
8896.1 3.2014e-17
8897.625 3.703e-17
8899.15 3.4045e-17
8900.675 3.9185e-17
8902.2 3.7577e-17
8903.725 2.8121e-17
8905.25 3.3753e-17
8906.775 3.9036e-17
8908.3 3.1411e-17
8909.825 2.1708e-17
8911.35 2.2354e-17
8912.875 3.6977e-17
8914.4 3.9172e-17
8915.925 3.1188e-17
8917.45 3.1951e-17
8918.975 3.0056e-17
8920.5 3.2078e-17
8922.025 2.6665e-17
8923.55 2.1631e-17
8925.075 2.8297e-17
8926.6 3.1096e-17
8928.125 4.2906e-17
8929.65 4.5662e-17
8931.175 3.5783e-17
8932.7 3.3129e-17
8934.225 3.1588e-17
8935.75 2.8548e-17
8937.275 2.4731e-17
8938.8 3.1833e-17
8940.325 3.5954e-17
8941.85 2.5901e-17
8943.375 2.8247e-17
8944.9 2.1293e-17
8946.425 2.4222e-17
8947.95 3.1683e-17
8949.475 3.8571e-17
8951.0 3.1243e-17
8952.525 2.2976e-17
8954.05 3.1609e-17
8955.575 4.8847e-17
8957.1 5.2486e-17
8958.625 3.9582e-17
8960.15 3.1187e-17
8961.675 3.664e-17
8963.2 3.285e-17
8964.725 3.8375e-17
8966.25 3.6938e-17
8967.775 3.5799e-17
8969.3 3.6041e-17
8970.825 2.4881e-17
8972.35 1.7324e-17
8973.875 3.471e-17
8975.4 4.3202e-17
8976.925 2.9647e-17
8978.45 2.5205e-17
8979.975 3.5865e-17
8981.5 4.5941e-17
8983.025 4.4866e-17
8984.55 4.0051e-17
8986.075 3.5431e-17
8987.6 3.6119e-17
8989.125 4.1849e-17
8990.65 3.7211e-17
8992.175 2.7172e-17
8993.7 2.3548e-17
8995.225 2.4127e-17
8996.75 4.4042e-17
8998.275 4.7161e-17
8999.8 2.5931e-17
9001.325 1.6058e-17
9002.85 1.6398e-17
9004.375 2.1607e-17
9005.9 3.8131e-17
9007.425 3.4502e-17
9008.95 3.4669e-17
9010.475 3.507e-17
9012.0 2.5531e-17
9013.525 2.8931e-17
9015.05 3.5508e-17
9016.575 3.5683e-17
9018.1 2.4944e-17
9019.625 2.6156e-17
9021.15 4.4736e-17
9022.675 4.7003e-17
9024.2 4.0701e-17
9025.725 3.267e-17
9027.25 3.2295e-17
9028.775 3.9152e-17
9030.3 3.8041e-17
9031.825 2.7266e-17
9033.35 1.9622e-17
9034.875 3.6066e-17
9036.4 5.132e-17
9037.925 4.0031e-17
9039.45 2.7839e-17
9040.975 2.3125e-17
9042.5 2.2025e-17
9044.025 2.5157e-17
9045.55 2.9884e-17
9047.075 3.3852e-17
9048.6 3.0958e-17
9050.125 2.9854e-17
9051.65 3.375e-17
9053.175 3.3563e-17
9054.7 3.3744e-17
9056.225 3.9286e-17
9057.75 2.604e-17
9059.275 2.3386e-17
9060.8 3.6161e-17
9062.325 4.2585e-17
9063.85 3.6457e-17
9065.375 2.8995e-17
9066.9 3.7317e-17
9068.425 3.6564e-17
9069.95 4.0445e-17
9071.475 3.4051e-17
9073.0 3.6518e-17
9074.525 4.0101e-17
9076.05 4.057e-17
9077.575 2.9296e-17
9079.1 2.23e-17
9080.625 2.1558e-17
9082.15 2.4145e-17
9083.675 2.3251e-17
9085.2 2.4203e-17
9086.725 3.3819e-17
9088.25 4.6031e-17
9089.775 4.1486e-17
9091.3 3.7259e-17
9092.825 3.1203e-17
9094.35 2.2521e-17
9095.875 2.0479e-17
9097.4 1.2503e-17
9098.925 2.5658e-17
9100.45 3.3686e-17
9101.975 2.9221e-17
9103.5 1.9592e-17
9105.025 1.8018e-17
9106.55 2.7468e-17
9108.075 3.4938e-17
9109.6 3.3819e-17
9111.125 3.0093e-17
9112.65 3.0681e-17
9114.175 3.5524e-17
9115.7 3.3345e-17
9117.225 3.0152e-17
9118.75 1.7481e-17
9120.275 1.4055e-17
9121.8 2.352e-17
9123.325 2.7599e-17
9124.85 2.7146e-17
9126.375 2.1692e-17
9127.9 1.8227e-17
9129.425 3.61e-17
9130.95 4.0862e-17
9132.475 2.1468e-17
9134.0 1.3028e-17
9135.525 1.8027e-17
9137.05 2.4975e-17
9138.575 3.3486e-17
9140.1 3.4259e-17
9141.625 2.4334e-17
9143.15 2.6682e-17
9144.675 3.2564e-17
9146.2 2.7926e-17
9147.725 2.9114e-17
9149.25 4.4026e-17
9150.775 5.2756e-17
9152.3 5.152e-17
9153.825 5.1334e-17
9155.35 2.9558e-17
9156.875 2.1879e-17
9158.4 3.2661e-17
9159.925 3.8487e-17
9161.45 3.4125e-17
9162.975 2.7314e-17
9164.5 1.9239e-17
9166.025 1.6056e-17
9167.55 2.0984e-17
9169.075 4.0529e-17
9170.6 3.324e-17
9172.125 1.7498e-17
9173.65 3.2353e-17
9175.175 4.4794e-17
9176.7 3.6474e-17
9178.225 2.6851e-17
9179.75 2.8538e-17
9181.275 3.6387e-17
9182.8 3.9566e-17
9184.325 3.7085e-17
9185.85 3.6337e-17
9187.375 2.8502e-17
9188.9 4.1935e-17
9190.425 3.6012e-17
9191.95 3.4509e-17
9193.475 3.16e-17
9195.0 3.5881e-17
9196.525 2.8941e-17
9198.05 2.3828e-17
9199.575 2.8739e-17
9201.1 3.6925e-17
9202.625 3.8484e-17
9204.15 2.765e-17
9205.675 1.8628e-17
9207.2 2.8067e-17
9208.725 3.6217e-17
9210.25 3.0367e-17
9211.775 2.2068e-17
9213.3 1.8557e-17
9214.825 2.5173e-17
9216.35 3.0245e-17
9217.875 3.1994e-17
9219.4 2.406e-17
9220.925 2.5263e-17
9222.45 4.427e-17
9223.975 4.7298e-17
9225.5 3.7742e-17
9227.025 3.209e-17
9228.55 3.3318e-17
9230.075 3.8179e-17
9231.6 3.6431e-17
9233.125 2.2981e-17
9234.65 1.5151e-17
9236.175 2.4644e-17
9237.7 3.3816e-17
9239.225 3.1112e-17
9240.75 3.3598e-17
9242.275 3.1601e-17
9243.8 3.7295e-17
9245.325 3.6933e-17
9246.85 2.8556e-17
9248.375 2.7963e-17
9249.9 3.5487e-17
9251.425 3.7414e-17
9252.95 2.9372e-17
9254.475 3.4374e-17
9256.0 3.5439e-17
9257.525 2.1544e-17
9259.05 1.6257e-17
9260.575 1.8813e-17
9262.1 2.5124e-17
9263.625 3.0424e-17
9265.15 2.4541e-17
9266.675 2.3686e-17
9268.2 2.7213e-17
9269.725 3.0317e-17
9271.25 2.9272e-17
9272.775 2.7889e-17
9274.3 2.9889e-17
9275.825 2.3495e-17
9277.35 2.0681e-17
9278.875 3.7541e-17
9280.4 3.8007e-17
9281.925 2.7284e-17
9283.45 1.9781e-17
9284.975 3.0593e-17
9286.5 3.1323e-17
9288.025 1.5129e-17
9289.55 4.1392e-18
9291.075 3.2429e-18
9292.6 1.6787e-17
9294.125 3.6734e-17
9295.65 2.5297e-17
9297.175 2.8751e-17
9298.7 2.1442e-17
9300.225 3.4174e-18
9301.75 2.2008e-17
9303.275 4.6005e-17
9304.8 2.6449e-17
9306.325 5.2932e-17
9307.85 5.4178e-17
9309.375 6.9978e-17
9310.9 6.6087e-17
9312.425 8.7585e-17
9313.95 2.1675e-17
9315.475 3.0635e-18
9317.0 6.795e-17
9318.525 3.8645e-17
9320.05 -5.7451e-18
9321.575 1.2624e-18
9323.1 3.9492e-17
9324.625 3.8252e-17
9326.15 3.6692e-17
9327.675 4.611e-17
9329.2 2.9281e-17
9330.725 -2.6327e-18
9332.25 2.1004e-17
9333.775 5.9729e-17
9335.3 4.9318e-17
9336.825 9.2854e-17
9338.35 7.0964e-17
9339.875 1.2752e-17
9341.4 4.2244e-17
9342.925 9.3062e-17
9344.45 5.7598e-17
9345.975 2.1911e-17
9347.5 2.3314e-17
9349.025 2.7292e-17
9350.55 2.2035e-17
9352.075 1.7462e-17
9353.6 2.9184e-17
9355.125 2.6573e-17
9356.65 3.1416e-17
9358.175 4.1755e-17
9359.7 3.3352e-17
9361.225 2.0168e-17
9362.75 4.3813e-17
9364.275 6.4231e-17
9365.8 2.9316e-17
9367.325 3.7864e-18
9368.85 2.0226e-17
9370.375 1.2743e-16
9371.9 1.1464e-16
9373.425 6.2074e-17
9374.95 1.7206e-16
9376.475 1.2899e-16
9378.0 -4.7728e-17
9379.525 9.8917e-18
9381.05 3.7225e-17
9382.575 6.4662e-18
9384.1 2.7095e-17
9385.625 3.5152e-17
9387.15 2.8161e-17
9388.675 3.0473e-17
9390.2 2.2849e-17
9391.725 8.6483e-18
9393.25 1.2788e-17
9394.775 8.2523e-18
9396.3 1.1953e-17
9397.825 1.5652e-17
9399.35 2.9588e-17
9400.875 2.9235e-17
9402.4 3.4774e-17
9403.925 4.0192e-17
9405.45 2.9356e-17
9406.975 1.7162e-17
9408.5 1.7004e-17
9410.025 1.9434e-17
9411.55 2.3377e-17
9413.075 2.6244e-17
9414.6 2.3411e-17
9416.125 8.4012e-18
9417.65 6.1573e-18
9419.175 4.5643e-18
9420.7 5.2573e-18
9422.225 1.0821e-17
9423.75 7.2042e-18
9425.275 3.5618e-18
9426.8 -1.5246e-18
9428.325 2.2131e-17
9429.85 2.3849e-17
9431.375 1.204e-17
9432.9 6.8426e-18
9434.425 -5.4405e-18
9435.95 1.3161e-17
9437.475 9.5832e-18
9439.0 -4.5967e-17
9440.525 -3.2289e-17
9442.05 6.7886e-18
9443.575 1.4431e-17
9445.1 8.3745e-18
9446.625 1.0527e-17
9448.15 1.4613e-17
9449.675 2.6886e-17
9451.2 3.1668e-17
9452.725 1.6331e-17
9454.25 5.826e-18
9455.775 -4.6965e-18
9457.3 1.8791e-17
9458.825 6.4738e-17
9460.35 4.1515e-17
9461.875 1.7263e-17
9463.4 3.0115e-17
9464.925 3.2722e-17
9466.45 2.6816e-17
9467.975 2.8263e-17
9469.5 2.2927e-17
9471.025 2.009e-17
9472.55 3.6269e-17
9474.075 3.9728e-17
9475.6 1.9171e-17
9477.125 1.6733e-17
9478.65 3.1574e-17
9480.175 2.9954e-17
9481.7 1.4706e-17
9483.225 1.1606e-17
9484.75 2.6816e-17
9486.275 2.2544e-17
9487.8 1.1455e-17
9489.325 1.134e-17
9490.85 1.0537e-17
9492.375 1.6192e-17
9493.9 3.9516e-17
9495.425 6.14e-17
9496.95 3.0633e-17
9498.475 2.7424e-17
9500.0 5.3277e-17
9501.525 2.4329e-17
9503.05 5.4555e-18
9504.575 1.806e-17
9506.1 1.7425e-17
9507.625 9.9386e-18
9509.15 2.1777e-17
9510.675 2.6132e-17
9512.2 8.2604e-18
9513.725 -1.0802e-18
9515.25 1.9971e-18
9516.775 3.8271e-17
9518.3 2.4901e-17
9519.825 2.2032e-17
9521.35 3.6519e-17
9522.875 3.8593e-17
9524.4 2.8939e-17
9525.925 2.6039e-17
9527.45 2.718e-17
9528.975 2.3459e-17
9530.5 1.8847e-17
9532.025 2.3102e-17
9533.55 1.3201e-17
9535.075 -5.1528e-18
9536.6 5.9567e-18
9538.125 1.9572e-17
9539.65 2.5648e-17
9541.175 5.9924e-18
9542.7 2.6426e-17
9544.225 4.563e-17
9545.75 3.1912e-17
9547.275 1.817e-17
9548.8 -4.6004e-18
9550.325 -5.7481e-18
9551.85 1.3987e-17
9553.375 4.6804e-17
9554.9 3.6961e-17
9556.425 2.6148e-17
9557.95 1.8944e-17
9559.475 7.9114e-18
9561.0 8.0286e-18
9562.525 5.2427e-18
9564.05 4.344e-18
9565.575 3.7456e-17
9567.1 2.7242e-17
9568.625 5.7116e-19
9570.15 1.6747e-17
9571.675 1.4453e-17
9573.2 4.0453e-18
9574.725 2.0275e-17
9576.25 3.2814e-17
9577.775 2.5856e-17
9579.3 2.9446e-17
9580.825 2.9837e-17
9582.35 1.3479e-17
9583.875 1.0135e-17
9585.4 7.6443e-18
9586.925 -5.9652e-18
9588.45 1.9118e-17
9589.975 4.3324e-17
9591.5 2.9912e-17
9593.025 2.1554e-17
9594.55 3.7654e-17
9596.075 3.402e-17
9597.6 1.8924e-17
9599.125 1.9318e-17
9600.65 1.7805e-17
9602.175 1.2702e-17
9603.7 3.0106e-17
9605.225 5.914e-17
9606.75 4.9444e-17
9608.275 3.0591e-17
9609.8 2.1335e-17
9611.325 9.6456e-18
9612.85 1.8113e-17
9614.375 4.1433e-17
9615.9 5.5153e-17
9617.425 5.1785e-17
9618.95 3.9918e-17
9620.475 1.5373e-17
9622.0 6.2147e-18
9623.525 1.1803e-17
9625.05 9.2256e-18
9626.575 1.3084e-17
9628.1 1.8923e-17
9629.625 1.9454e-17
9631.15 3.6937e-17
9632.675 3.3583e-17
9634.2 1.7988e-17
9635.725 8.1858e-18
9637.25 1.281e-17
9638.775 3.5822e-17
9640.3 4.8231e-17
9641.825 2.2879e-17
9643.35 2.5898e-17
9644.875 3.0297e-17
9646.4 3.0916e-17
9647.925 2.1459e-17
9649.45 8.2159e-18
9650.975 3.6232e-18
9652.5 2.871e-17
9654.025 4.0133e-17
9655.55 3.4119e-17
9657.075 3.0276e-17
9658.6 3.0134e-17
9660.125 1.4259e-17
9661.65 1.9652e-17
9663.175 1.7328e-17
9664.7 2.7387e-17
9666.225 5.0837e-17
9667.75 3.5218e-17
9669.275 4.5498e-17
9670.8 5.1198e-17
9672.325 3.3872e-17
9673.85 1.8569e-17
9675.375 1.6085e-17
9676.9 1.7863e-17
9678.425 3.0049e-17
9679.95 3.0382e-17
9681.475 2.7871e-17
9683.0 3.6855e-17
9684.525 2.2669e-17
9686.05 1.1965e-17
9687.575 7.065e-18
9689.1 6.9731e-18
9690.625 2.0398e-17
9692.15 3.0387e-17
9693.675 2.4486e-17
9695.2 4.1892e-17
9696.725 6.8999e-17
9698.25 6.2187e-17
9699.775 6.3331e-17
9701.3 5.1848e-17
9702.825 3.2186e-17
9704.35 3.1835e-17
9705.875 2.3367e-17
9707.4 1.4099e-17
9708.925 2.478e-17
9710.45 2.7773e-17
9711.975 2.664e-17
9713.5 2.953e-17
9715.025 2.2797e-17
9716.55 1.9868e-17
9718.075 5.3596e-19
9719.6 1.0588e-17
9721.125 5.5748e-17
9722.65 5.6799e-17
9724.175 2.0565e-17
9725.7 1.6647e-17
9727.225 2.7066e-17
9728.75 2.6795e-17
9730.275 2.2228e-17
9731.8 2.6979e-17
9733.325 2.4114e-17
9734.85 3.7656e-17
9736.375 3.9969e-17
9737.9 5.8226e-17
9739.425 6.3125e-17
9740.95 4.4807e-17
9742.475 4.6591e-17
9744.0 3.6081e-17
9745.525 2.0208e-17
9747.05 2.1619e-17
9748.575 2.6869e-17
9750.1 1.9203e-17
9751.625 2.1049e-17
9753.15 3.22e-17
9754.675 2.3888e-17
9756.2 2.0847e-17
9757.725 2.7042e-17
9759.25 2.2345e-17
9760.775 3.1288e-17
9762.3 1.6533e-17
9763.825 1.5567e-17
9765.35 2.9541e-17
9766.875 2.7115e-17
9768.4 2.0156e-17
9769.925 1.4801e-17
9771.45 2.4364e-17
9772.975 3.0113e-17
9774.5 4.442e-17
9776.025 4.9806e-17
9777.55 4.0493e-17
9779.075 2.5426e-17
9780.6 1.6442e-17
9782.125 2.2466e-17
9783.65 2.3878e-17
9785.175 3.0778e-17
9786.7 2.3892e-17
9788.225 1.9547e-17
9789.75 3.7687e-17
9791.275 2.9362e-17
9792.8 1.9251e-17
9794.325 3.0294e-17
9795.85 5.715e-17
9797.375 6.3979e-17
9798.9 3.5825e-17
9800.425 2.1128e-17
9801.95 2.8069e-17
9803.475 4.0769e-17
9805.0 3.3849e-17
9806.525 2.976e-17
9808.05 3.4486e-17
9809.575 1.744e-17
9811.1 4.1558e-18
9812.625 1.4302e-17
9814.15 3.0611e-17
9815.675 2.6434e-17
9817.2 1.9701e-17
9818.725 2.9565e-17
9820.25 4.1717e-17
9821.775 5.1138e-17
9823.3 3.1258e-17
9824.825 1.2211e-17
9826.35 2.6323e-17
9827.875 3.3908e-17
9829.4 1.885e-17
9830.925 9.267e-18
9832.45 1.2175e-17
9833.975 2.51e-17
9835.5 3.2802e-17
9837.025 2.5909e-17
9838.55 2.3966e-17
9840.075 1.058e-17
9841.6 2.5679e-17
9843.125 4.0072e-17
9844.65 2.993e-17
9846.175 3.9575e-17
9847.7 5.2299e-17
9849.225 3.0937e-17
9850.75 2.4892e-17
9852.275 2.1762e-17
9853.8 2.2466e-17
9855.325 2.6318e-17
9856.85 1.7217e-17
9858.375 3.2205e-17
9859.9 3.322e-17
9861.425 2.136e-17
9862.95 3.9392e-17
9864.475 3.4673e-17
9866.0 1.7686e-17
9867.525 2.7613e-17
9869.05 2.4703e-17
9870.575 1.8293e-17
9872.1 2.9861e-17
9873.625 3.4708e-17
9875.15 4.598e-17
9876.675 2.5581e-17
9878.2 1.0847e-17
9879.725 1.3429e-17
9881.25 2.9132e-17
9882.775 4.1294e-17
9884.3 3.9701e-17
9885.825 3.2384e-17
9887.35 3.6473e-17
9888.875 2.6558e-17
9890.4 1.5443e-17
9891.925 1.9463e-17
9893.45 4.2677e-17
9894.975 3.0337e-17
9896.5 3.3856e-17
9898.025 4.2411e-17
9899.55 4.1146e-18
9901.075 1.5786e-18
9902.6 1.82e-17
9904.125 2.7476e-17
9905.65 2.3808e-17
9907.175 1.9491e-17
9908.7 1.3605e-17
9910.225 3.3095e-17
9911.75 5.4893e-17
9913.275 4.2529e-17
9914.8 5.4887e-19
9916.325 5.8034e-18
9917.85 2.4545e-17
9919.375 3.8309e-17
9920.9 3.9331e-17
9922.425 3.2832e-17
9923.95 3.5097e-17
9925.475 3.4134e-17
9927.0 4.1911e-17
9928.525 5.3017e-17
9930.05 4.019e-17
9931.575 2.8206e-17
9933.1 3.6106e-17
9934.625 3.6746e-17
9936.15 2.4387e-17
9937.675 2.2111e-17
9939.2 3.8022e-17
9940.725 2.3528e-17
9942.25 -5.2513e-18
9943.775 4.9388e-18
9945.3 6.232e-17
9946.825 7.6188e-17
9948.35 3.9935e-17
9949.875 3.6146e-17
9951.4 3.6219e-17
9952.925 1.4106e-17
9954.45 -1.1408e-17
9955.975 4.5613e-18
9957.5 4.4134e-17
9959.025 7.0447e-17
9960.55 6.2047e-17
9962.075 4.2685e-17
9963.6 1.6554e-17
9965.125 2.064e-17
9966.65 4.0785e-17
9968.175 3.8605e-17
9969.7 5.6774e-17
9971.225 4.6056e-17
9972.75 5.5936e-17
9974.275 6.4756e-17
9975.8 4.2885e-17
9977.325 3.5091e-17
9978.85 5.6161e-17
9980.375 1.7159e-17
9981.9 6.1713e-17
9983.425 1.2018e-16
9984.95 6.1135e-17
9986.475 2.366e-17
9988.0 4.761e-17
9989.525 8.1683e-17
9991.05 1.8913e-16
9992.575 1.902e-16
9994.1 6.4379e-17
9995.625 7.6405e-17
9997.15 -2.8466e-17
9998.675 -2.0535e-17
10000.2 2.2278e-16
