# DICHROIC = D55
# HA = -04:38:41.6
# ANGLE = 27 deg 17 min
# OBSERVER = Yao
# OBSLST = 22:13:58.4
# OBJECT = ZTF19aaywatp
# CASSPA = -81.00
# PARALLAC = 280.89
# HOURANG = E04:38:41.6
# CCDTEMP = 161.77
# LAMPS = 0000000
# RA = 02:51:22.49
# GRATING = 600/4000
# APERTURE = 1.5
# TELFOCUS = 43.45 mm
# AIRMASS = 1.655
# DEC = +48:10:36.3
# UTSHUT = 2019-07-01T11:24:31.232
# EXPTIME = 600
3400.000 1.1056e-16
3401.534 1.3068e-16
3403.068 1.8941e-16
3404.602 -2.982e-17
3406.136 1.5537e-17
3407.670 1.0258e-16
3409.204 6.9782e-17
3410.738 -2.2715e-17
3412.271 1.6454e-16
3413.805 9.8646e-17
3415.339 1.2033e-17
3416.873 4.7402e-17
3418.407 1.6239e-16
3419.941 1.6652e-16
3421.475 8.8809e-17
3423.009 7.6618e-17
3424.543 1.2464e-16
3426.077 3.5778e-17
3427.611 1.5681e-16
3429.145 1.1735e-16
3430.679 8.6417e-17
3432.213 1.2113e-16
3433.746 9.1892e-17
3435.280 1.057e-16
3436.814 1.777e-16
3438.348 6.8285e-17
3439.882 1.3103e-16
3441.416 1.0445e-16
3442.950 1.3569e-16
3444.484 1.4782e-16
3446.018 8.455e-17
3447.552 1.1374e-16
3449.086 1.0525e-16
3450.620 1.3371e-16
3452.154 1.2384e-16
3453.688 1.7446e-16
3455.221 2.7624e-17
3456.755 1.0112e-16
3458.289 2.8656e-17
3459.823 9.5185e-17
3461.357 8.5067e-17
3462.891 8.075e-17
3464.425 4.1258e-17
3465.959 3.5395e-17
3467.493 9.1278e-17
3469.027 1.4606e-16
3470.561 7.2864e-17
3472.095 7.1439e-17
3473.629 1.2594e-16
3475.163 1.4485e-16
3476.697 1.1955e-16
3478.230 4.0366e-17
3479.764 8.8611e-17
3481.298 1.1774e-16
3482.832 1.5967e-16
3484.366 1.2391e-16
3485.900 1.2808e-16
3487.434 1.3753e-16
3488.968 1.3546e-16
3490.502 1.8579e-16
3492.036 1.4361e-16
3493.570 2.7766e-17
3495.104 1.2468e-16
3496.638 2.553e-16
3498.171 1.7595e-16
3499.705 1.1006e-16
3501.239 1.2069e-16
3502.773 1.6003e-16
3504.307 1.4464e-16
3505.841 8.7479e-17
3507.375 8.8539e-17
3508.909 5.213e-17
3510.443 1.4166e-16
3511.977 1.6483e-16
3513.511 9.0097e-17
3515.045 7.2111e-17
3516.579 1.1596e-16
3518.113 1.2457e-16
3519.646 1.5617e-16
3521.180 9.033e-17
3522.714 7.7203e-17
3524.248 6.4007e-17
3525.782 9.4854e-17
3527.316 8.079e-17
3528.850 7.0024e-17
3530.384 3.8742e-17
3531.918 5.0951e-17
3533.452 1.2682e-17
3534.986 7.4824e-17
3536.520 1.246e-16
3538.054 7.5971e-17
3539.588 1.1317e-16
3541.122 1.7425e-16
3542.656 1.0248e-16
3544.189 5.097e-17
3545.723 5.2094e-17
3547.257 5.4285e-17
3548.791 6.7553e-17
3550.325 1.0085e-18
3551.859 1.7495e-17
3553.393 8.8315e-17
3554.927 7.4246e-17
3556.461 1.5877e-16
3557.995 1.8628e-16
3559.529 1.5522e-16
3561.063 4.9721e-17
3562.596 7.4339e-17
3564.130 1.8257e-16
3565.664 1.2651e-16
3567.198 1.223e-16
3568.732 1.6393e-16
3570.266 8.2927e-17
3571.800 6.5909e-17
3573.334 6.8796e-17
3574.868 1.3346e-16
3576.402 1.5708e-16
3577.936 9.093e-17
3579.470 4.7299e-17
3581.004 8.6109e-17
3582.538 1.1943e-16
3584.072 8.8458e-17
3585.605 1.1107e-16
3587.139 3.529e-17
3588.673 1.5527e-16
3590.207 1.2066e-16
3591.741 1.2192e-16
3593.275 7.9916e-17
3594.809 6.6446e-17
3596.343 8.4688e-17
3597.877 8.6117e-17
3599.411 1.0995e-16
3600.945 7.6569e-17
3602.479 5.6024e-17
3604.013 8.9099e-17
3605.547 1.305e-16
3607.081 8.2829e-17
3608.615 5.8691e-17
3610.148 8.8436e-17
3611.682 6.0334e-17
3613.216 4.7616e-17
3614.750 6.5244e-17
3616.284 1.8623e-17
3617.818 3.3477e-17
3619.352 9.0778e-17
3620.886 6.9204e-17
3622.420 6.6141e-17
3623.954 7.5077e-17
3625.488 5.9903e-17
3627.021 3.8975e-17
3628.555 6.2244e-17
3630.089 5.8498e-17
3631.623 1.0054e-16
3633.157 5.551e-17
3634.691 1.2893e-16
3636.225 9.5562e-17
3637.759 1.0591e-16
3639.293 8.5723e-17
3640.827 1.0119e-16
3642.361 1.2794e-16
3643.895 1.3021e-16
3645.429 1.7542e-16
3646.963 1.3317e-16
3648.497 7.6437e-17
3650.031 1.1767e-16
3651.564 1.5038e-16
3653.098 1.6189e-16
3654.632 9.5299e-17
3656.166 1.6947e-16
3657.700 1.553e-16
3659.234 1.6798e-16
3660.768 1.0599e-16
3662.302 1.3237e-16
3663.836 1.2557e-16
3665.370 1.6858e-16
3666.904 1.4311e-16
3668.438 1.0722e-16
3669.972 3.1937e-17
3671.506 6.6576e-17
3673.040 6.1667e-17
3674.573 6.8839e-17
3676.107 1.2537e-16
3677.641 6.5773e-17
3679.175 1.1406e-16
3680.709 9.6065e-17
3682.243 1.1706e-16
3683.777 1.048e-16
3685.311 8.9165e-17
3686.845 1.4212e-16
3688.379 9.405e-17
3689.913 4.3074e-17
3691.447 1.2707e-17
3692.980 8.0302e-17
3694.514 1.3269e-16
3696.048 5.7641e-17
3697.582 8.6125e-17
3699.116 7.4508e-17
3700.650 3.0086e-17
3702.184 1.0133e-16
3703.718 1.0606e-16
3705.252 6.3602e-17
3706.786 6.121e-17
3708.320 5.6514e-17
3709.854 9.091e-17
3711.388 1.4244e-16
3712.922 4.901e-17
3714.456 3.4738e-17
3715.990 6.0127e-17
3717.523 7.4785e-17
3719.057 5.8762e-17
3720.591 9.1368e-17
3722.125 7.1171e-17
3723.659 8.4866e-17
3725.193 1.0574e-16
3726.727 1.1022e-16
3728.261 6.1933e-17
3729.795 7.3997e-17
3731.329 5.5455e-17
3732.863 3.9792e-17
3734.397 5.0127e-17
3735.931 9.1715e-17
3737.465 1.0425e-16
3738.999 4.281e-17
3740.532 8.1616e-17
3742.066 9.2212e-17
3743.600 1.0699e-16
3745.134 7.3154e-17
3746.668 9.3647e-17
3748.202 1.0464e-16
3749.736 8.3488e-17
3751.270 8.8554e-17
3752.804 1.2326e-16
3754.338 1.2904e-16
3755.872 4.7498e-17
3757.406 1.0955e-16
3758.939 8.1569e-17
3760.473 3.1585e-17
3762.007 6.9557e-17
3763.541 1.1924e-16
3765.075 7.5724e-17
3766.609 7.699e-17
3768.143 6.2327e-17
3769.677 9.6543e-17
3771.211 1.0134e-16
3772.745 1.2867e-16
3774.279 1.2362e-16
3775.813 7.9311e-17
3777.347 9.6896e-17
3778.881 9.9411e-17
3780.415 1.1743e-16
3781.948 9.7152e-17
3783.482 9.8711e-17
3785.016 9.8183e-17
3786.550 7.5395e-17
3788.084 7.8094e-17
3789.618 1.1011e-16
3791.152 7.7095e-17
3792.686 7.006e-17
3794.220 6.7611e-17
3795.754 1.0129e-16
3797.288 9.3232e-17
3798.822 1.223e-16
3800.356 1.12e-16
3801.890 8.4693e-17
3803.424 1.1634e-16
3804.958 1.1489e-16
3806.491 1.1625e-16
3808.025 1.2183e-16
3809.559 8.5806e-17
3811.093 6.1608e-17
3812.627 9.6532e-17
3814.161 8.221e-17
3815.695 7.3567e-17
3817.229 6.8186e-17
3818.763 4.22e-17
3820.297 4.7562e-17
3821.831 7.4681e-17
3823.365 9.2961e-17
3824.898 1.0731e-16
3826.432 1.639e-16
3827.966 2.502e-16
3829.500 2.6783e-16
3831.034 2.0556e-16
3832.568 1.2701e-16
3834.102 6.7571e-17
3835.636 6.6939e-17
3837.170 3.3923e-17
3838.704 9.6527e-17
3840.238 1.3689e-16
3841.772 1.4382e-16
3843.306 1.1455e-16
3844.840 1.182e-16
3846.374 7.9942e-17
3847.907 1.0276e-16
3849.441 1.234e-16
3850.975 1.1312e-16
3852.509 6.0501e-17
3854.043 8.3771e-17
3855.577 3.668e-17
3857.111 8.8259e-17
3858.645 1.2512e-16
3860.179 7.1533e-17
3861.713 1.0942e-16
3863.247 1.3063e-16
3864.781 1.1673e-16
3866.315 1.0886e-16
3867.849 8.539e-17
3869.383 1.0213e-16
3870.917 9.086e-17
3872.450 7.9928e-17
3873.984 9.4717e-17
3875.518 1.1883e-16
3877.052 9.3671e-17
3878.586 9.1256e-17
3880.120 1.2958e-16
3881.654 1.3036e-16
3883.188 1.3631e-16
3884.722 1.6292e-16
3886.256 2.0605e-16
3887.790 1.7898e-16
3889.323 1.179e-16
3890.857 1.2325e-16
3892.391 1.4132e-16
3893.925 1.3538e-16
3895.459 1.5236e-16
3896.993 1.3191e-16
3898.527 1.0414e-16
3900.061 1.3921e-16
3901.595 8.375e-17
3903.129 9.6076e-17
3904.663 1.3498e-16
3906.197 1.4139e-16
3907.731 1.1664e-16
3909.265 7.1751e-17
3910.799 6.0499e-17
3912.333 1.3461e-16
3913.866 1.4317e-16
3915.400 1.4582e-16
3916.934 1.4154e-16
3918.468 1.4308e-16
3920.002 1.5228e-16
3921.536 1.052e-16
3923.070 7.6996e-17
3924.604 1.0043e-16
3926.138 1.0115e-16
3927.672 8.9449e-17
3929.206 8.6049e-17
3930.740 7.9384e-17
3932.274 6.6052e-17
3933.808 5.9509e-17
3935.342 8.1554e-17
3936.875 9.732e-17
3938.409 1.1118e-16
3939.943 1.037e-16
3941.477 2.2608e-17
3943.011 7.0832e-17
3944.545 8.3593e-17
3946.079 7.7999e-17
3947.613 1.0712e-16
3949.147 1.2123e-16
3950.681 1.1051e-16
3952.215 1.0697e-16
3953.749 1.0398e-16
3955.282 1.0634e-16
3956.816 1.3882e-16
3958.350 1.2247e-16
3959.884 1.4507e-16
3961.418 1.2521e-16
3962.952 8.8981e-17
3964.486 1.0257e-16
3966.020 1.0837e-16
3967.554 1.144e-16
3969.088 9.764e-17
3970.622 1.0859e-16
3972.156 1.5797e-16
3973.690 1.2821e-16
3975.224 1.5051e-16
3976.758 1.2463e-16
3978.292 1.4378e-16
3979.825 1.101e-16
3981.359 9.6749e-17
3982.893 1.1438e-16
3984.427 1.0831e-16
3985.961 1.243e-16
3987.495 1.8312e-16
3989.029 1.8139e-16
3990.563 1.2982e-16
3992.097 1.0851e-16
3993.631 1.3376e-16
3995.165 1.1304e-16
3996.699 1.3069e-16
3998.233 1.0246e-16
3999.767 1.358e-16
4001.301 1.4846e-16
4002.834 1.1343e-16
4004.368 1.1881e-16
4005.902 1.1988e-16
4007.436 1.1233e-16
4008.970 1.1554e-16
4010.504 1.6526e-16
4012.038 1.4397e-16
4013.572 1.4756e-16
4015.106 1.0465e-16
4016.640 1.0361e-16
4018.174 1.4195e-16
4019.708 1.4292e-16
4021.241 1.5777e-16
4022.775 1.16e-16
4024.309 1.38e-16
4025.843 1.7241e-16
4027.377 1.2071e-16
4028.911 9.7945e-17
4030.445 1.1242e-16
4031.979 1.6303e-16
4033.513 1.0368e-16
4035.047 1.2513e-16
4036.581 1.0689e-16
4038.115 1.1602e-16
4039.649 7.8185e-17
4041.183 1.3245e-16
4042.717 8.427e-17
4044.250 8.412e-17
4045.784 1.4789e-16
4047.318 1.6965e-16
4048.852 1.5954e-16
4050.386 1.5055e-16
4051.920 1.6266e-16
4053.454 1.3329e-16
4054.988 2.185e-16
4056.522 1.9454e-16
4058.056 2.1239e-16
4059.590 1.7721e-16
4061.124 1.4865e-16
4062.658 1.5759e-16
4064.192 1.6076e-16
4065.726 1.4019e-16
4067.260 1.26e-16
4068.793 8.5128e-17
4070.327 9.4208e-17
4071.861 8.4529e-17
4073.395 1.1104e-16
4074.929 7.3058e-17
4076.463 7.6257e-17
4077.997 5.5883e-17
4079.531 1.2317e-16
4081.065 1.5118e-16
4082.599 9.356e-17
4084.133 1.0082e-16
4085.667 1.1958e-16
4087.200 1.2298e-16
4088.734 1.3482e-16
4090.268 2.1949e-16
4091.802 1.2365e-16
4093.336 1.1227e-16
4094.870 1.4815e-16
4096.404 1.5993e-16
4097.938 1.402e-16
4099.472 8.4312e-17
4101.006 1.1016e-16
4102.540 1.716e-16
4104.074 1.4801e-16
4105.608 1.7114e-16
4107.142 1.3422e-16
4108.676 1.651e-16
4110.209 1.2447e-16
4111.743 7.2416e-17
4113.277 1.1963e-16
4114.811 1.4953e-16
4116.345 1.5352e-16
4117.879 1.1225e-16
4119.413 1.4125e-16
4120.947 1.3512e-16
4122.481 1.8505e-16
4124.015 1.6554e-16
4125.549 1.8103e-16
4127.083 1.727e-16
4128.617 1.1911e-16
4130.150 1.697e-16
4131.685 1.4854e-16
4133.218 1.5941e-16
4134.752 1.6612e-16
4136.286 1.769e-16
4137.820 1.8726e-16
4139.354 1.8551e-16
4140.888 1.9386e-16
4142.422 1.2614e-16
4143.956 1.1095e-16
4145.490 1.0905e-16
4147.024 1.3455e-16
4148.558 1.1714e-16
4150.092 1.5536e-16
4151.625 1.7423e-16
4153.160 1.7199e-16
4154.693 1.4085e-16
4156.228 1.4249e-16
4157.761 1.6542e-16
4159.295 1.4395e-16
4160.829 1.0358e-16
4162.363 1.5365e-16
4163.897 1.4266e-16
4165.431 1.7012e-16
4166.965 1.4205e-16
4168.499 1.1275e-16
4170.033 1.6003e-16
4171.567 1.4803e-16
4173.101 1.3606e-16
4174.634 1.3337e-16
4176.168 1.5209e-16
4177.702 1.6924e-16
4179.236 1.868e-16
4180.770 1.4781e-16
4182.304 1.8042e-16
4183.838 1.2297e-16
4185.372 7.129e-17
4186.906 1.3087e-16
4188.440 1.5948e-16
4189.974 1.7739e-16
4191.508 1.7381e-16
4193.042 1.6201e-16
4194.576 1.1226e-16
4196.109 1.11e-16
4197.644 1.3483e-16
4199.177 1.2402e-16
4200.711 1.4305e-16
4202.245 1.0103e-16
4203.779 1.16e-16
4205.313 1.539e-16
4206.847 1.2828e-16
4208.381 1.2465e-16
4209.915 1.2894e-16
4211.449 1.3839e-16
4212.983 1.3331e-16
4214.517 1.4431e-16
4216.051 1.8016e-16
4217.584 1.3744e-16
4219.119 9.1126e-17
4220.652 1.0163e-16
4222.187 1.1142e-16
4223.720 1.4269e-16
4225.254 1.4885e-16
4226.788 1.2104e-16
4228.322 1.5346e-16
4229.856 1.7496e-16
4231.390 1.5635e-16
4232.924 1.5126e-16
4234.458 1.067e-16
4235.992 1.2623e-16
4237.526 1.4633e-16
4239.060 1.7196e-16
4240.593 1.6795e-16
4242.127 1.561e-16
4243.661 1.3474e-16
4245.195 1.4359e-16
4246.729 1.6927e-16
4248.263 1.5743e-16
4249.797 1.6946e-16
4251.331 1.6711e-16
4252.865 1.3951e-16
4254.399 1.4324e-16
4255.933 1.764e-16
4257.467 1.6312e-16
4259.000 1.4747e-16
4260.535 1.5101e-16
4262.068 1.7108e-16
4263.603 1.6084e-16
4265.136 1.5047e-16
4266.670 1.57e-16
4268.204 1.7664e-16
4269.738 1.7023e-16
4271.272 1.3787e-16
4272.806 1.5301e-16
4274.340 1.7767e-16
4275.874 1.6294e-16
4277.408 1.314e-16
4278.942 1.3157e-16
4280.476 1.8069e-16
4282.010 1.6702e-16
4283.543 1.6802e-16
4285.078 1.9022e-16
4286.611 1.6366e-16
4288.146 1.4916e-16
4289.679 1.4548e-16
4291.213 1.6081e-16
4292.747 1.0585e-16
4294.281 1.393e-16
4295.815 1.2071e-16
4297.349 1.2878e-16
4298.883 1.4434e-16
4300.417 1.4348e-16
4301.951 1.5309e-16
4303.484 1.5214e-16
4305.019 1.6149e-16
4306.552 1.7135e-16
4308.086 1.4611e-16
4309.620 1.6119e-16
4311.154 1.7297e-16
4312.688 2.022e-16
4314.222 1.5903e-16
4315.756 1.2472e-16
4317.290 1.3144e-16
4318.824 1.7596e-16
4320.358 1.4847e-16
4321.892 1.1248e-16
4323.426 1.2129e-16
4324.959 1.5508e-16
4326.494 1.8467e-16
4328.027 1.4949e-16
4329.562 1.5399e-16
4331.095 1.6644e-16
4332.629 1.3164e-16
4334.163 1.3961e-16
4335.697 1.3929e-16
4337.231 1.6166e-16
4338.765 1.4776e-16
4340.299 1.1687e-16
4341.833 1.1803e-16
4343.367 1.4003e-16
4344.901 1.4352e-16
4346.435 1.391e-16
4347.969 1.3217e-16
4349.502 1.4924e-16
4351.037 1.53e-16
4352.570 1.5012e-16
4354.104 1.4224e-16
4355.638 1.3653e-16
4357.172 1.4152e-16
4358.706 1.4402e-16
4360.240 1.2507e-16
4361.774 1.4492e-16
4363.308 1.4735e-16
4364.842 1.6975e-16
4366.376 1.6454e-16
4367.910 1.8506e-16
4369.443 1.605e-16
4370.978 1.6689e-16
4372.511 1.7483e-16
4374.045 1.6719e-16
4375.579 1.7474e-16
4377.113 1.5792e-16
4378.647 1.1251e-16
4380.181 1.3377e-16
4381.715 1.139e-16
4383.249 1.0993e-16
4384.783 1.2103e-16
4386.317 1.2817e-16
4387.851 1.3504e-16
4389.385 1.6419e-16
4390.918 1.8035e-16
4392.453 1.4814e-16
4393.986 1.1749e-16
4395.521 1.4012e-16
4397.054 1.626e-16
4398.588 1.1965e-16
4400.122 1.812e-16
4401.656 1.746e-16
4403.190 1.6174e-16
4404.724 1.628e-16
4406.258 1.7106e-16
4407.792 1.523e-16
4409.326 1.4556e-16
4410.860 1.5607e-16
4412.394 1.403e-16
4413.928 1.4486e-16
4415.461 1.3958e-16
4416.996 1.1926e-16
4418.529 1.6397e-16
4420.063 1.4321e-16
4421.597 1.0434e-16
4423.131 1.3197e-16
4424.665 1.7694e-16
4426.199 1.6679e-16
4427.733 1.1573e-16
4429.267 1.4797e-16
4430.801 1.6399e-16
4432.334 1.781e-16
4433.869 1.428e-16
4435.402 1.4672e-16
4436.937 1.5724e-16
4438.470 1.4617e-16
4440.004 1.5334e-16
4441.538 1.6321e-16
4443.072 1.9531e-16
4444.606 1.7278e-16
4446.140 1.3852e-16
4447.674 1.2795e-16
4449.208 1.2423e-16
4450.742 1.4685e-16
4452.276 1.6602e-16
4453.810 1.3293e-16
4455.344 1.6787e-16
4456.877 2.2043e-16
4458.412 1.6897e-16
4459.945 1.1206e-16
4461.479 1.844e-16
4463.013 2.3767e-16
4464.547 1.9475e-16
4466.081 1.4083e-16
4467.615 1.4706e-16
4469.149 1.5287e-16
4470.683 1.4298e-16
4472.217 1.6581e-16
4473.751 1.3101e-16
4475.285 1.6977e-16
4476.819 1.596e-16
4478.353 1.3521e-16
4479.887 1.4931e-16
4481.420 1.6113e-16
4482.955 1.7307e-16
4484.488 1.5768e-16
4486.022 1.824e-16
4487.556 1.5949e-16
4489.090 1.5945e-16
4490.624 1.3242e-16
4492.158 1.7134e-16
4493.692 2.0802e-16
4495.226 2.0942e-16
4496.760 1.6179e-16
4498.293 1.6612e-16
4499.828 1.5694e-16
4501.361 1.381e-16
4502.896 1.6066e-16
4504.429 1.9178e-16
4505.963 1.7415e-16
4507.497 1.5641e-16
4509.031 1.5419e-16
4510.565 1.6224e-16
4512.099 1.7438e-16
4513.633 1.3191e-16
4515.167 1.4275e-16
4516.701 1.7158e-16
4518.235 1.3817e-16
4519.769 1.1764e-16
4521.303 1.4681e-16
4522.836 1.7413e-16
4524.371 1.2126e-16
4525.904 1.1318e-16
4527.438 1.4138e-16
4528.972 1.4872e-16
4530.506 1.3657e-16
4532.040 1.7752e-16
4533.574 1.8985e-16
4535.108 1.4403e-16
4536.642 1.3338e-16
4538.176 1.3092e-16
4539.710 1.3174e-16
4541.244 1.3866e-16
4542.778 1.3503e-16
4544.312 1.3076e-16
4545.846 1.8496e-16
4547.379 2.0637e-16
4548.914 1.6764e-16
4550.447 1.5724e-16
4551.981 2.0725e-16
4553.515 1.7042e-16
4555.049 2.0929e-16
4556.583 1.3235e-16
4558.117 1.2775e-16
4559.651 1.2665e-16
4561.185 1.7751e-16
4562.719 1.7378e-16
4564.252 1.8211e-16
4565.787 1.6646e-16
4567.320 1.3456e-16
4568.854 1.5452e-16
4570.388 1.6665e-16
4571.922 1.8366e-16
4573.456 1.7518e-16
4574.990 2.1953e-16
4576.524 1.8191e-16
4578.058 1.4468e-16
4579.592 1.0797e-16
4581.126 1.5892e-16
4582.660 1.8065e-16
4584.194 1.474e-16
4585.728 1.7428e-16
4587.262 1.4902e-16
4588.795 1.164e-16
4590.330 1.879e-16
4591.863 1.8245e-16
4593.397 2.0048e-16
4594.931 1.6628e-16
4596.465 1.6886e-16
4597.999 1.6458e-16
4599.533 1.4246e-16
4601.067 1.5726e-16
4602.601 1.533e-16
4604.135 1.8307e-16
4605.669 1.5109e-16
4607.203 1.9667e-16
4608.737 2.0661e-16
4610.271 1.6123e-16
4611.805 1.491e-16
4613.338 1.2174e-16
4614.873 1.4772e-16
4616.406 1.9292e-16
4617.940 1.4913e-16
4619.474 1.2128e-16
4621.008 1.4539e-16
4622.542 1.3158e-16
4624.076 1.6074e-16
4625.610 2.0642e-16
4627.144 1.4521e-16
4628.678 1.7267e-16
4630.211 1.6373e-16
4631.746 1.2765e-16
4633.279 1.4215e-16
4634.813 1.6491e-16
4636.347 1.7986e-16
4637.881 1.6936e-16
4639.415 1.7434e-16
4640.949 1.3115e-16
4642.483 1.2463e-16
4644.017 1.5274e-16
4645.551 1.6491e-16
4647.085 1.5783e-16
4648.619 9.7524e-17
4650.153 1.4343e-16
4651.687 1.1505e-16
4653.221 1.3198e-16
4654.754 1.3576e-16
4656.289 1.6077e-16
4657.822 1.5586e-16
4659.356 1.9295e-16
4660.890 1.6653e-16
4662.424 1.3736e-16
4663.958 1.2003e-16
4665.492 1.5417e-16
4667.026 1.8274e-16
4668.560 2.123e-16
4670.094 1.6989e-16
4671.628 1.5609e-16
4673.162 1.7447e-16
4674.696 1.4641e-16
4676.229 1.071e-16
4677.764 1.4743e-16
4679.297 1.8237e-16
4680.832 2.0526e-16
4682.365 1.8119e-16
4683.899 1.6186e-16
4685.433 1.9536e-16
4686.967 1.7217e-16
4688.501 1.4532e-16
4690.035 1.5911e-16
4691.569 1.9586e-16
4693.103 2.041e-16
4694.637 1.6255e-16
4696.170 1.635e-16
4697.705 1.3364e-16
4699.238 1.5751e-16
4700.772 1.6679e-16
4702.306 1.6262e-16
4703.840 1.6111e-16
4705.374 1.4956e-16
4706.908 1.2483e-16
4708.442 1.539e-16
4709.976 1.6e-16
4711.510 1.6768e-16
4713.044 1.7286e-16
4714.578 1.5116e-16
4716.112 1.4938e-16
4717.646 1.5434e-16
4719.180 1.4209e-16
4720.713 1.5817e-16
4722.248 1.84e-16
4723.781 1.856e-16
4725.315 1.8414e-16
4726.849 1.9293e-16
4728.383 2.0729e-16
4729.917 1.9732e-16
4731.451 1.7118e-16
4732.985 2.1049e-16
4734.519 1.7131e-16
4736.053 1.4021e-16
4737.587 1.859e-16
4739.121 1.8029e-16
4740.655 1.5272e-16
4742.188 1.6377e-16
4743.723 1.8808e-16
4745.256 1.6541e-16
4746.791 1.8819e-16
4748.324 1.4062e-16
4749.858 1.3833e-16
4751.392 1.7432e-16
4752.926 1.5637e-16
4754.460 1.2562e-16
4755.994 1.2196e-16
4757.528 1.839e-16
4759.062 2.135e-16
4760.596 1.9645e-16
4762.129 1.7731e-16
4763.664 1.5555e-16
4765.197 1.8277e-16
4766.731 1.8252e-16
4768.265 1.7214e-16
4769.799 2.023e-16
4771.333 1.9756e-16
4772.867 1.9778e-16
4774.401 1.9576e-16
4775.935 1.929e-16
4777.469 1.3748e-16
4779.003 1.617e-16
4780.537 1.7468e-16
4782.071 1.623e-16
4783.604 1.5738e-16
4785.139 1.4643e-16
4786.672 1.6682e-16
4788.207 1.9162e-16
4789.740 1.5601e-16
4791.274 1.2103e-16
4792.808 1.6297e-16
4794.342 1.5991e-16
4795.876 1.8428e-16
4797.410 1.4789e-16
4798.944 1.4365e-16
4800.478 1.7865e-16
4802.012 1.5019e-16
4803.546 1.4731e-16
4805.080 1.5362e-16
4806.614 2.0262e-16
4808.147 2.1459e-16
4809.682 1.7414e-16
4811.215 1.602e-16
4812.750 1.6035e-16
4814.283 1.3395e-16
4815.817 1.327e-16
4817.351 1.5555e-16
4818.885 1.3569e-16
4820.419 1.4401e-16
4821.953 1.4464e-16
4823.487 1.4416e-16
4825.021 1.7028e-16
4826.555 1.6915e-16
4828.088 1.4157e-16
4829.623 1.2985e-16
4831.156 1.2042e-16
4832.690 1.4126e-16
4834.224 1.4302e-16
4835.758 1.5603e-16
4837.292 1.7492e-16
4838.826 1.2299e-16
4840.360 1.7955e-16
4841.894 1.7757e-16
4843.428 1.3912e-16
4844.962 1.0497e-16
4846.496 1.3384e-16
4848.030 1.2679e-16
4849.563 1.3166e-16
4851.098 1.6751e-16
4852.631 1.7083e-16
4854.166 1.3963e-16
4855.699 1.6984e-16
4857.233 1.6865e-16
4858.767 1.451e-16
4860.301 1.5924e-16
4861.835 1.4335e-16
4863.369 1.1521e-16
4864.903 1.477e-16
4866.437 1.6496e-16
4867.971 1.51e-16
4869.505 1.298e-16
4871.039 1.3681e-16
4872.573 1.7787e-16
4874.106 2.0616e-16
4875.641 1.781e-16
4877.174 1.4786e-16
4878.708 1.292e-16
4880.242 1.4919e-16
4881.776 1.6668e-16
4883.310 1.3136e-16
4884.844 1.4327e-16
4886.378 1.4304e-16
4887.912 1.3181e-16
4889.446 1.5947e-16
4890.979 1.3098e-16
4892.514 1.4937e-16
4894.047 1.2549e-16
4895.582 1.1445e-16
4897.115 1.4321e-16
4898.649 1.3874e-16
4900.183 1.5001e-16
4901.717 1.3735e-16
4903.251 1.4299e-16
4904.785 1.4305e-16
4906.319 1.3709e-16
4907.853 1.4226e-16
4909.387 1.5161e-16
4910.921 1.7319e-16
4912.455 1.4217e-16
4913.989 1.6422e-16
4915.522 1.4686e-16
4917.057 1.5785e-16
4918.590 1.5651e-16
4920.125 1.3411e-16
4921.658 1.3215e-16
4923.192 1.0219e-16
4924.726 8.3756e-17
4926.260 1.1921e-16
4927.794 1.4613e-16
4929.328 1.8168e-16
4930.862 1.5497e-16
4932.396 1.482e-16
4933.930 1.3941e-16
4935.464 1.4632e-16
4936.998 1.6656e-16
4938.532 1.7043e-16
4940.065 1.4658e-16
4941.600 1.3513e-16
4943.133 1.5504e-16
4944.667 1.5929e-16
4946.201 1.7969e-16
4947.735 1.9197e-16
4949.269 1.5089e-16
4950.803 1.5645e-16
4952.337 1.7236e-16
4953.871 1.4071e-16
4955.405 1.4229e-16
4956.938 1.8712e-16
4958.473 1.8192e-16
4960.006 1.6135e-16
4961.541 1.3975e-16
4963.074 1.6634e-16
4964.608 1.9943e-16
4966.142 1.681e-16
4967.676 1.7905e-16
4969.210 1.7297e-16
4970.744 1.4928e-16
4972.278 1.4665e-16
4973.812 1.6921e-16
4975.346 1.5221e-16
4976.880 1.4176e-16
4978.414 1.3352e-16
4979.948 1.5877e-16
4981.481 1.2348e-16
4983.016 1.4499e-16
4984.549 1.2936e-16
4986.083 1.3022e-16
4987.617 1.7267e-16
4989.151 1.2972e-16
4990.685 1.2064e-16
4992.219 1.2765e-16
4993.753 1.3979e-16
4995.287 2.1179e-16
4996.821 3.3737e-16
4998.355 3.5681e-16
4999.889 2.6768e-16
5001.423 1.642e-16
5002.957 1.2129e-16
5004.491 1.2745e-16
5006.024 1.3836e-16
5007.559 1.749e-16
5009.092 1.5426e-16
5010.626 1.391e-16
5012.160 1.1853e-16
5013.694 1.4582e-16
5015.228 1.2813e-16
5016.762 1.5649e-16
5018.296 1.7778e-16
5019.830 1.6211e-16
5021.364 1.7298e-16
5022.897 1.555e-16
5024.432 1.7514e-16
5025.965 1.7289e-16
5027.500 1.3904e-16
5029.033 1.6346e-16
5030.567 1.4763e-16
5032.101 1.7922e-16
5033.635 2.0937e-16
5035.169 1.9922e-16
5036.703 1.7718e-16
5038.237 1.5502e-16
5039.771 1.6205e-16
5041.305 1.634e-16
5042.839 1.7012e-16
5044.373 1.575e-16
5045.907 1.799e-16
5047.440 1.8533e-16
5048.975 1.7604e-16
5050.508 1.7212e-16
5052.042 1.6208e-16
5053.576 1.8041e-16
5055.110 1.6676e-16
5056.644 1.6316e-16
5058.178 1.8239e-16
5059.712 1.4889e-16
5061.246 1.3995e-16
5062.780 1.5753e-16
5064.314 1.3711e-16
5065.848 1.5342e-16
5067.382 1.3288e-16
5068.916 1.3852e-16
5070.450 1.4465e-16
5071.983 1.7884e-16
5073.518 1.6209e-16
5075.051 1.5354e-16
5076.585 1.6446e-16
5078.119 1.4426e-16
5079.653 1.609e-16
5081.187 1.6929e-16
5082.721 1.7228e-16
5084.255 1.7999e-16
5085.789 1.3811e-16
5087.323 1.2198e-16
5088.856 1.2305e-16
5090.391 1.3753e-16
5091.924 1.1586e-16
5093.458 1.856e-16
5094.992 1.845e-16
5096.526 1.9388e-16
5098.060 2.1195e-16
5099.594 1.8746e-16
5101.128 1.5215e-16
5102.662 1.4158e-16
5104.196 1.3623e-16
5105.730 1.5436e-16
5107.264 1.5447e-16
5108.798 1.239e-16
5110.332 1.4136e-16
5111.866 1.6502e-16
5113.399 1.9407e-16
5114.934 1.5377e-16
5116.467 1.3968e-16
5118.001 1.4848e-16
5119.535 1.1648e-16
5121.069 1.1532e-16
5122.603 1.3096e-16
5124.137 1.5486e-16
5125.671 1.623e-16
5127.205 1.6445e-16
5128.739 1.882e-16
5130.273 1.7105e-16
5131.807 1.6427e-16
5133.341 1.7443e-16
5134.875 1.7978e-16
5136.409 1.9895e-16
5137.942 1.7894e-16
5139.477 2.0036e-16
5141.010 1.5953e-16
5142.544 1.2883e-16
5144.078 1.7817e-16
5145.612 2.3625e-16
5147.146 2.1745e-16
5148.680 2.344e-16
5150.214 1.9685e-16
5151.748 1.8305e-16
5153.282 1.7461e-16
5154.815 1.59e-16
5156.350 1.4425e-16
5157.883 1.6237e-16
5159.417 1.5694e-16
5160.951 1.5793e-16
5162.485 1.4717e-16
5164.019 1.4189e-16
5165.553 1.6101e-16
5167.087 1.7776e-16
5168.621 1.5495e-16
5170.155 1.3354e-16
5171.689 1.6158e-16
5173.223 2.033e-16
5174.757 2.0584e-16
5176.291 1.8328e-16
5177.825 1.875e-16
5179.358 1.5008e-16
5180.893 1.5556e-16
5182.426 1.5093e-16
5183.960 1.7589e-16
5185.494 1.7974e-16
5187.028 1.4677e-16
5188.562 1.4055e-16
5190.096 1.6407e-16
5191.630 1.5768e-16
5193.164 1.4732e-16
5194.698 1.8179e-16
5196.232 1.5567e-16
5197.766 1.5727e-16
5199.300 1.5293e-16
5200.833 1.7948e-16
5202.368 1.9765e-16
5203.901 1.6598e-16
5205.435 1.5767e-16
5206.969 1.6456e-16
5208.503 1.5418e-16
5210.037 1.9539e-16
5211.571 1.7526e-16
5213.105 1.468e-16
5214.639 1.8322e-16
5216.173 1.9655e-16
5217.707 1.5622e-16
5219.241 1.5505e-16
5220.774 1.6111e-16
5222.309 1.578e-16
5223.842 1.4375e-16
5225.376 1.3257e-16
5226.910 1.2104e-16
5228.444 1.5415e-16
5229.978 1.8636e-16
5231.512 1.4017e-16
5233.046 1.467e-16
5234.580 1.6107e-16
5236.114 1.5695e-16
5237.648 1.7228e-16
5239.182 1.6665e-16
5240.716 1.5382e-16
5242.250 1.4444e-16
5243.784 1.6166e-16
5245.317 1.3568e-16
5246.852 1.4541e-16
5248.385 1.3975e-16
5249.919 1.5364e-16
5251.453 1.5331e-16
5252.987 1.3835e-16
5254.521 1.6578e-16
5256.055 1.8208e-16
5257.589 1.4742e-16
5259.123 1.4113e-16
5260.657 1.6331e-16
5262.191 1.5147e-16
5263.725 1.4203e-16
5265.259 1.6343e-16
5266.792 2.0253e-16
5268.327 1.6157e-16
5269.860 1.5216e-16
5271.394 1.1778e-16
5272.928 1.3457e-16
5274.462 1.9292e-16
5275.996 1.6256e-16
5277.530 1.5376e-16
5279.064 1.5731e-16
5280.598 1.6244e-16
5282.132 1.531e-16
5283.666 1.6243e-16
5285.200 1.6388e-16
5286.733 1.646e-16
5288.268 1.3892e-16
5289.801 1.1772e-16
5291.335 1.6068e-16
5292.869 1.3786e-16
5294.403 1.379e-16
5295.937 1.2618e-16
5297.471 1.0188e-16
5299.005 1.2299e-16
5300.539 1.2401e-16
5302.073 1.2898e-16
5303.607 1.577e-16
5305.141 1.2301e-16
5306.675 1.458e-16
5308.208 1.7862e-16
5309.743 1.5218e-16
5311.276 1.1561e-16
5312.811 8.6564e-17
5314.344 1.1092e-16
5315.878 1.436e-16
5317.412 1.2384e-16
5318.946 1.3631e-16
5320.480 1.2245e-16
5322.014 1.3819e-16
5323.548 1.4012e-16
5325.082 1.5833e-16
5326.616 1.6617e-16
5328.150 1.3308e-16
5329.684 1.5336e-16
5331.218 1.6132e-16
5332.751 1.825e-16
5334.285 1.4206e-16
5335.819 1.4672e-16
5337.353 1.4986e-16
5338.887 9.0044e-17
5340.421 1.0809e-16
5341.955 1.4276e-16
5343.489 1.0508e-16
5345.023 1.4038e-16
5346.557 1.5508e-16
5348.091 1.6515e-16
5349.625 1.5497e-16
5351.159 1.3857e-16
5352.692 1.2933e-16
5354.227 1.1343e-16
5355.760 1.2995e-16
5357.294 1.5724e-16
5358.828 1.4482e-16
5360.362 1.1392e-16
5361.896 1.3058e-16
5363.430 1.4417e-16
5364.964 1.7098e-16
5366.498 1.7603e-16
5368.032 1.4134e-16
5369.566 1.2159e-16
5371.100 1.1272e-16
5372.634 1.2889e-16
5374.167 1.974e-16
5375.702 1.5496e-16
5377.235 1.443e-16
5378.770 1.3339e-16
5380.303 1.5794e-16
5381.837 1.3774e-16
5383.371 1.1574e-16
5384.905 1.269e-16
5386.439 1.1978e-16
5387.973 1.4399e-16
5389.507 1.3113e-16
5391.041 1.1399e-16
5392.575 1.2502e-16
5394.109 1.4133e-16
5395.643 1.1925e-16
5397.177 1.5495e-16
5398.710 1.3739e-16
5400.244 9.5196e-17
5401.778 1.4275e-16
5403.312 1.3064e-16
5404.846 1.086e-16
5406.380 1.3483e-16
5407.914 1.4172e-16
5409.448 1.1563e-16
5410.982 1.0472e-16
5412.516 1.153e-16
5414.050 1.4857e-16
5415.583 1.3292e-16
5417.118 1.1808e-16
5418.651 1.1537e-16
5420.186 1.1822e-16
5421.719 1.5505e-16
5423.253 1.5254e-16
5424.787 1.518e-16
5426.321 1.5512e-16
5427.855 8.8327e-17
5429.389 8.9778e-17
5430.923 1.1868e-16
5432.457 1.1892e-16
5433.991 1.2034e-16
5435.525 1.6452e-16
5437.059 1.5943e-16
5438.593 1.4561e-16
5440.126 9.9685e-17
5441.661 1.2293e-16
5443.194 1.6842e-16
5444.729 1.8968e-16
5446.262 1.8297e-16
5447.796 1.1874e-16
5449.330 8.4854e-17
5450.864 1.1432e-16
5452.398 1.6882e-16
5453.932 1.8942e-16
5455.466 1.7046e-16
5457.000 1.5255e-16
5458.534 1.5305e-16
5460.068 1.2243e-16
5461.602 1.6409e-16
5463.135 1.8079e-16
5464.669 1.3641e-16
5466.203 1.4138e-16
5467.737 1.6618e-16
5469.271 1.7001e-16
5470.805 1.7406e-16
5472.339 1.4906e-16
5473.873 1.2383e-16
5475.407 1.2327e-16
5476.941 9.205e-17
5478.475 9.7547e-17
5480.009 1.0875e-16
5481.542 1.2683e-16
5483.077 1.6785e-16
5484.610 1.9254e-16
5486.145 1.5736e-16
5487.678 1.4251e-16
5489.212 2.1253e-16
5490.746 1.7082e-16
5492.280 9.074e-17
5493.814 9.9196e-17
5495.348 1.3312e-16
5496.882 1.3138e-16
5498.416 1.3878e-16
5499.950 1.5038e-16
5501.484 1.726e-16
5503.018 1.7092e-16
5504.552 1.6412e-16
5506.085 1.6642e-16
5507.620 1.4353e-16
5509.153 1.4036e-16
5510.688 1.5749e-16
5512.221 1.4926e-16
5513.755 1.3726e-16
5515.289 1.5303e-16
5516.823 1.6578e-16
5518.357 1.6173e-16
5519.891 1.548e-16
5521.425 1.463e-16
5522.959 1.5405e-16
5524.493 1.6292e-16
5526.027 1.4549e-16
5527.561 1.554e-16
5529.094 1.824e-16
5530.628 1.7527e-16
5532.162 1.6209e-16
5533.696 1.7082e-16
5535.230 1.5095e-16
5536.764 1.5444e-16
5538.298 1.53e-16
5539.832 1.6337e-16
5541.366 1.7779e-16
5542.900 1.6539e-16
5544.434 1.6555e-16
5545.968 1.5947e-16
5547.501 1.735e-16
5549.036 1.9167e-16
5550.569 1.8462e-16
5552.104 1.6412e-16
5553.637 1.7477e-16
5555.171 1.8074e-16
5556.705 1.6865e-16
5558.239 1.6234e-16
5559.773 1.9436e-16
5561.307 1.7943e-16
5562.841 1.8504e-16
5564.375 1.7037e-16
5565.909 1.5851e-16
5567.443 1.7434e-16
5568.977 1.6101e-16
5570.511 1.9474e-16
5572.044 2.1761e-16
5573.579 2.3501e-16
5575.112 2.1332e-16
5576.646 2.2879e-16
5578.180 2.1294e-16
5579.714 1.7399e-16
5581.248 1.3653e-16
5582.782 1.4265e-16
5584.316 1.3909e-16
5585.850 1.4166e-16
5587.384 1.5533e-16
5588.918 1.3569e-16
5590.452 1.5417e-16
5591.985 1.9071e-16
5593.520 1.8978e-16
5595.053 1.6736e-16
5596.587 1.953e-16
5598.121 2.1322e-16
5599.655 1.8123e-16
5601.189 1.8101e-16
5602.723 2.0295e-16
5604.257 2.082e-16
5605.791 1.6934e-16
5607.325 1.7766e-16
5608.859 1.7879e-16
5610.393 1.5466e-16
5611.927 1.8494e-16
5613.460 1.9141e-16
5614.995 1.8636e-16
5616.528 1.7856e-16
5618.062 1.716e-16
5619.596 1.4923e-16
5621.130 1.6733e-16
5622.664 1.6675e-16
5624.198 2.0018e-16
5625.732 1.8582e-16
5627.266 1.6827e-16
5628.800 1.6509e-16
5630.334 1.7662e-16
5631.868 1.9051e-16
5633.402 1.7709e-16
5634.936 1.658e-16
5636.470 1.585e-16
5638.003 1.5322e-16
5639.538 1.4391e-16
5641.071 1.6202e-16
5642.605 1.6915e-16
5644.139 1.5565e-16
5645.673 1.4933e-16
5647.207 1.8154e-16
5648.741 1.9629e-16
5650.275 1.7372e-16
5651.809 1.6936e-16
5653.343 1.6693e-16
5654.877 1.6529e-16
5656.411 1.8559e-16
5657.944 1.9509e-16
5659.479 1.9015e-16
5661.012 1.8008e-16
5662.546 1.659e-16
5664.080 1.6848e-16
5665.614 1.6088e-16
5667.148 1.6477e-16
5668.682 1.7969e-16
5670.216 1.7586e-16
5671.750 1.6601e-16
5673.284 1.5601e-16
5674.818 1.7213e-16
5676.352 1.8959e-16
5677.886 1.7524e-16
5679.419 1.6278e-16
5680.954 1.8175e-16
5682.487 1.6513e-16
5684.021 1.512e-16
5685.555 1.8094e-16
5687.089 1.9161e-16
5688.623 1.9093e-16
5690.157 1.8644e-16
5691.691 1.8415e-16
5693.225 1.971e-16
5694.759 1.8382e-16
5696.293 1.6974e-16
5697.827 1.859e-16
5699.361 1.9239e-16
5700.895 1.6897e-16
5702.429 1.6406e-16
5703.962 2.0037e-16
5705.497 1.8443e-16
5707.030 1.495e-16
5708.564 1.5348e-16
5710.098 1.7294e-16
5711.632 1.5306e-16
5713.166 1.6496e-16
5714.700 1.638e-16
5716.234 1.6886e-16
5717.768 1.7463e-16
5719.302 1.5658e-16
5720.835 1.4391e-16
5722.370 1.5289e-16
5723.903 1.7884e-16
5725.438 1.7901e-16
5726.971 1.6173e-16
5728.505 1.6859e-16
5730.039 1.6951e-16
5731.573 1.5313e-16
5733.107 1.5318e-16
5734.641 1.4716e-16
5736.175 1.6253e-16
5737.709 1.6559e-16
5739.243 1.7439e-16
5740.777 1.7744e-16
5742.311 1.7578e-16
5743.845 1.6815e-16
5745.378 1.5654e-16
5746.913 1.694e-16
5748.446 1.7894e-16
5749.980 1.5831e-16
5751.514 1.5228e-16
5753.048 1.5474e-16
5754.582 1.3023e-16
5756.116 1.3742e-16
5757.650 1.6825e-16
5759.184 1.5417e-16
5760.718 1.36e-16
5762.252 1.6005e-16
5763.786 1.4564e-16
5765.320 1.4437e-16
5766.854 1.8291e-16
5768.388 1.7202e-16
5769.921 1.5922e-16
5771.456 1.7482e-16
5772.989 1.6201e-16
5774.523 1.7547e-16
5776.057 1.7167e-16
5777.591 1.5305e-16
5779.125 1.5602e-16
5780.659 1.695e-16
5782.193 1.5469e-16
5783.727 1.5122e-16
5785.261 1.5178e-16
5786.794 1.6835e-16
5788.329 1.8515e-16
5789.862 1.6859e-16
5791.396 1.6045e-16
5792.930 1.5741e-16
5794.464 1.5091e-16
5795.998 1.5191e-16
5797.532 1.6706e-16
5799.066 1.7392e-16
5800.600 1.712e-16
5802.134 1.6484e-16
5803.668 1.5965e-16
5805.202 1.6111e-16
5806.736 1.6522e-16
5808.270 1.6703e-16
5809.804 1.6713e-16
5811.337 1.9106e-16
5812.872 1.7771e-16
5814.405 1.6104e-16
5815.939 1.7891e-16
5817.473 1.6206e-16
5819.007 1.6225e-16
5820.541 1.7329e-16
5822.075 1.6377e-16
5823.609 1.6812e-16
5825.143 1.8246e-16
5826.677 1.7805e-16
5828.211 1.8198e-16
5829.745 1.8806e-16
5831.279 1.8844e-16
5832.812 1.9043e-16
5834.347 1.8669e-16
5835.880 1.8586e-16
5837.415 1.6968e-16
5838.948 1.6602e-16
5840.482 1.8927e-16
5842.016 1.8226e-16
5843.550 1.6063e-16
5845.084 1.6561e-16
5846.618 1.5941e-16
5848.152 1.584e-16
5849.686 1.5917e-16
5851.220 1.4893e-16
5852.753 1.5424e-16
5854.288 1.6642e-16
5855.821 1.6373e-16
5857.355 1.5855e-16
5858.889 1.6098e-16
5860.423 1.7109e-16
5861.957 1.6854e-16
5863.491 1.5384e-16
5865.025 1.6671e-16
5866.559 1.6151e-16
5868.093 1.4738e-16
5869.627 1.6198e-16
5871.161 1.7031e-16
5872.695 1.7104e-16
5874.229 1.6355e-16
5875.763 1.5919e-16
5877.296 1.5091e-16
5878.831 1.4966e-16
5880.364 1.6253e-16
5881.898 1.679e-16
5883.432 1.3638e-16
5884.966 1.5594e-16
5886.500 1.8307e-16
5888.034 1.8448e-16
5889.568 1.5852e-16
5891.102 1.3554e-16
5892.636 1.3306e-16
5894.170 1.6925e-16
5895.704 1.3854e-16
5897.238 1.0884e-16
5898.771 1.4563e-16
5900.306 1.5802e-16
5901.839 1.7079e-16
5903.374 1.7591e-16
5904.907 1.7631e-16
5906.441 1.7339e-16
5907.975 1.6546e-16
5909.509 1.5328e-16
5911.043 1.7364e-16
5912.577 1.6302e-16
5914.111 1.4607e-16
5915.645 1.5482e-16
5917.179 1.7677e-16
5918.712 1.6631e-16
5920.247 1.6533e-16
5921.780 1.7091e-16
5923.314 1.6986e-16
5924.848 1.4972e-16
5926.382 1.5459e-16
5927.916 1.5419e-16
5929.450 1.5414e-16
5930.984 1.4847e-16
5932.518 1.3613e-16
5934.052 1.5669e-16
5935.586 1.715e-16
5937.120 1.6103e-16
5938.654 1.6917e-16
5940.188 1.5638e-16
5941.722 1.5955e-16
5943.255 1.4866e-16
5944.790 1.3768e-16
5946.323 1.2871e-16
5947.857 1.3983e-16
5949.391 1.6297e-16
5950.925 1.777e-16
5952.459 1.499e-16
5953.993 1.4122e-16
5955.527 1.4306e-16
5957.061 1.4548e-16
5958.595 1.6663e-16
5960.129 1.6989e-16
5961.663 1.3847e-16
5963.197 1.4015e-16
5964.730 1.4823e-16
5966.265 1.6938e-16
5967.798 1.5705e-16
5969.333 1.3659e-16
5970.866 1.2122e-16
5972.400 1.2713e-16
5973.934 1.4265e-16
5975.468 1.5969e-16
5977.002 1.7215e-16
5978.536 1.6401e-16
5980.070 1.6519e-16
5981.604 1.657e-16
5983.138 1.6561e-16
5984.671 1.6369e-16
5986.206 1.4335e-16
5987.739 1.5541e-16
5989.273 1.7119e-16
5990.807 1.4677e-16
5992.341 1.4681e-16
5993.875 1.6011e-16
5995.409 1.3776e-16
5996.943 1.3717e-16
5998.477 1.5035e-16
6000.011 1.5051e-16
6001.545 1.3675e-16
6003.079 1.4749e-16
6004.613 1.5705e-16
6006.146 1.6439e-16
6007.681 1.711e-16
6009.214 1.7649e-16
6010.749 1.6189e-16
6012.282 1.6572e-16
6013.816 1.9063e-16
6015.350 1.8528e-16
6016.884 1.6845e-16
6018.418 1.5352e-16
6019.952 1.6206e-16
6021.486 1.5649e-16
6023.020 1.4522e-16
6024.554 1.621e-16
6026.088 1.6623e-16
6027.622 1.7049e-16
6029.156 1.7274e-16
6030.689 1.8953e-16
6032.224 1.9668e-16
6033.757 1.7531e-16
6035.292 1.5457e-16
6036.825 1.6441e-16
6038.359 1.7989e-16
6039.893 1.8963e-16
6041.427 1.8865e-16
6042.961 1.8923e-16
6044.495 1.878e-16
6046.029 1.9074e-16
6047.562 1.709e-16
6049.097 1.6968e-16
6050.630 1.7467e-16
6052.165 1.5303e-16
6053.698 1.4524e-16
6055.232 1.6933e-16
6056.766 1.7172e-16
6058.300 1.5979e-16
6059.834 1.7372e-16
6061.368 1.6245e-16
6062.902 1.694e-16
6064.436 1.8043e-16
6065.970 1.7797e-16
6067.504 1.882e-16
6069.038 1.9129e-16
6070.572 1.7583e-16
6072.105 1.7127e-16
6073.640 1.8417e-16
6075.173 1.852e-16
6076.708 1.7886e-16
6078.241 1.7824e-16
6079.775 1.7167e-16
6081.309 1.7383e-16
6082.843 1.7697e-16
6084.377 1.78e-16
6085.911 1.8515e-16
6087.445 1.7535e-16
6088.979 1.8254e-16
6090.513 1.7596e-16
6092.047 1.7953e-16
6093.581 1.6812e-16
6095.115 1.6945e-16
6096.648 1.7838e-16
6098.183 1.7419e-16
6099.716 1.6458e-16
6101.250 1.5619e-16
6102.784 1.4833e-16
6104.318 1.6764e-16
6105.852 1.8062e-16
6107.386 1.6081e-16
6108.920 1.5474e-16
6110.454 1.5905e-16
6111.988 1.7247e-16
6113.521 1.7794e-16
6115.056 1.5429e-16
6116.589 1.3677e-16
6118.124 1.435e-16
6119.657 1.6373e-16
6121.191 1.7152e-16
6122.725 1.6393e-16
6124.259 1.6262e-16
6125.793 1.6436e-16
6127.327 1.6806e-16
6128.861 1.7056e-16
6130.395 1.4504e-16
6131.929 1.5164e-16
6133.463 1.5797e-16
6134.997 1.5499e-16
6136.531 1.6628e-16
6138.064 1.5975e-16
6139.599 1.6308e-16
6141.132 1.7618e-16
6142.667 1.7128e-16
6144.200 1.5513e-16
6145.734 1.6577e-16
6147.268 1.5707e-16
6148.802 1.539e-16
6150.336 1.5563e-16
6151.870 1.6615e-16
6153.404 1.9659e-16
6154.938 1.7309e-16
6156.472 1.7587e-16
6158.006 1.7376e-16
6159.540 1.72e-16
6161.074 1.669e-16
6162.607 1.6043e-16
6164.142 1.6945e-16
6165.675 1.7606e-16
6167.209 1.6928e-16
6168.743 1.5671e-16
6170.277 1.572e-16
6171.811 1.7443e-16
6173.345 1.7265e-16
6174.879 1.5402e-16
6176.413 1.4672e-16
6177.947 1.5294e-16
6179.480 1.7187e-16
6181.015 1.6628e-16
6182.548 1.5379e-16
6184.083 1.5811e-16
6185.616 1.6951e-16
6187.150 1.708e-16
6188.684 1.8042e-16
6190.218 1.6396e-16
6191.752 1.5465e-16
6193.286 1.6935e-16
6194.820 1.6606e-16
6196.354 1.6508e-16
6197.888 1.6576e-16
6199.422 1.6571e-16
6200.956 1.6211e-16
6202.490 1.695e-16
6204.023 1.6309e-16
6205.558 1.5895e-16
6207.091 1.3854e-16
6208.625 1.4727e-16
6210.159 1.5467e-16
6211.693 1.6302e-16
6213.227 1.684e-16
6214.761 1.6103e-16
6216.295 1.5696e-16
6217.829 1.6948e-16
6219.363 1.7791e-16
6220.897 1.7301e-16
6222.431 1.7189e-16
6223.965 1.6469e-16
6225.499 1.5921e-16
6227.033 1.6637e-16
6228.566 1.7511e-16
6230.101 1.7566e-16
6231.634 1.707e-16
6233.168 1.572e-16
6234.702 1.5251e-16
6236.236 1.6754e-16
6237.770 1.6606e-16
6239.304 1.7038e-16
6240.838 1.7516e-16
6242.372 1.7493e-16
6243.906 1.8198e-16
6245.439 1.6587e-16
6246.974 1.6573e-16
6248.507 1.6103e-16
6250.042 1.4965e-16
6251.575 1.4802e-16
6253.109 1.534e-16
6254.643 1.5905e-16
6256.177 1.7715e-16
6257.711 1.7185e-16
6259.245 1.4296e-16
6260.779 1.5604e-16
6262.313 1.5657e-16
6263.847 1.405e-16
6265.381 1.6279e-16
6266.915 1.7197e-16
6268.449 1.6034e-16
6269.982 1.6039e-16
6271.517 1.6531e-16
6273.050 1.437e-16
6274.584 1.5122e-16
6276.118 1.707e-16
6277.652 1.57e-16
6279.186 1.6486e-16
6280.720 1.6723e-16
6282.254 1.6672e-16
6283.788 1.687e-16
6285.322 1.6482e-16
6286.856 1.5285e-16
6288.390 1.6846e-16
6289.924 1.6953e-16
6291.458 1.5695e-16
6292.992 1.4349e-16
6294.525 1.3713e-16
6296.060 1.3158e-16
6297.593 1.2792e-16
6299.127 1.8584e-16
6300.661 2.0286e-16
6302.195 1.7611e-16
6303.729 1.7157e-16
6305.263 1.6492e-16
6306.797 1.6701e-16
6308.331 1.7034e-16
6309.865 1.6844e-16
6311.398 1.633e-16
6312.933 1.7799e-16
6314.466 1.6039e-16
6316.000 1.6786e-16
6317.534 1.63e-16
6319.068 1.585e-16
6320.602 1.5725e-16
6322.136 1.7255e-16
6323.670 1.7222e-16
6325.204 1.7297e-16
6326.738 1.851e-16
6328.272 1.597e-16
6329.806 1.5255e-16
6331.340 1.5833e-16
6332.874 1.4853e-16
6334.408 1.4761e-16
6335.941 1.3857e-16
6337.476 1.3838e-16
6339.009 1.5407e-16
6340.543 1.3634e-16
6342.077 1.3967e-16
6343.611 1.5678e-16
6345.145 1.5768e-16
6346.679 1.4406e-16
6348.213 1.4831e-16
6349.747 1.6135e-16
6351.281 1.6024e-16
6352.815 1.5049e-16
6354.349 1.7358e-16
6355.883 1.7452e-16
6357.417 1.5527e-16
6358.951 1.6637e-16
6360.484 1.811e-16
6362.019 1.6941e-16
6363.552 1.7531e-16
6365.086 1.6686e-16
6366.620 1.4585e-16
6368.154 1.5196e-16
6369.688 1.6447e-16
6371.222 1.6905e-16
6372.756 1.6121e-16
6374.290 1.5905e-16
6375.824 1.6289e-16
6377.357 1.6242e-16
6378.892 1.632e-16
6380.425 1.6238e-16
6381.959 1.7001e-16
6383.493 1.5876e-16
6385.027 1.5711e-16
6386.561 1.7702e-16
6388.095 1.6991e-16
6389.629 1.702e-16
6391.163 1.6677e-16
6392.697 1.6165e-16
6394.231 1.5756e-16
6395.765 1.6817e-16
6397.299 1.7572e-16
6398.833 1.5588e-16
6400.367 1.435e-16
6401.900 1.4439e-16
6403.435 1.6582e-16
6404.968 1.6025e-16
6406.502 1.4534e-16
6408.036 1.5971e-16
6409.570 1.6736e-16
6411.104 1.6272e-16
6412.638 1.6402e-16
6414.172 1.6338e-16
6415.706 1.7399e-16
6417.240 1.7408e-16
6418.774 1.6732e-16
6420.308 1.5437e-16
6421.842 1.3972e-16
6423.375 1.4255e-16
6424.910 1.5599e-16
6426.443 1.6454e-16
6427.978 1.8316e-16
6429.511 1.6542e-16
6431.045 1.4497e-16
6432.579 1.6388e-16
6434.113 1.7573e-16
6435.647 1.8164e-16
6437.181 1.7265e-16
6438.715 1.5909e-16
6440.249 1.614e-16
6441.783 1.574e-16
6443.316 1.4885e-16
6444.851 1.5653e-16
6446.384 1.771e-16
6447.918 1.7127e-16
6449.452 1.612e-16
6450.986 1.8019e-16
6452.520 1.9462e-16
6454.054 1.7588e-16
6455.588 1.6372e-16
6457.122 1.7679e-16
6458.656 1.7796e-16
6460.190 1.6845e-16
6461.724 1.6382e-16
6463.258 1.7547e-16
6464.792 1.7735e-16
6466.326 1.571e-16
6467.859 1.5671e-16
6469.394 1.7452e-16
6470.927 1.6882e-16
6472.461 1.6401e-16
6473.995 1.7213e-16
6475.529 1.6617e-16
6477.063 1.6974e-16
6478.597 1.8721e-16
6480.131 1.8298e-16
6481.665 1.6344e-16
6483.199 1.6141e-16
6484.733 1.6509e-16
6486.267 1.6641e-16
6487.801 1.6183e-16
6489.334 1.6991e-16
6490.869 1.6492e-16
6492.402 1.4707e-16
6493.937 1.5427e-16
6495.470 1.4269e-16
6497.004 1.4575e-16
6498.538 1.5419e-16
6500.072 1.4227e-16
6501.606 1.5206e-16
6503.140 1.6186e-16
6504.674 1.5969e-16
6506.208 1.5745e-16
6507.742 1.4672e-16
6509.275 1.4746e-16
6510.810 1.4855e-16
6512.343 1.5142e-16
6513.877 1.5468e-16
6515.411 1.618e-16
6516.945 1.5803e-16
6518.479 1.481e-16
6520.013 1.5248e-16
6521.547 1.6245e-16
6523.081 1.5991e-16
6524.615 1.4374e-16
6526.149 1.5926e-16
6527.683 1.7622e-16
6529.217 1.6463e-16
6530.750 1.6454e-16
6532.285 1.6085e-16
6533.818 1.5905e-16
6535.353 1.6085e-16
6536.886 1.5218e-16
6538.420 1.5188e-16
6539.954 1.5767e-16
6541.488 1.5512e-16
6543.022 1.5112e-16
6544.556 1.6315e-16
6546.090 1.6274e-16
6547.624 1.5226e-16
6549.158 1.6593e-16
6550.692 1.9827e-16
6552.226 1.961e-16
6553.760 1.8391e-16
6555.293 1.8204e-16
6556.828 1.7618e-16
6558.361 1.9281e-16
6559.895 2.1778e-16
6561.429 1.9857e-16
6562.963 1.7369e-16
6564.497 1.7384e-16
6566.031 1.9504e-16
6567.565 1.6916e-16
6569.099 1.5737e-16
6570.633 1.7796e-16
6572.167 1.766e-16
6573.701 1.5859e-16
6575.234 1.516e-16
6576.769 1.5696e-16
6578.302 1.5656e-16
6579.836 1.4299e-16
6581.370 1.4186e-16
6582.904 1.4911e-16
6584.438 1.6012e-16
6585.972 1.6156e-16
6587.506 1.5581e-16
6589.040 1.4463e-16
6590.574 1.2918e-16
6592.108 1.3977e-16
6593.642 1.338e-16
6595.176 1.4065e-16
6596.709 1.4916e-16
6598.244 1.3861e-16
6599.777 1.4469e-16
6601.312 1.4085e-16
6602.845 1.2641e-16
6604.379 1.3411e-16
6605.913 1.4629e-16
6607.447 1.5329e-16
6608.981 1.5852e-16
6610.515 1.6279e-16
6612.049 1.4489e-16
6613.583 1.2952e-16
6615.117 1.4793e-16
6616.651 1.5877e-16
6618.185 1.4445e-16
6619.719 1.2886e-16
6621.252 1.2714e-16
6622.787 1.2974e-16
6624.320 1.5732e-16
6625.854 1.6091e-16
6627.388 1.5881e-16
6628.922 1.584e-16
6630.456 1.5099e-16
6631.990 1.5334e-16
6633.524 1.6149e-16
6635.058 1.6025e-16
6636.592 1.6154e-16
6638.125 1.7128e-16
6639.660 1.6632e-16
6641.193 1.5112e-16
6642.728 1.3658e-16
6644.261 1.3469e-16
6645.795 1.4339e-16
6647.329 1.4285e-16
6648.863 1.4847e-16
6650.397 1.5364e-16
6651.931 1.6106e-16
6653.465 1.6622e-16
6654.999 1.5932e-16
6656.533 1.6065e-16
6658.067 1.6508e-16
6659.601 1.6509e-16
6661.135 1.7138e-16
6662.668 1.8094e-16
6664.203 1.7275e-16
6665.736 1.66e-16
6667.271 1.6879e-16
6668.804 1.8564e-16
6670.338 1.8427e-16
6671.872 1.7859e-16
6673.406 1.7592e-16
6674.940 1.7979e-16
6676.474 1.7115e-16
6678.008 1.6875e-16
6679.542 1.7885e-16
6681.076 1.8115e-16
6682.610 1.9227e-16
6684.144 2.1078e-16
6685.678 1.8339e-16
6687.211 1.749e-16
6688.745 1.8912e-16
6690.279 1.9988e-16
6691.813 2.0088e-16
6693.347 1.9879e-16
6694.881 2.0072e-16
6696.415 2.02e-16
6697.949 2.0973e-16
6699.483 2.1413e-16
6701.017 2.0019e-16
6702.551 2.0008e-16
6704.084 2.1978e-16
6705.619 2.172e-16
6707.152 2.0851e-16
6708.687 2.106e-16
6710.220 2.1906e-16
6711.754 2.1565e-16
6713.288 2.2257e-16
6714.822 2.2799e-16
6716.356 2.3402e-16
6717.890 2.105e-16
6719.424 2.1957e-16
6720.958 2.4025e-16
6722.492 2.3214e-16
6724.026 2.1758e-16
6725.560 2.1369e-16
6727.094 2.2229e-16
6728.627 2.6065e-16
6730.162 3.1737e-16
6731.695 3.419e-16
6733.229 3.1835e-16
6734.763 2.6928e-16
6736.297 2.1573e-16
6737.831 2.141e-16
6739.365 2.4393e-16
6740.899 2.8359e-16
6742.433 4.4595e-16
6743.967 8.1238e-16
6745.501 1.115e-15
6747.035 1.2086e-15
6748.569 1.0598e-15
6750.103 6.7318e-16
6751.637 3.6076e-16
6753.170 2.5021e-16
6754.704 2.1556e-16
6756.238 2.055e-16
6757.772 2.1478e-16
6759.306 2.2026e-16
6760.840 2.1742e-16
6762.374 2.3895e-16
6763.908 3.0386e-16
6765.442 4.0534e-16
6766.976 5.2621e-16
6768.510 5.6188e-16
6770.043 4.8339e-16
6771.578 3.293e-16
6773.111 2.4895e-16
6774.646 2.1562e-16
6776.179 1.9044e-16
6777.713 2.1138e-16
6779.247 2.053e-16
6780.781 2.0012e-16
6782.315 2.0168e-16
6783.849 1.785e-16
6785.383 1.7976e-16
6786.917 1.9507e-16
6788.451 1.8788e-16
6789.985 1.9567e-16
6791.519 1.8617e-16
6793.053 1.8637e-16
6794.586 1.8861e-16
6796.121 1.7983e-16
6797.654 1.8728e-16
6799.188 1.8975e-16
6800.722 1.8299e-16
6802.256 1.8708e-16
6803.790 2.0352e-16
6805.324 2.0076e-16
6806.858 1.7366e-16
6808.392 1.9123e-16
6809.926 2.0132e-16
6811.460 1.9556e-16
6812.994 2.0196e-16
6814.528 1.8962e-16
6816.062 1.8144e-16
6817.595 1.8741e-16
6819.129 1.7856e-16
6820.663 1.6564e-16
6822.197 1.7313e-16
6823.731 1.946e-16
6825.265 1.9973e-16
6826.799 1.8005e-16
6828.333 1.8184e-16
6829.867 1.9686e-16
6831.401 2.0068e-16
6832.935 1.9266e-16
6834.469 1.9047e-16
6836.002 1.8291e-16
6837.537 1.8186e-16
6839.070 2.0064e-16
6840.604 1.9962e-16
6842.138 1.7553e-16
6843.672 1.7224e-16
6845.206 1.8018e-16
6846.740 1.6562e-16
6848.274 1.7421e-16
6849.808 1.8258e-16
6851.342 1.7085e-16
6852.876 1.8536e-16
6854.410 1.8516e-16
6855.944 1.7666e-16
6857.478 1.7511e-16
6859.012 1.8253e-16
6860.545 1.793e-16
6862.080 1.759e-16
6863.613 1.8786e-16
6865.147 2.0232e-16
6866.681 1.9062e-16
6868.215 1.8334e-16
6869.749 1.8779e-16
6871.283 1.9655e-16
6872.817 1.8999e-16
6874.351 1.7596e-16
6875.885 1.874e-16
6877.419 1.8457e-16
6878.953 1.7244e-16
6880.487 1.7293e-16
6882.021 1.8289e-16
6883.554 1.7398e-16
6885.088 1.7316e-16
6886.622 1.792e-16
6888.156 1.7815e-16
6889.690 1.952e-16
6891.224 1.94e-16
6892.758 1.8718e-16
6894.292 1.8694e-16
6895.826 1.8342e-16
6897.360 1.8164e-16
6898.894 1.7327e-16
6900.428 2.1473e-16
6901.961 2.8678e-16
6903.496 3.4988e-16
6905.029 3.6416e-16
6906.563 3.1846e-16
6908.097 2.4718e-16
6909.631 1.859e-16
6911.165 1.697e-16
6912.699 1.6418e-16
6914.233 1.6489e-16
6915.767 2.0705e-16
6917.301 2.398e-16
6918.835 2.6869e-16
6920.369 2.9175e-16
6921.903 2.5558e-16
6923.437 2.0346e-16
6924.971 1.7303e-16
6926.504 1.6693e-16
6928.039 1.7815e-16
6929.572 1.6876e-16
6931.106 1.6891e-16
6932.640 1.7073e-16
6934.174 1.5357e-16
6935.708 1.5869e-16
6937.242 1.5941e-16
6938.776 1.4857e-16
6940.310 1.4071e-16
6941.844 1.4623e-16
6943.378 1.7351e-16
6944.912 1.5609e-16
6946.445 1.4394e-16
6947.979 1.6387e-16
6949.513 1.5838e-16
6951.047 1.5693e-16
6952.581 1.6243e-16
6954.115 1.6592e-16
6955.649 1.7483e-16
6957.183 1.871e-16
6958.717 1.6383e-16
6960.251 1.4878e-16
6961.785 1.5092e-16
6963.319 1.5205e-16
6964.853 1.7041e-16
6966.387 1.6946e-16
6967.920 1.5666e-16
6969.455 1.6473e-16
6970.988 1.7293e-16
6972.522 1.5982e-16
6974.056 1.4512e-16
6975.590 1.3937e-16
6977.124 1.509e-16
6978.658 1.5179e-16
6980.192 1.4043e-16
6981.726 1.494e-16
6983.260 1.4803e-16
6984.794 1.4717e-16
6986.328 1.6267e-16
6987.862 1.5703e-16
6989.396 1.6029e-16
6990.930 1.6821e-16
6992.463 1.4931e-16
6993.998 1.492e-16
6995.531 1.6882e-16
6997.065 1.637e-16
6998.599 1.5632e-16
7000.133 1.6856e-16
7001.667 1.68e-16
7003.201 1.666e-16
7004.735 1.706e-16
7006.269 1.6403e-16
7007.803 1.5832e-16
7009.337 1.5388e-16
7010.871 1.5674e-16
7012.404 1.5981e-16
7013.938 1.6846e-16
7015.472 1.5907e-16
7017.006 1.3869e-16
7018.540 1.4678e-16
7020.074 1.4454e-16
7021.608 1.4818e-16
7023.142 1.6632e-16
7024.676 1.7068e-16
7026.210 1.5862e-16
7027.744 1.5475e-16
7029.278 1.6872e-16
7030.812 1.6208e-16
7032.346 1.4796e-16
7033.879 1.6218e-16
7035.414 1.7086e-16
7036.947 1.7105e-16
7038.481 1.6407e-16
7040.015 1.6179e-16
7041.549 1.5659e-16
7043.083 1.5584e-16
7044.617 1.688e-16
7046.151 1.5527e-16
7047.685 1.5353e-16
7049.219 1.6479e-16
7050.753 1.5055e-16
7052.287 1.5667e-16
7053.821 1.7944e-16
7055.354 1.7623e-16
7056.889 1.7107e-16
7058.422 1.5745e-16
7059.957 1.4489e-16
7061.490 1.4582e-16
7063.024 1.5596e-16
7064.558 1.4584e-16
7066.092 1.4813e-16
7067.626 1.7903e-16
7069.160 1.7895e-16
7070.694 1.6063e-16
7072.228 1.4639e-16
7073.762 1.6705e-16
7075.295 1.6771e-16
7076.830 1.5974e-16
7078.363 1.6297e-16
7079.897 1.6946e-16
7081.431 1.6173e-16
7082.965 1.5876e-16
7084.499 1.5206e-16
7086.033 1.5385e-16
7087.567 1.5285e-16
7089.101 1.4969e-16
7090.635 1.5576e-16
7092.169 1.5117e-16
7093.703 1.4442e-16
7095.237 1.3793e-16
7096.771 1.4677e-16
7098.305 1.6431e-16
7099.838 1.6414e-16
7101.373 1.581e-16
7102.906 1.5955e-16
7104.440 1.592e-16
7105.974 1.4117e-16
7107.508 1.4196e-16
7109.042 1.6225e-16
7110.576 1.5666e-16
7112.110 1.5899e-16
7113.644 1.5026e-16
7115.178 1.4085e-16
7116.712 1.4956e-16
7118.246 1.6677e-16
7119.780 1.7657e-16
7121.313 1.7248e-16
7122.848 1.5428e-16
7124.381 1.5057e-16
7125.916 1.5612e-16
7127.449 1.6159e-16
7128.983 1.5788e-16
7130.517 1.6578e-16
7132.051 1.6048e-16
7133.585 1.6776e-16
7135.119 1.7993e-16
7136.653 1.7013e-16
7138.187 1.7756e-16
7139.721 1.5693e-16
7141.254 1.5594e-16
7142.789 1.6392e-16
7144.322 1.5992e-16
7145.856 1.5265e-16
7147.390 1.4478e-16
7148.924 1.4507e-16
7150.458 1.5733e-16
7151.992 1.7576e-16
7153.526 1.7447e-16
7155.060 1.5772e-16
7156.594 1.7326e-16
7158.128 1.8244e-16
7159.662 1.7084e-16
7161.196 1.6421e-16
7162.729 1.802e-16
7164.264 1.7364e-16
7165.797 1.6862e-16
7167.332 1.7188e-16
7168.865 1.5995e-16
7170.399 1.6021e-16
7171.933 1.6429e-16
7173.467 1.8411e-16
7175.001 1.7085e-16
7176.535 1.7178e-16
7178.069 1.6891e-16
7179.603 1.5369e-16
7181.137 1.5591e-16
7182.671 1.8555e-16
7184.205 1.8768e-16
7185.739 1.7452e-16
7187.272 1.6905e-16
7188.807 1.6086e-16
7190.340 1.6374e-16
7191.875 1.8241e-16
7193.408 1.7419e-16
7194.942 1.7508e-16
7196.476 1.7635e-16
7198.010 1.6044e-16
7199.544 1.4682e-16
7201.078 1.4861e-16
7202.612 1.7138e-16
7204.146 1.855e-16
7205.680 1.8009e-16
7207.213 1.8333e-16
7208.748 1.7944e-16
7210.281 1.5879e-16
7211.815 1.6623e-16
7213.349 1.6578e-16
7214.883 1.6149e-16
7216.417 1.603e-16
7217.951 1.6334e-16
7219.485 1.7719e-16
7221.019 1.8965e-16
7222.553 1.7205e-16
7224.087 1.7049e-16
7225.621 1.7754e-16
7227.155 1.774e-16
7228.688 1.8481e-16
7230.223 1.6991e-16
7231.756 1.5961e-16
7233.291 1.9857e-16
7234.824 1.8064e-16
7236.358 1.5002e-16
7237.892 1.6693e-16
7239.426 1.8213e-16
7240.960 1.8635e-16
7242.494 1.7371e-16
7244.028 1.8302e-16
7245.562 1.6852e-16
7247.096 1.7025e-16
7248.630 1.9322e-16
7250.164 1.6896e-16
7251.698 1.5813e-16
7253.231 1.8009e-16
7254.766 1.6419e-16
7256.299 1.4932e-16
7257.833 1.4846e-16
7259.367 1.4633e-16
7260.901 1.5159e-16
7262.435 1.8468e-16
7263.969 1.6444e-16
7265.503 1.5226e-16
7267.037 1.4515e-16
7268.571 1.6056e-16
7270.104 1.845e-16
7271.639 1.763e-16
7273.172 1.623e-16
7274.707 1.8157e-16
7276.240 1.5778e-16
7277.774 1.5153e-16
7279.308 1.6929e-16
7280.842 1.7438e-16
7282.376 1.6718e-16
7283.910 1.5753e-16
7285.444 1.6512e-16
7286.978 1.783e-16
7288.512 1.7332e-16
7290.046 1.6045e-16
7291.580 1.6262e-16
7293.114 1.6567e-16
7294.647 1.6239e-16
7296.182 1.5096e-16
7297.715 1.6239e-16
7299.250 1.7338e-16
7300.783 1.5787e-16
7302.317 1.6223e-16
7303.851 1.623e-16
7305.385 1.5264e-16
7306.919 1.51e-16
7308.453 1.4457e-16
7309.987 1.5579e-16
7311.521 1.6048e-16
7313.055 1.5524e-16
7314.589 1.5499e-16
7316.123 1.6019e-16
7317.657 1.4656e-16
7319.190 1.4832e-16
7320.725 1.7212e-16
7322.258 1.7646e-16
7323.792 1.6136e-16
7325.326 1.4594e-16
7326.860 1.5848e-16
7328.394 1.4992e-16
7329.928 1.3732e-16
7331.462 1.3247e-16
7332.996 1.511e-16
7334.530 1.6181e-16
7336.063 1.6332e-16
7337.598 1.5543e-16
7339.131 1.66e-16
7340.666 1.5379e-16
7342.199 1.5015e-16
7343.733 1.4764e-16
7345.267 1.4169e-16
7346.801 1.4945e-16
7348.335 1.4479e-16
7349.869 1.3463e-16
7351.403 1.4063e-16
7352.937 1.52e-16
7354.471 1.4534e-16
7356.005 1.517e-16
7357.539 1.4793e-16
7359.073 1.3194e-16
7360.606 1.3968e-16
7362.141 1.3221e-16
7363.674 1.3605e-16
7365.208 1.5368e-16
7366.742 1.5859e-16
7368.276 1.7449e-16
7369.810 1.6794e-16
7371.344 1.3749e-16
7372.878 1.4661e-16
7374.412 1.5101e-16
7375.946 1.4827e-16
7377.480 1.4221e-16
7379.014 1.693e-16
7380.548 1.5924e-16
7382.082 1.5855e-16
7383.616 1.6805e-16
7385.149 1.6335e-16
7386.684 1.6533e-16
7388.217 1.5869e-16
7389.751 1.7298e-16
7391.285 2.4342e-16
7392.819 2.2199e-16
7394.353 1.6601e-16
7395.887 1.5538e-16
7397.421 1.4079e-16
7398.955 1.5762e-16
7400.489 1.6235e-16
7402.022 1.7024e-16
7403.557 1.6071e-16
7405.090 1.5044e-16
7406.625 1.6032e-16
7408.158 1.6618e-16
7409.692 1.5087e-16
7411.226 1.5347e-16
7412.760 1.5782e-16
7414.294 1.5294e-16
7415.828 1.6322e-16
7417.362 1.6045e-16
7418.896 1.4624e-16
7420.430 1.3941e-16
7421.964 1.4671e-16
7423.498 1.6211e-16
7425.032 1.4967e-16
7426.565 1.3874e-16
7428.100 1.5445e-16
7429.633 1.6056e-16
7431.167 1.5494e-16
7432.701 1.6058e-16
7434.235 1.7177e-16
7435.769 1.7247e-16
7437.303 1.5612e-16
7438.837 1.3897e-16
7440.371 1.5654e-16
7441.905 1.6762e-16
7443.439 1.7309e-16
7444.973 1.6741e-16
7446.507 1.5621e-16
7448.041 1.5676e-16
7449.575 1.5771e-16
7451.108 1.6074e-16
7452.643 1.5196e-16
7454.176 1.5188e-16
7455.710 1.6821e-16
7457.244 1.6016e-16
7458.778 1.5511e-16
7460.312 1.6414e-16
7461.846 1.5653e-16
7463.380 1.7162e-16
7464.914 1.7523e-16
7466.448 1.5755e-16
7467.981 1.6015e-16
7469.516 1.5477e-16
7471.049 1.4224e-16
7472.583 1.4825e-16
7474.117 1.6755e-16
7475.651 1.7071e-16
7477.185 1.5253e-16
7478.719 1.3822e-16
7480.253 1.4865e-16
7481.787 1.6439e-16
7483.321 1.5874e-16
7484.855 1.5413e-16
7486.389 1.6653e-16
7487.923 1.6702e-16
7489.457 1.6022e-16
7490.991 1.6044e-16
7492.524 1.6602e-16
7494.059 1.6673e-16
7495.592 1.5971e-16
7497.126 1.5731e-16
7498.660 1.6289e-16
7500.194 1.7674e-16
7501.728 1.7608e-16
7503.262 1.6421e-16
7504.796 1.5039e-16
7506.330 1.6196e-16
7507.864 1.7903e-16
7509.398 1.7229e-16
7510.932 1.63e-16
7512.466 1.7843e-16
7514.000 1.8768e-16
7515.534 1.58e-16
7517.067 1.5899e-16
7518.602 1.7387e-16
7520.135 1.7112e-16
7521.669 1.7601e-16
7523.203 1.7374e-16
7524.737 1.6874e-16
7526.271 1.7412e-16
7527.805 1.7926e-16
7529.339 1.9286e-16
7530.873 1.7729e-16
7532.407 1.8695e-16
7533.940 1.8691e-16
7535.475 1.7697e-16
7537.008 1.7418e-16
7538.542 1.6196e-16
7540.076 1.5929e-16
7541.610 1.7306e-16
7543.144 1.7466e-16
7544.678 1.701e-16
7546.212 1.6268e-16
7547.746 1.7876e-16
7549.280 1.8649e-16
7550.814 1.7794e-16
7552.348 1.5837e-16
7553.882 1.6288e-16
7555.416 1.619e-16
7556.950 1.6449e-16
7558.483 1.6787e-16
7560.018 1.5686e-16
7561.551 1.3771e-16
7563.085 1.6074e-16
7564.619 1.6189e-16
7566.153 1.8352e-16
7567.687 1.862e-16
7569.221 1.5551e-16
7570.755 1.7337e-16
7572.289 1.8248e-16
7573.823 1.6065e-16
7575.357 1.6434e-16
7576.891 1.869e-16
7578.425 1.7406e-16
7579.958 1.7288e-16
7581.493 1.7239e-16
7583.026 1.7143e-16
7584.561 1.6126e-16
7586.094 1.705e-16
7587.628 1.6899e-16
7589.162 1.9158e-16
7590.696 1.9592e-16
7592.230 1.9705e-16
7593.764 1.955e-16
7595.298 2.0046e-16
7596.832 1.8113e-16
7598.366 2.0247e-16
7599.899 2.4293e-16
7601.434 2.4065e-16
7602.967 2.3519e-16
7604.501 2.4424e-16
7606.035 2.0777e-16
7607.569 1.894e-16
7609.103 1.9073e-16
7610.637 1.9148e-16
7612.171 1.6678e-16
7613.705 1.6726e-16
7615.239 1.5949e-16
7616.773 1.722e-16
7618.307 1.8848e-16
7619.841 2.0435e-16
7621.375 2.0636e-16
7622.909 2.206e-16
7624.442 2.0109e-16
7625.977 1.8433e-16
7627.510 1.8306e-16
7629.044 1.9352e-16
7630.578 1.9646e-16
7632.112 1.6855e-16
7633.646 1.7434e-16
7635.180 1.9099e-16
7636.714 2.1637e-16
7638.248 2.1383e-16
7639.782 1.8312e-16
7641.316 1.9153e-16
7642.850 1.898e-16
7644.384 1.89e-16
7645.917 1.8843e-16
7647.452 1.856e-16
7648.985 1.8639e-16
7650.520 1.9744e-16
7652.053 1.9472e-16
7653.587 1.8191e-16
7655.121 1.8332e-16
7656.655 1.814e-16
7658.189 1.8528e-16
7659.723 1.8299e-16
7661.257 1.6066e-16
7662.791 1.5569e-16
7664.325 1.4265e-16
7665.858 1.5328e-16
7667.393 1.6836e-16
7668.926 1.6879e-16
7670.460 1.6427e-16
7671.994 1.6775e-16
7673.528 1.6695e-16
7675.062 1.7757e-16
7676.596 1.6827e-16
7678.130 1.3869e-16
7679.664 1.36e-16
7681.198 1.5872e-16
7682.732 1.6189e-16
7684.266 1.7631e-16
7685.800 1.7301e-16
7687.333 1.6391e-16
7688.868 1.6433e-16
7690.401 1.7364e-16
7691.936 1.6089e-16
7693.469 1.5251e-16
7695.003 1.6452e-16
7696.537 1.5976e-16
7698.071 1.6815e-16
7699.605 1.6707e-16
7701.139 1.7055e-16
7702.673 1.8227e-16
7704.207 1.8109e-16
7705.741 1.6617e-16
7707.275 1.6419e-16
7708.809 1.7548e-16
7710.343 1.6872e-16
7711.876 1.6328e-16
7713.411 1.6653e-16
7714.944 1.6041e-16
7716.479 1.6264e-16
7718.012 1.5859e-16
7719.546 1.5654e-16
7721.080 1.6723e-16
7722.614 1.7454e-16
7724.148 1.704e-16
7725.682 1.6825e-16
7727.216 1.5473e-16
7728.750 1.5604e-16
7730.284 1.5392e-16
7731.817 1.6007e-16
7733.352 1.6968e-16
7734.885 1.5992e-16
7736.419 1.54e-16
7737.953 1.6183e-16
7739.487 1.7228e-16
7741.021 1.6391e-16
7742.555 1.5862e-16
7744.089 1.6936e-16
7745.623 1.7386e-16
7747.157 1.6925e-16
7748.691 1.6867e-16
7750.225 1.7501e-16
7751.759 1.5982e-16
7753.292 1.5691e-16
7754.827 1.6188e-16
7756.360 1.6055e-16
7757.895 1.7101e-16
7759.428 1.7174e-16
7760.962 1.6991e-16
7762.496 1.6985e-16
7764.030 1.5851e-16
7765.564 1.5506e-16
7767.098 1.6472e-16
7768.632 1.6963e-16
7770.166 1.66e-16
7771.700 1.6095e-16
7773.234 1.7222e-16
7774.768 1.636e-16
7776.302 1.6896e-16
7777.835 1.8481e-16
7779.370 1.6874e-16
7780.903 1.6956e-16
7782.438 1.5698e-16
7783.971 1.3802e-16
7785.505 1.5211e-16
7787.039 1.5618e-16
7788.573 1.7143e-16
7790.107 1.9137e-16
7791.641 1.8423e-16
7793.175 1.8238e-16
7794.708 1.6017e-16
7796.243 1.601e-16
7797.776 1.6269e-16
7799.311 1.5736e-16
7800.844 1.5816e-16
7802.378 1.6066e-16
7803.912 1.5465e-16
7805.446 1.4371e-16
7806.980 1.4409e-16
7808.514 1.6002e-16
7810.048 1.623e-16
7811.582 1.6974e-16
7813.116 1.5803e-16
7814.650 1.3331e-16
7816.184 1.4908e-16
7817.718 1.5501e-16
7819.251 1.4703e-16
7820.786 1.6116e-16
7822.319 1.6738e-16
7823.854 1.6705e-16
7825.387 1.7075e-16
7826.921 1.5747e-16
7828.455 1.6083e-16
7829.989 1.4594e-16
7831.523 1.4774e-16
7833.057 1.5549e-16
7834.591 1.4995e-16
7836.125 1.5259e-16
7837.659 1.6148e-16
7839.193 1.6298e-16
7840.727 1.6542e-16
7842.261 1.4723e-16
7843.794 1.328e-16
7845.329 1.549e-16
7846.862 1.6133e-16
7848.396 1.4767e-16
7849.930 1.6059e-16
7851.464 1.7546e-16
7852.998 1.6507e-16
7854.532 1.6158e-16
7856.066 1.5183e-16
7857.600 1.4589e-16
7859.134 1.5146e-16
7860.667 1.5746e-16
7862.202 1.6134e-16
7863.735 1.4911e-16
7865.270 1.4619e-16
7866.803 1.4955e-16
7868.337 1.3575e-16
7869.871 1.4186e-16
7871.405 1.6354e-16
7872.939 1.397e-16
7874.473 1.3824e-16
7876.007 1.4306e-16
7877.541 1.3802e-16
7879.075 1.6034e-16
7880.609 1.7399e-16
7882.143 1.6049e-16
7883.677 1.5158e-16
7885.210 1.3981e-16
7886.745 1.3523e-16
7888.278 1.5815e-16
7889.812 1.5129e-16
7891.346 1.4905e-16
7892.880 1.5016e-16
7894.414 1.3812e-16
7895.948 1.4155e-16
7897.482 1.5457e-16
7899.016 1.4582e-16
7900.550 1.3604e-16
7902.084 1.4885e-16
7903.618 1.5112e-16
7905.152 1.5782e-16
7906.686 1.4278e-16
7908.220 1.3557e-16
7909.753 1.6708e-16
7911.288 1.5196e-16
7912.821 1.1447e-16
7914.355 1.1983e-16
7915.889 1.3975e-16
7917.423 1.2917e-16
7918.957 1.3421e-16
7920.491 1.6375e-16
7922.025 1.5932e-16
7923.559 1.447e-16
7925.093 1.5602e-16
7926.626 1.5826e-16
7928.161 1.3811e-16
7929.694 1.4351e-16
7931.229 1.4629e-16
7932.762 1.5086e-16
7934.296 1.4669e-16
7935.830 1.4876e-16
7937.364 1.5072e-16
7938.898 1.5126e-16
7940.432 1.5134e-16
7941.966 1.4037e-16
7943.500 1.4403e-16
7945.034 1.545e-16
7946.568 1.6781e-16
7948.102 1.6153e-16
7949.636 1.535e-16
7951.169 1.5811e-16
7952.704 1.5634e-16
7954.237 1.6959e-16
7955.771 1.7453e-16
7957.305 1.632e-16
7958.839 1.5964e-16
7960.373 1.3987e-16
7961.907 1.3767e-16
7963.441 1.4822e-16
7964.975 1.4784e-16
7966.509 1.6035e-16
7968.043 1.6904e-16
7969.577 1.6881e-16
7971.111 1.8144e-16
7972.645 1.7699e-16
7974.179 1.5432e-16
7975.712 1.5463e-16
7977.246 1.7745e-16
7978.780 1.7695e-16
7980.314 1.6065e-16
7981.848 1.6737e-16
7983.382 1.6716e-16
7984.916 1.5324e-16
7986.450 1.593e-16
7987.984 1.6138e-16
7989.518 1.6566e-16
7991.052 1.7406e-16
7992.585 1.6474e-16
7994.120 1.6824e-16
7995.653 1.6807e-16
7997.188 1.6134e-16
7998.721 1.6357e-16
8000.255 1.6879e-16
8001.789 1.5924e-16
8003.323 1.5627e-16
8004.857 1.7797e-16
8006.391 1.7169e-16
8007.925 1.5803e-16
8009.459 1.6775e-16
8010.993 1.7764e-16
8012.527 1.6802e-16
8014.061 1.6292e-16
8015.595 1.6229e-16
8017.128 1.5572e-16
8018.663 1.5482e-16
8020.196 1.3582e-16
8021.730 1.2523e-16
8023.264 1.3404e-16
8024.798 1.457e-16
8026.332 1.4552e-16
8027.866 1.4722e-16
8029.400 1.4527e-16
8030.934 1.3554e-16
8032.468 1.4305e-16
8034.002 1.4822e-16
8035.536 1.4358e-16
8037.070 1.6101e-16
8038.604 1.759e-16
8040.138 1.4774e-16
8041.671 1.4984e-16
8043.205 1.7224e-16
8044.739 1.6209e-16
8046.273 1.4838e-16
8047.807 1.5077e-16
8049.341 1.5006e-16
8050.875 1.5322e-16
8052.409 1.5354e-16
8053.943 1.4507e-16
8055.477 1.4943e-16
8057.011 1.707e-16
8058.544 1.6645e-16
8060.079 1.3245e-16
8061.612 1.4716e-16
8063.146 1.5516e-16
8064.680 1.5404e-16
8066.214 1.4527e-16
8067.748 1.3953e-16
8069.282 1.4681e-16
8070.816 1.6115e-16
8072.350 1.4572e-16
8073.884 1.3965e-16
8075.418 1.4996e-16
8076.952 1.6899e-16
8078.486 1.6257e-16
8080.020 1.5333e-16
8081.554 1.4438e-16
8083.087 1.5737e-16
8084.622 1.4777e-16
8086.155 1.5387e-16
8087.689 1.6573e-16
8089.223 1.7302e-16
8090.757 1.511e-16
8092.291 1.5011e-16
8093.825 1.5648e-16
8095.359 1.4632e-16
8096.893 1.3225e-16
8098.427 1.4124e-16
8099.961 1.5621e-16
8101.495 1.6953e-16
8103.029 1.5407e-16
8104.562 1.3368e-16
8106.096 1.4141e-16
8107.630 1.3774e-16
8109.164 1.3819e-16
8110.698 1.4618e-16
8112.232 1.5174e-16
8113.766 1.4468e-16
8115.300 1.514e-16
8116.834 1.5514e-16
8118.368 1.3232e-16
8119.902 1.3683e-16
8121.436 1.4391e-16
8122.970 1.4812e-16
8124.503 1.526e-16
8126.038 1.4021e-16
8127.571 1.4979e-16
8129.105 1.4679e-16
8130.639 1.4969e-16
8132.173 1.4922e-16
8133.707 1.4818e-16
8135.241 1.5039e-16
8136.775 1.6032e-16
8138.309 1.4116e-16
8139.843 1.261e-16
8141.377 1.5169e-16
8142.911 1.5885e-16
8144.445 1.4656e-16
8145.979 1.4972e-16
8147.513 1.5632e-16
8149.046 1.569e-16
8150.581 1.5154e-16
8152.114 1.5614e-16
8153.648 1.5122e-16
8155.182 1.6345e-16
8156.716 1.5907e-16
8158.250 1.406e-16
8159.784 1.4184e-16
8161.318 1.529e-16
8162.852 1.6931e-16
8164.386 1.5793e-16
8165.920 1.4609e-16
8167.454 1.4179e-16
8168.988 1.3683e-16
8170.521 1.4252e-16
8172.055 1.5359e-16
8173.589 1.4524e-16
8175.123 1.3739e-16
8176.657 1.4298e-16
8178.191 1.3888e-16
8179.725 1.2944e-16
8181.259 1.5002e-16
8182.793 1.5245e-16
8184.327 1.5219e-16
8185.861 1.4623e-16
8187.395 1.276e-16
8188.929 1.3307e-16
8190.462 1.4023e-16
8191.997 1.441e-16
8193.530 1.4374e-16
8195.064 1.2937e-16
8196.599 1.3846e-16
8198.132 1.4102e-16
8199.666 1.2426e-16
8201.200 1.2584e-16
8202.734 1.3531e-16
8204.268 1.4597e-16
8205.802 1.4235e-16
8207.336 1.4107e-16
8208.870 1.4719e-16
8210.403 1.3941e-16
8211.938 1.4169e-16
8213.472 1.4525e-16
8215.006 1.3995e-16
8216.539 1.4025e-16
8218.073 1.4309e-16
8219.607 1.4737e-16
8221.142 1.4943e-16
8222.675 1.5045e-16
8224.209 1.4928e-16
8225.743 1.6591e-16
8227.277 1.7916e-16
8228.811 1.6487e-16
8230.345 1.5455e-16
8231.879 1.4907e-16
8233.413 1.5612e-16
8234.946 1.5191e-16
8236.480 1.4649e-16
8238.015 1.5417e-16
8239.548 1.5311e-16
8241.082 1.5178e-16
8242.616 1.5742e-16
8244.150 1.5393e-16
8245.684 1.3887e-16
8247.218 1.2579e-16
8248.752 1.4224e-16
8250.286 1.4542e-16
8251.819 1.2994e-16
8253.354 1.4504e-16
8254.888 1.49e-16
8256.422 1.5359e-16
8257.955 1.5134e-16
8259.489 1.4971e-16
8261.023 1.5296e-16
8262.558 1.5231e-16
8264.091 1.4493e-16
8265.625 1.5602e-16
8267.159 1.5776e-16
8268.693 1.4616e-16
8270.227 1.4957e-16
8271.761 1.5134e-16
8273.295 1.3464e-16
8274.829 1.4212e-16
8276.362 1.5521e-16
8277.896 1.3927e-16
8279.431 1.278e-16
8280.965 1.3876e-16
8282.498 1.4518e-16
8284.032 1.6304e-16
8285.566 1.6542e-16
8287.101 1.5019e-16
8288.634 1.486e-16
8290.168 1.3368e-16
8291.702 1.3593e-16
8293.236 1.4121e-16
8294.770 1.4505e-16
8296.304 1.5669e-16
8297.838 1.5251e-16
8299.371 1.4121e-16
8300.905 1.3689e-16
8302.439 1.223e-16
8303.974 1.4073e-16
8305.507 1.6288e-16
8307.041 1.6809e-16
8308.575 1.4492e-16
8310.109 1.4803e-16
8311.643 1.4544e-16
8313.177 1.5947e-16
8314.711 1.6337e-16
8316.245 1.4749e-16
8317.778 1.4739e-16
8319.312 1.4769e-16
8320.847 1.3582e-16
8322.381 1.3952e-16
8323.914 1.5045e-16
8325.448 1.5016e-16
8326.982 1.522e-16
8328.517 1.5241e-16
8330.050 1.4653e-16
8331.584 1.3197e-16
8333.118 1.4258e-16
8334.652 1.4713e-16
8336.186 1.5069e-16
8337.720 1.3121e-16
8339.254 1.3938e-16
8340.788 1.6254e-16
8342.321 1.3869e-16
8343.855 1.3295e-16
8345.390 1.5016e-16
8346.924 1.3773e-16
8348.457 1.2588e-16
8349.991 1.4728e-16
8351.525 1.7923e-16
8353.060 1.5642e-16
8354.593 1.3286e-16
8356.127 1.2834e-16
8357.661 1.3973e-16
8359.195 1.3877e-16
8360.729 1.3479e-16
8362.263 1.5629e-16
8363.797 1.4933e-16
8365.330 1.4858e-16
8366.864 1.4668e-16
8368.398 1.4494e-16
8369.933 1.5489e-16
8371.466 1.575e-16
8373.000 1.4578e-16
8374.534 1.5268e-16
8376.068 1.5504e-16
8377.602 1.4192e-16
8379.136 1.3947e-16
8380.670 1.3901e-16
8382.204 1.3729e-16
8383.737 1.4326e-16
8385.271 1.5348e-16
8386.806 1.5342e-16
8388.340 1.4348e-16
8389.873 1.4264e-16
8391.407 1.4657e-16
8392.941 1.4395e-16
8394.476 1.4454e-16
8396.009 1.6382e-16
8397.543 1.6487e-16
8399.077 1.5581e-16
8400.611 1.446e-16
8402.145 1.3096e-16
8403.679 1.4738e-16
8405.213 1.6045e-16
8406.747 1.4838e-16
8408.280 1.4477e-16
8409.814 1.5772e-16
8411.349 1.5534e-16
8412.883 1.5872e-16
8414.416 1.5967e-16
8415.950 1.4378e-16
8417.484 1.5325e-16
8419.019 1.6332e-16
8420.552 1.5389e-16
8422.086 1.4174e-16
8423.620 1.2222e-16
8425.154 1.4435e-16
8426.688 1.5478e-16
8428.222 1.5741e-16
8429.756 1.7518e-16
8431.289 1.434e-16
8432.823 1.3176e-16
8434.357 1.3632e-16
8435.892 1.301e-16
8437.425 1.3312e-16
8438.959 1.4873e-16
8440.493 1.5131e-16
8442.027 1.5086e-16
8443.561 1.4892e-16
8445.095 1.329e-16
8446.629 1.4401e-16
8448.163 1.7515e-16
8449.696 1.6562e-16
8451.230 1.366e-16
8452.765 1.3687e-16
8454.299 1.459e-16
8455.832 1.5427e-16
8457.366 1.5965e-16
8458.900 1.458e-16
8460.435 1.4548e-16
8461.968 1.6431e-16
8463.502 1.5215e-16
8465.036 1.4779e-16
8466.570 1.4651e-16
8468.104 1.4736e-16
8469.638 1.4748e-16
8471.172 1.5291e-16
8472.706 1.3763e-16
8474.239 1.4053e-16
8475.773 1.5156e-16
8477.308 1.4301e-16
8478.842 1.445e-16
8480.375 1.618e-16
8481.909 1.5638e-16
8483.443 1.4294e-16
8484.978 1.4886e-16
8486.511 1.5492e-16
8488.045 1.5788e-16
8489.579 1.5249e-16
8491.113 1.424e-16
8492.646 1.491e-16
8494.181 1.5271e-16
8495.715 1.349e-16
8497.248 1.4224e-16
8498.782 1.5091e-16
8500.316 1.5349e-16
8501.851 1.5021e-16
8503.384 1.3633e-16
8504.918 1.6084e-16
8506.452 1.6265e-16
8507.986 1.4621e-16
8509.520 1.5269e-16
8511.054 1.5732e-16
8512.588 1.5796e-16
8514.122 1.4529e-16
8515.655 1.3832e-16
8517.189 1.5345e-16
8518.724 1.5596e-16
8520.258 1.5776e-16
8521.791 1.5213e-16
8523.325 1.4101e-16
8524.859 1.4749e-16
8526.394 1.4547e-16
8527.927 1.4718e-16
8529.461 1.3239e-16
8530.995 1.5035e-16
8532.529 1.3592e-16
8534.062 1.353e-16
8535.597 1.4529e-16
8537.131 1.4298e-16
8538.665 1.425e-16
8540.198 1.3344e-16
8541.732 1.3217e-16
8543.267 1.3662e-16
8544.801 1.4502e-16
8546.334 1.5049e-16
8547.868 1.4119e-16
8549.402 1.3714e-16
8550.937 1.418e-16
8552.470 1.3088e-16
8554.004 1.3386e-16
8555.538 1.4258e-16
8557.071 1.4011e-16
8558.605 1.5014e-16
8560.140 1.4708e-16
8561.674 1.2039e-16
8563.207 1.0795e-16
8564.741 1.1896e-16
8566.275 1.2344e-16
8567.810 1.3082e-16
8569.343 1.5434e-16
8570.877 1.3638e-16
8572.411 1.3199e-16
8573.945 1.3222e-16
8575.479 1.2655e-16
8577.013 1.3757e-16
8578.547 1.4278e-16
8580.081 1.2118e-16
8581.614 1.1923e-16
8583.148 1.2692e-16
8584.683 1.4361e-16
8586.217 1.524e-16
8587.750 1.4388e-16
8589.284 1.413e-16
8590.818 1.3813e-16
8592.353 1.2909e-16
8593.886 1.3952e-16
8595.420 1.4324e-16
8596.954 1.3342e-16
8598.488 1.2267e-16
8600.021 1.3026e-16
8601.556 1.456e-16
8603.090 1.4244e-16
8604.624 1.3791e-16
8606.157 1.3798e-16
8607.691 1.355e-16
8609.226 1.2951e-16
8610.760 1.2459e-16
8612.293 1.3493e-16
8613.827 1.4747e-16
8615.361 1.3889e-16
8616.896 1.2477e-16
8618.429 1.2998e-16
8619.963 1.4365e-16
8621.497 1.4533e-16
8623.030 1.3792e-16
8624.564 1.2199e-16
8626.099 1.0487e-16
8627.633 1.0831e-16
8629.166 1.1641e-16
8630.700 1.2641e-16
8632.234 1.4061e-16
8633.769 1.4467e-16
8635.302 1.3378e-16
8636.836 1.1844e-16
8638.370 1.2561e-16
8639.904 1.2673e-16
8641.438 1.3474e-16
8642.972 1.3425e-16
8644.506 1.3644e-16
8646.040 1.4146e-16
8647.573 1.3015e-16
8649.107 1.3605e-16
8650.642 1.4073e-16
8652.176 1.4115e-16
8653.709 1.3942e-16
8655.243 1.4779e-16
8656.777 1.4127e-16
8658.312 1.2554e-16
8659.845 1.3434e-16
8661.379 1.5375e-16
8662.913 1.3592e-16
8664.447 1.2564e-16
8665.980 1.2963e-16
8667.515 1.4719e-16
8669.049 1.42e-16
8670.583 1.2758e-16
8672.116 1.3773e-16
8673.650 1.4913e-16
8675.185 1.4438e-16
8676.719 1.3764e-16
8678.252 1.2882e-16
8679.786 1.4201e-16
8681.320 1.4329e-16
8682.854 1.5889e-16
8684.388 1.4105e-16
8685.922 1.3817e-16
8687.456 1.309e-16
8688.989 1.4996e-16
8690.523 1.5349e-16
8692.058 1.6095e-16
8693.592 1.5673e-16
8695.125 1.5344e-16
8696.659 1.5015e-16
8698.193 1.3445e-16
8699.728 1.3231e-16
8701.261 1.5126e-16
8702.795 1.4772e-16
8704.329 1.5352e-16
8705.863 1.5228e-16
8707.396 1.3759e-16
8708.931 1.4298e-16
8710.465 1.417e-16
8711.999 1.4522e-16
8713.532 1.4848e-16
8715.066 1.5917e-16
8716.601 1.5781e-16
8718.135 1.5502e-16
8719.668 1.4668e-16
8721.202 1.4837e-16
8722.736 1.4157e-16
8724.271 1.5286e-16
8725.804 1.6391e-16
8727.338 1.5776e-16
8728.872 1.3688e-16
8730.406 1.3185e-16
8731.939 1.3925e-16
8733.474 1.371e-16
8735.008 1.4162e-16
8736.542 1.3167e-16
8738.075 1.1281e-16
8739.609 1.199e-16
8741.144 1.3726e-16
8742.678 1.6184e-16
8744.211 1.5348e-16
8745.745 1.4187e-16
8747.279 1.4965e-16
8748.813 1.4873e-16
8750.347 1.4731e-16
8751.881 1.3955e-16
8753.415 1.4632e-16
8754.948 1.3933e-16
8756.482 1.41e-16
8758.017 1.4713e-16
8759.551 1.4459e-16
8761.084 1.223e-16
8762.618 1.3344e-16
8764.152 1.5308e-16
8765.687 1.5288e-16
8767.220 1.4142e-16
8768.754 1.5757e-16
8770.288 1.3852e-16
8771.822 1.1887e-16
8773.355 1.3395e-16
8774.890 1.7384e-16
8776.424 1.6169e-16
8777.958 1.3035e-16
8779.491 1.026e-16
8781.025 9.4431e-17
8782.560 1.0257e-16
8784.094 1.1178e-16
8785.627 1.1829e-16
8787.161 1.2294e-16
8788.695 1.194e-16
8790.229 1.3067e-16
8791.763 1.3802e-16
8793.297 1.3797e-16
8794.831 1.4778e-16
8796.365 1.3966e-16
8797.898 1.3257e-16
8799.433 1.3624e-16
8800.967 1.4105e-16
8802.501 1.504e-16
8804.034 1.5216e-16
8805.568 1.5383e-16
8807.103 1.5687e-16
8808.637 1.5599e-16
8810.170 1.4683e-16
8811.704 1.4947e-16
8813.238 1.5671e-16
8814.772 1.4132e-16
8816.306 1.4315e-16
8817.840 1.4987e-16
8819.374 1.4818e-16
8820.907 1.6154e-16
8822.441 1.7642e-16
8823.976 1.603e-16
8825.510 1.4077e-16
8827.043 1.6968e-16
8828.577 1.6556e-16
8830.111 1.2331e-16
8831.646 1.3998e-16
8833.179 1.4673e-16
8834.713 1.3649e-16
8836.247 1.5586e-16
8837.781 1.727e-16
8839.314 1.623e-16
8840.849 1.7456e-16
8842.383 1.7311e-16
8843.917 1.6737e-16
8845.450 1.7839e-16
8846.984 1.6741e-16
8848.519 1.515e-16
8850.053 1.6605e-16
8851.586 1.6066e-16
8853.120 1.5365e-16
8854.654 1.4602e-16
8856.188 1.5955e-16
8857.722 1.6797e-16
8859.256 1.7132e-16
8860.790 1.6248e-16
8862.324 1.7154e-16
8863.857 1.7531e-16
8865.392 1.4722e-16
8866.926 1.4778e-16
8868.460 1.5616e-16
8869.993 1.569e-16
8871.527 1.5955e-16
8873.062 1.5905e-16
8874.596 1.6562e-16
8876.129 1.6358e-16
8877.663 1.6755e-16
8879.197 1.6098e-16
8880.730 1.6419e-16
8882.265 2.0216e-16
8883.799 1.7316e-16
8885.333 1.624e-16
8886.866 1.7998e-16
8888.400 1.7273e-16
8889.935 1.5137e-16
8891.469 1.5155e-16
8893.002 1.5914e-16
8894.536 1.53e-16
8896.070 1.4713e-16
8897.604 1.5621e-16
8899.138 1.5452e-16
8900.672 1.41e-16
8902.206 1.6322e-16
8903.740 1.5777e-16
8905.273 1.3351e-16
8906.808 1.2832e-16
8908.342 1.3026e-16
8909.876 1.3822e-16
8911.409 1.6076e-16
8912.943 1.481e-16
8914.478 1.7091e-16
8916.012 1.8393e-16
8917.545 1.6708e-16
8919.079 1.5256e-16
8920.613 1.657e-16
8922.147 1.621e-16
8923.681 1.616e-16
8925.215 1.5444e-16
8926.749 1.5345e-16
8928.283 1.6327e-16
8929.816 1.6093e-16
8931.351 1.5299e-16
8932.885 1.5283e-16
8934.419 1.4284e-16
8935.952 1.5677e-16
8937.486 1.6145e-16
8939.021 1.6547e-16
8940.555 1.6257e-16
8942.088 1.6036e-16
8943.622 1.619e-16
8945.156 1.6292e-16
8946.689 1.3966e-16
8948.224 1.3891e-16
8949.758 1.5551e-16
8951.292 1.536e-16
8952.825 1.4965e-16
8954.359 1.683e-16
8955.894 1.6573e-16
8957.428 1.4704e-16
8958.961 1.4848e-16
8960.495 1.4781e-16
8962.029 1.5813e-16
8963.563 1.5992e-16
8965.097 1.6968e-16
8966.631 1.7035e-16
8968.165 1.6184e-16
8969.699 1.6355e-16
8971.232 1.5841e-16
8972.767 1.4923e-16
8974.301 1.4543e-16
8975.835 1.3297e-16
8977.368 1.3733e-16
8978.902 1.5537e-16
8980.437 1.5313e-16
8981.971 1.4903e-16
8983.504 1.4925e-16
8985.038 1.6006e-16
8986.572 1.756e-16
8988.106 1.6198e-16
8989.640 1.5558e-16
8991.174 1.5532e-16
8992.708 1.4782e-16
8994.242 1.3536e-16
8995.775 1.4189e-16
8997.310 1.6193e-16
8998.844 1.5604e-16
9000.378 1.4443e-16
9001.911 1.4667e-16
9003.445 1.4563e-16
9004.979 1.332e-16
9006.514 1.405e-16
9008.047 1.4542e-16
9009.581 1.4314e-16
9011.115 1.4597e-16
9012.648 1.3966e-16
9014.183 1.3081e-16
9015.717 1.4631e-16
9017.251 1.4672e-16
9018.784 1.2489e-16
9020.318 1.3185e-16
9021.853 1.455e-16
9023.387 1.4931e-16
9024.920 1.4274e-16
9026.454 1.27e-16
9027.988 1.4346e-16
9029.522 1.4349e-16
9031.056 1.3824e-16
9032.590 1.3488e-16
9034.124 1.333e-16
9035.658 1.3337e-16
9037.191 1.2747e-16
9038.726 1.2844e-16
9040.260 1.4027e-16
9041.794 1.3873e-16
9043.327 1.365e-16
9044.861 1.2675e-16
9046.396 1.2898e-16
9047.930 1.4948e-16
9049.463 1.3376e-16
9050.997 1.2063e-16
9052.531 1.0988e-16
9054.065 1.1675e-16
9055.599 1.2559e-16
9057.133 1.2583e-16
9058.667 1.3399e-16
9060.201 1.4097e-16
9061.734 1.3804e-16
9063.269 1.1884e-16
9064.803 1.2158e-16
9066.337 1.3043e-16
9067.870 1.3504e-16
9069.404 1.3421e-16
9070.938 1.2829e-16
9072.473 1.1778e-16
9074.006 1.2006e-16
9075.540 1.2292e-16
9077.074 1.2574e-16
9078.607 1.3638e-16
9080.142 1.3369e-16
9081.676 1.2118e-16
9083.210 1.1727e-16
9084.743 1.327e-16
9086.277 1.3913e-16
9087.812 1.3827e-16
9089.346 1.2172e-16
9090.879 1.2409e-16
9092.413 1.1783e-16
9093.947 1.2997e-16
9095.481 1.1497e-16
9097.015 1.1498e-16
9098.549 1.3197e-16
9100.083 1.2477e-16
9101.617 1.1514e-16
9103.150 1.0897e-16
9104.685 1.2374e-16
9106.219 1.1913e-16
9107.753 1.1968e-16
9109.286 1.2506e-16
9110.820 1.2069e-16
9112.354 1.1013e-16
9113.889 1.0911e-16
9115.422 1.215e-16
9116.956 1.1757e-16
9118.490 1.0881e-16
9120.024 1.0461e-16
9121.558 1.0906e-16
9123.092 1.3011e-16
9124.626 6.4065e-17
9126.160 2.8399e-16
9127.693 2.3244e-15
9129.228 1.396e-15
9130.762 1.1861e-16
9132.296 1.4405e-16
9133.829 1.4716e-16
9135.363 1.2774e-16
9136.897 1.2708e-16
9138.431 1.2308e-16
9139.965 1.2063e-16
9141.499 1.215e-16
9143.033 1.1618e-16
9144.566 1.158e-16
9146.101 1.2873e-16
9147.635 1.3241e-16
9149.169 1.2984e-16
9150.702 1.2867e-16
9152.236 1.2966e-16
9153.771 1.2881e-16
9155.305 1.2708e-16
9156.838 1.2568e-16
9158.372 1.2206e-16
9159.906 1.168e-16
9161.440 1.2119e-16
9162.974 1.2874e-16
9164.508 1.2297e-16
9166.042 1.2152e-16
9167.576 1.2368e-16
9169.109 1.2156e-16
9170.644 1.2039e-16
9172.178 1.2664e-16
9173.712 1.3133e-16
9175.245 1.315e-16
9176.779 1.3345e-16
9178.313 1.2609e-16
9179.848 1.307e-16
9181.381 1.3448e-16
9182.915 1.3324e-16
9184.449 1.4132e-16
9185.983 1.3669e-16
9187.517 1.3694e-16
9189.051 1.3484e-16
9190.585 1.2487e-16
9192.119 1.1826e-16
9193.652 1.1515e-16
9195.187 1.1624e-16
9196.721 1.2285e-16
9198.255 1.2599e-16
9199.788 1.1394e-16
9201.322 1.2553e-16
9202.856 1.3995e-16
9204.390 1.2893e-16
9205.924 1.1998e-16
9207.458 1.2662e-16
9208.992 1.2468e-16
9210.525 1.2603e-16
9212.060 1.3071e-16
9213.594 1.4192e-16
9215.128 1.5907e-16
9216.661 1.4172e-16
9218.195 1.3055e-16
9219.729 1.2058e-16
9221.264 1.1514e-16
9222.797 1.126e-16
9224.331 1.2166e-16
9225.865 1.1801e-16
9227.399 1.2317e-16
9228.933 1.2868e-16
9230.467 1.2318e-16
9232.001 1.2508e-16
9233.535 1.3594e-16
9235.068 1.4008e-16
9236.603 1.3465e-16
9238.137 1.3531e-16
9239.671 1.4254e-16
9241.204 1.369e-16
9242.738 1.3106e-16
9244.272 1.2177e-16
9245.807 1.3072e-16
9247.340 1.2931e-16
9248.874 1.1221e-16
9250.408 1.1589e-16
9251.942 1.2747e-16
9253.476 1.3515e-16
9255.010 1.2939e-16
9256.544 1.2207e-16
9258.078 1.1695e-16
9259.611 1.2296e-16
9261.146 1.336e-16
9262.680 1.2184e-16
9264.214 1.151e-16
9265.747 1.2345e-16
9267.281 1.2282e-16
9268.815 1.3481e-16
9270.349 1.2877e-16
9271.883 1.257e-16
9273.417 1.2278e-16
9274.951 1.2148e-16
9276.484 1.2517e-16
9278.019 1.4319e-16
9279.553 1.2684e-16
9281.087 1.1471e-16
9282.620 1.2082e-16
9284.154 1.4395e-16
9285.688 1.4488e-16
9287.223 1.2775e-16
9288.756 1.2078e-16
9290.290 1.2734e-16
9291.824 1.2715e-16
9293.358 1.3756e-16
9294.892 1.5109e-16
9296.426 1.4578e-16
9297.960 1.3281e-16
9299.494 1.3486e-16
9301.027 1.437e-16
9302.562 1.441e-16
9304.096 1.4463e-16
9305.630 1.5753e-16
9307.163 1.7865e-16
9308.697 2.0559e-16
9310.231 1.6971e-16
9311.766 1.401e-16
9313.299 1.5573e-16
9314.833 1.3659e-16
9316.367 1.3717e-16
9317.901 1.6021e-16
9319.435 1.4647e-16
9320.969 1.517e-16
9322.503 1.5718e-16
9324.037 1.8612e-16
9325.570 2.0738e-16
9327.104 1.7742e-16
9328.639 1.5977e-16
9330.173 1.4711e-16
9331.706 1.5145e-16
9333.240 1.5733e-16
9334.774 1.6756e-16
9336.308 1.9226e-16
9337.842 1.6701e-16
9339.376 1.1387e-16
9340.910 1.3985e-16
9342.443 2.4456e-16
9343.978 1.7691e-16
9345.512 1.2917e-16
9347.046 1.4161e-16
9348.579 1.4298e-16
9350.113 1.3841e-16
9351.647 1.6981e-16
9353.182 2.0386e-16
9354.715 1.7946e-16
9356.249 1.524e-16
9357.783 1.5332e-16
9359.317 1.4885e-16
9360.851 1.3478e-16
9362.385 1.5049e-16
9363.919 1.5394e-16
9365.453 1.2836e-16
9366.986 1.0812e-16
9368.521 5.9251e-17
9370.055 7.8991e-17
9371.589 1.8173e-16
9373.122 2.0629e-16
9374.656 1.5089e-16
9376.190 1.3972e-16
9377.725 1.5882e-16
9379.258 1.148e-16
9380.792 1.2626e-16
9382.326 1.1069e-16
9383.860 1.1507e-16
9385.394 1.5015e-16
9386.928 1.4611e-16
9388.462 1.0962e-16
9389.996 1.0408e-16
9391.529 1.1004e-16
9393.063 1.0864e-16
9394.598 9.9462e-17
9396.131 9.6082e-17
9397.665 1.117e-16
9399.199 1.1408e-16
9400.733 1.157e-16
9402.267 1.1254e-16
9403.801 9.06e-17
9405.335 7.7084e-17
9406.869 9.2484e-17
9408.402 1.0219e-16
9409.937 1.0749e-16
9411.471 9.834e-17
9413.005 1.0347e-16
9414.538 1.0021e-16
9416.072 1.0749e-16
9417.606 8.8608e-17
9419.141 9.7926e-17
9420.674 8.7301e-17
9422.208 8.7698e-17
9423.742 8.3574e-17
9425.276 1.0224e-16
9426.810 1.4896e-16
9428.344 1.3345e-16
9429.878 9.2038e-17
9431.412 7.7205e-17
9432.945 7.2951e-17
9434.479 8.3236e-17
9436.014 1.1102e-16
9437.548 1.262e-16
9439.081 1.606e-16
9440.615 1.3115e-16
9442.149 9.7235e-17
9443.684 1.0487e-16
9445.217 9.032e-17
9446.751 9.0517e-17
9448.285 9.5704e-17
9449.819 9.9975e-17
9451.353 8.3331e-17
9452.887 1.2354e-16
9454.421 1.6069e-16
9455.955 7.6872e-17
9457.488 6.0192e-17
9459.022 6.8333e-17
9460.557 5.7518e-17
9462.090 6.968e-17
9463.624 7.674e-17
9465.158 8.5203e-17
9466.692 8.7527e-17
9468.226 9.6081e-17
9469.760 1.0314e-16
9471.294 1.0163e-16
9472.828 1.029e-16
9474.361 9.5042e-17
9475.896 8.8935e-17
9477.430 9.6669e-17
9478.964 1.2678e-16
9480.497 1.1384e-16
9482.031 8.021e-17
9483.565 8.7524e-17
9485.100 8.6138e-17
9486.633 8.2975e-17
9488.167 8.5022e-17
9489.701 9.191e-17
9491.235 1.0987e-16
9492.769 1.2919e-16
9494.303 1.0867e-16
9495.837 7.8754e-17
9497.371 8.6359e-17
9498.904 1.1623e-16
9500.438 1.364e-16
9501.973 1.0271e-16
9503.507 6.6376e-17
9505.040 5.8664e-17
9506.574 6.2486e-17
9508.108 8.494e-17
9509.643 9.1382e-17
9511.176 8.5919e-17
9512.710 8.3541e-17
9514.244 9.2328e-17
9515.778 1.019e-16
9517.312 9.9809e-17
9518.846 9.9445e-17
9520.380 9.0541e-17
9521.914 9.7274e-17
9523.447 8.6609e-17
9524.981 7.9967e-17
9526.516 9.2293e-17
9528.049 9.1642e-17
9529.583 8.6782e-17
9531.117 8.9801e-17
9532.651 8.7896e-17
9534.185 8.9118e-17
9535.719 9.9257e-17
9537.253 9.9621e-17
9538.787 9.9189e-17
9540.320 9.4968e-17
9541.854 1.0518e-16
9543.389 1.2082e-16
9544.923 1.1813e-16
9546.456 9.8746e-17
9547.990 8.1235e-17
9549.524 7.8683e-17
9551.059 8.9512e-17
9552.592 1.2789e-16
9554.126 1.2476e-16
9555.660 9.526e-17
9557.194 8.9322e-17
9558.728 8.4666e-17
9560.262 9.1215e-17
9561.796 9.947e-17
9563.330 1.0511e-16
9564.863 1.332e-16
9566.397 1.2797e-16
9567.932 1.0393e-16
9569.466 1.1029e-16
9570.999 9.8493e-17
9572.533 9.59e-17
9574.067 9.1652e-17
9575.602 9.7665e-17
9577.135 9.7533e-17
9578.669 9.8462e-17
9580.203 1.1228e-16
9581.737 1.0987e-16
9583.271 1.0093e-16
9584.805 1.004e-16
9586.339 1.0859e-16
9587.873 1.2973e-16
9589.406 1.4057e-16
9590.940 1.2097e-16
9592.475 9.6568e-17
9594.008 9.2942e-17
9595.542 1.0809e-16
9597.076 1.1455e-16
9598.610 1.1976e-16
9600.144 1.0424e-16
9601.678 9.7036e-17
9603.212 1.0298e-16
9604.746 1.0781e-16
9606.279 1.1085e-16
9607.813 1.1252e-16
9609.348 1.2325e-16
9610.882 1.1567e-16
9612.415 1.0406e-16
9613.949 1.1706e-16
9615.483 1.2574e-16
9617.018 1.267e-16
9618.551 1.2519e-16
9620.085 1.257e-16
9621.619 1.1644e-16
9623.153 1.2544e-16
9624.687 1.2764e-16
9626.221 1.3222e-16
9627.755 1.3491e-16
9629.289 1.3365e-16
9630.822 1.1421e-16
9632.356 1.0838e-16
9633.891 1.0615e-16
9635.425 1.322e-16
9636.958 1.3294e-16
9638.492 1.1019e-16
9640.026 1.0696e-16
9641.561 1.2316e-16
9643.094 1.2183e-16
9644.628 1.414e-16
9646.162 1.3466e-16
9647.696 1.2103e-16
9649.229 1.324e-16
9650.764 1.3122e-16
9652.298 1.1335e-16
9653.831 1.279e-16
9655.365 1.4623e-16
9656.899 1.2867e-16
9658.434 1.0302e-16
9659.967 1.2511e-16
9661.501 1.3165e-16
9663.035 1.1814e-16
9664.569 1.1365e-16
9666.103 1.188e-16
9667.637 1.1029e-16
9669.171 1.2096e-16
9670.705 1.2262e-16
9672.238 1.1414e-16
9673.772 1.1233e-16
9675.307 1.1517e-16
9676.841 1.3271e-16
9678.374 1.4999e-16
9679.908 1.4031e-16
9681.442 1.0842e-16
9682.977 1.1257e-16
9684.510 1.2755e-16
9686.044 1.3789e-16
9687.578 1.313e-16
9689.112 1.2389e-16
9690.646 1.2022e-16
9692.180 1.2084e-16
9693.714 1.1689e-16
9695.248 1.2623e-16
9696.781 1.3555e-16
9698.315 1.4999e-16
9699.850 1.539e-16
9701.384 1.2589e-16
9702.917 1.1805e-16
9704.451 1.2588e-16
9705.985 1.1257e-16
9707.520 9.7276e-17
9709.053 9.799e-17
9710.587 1.2739e-16
9712.121 1.3603e-16
9713.655 1.3956e-16
9715.188 1.4381e-16
9716.723 1.0915e-16
9718.257 1.0212e-16
9719.790 1.0173e-16
9721.324 9.9791e-17
9722.858 1.1354e-16
9724.393 1.2715e-16
9725.926 1.1706e-16
9727.460 1.2737e-16
9728.994 1.4349e-16
9730.528 1.4274e-16
9732.062 1.4485e-16
9733.596 1.4008e-16
9735.130 1.3196e-16
9736.664 1.2359e-16
9738.197 1.2009e-16
9739.731 1.1543e-16
9741.266 1.217e-16
9742.800 1.4872e-16
9744.333 1.5584e-16
9745.867 1.3819e-16
9747.401 1.2081e-16
9748.936 1.1586e-16
9750.469 1.1604e-16
9752.003 1.2414e-16
9753.537 1.2502e-16
9755.071 1.2596e-16
9756.604 1.5181e-16
9758.139 1.3881e-16
9759.673 1.3008e-16
9761.207 1.4888e-16
9762.740 1.3826e-16
9764.274 1.3252e-16
9765.809 1.2861e-16
9767.343 1.2953e-16
9768.876 1.4129e-16
9770.410 1.3958e-16
9771.944 1.3247e-16
9773.479 1.2779e-16
9775.012 1.3378e-16
9776.546 1.4234e-16
9778.080 1.4717e-16
9779.614 1.4772e-16
9781.147 1.3314e-16
9782.682 1.2993e-16
9784.216 1.3391e-16
9785.749 1.54e-16
9787.283 1.7264e-16
9788.817 1.6933e-16
9790.352 1.8089e-16
9791.885 1.5604e-16
9793.419 1.4733e-16
9794.953 1.5914e-16
9796.487 1.8273e-16
9798.021 2.637e-16
9799.555 3.4194e-16
9801.089 3.2095e-16
9802.623 2.3122e-16
9804.156 1.6109e-16
9805.690 1.3669e-16
9807.225 1.4072e-16
9808.759 1.3195e-16
9810.292 1.3607e-16
9811.826 1.4002e-16
9813.360 1.4797e-16
9814.895 1.4693e-16
9816.428 1.543e-16
9817.962 1.2896e-16
9819.496 1.4086e-16
9821.030 1.5435e-16
9822.563 1.4502e-16
9824.098 1.529e-16
9825.632 1.6454e-16
9827.166 1.4549e-16
9828.699 1.267e-16
9830.233 1.2125e-16
9831.768 1.3842e-16
9833.302 1.4562e-16
9834.835 1.3802e-16
9836.369 1.3301e-16
9837.903 1.2016e-16
9839.438 1.2034e-16
9840.971 1.2912e-16
9842.505 1.2667e-16
9844.039 1.3533e-16
9845.573 1.5643e-16
9847.106 1.6811e-16
9848.641 1.6302e-16
9850.175 1.318e-16
9851.708 1.2698e-16
9853.242 1.2822e-16
9854.776 1.3506e-16
9856.311 1.6186e-16
9857.844 1.7483e-16
9859.378 1.7064e-16
9860.912 1.4613e-16
9862.446 1.6733e-16
9863.979 1.522e-16
9865.514 1.2593e-16
9867.048 1.5472e-16
9868.582 1.2631e-16
9870.115 1.1581e-16
9871.649 1.128e-16
9873.184 1.126e-16
9874.718 1.2535e-16
9876.251 1.3709e-16
9877.785 1.6542e-16
9879.319 1.6085e-16
9880.854 1.6205e-16
9882.387 1.4982e-16
9883.921 1.3542e-16
9885.455 1.4328e-16
9886.989 1.4857e-16
9888.522 1.4773e-16
9890.057 1.3428e-16
9891.591 1.2654e-16
9893.125 1.3187e-16
9894.658 1.3168e-16
9896.192 1.2732e-16
9897.727 1.3095e-16
9899.261 1.3424e-16
9900.794 1.5667e-16
9902.328 1.5752e-16
9903.862 1.3665e-16
9905.396 1.2224e-16
9906.930 1.2994e-16
9908.464 1.4957e-16
9909.998 1.3168e-16
9911.531 1.5503e-16
9913.065 1.6085e-16
9914.600 1.3863e-16
9916.134 1.6835e-16
9917.667 1.3523e-16
9919.201 1.2551e-16
9920.735 1.4621e-16
9922.270 1.4749e-16
9923.803 1.2742e-16
9925.337 1.1226e-16
9926.871 1.4991e-16
9928.405 1.4677e-16
9929.938 1.3259e-16
9931.473 1.4453e-16
9933.007 1.3662e-16
9934.541 1.2862e-16
9936.074 1.4979e-16
9937.608 1.6409e-16
9939.143 1.6217e-16
9940.677 1.4633e-16
9942.210 1.23e-16
9943.744 1.1895e-16
9945.278 1.069e-16
9946.812 1.4731e-16
9948.346 1.6432e-16
9949.880 1.2693e-16
9951.414 1.1796e-16
9952.948 1.2843e-16
9954.481 1.0843e-16
9956.016 1.365e-16
9957.550 1.4928e-16
9959.084 1.1796e-16
9960.617 1.3468e-16
9962.151 1.161e-16
9963.686 1.1088e-16
9965.220 1.1489e-16
9966.753 1.2171e-16
9968.287 1.5705e-16
9969.821 1.5315e-16
9971.355 1.3317e-16
9972.889 1.3861e-16
9974.423 1.4324e-16
9975.957 1.3256e-16
9977.490 1.307e-16
9979.024 1.2354e-16
9980.559 1.4311e-16
9982.093 1.5228e-16
9983.626 1.328e-16
9985.160 1.3772e-16
9986.694 1.3823e-16
9988.229 1.2818e-16
9989.762 1.411e-16
9991.296 1.4142e-16
9992.830 1.3552e-16
9994.364 1.4708e-16
9995.897 1.5697e-16
9997.432 1.6292e-16
9998.966 1.6184e-16
10000.500 1.5904e-16
