3800.00000000001  2.187991E-18
3803.48794698716  1.690095E-17
3806.97589397431  2.214968E-17
3810.46384096147  1.904563E-17
3813.95178794862  -1.573155E-18
3817.43973493577  -2.751933E-17
3820.92768192292  -3.212793E-18
3824.41562891008  9.112215E-18
3827.90357589723  -3.013546E-18
3831.39152288438  4.511343E-18
3834.87946987153  1.519645E-17
3838.36741685868  1.419012E-17
3841.85536384584  3.067836E-18
3845.34331083299  1.622115E-17
3848.83125782014  3.130718E-17
3852.31920480729  2.165000E-17
3855.80715179444  8.088548E-18
3859.2950987816  1.002179E-17
3862.78304576875  1.109944E-17
3866.2709927559  9.214444E-18
3869.75893974305  1.964973E-17
3873.24688673021  7.746066E-18
3876.73483371736  8.911707E-18
3880.22278070451  5.323150E-18
3883.71072769166  6.768586E-18
3887.19867467881  6.933009E-18
3890.68662166597  -1.608375E-18
3894.17456865312  -3.009254E-18
3897.66251564027  -8.162671E-18
3901.15046262742  5.500471E-18
3904.63840961457  1.765504E-17
3908.12635660173  -3.936419E-18
3911.61430358888  -2.246958E-17
3915.10225057603  2.045090E-18
3918.59019756318  1.280634E-17
3922.07814455033  1.408606E-18
3925.56609153749  4.857278E-18
3929.05403852464  7.834725E-18
3932.54198551179  1.142747E-17
3936.02993249894  2.115407E-17
3939.51787948609  1.155631E-17
3943.00582647325  -7.105274E-18
3946.4937734604  -2.864773E-18
3949.98172044755  1.143518E-18
3953.4696674347  -5.746603E-18
3956.95761442186  -2.638104E-18
3960.44556140901  1.488977E-17
3963.93350839616  2.477896E-17
3967.42145538331  2.414546E-17
3970.90940237046  1.338338E-17
3974.39734935762  1.047408E-17
3977.88529634477  6.881849E-18
3981.37324333192  5.788612E-18
3984.86119031907  8.809583E-18
3988.34913730622  -1.657884E-18
3991.83708429338  8.558912E-18
3995.32503128053  6.955536E-18
3998.81297826768  3.833236E-18
4002.30092525483  2.062820E-17
4005.78887224198  2.500715E-17
4009.27681922914  1.558054E-17
4012.76476621629  8.860147E-18
4016.25271320344  1.154190E-17
4019.74066019059  6.372061E-18
4023.22860717775  8.516937E-18
4026.7165541649  1.223507E-17
4030.20450115205  2.571828E-18
4033.6924481392  -1.308782E-18
4037.18039512635  1.418373E-18
4040.66834211351  9.079742E-18
4044.15628910066  2.373448E-17
4047.64423608781  2.388935E-17
4051.13218307496  2.133737E-17
4054.62013006211  1.454795E-17
4058.10807704927  7.197772E-18
4061.59602403642  -1.996701E-18
4065.08397102357  9.822476E-19
4068.57191801072  1.200387E-17
4072.05986499787  9.616563E-18
4075.54781198503  2.757906E-18
4079.03575897218  1.158918E-18
4082.52370595933  6.235479E-18
4086.01165294648  7.581104E-18
4089.49959993364  4.123762E-18
4092.98754692079  3.949926E-18
4096.47549390794  5.911754E-18
4099.96344089509  4.447119E-18
4103.45138788224  5.417897E-18
4106.9393348694  1.683324E-17
4110.42728185655  8.037986E-18
4113.9152288437  -1.334702E-17
4117.40317583085  -4.807807E-18
4120.891122818  1.656485E-17
4124.37906980516  9.625242E-18
4127.86701679231  5.985033E-18
4131.35496377946  6.546524E-18
4134.84291076661  1.117960E-17
4138.33085775377  1.123249E-17
4141.81880474092  5.521569E-18
4145.30675172807  1.126660E-17
4148.79469871522  1.005712E-17
4152.28264570237  9.070603E-18
4155.77059268953  1.140665E-17
4159.25853967668  6.083804E-18
4162.74648666383  5.196046E-18
4166.23443365098  2.463196E-18
4169.72238063813  -4.022686E-18
4173.21032762529  2.688737E-19
4176.69827461244  5.145333E-18
4180.18622159959  1.011777E-17
4183.67416858674  5.735861E-18
4187.16211557389  5.975616E-18
4190.65006256105  4.637860E-18
4194.1380095482  -1.999735E-18
4197.62595653535  -4.114429E-18
4201.1139035225  4.535249E-18
4204.60185050965  9.161242E-18
4208.08979749681  9.166335E-18
4211.57774448396  1.857614E-17
4215.06569147111  1.368996E-17
4218.55363845826  9.862125E-18
4222.04158544541  1.090239E-17
4225.52953243257  5.064901E-18
4229.01747941972  1.455763E-17
4232.50542640687  1.796152E-17
4235.99337339402  8.395991E-18
4239.48132038118  1.076526E-17
4242.96926736833  1.433703E-17
4246.45721435548  1.132477E-17
4249.94516134263  1.290048E-17
4253.43310832978  1.122837E-17
4256.92105531694  1.134630E-17
4260.40900230409  1.466223E-17
4263.89694929124  1.838358E-17
4267.38489627839  1.663977E-17
4270.87284326554  1.093589E-17
4274.3607902527  1.394646E-17
4277.84873723985  1.736910E-17
4281.336684227  1.976903E-17
4284.82463121415  2.058195E-17
4288.31257820131  2.221407E-17
4291.80052518846  2.399003E-17
4295.28847217561  2.806067E-17
4298.77641916276  3.784957E-17
4302.26436614991  2.760938E-17
4305.75231313706  1.902014E-17
4309.24026012422  2.491795E-17
4312.72820711137  2.861033E-17
4316.21615409852  2.369254E-17
4319.70410108567  1.122467E-17
4323.19204807282  7.846641E-18
4326.67999505998  2.794114E-17
4330.16794204713  3.148698E-17
4333.65588903428  2.487413E-17
4337.14383602143  2.077273E-17
4340.63178300859  1.964327E-17
4344.11972999574  1.778381E-17
4347.60767698289  1.698265E-17
4351.09562397004  1.926226E-17
4354.58357095719  2.282814E-17
4358.07151794435  3.310897E-17
4361.5594649315  3.506704E-17
4365.04741191865  2.609256E-17
4368.5353589058  2.258814E-17
4372.02330589295  2.405026E-17
4375.51125288011  2.563108E-17
4378.99919986726  1.904645E-17
4382.48714685441  1.586076E-17
4385.97509384156  1.316458E-17
4389.46304082872  1.342160E-17
4392.95098781587  1.402327E-17
4396.43893480302  5.943284E-18
4399.92688179017  1.236226E-17
4403.41482877732  1.624452E-17
4406.90277576448  1.255371E-17
4410.39072275163  1.305970E-17
4413.87866973878  1.886576E-17
4417.36661672593  1.838005E-17
4420.85456371308  1.933071E-17
4424.34251070024  1.819307E-17
4427.83045768739  1.803229E-17
4431.31840467454  1.666116E-17
4434.80635166169  1.535396E-17
4438.29429864885  2.329295E-17
4441.782245636  2.502061E-17
4445.27019262315  1.652422E-17
4448.7581396103  1.060120E-17
4452.24608659745  1.946232E-17
4455.73403358461  2.330200E-17
4459.22198057176  1.749086E-17
4462.70992755891  1.656041E-17
4466.19787454606  1.656629E-17
4469.68582153321  1.327659E-17
4473.17376852037  1.216801E-17
4476.66171550752  1.889381E-17
4480.14966249467  2.167429E-17
4483.63760948182  1.758344E-17
4487.12555646898  1.774297E-17
4490.61350345613  1.724461E-17
4494.10145044328  1.768708E-17
4497.58939743043  8.176267E-18
4501.07734441758  1.871069E-17
4504.56529140474  1.804529E-17
4508.05323839189  8.093343E-18
4511.54118537904  8.123230E-18
4515.02913236619  9.921639E-18
4518.51707935334  1.211391E-17
4522.0050263405  1.104258E-17
4525.49297332765  1.750311E-17
4528.9809203148  2.421688E-17
4532.46886730195  2.136425E-17
4535.9568142891  2.442630E-17
4539.44476127626  2.251248E-17
4542.93270826341  9.233353E-18
4546.42065525056  1.370682E-17
4549.90860223771  1.481512E-17
4553.39654922487  3.883812E-18
4556.88449621202  1.050368E-17
4560.37244319917  1.912051E-17
4563.86039018632  2.083177E-17
4567.34833717347  1.539404E-17
4570.83628416063  1.077595E-17
4574.32423114778  1.327937E-17
4577.81217813493  7.614587E-18
4581.30012512208  3.076627E-18
4584.78807210923  4.159178E-18
4588.27601909639  6.594281E-18
4591.76396608354  8.824249E-18
4595.25191307069  1.264368E-17
4598.73986005784  1.107123E-17
4602.22780704499  1.042645E-17
4605.71575403215  1.581472E-17
4609.2037010193  2.025401E-17
4612.69164800645  1.819642E-17
4616.1795949936  1.629910E-17
4619.66754198076  1.829772E-17
4623.15548896791  1.937445E-17
4626.64343595506  1.331055E-17
4630.13138294221  1.440633E-17
4633.61932992936  2.163244E-17
4637.10727691652  1.050609E-17
4640.59522390367  8.116802E-18
4644.08317089082  1.428443E-17
4647.57111787797  1.123441E-17
4651.05906486513  1.238229E-17
4654.54701185228  1.030432E-17
4658.03495883943  5.768150E-18
4661.52290582658  8.194877E-18
4665.01085281373  1.139830E-17
4668.49879980088  1.561882E-17
4671.98674678804  1.139786E-17
4675.47469377519  9.875584E-18
4678.96264076234  1.412083E-17
4682.45058774949  1.336938E-17
4685.93853473665  1.308398E-17
4689.4264817238  1.635963E-17
4692.91442871095  2.018385E-17
4696.4023756981  1.641734E-17
4699.89032268525  1.775910E-17
4703.37826967241  1.596741E-17
4706.86621665956  9.784803E-18
4710.35416364671  1.249252E-17
4713.84211063386  1.651728E-17
4717.33005762101  1.358795E-17
4720.81800460817  7.607594E-18
4724.30595159532  8.085311E-18
4727.79389858247  1.249577E-17
4731.28184556962  1.040984E-17
4734.76979255677  1.039624E-17
4738.25773954393  1.183032E-17
4741.74568653108  1.090241E-17
4745.23363351823  1.440446E-17
4748.72158050538  1.368089E-17
4752.20952749253  7.440548E-18
4755.69747447969  1.019694E-17
4759.18542146684  1.370163E-17
4762.67336845399  1.442491E-17
4766.16131544114  9.018553E-18
4769.6492624283  9.599439E-18
4773.13720941545  1.052983E-17
4776.6251564026  1.356323E-17
4780.11310338975  1.276139E-17
4783.6010503769  7.356857E-18
4787.08899736406  7.465009E-18
4790.57694435121  1.176176E-17
4794.06489133836  1.625380E-17
4797.55283832551  1.481123E-17
4801.04078531266  1.144116E-17
4804.52873229982  1.492271E-17
4808.01667928697  1.599255E-17
4811.50462627412  1.062771E-17
4814.99257326127  1.482308E-17
4818.48052024843  1.442901E-17
4821.96846723558  5.061289E-18
4825.45641422273  1.031823E-17
4828.94436120988  1.602468E-17
4832.43230819703  1.208616E-17
4835.92025518419  1.006124E-17
4839.40820217134  8.248820E-18
4842.89614915849  9.636681E-18
4846.38409614564  1.709701E-17
4849.87204313279  1.737698E-17
4853.35999011995  1.452022E-17
4856.8479371071  1.526713E-17
4860.33588409425  1.606933E-17
4863.8238310814  1.069907E-17
4867.31177806855  8.492334E-18
4870.79972505571  9.748190E-18
4874.28767204286  1.066529E-17
4877.77561903001  1.338325E-17
4881.26356601716  1.907481E-17
4884.75151300432  2.126751E-17
4888.23945999147  2.603476E-17
4891.72740697862  2.864676E-17
4895.21535396577  1.828704E-17
4898.70330095292  1.924196E-17
4902.19124794008  2.594584E-17
4905.67919492723  2.270515E-17
4909.16714191438  2.011449E-17
4912.65508890153  2.449312E-17
4916.14303588869  2.686898E-17
4919.63098287584  2.441204E-17
4923.11892986299  2.131055E-17
4926.60687685014  2.247475E-17
4930.09482383729  2.257623E-17
4933.58277082445  2.343081E-17
4937.0707178116  2.832877E-17
4940.55866479875  2.643815E-17
4944.0466117859  2.221282E-17
4947.53455877305  2.860343E-17
4951.02250576021  3.190640E-17
4954.51045274736  2.961455E-17
4957.99839973451  3.049791E-17
4961.48634672166  3.146919E-17
4964.97429370881  2.960784E-17
4968.46224069597  2.583444E-17
4971.95018768312  2.544824E-17
4975.43813467027  2.324099E-17
4978.92608165742  2.251672E-17
4982.41402864457  2.918074E-17
4985.90197563173  3.132656E-17
4989.38992261888  2.653879E-17
4992.87786960603  2.623024E-17
4996.36581659318  2.917664E-17
4999.85376358034  3.096144E-17
5003.34171056749  2.613648E-17
5006.82965755464  2.725730E-17
5010.31760454179  2.527477E-17
5013.80555152894  2.205649E-17
5017.29349851609  2.201736E-17
5020.78144550325  2.577878E-17
5024.2693924904  2.907593E-17
5027.75733947755  2.504974E-17
5031.2452864647  2.582198E-17
5034.73323345186  2.875569E-17
5038.22118043901  2.724528E-17
5041.70912742616  2.215923E-17
5045.19707441331  2.415092E-17
5048.68502140046  2.168526E-17
5052.17296838762  1.909095E-17
5055.66091537477  2.377167E-17
5059.14886236192  2.418074E-17
5062.63680934907  1.767000E-17
5066.12475633622  1.441636E-17
5069.61270332338  1.952080E-17
5073.10065031053  2.144397E-17
5076.58859729768  1.998223E-17
5080.07654428483  2.008344E-17
5083.56449127199  2.051865E-17
5087.05243825914  2.114911E-17
5090.54038524629  2.124090E-17
5094.02833223344  1.821726E-17
5097.51627922059  1.742830E-17
5101.00422620775  2.031285E-17
5104.4921731949  2.187190E-17
5107.98012018205  1.941219E-17
5111.4680671692  1.821841E-17
5114.95601415635  2.144146E-17
5118.44396114351  2.187010E-17
5121.93190813066  1.833413E-17
5125.41985511781  2.078618E-17
5128.90780210496  2.423589E-17
5132.39574909212  2.382795E-17
5135.88369607927  1.967976E-17
5139.37164306642  1.756779E-17
5142.85959005357  1.809170E-17
5146.34753704072  1.827030E-17
5149.83548402788  1.648896E-17
5153.32343101503  1.531157E-17
5156.81137800218  1.982972E-17
5160.29932498933  2.868569E-17
5163.78727197648  2.293845E-17
5167.27521896364  1.836056E-17
5170.76316595079  2.110504E-17
5174.25111293794  1.886859E-17
5177.73905992509  1.935250E-17
5181.22700691224  2.197509E-17
5184.7149538994  2.245836E-17
5188.20290088655  2.164006E-17
5191.6908478737  2.104568E-17
5195.17879486085  2.305211E-17
5198.666741848  2.664967E-17
5202.15468883516  2.152271E-17
5205.64263582231  1.780957E-17
5209.13058280946  1.732627E-17
5212.61852979661  1.784654E-17
5216.10647678377  2.153909E-17
5219.59442377092  2.125669E-17
5223.08237075807  1.975766E-17
5226.57031774522  1.939214E-17
5230.05826473237  2.079610E-17
5233.54621171953  2.170149E-17
5237.03415870668  1.796422E-17
5240.52210569383  1.964529E-17
5244.01005268098  2.506254E-17
5247.49799966813  2.328478E-17
5250.98594665529  2.101697E-17
5254.47389364244  2.146367E-17
5257.96184062959  2.032037E-17
5261.44978761674  1.898510E-17
5264.9377346039  2.220981E-17
5268.42568159105  1.892467E-17
5271.9136285782  1.475043E-17
5275.40157556535  1.143778E-17
5278.8895225525  1.252041E-17
5282.37746953966  2.013682E-17
5285.86541652681  2.003363E-17
5289.35336351396  1.325192E-17
5292.84131050111  1.208450E-17
5296.32925748826  1.603014E-17
5299.81720447542  1.935714E-17
5303.30515146257  2.117723E-17
5306.79309844972  2.122696E-17
5310.28104543687  1.815661E-17
5313.76899242402  1.528672E-17
5317.25693941118  1.732147E-17
5320.74488639833  1.922536E-17
5324.23283338548  2.515031E-17
5327.72078037263  1.870097E-17
5331.20872735978  1.646287E-17
5334.69667434694  1.934233E-17
5338.18462133409  2.103086E-17
5341.67256832124  2.214237E-17
5345.16051530839  2.422361E-17
5348.64846229555  2.712973E-17
5352.1364092827  3.074263E-17
5355.62435626985  3.001266E-17
5359.112303257  2.906579E-17
5362.60025024415  3.208470E-17
5366.0881972313  3.322388E-17
5369.57614421846  3.470947E-17
5373.06409120561  3.610133E-17
5376.55203819276  3.598686E-17
5380.03998517991  3.620301E-17
5383.52793216707  3.737491E-17
5387.01587915422  3.261959E-17
5390.50382614137  2.908233E-17
5393.99177312852  2.883807E-17
5397.47972011567  2.813274E-17
5400.96766710283  3.038754E-17
5404.45561408998  2.720914E-17
5407.94356107713  2.311300E-17
5411.43150806428  2.686136E-17
5414.91945505144  2.990048E-17
5418.40740203859  2.412956E-17
5421.89534902574  2.565301E-17
5425.38329601289  2.539950E-17
5428.87124300004  1.802996E-17
5432.3591899872  1.966060E-17
5435.84713697435  2.381883E-17
5439.3350839615  2.402005E-17
5442.82303094865  2.452827E-17
5446.31097793581  2.507605E-17
5449.79892492296  2.108360E-17
5453.28687191011  1.996682E-17
5456.77481889726  2.061031E-17
5460.26276588441  1.917317E-17
5463.75071287156  2.240067E-17
5467.23865985872  2.337981E-17
5470.72660684587  2.222402E-17
5474.21455383302  1.901665E-17
5477.70250082017  1.469973E-17
5481.19044780733  1.413666E-17
5484.67839479448  1.463858E-17
5488.16634178163  1.430289E-17
5491.65428876878  1.459425E-17
5495.14223575593  1.397338E-17
5498.63018274309  1.725947E-17
5502.11812973024  2.383527E-17
5505.60607671739  1.963846E-17
5509.09402370454  1.404387E-17
5512.58197069169  1.818391E-17
5516.06991767885  2.239200E-17
5519.557864666  2.186464E-17
5523.04581165315  1.931436E-17
5526.5337586403  1.756154E-17
5530.02170562745  1.866509E-17
5533.50965261461  1.778591E-17
5536.99759960176  1.464157E-17
5540.48554658891  1.537760E-17
5543.97349357606  1.641445E-17
5547.46144056322  1.593152E-17
5550.94938755037  1.391006E-17
5554.43733453752  1.182062E-17
5557.92528152467  1.802685E-17
5561.41322851182  2.066565E-17
5564.90117549898  6.857815E-18
5568.38912248613  2.420305E-18
5571.87706947328  1.706365E-17
5575.36501646043  1.947929E-17
5578.85296344758  1.390187E-17
5582.34091043474  1.439689E-17
5585.82885742189  1.560679E-17
5589.31680440904  1.769454E-17
5592.80475139619  2.013483E-17
5596.29269838334  2.178742E-17
5599.7806453705  2.132413E-17
5603.26859235765  2.057217E-17
5606.7565393448  2.228571E-17
5610.24448633195  2.291176E-17
5613.73243331911  2.279320E-17
5617.22038030626  2.540898E-17
5620.70832729341  2.168021E-17
5624.19627428056  1.993392E-17
5627.68422126771  2.518319E-17
5631.17216825487  2.142750E-17
5634.66011524202  1.865296E-17
5638.14806222917  2.201857E-17
5641.63600921632  2.222229E-17
5645.12395620347  2.141877E-17
5648.61190319063  2.034104E-17
5652.09985017778  1.701062E-17
5655.58779716493  1.783670E-17
5659.07574415208  2.454905E-17
5662.56369113924  2.971069E-17
5666.05163812639  3.042288E-17
5669.53958511354  2.385394E-17
5673.02753210069  2.011712E-17
5676.51547908784  2.322044E-17
5680.003426075  2.355337E-17
5683.49137306215  2.297824E-17
5686.9793200493  2.386128E-17
5690.46726703645  2.463084E-17
5693.9552140236  2.392911E-17
5697.44316101076  2.599459E-17
5700.93110799791  2.713895E-17
5704.41905498506  2.278226E-17
5707.90700197221  2.273125E-17
5711.39494895937  2.476274E-17
5714.88289594652  2.593336E-17
5718.37084293367  2.889028E-17
5721.85878992082  2.979065E-17
5725.34673690797  2.743890E-17
5728.83468389512  2.778071E-17
5732.32263088228  2.918251E-17
5735.81057786943  2.535189E-17
5739.29852485658  2.613939E-17
5742.78647184373  2.286960E-17
5746.27441883089  2.706328E-17
5749.76236581804  3.281373E-17
5753.25031280519  2.881311E-17
5756.73825979234  2.886498E-17
5760.22620677949  3.015689E-17
5763.71415376665  2.779903E-17
5767.2021007538  2.922458E-17
5770.69004774095  2.930231E-17
5774.1779947281  2.781809E-17
5777.66594171525  2.880908E-17
5781.15388870241  3.161564E-17
5784.64183568956  2.936074E-17
5788.12978267671  2.726729E-17
5791.61772966386  2.536118E-17
5795.10567665102  2.379826E-17
5798.59362363817  2.529618E-17
5802.08157062532  3.172466E-17
5805.56951761247  3.333133E-17
5809.05746459962  2.990807E-17
5812.54541158678  2.651329E-17
5816.03335857393  2.842398E-17
5819.52130556108  2.966688E-17
5823.00925254823  2.920614E-17
5826.49719953538  3.004892E-17
5829.98514652254  3.012221E-17
5833.47309350969  3.046661E-17
5836.96104049684  2.579938E-17
5840.44898748399  2.186181E-17
5843.93693447114  2.382395E-17
5847.4248814583  2.732928E-17
5850.91282844545  2.701240E-17
5854.4007754326  2.677495E-17
5857.88872241975  2.575862E-17
5861.3766694069  2.715236E-17
5864.86461639406  2.871000E-17
5868.35256338121  2.635694E-17
5871.84051036836  2.969964E-17
5875.32845735551  2.786358E-17
5878.81640434267  2.247614E-17
5882.30435132982  2.362993E-17
5885.79229831697  2.396931E-17
5889.28024530412  2.780137E-17
5892.76819229127  3.229040E-17
5896.25613927843  3.179987E-17
5899.74408626558  2.819763E-17
5903.23203325273  3.009556E-17
5906.71998023988  3.427032E-17
5910.20792722703  3.453380E-17
5913.69587421419  3.571771E-17
5917.18382120134  3.569587E-17
5920.67176818849  3.719236E-17
5924.15971517564  4.380498E-17
5927.64766216279  4.431115E-17
5931.13560914995  4.276535E-17
5934.6235561371  4.195483E-17
5938.11150312425  3.746807E-17
5941.5994501114  3.702141E-17
5945.08739709856  4.218811E-17
5948.57534408571  4.054731E-17
5952.06329107286  3.850544E-17
5955.55123806001  4.142716E-17
5959.03918504716  3.942434E-17
5962.52713203432  3.107538E-17
5966.01507902147  2.881342E-17
5969.50302600862  2.980910E-17
5972.99097299577  3.286371E-17
5976.47891998292  3.276337E-17
5979.96686697008  3.013927E-17
5983.45481395723  3.293185E-17
5986.94276094438  3.368713E-17
5990.43070793153  2.985010E-17
5993.91865491868  2.607162E-17
5997.40660190584  2.550788E-17
6000.89454889299  2.689512E-17
6004.38249588014  2.561995E-17
6007.87044286729  2.362413E-17
6011.35838985445  1.986713E-17
6014.8463368416  1.917992E-17
6018.33428382875  2.067269E-17
6021.8222308159  1.712951E-17
6025.31017780305  1.476362E-17
6028.79812479021  1.864960E-17
6032.28607177736  2.444292E-17
6035.77401876451  2.596517E-17
6039.26196575166  2.425528E-17
6042.74991273882  2.200685E-17
6046.23785972597  2.324762E-17
6049.72580671312  2.480379E-17
6053.21375370027  2.503793E-17
6056.70170068742  2.950531E-17
6060.18964767458  3.418291E-17
6063.67759466173  3.538863E-17
6067.16554164888  3.688331E-17
6070.65348863603  3.808483E-17
6074.14143562318  3.648251E-17
6077.62938261034  3.603491E-17
6081.11732959749  3.771256E-17
6084.60527658464  3.621258E-17
6088.09322357179  3.231538E-17
6091.58117055894  3.219975E-17
6095.0691175461  3.450915E-17
6098.55706453325  3.143814E-17
6102.0450115204  3.118399E-17
6105.53295850755  3.515566E-17
6109.0209054947  3.590449E-17
6112.50885248186  3.459973E-17
6115.99679946901  3.089560E-17
6119.48474645616  2.665002E-17
6122.97269344331  2.790151E-17
6126.46064043047  2.940592E-17
6129.94858741762  2.515723E-17
6133.43653440477  2.517249E-17
6136.92448139192  2.911784E-17
6140.41242837907  2.627039E-17
6143.90037536623  2.417331E-17
6147.38832235338  2.603650E-17
6150.87626934053  2.443565E-17
6154.36421632768  2.104260E-17
6157.85216331483  1.956385E-17
6161.34011030199  1.847505E-17
6164.82805728914  1.990466E-17
6168.31600427629  1.902885E-17
6171.80395126344  1.985988E-17
6175.29189825059  1.890003E-17
6178.77984523775  1.416126E-17
6182.2677922249  1.103957E-17
6185.75573921205  1.232618E-17
6189.2436861992  1.117484E-17
6192.73163318636  1.014801E-17
6196.21958017351  1.578716E-17
6199.70752716066  1.799365E-17
6203.19547414781  1.456159E-17
6206.68342113496  1.316338E-17
6210.17136812212  1.311634E-17
6213.65931510927  1.445939E-17
6217.14726209642  1.261618E-17
6220.63520908357  1.006105E-17
6224.12315607073  1.816492E-17
6227.61110305788  2.501887E-17
6231.09905004503  2.340893E-17
6234.58699703218  1.810899E-17
6238.07494401933  1.429469E-17
6241.56289100648  1.845888E-17
6245.05083799364  2.146780E-17
6248.53878498079  1.955488E-17
6252.02673196794  1.988919E-17
6255.51467895509  2.169777E-17
6259.00262594225  1.838219E-17
6262.4905729294  1.797449E-17
6265.97851991655  2.242207E-17
6269.4664669037  1.961442E-17
6272.95441389085  1.939562E-17
6276.44236087801  2.111040E-17
6279.93030786516  2.539890E-17
6283.41825485231  2.518488E-17
6286.90620183946  2.348459E-17
6290.39414882662  2.055251E-17
6293.88209581377  2.363484E-17
6297.37004280092  2.961892E-17
6300.85798978807  2.629577E-17
6304.34593677522  3.221799E-17
6307.83388376238  3.443804E-17
6311.32183074953  3.081842E-17
6314.80977773668  3.047845E-17
6318.29772472383  3.127783E-17
6321.78567171098  3.628830E-17
6325.27361869814  3.535861E-17
6328.76156568529  3.238317E-17
6332.24951267244  3.406978E-17
6335.73745965959  3.533176E-17
6339.22540664674  3.616466E-17
6342.7133536339  3.527608E-17
6346.20130062105  3.231949E-17
6349.6892476082  3.001589E-17
6353.17719459535  2.971594E-17
6356.6651415825  2.927553E-17
6360.15308856966  2.608133E-17
6363.64103555681  2.679332E-17
6367.12898254396  3.155779E-17
6370.61692953111  3.119185E-17
6374.10487651826  3.147633E-17
6377.59282350542  3.474898E-17
6381.08077049257  3.178136E-17
6384.56871747972  3.030780E-17
6388.05666446687  3.378416E-17
6391.54461145403  3.221995E-17
6395.03255844118  2.726022E-17
6398.52050542833  2.803346E-17
6402.00845241548  2.816195E-17
6405.49639940263  2.754616E-17
6408.98434638978  2.479289E-17
6412.47229337694  2.502970E-17
6415.96024036409  2.551839E-17
6419.44818735124  2.572267E-17
6422.9361343384  2.603696E-17
6426.42408132555  2.893196E-17
6429.9120283127  2.893940E-17
6433.39997529985  2.777259E-17
6436.887922287  2.794803E-17
6440.37586927415  2.709385E-17
6443.86381626131  2.821742E-17
6447.35176324846  2.707812E-17
6450.83971023561  2.583560E-17
6454.32765722276  2.415320E-17
6457.81560420992  2.457315E-17
6461.30355119707  2.686538E-17
6464.79149818422  2.486127E-17
6468.27944517137  2.479732E-17
6471.76739215852  2.499219E-17
6475.25533914568  2.483515E-17
6478.74328613283  2.795962E-17
6482.23123311998  2.767213E-17
6485.71918010713  2.245026E-17
6489.20712709428  1.997598E-17
6492.69507408144  2.169087E-17
6496.18302106859  2.323203E-17
6499.67096805574  2.403597E-17
6503.15891504289  2.368553E-17
6506.64686203004  2.450991E-17
6510.1348090172  2.204517E-17
6513.62275600435  2.383179E-17
6517.1107029915  2.492002E-17
6520.59864997865  2.438347E-17
6524.08659696581  2.510023E-17
6527.57454395296  2.664665E-17
6531.06249094011  2.095376E-17
6534.55043792726  2.286694E-17
6538.03838491441  2.344990E-17
6541.52633190157  1.753847E-17
6545.01427888872  1.761208E-17
6548.50222587587  1.871504E-17
6551.99017286302  1.879456E-17
6555.47811985017  1.977910E-17
6558.96606683733  1.839563E-17
6562.45401382448  1.715267E-17
6565.94196081163  2.041130E-17
6569.42990779878  2.359194E-17
6572.91785478593  2.136766E-17
6576.40580177309  2.171691E-17
6579.89374876024  2.325584E-17
6583.38169574739  2.397870E-17
6586.86964273454  2.285724E-17
6590.35758972169  2.293001E-17
6593.84553670885  2.770888E-17
6597.333483696  2.565166E-17
6600.82143068315  2.025610E-17
6604.3093776703  2.147891E-17
6607.79732465745  2.204228E-17
6611.28527164461  2.251288E-17
6614.77321863176  2.316509E-17
6618.26116561891  2.284930E-17
6621.74911260606  2.327476E-17
6625.23705959322  2.185023E-17
6628.72500658037  1.982239E-17
6632.21295356752  1.898203E-17
6635.70090055467  2.114243E-17
6639.18884754182  1.957916E-17
6642.67679452898  2.003148E-17
6646.16474151613  2.103097E-17
6649.65268850328  2.339271E-17
6653.14063549043  2.445462E-17
6656.62858247759  2.304324E-17
6660.11652946474  2.371191E-17
6663.60447645189  2.619841E-17
6667.09242343904  2.635154E-17
6670.58037042619  2.611808E-17
6674.06831741335  2.486139E-17
6677.5562644005  2.292381E-17
6681.04421138765  2.659902E-17
6684.5321583748  2.739857E-17
6688.02010536195  2.619579E-17
6691.50805234911  2.523461E-17
6694.99599933626  2.509950E-17
6698.48394632341  2.646545E-17
6701.97189331056  2.731903E-17
6705.45984029771  2.911952E-17
6708.94778728487  3.125522E-17
6712.43573427202  3.060237E-17
6715.92368125917  2.883811E-17
6719.41162824632  3.119479E-17
6722.89957523347  3.233885E-17
6726.38752222063  3.074340E-17
6729.87546920778  3.031684E-17
6733.36341619493  3.071656E-17
6736.85136318208  3.168097E-17
6740.33931016924  3.271806E-17
6743.82725715639  2.648244E-17
6747.31520414354  2.423375E-17
6750.80315113069  2.592073E-17
6754.29109811784  2.609498E-17
6757.77904510499  2.661170E-17
6761.26699209215  2.325899E-17
6764.7549390793  2.619744E-17
6768.24288606645  2.729501E-17
6771.7308330536  2.631094E-17
6775.21878004076  2.767888E-17
6778.70672702791  2.151291E-17
6782.19467401506  2.053862E-17
6785.68262100221  2.520556E-17
6789.17056798936  2.706545E-17
6792.65851497652  2.310011E-17
6796.14646196367  2.246613E-17
6799.63440895082  2.308981E-17
6803.12235593797  2.225763E-17
6806.61030292513  2.499685E-17
6810.09824991228  2.609118E-17
6813.58619689943  2.585106E-17
6817.07414388658  2.377895E-17
6820.56209087373  2.454308E-17
6824.05003786089  2.431932E-17
6827.53798484804  2.481598E-17
6831.02593183519  2.420275E-17
6834.51387882234  1.855782E-17
6838.0018258095  1.968031E-17
6841.48977279665  2.047647E-17
6844.9777197838  2.223294E-17
6848.46566677095  1.913214E-17
6851.9536137581  2.064556E-17
6855.44156074525  2.052282E-17
6858.92950773241  2.007690E-17
6862.41745471956  2.173919E-17
6865.90540170671  1.988572E-17
6869.39334869386  2.307408E-17
6872.88129568102  2.118713E-17
6876.36924266817  1.893589E-17
6879.85718965532  2.077248E-17
6883.34513664247  1.877046E-17
6886.83308362962  1.857054E-17
6890.32103061678  2.161239E-17
6893.80897760393  2.572290E-17
6897.29692459108  2.666244E-17
6900.78487157823  2.277462E-17
6904.27281856538  2.359661E-17
6907.76076555254  2.522995E-17
6911.24871253969  2.358017E-17
6914.73665952684  2.208664E-17
6918.22460651399  1.925183E-17
6921.71255350114  2.134351E-17
6925.2005004883  2.785171E-17
6928.68844747545  2.688370E-17
6932.1763944626  2.608621E-17
6935.66434144976  2.563912E-17
6939.15228843691  2.549458E-17
6942.64023542406  2.732392E-17
6946.12818241121  2.636845E-17
6949.61612939836  2.234127E-17
6953.10407638551  2.328703E-17
6956.59202337267  2.386445E-17
6960.07997035982  2.478768E-17
6963.56791734697  2.477455E-17
6967.05586433412  2.636464E-17
6970.54381132128  2.862788E-17
6974.03175830843  3.031116E-17
6977.51970529558  2.833859E-17
6981.00765228273  2.611259E-17
6984.49559926988  2.715589E-17
6987.98354625704  2.440736E-17
6991.47149324419  2.147090E-17
6994.95944023134  2.437756E-17
6998.44738721849  2.641729E-17
7001.93533420564  2.650901E-17
7005.4232811928  2.586761E-17
7008.91122817995  2.567027E-17
7012.3991751671  2.846856E-17
7015.88712215425  2.600649E-17
7019.3750691414  2.425326E-17
7022.86301612856  2.478358E-17
7026.35096311571  2.521210E-17
7029.83891010286  2.169056E-17
7033.32685709001  2.068588E-17
7036.81480407717  2.440864E-17
7040.30275106432  2.729805E-17
7043.79069805147  2.797698E-17
7047.27864503862  2.764001E-17
7050.76659202577  2.604383E-17
7054.25453901293  2.526809E-17
7057.74248600008  2.330751E-17
7061.23043298723  2.241693E-17
7064.71837997438  2.461684E-17
7068.20632696153  2.571011E-17
7071.69427394869  2.693708E-17
7075.18222093584  2.604532E-17
7078.67016792299  2.394312E-17
7082.15811491014  2.489277E-17
7085.64606189729  2.215017E-17
7089.13400888445  2.012892E-17
7092.6219558716  2.348717E-17
7096.10990285875  2.866468E-17
7099.5978498459  2.618409E-17
7103.08579683306  2.391616E-17
7106.57374382021  2.699599E-17
7110.06169080736  2.898997E-17
7113.54963779451  2.477807E-17
7117.03758478166  2.630510E-17
7120.52553176881  2.882319E-17
7124.01347875597  3.216469E-17
7127.50142574312  3.220749E-17
7130.98937273027  2.552063E-17
7134.47731971742  2.471319E-17
7137.96526670457  2.568002E-17
7141.45321369173  2.461158E-17
7144.94116067888  2.351494E-17
7148.42910766603  2.343438E-17
7151.91705465318  2.405103E-17
7155.40500164034  2.498021E-17
7158.89294862749  2.638253E-17
7162.38089561464  2.470427E-17
7165.86884260179  2.337643E-17
7169.35678958894  2.524510E-17
7172.8447365761  2.478157E-17
7176.33268356325  2.196774E-17
7179.8206305504  2.177125E-17
7183.30857753755  2.720917E-17
7186.79652452471  2.342192E-17
7190.28447151186  2.529631E-17
7193.77241849901  2.423353E-17
7197.26036548616  2.083149E-17
7200.74831247331  2.375560E-17
7204.23625946047  2.713520E-17
7207.72420644762  2.429320E-17
7211.21215343477  2.386587E-17
7214.70010042192  2.445078E-17
7218.18804740907  2.228739E-17
7221.67599439623  2.416207E-17
7225.16394138338  2.511692E-17
7228.65188837053  2.260452E-17
7232.13983535768  2.120331E-17
7235.62778234483  2.271575E-17
7239.11572933199  2.403042E-17
7242.60367631914  1.980151E-17
7246.09162330629  1.866224E-17
7249.57957029344  2.050528E-17
7253.06751728059  1.800614E-17
7256.55546426775  1.947458E-17
7260.0434112549  1.872879E-17
7263.53135824205  1.689907E-17
7267.0193052292  1.913866E-17
7270.50725221636  2.251319E-17
7273.99519920351  2.072356E-17
7277.48314619066  2.185305E-17
7280.97109317781  1.501810E-17
7284.45904016496  1.535316E-17
7287.94698715212  2.013114E-17
7291.43493413927  1.957399E-17
7294.92288112642  1.585819E-17
7298.41082811357  1.533228E-17
7301.89877510072  1.949496E-17
7305.38672208788  2.177638E-17
7308.87466907503  1.978639E-17
7312.36261606218  1.766790E-17
7315.85056304933  1.720262E-17
7319.33851003649  1.923154E-17
7322.82645702364  1.911093E-17
7326.31440401079  1.758337E-17
7329.80235099794  2.176442E-17
7333.29029798509  2.104710E-17
7336.77824497225  1.994150E-17
7340.2661919594  1.842298E-17
7343.75413894655  1.495131E-17
7347.2420859337  1.424033E-17
7350.73003292085  1.725772E-17
7354.21797990801  1.898672E-17
7357.70592689516  2.217301E-17
7361.19387388231  2.357085E-17
7364.68182086946  1.892032E-17
7368.16976785661  1.776971E-17
7371.65771484377  1.807739E-17
7375.14566183092  1.828322E-17
7378.63360881807  1.993136E-17
7382.12155580522  1.838125E-17
7385.60950279237  1.681480E-17
7389.09744977953  1.812946E-17
7392.58539676668  1.703007E-17
7396.07334375383  1.452333E-17
7399.56129074098  1.372869E-17
7403.04923772814  1.312278E-17
7406.53718471529  1.326046E-17
7410.02513170244  1.772902E-17
7413.51307868959  1.882061E-17
7417.00102567674  1.365745E-17
7420.4889726639  1.663201E-17
7423.97691965105  2.007650E-17
7427.4648666382  1.746108E-17
7430.95281362535  1.629894E-17
7434.4407606125  1.449618E-17
7437.92870759966  1.476066E-17
7441.41665458681  1.254639E-17
7444.90460157396  1.414696E-17
7448.39254856111  1.500783E-17
7451.88049554827  1.336184E-17
7455.36844253542  1.358825E-17
7458.85638952257  1.334027E-17
7462.34433650972  1.435930E-17
7465.83228349687  1.741216E-17
7469.32023048402  1.737128E-17
7472.80817747118  1.514060E-17
7476.29612445833  1.578263E-17
7479.78407144548  1.507168E-17
7483.27201843263  1.667680E-17
7486.75996541979  1.618750E-17
7490.24791240694  1.867559E-17
7493.73585939409  1.877483E-17
7497.22380638124  1.664952E-17
7500.71175336839  1.709415E-17
7504.19970035555  2.152275E-17
7507.6876473427  2.449770E-17
7511.17559432985  2.467433E-17
7514.663541317  2.510535E-17
7518.15148830416  2.641575E-17
7521.63943529131  2.662626E-17
7525.12738227846  2.618304E-17
7528.61532926561  2.604312E-17
7532.10327625276  2.878989E-17
7535.59122323992  3.103092E-17
7539.07917022707  2.934951E-17
7542.56711721422  2.714532E-17
7546.05506420137  2.363946E-17
7549.54301118852  2.556683E-17
7553.03095817568  2.446383E-17
7556.51890516283  2.478047E-17
7560.00685214998  2.490177E-17
7563.49479913713  2.227459E-17
7566.98274612428  1.678692E-17
7570.47069311144  1.971251E-17
7573.95864009859  1.794610E-17
7577.44658708574  1.751748E-17
7580.93453407289  1.740607E-17
7584.42248106004  1.600924E-17
7587.9104280472  1.941836E-17
7591.39837503435  1.977119E-17
7594.8863220215  1.621748E-17
7598.37426900865  1.602615E-17
7601.8622159958  1.632795E-17
7605.35016298296  1.738860E-17
7608.83810997011  1.711213E-17
7612.32605695726  1.403467E-17
7615.81400394441  1.652832E-17
7619.30195093157  1.729671E-17
7622.78989791872  1.751685E-17
7626.27784490587  2.247247E-17
7629.76579189302  2.587311E-17
7633.25373888017  2.122245E-17
7636.74168586733  1.605523E-17
7640.22963285448  1.572182E-17
7643.71757984163  9.966956E-18
7647.20552682878  1.234862E-17
7650.69347381594  2.044608E-17
7654.18142080309  2.056341E-17
7657.66936779024  1.778913E-17
7661.15731477739  1.865065E-17
7664.64526176454  2.149031E-17
7668.1332087517  1.993261E-17
7671.62115573885  1.700829E-17
7675.109102726  1.737324E-17
7678.59704971315  1.506926E-17
7682.0849967003  1.685664E-17
7685.57294368746  1.701189E-17
7689.06089067461  1.443904E-17
7692.54883766176  1.742256E-17
7696.03678464891  2.040456E-17
7699.52473163606  1.734570E-17
7703.01267862322  1.610521E-17
7706.50062561037  1.879942E-17
7709.98857259752  1.782204E-17
7713.47651958467  1.774283E-17
7716.96446657182  1.937943E-17
7720.45241355898  2.312506E-17
7723.94036054613  2.223397E-17
7727.42830753328  2.104808E-17
7730.91625452043  2.412522E-17
7734.40420150758  2.475679E-17
7737.89214849474  2.248797E-17
7741.38009548189  1.915199E-17
7744.86804246904  1.910679E-17
7748.35598945619  2.095491E-17
7751.84393644335  1.752713E-17
7755.3318834305  5.093984E-18
7758.81983041765  9.934756E-18
7762.3077774048  2.557154E-17
7765.79572439195  2.555353E-17
7769.28367137911  2.355334E-17
7772.77161836626  2.079655E-17
7776.25956535341  2.210822E-17
7779.74751234056  2.316838E-17
7783.23545932771  2.180407E-17
7786.72340631487  1.553980E-17
7790.21135330202  1.464983E-17
7793.69930028917  2.152810E-17
7797.18724727632  2.225426E-17
7800.67519426347  1.993686E-17
7804.16314125063  2.115781E-17
7807.65108823778  2.133109E-17
7811.13903522493  2.012407E-17
7814.62698221208  2.017873E-17
7818.11492919923  2.157605E-17
7821.60287618639  2.103309E-17
7825.09082317354  1.459556E-17
7828.57877016069  2.236607E-17
7832.06671714784  3.071236E-17
7835.55466413499  2.181527E-17
7839.04261112215  2.344487E-17
7842.5305581093  2.747874E-17
7846.01850509645  1.811440E-17
7849.5064520836  1.784336E-17
7852.99439907076  2.403927E-17
7856.48234605791  2.564684E-17
7859.97029304506  2.901186E-17
7863.45824003221  3.040066E-17
7866.94618701936  2.796625E-17
7870.43413400652  2.623098E-17
7873.92208099367  2.689913E-17
7877.41002798082  2.424367E-17
7880.89797496797  2.426131E-17
7884.38592195513  2.640717E-17
7887.87386894228  2.049425E-17
7891.36181592943  2.105823E-17
7894.84976291658  2.235512E-17
7898.33770990373  2.311755E-17
7901.82565689089  1.928766E-17
7905.31360387804  1.890720E-17
7908.80155086519  2.492828E-17
7912.28949785234  2.422616E-17
7915.77744483949  2.500174E-17
7919.26539182665  2.773273E-17
7922.7533388138  1.938065E-17
7926.24128580095  1.415061E-17
7929.7292327881  1.668443E-17
7933.21717977525  1.601053E-17
7936.70512676241  1.621525E-17
7940.19307374956  1.661308E-17
7943.68102073671  1.673316E-17
7947.16896772386  1.287890E-17
7950.65691471101  1.595363E-17
7954.14486169817  2.018540E-17
7957.63280868532  2.259237E-17
7961.12075567247  2.036793E-17
7964.60870265962  1.842250E-17
7968.09664964677  1.733690E-17
7971.58459663393  1.637538E-17
7975.07254362108  1.925506E-17
7978.56049060823  2.058962E-17
7982.04843759538  1.615414E-17
7985.53638458254  1.498558E-17
7989.02433156969  1.966128E-17
7992.51227855684  1.725112E-17
7996.00022554399  7.073685E-18
7999.48817253114  1.094698E-17
8002.9761195183  1.958962E-17
8006.46406650545  1.945255E-17
8009.9520134926  2.143381E-17
8013.43996047975  1.915685E-17
8016.9279074669  1.777818E-17
8020.41585445406  2.363846E-17
8023.90380144121  2.333394E-17
8027.39174842836  2.266220E-17
8030.87969541551  2.133744E-17
8034.36764240267  1.789444E-17
8037.85558938982  1.705210E-17
8041.34353637697  1.872445E-17
8044.83148336412  1.954209E-17
8048.31943035127  1.648358E-17
8051.80737733843  1.809570E-17
8055.29532432558  2.114312E-17
8058.78327131273  1.968353E-17
8062.27121829988  1.767750E-17
8065.75916528703  1.892108E-17
8069.24711227419  1.932110E-17
8072.73505926134  1.948308E-17
8076.22300624849  2.069727E-17
8079.71095323564  1.684560E-17
8083.19890022279  1.470395E-17
8086.68684720995  1.938190E-17
8090.1747941971  2.247670E-17
8093.66274118425  1.875413E-17
8097.1506881714  1.413848E-17
8100.63863515856  1.385298E-17
8104.12658214571  1.580297E-17
8107.61452913286  1.668194E-17
8111.10247612001  1.708507E-17
8114.59042310716  1.849777E-17
8118.07837009432  1.885912E-17
8121.56631708147  2.257181E-17
8125.05426406862  2.011015E-17
8128.54221105577  1.628450E-17
8132.03015804292  1.595820E-17
8135.51810503008  1.465773E-17
8139.00605201723  1.391061E-17
8142.49399900438  1.696518E-17
8145.98194599153  1.564527E-17
8149.46989297868  1.321031E-17
8152.95783996584  1.368196E-17
8156.44578695299  1.457271E-17
8159.93373394014  1.742802E-17
8163.42168092729  1.694651E-17
8166.90962791444  1.568172E-17
8170.3975749016  1.592747E-17
8173.88552188875  1.535125E-17
8177.3734688759  1.380968E-17
8180.86141586305  1.355957E-17
8184.3493628502  1.472735E-17
8187.83730983736  1.326580E-17
8191.32525682451  1.253247E-17
8194.81320381166  1.316013E-17
8198.30115079881  1.142774E-17
8201.78909778597  1.113639E-17
8205.27704477312  1.361972E-17
8208.76499176027  1.501717E-17
8212.25293874742  1.560462E-17
8215.74088573457  1.518407E-17
8219.22883272173  1.351968E-17
8222.71677970888  1.213137E-17
8226.20472669603  9.310084E-18
8229.69267368318  8.698841E-18
8233.18062067034  1.016550E-17
8236.66856765749  9.492271E-18
8240.15651464464  1.086617E-17
8243.64446163179  1.263682E-17
8247.13240861894  1.401157E-17
8250.6203556061  9.647199E-18
8254.10830259325  8.538273E-18
8257.5962495804  1.264334E-17
8261.08419656755  1.322546E-17
8264.57214355471  1.096201E-17
8268.06009054186  8.716238E-18
8271.54803752901  1.084575E-17
8275.03598451616  1.263314E-17
8278.52393150331  6.608933E-18
8282.01187849047  1.146438E-17
8285.49982547762  1.418874E-17
8288.98777246477  1.367007E-17
8292.47571945192  1.847723E-17
8295.96366643908  2.314410E-17
8299.45161342623  2.244817E-17
8302.93956041338  1.728293E-17
8306.42750740053  1.919806E-17
8309.91545438768  1.965941E-17
8313.40340137484  1.893011E-17
8316.89134836199  2.222330E-17
8320.37929534914  2.367554E-17
8323.86724233629  2.416922E-17
8327.35518932345  2.010383E-17
8330.84313631059  1.928948E-17
8334.33108329775  1.778677E-17
8337.8190302849  1.833369E-17
8341.30697727205  3.047226E-17
8344.7949242592  2.465880E-17
8348.28287124636  1.353880E-17
8351.77081823351  1.582155E-17
8355.25876522066  2.248682E-17
8358.74671220781  2.149832E-17
8362.23465919496  1.982282E-17
8365.72260618212  2.540426E-17
8369.21055316927  2.929037E-17
8372.69850015642  2.534723E-17
8376.18644714357  2.271657E-17
8379.67439413073  2.548415E-17
8383.16234111788  2.607132E-17
8386.65028810503  2.198878E-17
8390.13823509218  2.201388E-17
8393.62618207933  2.377219E-17
8397.11412906649  2.105473E-17
8400.60207605364  1.678523E-17
8404.09002304079  1.746780E-17
8407.57797002794  1.867950E-17
8411.06591701509  1.534787E-17
8414.55386400225  1.130116E-17
8418.0418109894  1.478351E-17
8421.52975797655  2.281017E-17
8425.0177049637  2.455770E-17
8428.50565195085  2.036315E-17
8431.99359893801  1.632897E-17
8435.48154592516  1.849606E-17
8438.96949291231  2.388434E-17
8442.45743989946  1.969028E-17
8445.94538688662  1.981046E-17
8449.43333387377  2.004982E-17
8452.92128086092  2.199736E-17
8456.40922784807  2.408131E-17
8459.89717483522  1.940150E-17
8463.38512182238  1.649521E-17
8466.87306880953  1.361665E-17
8470.36101579668  6.679910E-18
8473.84896278383  7.972351E-18
8477.33690977098  1.439299E-17
8480.82485675814  1.670164E-17
8484.31280374529  2.067550E-17
8487.80075073244  2.159870E-17
8491.28869771959  2.224828E-17
8494.77664470674  2.105397E-17
8498.2645916939  1.381374E-17
8501.75253868105  1.236348E-17
8505.2404856682  1.588031E-17
8508.72843265535  2.152449E-17
8512.2163796425  2.347026E-17
8515.70432662966  1.834416E-17
8519.19227361681  1.652271E-17
8522.68022060396  1.991544E-17
8526.16816759111  1.861441E-17
8529.65611457826  1.584903E-17
8533.14406156542  1.745625E-17
8536.63200855257  1.912342E-17
8540.11995553972  1.809703E-17
8543.60790252687  1.945314E-17
8547.09584951403  1.408252E-17
8550.58379650118  1.483160E-17
8554.07174348833  1.790277E-17
8557.55969047548  1.818739E-17
8561.04763746263  1.611027E-17
8564.53558444979  1.520800E-17
8568.02353143694  1.583719E-17
8571.51147842409  1.539992E-17
8574.99942541124  1.516438E-17
8578.4873723984  1.605594E-17
8581.97531938555  1.700560E-17
8585.4632663727  1.372585E-17
8588.95121335985  1.356585E-17
8592.439160347  1.385529E-17
8595.92710733416  1.838776E-17
8599.41505432131  1.875426E-17
8602.90300130846  1.706931E-17
8606.39094829561  1.623015E-17
8609.87889528276  1.763639E-17
8613.36684226992  1.601597E-17
8616.85478925707  1.569931E-17
8620.34273624422  1.848996E-17
8623.83068323137  1.378801E-17
8627.31863021852  1.248938E-17
8630.80657720568  1.260146E-17
8634.29452419283  7.902557E-18
8637.78247117998  1.114679E-17
8641.27041816713  1.473848E-17
8644.75836515429  1.445948E-17
8648.24631214144  1.261475E-17
8651.73425912859  9.421835E-18
8655.22220611574  1.028522E-17
8658.71015310289  1.185081E-17
8662.19810009005  1.145686E-17
8665.6860470772  1.155704E-17
8669.17399406435  1.236439E-17
8672.6619410515  1.241825E-17
8676.14988803866  9.890308E-18
8679.6378350258  1.372998E-17
8683.12578201296  8.383803E-18
8686.61372900011  9.144098E-18
8690.10167598726  1.484073E-17
8693.58962297441  1.612470E-17
8697.07756996157  1.419285E-17
8700.56551694872  1.493442E-17
8704.05346393587  1.491033E-17
8707.54141092302  1.518760E-17
8711.02935791017  1.829935E-17
8714.51730489733  1.583555E-17
8718.00525188448  1.131320E-17
8721.49319887163  1.304595E-17
8724.98114585878  1.033964E-17
8728.46909284594  8.527213E-18
8731.95703983309  1.019549E-17
8735.44498682024  1.418396E-17
8738.93293380739  1.826800E-17
8742.42088079454  1.625972E-17
8745.9088277817  1.069667E-17
8749.39677476885  1.167542E-17
8752.884721756  1.442837E-17
8756.37266874315  1.659935E-17
8759.8606157303  1.946216E-17
8763.34856271746  1.591849E-17
8766.83650970461  1.335097E-17
8770.32445669176  1.431916E-17
8773.81240367891  1.934251E-17
8777.30035066606  1.213196E-17
8780.78829765322  1.395298E-17
8784.27624464037  2.573957E-17
8787.76419162752  2.347936E-17
8791.25213861467  1.273323E-17
8794.74008560183  1.108712E-17
8798.22803258898  1.594879E-17
8801.71597957613  1.673051E-17
8805.20392656328  1.386800E-17
8808.69187355043  1.226989E-17
8812.17982053759  1.548863E-17
8815.66776752474  3.076352E-17
8819.15571451189  3.449089E-17
8822.64366149904  1.570125E-17
8826.13160848619  1.469885E-17
8829.61955547335  2.340972E-17
8833.1075024605  3.060606E-17
8836.59544944765  2.389509E-17
8840.0833964348  1.343375E-17
8843.57134342195  1.273318E-17
8847.05929040911  1.318598E-17
8850.54723739626  1.229099E-17
8854.03518438341  7.961752E-18
8857.52313137056  6.404822E-18
8861.01107835771  1.018439E-17
8864.49902534487  1.289951E-17
8867.98697233202  1.113417E-17
8871.47491931917  9.192405E-18
8874.96286630632  2.356810E-17
8878.45081329347  3.104127E-17
8881.93876028063  2.988093E-17
8885.42670726778  2.872027E-17
8888.91465425493  2.755960E-17
8892.40260124208  2.639927E-17
8895.89054822924  2.523861E-17
8899.37849521639  2.407795E-17
8902.86644220354  2.291761E-17
8906.35438919069  2.175695E-17
8909.84233617784  2.079352E-17
8913.330283165  2.021095E-17
8916.81823015215  1.962822E-17
8920.3061771393  1.904549E-17
8923.79412412645  1.846293E-17
8927.28207111361  1.788020E-17
8930.77001810076  1.729763E-17
8934.25796508791  1.671490E-17
8937.74591207506  8.647789E-18
8941.23385906221  8.635223E-18
8944.72180604937  7.312167E-18
8948.20975303652  6.435793E-18
8951.69770002367  7.984076E-18
8955.18564701082  7.576969E-18
8958.67359399797  7.421704E-18
8962.16154098513  5.504133E-18
8965.64948797228  3.103300E-18
8969.13743495943  5.275135E-18
8972.62538194658  7.318895E-18
8976.11332893373  5.371451E-18
8979.60127592089  5.941748E-18
8983.08922290804  8.147635E-18
8986.57716989519  8.380540E-18
8990.06511688234  7.586101E-18
8993.5530638695  8.097974E-19
8997.04101085665  3.152383E-18
9000.5289578438  6.347344E-18
9004.01690483095  4.968598E-18
9007.5048518181  4.747329E-18
9010.99279880526  4.983581E-18
9014.48074579241  2.564282E-18
9017.96869277956  -1.132220E-19
9021.45663976671  5.697333E-19
9024.94458675387  2.644010E-18
9028.43253374101  4.447169E-18
9031.92048072817  7.274083E-18
9035.40842771532  8.309468E-18
9038.89637470247  8.766362E-18
9042.38432168962  7.065953E-18
9045.87226867678  6.520047E-18
9049.36021566393  3.095523E-18
9052.84816265108  -2.165037E-18
9056.33610963823  2.436812E-18
9059.82405662538  9.009623E-18
9063.31200361254  5.909308E-18
9066.79995059969  4.736943E-18
9070.28789758684  6.507893E-18
9073.77584457399  8.904889E-18
9077.26379156115  5.998234E-18
9080.7517385483  1.313536E-18
9084.23968553545  5.647887E-18
9087.7276325226  8.456403E-18
9091.21557950975  5.728663E-18
9094.70352649691  7.824292E-18
9098.19147348406  1.166133E-17
9101.67942047121  1.308775E-17
9105.16736745836  1.338042E-17
9108.65531444551  1.051253E-17
9112.14326143267  9.559215E-18
9115.63120841982  1.182690E-17
9119.11915540697  9.130336E-18
9122.60710239412  6.982685E-18
9126.09504938127  8.247067E-18
9129.58299636843  1.065441E-17
9133.07094335558  1.346245E-17
9136.55889034273  1.444752E-17
9140.04683732988  1.316777E-17
9143.53478431704  1.112191E-17
9147.02273130419  1.109793E-17
9150.51067829134  1.381067E-17
9153.99862527849  1.287777E-17
9157.48657226564  9.040380E-18
9160.9745192528  8.505192E-18
9164.46246623995  1.179094E-17
9167.9504132271  1.197854E-17
9171.43836021425  1.007435E-17
9174.9263072014  1.089818E-17
9178.41425418856  1.164988E-17
9181.90220117571  1.050848E-17
9185.39014816286  6.453003E-18
9188.87809515001  7.358202E-18
9192.36604213716  6.540513E-18
9195.85398912432  8.236869E-18
9199.34193611147  7.716368E-18
9202.82988309862  4.551771E-18
9206.31783008577  6.436337E-18
9209.80577707292  1.145341E-17
9213.29372406008  1.285925E-17
9216.78167104723  1.094046E-17
9220.26961803438  9.741307E-18
9223.75756502153  1.175810E-17
9227.24551200868  1.165452E-17
9230.73345899584  1.193829E-17
9234.22140598299  1.412834E-17
9237.70935297014  1.370101E-17
9241.19729995729  1.050793E-17
9244.68524694445  1.175435E-17
9248.1731939316  1.536459E-17
9251.66114091875  1.444537E-17
9255.1490879059  1.408816E-17
9258.63703489305  1.667741E-17
9262.12498188021  1.734236E-17
9265.61292886736  1.227154E-17
9269.10087585451  1.080610E-17
9272.58882284166  1.342817E-17
9276.07676982882  1.144880E-17
9279.56471681597  1.021008E-17
9283.05266380312  1.311927E-17
9286.54061079027  1.452743E-17
9290.02855777742  1.299917E-17
9293.51650476458  1.049022E-17
9297.00445175173  1.453462E-17
9300.49239873888  1.695110E-17
9303.98034572603  1.152731E-17
9307.46829271318  9.644964E-18
9310.95623970034  8.203104E-18
9314.44418668749  7.066865E-18
9317.93213367464  9.704225E-18
9321.42008066179  1.107029E-17
9324.90802764894  9.952767E-18
9328.3959746361  8.000941E-18
9331.88392162325  3.137675E-18
9335.3718686104  4.357014E-18
9338.85981559755  8.195166E-18
9342.34776258471  9.759723E-18
9345.83570957186  9.224465E-18
9349.32365655901  6.746595E-18
9352.81160354616  6.531701E-18
9356.29955053331  6.787854E-18
9359.78749752047  5.550759E-18
9363.27544450762  7.209340E-18
9366.76339149477  8.561098E-18
9370.25133848192  1.128703E-17
9373.73928546907  1.124019E-17
9377.22723245622  8.898098E-18
9380.71517944338  8.116600E-18
9384.20312643053  6.067949E-18
9387.69107341768  1.465452E-18
9391.17902040483  2.381430E-19
9394.66696739199  8.079026E-18
9398.15491437914  1.413968E-17
9401.64286136629  7.164536E-18
9405.13080835344  6.696654E-18
9408.61875534059  1.005655E-17
9412.10670232775  7.499863E-18
9415.5946493149  4.481828E-18
9419.08259630205  4.328205E-18
9422.5705432892  5.815842E-18
9426.05849027636  5.187064E-18
9429.54643726351  2.260176E-18
9433.03438425066  3.397185E-18
9436.52233123781  7.018885E-18
9440.01027822496  5.199454E-18
9443.49822521212  2.524643E-18
9446.98617219927  5.491169E-18
9450.47411918642  5.793342E-18
9453.96206617357  2.139320E-18
9457.45001316073  1.808927E-18
9460.93796014788  3.168298E-18
9464.42590713503  4.277520E-18
9467.91385412218  5.235766E-18
9471.40180110933  2.015402E-18
9474.88974809649  4.078621E-18
9478.37769508364  4.789900E-18
9481.86564207079  6.641004E-19
9485.35358905794  1.908867E-18
9488.8415360451  6.114956E-18
9492.32948303225  6.184295E-18
9495.8174300194  5.072317E-18
9499.30537700655  3.753512E-18
9502.7933239937  1.349774E-18
9506.28127098086  2.824954E-18
9509.76921796801  2.404766E-18
9513.25716495516  2.458256E-18
9516.74511194231  3.573709E-18
9520.23305892946  5.962164E-18
9523.72100591662  5.570714E-18
9527.20895290377  2.034637E-18
9530.69689989092  1.630729E-18
9534.18484687807  3.847421E-18
9537.67279386522  3.467133E-18
9541.16074085238  3.971964E-18
9544.64868783953  4.841494E-18
9548.13663482668  3.767300E-18
9551.62458181383  3.595804E-18
9555.11252880098  3.372510E-18
9558.60047578814  1.947372E-18
9562.08842277529  1.973410E-18
9565.57636976244  3.269596E-18
9569.06431674959  3.317973E-18
9572.55226373674  4.534626E-18
9576.0402107239  6.589637E-18
9579.52815771105  3.375022E-18
9583.0161046982  6.755647E-19
9586.50405168535  9.911675E-19
9589.99199867251  1.586577E-18
9593.47994565966  1.146881E-18
9596.96789264681  1.525901E-18
9600.45583963396  2.106196E-18
9603.94378662111  9.556647E-19
9607.43173360827  2.144729E-18
9610.91968059542  2.177364E-18
9614.40762758257  2.312951E-18
9617.89557456972  5.010574E-18
9621.38352155688  5.207067E-18
9624.87146854403  2.644830E-18
9628.35941553118  2.480224E-18
9631.84736251833  3.529983E-18
9635.33530950548  2.325596E-18
9638.82325649264  1.453912E-18
9642.31120347979  1.801487E-18
9645.79915046694  2.140898E-18
9649.28709745409  2.447026E-18
9652.77504444124  2.476797E-18
9656.2629914284  2.317668E-18
9659.75093841555  1.776117E-18
9663.2388854027  1.431882E-18
9666.72683238985  2.113477E-18
9670.214779377  2.319775E-18
9673.70272636416  2.552781E-18
9677.19067335131  1.763722E-18
9680.67862033846  1.291876E-18
9684.16656732561  3.162075E-18
9687.65451431277  3.694915E-18
9691.14246129992  3.122407E-18
9694.63040828707  3.319499E-18
9698.11835527422  1.926546E-18
9701.60630226137  1.926546E-18
