# DICHROIC = D55
# HA = +04:31:10.9
# ANGLE = 27 deg 17 min
# OBSERVER = De  Sze
# OBSLST = 17:14:47.1
# OBJECT = ZTF18abdfwcy
# CASSPA = 70.01
# PARALLAC = 70.08
# HOURANG = W04:31:10.9
# CCDTEMP = 161.80
# LAMPS = 0000000
# RA = 12:42:44.02
# GRATING = 600/4000
# APERTURE = 1.5
# TELFOCUS = 39.83 mm
# AIRMASS = 1.753
# DEC = +34:06:26.3
# UTSHUT = 2018-08-04T04:11:30.705
# EXPTIME = 300
3600.000 5.007e-17
3601.525 3.3808e-17
3603.050 6.7581e-17
3604.575 5.4873e-17
3606.100 3.2389e-17
3607.625 2.4253e-17
3609.150 5.1283e-17
3610.675 8.3266e-17
3612.200 7.0553e-17
3613.725 8.6811e-17
3615.250 1.0549e-16
3616.775 1.1671e-16
3618.300 5.5783e-17
3619.825 9.1855e-17
3621.350 6.8235e-17
3622.875 9.4625e-17
3624.400 1.0628e-16
3625.925 7.3586e-17
3627.450 9.0031e-17
3628.975 1.1027e-16
3630.500 9.2528e-17
3632.025 6.9933e-17
3633.550 6.6486e-17
3635.075 4.7294e-17
3636.600 5.0819e-17
3638.125 7.6258e-17
3639.650 5.8508e-17
3641.175 2.8835e-17
3642.700 3.9035e-17
3644.225 9.4988e-17
3645.750 7.6525e-17
3647.275 5.3661e-17
3648.800 3.1149e-18
3650.325 1.3576e-16
3651.850 1.0478e-16
3653.375 2.8102e-17
3654.900 8.7684e-17
3656.425 7.1151e-17
3657.950 6.0846e-17
3659.475 4.5873e-17
3661.000 6.2001e-17
3662.525 5.9093e-17
3664.050 8.4482e-17
3665.575 7.6721e-17
3667.100 6.8684e-17
3668.625 8.6108e-17
3670.150 6.1958e-17
3671.675 5.2946e-17
3673.200 6.3996e-17
3674.725 7.0285e-17
3676.250 7.7559e-17
3677.775 9.8761e-17
3679.300 6.6356e-17
3680.825 1.0096e-16
3682.350 7.6276e-17
3683.875 6.1248e-17
3685.400 6.1069e-17
3686.925 8.0474e-17
3688.450 6.5369e-17
3689.975 7.0779e-17
3691.500 9.1995e-17
3693.025 8.4434e-17
3694.550 8.4458e-17
3696.075 6.792e-17
3697.600 9.8928e-17
3699.125 1.166e-16
3700.650 8.8224e-17
3702.175 9.4519e-17
3703.700 8.3038e-17
3705.225 8.6901e-17
3706.750 6.4913e-17
3708.275 6.3646e-17
3709.800 7.9841e-17
3711.325 8.1999e-17
3712.850 1.2307e-16
3714.375 8.726e-17
3715.900 4.6267e-17
3717.425 6.9104e-17
3718.950 4.8298e-17
3720.475 2.8172e-17
3722.000 6.1807e-17
3723.525 6.1681e-17
3725.050 5.5939e-17
3726.575 6.6368e-17
3728.100 4.4517e-17
3729.625 6.1062e-17
3731.150 4.4706e-17
3732.675 5.4786e-17
3734.200 5.3981e-17
3735.725 4.0747e-17
3737.250 4.1846e-17
3738.775 4.636e-17
3740.300 8.5313e-17
3741.825 8.7533e-17
3743.350 8.7621e-17
3744.875 6.1058e-17
3746.400 5.4349e-17
3747.925 4.9817e-17
3749.450 6.966e-17
3750.975 1.1215e-16
3752.500 8.3696e-17
3754.025 8.1025e-17
3755.550 8.9518e-17
3757.075 8.8026e-17
3758.600 5.9752e-17
3760.125 7.6794e-17
3761.650 1.0523e-16
3763.175 1.1121e-16
3764.700 7.9552e-17
3766.225 8.7718e-17
3767.750 7.0306e-17
3769.275 8.4469e-17
3770.800 1.0121e-16
3772.325 1.0491e-16
3773.850 1.1277e-16
3775.375 1.3062e-16
3776.900 1.7849e-16
3778.425 2.1814e-16
3779.950 2.3056e-16
3781.475 1.7591e-16
3783.000 1.6849e-16
3784.525 1.4045e-16
3786.050 1.1549e-16
3787.575 9.2992e-17
3789.100 1.3119e-16
3790.625 1.3956e-16
3792.150 1.3277e-16
3793.675 1.3833e-16
3795.200 1.3129e-16
3796.725 1.1055e-16
3798.250 1.0179e-16
3799.775 1.2293e-16
3801.300 1.5036e-16
3802.825 1.3701e-16
3804.350 1.1987e-16
3805.875 1.3582e-16
3807.400 1.2926e-16
3808.925 1.1384e-16
3810.450 1.3008e-16
3811.975 1.2599e-16
3813.500 1.1579e-16
3815.025 1.3037e-16
3816.550 1.2905e-16
3818.075 1.3794e-16
3819.600 1.3351e-16
3821.125 1.3023e-16
3822.650 1.5062e-16
3824.175 1.3394e-16
3825.700 1.4507e-16
3827.225 1.3256e-16
3828.750 1.1316e-16
3830.275 1.594e-16
3831.800 1.5729e-16
3833.325 1.4278e-16
3834.850 1.6371e-16
3836.375 1.5532e-16
3837.900 1.8522e-16
3839.425 1.9283e-16
3840.950 1.2567e-16
3842.475 1.6361e-16
3844.000 1.7718e-16
3845.525 1.6007e-16
3847.050 1.5041e-16
3848.575 1.6001e-16
3850.100 1.4656e-16
3851.625 1.8641e-16
3853.150 1.6496e-16
3854.675 1.6766e-16
3856.200 1.4979e-16
3857.725 1.5347e-16
3859.250 1.7255e-16
3860.775 1.2773e-16
3862.300 1.454e-16
3863.825 1.2952e-16
3865.350 1.1957e-16
3866.875 1.3195e-16
3868.400 1.1606e-16
3869.925 1.2086e-16
3871.450 1.2571e-16
3872.975 1.3161e-16
3874.500 1.1943e-16
3876.025 1.073e-16
3877.550 9.8405e-17
3879.075 1.1814e-16
3880.600 1.0186e-16
3882.125 8.3e-17
3883.650 1.1633e-16
3885.175 1.1776e-16
3886.700 7.8912e-17
3888.225 9.2379e-17
3889.750 7.8276e-17
3891.275 8.34e-17
3892.800 7.5978e-17
3894.325 7.3401e-17
3895.850 7.8528e-17
3897.375 7.1185e-17
3898.900 1.0723e-16
3900.425 6.984e-17
3901.950 5.9201e-17
3903.475 8.5181e-17
3905.000 7.709e-17
3906.525 5.0004e-17
3908.050 6.4824e-17
3909.575 5.9592e-17
3911.100 9.2589e-17
3912.625 9.7894e-17
3914.150 5.1888e-17
3915.675 8.3656e-17
3917.200 9.6683e-17
3918.725 7.442e-17
3920.250 8.5175e-17
3921.775 8.808e-17
3923.300 9.1182e-17
3924.825 8.5535e-17
3926.350 5.8731e-17
3927.875 8.7307e-17
3929.400 9.0649e-17
3930.925 7.0636e-17
3932.450 8.5808e-17
3933.975 8.9433e-17
3935.500 8.657e-17
3937.025 7.2874e-17
3938.550 8.5642e-17
3940.075 1.0931e-16
3941.600 1.0833e-16
3943.125 1.0366e-16
3944.650 1.11e-16
3946.175 1.2148e-16
3947.700 8.7548e-17
3949.225 9.9391e-17
3950.750 1.3211e-16
3952.275 1.2002e-16
3953.800 1.2938e-16
3955.325 1.3434e-16
3956.850 1.1142e-16
3958.375 1.0928e-16
3959.900 1.2828e-16
3961.425 1.3788e-16
3962.950 1.6152e-16
3964.475 1.6613e-16
3966.000 1.5019e-16
3967.525 1.6453e-16
3969.050 1.7661e-16
3970.575 2.0168e-16
3972.100 2.065e-16
3973.625 2.0399e-16
3975.150 2.0137e-16
3976.675 2.3253e-16
3978.200 2.5966e-16
3979.725 2.4351e-16
3981.250 2.5218e-16
3982.775 2.4821e-16
3984.300 2.6158e-16
3985.825 2.2479e-16
3987.350 2.0291e-16
3988.875 2.1571e-16
3990.400 2.3101e-16
3991.925 2.3839e-16
3993.450 2.7061e-16
3994.975 2.8811e-16
3996.500 2.2365e-16
3998.025 2.5624e-16
3999.550 2.8196e-16
4001.075 2.642e-16
4002.600 2.7502e-16
4004.125 2.8696e-16
4005.650 2.6078e-16
4007.175 2.3899e-16
4008.700 2.3162e-16
4010.225 2.664e-16
4011.750 2.6151e-16
4013.275 2.9852e-16
4014.800 2.9277e-16
4016.325 2.9109e-16
4017.850 2.9039e-16
4019.375 2.7212e-16
4020.900 2.4568e-16
4022.425 2.1553e-16
4023.950 2.7338e-16
4025.475 2.8565e-16
4027.000 2.4887e-16
4028.525 2.1718e-16
4030.050 2.5404e-16
4031.575 2.3607e-16
4033.100 2.205e-16
4034.625 2.4866e-16
4036.150 2.3899e-16
4037.675 2.3459e-16
4039.200 2.2814e-16
4040.725 2.5027e-16
4042.250 2.4112e-16
4043.775 2.4177e-16
4045.300 2.8224e-16
4046.825 2.4794e-16
4048.350 2.3667e-16
4049.875 2.3126e-16
4051.400 2.2104e-16
4052.925 2.4816e-16
4054.450 2.5056e-16
4055.975 2.5866e-16
4057.500 2.2252e-16
4059.025 2.06e-16
4060.550 2.2333e-16
4062.075 2.2753e-16
4063.600 2.1228e-16
4065.125 2.1009e-16
4066.650 2.0344e-16
4068.175 2.0794e-16
4069.700 2.0881e-16
4071.225 1.8403e-16
4072.750 1.741e-16
4074.275 1.939e-16
4075.800 1.8017e-16
4077.325 1.6632e-16
4078.850 2.0383e-16
4080.375 1.9662e-16
4081.900 1.967e-16
4083.425 1.7592e-16
4084.950 1.7601e-16
4086.475 1.8743e-16
4088.000 1.9141e-16
4089.525 1.9169e-16
4091.050 2.0111e-16
4092.575 2.1404e-16
4094.100 2.3481e-16
4095.625 2.2069e-16
4097.150 2.0349e-16
4098.675 2.2422e-16
4100.200 2.5049e-16
4101.725 2.888e-16
4103.250 3.1098e-16
4104.775 2.9459e-16
4106.300 2.9955e-16
4107.825 2.7627e-16
4109.350 2.904e-16
4110.875 3.1489e-16
4112.400 2.9985e-16
4113.925 3.0966e-16
4115.450 2.8131e-16
4116.975 2.8706e-16
4118.500 3.1881e-16
4120.025 3.2039e-16
4121.550 3.1218e-16
4123.075 2.9854e-16
4124.600 3.1521e-16
4126.125 3.047e-16
4127.650 3.0038e-16
4129.175 3.1624e-16
4130.700 3.2359e-16
4132.225 3.1062e-16
4133.750 3.2911e-16
4135.275 3.1397e-16
4136.800 3.3472e-16
4138.325 3.2073e-16
4139.850 3.1748e-16
4141.375 3.4045e-16
4142.900 3.446e-16
4144.425 3.1134e-16
4145.950 3.1444e-16
4147.475 3.2632e-16
4149.000 3.0546e-16
4150.525 3.3325e-16
4152.050 3.1804e-16
4153.575 3.3744e-16
4155.100 3.1433e-16
4156.625 2.7549e-16
4158.150 2.9572e-16
4159.675 2.9147e-16
4161.200 3.0766e-16
4162.725 3.132e-16
4164.250 2.8679e-16
4165.775 3.3363e-16
4167.300 3.032e-16
4168.825 3.0742e-16
4170.350 3.1543e-16
4171.875 2.9505e-16
4173.400 3.0954e-16
4174.925 3.3323e-16
4176.450 3.1069e-16
4177.975 3.0809e-16
4179.500 3.1952e-16
4181.025 3.2383e-16
4182.550 3.058e-16
4184.075 2.9259e-16
4185.600 3.233e-16
4187.125 3.3247e-16
4188.650 3.2803e-16
4190.175 2.6357e-16
4191.700 3.1081e-16
4193.225 3.4132e-16
4194.750 3.366e-16
4196.275 3.0798e-16
4197.800 3.1578e-16
4199.325 3.1888e-16
4200.850 3.052e-16
4202.375 2.9983e-16
4203.900 2.8105e-16
4205.425 2.8473e-16
4206.950 3.3196e-16
4208.475 3.1407e-16
4210.000 3.1014e-16
4211.525 2.8415e-16
4213.050 3.1094e-16
4214.575 2.8667e-16
4216.100 2.6901e-16
4217.625 2.6477e-16
4219.150 2.8531e-16
4220.675 2.9761e-16
4222.200 3.1326e-16
4223.725 2.8141e-16
4225.250 2.8168e-16
4226.775 2.7381e-16
4228.300 2.8423e-16
4229.825 2.7538e-16
4231.350 2.3842e-16
4232.875 2.2032e-16
4234.400 2.3536e-16
4235.925 2.4889e-16
4237.450 1.9827e-16
4238.975 2.1977e-16
4240.500 2.6475e-16
4242.025 2.5592e-16
4243.550 2.4725e-16
4245.075 2.0187e-16
4246.600 2.3908e-16
4248.125 2.8416e-16
4249.650 2.3618e-16
4251.175 2.1241e-16
4252.700 2.2546e-16
4254.225 2.1652e-16
4255.750 2.1714e-16
4257.275 2.0928e-16
4258.800 2.1526e-16
4260.325 1.9959e-16
4261.850 1.8714e-16
4263.375 2.013e-16
4264.900 1.7824e-16
4266.425 1.8922e-16
4267.950 1.9215e-16
4269.475 1.8973e-16
4271.000 1.824e-16
4272.525 1.5874e-16
4274.050 1.708e-16
4275.575 1.522e-16
4277.100 1.835e-16
4278.625 1.6393e-16
4280.150 1.5518e-16
4281.675 1.7789e-16
4283.200 1.4649e-16
4284.725 1.2516e-16
4286.250 1.6056e-16
4287.775 1.3494e-16
4289.300 1.3603e-16
4290.825 1.511e-16
4292.350 1.6201e-16
4293.875 1.5603e-16
4295.400 1.5004e-16
4296.925 1.3567e-16
4298.450 1.2839e-16
4299.975 1.4295e-16
4301.500 1.4648e-16
4303.025 1.1998e-16
4304.550 1.3283e-16
4306.075 1.244e-16
4307.600 1.354e-16
4309.125 1.4052e-16
4310.650 1.4649e-16
4312.175 1.2642e-16
4313.700 1.0805e-16
4315.225 1.3761e-16
4316.750 1.5242e-16
4318.275 1.3572e-16
4319.800 1.321e-16
4321.325 1.1153e-16
4322.850 1.4223e-16
4324.375 1.3676e-16
4325.900 1.5647e-16
4327.425 1.6381e-16
4328.950 1.7319e-16
4330.475 1.7809e-16
4332.000 2.0427e-16
4333.525 2.0315e-16
4335.050 1.9688e-16
4336.575 1.9681e-16
4338.100 2.1299e-16
4339.625 1.8436e-16
4341.150 1.7935e-16
4342.675 1.9981e-16
4344.200 2.3159e-16
4345.725 2.6834e-16
4347.250 2.7163e-16
4348.775 2.6078e-16
4350.300 2.3547e-16
4351.825 2.2181e-16
4353.350 2.3916e-16
4354.875 2.4307e-16
4356.400 3.2661e-16
4357.925 3.2677e-16
4359.450 2.2746e-16
4360.975 2.2242e-16
4362.500 2.5588e-16
4364.025 2.4633e-16
4365.550 2.3794e-16
4367.075 2.7248e-16
4368.600 2.938e-16
4370.125 2.7905e-16
4371.650 2.487e-16
4373.175 2.3699e-16
4374.700 2.5688e-16
4376.225 2.4657e-16
4377.750 2.3599e-16
4379.275 2.4146e-16
4380.800 2.5124e-16
4382.325 2.6693e-16
4383.850 2.5785e-16
4385.375 2.5346e-16
4386.900 2.639e-16
4388.425 2.7267e-16
4389.950 2.534e-16
4391.475 2.7631e-16
4393.000 2.6979e-16
4394.525 2.6149e-16
4396.050 2.8019e-16
4397.575 2.9464e-16
4399.100 3.1346e-16
4400.625 3.0841e-16
4402.150 2.968e-16
4403.675 2.6771e-16
4405.200 2.7059e-16
4406.725 2.9918e-16
4408.250 2.965e-16
4409.775 2.6074e-16
4411.300 2.4598e-16
4412.825 2.7329e-16
4414.350 2.5472e-16
4415.875 2.8123e-16
4417.400 3.0926e-16
4418.925 3.0838e-16
4420.450 2.8985e-16
4421.975 3.0329e-16
4423.500 2.893e-16
4425.025 2.8336e-16
4426.550 2.7765e-16
4428.075 2.7882e-16
4429.600 2.6759e-16
4431.125 2.5373e-16
4432.650 2.9902e-16
4434.175 3.0541e-16
4435.700 3.286e-16
4437.225 3.1934e-16
4438.750 2.6712e-16
4440.275 2.4949e-16
4441.800 2.667e-16
4443.325 2.8886e-16
4444.850 2.9422e-16
4446.375 2.8313e-16
4447.900 2.7784e-16
4449.425 2.6183e-16
4450.950 2.6356e-16
4452.475 3.0709e-16
4454.000 2.8653e-16
4455.525 2.5775e-16
4457.050 2.6588e-16
4458.575 2.7917e-16
4460.100 2.7578e-16
4461.625 2.8785e-16
4463.150 2.7406e-16
4464.675 2.5653e-16
4466.200 2.7334e-16
4467.725 2.9696e-16
4469.250 3.0137e-16
4470.775 3.0857e-16
4472.300 2.6473e-16
4473.825 2.3674e-16
4475.350 2.4843e-16
4476.875 2.7585e-16
4478.400 2.8e-16
4479.925 2.8596e-16
4481.450 2.629e-16
4482.975 2.2267e-16
4484.500 2.6288e-16
4486.025 2.6858e-16
4487.550 2.6217e-16
4489.075 2.8721e-16
4490.600 2.9995e-16
4492.125 2.7313e-16
4493.650 2.6586e-16
4495.175 2.8329e-16
4496.700 2.9379e-16
4498.225 2.6172e-16
4499.750 2.8105e-16
4501.275 2.7155e-16
4502.800 2.4237e-16
4504.325 2.4891e-16
4505.850 2.4986e-16
4507.375 2.2741e-16
4508.900 2.2012e-16
4510.425 2.5934e-16
4511.950 2.6457e-16
4513.475 2.4518e-16
4515.000 2.3452e-16
4516.525 2.4635e-16
4518.050 2.3749e-16
4519.575 2.6769e-16
4521.100 2.4639e-16
4522.625 2.6414e-16
4524.150 2.5031e-16
4525.675 2.4481e-16
4527.200 2.3648e-16
4528.725 2.2563e-16
4530.250 2.4316e-16
4531.775 2.5185e-16
4533.300 2.3062e-16
4534.825 2.3141e-16
4536.350 2.8619e-16
4537.875 2.3878e-16
4539.400 2.3746e-16
4540.925 2.51e-16
4542.450 2.3074e-16
4543.975 2.6009e-16
4545.500 2.8794e-16
4547.025 2.7093e-16
4548.550 2.7719e-16
4550.075 2.9386e-16
4551.600 2.9864e-16
4553.125 2.6807e-16
4554.650 2.6151e-16
4556.175 2.5874e-16
4557.700 2.5413e-16
4559.225 2.4358e-16
4560.750 2.582e-16
4562.275 2.8256e-16
4563.800 2.9256e-16
4565.325 3.0225e-16
4566.850 3.1497e-16
4568.375 3.0046e-16
4569.900 2.9593e-16
4571.425 2.9955e-16
4572.950 2.9802e-16
4574.475 2.6804e-16
4576.000 2.8274e-16
4577.525 3.0876e-16
4579.050 3.2183e-16
4580.575 3.4662e-16
4582.100 3.1624e-16
4583.625 3.2083e-16
4585.150 3.1854e-16
4586.675 3.4713e-16
4588.200 3.6647e-16
4589.725 3.2727e-16
4591.250 3.3145e-16
4592.775 3.4666e-16
4594.300 3.5773e-16
4595.825 3.8309e-16
4597.350 3.6525e-16
4598.875 3.4278e-16
4600.400 3.6128e-16
4601.925 3.4463e-16
4603.450 3.5652e-16
4604.975 3.6489e-16
4606.500 3.5576e-16
4608.025 3.7051e-16
4609.550 3.5539e-16
4611.075 3.5186e-16
4612.600 3.6692e-16
4614.125 3.3874e-16
4615.650 3.5505e-16
4617.175 3.7564e-16
4618.700 3.7476e-16
4620.225 3.9748e-16
4621.750 4.0507e-16
4623.275 3.9048e-16
4624.800 3.7291e-16
4626.325 3.6543e-16
4627.850 3.6917e-16
4629.375 3.5074e-16
4630.900 3.4986e-16
4632.425 3.8376e-16
4633.950 3.8308e-16
4635.475 3.7416e-16
4637.000 3.9163e-16
4638.525 3.7882e-16
4640.050 3.8004e-16
4641.575 3.7751e-16
4643.100 3.858e-16
4644.625 4.1668e-16
4646.150 4.0832e-16
4647.675 3.8109e-16
4649.200 3.7007e-16
4650.725 3.7778e-16
4652.250 3.749e-16
4653.775 3.6534e-16
4655.300 3.658e-16
4656.825 3.7722e-16
4658.350 4.052e-16
4659.875 3.71e-16
4661.400 3.7772e-16
4662.925 3.8961e-16
4664.450 4.087e-16
4665.975 3.9715e-16
4667.500 3.9162e-16
4669.025 3.5647e-16
4670.550 3.7087e-16
4672.075 3.9898e-16
4673.600 3.8286e-16
4675.125 3.6163e-16
4676.650 3.7732e-16
4678.175 4.1399e-16
4679.700 4.0262e-16
4681.225 3.9392e-16
4682.750 3.7006e-16
4684.275 3.7752e-16
4685.800 3.6643e-16
4687.325 3.4897e-16
4688.850 3.9615e-16
4690.375 3.6541e-16
4691.900 3.6146e-16
4693.425 3.9099e-16
4694.950 3.992e-16
4696.475 3.9249e-16
4698.000 3.8177e-16
4699.525 4.0929e-16
4701.050 3.6888e-16
4702.575 3.9156e-16
4704.100 3.467e-16
4705.625 4.0872e-16
4707.150 3.9495e-16
4708.675 3.8222e-16
4710.200 3.7694e-16
4711.725 3.6594e-16
4713.250 3.7092e-16
4714.775 3.5059e-16
4716.300 3.6482e-16
4717.825 3.9923e-16
4719.350 3.7864e-16
4720.875 3.7464e-16
4722.400 3.4461e-16
4723.925 3.8471e-16
4725.450 3.6938e-16
4726.975 3.5982e-16
4728.500 3.5569e-16
4730.025 3.6636e-16
4731.550 3.6673e-16
4733.075 3.6276e-16
4734.600 3.5845e-16
4736.125 3.4153e-16
4737.650 3.4717e-16
4739.175 3.5874e-16
4740.700 3.6752e-16
4742.225 3.3608e-16
4743.750 3.2716e-16
4745.275 3.3643e-16
4746.800 3.5382e-16
4748.325 3.7431e-16
4749.850 3.4807e-16
4751.375 3.2513e-16
4752.900 3.4205e-16
4754.425 3.333e-16
4755.950 3.5246e-16
4757.475 3.2059e-16
4759.000 3.1053e-16
4760.525 2.867e-16
4762.050 3.0294e-16
4763.575 2.7878e-16
4765.100 3.0429e-16
4766.625 2.7823e-16
4768.150 2.8826e-16
4769.675 2.734e-16
4771.200 2.5512e-16
4772.725 2.7562e-16
4774.250 2.6056e-16
4775.775 2.4072e-16
4777.300 2.1924e-16
4778.825 2.5448e-16
4780.350 2.4322e-16
4781.875 2.2814e-16
4783.400 2.5342e-16
4784.925 2.3374e-16
4786.450 2.163e-16
4787.975 2.1633e-16
4789.500 2.0327e-16
4791.025 1.9873e-16
4792.550 1.9463e-16
4794.075 1.8858e-16
4795.600 2.1538e-16
4797.125 2.2972e-16
4798.650 2.1129e-16
4800.175 1.942e-16
4801.700 1.7241e-16
4803.225 1.9425e-16
4804.750 1.6149e-16
4806.275 1.7731e-16
4807.800 1.9415e-16
4809.325 1.8521e-16
4810.850 1.5067e-16
4812.375 1.5628e-16
4813.900 1.9051e-16
4815.425 1.5425e-16
4816.950 1.774e-16
4818.475 1.8556e-16
4820.000 1.4853e-16
4821.525 1.8408e-16
4823.050 1.7363e-16
4824.575 1.7288e-16
4826.100 1.7089e-16
4827.625 1.6172e-16
4829.150 1.7504e-16
4830.675 1.7055e-16
4832.200 1.6152e-16
4833.725 1.802e-16
4835.250 1.8149e-16
4836.775 1.8434e-16
4838.300 2.0379e-16
4839.825 2.192e-16
4841.350 2.1376e-16
4842.875 2.2376e-16
4844.400 2.0803e-16
4845.925 2.2761e-16
4847.450 2.7832e-16
4848.975 2.9784e-16
4850.500 2.7339e-16
4852.025 3.0414e-16
4853.550 2.8379e-16
4855.075 2.8581e-16
4856.600 3.2968e-16
4858.125 3.2844e-16
4859.650 3.4403e-16
4861.175 3.8314e-16
4862.700 3.7682e-16
4864.225 3.7476e-16
4865.750 3.7887e-16
4867.275 4.0347e-16
4868.800 3.9576e-16
4870.325 4.14e-16
4871.850 4.3981e-16
4873.375 4.4325e-16
4874.900 4.5073e-16
4876.425 4.6985e-16
4877.950 4.619e-16
4879.475 4.4236e-16
4881.000 4.6098e-16
4882.525 4.7258e-16
4884.050 4.6803e-16
4885.575 4.708e-16
4887.100 4.8184e-16
4888.625 4.8006e-16
4890.150 4.7605e-16
4891.675 4.7235e-16
4893.200 4.7645e-16
4894.725 4.9754e-16
4896.250 5.1343e-16
4897.775 4.6069e-16
4899.300 4.8636e-16
4900.825 4.7721e-16
4902.350 4.7861e-16
4903.875 4.639e-16
4905.400 4.3844e-16
4906.925 4.5424e-16
4908.450 4.9687e-16
4909.975 4.5516e-16
4911.500 4.7894e-16
4913.025 4.8861e-16
4914.550 5.0743e-16
4916.075 4.5146e-16
4917.600 4.5961e-16
4919.125 5.0437e-16
4920.650 4.5079e-16
4922.175 4.6571e-16
4923.700 4.8553e-16
4925.225 4.929e-16
4926.750 5.2846e-16
4928.275 5.2746e-16
4929.800 5.009e-16
4931.325 4.5433e-16
4932.850 4.6983e-16
4934.375 5.0155e-16
4935.900 4.6331e-16
4937.425 4.8816e-16
4938.950 4.983e-16
4940.475 4.7168e-16
4942.000 4.572e-16
4943.525 5.0239e-16
4945.050 4.8288e-16
4946.575 4.8965e-16
4948.100 5.0897e-16
4949.625 4.8449e-16
4951.150 4.5954e-16
4952.675 4.4993e-16
4954.200 4.5584e-16
4955.725 4.4941e-16
4957.250 4.424e-16
4958.775 4.6211e-16
4960.300 4.4887e-16
4961.825 4.2067e-16
4963.350 4.3178e-16
4964.875 4.267e-16
4966.400 4.6712e-16
4967.925 4.514e-16
4969.450 4.4688e-16
4970.975 4.43e-16
4972.500 4.36e-16
4974.025 4.2585e-16
4975.550 4.2698e-16
4977.075 4.3455e-16
4978.600 4.3185e-16
4980.125 4.3021e-16
4981.650 4.1926e-16
4983.175 3.9181e-16
4984.700 3.9648e-16
4986.225 4.2765e-16
4987.750 4.2412e-16
4989.275 4.3157e-16
4990.800 3.9941e-16
4992.325 3.9475e-16
4993.850 4.2114e-16
4995.375 4.0008e-16
4996.900 4.0399e-16
4998.425 3.7758e-16
4999.950 3.7348e-16
5001.475 3.6912e-16
5003.000 4.1048e-16
5004.525 4.0837e-16
5006.050 4.002e-16
5007.575 3.975e-16
5009.100 3.9526e-16
5010.625 3.8765e-16
5012.150 4.0316e-16
5013.675 3.9061e-16
5015.200 3.9353e-16
5016.725 3.9929e-16
5018.250 4.0978e-16
5019.775 3.8201e-16
5021.300 3.9124e-16
5022.825 4.0062e-16
5024.350 4.1048e-16
5025.875 4.1051e-16
5027.400 4.4481e-16
5028.925 4.0364e-16
5030.450 4.2728e-16
5031.975 4.5414e-16
5033.500 4.1582e-16
5035.025 4.4228e-16
5036.550 4.0217e-16
5038.075 3.986e-16
5039.600 3.8204e-16
5041.125 4.0159e-16
5042.650 4.2227e-16
5044.175 4.2204e-16
5045.700 3.8882e-16
5047.225 3.8666e-16
5048.750 3.9367e-16
5050.275 4.1005e-16
5051.800 4.2042e-16
5053.325 4.0625e-16
5054.850 4.1238e-16
5056.375 4.1599e-16
5057.900 4.0476e-16
5059.425 4.1429e-16
5060.950 4.3208e-16
5062.475 3.9793e-16
5064.000 4.4132e-16
5065.525 4.2606e-16
5067.050 4.0187e-16
5068.575 4.3496e-16
5070.100 4.2305e-16
5071.625 4.0528e-16
5073.150 4.3091e-16
5074.675 4.3671e-16
5076.200 4.7136e-16
5077.725 4.1538e-16
5079.250 4.1237e-16
5080.775 3.9252e-16
5082.300 4.3261e-16
5083.825 4.6489e-16
5085.350 4.0488e-16
5086.875 3.6749e-16
5088.400 4.1052e-16
5089.925 4.1548e-16
5091.450 4.152e-16
5092.975 4.0327e-16
5094.500 3.9351e-16
5096.025 3.9633e-16
5097.550 4.1006e-16
5099.075 3.9545e-16
5100.600 3.6027e-16
5102.125 3.7295e-16
5103.650 4.2055e-16
5105.175 4.2063e-16
5106.700 3.9515e-16
5108.225 4.0555e-16
5109.750 3.8077e-16
5111.275 3.6249e-16
5112.800 3.6813e-16
5114.325 3.7311e-16
5115.850 3.838e-16
5117.375 3.7714e-16
5118.900 3.6854e-16
5120.425 3.4038e-16
5121.950 3.3493e-16
5123.475 3.4782e-16
5125.000 3.3717e-16
5126.525 3.1512e-16
5128.050 3.4798e-16
5129.575 3.5021e-16
5131.100 3.3559e-16
5132.625 3.5434e-16
5134.150 3.3269e-16
5135.675 3.1754e-16
5137.200 3.176e-16
5138.725 3.0992e-16
5140.250 3.257e-16
5141.775 3.1766e-16
5143.300 3.2191e-16
5144.825 3.3863e-16
5146.350 3.3511e-16
5147.875 3.2542e-16
5149.400 2.9641e-16
5150.925 2.9218e-16
5152.450 2.8157e-16
5153.975 2.9792e-16
5155.500 2.9194e-16
5157.025 3.1478e-16
5158.550 3.472e-16
5160.075 3.0711e-16
5161.600 3.446e-16
5163.125 3.3029e-16
5164.650 2.9374e-16
5166.175 3.0614e-16
5167.700 3.2112e-16
5169.225 3.2241e-16
5170.750 3.2686e-16
5172.275 3.2558e-16
5173.800 2.9266e-16
5175.325 3.152e-16
5176.850 3.3182e-16
5178.375 3.4993e-16
5179.900 3.3965e-16
5181.425 3.4892e-16
5182.950 3.526e-16
5184.475 3.359e-16
5186.000 3.462e-16
5187.525 3.597e-16
5189.050 3.3267e-16
5190.575 3.226e-16
5192.100 3.5997e-16
5193.625 3.496e-16
5195.150 3.7428e-16
5196.675 3.5907e-16
5198.200 3.7241e-16
5199.725 3.5604e-16
5201.250 3.7326e-16
5202.775 3.8266e-16
5204.300 3.7931e-16
5205.825 3.4537e-16
5207.350 3.5719e-16
5208.875 3.8187e-16
5210.400 3.7439e-16
5211.925 3.9908e-16
5213.450 3.9778e-16
5214.975 4.0265e-16
5216.500 4.1395e-16
5218.025 3.9083e-16
5219.550 3.5022e-16
5221.075 3.5965e-16
5222.600 3.9832e-16
5224.125 4.1563e-16
5225.650 3.9719e-16
5227.175 3.8216e-16
5228.700 4.0034e-16
5230.225 4.1533e-16
5231.750 4.135e-16
5233.275 4.0917e-16
5234.800 3.8173e-16
5236.325 4.0989e-16
5237.850 4.3113e-16
5239.375 4.2257e-16
5240.900 4.1277e-16
5242.425 4.1428e-16
5243.950 4.0661e-16
5245.475 4.2795e-16
5247.000 4.3189e-16
5248.525 3.8836e-16
5250.050 3.8901e-16
5251.575 4.0629e-16
5253.100 4.0222e-16
5254.625 3.94e-16
5256.150 3.9418e-16
5257.675 4.0544e-16
5259.200 3.8971e-16
5260.725 3.7925e-16
5262.250 3.8636e-16
5263.775 3.9309e-16
5265.300 3.8291e-16
5266.825 3.8256e-16
5268.350 4.0039e-16
5269.875 3.9742e-16
5271.400 3.7819e-16
5272.925 4.3151e-16
5274.450 4.2329e-16
5275.975 4.2249e-16
5277.500 3.658e-16
5279.025 3.7836e-16
5280.550 4.2563e-16
5282.075 3.989e-16
5283.600 4.1368e-16
5285.125 4.0881e-16
5286.650 3.8596e-16
5288.175 3.9922e-16
5289.700 4.3011e-16
5291.225 4.1864e-16
5292.750 4.0808e-16
5294.275 4.196e-16
5295.800 4.0445e-16
5297.325 3.5909e-16
5298.850 4.0193e-16
5300.375 4.0379e-16
5301.900 3.8282e-16
5303.425 4.1004e-16
5304.950 3.8306e-16
5306.475 3.7823e-16
5308.000 3.9849e-16
5309.525 3.9071e-16
5311.050 4.0372e-16
5312.575 4.1231e-16
5314.100 3.7722e-16
5315.625 3.8942e-16
5317.150 3.9951e-16
5318.675 3.9161e-16
5320.200 3.6324e-16
5321.725 3.8697e-16
5323.250 3.731e-16
5324.775 4.2381e-16
5326.300 4.0959e-16
5327.825 4.0577e-16
5329.350 4.2234e-16
5330.875 4.617e-16
5332.400 4.388e-16
5333.925 4.5099e-16
5335.450 4.6741e-16
5336.975 4.2186e-16
5338.500 3.8705e-16
5340.025 4.1631e-16
5341.550 4.2837e-16
5343.075 4.1635e-16
5344.600 4.3448e-16
5346.125 4.5548e-16
5347.650 4.2882e-16
5349.175 3.9219e-16
5350.700 4.1062e-16
5352.225 4.0106e-16
5353.750 3.7209e-16
5355.275 4.1819e-16
5356.800 4.6211e-16
5358.325 4.5358e-16
5359.850 4.0267e-16
5361.375 4.0944e-16
5362.900 3.7196e-16
5364.425 3.7981e-16
5365.950 3.8678e-16
5367.475 4.4368e-16
5369.000 4.1755e-16
5370.525 4.3179e-16
5372.050 4.3335e-16
5373.575 3.9105e-16
5375.100 4.7892e-16
5376.625 4.008e-16
5378.150 4.0669e-16
5379.675 4.3126e-16
5381.200 3.911e-16
5382.725 4.1834e-16
5384.250 4.1472e-16
5385.775 4.2244e-16
5387.300 4.4297e-16
5388.825 4.1479e-16
5390.350 4.427e-16
5391.875 4.5726e-16
5393.400 4.3455e-16
5394.925 4.184e-16
5396.450 3.5087e-16
5397.975 4.2658e-16
5399.500 4.4332e-16
5401.025 4.134e-16
5402.550 4.1932e-16
5404.075 4.087e-16
5405.600 3.6924e-16
5407.125 3.9603e-16
5408.650 4.1794e-16
5410.175 4.1008e-16
5411.700 4.0743e-16
5413.225 3.9816e-16
5414.750 4.4354e-16
5416.275 3.8898e-16
5417.800 3.7456e-16
5419.325 3.897e-16
5420.850 3.6635e-16
5422.375 3.7338e-16
5423.900 4.0315e-16
5425.425 4.1369e-16
5426.950 3.6557e-16
5428.475 3.7191e-16
5430.000 3.9458e-16
5431.525 3.6588e-16
5433.050 3.7966e-16
5434.575 4.2179e-16
5436.100 4.2683e-16
5437.625 4.136e-16
5439.150 3.739e-16
5440.675 4.1866e-16
5442.200 4.1774e-16
5443.725 3.9633e-16
5445.250 4.0906e-16
5446.775 4.5773e-16
5448.300 4.1222e-16
5449.825 3.4938e-16
5451.350 4.0149e-16
5452.875 4.1311e-16
5454.400 4.2687e-16
5455.925 4.2904e-16
5457.450 3.9228e-16
5458.975 3.9662e-16
5460.500 5.1399e-16
5462.025 4.1546e-16
5463.550 4.2062e-16
5465.075 4.2541e-16
5466.600 4.2135e-16
5468.125 4.5724e-16
5469.650 4.1193e-16
5471.175 3.5576e-16
5472.700 4.1801e-16
5474.225 4.2012e-16
5475.750 4.473e-16
5477.275 4.2232e-16
5478.800 3.9027e-16
5480.325 3.7984e-16
5481.850 4.5552e-16
5483.375 4.8612e-16
5484.900 4.478e-16
5486.425 4.7356e-16
5487.950 4.6168e-16
5489.475 4.8483e-16
5491.000 4.5529e-16
5492.525 4.434e-16
5494.050 4.6756e-16
5495.575 3.9433e-16
5497.100 3.6891e-16
5498.625 4.6835e-16
5500.150 4.6127e-16
5501.675 4.6009e-16
5503.200 4.2173e-16
5504.725 3.988e-16
5506.250 3.9544e-16
5507.775 3.8246e-16
5509.300 3.9165e-16
5510.825 4.0593e-16
5512.350 4.1106e-16
5513.875 4.3599e-16
5515.400 4.4394e-16
5516.925 4.1886e-16
5518.450 4.1963e-16
5519.975 4.5848e-16
5521.500 4.5217e-16
5523.025 4.2096e-16
5524.550 4.0568e-16
5526.075 3.8264e-16
5527.600 4.0899e-16
5529.125 4.3943e-16
5530.650 4.2599e-16
5532.175 4.297e-16
5533.700 4.3687e-16
5535.225 4.3386e-16
5536.750 4.425e-16
5538.275 4.4689e-16
5539.800 4.2791e-16
5541.325 4.3838e-16
5542.850 4.4795e-16
5544.375 4.3599e-16
5545.900 4.3005e-16
5547.425 4.3149e-16
5548.950 4.0917e-16
5550.475 3.9118e-16
5552.000 3.9343e-16
5553.525 3.9508e-16
5555.050 4.2311e-16
5556.575 4.5769e-16
5558.100 4.539e-16
5559.625 4.4776e-16
5561.150 4.6323e-16
5562.675 4.8977e-16
5564.200 4.8713e-16
5565.725 4.5285e-16
5567.250 4.2988e-16
5568.775 4.6626e-16
5570.300 4.3915e-16
5571.825 4.5251e-16
5573.350 4.5947e-16
5574.875 5.0271e-16
5576.400 5.6768e-16
5577.925 4.6032e-16
5579.450 4.3978e-16
5580.975 4.5027e-16
5582.500 4.5252e-16
5584.025 4.3996e-16
5585.550 4.5466e-16
5587.075 4.5644e-16
5588.600 4.504e-16
5590.125 4.145e-16
5591.650 4.3594e-16
5593.175 4.5742e-16
5594.700 4.5555e-16
5596.225 4.4247e-16
5597.750 4.5157e-16
5599.275 4.5828e-16
5600.800 4.5544e-16
5602.325 4.4211e-16
5603.850 4.3813e-16
5605.375 4.1699e-16
5606.900 4.0691e-16
5608.425 4.1495e-16
5609.950 4.181e-16
5611.475 4.2269e-16
5613.000 4.2148e-16
5614.525 4.5005e-16
5616.050 4.6099e-16
5617.575 4.5203e-16
5619.100 4.2128e-16
5620.625 4.4359e-16
5622.150 4.0775e-16
5623.675 4.1623e-16
5625.200 4.274e-16
5626.725 4.2352e-16
5628.250 4.0412e-16
5629.775 3.9813e-16
5631.300 4.0431e-16
5632.825 4.1179e-16
5634.350 3.9551e-16
5635.875 3.9899e-16
5637.400 4.2529e-16
5638.925 4.3789e-16
5640.450 4.2975e-16
5641.975 4.2154e-16
5643.500 4.0386e-16
5645.025 4.0034e-16
5646.550 4.0988e-16
5648.075 3.8832e-16
5649.600 3.9532e-16
5651.125 4.2141e-16
5652.650 3.9053e-16
5654.175 4.0906e-16
5655.700 3.9913e-16
5657.225 3.8814e-16
5658.750 3.9217e-16
5660.275 3.9192e-16
5661.800 3.7189e-16
5663.325 3.8663e-16
5664.850 4.0133e-16
5666.375 3.9093e-16
5667.900 3.5891e-16
5669.425 3.7021e-16
5670.950 3.98e-16
5672.475 4.0054e-16
5674.000 3.6351e-16
5675.525 3.8402e-16
5677.050 4.1062e-16
5678.575 3.8947e-16
5680.100 3.9088e-16
5681.625 4.118e-16
5683.150 4.1285e-16
5684.675 3.9915e-16
5686.200 4.0265e-16
5687.725 4.1144e-16
5689.250 4.0352e-16
5690.775 4.3274e-16
5692.300 4.1172e-16
5693.825 3.8952e-16
5695.350 3.9336e-16
5696.875 4.1706e-16
5698.400 3.8507e-16
5699.925 3.971e-16
5701.450 4.1518e-16
5702.975 4.0876e-16
5704.500 3.9686e-16
5706.025 4.1341e-16
5707.550 4.0255e-16
5709.075 3.8678e-16
5710.600 4.2089e-16
5712.125 4.3901e-16
5713.650 4.3257e-16
5715.175 4.1735e-16
5716.700 4.3155e-16
5718.225 4.3005e-16
5719.750 4.1113e-16
5721.275 4.0211e-16
5722.800 3.9679e-16
5724.325 4.0393e-16
5725.850 4.0146e-16
5727.375 4.0198e-16
5728.900 3.8844e-16
5730.425 3.7307e-16
5731.950 4.0418e-16
5733.475 4.2837e-16
5735.000 4.0864e-16
5736.525 3.9483e-16
5738.050 4.0033e-16
5739.575 4.0197e-16
5741.100 4.0874e-16
5742.625 4.0837e-16
5744.150 4.1931e-16
5745.675 4.2451e-16
5747.200 4.0621e-16
5748.725 4.2534e-16
5750.250 4.2829e-16
5751.775 4.131e-16
5753.300 4.1816e-16
5754.825 4.1148e-16
5756.350 4.0109e-16
5757.875 3.9697e-16
5759.400 3.864e-16
5760.925 4.2305e-16
5762.450 4.3339e-16
5763.975 4.1212e-16
5765.500 3.9628e-16
5767.025 4.0608e-16
5768.550 4.0616e-16
5770.075 3.8426e-16
5771.600 3.7911e-16
5773.125 3.8828e-16
5774.650 4.0419e-16
5776.175 3.9761e-16
5777.700 3.7338e-16
5779.225 4.0348e-16
5780.750 4.1169e-16
5782.275 4.0735e-16
5783.800 4.0912e-16
5785.325 4.0824e-16
5786.850 4.3564e-16
5788.375 4.2662e-16
5789.900 4.2675e-16
5791.425 4.1165e-16
5792.950 3.6755e-16
5794.475 3.657e-16
5796.000 3.7109e-16
5797.525 3.7736e-16
5799.050 3.954e-16
5800.575 4.0259e-16
5802.100 4.0673e-16
5803.625 4.1998e-16
5805.150 4.0089e-16
5806.675 3.6792e-16
5808.200 3.5075e-16
5809.725 3.693e-16
5811.250 4.101e-16
5812.775 4.0824e-16
5814.300 3.8195e-16
5815.825 3.8223e-16
5817.350 3.9553e-16
5818.875 4.0084e-16
5820.400 3.951e-16
5821.925 3.8835e-16
5823.450 3.8414e-16
5824.975 3.8844e-16
5826.500 4.0537e-16
5828.025 3.9282e-16
5829.550 3.7889e-16
5831.075 3.9575e-16
5832.600 3.7774e-16
5834.125 3.7078e-16
5835.650 3.8518e-16
5837.175 3.895e-16
5838.700 3.8644e-16
5840.225 3.9014e-16
5841.750 3.9313e-16
5843.275 4.1595e-16
5844.800 4.1989e-16
5846.325 3.7991e-16
5847.850 3.683e-16
5849.375 3.9237e-16
5850.900 3.8526e-16
5852.425 3.6285e-16
5853.950 3.7155e-16
5855.475 3.8021e-16
5857.000 3.8139e-16
5858.525 3.8109e-16
5860.050 3.8275e-16
5861.575 3.8917e-16
5863.100 3.66e-16
5864.625 3.4353e-16
5866.150 3.6471e-16
5867.675 4.0226e-16
5869.200 4.1204e-16
5870.725 3.9933e-16
5872.250 3.8849e-16
5873.775 3.9251e-16
5875.300 3.8914e-16
5876.825 3.8495e-16
5878.350 3.7238e-16
5879.875 3.62e-16
5881.400 3.6173e-16
5882.925 3.5923e-16
5884.450 3.8564e-16
5885.975 4.0216e-16
5887.500 3.6896e-16
5889.025 3.7062e-16
5890.550 4.0672e-16
5892.075 4.1826e-16
5893.600 4.1569e-16
5895.125 4.2872e-16
5896.650 4.037e-16
5898.175 3.4629e-16
5899.700 3.4723e-16
5901.225 3.6799e-16
5902.750 3.91e-16
5904.275 4.063e-16
5905.800 4.1322e-16
5907.325 4.1811e-16
5908.850 4.0682e-16
5910.375 3.9063e-16
5911.900 3.9222e-16
5913.425 3.9869e-16
5914.950 3.9944e-16
5916.475 4.3575e-16
5918.000 4.3171e-16
5919.525 3.9469e-16
5921.050 4.1157e-16
5922.575 4.2636e-16
5924.100 4.0972e-16
5925.625 3.9733e-16
5927.150 4.1329e-16
5928.675 4.2155e-16
5930.200 4.2599e-16
5931.725 4.3574e-16
5933.250 4.4965e-16
5934.775 4.3641e-16
5936.300 4.234e-16
5937.825 4.2707e-16
5939.350 4.1113e-16
5940.875 4.0217e-16
5942.400 3.9101e-16
5943.925 3.8908e-16
5945.450 3.9994e-16
5946.975 4.189e-16
5948.500 4.2322e-16
5950.025 4.2207e-16
5951.550 4.2249e-16
5953.075 4.0998e-16
5954.600 4.1548e-16
5956.125 4.3136e-16
5957.650 4.3478e-16
5959.175 4.1425e-16
5960.700 4.0005e-16
5962.225 4.0151e-16
5963.750 4.1779e-16
5965.275 4.3304e-16
5966.800 4.0424e-16
5968.325 3.9075e-16
5969.850 3.9967e-16
5971.375 4.0267e-16
5972.900 3.9041e-16
5974.425 3.8978e-16
5975.950 4.0422e-16
5977.475 4.1372e-16
5979.000 4.2843e-16
5980.525 4.4115e-16
5982.050 4.5449e-16
5983.575 4.4591e-16
5985.100 4.2738e-16
5986.625 4.1815e-16
5988.150 3.9905e-16
5989.675 4.0804e-16
5991.200 4.1139e-16
5992.725 4.0358e-16
5994.250 4.1063e-16
5995.775 3.9811e-16
5997.300 3.9958e-16
5998.825 4.1415e-16
6000.350 4.2643e-16
6001.875 4.41e-16
6003.400 4.5334e-16
6004.925 4.6067e-16
6006.450 4.3932e-16
6007.975 4.171e-16
6009.500 4.262e-16
6011.025 4.2902e-16
6012.550 4.3643e-16
6014.075 4.3738e-16
6015.600 4.2352e-16
6017.125 4.1379e-16
6018.650 4.1076e-16
6020.175 4.1466e-16
6021.700 4.1183e-16
6023.225 4.0743e-16
6024.750 4.1345e-16
6026.275 4.1076e-16
6027.800 4.0511e-16
6029.325 4.2568e-16
6030.850 4.3658e-16
6032.375 4.2305e-16
6033.900 4.1439e-16
6035.425 4.1779e-16
6036.950 4.2713e-16
6038.475 4.1325e-16
6040.000 3.9859e-16
6041.525 4.0663e-16
6043.050 4.0636e-16
6044.575 4.0953e-16
6046.100 4.2091e-16
6047.625 4.1204e-16
6049.150 4.1779e-16
6050.675 4.3441e-16
6052.200 3.9928e-16
6053.725 3.8283e-16
6055.250 4.0164e-16
6056.775 4.0946e-16
6058.300 4.1702e-16
6059.825 4.2368e-16
6061.350 4.1302e-16
6062.875 3.8721e-16
6064.400 3.9253e-16
6065.925 4.1322e-16
6067.450 4.0706e-16
6068.975 4.0234e-16
6070.500 4.1132e-16
6072.025 4.1901e-16
6073.550 4.26e-16
6075.075 4.1221e-16
6076.600 3.8951e-16
6078.125 3.9529e-16
6079.650 4.0377e-16
6081.175 4.0226e-16
6082.700 4.0264e-16
6084.225 3.9713e-16
6085.750 3.8969e-16
6087.275 3.9685e-16
6088.800 4.0302e-16
6090.325 4.0805e-16
6091.850 4.127e-16
6093.375 4.1644e-16
6094.900 4.1675e-16
6096.425 4.0476e-16
6097.950 4.0514e-16
6099.475 4.062e-16
6101.000 4.0688e-16
6102.525 4.1387e-16
6104.050 4.1003e-16
6105.575 3.919e-16
6107.100 4.037e-16
6108.625 4.2111e-16
6110.150 4.0451e-16
6111.675 4.1466e-16
6113.200 4.0399e-16
6114.725 3.791e-16
6116.250 3.8252e-16
6117.775 3.7615e-16
6119.300 3.8755e-16
6120.825 3.9371e-16
6122.350 3.9073e-16
6123.875 4.1221e-16
6125.400 4.292e-16
6126.925 4.1868e-16
6128.450 4.2111e-16
6129.975 4.1988e-16
6131.500 3.9406e-16
6133.025 3.7937e-16
6134.550 3.8862e-16
6136.075 3.9989e-16
6137.600 4.0292e-16
6139.125 4.1396e-16
6140.650 4.1679e-16
6142.175 4.1052e-16
6143.700 4.0525e-16
6145.225 4.0843e-16
6146.750 4.1464e-16
6148.275 4.1655e-16
6149.800 4.1914e-16
6151.325 4.2573e-16
6152.850 4.2319e-16
6154.375 4.0466e-16
6155.900 3.9225e-16
6157.425 3.9138e-16
6158.950 4.2035e-16
6160.475 4.3169e-16
6162.000 3.8885e-16
6163.525 3.8038e-16
6165.050 4.087e-16
6166.575 4.1865e-16
6168.100 4.404e-16
6169.625 4.3215e-16
6171.150 3.9034e-16
6172.675 3.9528e-16
6174.200 4.0925e-16
6175.725 3.9365e-16
6177.250 4.0285e-16
6178.775 4.1412e-16
6180.300 4.1099e-16
6181.825 4.1631e-16
6183.350 4.0991e-16
6184.875 4.1362e-16
6186.400 4.1174e-16
6187.925 3.9843e-16
6189.450 4.0028e-16
6190.975 4.1171e-16
6192.500 4.2211e-16
6194.025 4.2921e-16
6195.550 4.2342e-16
6197.075 4.1376e-16
6198.600 4.2581e-16
6200.125 4.2008e-16
6201.650 3.8895e-16
6203.175 3.9269e-16
6204.700 4.0948e-16
6206.225 4.0608e-16
6207.750 4.0846e-16
6209.275 4.1983e-16
6210.800 4.3683e-16
6212.325 4.3135e-16
6213.850 4.0329e-16
6215.375 4.0875e-16
6216.900 4.2275e-16
6218.425 4.2075e-16
6219.950 4.1345e-16
6221.475 3.89e-16
6223.000 3.7334e-16
6224.525 3.6793e-16
6226.050 3.7097e-16
6227.575 3.8835e-16
6229.100 4.0022e-16
6230.625 4.06e-16
6232.150 4.0187e-16
6233.675 3.9271e-16
6235.200 4.0344e-16
6236.725 4.2406e-16
6238.250 4.4576e-16
6239.775 4.2887e-16
6241.300 3.9751e-16
6242.825 4.0314e-16
6244.350 4.0112e-16
6245.875 3.9524e-16
6247.400 4.0117e-16
6248.925 4.0371e-16
6250.450 3.8372e-16
6251.975 3.7642e-16
6253.500 4.0335e-16
6255.025 4.0768e-16
6256.550 4.0158e-16
6258.075 3.9999e-16
6259.600 4.0794e-16
6261.125 4.1425e-16
6262.650 4.1705e-16
6264.175 4.0898e-16
6265.700 3.8887e-16
6267.225 3.9493e-16
6268.750 4.1684e-16
6270.275 4.1791e-16
6271.800 4.1147e-16
6273.325 3.989e-16
6274.850 3.8774e-16
6276.375 3.9707e-16
6277.900 4.0274e-16
6279.425 3.905e-16
6280.950 3.9639e-16
6282.475 4.0064e-16
6284.000 4.078e-16
6285.525 3.9902e-16
6287.050 3.9416e-16
6288.575 3.9496e-16
6290.100 4.0389e-16
6291.625 4.0245e-16
6293.150 3.8837e-16
6294.675 4.2592e-16
6296.200 4.6339e-16
6297.725 4.7608e-16
6299.250 4.5002e-16
6300.775 4.0061e-16
6302.300 3.898e-16
6303.825 3.9617e-16
6305.350 4.0168e-16
6306.875 4.2354e-16
6308.400 4.2594e-16
6309.925 4.0239e-16
6311.450 3.9571e-16
6312.975 4.2039e-16
6314.500 4.135e-16
6316.025 4.0094e-16
6317.550 4.0772e-16
6319.075 4.22e-16
6320.600 4.1425e-16
6322.125 3.8439e-16
6323.650 3.9074e-16
6325.175 4.1167e-16
6326.700 4.1341e-16
6328.225 4.1993e-16
6329.750 4.1116e-16
6331.275 4.0231e-16
6332.800 4.0785e-16
6334.325 4.0064e-16
6335.850 3.9877e-16
6337.375 4.0291e-16
6338.900 4.0946e-16
6340.425 4.0873e-16
6341.950 4.1713e-16
6343.475 4.0297e-16
6345.000 4.1142e-16
6346.525 4.1473e-16
6348.050 3.9258e-16
6349.575 4.0144e-16
6351.100 4.034e-16
6352.625 4.0194e-16
6354.150 4.0243e-16
6355.675 4.0238e-16
6357.200 3.9143e-16
6358.725 3.8306e-16
6360.250 3.8964e-16
6361.775 3.8804e-16
6363.300 3.8456e-16
6364.825 3.7859e-16
6366.350 3.8377e-16
6367.875 3.8899e-16
6369.400 3.8619e-16
6370.925 3.7863e-16
6372.450 3.6994e-16
6373.975 3.8287e-16
6375.500 4.048e-16
6377.025 3.895e-16
6378.550 3.8785e-16
6380.075 4.0004e-16
6381.600 3.7781e-16
6383.125 3.7763e-16
6384.650 3.8651e-16
6386.175 3.8951e-16
6387.700 3.8739e-16
6389.225 3.8459e-16
6390.750 3.8073e-16
6392.275 3.8045e-16
6393.800 3.8056e-16
6395.325 3.8402e-16
6396.850 3.8701e-16
6398.375 3.8477e-16
6399.900 3.6577e-16
6401.425 3.6036e-16
6402.950 3.6678e-16
6404.475 3.9784e-16
6406.000 4.0929e-16
6407.525 3.787e-16
6409.050 3.7135e-16
6410.575 3.7094e-16
6412.100 3.7357e-16
6413.625 3.6558e-16
6415.150 3.6457e-16
6416.675 3.7297e-16
6418.200 3.5164e-16
6419.725 3.4496e-16
6421.250 3.5957e-16
6422.775 3.5955e-16
6424.300 3.5199e-16
6425.825 3.5051e-16
6427.350 3.4603e-16
6428.875 3.589e-16
6430.400 3.4901e-16
6431.925 3.392e-16
6433.450 3.3974e-16
6434.975 3.4153e-16
6436.500 3.5576e-16
6438.025 3.4301e-16
6439.550 3.1527e-16
6441.075 3.1564e-16
6442.600 3.1939e-16
6444.125 2.9532e-16
6445.650 3.0377e-16
6447.175 3.0688e-16
6448.700 2.7396e-16
6450.225 2.7836e-16
6451.750 2.9979e-16
6453.275 2.8275e-16
6454.800 2.8092e-16
6456.325 2.851e-16
6457.850 2.7514e-16
6459.375 2.5312e-16
6460.900 2.4646e-16
6462.425 2.5507e-16
6463.950 2.5417e-16
6465.475 2.585e-16
6467.000 2.8026e-16
6468.525 2.7575e-16
6470.050 2.5892e-16
6471.575 2.6521e-16
6473.100 2.6615e-16
6474.625 2.5841e-16
6476.150 2.6403e-16
6477.675 2.6959e-16
6479.200 2.511e-16
6480.725 2.4335e-16
6482.250 2.372e-16
6483.775 2.3427e-16
6485.300 2.5245e-16
6486.825 2.5986e-16
6488.350 2.6488e-16
6489.875 2.6392e-16
6491.400 2.6931e-16
6492.925 2.757e-16
6494.450 2.9128e-16
6495.975 2.868e-16
6497.500 2.8286e-16
6499.025 2.8515e-16
6500.550 2.8261e-16
6502.075 2.7721e-16
6503.600 2.9428e-16
6505.125 2.9502e-16
6506.650 3.045e-16
6508.175 3.1421e-16
6509.700 2.914e-16
6511.225 3.062e-16
6512.750 3.1812e-16
6514.275 3.0593e-16
6515.800 3.2416e-16
6517.325 3.3957e-16
6518.850 3.3796e-16
6520.375 3.5848e-16
6521.900 3.6928e-16
6523.425 3.7558e-16
6524.950 4.1043e-16
6526.475 4.1048e-16
6528.000 4.0766e-16
6529.525 4.1722e-16
6531.050 4.3479e-16
6532.575 4.6789e-16
6534.100 4.7275e-16
6535.625 4.6525e-16
6537.150 4.8751e-16
6538.675 5.1582e-16
6540.200 5.2613e-16
6541.725 5.4243e-16
6543.250 5.5263e-16
6544.775 5.6291e-16
6546.300 6.02e-16
6547.825 6.411e-16
6549.350 6.5286e-16
6550.875 6.7005e-16
6552.400 6.9606e-16
6553.925 7.4136e-16
6555.450 7.8443e-16
6556.975 8.5611e-16
6558.500 8.6356e-16
6560.025 8.2599e-16
6561.550 8.202e-16
6563.075 8.2246e-16
6564.600 8.5096e-16
6566.125 8.6542e-16
6567.650 8.7169e-16
6569.175 8.56e-16
6570.700 8.4237e-16
6572.225 8.5275e-16
6573.750 8.5991e-16
6575.275 8.539e-16
6576.800 8.468e-16
6578.325 8.2568e-16
6579.850 8.2434e-16
6581.375 8.4825e-16
6582.900 8.7663e-16
6584.425 8.9177e-16
6585.950 9.0574e-16
6587.475 8.9886e-16
6589.000 8.7443e-16
6590.525 8.7852e-16
6592.050 8.8088e-16
6593.575 8.9427e-16
6595.100 9.1691e-16
6596.625 9.0989e-16
6598.150 9.0489e-16
6599.675 8.9776e-16
6601.200 8.8788e-16
6602.725 8.8779e-16
6604.250 9.1975e-16
6605.775 9.3038e-16
6607.300 9.1952e-16
6608.825 9.0762e-16
6610.350 9.1864e-16
6611.875 9.344e-16
6613.400 9.0551e-16
6614.925 9.1816e-16
6616.450 9.4425e-16
6617.975 9.2507e-16
6619.500 9.0739e-16
6621.025 9.0411e-16
6622.550 9.3544e-16
6624.075 9.3226e-16
6625.600 8.9672e-16
6627.125 8.8055e-16
6628.650 9.111e-16
6630.175 9.5279e-16
6631.700 9.348e-16
6633.225 9.3078e-16
6634.750 9.2307e-16
6636.275 9.1515e-16
6637.800 9.4308e-16
6639.325 9.36e-16
6640.850 9.0299e-16
6642.375 9.0755e-16
6643.900 9.1059e-16
6645.425 8.9505e-16
6646.950 9.2547e-16
6648.475 9.4579e-16
6650.000 9.3309e-16
6651.525 9.6632e-16
6653.050 1.0012e-15
6654.575 9.9424e-16
6656.100 9.4987e-16
6657.625 8.9448e-16
6659.150 8.6499e-16
6660.675 8.459e-16
6662.200 8.5058e-16
6663.725 8.6319e-16
6665.250 8.5235e-16
6666.775 8.3024e-16
6668.300 8.3409e-16
6669.825 8.6234e-16
6671.350 8.597e-16
6672.875 8.4316e-16
6674.400 8.4044e-16
6675.925 8.4589e-16
6677.450 8.4984e-16
6678.975 8.2714e-16
6680.500 7.9679e-16
6682.025 8.0353e-16
6683.550 8.1199e-16
6685.075 7.9383e-16
6686.600 7.9017e-16
6688.125 8.0089e-16
6689.650 7.9592e-16
6691.175 7.9263e-16
6692.700 7.8867e-16
6694.225 7.8524e-16
6695.750 7.7555e-16
6697.275 7.3605e-16
6698.800 7.441e-16
6700.325 7.6087e-16
6701.850 7.3858e-16
6703.375 7.3758e-16
6704.900 7.427e-16
6706.425 7.4314e-16
6707.950 7.5672e-16
6709.475 7.4625e-16
6711.000 7.2895e-16
6712.525 7.3252e-16
6714.050 6.9822e-16
6715.575 6.7049e-16
6717.100 6.8205e-16
6718.625 6.8831e-16
6720.150 6.9696e-16
6721.675 7.0208e-16
6723.200 6.6123e-16
6724.725 6.4731e-16
6726.250 6.6668e-16
6727.775 6.6599e-16
6729.300 6.6263e-16
6730.825 6.4129e-16
6732.350 6.3104e-16
6733.875 6.2667e-16
6735.400 6.1965e-16
6736.925 6.2547e-16
6738.450 6.361e-16
6739.975 6.3636e-16
6741.500 6.0987e-16
6743.025 5.8838e-16
6744.550 5.8509e-16
6746.075 5.998e-16
6747.600 6.1207e-16
6749.125 6.0659e-16
6750.650 5.8571e-16
6752.175 5.7976e-16
6753.700 5.705e-16
6755.225 5.5099e-16
6756.750 5.55e-16
6758.275 5.4814e-16
6759.800 5.6859e-16
6761.325 5.7404e-16
6762.850 5.4723e-16
6764.375 5.4562e-16
6765.900 5.6406e-16
6767.425 5.7092e-16
6768.950 5.6652e-16
6770.475 5.4295e-16
6772.000 5.4431e-16
6773.525 5.4781e-16
6775.050 5.4905e-16
6776.575 5.4551e-16
6778.100 5.4615e-16
6779.625 5.4847e-16
6781.150 5.3579e-16
6782.675 5.3623e-16
6784.200 5.3162e-16
6785.725 5.1874e-16
6787.250 4.9606e-16
6788.775 4.8662e-16
6790.300 5.017e-16
6791.825 5.0251e-16
6793.350 5.0066e-16
6794.875 4.8353e-16
6796.400 4.7899e-16
6797.925 4.9015e-16
6799.450 4.8607e-16
6800.975 4.9173e-16
6802.500 4.9645e-16
6804.025 4.998e-16
6805.550 4.9719e-16
6807.075 5.0325e-16
6808.600 4.9798e-16
6810.125 4.9202e-16
6811.650 4.8265e-16
6813.175 4.5989e-16
6814.700 4.3109e-16
6816.225 4.4196e-16
6817.750 4.6047e-16
6819.275 4.488e-16
6820.800 4.5823e-16
6822.325 4.6466e-16
6823.850 4.697e-16
6825.375 4.8249e-16
6826.900 4.846e-16
6828.425 4.706e-16
6829.950 4.5428e-16
6831.475 4.5846e-16
6833.000 4.595e-16
6834.525 4.4978e-16
6836.050 4.332e-16
6837.575 4.2538e-16
6839.100 4.4489e-16
6840.625 4.4918e-16
6842.150 4.4716e-16
6843.675 4.2421e-16
6845.200 4.1625e-16
6846.725 4.3123e-16
6848.250 4.48e-16
6849.775 4.3478e-16
6851.300 4.331e-16
6852.825 4.3309e-16
6854.350 4.2152e-16
6855.875 4.3231e-16
6857.400 4.2272e-16
6858.925 4.4504e-16
6860.450 4.6141e-16
6861.975 4.3742e-16
6863.500 4.129e-16
6865.025 4.0173e-16
6866.550 3.9845e-16
6868.075 4.0504e-16
6869.600 4.1532e-16
6871.125 4.3124e-16
6872.650 4.5146e-16
6874.175 4.2961e-16
6875.700 4.061e-16
6877.225 4.1509e-16
6878.750 4.175e-16
6880.275 4.026e-16
6881.800 4.092e-16
6883.325 4.1779e-16
6884.850 4.0902e-16
6886.375 4.0751e-16
6887.900 4.1683e-16
6889.425 4.1086e-16
6890.950 4.0757e-16
6892.475 4.0988e-16
6894.000 4.2829e-16
6895.525 4.3405e-16
6897.050 4.1588e-16
6898.575 4.1421e-16
6900.100 4.134e-16
6901.625 4.1678e-16
6903.150 4.3979e-16
6904.675 4.3434e-16
6906.200 4.1837e-16
6907.725 4.229e-16
6909.250 4.2666e-16
6910.775 4.2648e-16
6912.300 4.1865e-16
6913.825 4.0832e-16
6915.350 4.044e-16
6916.875 4.1059e-16
6918.400 4.0069e-16
6919.925 3.7462e-16
6921.450 3.7791e-16
6922.975 4.0225e-16
6924.500 4.1658e-16
6926.025 4.1435e-16
6927.550 4.0579e-16
6929.075 3.952e-16
6930.600 3.8964e-16
6932.125 3.836e-16
6933.650 3.7769e-16
6935.175 3.8707e-16
6936.700 3.9398e-16
6938.225 3.7595e-16
6939.750 3.6252e-16
6941.275 3.8966e-16
6942.800 4.1122e-16
6944.325 4.0062e-16
6945.850 3.8039e-16
6947.375 3.8374e-16
6948.900 3.9147e-16
6950.425 3.839e-16
6951.950 3.739e-16
6953.475 3.7709e-16
6955.000 3.8097e-16
6956.525 3.8142e-16
6958.050 3.8111e-16
6959.575 3.886e-16
6961.100 3.9402e-16
6962.625 3.9234e-16
6964.150 3.9628e-16
6965.675 3.9095e-16
6967.200 3.8147e-16
6968.725 3.7916e-16
6970.250 3.8536e-16
6971.775 3.8179e-16
6973.300 3.8131e-16
6974.825 3.8625e-16
6976.350 3.7304e-16
6977.875 3.669e-16
6979.400 3.6929e-16
6980.925 3.7183e-16
6982.450 3.6248e-16
6983.975 3.6364e-16
6985.500 3.7984e-16
6987.025 3.7033e-16
6988.550 3.3617e-16
6990.075 3.388e-16
6991.600 3.5386e-16
6993.125 3.643e-16
6994.650 3.59e-16
6996.175 3.6321e-16
6997.700 3.6326e-16
6999.225 3.7245e-16
7000.750 3.6882e-16
7002.275 3.6424e-16
7003.800 3.6782e-16
7005.325 3.626e-16
7006.850 3.6168e-16
7008.375 3.7883e-16
7009.900 3.681e-16
7011.425 3.6697e-16
7012.950 3.5956e-16
7014.475 3.4422e-16
7016.000 3.6426e-16
7017.525 3.8155e-16
7019.050 3.7111e-16
7020.575 3.6496e-16
7022.100 3.5917e-16
7023.625 3.4963e-16
7025.150 3.4476e-16
7026.675 3.3833e-16
7028.200 3.6401e-16
7029.725 3.8966e-16
7031.250 3.5211e-16
7032.775 3.4142e-16
7034.300 3.4808e-16
7035.825 3.4449e-16
7037.350 3.5936e-16
7038.875 3.635e-16
7040.400 3.604e-16
7041.925 3.8457e-16
7043.450 3.7268e-16
7044.975 3.6871e-16
7046.500 3.7981e-16
7048.025 3.8625e-16
7049.550 3.7998e-16
7051.075 3.6529e-16
7052.600 3.6667e-16
7054.125 3.633e-16
7055.650 3.5486e-16
7057.175 3.457e-16
7058.700 3.5962e-16
7060.225 3.7468e-16
7061.750 3.73e-16
7063.275 3.6821e-16
7064.800 3.8565e-16
7066.325 3.8391e-16
7067.850 3.6388e-16
7069.375 3.7233e-16
7070.900 3.8668e-16
7072.425 3.7264e-16
7073.950 3.6192e-16
7075.475 3.7225e-16
7077.000 3.77e-16
7078.525 3.7106e-16
7080.050 3.6213e-16
7081.575 3.7335e-16
7083.100 3.7545e-16
7084.625 3.7299e-16
7086.150 3.683e-16
7087.675 3.4907e-16
7089.200 3.3798e-16
7090.725 3.5621e-16
7092.250 3.6382e-16
7093.775 3.5943e-16
7095.300 3.7865e-16
7096.825 3.847e-16
7098.350 3.8993e-16
7099.875 3.9864e-16
7101.400 3.9093e-16
7102.925 3.7532e-16
7104.450 3.7249e-16
7105.975 3.8035e-16
7107.500 3.8689e-16
7109.025 3.8575e-16
7110.550 3.7098e-16
7112.075 3.6356e-16
7113.600 3.6986e-16
7115.125 3.6238e-16
7116.650 3.7492e-16
7118.175 3.7939e-16
7119.700 3.6321e-16
7121.225 3.6839e-16
7122.750 3.6605e-16
7124.275 3.67e-16
7125.800 3.8759e-16
7127.325 3.7544e-16
7128.850 3.5693e-16
7130.375 3.7736e-16
7131.900 3.8891e-16
7133.425 3.8006e-16
7134.950 3.8321e-16
7136.475 3.8374e-16
7138.000 3.6742e-16
7139.525 3.5425e-16
7141.050 3.6031e-16
7142.575 3.8837e-16
7144.100 3.915e-16
7145.625 3.5517e-16
7147.150 3.5108e-16
7148.675 3.6923e-16
7150.200 3.652e-16
7151.725 3.6914e-16
7153.250 3.7649e-16
7154.775 3.6868e-16
7156.300 3.7421e-16
7157.825 3.7847e-16
7159.350 3.6951e-16
7160.875 3.7296e-16
7162.400 3.7814e-16
7163.925 3.6481e-16
7165.450 3.5862e-16
7166.975 3.5499e-16
7168.500 3.5256e-16
7170.025 3.5562e-16
7171.550 3.4275e-16
7173.075 3.3939e-16
7174.600 3.5987e-16
7176.125 3.6684e-16
7177.650 3.7617e-16
7179.175 3.7944e-16
7180.700 3.8021e-16
7182.225 3.7968e-16
7183.750 3.5312e-16
7185.275 3.3999e-16
7186.800 3.7424e-16
7188.325 3.9371e-16
7189.850 3.6201e-16
7191.375 3.4567e-16
7192.900 3.5349e-16
7194.425 3.5896e-16
7195.950 3.7361e-16
7197.475 3.7911e-16
7199.000 3.5385e-16
7200.525 3.4212e-16
7202.050 3.5661e-16
7203.575 3.665e-16
7205.100 3.6707e-16
7206.625 3.6275e-16
7208.150 3.6509e-16
7209.675 3.7677e-16
7211.200 3.6759e-16
7212.725 3.7596e-16
7214.250 3.7837e-16
7215.775 3.6717e-16
7217.300 3.7282e-16
7218.825 3.6556e-16
7220.350 3.5728e-16
7221.875 3.6354e-16
7223.400 3.7595e-16
7224.925 3.5481e-16
7226.450 3.4482e-16
7227.975 3.5842e-16
7229.500 3.5649e-16
7231.025 3.4939e-16
7232.550 3.4601e-16
7234.075 3.536e-16
7235.600 3.8153e-16
7237.125 3.7241e-16
7238.650 3.587e-16
7240.175 3.6562e-16
7241.700 3.6505e-16
7243.225 3.6125e-16
7244.750 3.5434e-16
7246.275 3.52e-16
7247.800 3.5946e-16
7249.325 3.5042e-16
7250.850 3.4248e-16
7252.375 3.4626e-16
7253.900 3.5931e-16
7255.425 3.5466e-16
7256.950 3.6083e-16
7258.475 3.5691e-16
7260.000 3.5284e-16
7261.525 3.5157e-16
7263.050 3.4385e-16
7264.575 3.4866e-16
7266.100 3.7015e-16
7267.625 3.5684e-16
7269.150 3.5493e-16
7270.675 3.5957e-16
7272.200 3.4036e-16
7273.725 3.5118e-16
7275.250 3.5575e-16
7276.775 3.4239e-16
7278.300 3.3763e-16
7279.825 3.3796e-16
7281.350 3.4121e-16
7282.875 3.535e-16
7284.400 3.5717e-16
7285.925 3.3849e-16
7287.450 3.3535e-16
7288.975 3.3184e-16
7290.500 3.3468e-16
7292.025 3.4814e-16
7293.550 3.3515e-16
7295.075 3.3407e-16
7296.600 3.3975e-16
7298.125 3.3044e-16
7299.650 3.3519e-16
7301.175 3.4644e-16
7302.700 3.3106e-16
7304.225 3.3726e-16
7305.750 3.6407e-16
7307.275 3.6267e-16
7308.800 3.5496e-16
7310.325 3.5717e-16
7311.850 3.5287e-16
7313.375 3.4347e-16
7314.900 3.4985e-16
7316.425 3.5103e-16
7317.950 3.5482e-16
7319.475 3.6511e-16
7321.000 3.4539e-16
7322.525 3.3886e-16
7324.050 3.5026e-16
7325.575 3.4695e-16
7327.100 3.5659e-16
7328.625 3.598e-16
7330.150 3.534e-16
7331.675 3.499e-16
7333.200 3.3059e-16
7334.725 3.3904e-16
7336.250 3.4898e-16
7337.775 3.3854e-16
7339.300 3.2954e-16
7340.825 3.4379e-16
7342.350 3.4504e-16
7343.875 3.4432e-16
7345.400 3.5468e-16
7346.925 3.5951e-16
7348.450 3.6018e-16
7349.975 3.5561e-16
7351.500 3.4333e-16
7353.025 3.3275e-16
7354.550 3.657e-16
7356.075 3.777e-16
7357.600 3.5263e-16
7359.125 3.3305e-16
7360.650 3.4104e-16
7362.175 3.5329e-16
7363.700 3.5119e-16
7365.225 3.4946e-16
7366.750 3.6758e-16
7368.275 3.7743e-16
7369.800 3.581e-16
7371.325 3.407e-16
7372.850 3.3231e-16
7374.375 3.4012e-16
7375.900 3.5024e-16
7377.425 3.6328e-16
7378.950 3.6421e-16
7380.475 3.5247e-16
7382.000 3.4652e-16
7383.525 3.6318e-16
7385.050 3.5569e-16
7386.575 3.3355e-16
7388.100 3.3747e-16
7389.625 3.5851e-16
7391.150 3.6596e-16
7392.675 3.7193e-16
7394.200 3.6035e-16
7395.725 3.6598e-16
7397.250 3.6933e-16
7398.775 3.5155e-16
7400.300 3.4988e-16
7401.825 3.5195e-16
7403.350 3.4654e-16
7404.875 3.5169e-16
7406.400 3.5905e-16
7407.925 3.5984e-16
7409.450 3.6406e-16
7410.975 3.5614e-16
7412.500 3.4663e-16
7414.025 3.4325e-16
7415.550 3.5052e-16
7417.075 3.6185e-16
7418.600 3.5617e-16
7420.125 3.621e-16
7421.650 3.6172e-16
7423.175 3.6487e-16
7424.700 3.674e-16
7426.225 3.7598e-16
7427.750 3.7179e-16
7429.275 3.527e-16
7430.800 3.5108e-16
7432.325 3.6662e-16
7433.850 3.6462e-16
7435.375 3.6977e-16
7436.900 3.698e-16
7438.425 3.5462e-16
7439.950 3.554e-16
7441.475 3.6495e-16
7443.000 3.6109e-16
7444.525 3.5805e-16
7446.050 3.7258e-16
7447.575 3.9176e-16
7449.100 3.953e-16
7450.625 3.9578e-16
7452.150 3.8291e-16
7453.675 3.6548e-16
7455.200 3.7062e-16
7456.725 3.7145e-16
7458.250 3.667e-16
7459.775 3.6404e-16
7461.300 3.6738e-16
7462.825 3.8078e-16
7464.350 3.8125e-16
7465.875 3.7729e-16
7467.400 3.8315e-16
7468.925 3.7871e-16
7470.450 3.7085e-16
7471.975 3.8052e-16
7473.500 3.8358e-16
7475.025 3.8057e-16
7476.550 3.7513e-16
7478.075 3.7065e-16
7479.600 3.7354e-16
7481.125 3.6535e-16
7482.650 3.7506e-16
7484.175 3.8843e-16
7485.700 3.7266e-16
7487.225 3.6375e-16
7488.750 3.6533e-16
7490.275 3.5898e-16
7491.800 3.6274e-16
7493.325 3.704e-16
7494.850 3.7732e-16
7496.375 3.6961e-16
7497.900 3.4797e-16
7499.425 3.6952e-16
7500.950 4.2514e-16
7502.475 4.5282e-16
7504.000 3.9502e-16
7505.525 3.7438e-16
7507.050 3.7222e-16
7508.575 3.5131e-16
7510.100 3.5165e-16
7511.625 3.6512e-16
7513.150 3.6483e-16
7514.675 3.5858e-16
7516.200 3.6397e-16
7517.725 3.6554e-16
7519.250 3.6714e-16
7520.775 3.7562e-16
7522.300 4.0536e-16
7523.825 4.033e-16
7525.350 3.596e-16
7526.875 3.5393e-16
7528.400 3.7257e-16
7529.925 3.686e-16
7531.450 3.6065e-16
7532.975 3.7332e-16
7534.500 3.8063e-16
7536.025 3.8433e-16
7537.550 3.8114e-16
7539.075 3.692e-16
7540.600 3.714e-16
7542.125 3.7224e-16
7543.650 3.607e-16
7545.175 3.5611e-16
7546.700 3.6482e-16
7548.225 3.7102e-16
7549.750 3.8503e-16
7551.275 3.8874e-16
7552.800 3.8166e-16
7554.325 3.7217e-16
7555.850 3.7067e-16
7557.375 3.699e-16
7558.900 3.6261e-16
7560.425 3.6129e-16
7561.950 3.7662e-16
7563.475 3.9227e-16
7565.000 3.8498e-16
7566.525 3.6591e-16
7568.050 3.4065e-16
7569.575 3.4503e-16
7571.100 3.765e-16
7572.625 4.048e-16
7574.150 3.936e-16
7575.675 3.8404e-16
7577.200 3.8513e-16
7578.725 3.6836e-16
7580.250 3.6316e-16
7581.775 3.7067e-16
7583.300 3.7765e-16
7584.825 3.888e-16
7586.350 3.7701e-16
7587.875 3.4882e-16
7589.400 3.5406e-16
7590.925 3.6836e-16
7592.450 3.4198e-16
7593.975 2.9606e-16
7595.500 2.8704e-16
7597.025 3.0949e-16
7598.550 3.3697e-16
7600.075 2.9833e-16
7601.600 2.4908e-16
7603.125 2.4668e-16
7604.650 2.0807e-16
7606.175 2.1323e-16
7607.700 2.9781e-16
7609.225 3.1765e-16
7610.750 3.4596e-16
7612.275 3.5825e-16
7613.800 3.376e-16
7615.325 3.5015e-16
7616.850 3.8213e-16
7618.375 3.8654e-16
7619.900 3.5322e-16
7621.425 3.1089e-16
7622.950 3.0074e-16
7624.475 3.096e-16
7626.000 3.0361e-16
7627.525 3.1456e-16
7629.050 3.4126e-16
7630.575 3.4445e-16
7632.100 3.368e-16
7633.625 3.3613e-16
7635.150 2.972e-16
7636.675 2.8223e-16
7638.200 3.0933e-16
7639.725 3.1244e-16
7641.250 3.3562e-16
7642.775 3.5023e-16
7644.300 3.4711e-16
7645.825 3.425e-16
7647.350 3.3298e-16
7648.875 3.3383e-16
7650.400 3.6342e-16
7651.925 3.768e-16
7653.450 3.5217e-16
7654.975 3.4791e-16
7656.500 3.4709e-16
7658.025 3.4177e-16
7659.550 3.5494e-16
7661.075 3.5426e-16
7662.600 3.4438e-16
7664.125 3.4244e-16
7665.650 3.6046e-16
7667.175 3.7255e-16
7668.700 3.7743e-16
7670.225 3.7189e-16
7671.750 3.5313e-16
7673.275 3.5902e-16
7674.800 3.5891e-16
7676.325 3.5104e-16
7677.850 3.6538e-16
7679.375 3.6399e-16
7680.900 3.5339e-16
7682.425 3.5327e-16
7683.950 3.5576e-16
7685.475 3.6121e-16
7687.000 3.5373e-16
7688.525 3.6004e-16
7690.050 3.519e-16
7691.575 3.5808e-16
7693.100 3.4456e-16
7694.625 3.3545e-16
7696.150 3.5054e-16
7697.675 3.5722e-16
7699.200 3.6256e-16
7700.725 3.5301e-16
7702.250 3.4235e-16
7703.775 3.5414e-16
7705.300 3.5208e-16
7706.825 3.6539e-16
7708.350 3.6401e-16
7709.875 3.406e-16
7711.400 3.2754e-16
7712.925 3.4784e-16
7714.450 3.567e-16
7715.975 3.4932e-16
7717.500 3.3378e-16
7719.025 3.1015e-16
7720.550 3.1235e-16
7722.075 3.4447e-16
7723.600 3.362e-16
7725.125 3.4043e-16
7726.650 3.2507e-16
7728.175 3.2058e-16
7729.700 3.4009e-16
7731.225 3.2717e-16
7732.750 3.3043e-16
7734.275 3.302e-16
7735.800 3.214e-16
7737.325 3.2329e-16
7738.850 3.2335e-16
7740.375 3.2936e-16
7741.900 3.2369e-16
7743.425 3.2317e-16
7744.950 3.1772e-16
7746.475 3.129e-16
7748.000 3.1437e-16
7749.525 3.2194e-16
7751.050 3.2508e-16
7752.575 3.1172e-16
7754.100 3.035e-16
7755.625 3.1579e-16
7757.150 3.3487e-16
7758.675 3.3565e-16
7760.200 3.2776e-16
7761.725 3.1408e-16
7763.250 2.9284e-16
7764.775 2.8958e-16
7766.300 2.919e-16
7767.825 3.0015e-16
7769.350 3.1962e-16
7770.875 3.1197e-16
7772.400 3.0749e-16
7773.925 3.18e-16
7775.450 3.034e-16
7776.975 2.9924e-16
7778.500 3.1698e-16
7780.025 3.2635e-16
7781.550 3.3921e-16
7783.075 3.4715e-16
7784.600 3.3526e-16
7786.125 3.2989e-16
7787.650 3.3124e-16
7789.175 3.4079e-16
7790.700 3.472e-16
7792.225 3.3393e-16
7793.750 3.1402e-16
7795.275 3.1982e-16
7796.800 3.2688e-16
7798.325 3.2715e-16
7799.850 3.2769e-16
7801.375 3.1931e-16
7802.900 3.2039e-16
7804.425 3.275e-16
7805.950 3.2312e-16
7807.475 3.5649e-16
7809.000 3.7153e-16
7810.525 3.5005e-16
7812.050 3.4901e-16
7813.575 3.485e-16
7815.100 3.5221e-16
7816.625 3.5411e-16
7818.150 3.6746e-16
7819.675 3.5261e-16
7821.200 3.5011e-16
7822.725 3.3925e-16
7824.250 3.3396e-16
7825.775 3.4805e-16
7827.300 3.4111e-16
7828.825 3.4266e-16
7830.350 3.5668e-16
7831.875 3.4798e-16
7833.400 3.4469e-16
7834.925 3.4203e-16
7836.450 3.4335e-16
7837.975 3.4916e-16
7839.500 3.6263e-16
7841.025 3.6524e-16
7842.550 3.581e-16
7844.075 3.4677e-16
7845.600 3.4386e-16
7847.125 3.6062e-16
7848.650 3.4191e-16
7850.175 3.2443e-16
7851.700 3.3086e-16
7853.225 3.3618e-16
7854.750 3.4183e-16
7856.275 3.3927e-16
7857.800 3.3975e-16
7859.325 3.3504e-16
7860.850 3.4894e-16
7862.375 3.5841e-16
7863.900 3.4945e-16
7865.425 3.5164e-16
7866.950 3.6176e-16
7868.475 3.651e-16
7870.000 3.7678e-16
7871.525 3.6996e-16
7873.050 3.4222e-16
7874.575 3.3299e-16
7876.100 3.5712e-16
7877.625 3.5865e-16
7879.150 3.4543e-16
7880.675 3.5076e-16
7882.200 3.5421e-16
7883.725 3.4992e-16
7885.250 3.4418e-16
7886.775 3.5218e-16
7888.300 3.6573e-16
7889.825 3.5833e-16
7891.350 3.3087e-16
7892.875 3.318e-16
7894.400 3.4215e-16
7895.925 3.5625e-16
7897.450 3.699e-16
7898.975 3.5639e-16
7900.500 3.4322e-16
7902.025 3.3411e-16
7903.550 3.4066e-16
7905.075 3.6169e-16
7906.600 3.744e-16
7908.125 3.8494e-16
7909.650 3.7681e-16
7911.175 3.5484e-16
7912.700 3.5099e-16
7914.225 3.6214e-16
7915.750 3.712e-16
7917.275 3.7422e-16
7918.800 3.8162e-16
7920.325 3.5595e-16
7921.850 2.9698e-16
7923.375 2.808e-16
7924.900 3.0527e-16
7926.425 3.5598e-16
7927.950 3.6308e-16
7929.475 3.3697e-16
7931.000 3.4986e-16
7932.525 3.6161e-16
7934.050 3.6827e-16
7935.575 3.6846e-16
7937.100 3.5855e-16
7938.625 3.4446e-16
7940.150 3.6214e-16
7941.675 3.7852e-16
7943.200 3.5287e-16
7944.725 3.3954e-16
7946.250 3.384e-16
7947.775 3.3808e-16
7949.300 3.4775e-16
7950.825 3.454e-16
7952.350 3.3389e-16
7953.875 3.4621e-16
7955.400 3.454e-16
7956.925 3.3937e-16
7958.450 3.3695e-16
7959.975 3.4906e-16
7961.500 3.7217e-16
7963.025 3.5956e-16
7964.550 3.2467e-16
7966.075 3.4258e-16
7967.600 3.6415e-16
7969.125 3.6653e-16
7970.650 3.5796e-16
7972.175 3.479e-16
7973.700 3.3485e-16
7975.225 3.5329e-16
7976.750 3.6467e-16
7978.275 3.6079e-16
7979.800 3.3421e-16
7981.325 3.1718e-16
7982.850 3.2905e-16
7984.375 3.4305e-16
7985.900 3.2722e-16
7987.425 3.2293e-16
7988.950 3.2959e-16
7990.475 3.1761e-16
7992.000 3.3257e-16
7993.525 3.2575e-16
7995.050 3.1631e-16
7996.575 3.2058e-16
7998.100 3.3996e-16
7999.625 3.3358e-16
8001.150 3.2949e-16
8002.675 3.3961e-16
8004.200 3.2518e-16
8005.725 2.9971e-16
8007.250 3.145e-16
8008.775 3.4899e-16
8010.300 3.6185e-16
8011.825 3.4325e-16
8013.350 3.3346e-16
8014.875 3.5438e-16
8016.400 3.5333e-16
8017.925 3.2696e-16
8019.450 3.2324e-16
8020.975 3.2565e-16
8022.500 3.2305e-16
8024.025 3.2432e-16
8025.550 3.139e-16
8027.075 3.3994e-16
8028.600 3.5769e-16
8030.125 3.2738e-16
8031.650 3.2593e-16
8033.175 3.4548e-16
8034.700 3.4489e-16
8036.225 3.3379e-16
8037.750 3.3214e-16
8039.275 3.4123e-16
8040.800 3.5307e-16
8042.325 3.4417e-16
8043.850 3.3274e-16
8045.375 3.3947e-16
8046.900 3.2838e-16
8048.425 3.2956e-16
8049.950 3.4738e-16
8051.475 3.3538e-16
8053.000 3.2758e-16
8054.525 3.3805e-16
8056.050 3.5011e-16
8057.575 3.6455e-16
8059.100 3.5518e-16
8060.625 3.4356e-16
8062.150 3.3448e-16
8063.675 3.3119e-16
8065.200 3.3082e-16
8066.725 3.3168e-16
8068.250 3.3881e-16
8069.775 3.4652e-16
8071.300 3.3938e-16
8072.825 3.2803e-16
8074.350 3.2212e-16
8075.875 3.4217e-16
8077.400 3.4098e-16
8078.925 3.3031e-16
8080.450 3.3148e-16
8081.975 3.2808e-16
8083.500 3.3172e-16
8085.025 3.4941e-16
8086.550 3.4337e-16
8088.075 3.3783e-16
8089.600 3.3643e-16
8091.125 3.2513e-16
8092.650 3.3153e-16
8094.175 3.5863e-16
8095.700 3.5623e-16
8097.225 3.5113e-16
8098.750 3.4005e-16
8100.275 3.2213e-16
8101.800 3.2136e-16
8103.325 3.3176e-16
8104.850 3.3162e-16
8106.375 3.2522e-16
8107.900 3.2706e-16
8109.425 3.235e-16
8110.950 3.2232e-16
8112.475 3.3195e-16
8114.000 3.3934e-16
8115.525 3.3092e-16
8117.050 3.2742e-16
8118.575 3.2648e-16
8120.100 3.1563e-16
8121.625 2.9629e-16
8123.150 3.1611e-16
8124.675 3.2523e-16
8126.200 3.1484e-16
8127.725 3.1311e-16
8129.250 3.1085e-16
8130.775 3.1602e-16
8132.300 3.2486e-16
8133.825 3.2425e-16
8135.350 3.1225e-16
8136.875 3.1684e-16
8138.400 3.2311e-16
8139.925 3.1019e-16
8141.450 2.9099e-16
8142.975 2.9613e-16
8144.500 3.1113e-16
8146.025 2.9682e-16
8147.550 2.7749e-16
8149.075 2.9371e-16
8150.600 3.1515e-16
8152.125 3.0142e-16
8153.650 2.8652e-16
8155.175 2.9794e-16
8156.700 2.9791e-16
8158.225 3.052e-16
8159.750 3.2039e-16
8161.275 2.7313e-16
8162.800 2.4631e-16
8164.325 2.8671e-16
8165.850 3.1277e-16
8167.375 3.1877e-16
8168.900 2.9975e-16
8170.425 2.7835e-16
8171.950 2.8414e-16
8173.475 3.0073e-16
8175.000 2.911e-16
8176.525 2.82e-16
8178.050 2.9787e-16
8179.575 3.0648e-16
8181.100 3.1187e-16
8182.625 3.0562e-16
8184.150 2.8757e-16
8185.675 3.0417e-16
8187.200 3.0486e-16
8188.725 3.0215e-16
8190.250 3.1844e-16
8191.775 3.3055e-16
8193.300 3.1986e-16
8194.825 2.9697e-16
8196.350 2.9761e-16
8197.875 3.0401e-16
8199.400 3.0076e-16
8200.925 3.0794e-16
8202.450 3.0751e-16
8203.975 2.9891e-16
8205.500 3.0911e-16
8207.025 3.2937e-16
8208.550 3.2601e-16
8210.075 3.0909e-16
8211.600 3.1057e-16
8213.125 3.1521e-16
8214.650 2.997e-16
8216.175 3.0855e-16
8217.700 3.1061e-16
8219.225 3.1338e-16
8220.750 3.2178e-16
8222.275 3.0946e-16
8223.800 2.9486e-16
8225.325 2.9912e-16
8226.850 3.0222e-16
8228.375 2.8581e-16
8229.900 3.1412e-16
8231.425 3.1338e-16
8232.950 2.9251e-16
8234.475 3.1079e-16
8236.000 3.2175e-16
8237.525 3.2739e-16
8239.050 3.2555e-16
8240.575 3.056e-16
8242.100 2.9978e-16
8243.625 2.9866e-16
8245.150 3.0631e-16
8246.675 3.1878e-16
8248.200 3.0709e-16
8249.725 3.0609e-16
8251.250 2.9621e-16
8252.775 2.9545e-16
8254.300 3.1569e-16
8255.825 3.2441e-16
8257.350 3.0587e-16
8258.875 2.8417e-16
8260.400 2.9594e-16
8261.925 3.1598e-16
8263.450 3.2446e-16
8264.975 3.3883e-16
8266.500 3.2338e-16
8268.025 2.9363e-16
8269.550 2.8953e-16
8271.075 3.0071e-16
8272.600 3.1449e-16
8274.125 2.9645e-16
8275.650 2.733e-16
8277.175 2.8992e-16
8278.700 2.9491e-16
8280.225 2.782e-16
8281.750 2.8444e-16
8283.275 2.8665e-16
8284.800 2.814e-16
8286.325 2.9559e-16
8287.850 3.0652e-16
8289.375 2.9923e-16
8290.900 2.9281e-16
8292.425 2.9747e-16
8293.950 2.9458e-16
8295.475 2.7276e-16
8297.000 2.5926e-16
8298.525 2.9992e-16
8300.050 3.0234e-16
8301.575 2.7762e-16
8303.100 2.9564e-16
8304.625 3.0551e-16
8306.150 3.0919e-16
8307.675 3.2071e-16
8309.200 3.0848e-16
8310.725 2.9885e-16
8312.250 3.0845e-16
8313.775 3.1186e-16
8315.300 3.0078e-16
8316.825 2.8712e-16
8318.350 2.9112e-16
8319.875 2.828e-16
8321.400 2.847e-16
8322.925 2.9842e-16
8324.450 3.0513e-16
8325.975 3.0579e-16
8327.500 2.9733e-16
8329.025 2.7805e-16
8330.550 2.8676e-16
8332.075 2.8174e-16
8333.600 2.7473e-16
8335.125 2.9071e-16
8336.650 2.8896e-16
8338.175 2.9846e-16
8339.700 3.3199e-16
8341.225 3.3209e-16
8342.750 3.2493e-16
8344.275 3.0687e-16
8345.800 2.6395e-16
8347.325 2.711e-16
8348.850 3.144e-16
8350.375 3.1786e-16
8351.900 3.1024e-16
8353.425 3.1198e-16
8354.950 3.1618e-16
8356.475 3.1845e-16
8358.000 3.1797e-16
8359.525 3.1162e-16
8361.050 3.088e-16
8362.575 3.1193e-16
8364.100 3.1026e-16
8365.625 3.2364e-16
8367.150 3.0996e-16
8368.675 2.9578e-16
8370.200 2.793e-16
8371.725 2.6749e-16
8373.250 2.7763e-16
8374.775 2.9061e-16
8376.300 2.9589e-16
8377.825 3.144e-16
8379.350 3.1355e-16
8380.875 2.9842e-16
8382.400 2.8743e-16
8383.925 2.7972e-16
8385.450 2.7373e-16
8386.975 2.7203e-16
8388.500 2.6846e-16
8390.025 2.6221e-16
8391.550 2.6328e-16
8393.075 2.6928e-16
8394.600 2.7793e-16
8396.125 2.9583e-16
8397.650 2.846e-16
8399.175 2.6824e-16
8400.700 2.696e-16
8402.225 2.4911e-16
8403.750 2.2886e-16
8405.275 2.3528e-16
8406.800 2.489e-16
8408.325 2.4464e-16
8409.850 2.4008e-16
8411.375 2.3857e-16
8412.900 2.5454e-16
8414.425 2.5525e-16
8415.950 2.2967e-16
8417.475 2.1812e-16
8419.000 2.165e-16
8420.525 2.1816e-16
8422.050 2.1838e-16
8423.575 2.1458e-16
8425.100 1.9893e-16
8426.625 2.0507e-16
8428.150 2.1877e-16
8429.675 2.0738e-16
8431.200 1.8835e-16
8432.725 1.7039e-16
8434.250 1.6761e-16
8435.775 1.9475e-16
8437.300 1.9873e-16
8438.825 1.9383e-16
8440.350 1.8706e-16
8441.875 1.8024e-16
8443.400 1.847e-16
8444.925 1.9357e-16
8446.450 1.7939e-16
8447.975 1.6503e-16
8449.500 1.7188e-16
8451.025 1.7555e-16
8452.550 1.729e-16
8454.075 1.7316e-16
8455.600 1.5388e-16
8457.125 1.5522e-16
8458.650 1.6944e-16
8460.175 1.8532e-16
8461.700 1.9938e-16
8463.225 2.0307e-16
8464.750 1.6835e-16
8466.275 1.6351e-16
8467.800 1.6637e-16
8469.325 1.3926e-16
8470.850 1.4221e-16
8472.375 1.4507e-16
8473.900 1.57e-16
8475.425 1.6791e-16
8476.950 1.5504e-16
8478.475 1.4448e-16
8480.000 1.402e-16
8481.525 1.4243e-16
8483.050 1.4924e-16
8484.575 1.5703e-16
8486.100 1.555e-16
8487.625 1.6589e-16
8489.150 1.6924e-16
8490.675 1.6813e-16
8492.200 1.8585e-16
8493.725 1.8769e-16
8495.250 1.7598e-16
8496.775 1.801e-16
8498.300 1.7831e-16
8499.825 1.7944e-16
8501.350 1.8931e-16
8502.875 1.7269e-16
8504.400 1.7942e-16
8505.925 2.0314e-16
8507.450 1.8853e-16
8508.975 1.6718e-16
8510.500 1.7568e-16
8512.025 1.9895e-16
8513.550 2.0335e-16
8515.075 2.0559e-16
8516.600 2.0913e-16
8518.125 2.0758e-16
8519.650 2.2049e-16
8521.175 2.252e-16
8522.700 2.1965e-16
8524.225 2.1825e-16
8525.750 2.055e-16
8527.275 2.0075e-16
8528.800 2.2009e-16
8530.325 2.3245e-16
8531.850 2.3946e-16
8533.375 2.4936e-16
8534.900 2.5143e-16
8536.425 2.4811e-16
8537.950 2.5435e-16
8539.475 2.4964e-16
8541.000 2.4856e-16
8542.525 2.5093e-16
8544.050 2.3345e-16
8545.575 2.4016e-16
8547.100 2.6082e-16
8548.625 2.6956e-16
8550.150 2.7782e-16
8551.675 2.7652e-16
8553.200 2.6503e-16
8554.725 2.6631e-16
8556.250 2.5512e-16
8557.775 2.5352e-16
8559.300 2.6497e-16
8560.825 2.5771e-16
8562.350 2.5179e-16
8563.875 2.5075e-16
8565.400 2.5324e-16
8566.925 2.6719e-16
8568.450 2.7271e-16
8569.975 2.5384e-16
8571.500 2.4777e-16
8573.025 2.6251e-16
8574.550 2.6507e-16
8576.075 2.7581e-16
8577.600 2.7082e-16
8579.125 2.6528e-16
8580.650 2.7118e-16
8582.175 2.7767e-16
8583.700 2.6438e-16
8585.225 2.7715e-16
8586.750 2.7648e-16
8588.275 2.5924e-16
8589.800 2.5242e-16
8591.325 2.5889e-16
8592.850 2.6377e-16
8594.375 2.5743e-16
8595.900 2.4689e-16
8597.425 2.4482e-16
8598.950 2.5334e-16
8600.475 2.5696e-16
8602.000 2.6253e-16
8603.525 2.7101e-16
8605.050 2.6554e-16
8606.575 2.5535e-16
8608.100 2.4307e-16
8609.625 2.3848e-16
8611.150 2.4218e-16
8612.675 2.3884e-16
8614.200 2.4289e-16
8615.725 2.5568e-16
8617.250 2.3735e-16
8618.775 2.4536e-16
8620.300 2.7041e-16
8621.825 2.7233e-16
8623.350 2.7422e-16
8624.875 2.6488e-16
8626.400 2.4971e-16
8627.925 2.5969e-16
8629.450 2.7962e-16
8630.975 2.7441e-16
8632.500 2.6062e-16
8634.025 2.5794e-16
8635.550 2.6108e-16
8637.075 2.7379e-16
8638.600 2.926e-16
8640.125 2.9537e-16
8641.650 2.903e-16
8643.175 3.0535e-16
8644.700 3.0463e-16
8646.225 3.0225e-16
8647.750 3.2668e-16
8649.275 3.1764e-16
8650.800 3.1753e-16
8652.325 3.1629e-16
8653.850 3.1518e-16
8655.375 3.3979e-16
8656.900 3.3615e-16
8658.425 3.3605e-16
8659.950 3.4793e-16
8661.475 3.3683e-16
8663.000 3.2922e-16
8664.525 3.4151e-16
8666.050 3.4216e-16
8667.575 3.3373e-16
8669.100 3.3321e-16
8670.625 3.3975e-16
8672.150 3.5012e-16
8673.675 3.6558e-16
8675.200 3.6036e-16
8676.725 3.5653e-16
8678.250 3.702e-16
8679.775 3.5249e-16
8681.300 3.494e-16
8682.825 3.7452e-16
8684.350 3.8395e-16
8685.875 3.7738e-16
8687.400 3.7875e-16
8688.925 3.6928e-16
8690.450 3.6765e-16
8691.975 3.9965e-16
8693.500 4.0852e-16
8695.025 3.8951e-16
8696.550 3.8941e-16
8698.075 3.8757e-16
8699.600 4.0065e-16
8701.125 3.9439e-16
8702.650 3.7622e-16
8704.175 3.8635e-16
8705.700 3.87e-16
8707.225 3.8678e-16
8708.750 3.9224e-16
8710.275 4.0403e-16
8711.800 4.1099e-16
8713.325 4.1654e-16
8714.850 4.1265e-16
8716.375 4.1022e-16
8717.900 4.0306e-16
8719.425 3.903e-16
8720.950 3.8983e-16
8722.475 4.0386e-16
8724.000 3.9898e-16
8725.525 4.0569e-16
8727.050 3.9855e-16
8728.575 3.9154e-16
8730.100 4.0755e-16
8731.625 4.0738e-16
8733.150 3.9383e-16
8734.675 4.0292e-16
8736.200 4.1315e-16
8737.725 4.0269e-16
8739.250 3.9533e-16
8740.775 3.9689e-16
8742.300 3.937e-16
8743.825 3.9238e-16
8745.350 4.0174e-16
8746.875 4.152e-16
8748.400 4.1477e-16
8749.925 3.9552e-16
8751.450 4.0338e-16
8752.975 4.2798e-16
8754.500 4.1698e-16
8756.025 4.1109e-16
8757.550 4.1423e-16
8759.075 3.8706e-16
8760.600 3.9821e-16
8762.125 4.279e-16
8763.650 4.2568e-16
8765.175 4.4191e-16
8766.700 4.4569e-16
8768.225 4.2817e-16
8769.750 4.3456e-16
8771.275 4.4021e-16
8772.800 3.9956e-16
8774.325 3.9641e-16
8775.850 4.0579e-16
8777.375 4.3198e-16
8778.900 4.492e-16
8780.425 4.1108e-16
8781.950 3.911e-16
8783.475 4.01e-16
8785.000 4.172e-16
8786.525 4.3022e-16
8788.050 4.155e-16
8789.575 4.0777e-16
8791.100 4.1796e-16
8792.625 4.2723e-16
8794.150 4.2393e-16
8795.675 4.1584e-16
8797.200 4.1222e-16
8798.725 4.0624e-16
8800.250 4.0065e-16
8801.775 4.0847e-16
8803.300 4.1851e-16
8804.825 4.3446e-16
8806.350 4.2495e-16
8807.875 4.1471e-16
8809.400 4.1882e-16
8810.925 4.1181e-16
8812.450 3.9166e-16
8813.975 3.9544e-16
8815.500 3.9472e-16
8817.025 3.9604e-16
8818.550 3.9665e-16
8820.075 4.0285e-16
8821.600 4.0523e-16
8823.125 4.0109e-16
8824.650 3.8288e-16
8826.175 3.7445e-16
8827.700 3.9483e-16
8829.225 3.8099e-16
8830.750 3.5358e-16
8832.275 3.6082e-16
8833.800 3.8438e-16
8835.325 3.8716e-16
8836.850 3.7447e-16
8838.375 3.6627e-16
8839.900 3.8818e-16
8841.425 3.8858e-16
8842.950 3.7316e-16
8844.475 3.9338e-16
8846.000 3.9261e-16
8847.525 3.7702e-16
8849.050 3.7546e-16
8850.575 3.7495e-16
8852.100 3.8246e-16
8853.625 3.9138e-16
8855.150 3.8567e-16
8856.675 3.7457e-16
8858.200 3.6651e-16
8859.725 3.6387e-16
8861.250 3.6558e-16
8862.775 3.5767e-16
8864.300 3.6676e-16
8865.825 3.8755e-16
8867.350 3.7534e-16
8868.875 3.4918e-16
8870.400 3.3619e-16
8871.925 3.3558e-16
8873.450 3.5547e-16
8874.975 3.5951e-16
8876.500 3.5226e-16
8878.025 3.4262e-16
8879.550 3.5099e-16
8881.075 3.5957e-16
8882.600 3.6784e-16
8884.125 3.5997e-16
8885.650 3.5164e-16
8887.175 3.654e-16
8888.700 3.6855e-16
8890.225 3.6722e-16
8891.750 3.6016e-16
8893.275 3.3573e-16
8894.800 3.33e-16
8896.325 3.3754e-16
8897.850 3.487e-16
8899.375 3.3896e-16
8900.900 3.1865e-16
8902.425 3.2747e-16
8903.950 3.3243e-16
8905.475 3.4377e-16
8907.000 3.4494e-16
8908.525 3.4305e-16
8910.050 3.4154e-16
8911.575 3.2015e-16
8913.100 3.2503e-16
8914.625 3.7393e-16
8916.150 3.7349e-16
8917.675 3.4761e-16
8919.200 3.6609e-16
8920.725 3.5574e-16
8922.250 3.2514e-16
8923.775 3.1111e-16
8925.300 3.0741e-16
8926.825 3.0448e-16
8928.350 3.0709e-16
8929.875 2.9881e-16
8931.400 3.0441e-16
8932.925 3.0788e-16
8934.450 3.3135e-16
8935.975 3.5073e-16
8937.500 3.4134e-16
8939.025 3.2891e-16
8940.550 3.2791e-16
8942.075 3.2447e-16
8943.600 3.0072e-16
8945.125 2.9389e-16
8946.650 2.9951e-16
8948.175 2.9996e-16
8949.700 3.2004e-16
8951.225 3.2259e-16
8952.750 3.2452e-16
8954.275 3.3001e-16
8955.800 3.286e-16
8957.325 3.1187e-16
8958.850 2.9491e-16
8960.375 2.8546e-16
8961.900 2.7246e-16
8963.425 2.791e-16
8964.950 2.9402e-16
8966.475 3.0012e-16
8968.000 3.1018e-16
8969.525 3.0326e-16
8971.050 2.955e-16
8972.575 3.0735e-16
8974.100 3.0322e-16
8975.625 3.0397e-16
8977.150 3.0881e-16
8978.675 3.0326e-16
8980.200 2.9146e-16
8981.725 2.8771e-16
8983.250 2.9087e-16
8984.775 2.7443e-16
8986.300 2.4011e-16
8987.825 2.6056e-16
8989.350 2.8411e-16
8990.875 2.9207e-16
8992.400 3.0058e-16
8993.925 2.9601e-16
8995.450 2.8472e-16
8996.975 2.7077e-16
8998.500 2.8042e-16
9000.025 2.8273e-16
9001.550 2.7393e-16
9003.075 2.9298e-16
9004.600 2.8924e-16
9006.125 2.7989e-16
9007.650 2.7934e-16
9009.175 2.8616e-16
9010.700 2.8296e-16
9012.225 2.8785e-16
9013.750 2.9241e-16
9015.275 2.9969e-16
9016.800 2.9424e-16
9018.325 2.8544e-16
9019.850 2.7782e-16
9021.375 2.8155e-16
9022.900 2.6982e-16
9024.425 2.7605e-16
9025.950 2.9839e-16
9027.475 2.9853e-16
9029.000 2.8098e-16
9030.525 2.7445e-16
9032.050 2.8982e-16
9033.575 3.0299e-16
9035.100 2.9211e-16
9036.625 2.9502e-16
9038.150 3.0232e-16
9039.675 2.8879e-16
9041.200 2.7631e-16
9042.725 3.0657e-16
9044.250 3.1483e-16
9045.775 2.9613e-16
9047.300 2.6711e-16
9048.825 2.4975e-16
9050.350 2.6331e-16
9051.875 2.821e-16
9053.400 2.8813e-16
9054.925 2.9635e-16
9056.450 2.9013e-16
9057.975 2.8317e-16
9059.500 2.8339e-16
9061.025 2.8224e-16
9062.550 2.9664e-16
9064.075 3.0452e-16
9065.600 2.8722e-16
9067.125 2.7919e-16
9068.650 2.7913e-16
9070.175 2.71e-16
9071.700 2.6734e-16
9073.225 2.7447e-16
9074.750 2.9698e-16
9076.275 3.0364e-16
9077.800 2.8065e-16
9079.325 2.5737e-16
9080.850 2.69e-16
9082.375 2.892e-16
9083.900 2.7781e-16
9085.425 2.816e-16
9086.950 3.0016e-16
9088.475 2.9383e-16
9090.000 2.6885e-16
9091.525 2.3826e-16
9093.050 2.3154e-16
9094.575 2.5797e-16
9096.100 2.648e-16
9097.625 2.4717e-16
9099.150 2.5021e-16
9100.675 2.698e-16
9102.200 2.901e-16
9103.725 2.6051e-16
9105.250 2.331e-16
9106.775 2.5895e-16
9108.300 2.8472e-16
9109.825 2.733e-16
9111.350 2.6903e-16
9112.875 2.7538e-16
9114.400 2.8198e-16
9115.925 2.7359e-16
9117.450 2.5613e-16
9118.975 2.4378e-16
9120.500 2.8172e-16
9122.025 2.8371e-16
9123.550 2.6552e-16
9125.075 2.6272e-16
9126.600 2.6914e-16
9128.125 2.5275e-16
9129.650 2.3474e-16
9131.175 2.2836e-16
9132.700 2.4683e-16
9134.225 2.6176e-16
9135.750 2.6573e-16
9137.275 2.6768e-16
9138.800 2.6222e-16
9140.325 2.6996e-16
9141.850 2.6752e-16
9143.375 2.7134e-16
9144.900 2.8012e-16
9146.425 2.7822e-16
9147.950 2.6832e-16
9149.475 2.4732e-16
9151.000 2.2694e-16
9152.525 2.5845e-16
9154.050 2.7349e-16
9155.575 2.6611e-16
9157.100 2.7321e-16
9158.625 2.5996e-16
9160.150 2.5816e-16
9161.675 2.7792e-16
9163.200 2.7715e-16
9164.725 2.9355e-16
9166.250 2.713e-16
9167.775 2.4382e-16
9169.300 2.5107e-16
9170.825 2.442e-16
9172.350 2.2469e-16
9173.875 2.1722e-16
9175.400 2.2729e-16
9176.925 2.5516e-16
9178.450 2.6137e-16
9179.975 2.4749e-16
9181.500 2.5788e-16
9183.025 2.5948e-16
9184.550 2.4944e-16
9186.075 2.6686e-16
9187.600 2.6838e-16
9189.125 2.4581e-16
9190.650 2.5737e-16
9192.175 2.7951e-16
9193.700 2.608e-16
9195.225 2.6062e-16
9196.750 2.8101e-16
9198.275 2.6386e-16
9199.800 2.4755e-16
9201.325 2.5327e-16
9202.850 2.4848e-16
9204.375 2.6466e-16
9205.900 2.7419e-16
9207.425 2.5475e-16
9208.950 2.6538e-16
9210.475 2.7194e-16
9212.000 2.4776e-16
9213.525 2.4628e-16
9215.050 2.5146e-16
9216.575 2.4651e-16
9218.100 2.6005e-16
9219.625 2.839e-16
9221.150 2.7819e-16
9222.675 2.7778e-16
9224.200 2.8311e-16
9225.725 2.8896e-16
9227.250 2.7506e-16
9228.775 2.5893e-16
9230.300 2.7568e-16
9231.825 2.7367e-16
9233.350 2.5535e-16
9234.875 2.4669e-16
9236.400 2.4801e-16
9237.925 2.4821e-16
9239.450 2.6077e-16
9240.975 2.5922e-16
9242.500 2.5574e-16
9244.025 2.5709e-16
9245.550 2.6204e-16
9247.075 2.7316e-16
9248.600 2.7549e-16
9250.125 2.5519e-16
9251.650 2.5299e-16
9253.175 2.5807e-16
9254.700 2.6629e-16
9256.225 2.8896e-16
9257.750 2.9094e-16
9259.275 2.6508e-16
9260.800 2.6855e-16
9262.325 2.8454e-16
9263.850 2.7881e-16
9265.375 2.7595e-16
9266.900 2.7168e-16
9268.425 2.5355e-16
9269.950 2.6726e-16
9271.475 2.8699e-16
9273.000 2.8071e-16
9274.525 2.8643e-16
9276.050 2.8499e-16
9277.575 2.6691e-16
9279.100 2.6185e-16
9280.625 2.5586e-16
9282.150 2.4377e-16
9283.675 2.5374e-16
9285.200 2.4721e-16
9286.725 2.5458e-16
9288.250 2.7782e-16
9289.775 2.7017e-16
9291.300 2.5205e-16
9292.825 2.4872e-16
9294.350 2.5035e-16
9295.875 2.4233e-16
9297.400 2.4524e-16
9298.925 2.5201e-16
9300.450 2.6465e-16
9301.975 2.8384e-16
9303.500 2.8289e-16
9305.025 3.1527e-16
9306.550 2.7759e-16
9308.075 1.5687e-16
9309.600 2.3498e-16
9311.125 3.0382e-16
9312.650 2.574e-16
9314.175 1.9241e-16
9315.700 1.5155e-16
9317.225 1.8134e-16
9318.750 1.8331e-16
9320.275 1.5947e-16
9321.800 2.1188e-16
9323.325 2.3306e-16
9324.850 2.0934e-16
9326.375 2.2404e-16
9327.900 2.2569e-16
9329.425 2.1675e-16
9330.950 2.0182e-16
9332.475 1.9825e-16
9334.000 1.5929e-16
9335.525 1.2086e-16
9337.050 1.5875e-16
9338.575 1.7145e-16
9340.100 1.779e-16
9341.625 1.979e-16
9343.150 1.6247e-16
9344.675 2.3682e-16
9346.200 2.4034e-16
9347.725 2.234e-16
9349.250 2.2197e-16
9350.775 2.2958e-16
9352.300 1.9769e-16
9353.825 1.8367e-16
9355.350 1.7945e-16
9356.875 1.6535e-16
9358.400 1.9778e-16
9359.925 1.984e-16
9361.450 1.8152e-16
9362.975 1.9942e-16
9364.500 2.0292e-16
9366.025 1.8829e-16
9367.550 2.0922e-16
9369.075 1.2406e-16
9370.600 1.1301e-16
9372.125 2.2068e-16
9373.650 2.1713e-16
9375.175 1.7191e-16
9376.700 1.3164e-16
9378.225 9.0845e-17
9379.750 1.1824e-16
9381.275 1.6503e-16
9382.800 1.8833e-16
9384.325 2.0366e-16
9385.850 1.8799e-16
9387.375 1.9928e-16
9388.900 2.2752e-16
9390.425 2.1453e-16
9391.950 2.0542e-16
9393.475 2.1702e-16
9395.000 2.2035e-16
9396.525 2.2933e-16
9398.050 2.2867e-16
9399.575 1.8652e-16
9401.100 1.7774e-16
9402.625 2.0222e-16
9404.150 1.9454e-16
9405.675 1.9639e-16
9407.200 2.0047e-16
9408.725 1.7871e-16
9410.250 1.8453e-16
9411.775 1.9945e-16
9413.300 2.1135e-16
9414.825 2.2872e-16
9416.350 2.079e-16
9417.875 1.843e-16
9419.400 1.8128e-16
9420.925 1.652e-16
9422.450 1.6848e-16
9423.975 1.9348e-16
9425.500 1.8066e-16
9427.025 1.7333e-16
9428.550 2.3135e-16
9430.075 2.096e-16
9431.600 1.7043e-16
9433.125 1.773e-16
9434.650 1.9775e-16
9436.175 2.2328e-16
9437.700 2.4661e-16
9439.225 2.4835e-16
9440.750 2.1287e-16
9442.275 2.0194e-16
9443.800 1.5432e-16
9445.325 1.5642e-16
9446.850 1.7008e-16
9448.375 1.6115e-16
9449.900 2.0373e-16
9451.425 2.3464e-16
9452.950 2.1189e-16
9454.475 1.8451e-16
9456.000 2.0525e-16
9457.525 2.3229e-16
9459.050 1.58e-16
9460.575 1.495e-16
9462.100 1.8971e-16
9463.625 1.9319e-16
9465.150 1.7407e-16
9466.675 1.7093e-16
9468.200 1.8158e-16
9469.725 1.7161e-16
9471.250 1.7183e-16
9472.775 2.1179e-16
9474.300 2.3364e-16
9475.825 2.1096e-16
9477.350 1.7869e-16
9478.875 1.3723e-16
9480.400 1.4347e-16
9481.925 1.8099e-16
9483.450 1.9627e-16
9484.975 1.8865e-16
9486.500 1.835e-16
9488.025 1.9515e-16
9489.550 2.1135e-16
9491.075 2.1174e-16
9492.600 1.9782e-16
9494.125 1.8241e-16
9495.650 1.6464e-16
9497.175 1.4485e-16
9498.700 1.4537e-16
9500.225 1.5092e-16
9501.750 2.2651e-16
9503.275 2.3685e-16
9504.800 1.966e-16
9506.325 1.9503e-16
9507.850 2.049e-16
9509.375 1.9895e-16
9510.900 2.0908e-16
9512.425 2.1242e-16
9513.950 2.0596e-16
9515.475 2.0138e-16
9517.000 1.9681e-16
9518.525 1.863e-16
9520.050 1.7661e-16
9521.575 1.8749e-16
9523.100 1.7596e-16
9524.625 1.8324e-16
9526.150 1.9832e-16
9527.675 1.875e-16
9529.200 2.0648e-16
9530.725 2.3455e-16
9532.250 2.1932e-16
9533.775 2.0895e-16
9535.300 2.0398e-16
9536.825 2.0528e-16
9538.350 2.219e-16
9539.875 2.3758e-16
9541.400 2.3128e-16
9542.925 2.226e-16
9544.450 1.959e-16
9545.975 1.9208e-16
9547.500 2.2771e-16
9549.025 2.5426e-16
9550.550 2.3277e-16
9552.075 2.1224e-16
9553.600 2.4034e-16
9555.125 2.57e-16
9556.650 2.5981e-16
9558.175 2.6075e-16
9559.700 2.631e-16
9561.225 2.4485e-16
9562.750 2.3794e-16
9564.275 2.3211e-16
9565.800 1.9957e-16
9567.325 2.4058e-16
9568.850 2.4519e-16
9570.375 2.4583e-16
9571.900 2.5888e-16
9573.425 2.6977e-16
9574.950 2.6794e-16
9576.475 2.586e-16
9578.000 2.4679e-16
9579.525 2.5653e-16
9581.050 2.3972e-16
9582.575 2.4036e-16
9584.100 2.3373e-16
9585.625 2.1288e-16
9587.150 2.3672e-16
9588.675 2.4162e-16
9590.200 2.5465e-16
9591.725 2.5465e-16
9593.250 2.324e-16
9594.775 2.6621e-16
9596.300 2.7613e-16
9597.825 2.6138e-16
9599.350 2.6414e-16
9600.875 2.7187e-16
9602.400 2.5168e-16
9603.925 2.6969e-16
9605.450 2.9281e-16
9606.975 2.7541e-16
9608.500 2.538e-16
9610.025 2.366e-16
9611.550 2.4516e-16
9613.075 2.4646e-16
9614.600 2.5296e-16
9616.125 2.8905e-16
9617.650 2.8463e-16
9619.175 2.2752e-16
9620.700 2.1616e-16
9622.225 2.5139e-16
9623.750 2.8104e-16
9625.275 2.8153e-16
9626.800 2.6192e-16
9628.325 2.6845e-16
9629.850 2.8479e-16
9631.375 2.8216e-16
9632.900 2.682e-16
9634.425 2.6166e-16
9635.950 2.5632e-16
9637.475 2.6466e-16
9639.000 2.9829e-16
9640.525 2.9557e-16
9642.050 2.803e-16
9643.575 2.93e-16
9645.100 2.9381e-16
9646.625 2.7233e-16
9648.150 2.6373e-16
9649.675 2.5731e-16
9651.200 2.3398e-16
9652.725 2.2507e-16
9654.250 2.4718e-16
9655.775 2.5179e-16
9657.300 2.4414e-16
9658.825 2.2119e-16
9660.350 2.1102e-16
9661.875 2.3424e-16
9663.400 2.5604e-16
9664.925 2.7208e-16
9666.450 2.9541e-16
9667.975 2.8431e-16
9669.500 2.6349e-16
9671.025 2.9236e-16
9672.550 2.9654e-16
9674.075 2.8463e-16
9675.600 2.7537e-16
9677.125 2.8157e-16
9678.650 2.8332e-16
9680.175 2.8804e-16
9681.700 2.7731e-16
9683.225 2.7368e-16
9684.750 2.6626e-16
9686.275 2.6791e-16
9687.800 2.8582e-16
9689.325 2.6549e-16
9690.850 2.5257e-16
9692.375 2.7864e-16
9693.900 2.6855e-16
9695.425 2.7027e-16
9696.950 2.6673e-16
9698.475 2.4052e-16
9700.000 2.4721e-16
9701.525 2.4867e-16
9703.050 2.4227e-16
9704.575 2.4096e-16
9706.100 2.4618e-16
9707.625 2.6731e-16
9709.150 2.6795e-16
9710.675 2.5033e-16
9712.200 2.4946e-16
9713.725 2.4685e-16
9715.250 2.5886e-16
9716.775 2.6389e-16
9718.300 2.437e-16
9719.825 2.2004e-16
9721.350 2.0215e-16
9722.875 2.148e-16
9724.400 2.2685e-16
9725.925 2.2768e-16
9727.450 2.5563e-16
9728.975 2.7186e-16
9730.500 2.5562e-16
9732.025 2.3812e-16
9733.550 2.1782e-16
9735.075 2.0968e-16
9736.600 2.345e-16
9738.125 2.5444e-16
9739.650 2.5526e-16
9741.175 2.5409e-16
9742.700 2.4542e-16
9744.225 2.3022e-16
9745.750 2.1337e-16
9747.275 2.1661e-16
9748.800 2.5446e-16
9750.325 2.5941e-16
9751.850 2.2886e-16
9753.375 2.262e-16
9754.900 2.1925e-16
9756.425 2.0702e-16
9757.950 2.2093e-16
9759.475 2.1983e-16
9761.000 2.1083e-16
9762.525 2e-16
9764.050 2.0866e-16
9765.575 2.3795e-16
9767.100 2.7988e-16
9768.625 2.6578e-16
9770.150 2.3253e-16
9771.675 2.4022e-16
9773.200 2.313e-16
9774.725 2.2807e-16
9776.250 2.5916e-16
9777.775 2.4396e-16
9779.300 2.2717e-16
9780.825 2.5002e-16
9782.350 2.4583e-16
9783.875 2.5229e-16
9785.400 2.5334e-16
9786.925 2.4777e-16
9788.450 2.65e-16
9789.975 2.5563e-16
9791.500 2.2312e-16
9793.025 2.3276e-16
9794.550 2.756e-16
9796.075 2.7344e-16
9797.600 2.362e-16
9799.125 2.1143e-16
9800.650 1.9928e-16
9802.175 2.3488e-16
9803.700 2.6748e-16
9805.225 2.5681e-16
9806.750 2.5258e-16
9808.275 2.5529e-16
9809.800 2.6152e-16
9811.325 2.5346e-16
9812.850 2.2575e-16
9814.375 2.254e-16
9815.900 2.5178e-16
9817.425 2.4591e-16
9818.950 2.4444e-16
9820.475 2.4402e-16
9822.000 2.2185e-16
9823.525 2.1435e-16
9825.050 2.2244e-16
9826.575 2.2494e-16
9828.100 2.3946e-16
9829.625 2.6395e-16
9831.150 2.4986e-16
9832.675 2.2969e-16
9834.200 2.3669e-16
9835.725 2.5003e-16
9837.250 2.4422e-16
9838.775 2.3376e-16
9840.300 2.4523e-16
9841.825 2.7323e-16
9843.350 2.8389e-16
9844.875 2.714e-16
9846.400 2.6088e-16
9847.925 2.5995e-16
9849.450 2.5613e-16
9850.975 2.5534e-16
9852.500 2.4284e-16
9854.025 2.3159e-16
9855.550 2.4251e-16
9857.075 2.5766e-16
9858.600 2.685e-16
9860.125 2.5948e-16
9861.650 2.3136e-16
9863.175 2.3612e-16
9864.700 2.4946e-16
9866.225 2.2549e-16
9867.750 2.554e-16
9869.275 2.9846e-16
9870.800 2.8238e-16
9872.325 2.6281e-16
9873.850 2.4401e-16
9875.375 2.461e-16
9876.900 2.5223e-16
9878.425 2.5289e-16
9879.950 2.7059e-16
9881.475 2.784e-16
9883.000 2.6038e-16
9884.525 2.6042e-16
9886.050 2.5201e-16
9887.575 2.522e-16
9889.100 2.7575e-16
9890.625 2.8063e-16
9892.150 2.3639e-16
9893.675 2.3707e-16
9895.200 2.5449e-16
9896.725 2.3864e-16
9898.250 2.5385e-16
9899.775 2.7287e-16
9901.300 2.68e-16
9902.825 2.5262e-16
9904.350 2.4163e-16
9905.875 2.3979e-16
9907.400 2.3194e-16
9908.925 2.4833e-16
9910.450 2.7754e-16
9911.975 2.8882e-16
9913.500 2.9678e-16
9915.025 2.5042e-16
9916.550 2.3599e-16
9918.075 2.3455e-16
9919.600 2.4243e-16
9921.125 2.4251e-16
9922.650 2.3377e-16
9924.175 2.3203e-16
9925.700 2.4796e-16
9927.225 2.5746e-16
9928.750 2.6593e-16
9930.275 2.6916e-16
9931.800 2.7534e-16
9933.325 2.8571e-16
9934.850 2.8449e-16
9936.375 2.8618e-16
9937.900 2.8685e-16
9939.425 3.028e-16
9940.950 3.0981e-16
9942.475 2.4409e-16
9944.000 2.3278e-16
9945.525 2.4261e-16
9947.050 2.5273e-16
9948.575 2.6132e-16
9950.100 2.6075e-16
9951.625 3.1207e-16
9953.150 3.0126e-16
9954.675 2.5468e-16
9956.200 2.3358e-16
9957.725 2.362e-16
9959.250 2.5423e-16
9960.775 2.7133e-16
9962.300 2.6834e-16
9963.825 2.5107e-16
9965.350 2.1748e-16
9966.875 2.007e-16
9968.400 2.1767e-16
9969.925 2.3169e-16
9971.450 2.1947e-16
9972.975 1.9723e-16
9974.500 1.7976e-16
9976.025 1.771e-16
9977.550 2.1607e-16
9979.075 2.316e-16
9980.600 2.0787e-16
9982.125 2.1238e-16
9983.650 2.0914e-16
9985.175 1.8265e-16
9986.700 1.911e-16
9988.225 2.0014e-16
9989.750 1.8134e-16
9991.275 1.8457e-16
9992.800 1.9023e-16
9994.325 1.9374e-16
9995.850 1.8795e-16
9997.375 1.7541e-16
9998.900 1.7648e-16
10000.425 1.7978e-16
