3.35803924775160157878e+03 8.09596181173500488318e-16
3.36070479477074695751e+03 2.70949741829452001669e-16
3.36337235958894689247e+03 3.10773275491642542380e-16
3.36604193919503995858e+03 6.95236644000941333394e-16
3.36871353058044405770e+03 6.03464995274767980471e-16
3.37138713073916187568e+03 6.94109993696838223061e-16
3.37406273666777451581e+03 4.38327719428888845188e-16
3.37674034536544786533e+03 6.12107896728759668538e-16
3.37941995383392440999e+03 4.71350262397948229360e-16
3.38210155907753232896e+03 6.46994185382403206608e-16
3.38478515810318003787e+03 3.31279075940275360395e-16
3.38747074792035436985e+03 3.07266076807574015024e-16
3.39015832554112876096e+03 5.28242753769120093078e-16
3.39284788798015415523e+03 6.19799830528325948515e-16
3.39553943225466446165e+03 4.18712484920339593313e-16
3.39823295538447382569e+03 5.45646628250842658541e-16
3.40092845439198026725e+03 3.59183424259827565698e-16
3.40362592630216022371e+03 4.68701475717818295291e-16
3.40632536814257309743e+03 3.19040028048006828810e-16
3.40902677694335943670e+03 4.31770901115788972651e-16
3.41173014973724184529e+03 3.89823387679684689173e-16
3.41443548355952316342e+03 4.91240524800127372664e-16
3.41714277544808828679e+03 5.59129086989456067876e-16
3.41985202244340325706e+03 4.81447939053574324832e-16
3.42256322158851617132e+03 4.70569672054303579697e-16
3.42527636992905536317e+03 4.78333245809768215779e-16
3.42799146451323213114e+03 2.20499316748254441451e-16
3.43070850239183710073e+03 4.11846100753942557923e-16
3.43342748061824477190e+03 2.85986068612013295086e-16
3.43614839624840897159e+03 7.21451122519903565776e-16
3.43887124634086558217e+03 2.65939686834224021934e-16
3.44159602795673254150e+03 4.22066871673482715179e-16
3.44432273815970802389e+03 5.28461914176208592978e-16
3.44705137401607316860e+03 5.10759825735784936057e-16
3.44978193259468935139e+03 4.63890468752424903957e-16
3.45251441096699818445e+03 4.80872062963339213403e-16
3.45524880620702606393e+03 5.81077976759459326680e-16
3.45798511539137780346e+03 3.83012069591738801757e-16
3.46072333559924118163e+03 4.42731429924329884926e-16
3.46346346391238330398e+03 3.31939656910373547151e-16
3.46620549741515696951e+03 4.93788182484140557852e-16
3.46894943319449157570e+03 3.43847347247050360905e-16
3.47169526833989948500e+03 4.57158685364718359184e-16
3.47444299994347693428e+03 2.28785566597367036362e-16
3.47719262509989857790e+03 3.78887858630204046991e-16
3.47994414090642203519e+03 4.42127609023045648704e-16
3.48269754446288425243e+03 3.59968110965797332858e-16
3.48545283287170695985e+03 2.87154394977179574795e-16
3.48821000323789030517e+03 4.22493766162357997632e-16
3.49096905266901558207e+03 3.95907346082454219527e-16
3.49372997827525068715e+03 4.16695168251660422946e-16
3.49649277716933738702e+03 4.11978162905335691831e-16
3.49925744646660405124e+03 4.57639242253727304384e-16
3.50202398328496019531e+03 4.67471709355726224211e-16
3.50479238474489375221e+03 3.77596984155121946694e-16
3.50756264796947561990e+03 4.10062759347756193117e-16
3.51033477008435966127e+03 5.11514516872907919546e-16
3.51310874821777906618e+03 2.64197948716059810004e-16
3.51588457950054907997e+03 4.18740453130828739007e-16
3.51866226106606609392e+03 3.50803897339818084705e-16
3.52144179005030946428e+03 3.75618138807671025035e-16
3.52422316359183696477e+03 4.32664617041249202189e-16
3.52700637883179024357e+03 4.01561198657389940861e-16
3.52979143291389300430e+03 3.55647955455921809198e-16
3.53257832298444645858e+03 3.58659843294668127498e-16
3.53536704619233751146e+03 4.84069329208126451967e-16
3.53815759968903239496e+03 4.00302482904157120589e-16
3.54094998062857848709e+03 4.37008457943027841185e-16
3.54374418616760613077e+03 3.21564412540668873255e-16
3.54654021346532408643e+03 4.15039305945511486057e-16
3.54933805968352589844e+03 3.40281696909054010604e-16
3.55213772198658534762e+03 4.35917014248936858655e-16
3.55493919754145827028e+03 3.72804097274565607040e-16
3.55774248351767710119e+03 3.56428631700599573108e-16
3.56054757708736451605e+03 4.25460092236319592156e-16
3.56335447542521524156e+03 3.20667217333578698979e-16
3.56616317570851333585e+03 3.19387928448914795011e-16
3.56897367511711945554e+03 4.36918389812231236975e-16
3.57178597083347631269e+03 4.49678669032307961280e-16
3.57460006004260867485e+03 3.69058299409797577667e-16
3.57741593993212336500e+03 3.17471507259253589203e-16
3.58023360769220835209e+03 3.59675659974843030004e-16
3.58305306051563184155e+03 3.67654816127839060194e-16
3.58587429559774409427e+03 3.96678648252979237357e-16
3.58869731013647742657e+03 3.90577466586996488672e-16
3.59152210133234530076e+03 3.75758618721692977025e-16
3.59434866638844050613e+03 4.19915212376201545521e-16
3.59717700251044152537e+03 4.04276464489800097101e-16
3.60000710690660343971e+03 3.13235752512780397987e-16
3.60283897678776702378e+03 3.25601405297619074722e-16
3.60567260936735056021e+03 4.59097152487291870220e-16
3.60850800186135711556e+03 4.19584283452327453330e-16
3.61134515148836999288e+03 4.24487145138023533789e-16
3.61418405546955182217e+03 3.57220115886297497314e-16
3.61702471102865001740e+03 4.00659058355111227342e-16
3.61986711539199131948e+03 3.48257165970836256413e-16
3.62271126578848270583e+03 3.66846185532175705304e-16
3.62555715944961684727e+03 3.95938272312203966204e-16
3.62840479360946392262e+03 4.13105177623451754021e-16
3.63125416550467616617e+03 4.20864773321586432944e-16
3.63410527237448877713e+03 3.84677395074534483992e-16
3.63695811146071628173e+03 3.95915413685064638151e-16
3.63981268000775708060e+03 4.50181158439872981281e-16
3.64266897526258981088e+03 4.14268531385260548942e-16
3.64552699447477243666e+03 4.37631938366926205557e-16
3.64838673489644770598e+03 4.24530234623883963873e-16
3.65124819378233678435e+03 4.47084214292634135426e-16
3.65411136838974562124e+03 3.92626970487631050712e-16
3.65697625597855767410e+03 3.92246147357655243526e-16
3.65984285381124118430e+03 4.21447473351805336103e-16
3.66271115915284462972e+03 4.78769806276073847682e-16
3.66558116927099581517e+03 4.25772124216542423374e-16
3.66845288143590823893e+03 4.19574169086744427846e-16
3.67132629292037290725e+03 4.64170347417803892032e-16
3.67420140099976470083e+03 4.38139532281967564071e-16
3.67707820295203691785e+03 4.32014166158664680883e-16
3.67995669605772764044e+03 3.78274061466395481807e-16
3.68283687759995518718e+03 4.28173119416996483667e-16
3.68571874486441811314e+03 3.99440231428429042314e-16
3.68860229513939702883e+03 3.97893665155573698259e-16
3.69148752571575550974e+03 4.28007742922681375291e-16
3.69437443388693736779e+03 4.50090085990478929332e-16
3.69726301694896665140e+03 3.73937331414685122347e-16
3.70015327220044946444e+03 3.86145344898312302336e-16
3.70304519694257487572e+03 3.62638056510706219760e-16
3.70593878847911128105e+03 3.51993935352588932868e-16
3.70883404411641004117e+03 3.82825707012527233854e-16
3.71173096116340366279e+03 4.52406376098520218071e-16
3.71462953693160397961e+03 4.38260821431050920124e-16
3.71752976873510760925e+03 3.73619507642202171784e-16
3.72043165389058958681e+03 4.07376751744703073359e-16
3.72333518971730791236e+03 3.91388088788463511352e-16
3.72624037353710355092e+03 4.15789906542146860879e-16
3.72914720267439315649e+03 4.29646667893646471379e-16
3.73205567445618271449e+03 4.00985600970320594477e-16
3.73496578621205298987e+03 4.56031802772205140431e-16
3.73787753527416953148e+03 4.39346946521000727129e-16
3.74079091897727812466e+03 4.11845083599039558346e-16
3.74370593465870661021e+03 4.34101156502339970779e-16
3.74662257965836397489e+03 4.53811172377922353159e-16
3.74954085131874035142e+03 4.59386139376251095021e-16
3.75246074698490792798e+03 4.57472733182563394759e-16
3.75538226400451912923e+03 4.39732240536530471349e-16
3.75830539972780934477e+03 4.30698188678142618851e-16
3.76123015150759329117e+03 4.11768730803308365502e-16
3.76415651669926955947e+03 4.36394292006497584523e-16
3.76708449266081606766e+03 4.21220728920848868087e-16
3.77001407675279369869e+03 4.22639243869687345884e-16
3.77294526633834357199e+03 4.33324341911399882027e-16
3.77587805878318886244e+03 4.58652993027698367284e-16
3.77881245145563298138e+03 4.17275773490588189251e-16
3.78174844172656321462e+03 4.79251921527888182109e-16
3.78468602696944617492e+03 4.36338696599002511359e-16
3.78762520456032871152e+03 4.21154170884114319941e-16
3.79056597187784336711e+03 4.07873355417062227720e-16
3.79350832630320110184e+03 4.08247274924873448000e-16
3.79645226522019311233e+03 4.61641613717958292920e-16
3.79939778601519537915e+03 4.39649032053884102248e-16
3.80234488607716230035e+03 4.09996075122655468832e-16
3.80529356279763123894e+03 3.89739732488335998590e-16
3.80824381357071979437e+03 3.80309741581951691022e-16
3.81119563579312944057e+03 3.79876225788622828203e-16
3.81414902686414097843e+03 3.71741649868883281591e-16
3.81710398418561544531e+03 3.68637597002018783304e-16
3.82006050516199866252e+03 4.12141208081270291473e-16
3.82301858720031486882e+03 4.29977027239789428503e-16
3.82597822771017126797e+03 4.37572191004928357810e-16
3.82893942410375620966e+03 4.52638072583533513572e-16
3.83190217379583918955e+03 4.48805242350290823946e-16
3.83486647420377084927e+03 4.33915405473565968579e-16
3.83783232274748479540e+03 4.25096593900892147486e-16
3.84079971684949305200e+03 4.20951479244622440389e-16
3.84376865393489333655e+03 4.13781420269057805914e-16
3.84673913143135905557e+03 4.11923122273890845664e-16
3.84971114676915112796e+03 4.20963979202614184835e-16
3.85268469738110707112e+03 4.17464433280757651001e-16
3.85565978070264918642e+03 4.17514293787155319149e-16
3.85863639417177910218e+03 4.41027272454214352964e-16
3.86161453522907959268e+03 4.13508440947360734503e-16
3.86459420131771639717e+03 4.24281906565018700262e-16
3.86757538988343640085e+03 3.85539399831495227094e-16
3.87055809837456763489e+03 4.00932852067142819269e-16
3.87354232424201836693e+03 3.98445857175982435923e-16
3.87652806493927982956e+03 3.95578501674920847920e-16
3.87951531792242440133e+03 3.95431242045078284422e-16
3.88250408065010378778e+03 4.16507341771558614944e-16
3.88549435058355538786e+03 4.03644174844766841950e-16
3.88848612518659410853e+03 3.96608518530613266138e-16
3.89147940192561782169e+03 3.88334831602521141317e-16
3.89447417826960463572e+03 4.09585646229006252274e-16
3.89747045169011744292e+03 4.07941827706019746938e-16
3.90046821966129573411e+03 4.10960357695494090425e-16
3.90346747965986469353e+03 4.05963388210587242162e-16
3.90646822916512701340e+03 4.00572301593327105159e-16
3.90947046565896926040e+03 4.02632346013730802988e-16
3.91247418662586096616e+03 3.78866253957766206723e-16
3.91547938955284826079e+03 3.88501274777571466914e-16
3.91848607192956387735e+03 3.92754721399080422871e-16
3.92149423124821714737e+03 3.87595401648200780609e-16
3.92450386500360218633e+03 3.78229585127903896119e-16
3.92751497069309516519e+03 3.46169086506399741829e-16
3.93052754581664976286e+03 3.76397133638193349543e-16
3.93354158787680353271e+03 3.67100064581455772964e-16
3.93655709437867608358e+03 3.65237346732974645341e-16
3.93957406282996726077e+03 3.61715634670209880536e-16
3.94259249074095896503e+03 3.79422279698415265366e-16
3.94561237562451333361e+03 3.58790963486217320562e-16
3.94863371499607455917e+03 3.55013166183984467059e-16
3.95165650637366888986e+03 3.60308556211565804380e-16
3.95468074727790371981e+03 3.40098627616724834327e-16
3.95770643523196758906e+03 3.52833589048073559184e-16
3.96073356776162927417e+03 3.46513034675773809428e-16
3.96376214239524142613e+03 3.43771004026869844497e-16
3.96679215666373693239e+03 3.35553373776337682744e-16
3.96982360810062891687e+03 3.45202837775953109981e-16
3.97285649424201255897e+03 3.63925237019328363009e-16
3.97589081262656600302e+03 3.61656146759531073923e-16
3.97892656079554762982e+03 3.68474444348337130988e-16
3.98196373629279605666e+03 3.58383475433672962720e-16
3.98500233666473377525e+03 3.70463388999141640411e-16
3.98804235946036169480e+03 3.74502193920866059956e-16
3.99108380223126641795e+03 3.80846218819080703639e-16
3.99412666253161023633e+03 3.79359787966978690848e-16
3.99717093791814204451e+03 3.73578159065920978418e-16
4.00021662595019006403e+03 3.52479789292254406419e-16
4.00326372418966275291e+03 3.45457722306524381242e-16
4.00631223020105062460e+03 3.60435121772777073098e-16
4.00936214155142806703e+03 3.54212603607906987127e-16
4.01241345581044697610e+03 3.66997501479390401335e-16
4.01546617055034403165e+03 3.62881824343659698829e-16
4.01852028334593524050e+03 3.68844821907614530811e-16
4.02157579177461775544e+03 3.68838329488929361775e-16
4.02463269341637169418e+03 3.76848559720445605248e-16
4.02769098585375832045e+03 3.98502129540353556398e-16
4.03075066667192004388e+03 3.63688307794697290942e-16
4.03381173345857860113e+03 3.72637948189674023039e-16
4.03687418380404051277e+03 3.60408627984180216568e-16
4.03993801530119253584e+03 3.60071998529749085260e-16
4.04300322554550075438e+03 3.53400420637999201838e-16
4.04606981213501694583e+03 3.55800564638669934034e-16
4.04913777267036948615e+03 3.56973774379624274326e-16
4.05220710475477153523e+03 3.70794376362310676463e-16
4.05527780599401648942e+03 3.68052871454320408501e-16
4.05834987399647798156e+03 3.64763101855077089519e-16
4.06142330637311442842e+03 3.73252253546821073225e-16
4.06449810073746084527e+03 3.71380541916433866864e-16
4.06757425470563885028e+03 3.50524199949897922689e-16
4.07065176589634666016e+03 3.56531366363859792785e-16
4.07373063193086727551e+03 3.62940694614701756138e-16
4.07681085043306484295e+03 3.71979887111929592820e-16
4.07989241902938192652e+03 3.57357831520642398222e-16
4.08297533534884587425e+03 3.70795088415941542877e-16
4.08605959702306336112e+03 3.75358848221984492197e-16
4.08914520168622402707e+03 3.65346425735790596727e-16
4.09223214697509865800e+03 3.82376450337811254215e-16
4.09532043052903736680e+03 3.81922132900915640863e-16
4.09841004998997505027e+03 3.93415323222302930903e-16
4.10150100300242411322e+03 3.84227188936942232844e-16
4.10459328721348174440e+03 3.80524559268878325055e-16
4.10768690027282536903e+03 3.96293030052401686185e-16
4.11078183983271264879e+03 3.83538223054986021701e-16
4.11387810354798421031e+03 3.79849547148626248191e-16
4.11697568907606182620e+03 4.06559373210012589494e-16
4.12007459407694841502e+03 4.01453499896051903411e-16
4.12317481621322713181e+03 3.97042448511883609417e-16
4.12627635315006591554e+03 4.02893286243535211054e-16
4.12937920255520930368e+03 3.84811322843510855514e-16
4.13248336209898752713e+03 3.75696344604527598635e-16
4.13558882945431014377e+03 3.71445570340274175149e-16
4.13869560229666876694e+03 3.59721443262870050942e-16
4.14180367830413433694e+03 3.85037918065064834432e-16
4.14491305515736348752e+03 3.90417705101035589642e-16
4.14802373053958854143e+03 4.03811276765793611809e-16
4.15113570213663024333e+03 4.00800061273526557236e-16
4.15424896763688411738e+03 3.85752776030509609510e-16
4.15736352473133138119e+03 4.02831765751657098729e-16
4.16047937111353257933e+03 3.81182472301321941539e-16
4.16359650447963031183e+03 4.13958635535981705738e-16
4.16671492252834741521e+03 4.22314243545869794841e-16
4.16983462296099150990e+03 4.12113066828723047904e-16
4.17295560348144772433e+03 3.99882244064179328885e-16
4.17607786179618415190e+03 3.65192991240956871064e-16
4.17920139561425185093e+03 3.70268798049671395121e-16
4.18232620264727938775e+03 3.60923649286135104214e-16
4.18545228060948102211e+03 3.84702852580988107607e-16
4.18857962721765034075e+03 3.65599699206509042762e-16
4.19170824019116116688e+03 3.69204989189346223469e-16
4.19483811725197119813e+03 3.60592933886956382551e-16
4.19796925612461836863e+03 3.63900967845877720489e-16
4.20110165453622175846e+03 3.74013776467453204097e-16
4.20423531021648250317e+03 3.82265321865202940682e-16
4.20737022089768197475e+03 3.86566053550456459342e-16
4.21050638431468451017e+03 3.94171386653615456291e-16
4.21364379820493468287e+03 3.79805010927707488696e-16
4.21678246030845912173e+03 3.77290375967131730386e-16
4.21992236836786560161e+03 3.59451893620206997064e-16
4.22306352012834213383e+03 3.78468205477294514733e-16
4.22620591333766151365e+03 3.84097392896024884067e-16
4.22934954574617495382e+03 3.93645100850582754610e-16
4.23249441510681481304e+03 3.74897141399899161721e-16
4.23564051917509641498e+03 3.92109472937961445899e-16
4.23878785570911622926e+03 3.72047188254296732393e-16
4.24193642246955187147e+03 3.63698484051576938992e-16
4.24508621721966210316e+03 3.71784316269471463992e-16
4.24823723772528774134e+03 3.76715613144196818569e-16
4.25138948175484983949e+03 3.58256130309489789850e-16
4.25454294707935241604e+03 3.74925874509820582308e-16
4.25769763147237972589e+03 3.69897816609891513245e-16
4.26085353271009807941e+03 3.63370136755842265342e-16
4.26401064857125493290e+03 4.01751208066161625871e-16
4.26716897683717797918e+03 3.79101294459622194758e-16
4.27032851529177787597e+03 3.81109488907859288626e-16
4.27348926172154824599e+03 3.65055033071215578479e-16
4.27665121391555931041e+03 3.68364383747383726766e-16
4.27981436966546698386e+03 3.63053170621416869252e-16
4.28297872676550650795e+03 3.73741156650504507711e-16
4.28614428301249699871e+03 3.73568593350500111010e-16
4.28931103620583417069e+03 3.75353258390772889618e-16
4.29247898414749943186e+03 3.81424968933550810550e-16
4.29564812464205533615e+03 3.63245718266834841654e-16
4.29881845549664285500e+03 3.56549977253233905374e-16
4.30198997452098774374e+03 3.87036544728351314660e-16
4.30516267952739417524e+03 3.80463251332055516604e-16
4.30833656833075019676e+03 3.72282473454921258583e-16
4.31151163874852500157e+03 3.93613085020769511476e-16
4.31468788860076710989e+03 3.75825884013530410844e-16
4.31786531571010800690e+03 3.88161166223885713736e-16
4.32104391790176032373e+03 3.83490979746356583362e-16
4.32422369300351965649e+03 3.88214812616444470712e-16
4.32740463884575910924e+03 3.71124406988927488152e-16
4.33058675326143657003e+03 3.68850165363456211843e-16
4.33377003408609107282e+03 3.65200246526867402428e-16
4.33695447915784279758e+03 3.62661706555429832769e-16
4.34014008631738943222e+03 3.52072953557821729841e-16
4.34332685340801708662e+03 3.61109964560765276263e-16
4.34651477827558846911e+03 3.59280058766061042150e-16
4.34970385876854925300e+03 3.52606497283815246615e-16
4.35289409273792443855e+03 3.68581239216994995995e-16
4.35608547803732471948e+03 3.72116251606945956251e-16
4.35927801252293738798e+03 3.48567101704187890178e-16
4.36247169405353452021e+03 3.46760928740976583588e-16
4.36566652049046751927e+03 3.49089925769507220817e-16
4.36886248969767166273e+03 3.48400279374761813513e-16
4.37205959954166064563e+03 3.31485658693957330602e-16
4.37525784789153203747e+03 3.44588112929667379342e-16
4.37845723261896182521e+03 3.34454845833721755196e-16
4.38165775159821259876e+03 3.37129434102488119382e-16
4.38485940270612263703e+03 3.39500295637422380598e-16
4.38806218382211409335e+03 3.48224940443461721831e-16
4.39126609282819117652e+03 3.41864484144256290646e-16
4.39447112760893833183e+03 3.39625793872417483044e-16
4.39767728605152296950e+03 3.43936954146903018704e-16
4.40088456604569182673e+03 3.40769230678636481088e-16
4.40409296548377460567e+03 3.38396325460404425850e-16
4.40730248226068215445e+03 3.19232570258334338383e-16
4.41051311427390555764e+03 3.24136732636257009627e-16
4.41372485942351795529e+03 3.16446313923638705861e-16
4.41693771561217545241e+03 3.19820176123954725866e-16
4.42015168074511257146e+03 3.27006831718424019214e-16
4.42336675273014861887e+03 3.27006133306238790018e-16
4.42658292947768131853e+03 3.25440774573613903781e-16
4.42980020890069226880e+03 3.27176293764965776287e-16
4.43301858891474148550e+03 3.08157819260892414159e-16
4.43623806743797376839e+03 3.09673652605309227248e-16
4.43945864239111233474e+03 2.94663080895472919670e-16
4.44268031169746427622e+03 2.96531622612053956545e-16
4.44590307328291601152e+03 3.02431578460799477675e-16
4.44912692507593783375e+03 2.93826592361350799409e-16
4.45235186500757754402e+03 2.94861241603398046200e-16
4.45557789101146954636e+03 2.93905662707088480457e-16
4.45880500102382484329e+03 2.91133883077548932340e-16
4.46203319298343922128e+03 2.97223145670415118214e-16
4.46526246483168688428e+03 2.92941604879283761507e-16
4.46849281451252591069e+03 2.88810899147358742892e-16
4.47172423997249552485e+03 2.92388246384669871196e-16
4.47495673916071518761e+03 2.96441975352168541463e-16
4.47819031002888550574e+03 2.89373053724059343434e-16
4.48142495053129005100e+03 2.97809162227841759507e-16
4.48466065862479354109e+03 2.89408601455997573860e-16
4.48789743226884002070e+03 2.92997632441827730928e-16
4.49113526942545922793e+03 2.86277034567400542972e-16
4.49437416805925658991e+03 2.80222331095636999728e-16
4.49761412613742413669e+03 2.75280645561799265129e-16
4.50085514162973140628e+03 2.94056828910207708995e-16
4.50409721250853272068e+03 2.78850659809055542044e-16
4.50734033674876172881e+03 2.64388799070065681053e-16
4.51058451232793231611e+03 2.71739554952034234836e-16
4.51382973722614315193e+03 2.67079319695774428469e-16
4.51707600942607132311e+03 2.68531951249302194141e-16
4.52032332691297779093e+03 2.71124247773005560601e-16
4.52357168767470193416e+03 2.78842674128179940413e-16
4.52682108970166791551e+03 2.88880905699763855504e-16
4.53007153098687831516e+03 2.82317319860149515613e-16
4.53332300952591867826e+03 2.90620281696178027720e-16
4.53657552331695569592e+03 2.88065589570320402484e-16
4.53982907036073811469e+03 2.76841819463891800891e-16
4.54308364866059491760e+03 2.82822234977543467483e-16
4.54633925622243623366e+03 2.70835620123294945007e-16
4.54959589105475606630e+03 2.75443477346736119573e-16
4.55285355116862592695e+03 2.77806584520151043184e-16
4.55611223457770302048e+03 2.74906552030174505232e-16
4.55937193929822205973e+03 2.64773364161352156947e-16
4.56263266334900254151e+03 2.74220495010657911609e-16
4.56589440475144328957e+03 2.76911376437672519768e-16
4.56915716152952336415e+03 2.67504482566492927583e-16
4.57242093170980660943e+03 2.72028884430356596697e-16
4.57568571332143710606e+03 2.80560237391207082170e-16
4.57895150439613826165e+03 2.73935920060924679416e-16
4.58221830296821644879e+03 2.71772200594058483714e-16
4.58548610707456009550e+03 2.78809347854138156766e-16
4.58875491475463877578e+03 2.80961862743184708959e-16
4.59202472405050139059e+03 2.83894081743526586612e-16
4.59529553300678071537e+03 2.76174213395443399047e-16
4.59856733967069067148e+03 2.78958110170927320172e-16
4.60184014209202450729e+03 2.74555741507384700436e-16
4.60511393832316025509e+03 2.75409326937391990464e-16
4.60838872641905436467e+03 2.78351501285850969862e-16
4.61166450443724534125e+03 2.83908535649643008751e-16
4.61494127043785465503e+03 2.90317859053765922396e-16
4.61821902248358310317e+03 2.75361195016004295084e-16
4.62149775863971444778e+03 2.95290714902147702900e-16
4.62477747697411268746e+03 2.78833656482636480402e-16
4.62805817555722387624e+03 2.74139270000437114518e-16
4.63133985246207612363e+03 2.78836949673991415585e-16
4.63462250576427686610e+03 2.57771109712347040981e-16
4.63790613354201832408e+03 2.55012007213392495313e-16
4.64119073387606931647e+03 2.57830733225196040667e-16
4.64447630484978435561e+03 2.67236471792829461434e-16
4.64776284454909819033e+03 2.80447452175350375205e-16
4.65105035106252671540e+03 2.85547835905983104345e-16
4.65433882248116606206e+03 2.79527453890569681817e-16
4.65762825689869441703e+03 2.77730217114736691854e-16
4.66091865241137384146e+03 2.77728222247935426022e-16
4.66421000711804390448e+03 2.78294273972198403418e-16
4.66750231912012714020e+03 2.86572441298019585000e-16
4.67079558652162904764e+03 2.85105351387288087340e-16
4.67408980742913445283e+03 2.91808993590964148987e-16
4.67738497995181205624e+03 2.97414102575023567119e-16
4.68068110220140715683e+03 2.78682285941281658110e-16
4.68397817229225165647e+03 2.77284180420137238493e-16
4.68727618834125678404e+03 2.82080476590409803501e-16
4.69057514846791491436e+03 2.86406563206411462271e-16
4.69387505079429865873e+03 2.81054255028646423223e-16
4.69717589344506541238e+03 2.77269810272908157538e-16
4.70047767454745007853e+03 2.85158670578104068883e-16
4.70378039223127325386e+03 2.76481425077752347397e-16
4.70708404462893213349e+03 2.76699876864372823007e-16
4.71038862987540960603e+03 2.88833908400637158972e-16
4.71369414610826788703e+03 2.88490247000795294925e-16
4.71700059146764942852e+03 2.81663317910556021533e-16
4.72030796409627964749e+03 2.78536503590690796810e-16
4.72361626213946692587e+03 2.78982629754788917296e-16
4.72692548374509806308e+03 2.84329388478841083134e-16
4.73023562706364282349e+03 2.91106537132491884403e-16
4.73354669024815120792e+03 2.94920373832529247090e-16
4.73685867145425618219e+03 2.88939549850578207015e-16
4.74017156884017185803e+03 2.82742721682032975295e-16
4.74348538056669258367e+03 2.88984461430276114196e-16
4.74680010479719476280e+03 2.87914068139365389443e-16
4.75011573969763594505e+03 2.86292776458607765007e-16
4.75343228343655755452e+03 2.90623303503478032417e-16
4.75674973418507761380e+03 2.82021559404450110928e-16
4.76006809011689983890e+03 2.71585183692631442426e-16
4.76338734940830545384e+03 2.75080286253318760236e-16
4.76670751023816228553e+03 2.74462116356090639606e-16
4.77002857078791566892e+03 2.76435263280256283008e-16
4.77335052924159208487e+03 2.64999624955033533451e-16
4.77667338378580097924e+03 2.73709932644030447656e-16
4.77999713260973476281e+03 2.61354678234456267530e-16
4.78332177390516244486e+03 2.60497557397639567152e-16
4.78664730586643963761e+03 2.64728124714213450092e-16
4.78997372669049946126e+03 2.74814453520612076980e-16
4.79330103457685891044e+03 2.71344920510407983235e-16
4.79662922772761521628e+03 2.54982503829825324706e-16
4.79995830434744766535e+03 2.64049091182073935794e-16
4.80328826264361578069e+03 2.64257207846050637385e-16
4.80661910082596114080e+03 2.64612201310602091906e-16
4.80995081710690828913e+03 2.64880134922169604809e-16
4.81328340970146018662e+03 2.63005459518933773142e-16
4.81661687682720366865e+03 2.66711209953994448612e-16
4.81995121670430580707e+03 2.67279035952896447248e-16
4.82328642755551572918e+03 2.57365785157537296466e-16
4.82662250760616279877e+03 2.49140801074121928063e-16
4.82995945508415843506e+03 2.61511476720773811556e-16
4.83329726821999611275e+03 2.71418022046531731435e-16
4.83663594524675136199e+03 2.64008663129202773480e-16
4.83997548440007722093e+03 2.66968636055608330067e-16
4.84331588391821242112e+03 2.67265721682313755699e-16
4.84665714204197502113e+03 2.58364342417696345714e-16
4.84999925701476604445e+03 2.67781736644103191379e-16
4.85334222708256584156e+03 2.63735105392582808104e-16
4.85668605049393681838e+03 2.62163591504051814764e-16
4.86003072550002434582e+03 2.64272862914579419727e-16
4.86337625035455312172e+03 2.69966782012404348972e-16
4.86672262331383080891e+03 2.74843651287077131476e-16
4.87006984263674439717e+03 2.73098238913985310608e-16
4.87341790658476475073e+03 2.72041929894017598902e-16
4.87676681342194297031e+03 2.62979168808869965191e-16
4.88011656141491130256e+03 2.63913246059694446013e-16
4.88346714883288404963e+03 2.62205478049087669091e-16
4.88681857394765665958e+03 2.63886279779720022854e-16
4.89017083503360572649e+03 2.77676255604720349893e-16
4.89352393036768899037e+03 2.80700205532336767396e-16
4.89687785822944624670e+03 2.77146125292265406728e-16
4.90023261690099843690e+03 2.75493087431675871521e-16
4.90358820466704855789e+03 2.71661785205874142964e-16
4.90694461981487984303e+03 2.67479672136176038583e-16
4.91030186063435849064e+03 2.77262282375775831081e-16
4.91365992541793002601e+03 2.79890743838589732888e-16
4.91701881246062202990e+03 2.73459658379135852446e-16
4.92037852006004504801e+03 2.78612468195623664466e-16
4.92373904651638895302e+03 2.70159462623663298891e-16
4.92710039013242749206e+03 2.68048315805931850079e-16
4.93046254921351192024e+03 2.82092461020105880481e-16
4.93382552206757918611e+03 2.84486430347219115242e-16
4.93718930700514465570e+03 2.75529952972122869455e-16
4.94055390233930666000e+03 2.75819982286579318877e-16
4.94391930638574467594e+03 2.80416536148044669631e-16
4.94728551746271841694e+03 2.72120984591529146953e-16
4.95065253389107147086e+03 2.72555160393014121059e-16
4.95402035399422584305e+03 2.69121175087646497607e-16
4.95738897609818650380e+03 2.64078764400023820959e-16
4.96075839853154047887e+03 2.56524606999587350785e-16
4.96412861962545503047e+03 2.74679222803380768231e-16
4.96749963771367765730e+03 2.77593864452933032933e-16
4.97087145113254155149e+03 2.71458697041707081228e-16
4.97424405822095741314e+03 2.75771138443106961511e-16
4.97761745732041799783e+03 2.78866997337845432014e-16
4.98099164677499811660e+03 2.75627458101409132533e-16
4.98436662493135463592e+03 2.75563576602779860900e-16
4.98774239013872374926e+03 2.70935965736251630927e-16
4.99111894074892552453e+03 2.65686485492836389562e-16
4.99449627511635935662e+03 2.64368666477057526716e-16
4.99787439159800760535e+03 2.63025950842023174336e-16
5.00125328855343286705e+03 2.72983539239791562218e-16
5.00463296434477979346e+03 2.66192738989366029171e-16
5.00801341733677327284e+03 2.68222431148085436611e-16
5.01139464589672297734e+03 2.69845044918220014175e-16
5.01477664839451608714e+03 2.69206435967857823946e-16
5.01815942320262183785e+03 2.62535749964203462621e-16
5.02154296869609333953e+03 2.62268778310165664888e-16
5.02492728325256211974e+03 2.58833455925625697070e-16
5.02831236525224358047e+03 2.72665805274281826123e-16
5.03169821307793336018e+03 2.73059047344909864793e-16
5.03508482511500733381e+03 2.65133439572133730122e-16
5.03847219975142525072e+03 2.59602931276092987191e-16
5.04186033537772709678e+03 2.35789152956705288304e-16
5.04524923038703309430e+03 2.21734492921872148279e-16
5.04863888317504734005e+03 2.05485656479861056829e-16
5.05202929214005234826e+03 2.05460695715398221431e-16
5.05542045568291541713e+03 2.13101295526009730216e-16
5.05881237220708226232e+03 2.20583882035305872236e-16
5.06220504011858156446e+03 2.34641090071973256626e-16
5.06559845782602224062e+03 2.23907936646272541999e-16
5.06899262374059617287e+03 2.12285499262767616177e-16
5.07238753627607638919e+03 2.13374193702865746663e-16
5.07578319384881706355e+03 2.24078662281022003239e-16
5.07917959487775169691e+03 2.25940500576238030242e-16
5.08257673778439948364e+03 2.35353633109904165371e-16
5.08597462099285621662e+03 2.41626881546147863172e-16
5.08937324292980247264e+03 2.57361386134753290752e-16
5.09277260202449906501e+03 2.56139708957366101136e-16
5.09617269670878886245e+03 2.54080731756226533683e-16
5.09957352541709497018e+03 2.42087501696384843251e-16
5.10297508658642254886e+03 2.41802391747760056952e-16
5.10637737865635972412e+03 2.37094580632289653209e-16
5.10978040006907212955e+03 2.48643380763779581710e-16
5.11318414926931018272e+03 2.42887211570636654195e-16
5.11658862470440453762e+03 2.44489888484122542583e-16
5.11999382482426881324e+03 2.52393809787742576188e-16
5.12339974808139413653e+03 2.41659580415301240023e-16
5.12680639293085641839e+03 2.51786264154826285829e-16
5.13021375783031271567e+03 2.49491102940635649048e-16
5.13362184124000032170e+03 2.45197227674600779962e-16
5.13703064162273767579e+03 2.46005302235865442422e-16
5.14044015744392709166e+03 2.46907164670620566173e-16
5.14385038717155021004e+03 2.48669447681780429706e-16
5.14726132927616799861e+03 2.58146793595193245126e-16
5.15067298223092893750e+03 2.42471426825979752524e-16
5.15408534451155628631e+03 2.40244984096875378016e-16
5.15749841459635990759e+03 2.52988347874115801924e-16
5.16091219096622626239e+03 2.30891061423788322461e-16
5.16432667210462750518e+03 2.28947470332993043092e-16
5.16774185649761602690e+03 2.28870609844916402986e-16
5.17115774263382354548e+03 2.43508299633836205746e-16
5.17457432900446565327e+03 2.42899286591182876967e-16
5.17799161410333726963e+03 2.51766501668201923706e-16
5.18140959642681718833e+03 2.42539105179998244536e-16
5.18482827447386262065e+03 2.30463109542883981550e-16
5.18824764674601556180e+03 2.41808993425518546399e-16
5.19166771174739733397e+03 2.50848140439632047696e-16
5.19508846798470949579e+03 2.37063741156480852641e-16
5.19850991396723838989e+03 2.34974275016523351818e-16
5.20193204820684877632e+03 2.33831970331867605601e-16
5.20535486921798747062e+03 2.43707604228029156336e-16
5.20877837551768425328e+03 2.43659845987632334715e-16
5.21220256562554914126e+03 2.49237296732485845024e-16
5.21562743806377238798e+03 2.46439932380330815706e-16
5.21905299135712812131e+03 2.45787231296292529113e-16
5.22247922403297070559e+03 2.47272678364916448279e-16
5.22590613462123474164e+03 2.40777762190849698996e-16
5.22933372165443688573e+03 2.29742651908276596135e-16
5.23276198366767766856e+03 2.38643842589018581804e-16
5.23619091919863512885e+03 2.40365783539333333320e-16
5.23962052678757117974e+03 2.45513624251153036553e-16
5.24305080497732797085e+03 2.40252455019359741937e-16
5.24648175231333061674e+03 2.23508705899114564237e-16
5.24991336734358537797e+03 2.33983349224353102697e-16
5.25334564861867602303e+03 2.29540906275000395489e-16
5.25677859469177383289e+03 2.24655180792840132797e-16
5.26021220411862668698e+03 2.34714406871327228415e-16
5.26364647545756724867e+03 2.46302449108832938234e-16
5.26708140726950568933e+03 2.24986163051809223032e-16
5.27051699811793878325e+03 2.23100323818567994305e-16
5.27395324656893990323e+03 2.17302275313716113305e-16
5.27739015119116629648e+03 2.27176340457504757055e-16
5.28082771055585635622e+03 2.27315143581985545409e-16
5.28426592323682871211e+03 2.30987045649568798625e-16
5.28770478781048495875e+03 2.30265840737455772500e-16
5.29114430285580783675e+03 2.35935771353613296607e-16
5.29458446695436032314e+03 2.21733634201573359705e-16
5.29802527869028745044e+03 2.22280698925622138403e-16
5.30146673665031630662e+03 2.20261534078407082878e-16
5.30490883942375421611e+03 2.22054700747618193096e-16
5.30835158560249146831e+03 2.24332709332305362781e-16
5.31179497378099767957e+03 2.16788940454783845698e-16
5.31523900255632634071e+03 2.18063964202582851467e-16
5.31868367052810936002e+03 2.17042208868029634168e-16
5.32212897629856342974e+03 2.24921369495918487284e-16
5.32557491847248365957e+03 2.23831880245264830022e-16
5.32902149565724812419e+03 2.23000344984044461645e-16
5.33246870646281513473e+03 2.18966771266853274551e-16
5.33591654950172687677e+03 2.17765129868368599355e-16
5.33936502338910486287e+03 2.29772388542386352582e-16
5.34281412674265175156e+03 2.39858514857051193531e-16
5.34626385818265225680e+03 2.32501418242501544169e-16
5.34971421633197314804e+03 2.38513272171503288164e-16
5.35316519981606234069e+03 2.37885102807839410056e-16
5.35661680726294798660e+03 2.35519459490215085466e-16
5.36006903730324120261e+03 2.36944354101996259360e-16
5.36352188857013243251e+03 2.32619576255688622586e-16
5.36697535969939690403e+03 2.31042089000066167528e-16
5.37042944932938735292e+03 2.32045082936161925929e-16
5.37388415610104038933e+03 2.28162350298972627668e-16
5.37733947865787376941e+03 2.29540259489675902380e-16
5.38079541564598639525e+03 2.26601228378140336753e-16
5.38425196571405831492e+03 2.27945445640040094540e-16
5.38770912751334981294e+03 2.26435566960307267298e-16
5.39116689969770595781e+03 2.34565403469013191296e-16
5.39462528092354932596e+03 2.45367324724397312107e-16
5.39808426984988727781e+03 2.40343352177632498323e-16
5.40154386513830650074e+03 2.41169951962362046927e-16
5.40500406545297482808e+03 2.36569400111142687820e-16
5.40846486946064305812e+03 2.30164808077399638833e-16
5.41192627583064313512e+03 2.27979044520775562379e-16
5.41538828323488633032e+03 2.24567601575066905815e-16
5.41885089034786869888e+03 2.20789802666211237924e-16
5.42231409584666471346e+03 2.14877029973894566495e-16
5.42577789841093090217e+03 2.11751069749070957593e-16
5.42924229672290675808e+03 2.06179502571298575315e-16
5.43270728946741201071e+03 2.03434912313782394351e-16
5.43617287533184753556e+03 2.14237531750250726699e-16
5.43963905300619626360e+03 2.19042462685623537423e-16
5.44310582118302227173e+03 2.10313271358628229617e-16
5.44657317855747078283e+03 2.14769677067156701258e-16
5.45004112382726816577e+03 2.21247843148321282044e-16
5.45350965569272375433e+03 2.24809507103255461910e-16
5.45697877285672711878e+03 2.22950683640803338404e-16
5.46044847402474806586e+03 2.26914910879398892092e-16
5.46391875790484027675e+03 2.24077707190076718695e-16
5.46738962320763766911e+03 2.22124616924505760201e-16
5.47086106864635439706e+03 2.19552200576931240095e-16
5.47433309293678757967e+03 2.21409988571732408617e-16
5.47780569479731548199e+03 2.18393241558938261409e-16
5.48127887294889842451e+03 2.16600913908050715477e-16
5.48475262611507605470e+03 2.16534041460987211550e-16
5.48822695302197098499e+03 2.14641778143809795016e-16
5.49170185239828788326e+03 2.12584536437857479010e-16
5.49517732297530983487e+03 2.22271512592848864041e-16
5.49865336348690561863e+03 2.21235890604614081039e-16
5.50212997266952152131e+03 2.25496907364423831214e-16
5.50560714926218679466e+03 2.11512125278320674868e-16
5.50908489200651274587e+03 2.11591132586616183866e-16
5.51256319964669182809e+03 2.14148788228880961151e-16
5.51604207092949673097e+03 2.13073320302294011364e-16
5.51952150460428310907e+03 2.15678542634709095155e-16
5.52300149942298685346e+03 2.21570744348085503906e-16
5.52648205414012500114e+03 2.16105667471885900857e-16
5.52996316751279846358e+03 2.09724648258599348313e-16
5.53344483830068656971e+03 2.08456951710741849665e-16
5.53692706526605161343e+03 2.08714121873846848754e-16
5.54040984717373612511e+03 2.06584713411473837507e-16
5.54389318279116560007e+03 2.03483712588353582258e-16
5.54737707088834577007e+03 1.97100002545684204610e-16
5.55086151023786442238e+03 2.03074887024376232950e-16
5.55434649961489139969e+03 1.96026984922964086913e-16
5.55783203779717496218e+03 1.93106593546884802271e-16
5.56131812356504815398e+03 1.34612099559288013656e-16
5.56480475570142516517e+03 1.15039863757319684144e-16
5.56829193299179860333e+03 2.20338692800371421956e-16
5.57177965422424495046e+03 2.00985234198790027622e-16
5.57526791818942183454e+03 2.11631438114520093148e-16
5.57875672368056802952e+03 1.92902617224256590202e-16
5.58224606949350345531e+03 1.96696005523240222608e-16
5.58573595442663099675e+03 1.99642856637048469087e-16
5.58922637728093195619e+03 2.01963690551672305469e-16
5.59271733685997060093e+03 1.92877682085878729758e-16
5.59620883196989416319e+03 1.98525445338668932258e-16
5.59970086141942829272e+03 1.95527097450961742788e-16
5.60319342401988342317e+03 2.00230553158493925251e-16
5.60668651858514749620e+03 1.80008978477021809936e-16
5.61018014393169323739e+03 1.67267474818250653478e-16
5.61367429887857269932e+03 1.56969768123869199461e-16
5.61716898224741999002e+03 1.57288067407489680921e-16
5.62066419286245218245e+03 1.54462115653459476563e-16
5.62415992955046385759e+03 1.47291462149058641631e-16
5.62765619114083619934e+03 1.50559211776988340641e-16
5.63115297646552789956e+03 1.58146467681502656436e-16
5.63465028435907879611e+03 1.58521579931023256478e-16
5.63814811365861260128e+03 1.65637429957740730960e-16
5.64164646320383326383e+03 1.90059454121571852715e-16
5.64514533183702587849e+03 1.90889011495199132674e-16
5.64864471840305850492e+03 1.85631325910692045062e-16
5.65214462174937852978e+03 1.86861969322038623718e-16
5.65564504072601448570e+03 1.87854237186239165491e-16
5.65914597418557968922e+03 1.96581300694877169740e-16
5.66264742098326496489e+03 2.03064627417365903404e-16
5.66614937997684319271e+03 1.96780122989720824140e-16
5.66965185002667203662e+03 1.87518036079620487188e-16
5.67315482999568757805e+03 1.94930723012472603061e-16
5.67665831874940613488e+03 1.95337855247285462143e-16
5.68016231515592880896e+03 1.89124587361616089140e-16
5.68366681808593602909e+03 1.88012087245014015576e-16
5.68717182641269027954e+03 1.87451127720118928126e-16
5.69067733901203428104e+03 1.82681984630898470749e-16
5.69418335476239371928e+03 1.80870242883327604403e-16
5.69768987254477542592e+03 1.70659497543764758614e-16
5.70119689124276646908e+03 1.70156342410619353480e-16
5.70470440974253688182e+03 1.72538512224390376078e-16
5.70821242693283693370e+03 1.87190685575895100247e-16
5.71172094170499894972e+03 1.90879583411527379406e-16
5.71522995295293549134e+03 1.85093736175813828252e-16
5.71873945957314299449e+03 1.85541366429247542649e-16
5.72224946046469631256e+03 1.75137692725765550428e-16
5.72575995452925417339e+03 1.72093045129220219324e-16
5.72927094067105463182e+03 1.84961250644481041910e-16
5.73278241779691961710e+03 1.78791744268658960295e-16
5.73629438481624856649e+03 1.82480841941109137572e-16
5.73980684064102752018e+03 1.87575407294708511011e-16
5.74331978418582002632e+03 1.92177125075441922650e-16
5.74683321436777259805e+03 1.87931106760502757804e-16
5.75034713010661107546e+03 1.84637177553666201454e-16
5.75386153032464608259e+03 1.84256108271730811461e-16
5.75737641394676757045e+03 1.77982270036797571060e-16
5.76089177990044754551e+03 1.84583001490837026223e-16
5.76440762711573916022e+03 1.81356538209463100145e-16
5.76792395452527489397e+03 1.77890042230571741046e-16
5.77144076106427291961e+03 1.64553033864330772270e-16
5.77495804567052982748e+03 1.64704041376373353756e-16
5.77847580728442517284e+03 1.66239538515547703657e-16
5.78199404484891783795e+03 1.73213918779642772611e-16
5.78551275730954876053e+03 1.74455468338446785237e-16
5.78903194361444275273e+03 1.75055534822891870843e-16
5.79255160271430395369e+03 1.79480223634715491382e-16
5.79607173356241673901e+03 1.71222732183383946303e-16
5.79959233511464935873e+03 1.77393219328293169248e-16
5.80311340632945029938e+03 1.81001788447078922144e-16
5.80663494616784828395e+03 1.75948138793737351869e-16
5.81015695359345590987e+03 1.75434626028133637770e-16
5.81367942757246601104e+03 1.80236111406429595163e-16
5.81720236707365256734e+03 1.76220222299777208233e-16
5.82072577106837070460e+03 1.74405346623996867411e-16
5.82424963853055760410e+03 1.73258902360162181646e-16
5.82777396843673159310e+03 1.72739866697824327428e-16
5.83129875976599214482e+03 1.67865457891974441351e-16
5.83482401150002169743e+03 1.73872036774812575807e-16
5.83834972262308110658e+03 1.66891092964569467713e-16
5.84187589212201601185e+03 1.72403472221688582776e-16
5.84540251898624956084e+03 1.70527098752580893397e-16
5.84892960220779059455e+03 1.70247927957313349827e-16
5.85245714078122728097e+03 1.77786348275705902824e-16
5.85598513370372711506e+03 1.72993067726002330169e-16
5.85951357997504419473e+03 1.71053969774762426535e-16
5.86304247859750830685e+03 1.68128847525783122932e-16
5.86657182857603402226e+03 1.65390876767515015914e-16
5.87010162891811796726e+03 1.62856829789772194095e-16
5.87363187863383427612e+03 1.64205335836740829436e-16
5.87716257673584277654e+03 1.71782346558487606212e-16
5.88069372223938262323e+03 1.68970236693894047191e-16
5.88422531416227320733e+03 1.63581151998214479671e-16
5.88775735152491779445e+03 1.66099341666838734319e-16
5.89128983335030079616e+03 1.65804070588418211378e-16
5.89482275866398595099e+03 1.55799482816571342516e-16
5.89835612649412087194e+03 1.43465745459527298002e-16
5.90188993587143158948e+03 1.56020532375768924240e-16
5.90542418582922982750e+03 1.60416610063821751707e-16
5.90895887540340390842e+03 1.65642187258954223261e-16
5.91249400363242693857e+03 1.61649267570410773608e-16
5.91602956955735317024e+03 1.65443179343156941035e-16
5.91956557222181527322e+03 1.62373192529920242573e-16
5.92310201067203161074e+03 1.62566642591458694303e-16
5.92663888395679896348e+03 1.63650157614012763038e-16
5.93017619112749525812e+03 1.64220159430421920914e-16
5.93371393123808229575e+03 1.74437467714134658750e-16
5.93725210334510302346e+03 1.73989822370373193310e-16
5.94079070650767789630e+03 1.62352566883623972038e-16
5.94432973978751397226e+03 1.62027926492393360056e-16
5.94786920224889581732e+03 1.61947960727810117866e-16
5.95140909295869187190e+03 1.53894653460445298647e-16
5.95494941098635081289e+03 1.64495537339085096251e-16
5.95849015540390246315e+03 1.68939423249885822475e-16
5.96203132528595870099e+03 1.71993911801429151651e-16
5.96557291970971255068e+03 1.69907315310496267755e-16
5.96911493775493909197e+03 1.68852522387411342782e-16
5.97265737850399273157e+03 1.68607147919574889400e-16
5.97620024104181266011e+03 1.62514693038538966395e-16
5.97974352445591648575e+03 1.67457769642747497582e-16
5.98328722783640478156e+03 1.58278558223353642863e-16
5.98683135027595744759e+03 1.59945074384564016615e-16
5.99037589086984007736e+03 1.63895374132438022041e-16
5.99392084871589577233e+03 1.62288504670002294370e-16
5.99746622291454877995e+03 1.69104836790720115866e-16
6.00101201256880813162e+03 1.64268349609719997280e-16
6.00455821678426127619e+03 1.73852062352643078748e-16
6.00810483466907862748e+03 1.63834639495551598196e-16
6.01165186533401174529e+03 1.68722508227238197914e-16
6.01519930789239333535e+03 1.62963128734766472846e-16
6.01874716146013633988e+03 1.63081357773146817286e-16
6.02229542515573757555e+03 1.62315058929870684593e-16
6.02584409810027318599e+03 1.60913261017575954285e-16
6.02939317941740227980e+03 1.59817704811708092815e-16
6.03294266823336420202e+03 1.62413985690214423636e-16
6.03649256367698035319e+03 1.63285468354473710291e-16
6.04004286487965237029e+03 1.65910624613272679351e-16
6.04359357097536485526e+03 1.70416675287836311476e-16
6.04714468110068264650e+03 1.68179385673274802192e-16
6.05069619439475445688e+03 1.64682312734174295013e-16
6.05424810999930559774e+03 1.71736458269043760689e-16
6.05780042705864798336e+03 1.63331567203395199491e-16
6.06135314471967103600e+03 1.63578379226591458373e-16
6.06490626213184714288e+03 1.67438974532611280510e-16
6.06845977844723074668e+03 1.70374959748388859995e-16
6.07201369282045743603e+03 1.66374322623464438208e-16
6.07556800440874212654e+03 1.64044002136777938316e-16
6.07912271237188542727e+03 1.58783743243444881470e-16
6.08267781587226363627e+03 1.59573870261161293061e-16
6.08623331407483965450e+03 1.63264548747762454026e-16
6.08978920614715480042e+03 1.65503798362839698024e-16
6.09334549125933335745e+03 1.66664817489780209116e-16
6.09690216858407893596e+03 1.63011609725309478318e-16
6.10045923729667993030e+03 1.62206117443712295325e-16
6.10401669657500133326e+03 1.62503215423930020348e-16
6.10757454559949565009e+03 1.61003242931483260235e-16
6.11113278355319198454e+03 1.66365378577436404178e-16
6.11469140962170058629e+03 1.67715069244787529682e-16
6.11825042299321830797e+03 1.67371996648867555167e-16
6.12180982285851678171e+03 1.58330157893740739029e-16
6.12536960841095424257e+03 1.59324959503050059574e-16
6.12892977884646734310e+03 1.59829940756271667666e-16
6.13249033336357570079e+03 1.61534811300051380835e-16
6.13605127116338007909e+03 1.67643684287916856601e-16
6.13961259144956056844e+03 1.64388479028377991789e-16
6.14317429342838113371e+03 1.70607346115274868529e-16
6.14673637630868779524e+03 1.64534436589710128139e-16
6.15029883930190590036e+03 1.63542992004008729468e-16
6.15386168162204103282e+03 1.67441143134278046030e-16
6.15742490248568356037e+03 1.58778703512627587623e-16
6.16098850111200499668e+03 1.62771800341605221839e-16
6.16455247672275527293e+03 1.66484982607258272359e-16
6.16811682854226728523e+03 1.59918288434750258464e-16
6.17168155579745689465e+03 1.57741436423726708585e-16
6.17524665771781837975e+03 1.60210042936210928537e-16
6.17881213353542989353e+03 1.60391940166025983217e-16
6.18237798248494982545e+03 1.66225726795795773189e-16
6.18594420380361771095e+03 1.62029083676244250945e-16
6.18951079673125605041e+03 1.64385053049133149527e-16
6.19307776051026667119e+03 1.56252947748721297496e-16
6.19664509438563618460e+03 1.49588618643922572471e-16
6.20021279760492689093e+03 1.54000917866605179050e-16
6.20378086941828769341e+03 1.59935738129048724829e-16
6.20734930907844773174e+03 1.53081303970180768356e-16
6.21091811584071547259e+03 1.55047581187400550942e-16
6.21448728896298234758e+03 1.50533372832010834384e-16
6.21805682770572184381e+03 1.46278203183074421876e-16
6.22162673133198768483e+03 1.44706643705511944154e-16
6.22519699910741564963e+03 1.56156284892130430743e-16
6.22876763030022084422e+03 1.54401579151260771304e-16
6.23233862418120497750e+03 1.55843447656708653168e-16
6.23590998002374544740e+03 1.50805873837678741620e-16
6.23948169710380170727e+03 1.54320374734683735594e-16
6.24305377469991981343e+03 1.53333750434343347378e-16
6.24662621209322242066e+03 1.54789502687474014483e-16
6.25019900856741332973e+03 1.58234766125094662544e-16
6.25377216340878112533e+03 1.49951362450712761698e-16
6.25734567590619371913e+03 1.54216392068229805506e-16
6.26091954535110016877e+03 1.52761436954434229489e-16
6.26449377103753067786e+03 1.49295751253199379265e-16
6.26806835226209932443e+03 1.48408533095423753252e-16
6.27164328832399769453e+03 1.50030038846888648006e-16
6.27521857852500215813e+03 1.39945733866349652197e-16
6.27879422216947023117e+03 1.42475520042437480275e-16
6.28237021856433784706e+03 1.41612694178695519146e-16
6.28594656701912572316e+03 1.42902363948481134315e-16
6.28952326684593299433e+03 1.48425759096519382261e-16
6.29310031735944357933e+03 1.41789347541035485900e-16
6.29667771787692072394e+03 1.40033911206867640031e-16
6.30025546771820881986e+03 1.42827766579275919419e-16
6.30383356620573431428e+03 1.45686516708600804303e-16
6.30741201266450480034e+03 1.44660853798983294306e-16
6.31099080642211083614e+03 1.43417209592748591245e-16
6.31456994680872139725e+03 1.42857637055064181917e-16
6.31814943315708842420e+03 1.36716153715408728606e-16
6.32172926480254682247e+03 1.38640357594296197756e-16
6.32530944108300900552e+03 1.37194926496975307342e-16
6.32888996133897308027e+03 1.37430105046121125078e-16
6.33247082491351648059e+03 1.40283623044253353545e-16
6.33605203115229687683e+03 1.44369236545565899072e-16
6.33963357940355672326e+03 1.48306091408991958841e-16
6.34321546901811507269e+03 1.46120125183492865686e-16
6.34679769934937758080e+03 1.41382200015304877865e-16
6.35038026975332832080e+03 1.39395814434196710395e-16
6.35396317958853251184e+03 1.40857468589444764391e-16
6.35754642821613742854e+03 1.38199610218020450133e-16
6.36113001499987240095e+03 1.34910654426989471377e-16
6.36471393930604790512e+03 1.36972570422374214142e-16
6.36829820050355556305e+03 1.35555494680338104861e-16
6.37188279796386723319e+03 1.32974189830884693496e-16
6.37546773106103864848e+03 1.31027830940947768111e-16
6.37905299917170486879e+03 1.31658096789307593999e-16
6.38263860167508391896e+03 1.37237532839323674850e-16
6.38622453795297224133e+03 1.33174745634756100190e-16
6.38981080738975288114e+03 1.26211868770140153942e-16
6.39339740937238639162e+03 1.27324106189905356569e-16
6.39698434329041447199e+03 1.34425812615199391095e-16
6.40057160853596178640e+03 1.30326828691757135909e-16
6.40415920450373414496e+03 1.31210902634962910302e-16
6.40774713059101850376e+03 1.28818170768034015827e-16
6.41133538619768296485e+03 1.25430352414365534351e-16
6.41492397072617859521e+03 1.29594049712470516400e-16
6.41851288358153578884e+03 1.27301642202558336966e-16
6.42210212417136699514e+03 1.28373412140716042322e-16
6.42569169190586671903e+03 1.26630693666284302886e-16
6.42928158619781061134e+03 1.27804273143329696670e-16
6.43287180646255364991e+03 1.25795432431384658553e-16
6.43646235211803741549e+03 1.29241238655112437491e-16
6.44005322258477917785e+03 1.29929014195446977939e-16
6.44364441728588008118e+03 1.30319186944817901684e-16
6.44723593564702332515e+03 1.26286411941604889222e-16
6.45082777709647234587e+03 1.32231809260871992893e-16
6.45441994106507354445e+03 1.29311992433394561846e-16
6.45801242698625173944e+03 1.27001502033236444018e-16
6.46160523429601562384e+03 1.28882784165582157896e-16
6.46519836243295594613e+03 1.26236458944220663823e-16
6.46879181083824187226e+03 1.28775816819267379276e-16
6.47238557895562735212e+03 1.30106158207503816021e-16
6.47597966623144566256e+03 1.27451218945839337220e-16
6.47957407211461031693e+03 1.23326111300793431707e-16
6.48316879605661961250e+03 1.19030862567914934507e-16
6.48676383751154935453e+03 1.16191859451634588986e-16
6.49035919593606195122e+03 1.16861204928270968074e-16
6.49395487078939549974e+03 1.23969334333352228935e-16
6.49755086153337379073e+03 1.24555989457987801270e-16
6.50114716763239903230e+03 1.19169817047184280494e-16
6.50474378855345639749e+03 1.24812771806066345917e-16
6.50834072376611402433e+03 1.19040785347523983783e-16
6.51193797274251664930e+03 1.24569167301772884817e-16
6.51553553495739470236e+03 1.16567923235388603055e-16
6.51913340988805975940e+03 1.24841682909745438670e-16
6.52273159701440272329e+03 1.29702237057867186403e-16
6.52633009581889746187e+03 1.27646523940783740202e-16
6.52992890578659716994e+03 1.22597369706152828656e-16
6.53352802640513982624e+03 1.22713182364181665148e-16
6.53712745716474273650e+03 1.21539825397449305740e-16
6.54072719755820435239e+03 1.27496030702575719382e-16
6.54432724708090427157e+03 1.25522162188668496902e-16
6.54792760523080596613e+03 1.23348870862560042000e-16
6.55152827150845132564e+03 1.23741628282925952535e-16
6.55512924541696520464e+03 1.21561089438472289061e-16
6.55873052646205360361e+03 1.25871130955522420465e-16
6.56233211415200457850e+03 1.27099735212202309337e-16
6.56593400799768460274e+03 1.25523640697840829216e-16
6.56953620751254675270e+03 1.24320649295314125886e-16
6.57313871221262161271e+03 1.23023723854637735260e-16
6.57674152161652091308e+03 1.24595715599037922516e-16
6.58034463524544025859e+03 1.25171478113798940115e-16
6.58394805262315458094e+03 1.24008678038526580101e-16
6.58755177327602359583e+03 1.24591439425850029455e-16
6.59115579673298270791e+03 1.25006312125275793030e-16
6.59476012252555210580e+03 1.25996530231622439823e-16
6.59836475018783494306e+03 1.20865789444866154928e-16
6.60196967925651370024e+03 1.24805658918312933912e-16
6.60557490927085200383e+03 1.25044504152198103844e-16
6.60918043977269553579e+03 1.24396284534160268951e-16
6.61278627030647112406e+03 1.24298468967993179525e-16
6.61639240041918856150e+03 1.24581964604624281155e-16
6.61999882966043514898e+03 1.17125221022095559814e-16
6.62360555758238388080e+03 1.24721087483225153563e-16
6.62721258373978707823e+03 1.24383792117497759492e-16
6.63081990768997820851e+03 1.21621887953015279252e-16
6.63442752899287370383e+03 1.24065484286002943181e-16
6.63803544721097023285e+03 1.20519410021268298167e-16
6.64164366190934470069e+03 1.18178124656118370543e-16
6.64525217265565788693e+03 1.17723197584664579556e-16
6.64886097902014989813e+03 1.15965025110883592825e-16
6.65247008057564562478e+03 1.22411856783028395356e-16
6.65607947689754564635e+03 1.18983183334700534224e-16
6.65968916756383714528e+03 1.21460795417702352570e-16
6.66329915215508663096e+03 1.19067028813190936269e-16
6.66690943025444084924e+03 1.16318342917220681087e-16
6.67052000144763042044e+03 1.21262708270019137898e-16
6.67413086532296620135e+03 1.16703555772121034229e-16
6.67774202147134110419e+03 1.15025924614254276430e-16
6.68135346948622736818e+03 1.17412684229156977167e-16
6.68496520896368019748e+03 1.12675609472409348709e-16
6.68857723950233776122e+03 1.13113178725863688834e-16
6.69218956070341482700e+03 1.08737249271149760374e-16
6.69580217217071367486e+03 1.12794823271173804708e-16
6.69941507351061409281e+03 1.12628887098995793089e-16
6.70302826433207701484e+03 1.11252515067635552589e-16
6.70664174424664633989e+03 1.11978978491810247050e-16
6.71025551286844893184e+03 1.12195411511300232004e-16
6.71386956981418825308e+03 1.12408082224761412506e-16
6.71748391470315345941e+03 1.10549824855169573846e-16
6.72109854715721303364e+03 1.08805543675410478063e-16
6.72471346680081842351e+03 1.17103245679184170563e-16
6.72832867326100131322e+03 1.10521812893463137371e-16
6.73194416616737453296e+03 1.13593220989252800345e-16
6.73555994515213296836e+03 1.08724283453401796488e-16
6.73917600985005265102e+03 1.08807833381516410306e-16
6.74279235989849075850e+03 1.08528631497554546291e-16
6.74640899493738652382e+03 1.12997029020274153774e-16
6.75002591460926032596e+03 1.12053006831923256743e-16
6.75364311855921368988e+03 1.09750939174081712235e-16
6.75726060643493110547e+03 1.08682438482339460485e-16
6.76087837788667457062e+03 1.06568056823321750625e-16
6.76449643256729177665e+03 1.08003229232406429763e-16
6.76811477013220974186e+03 1.10252135227474798587e-16
6.77173339023943663051e+03 1.14529803061307439798e-16
6.77535229254956357181e+03 1.14865886135666155804e-16
6.77897147672576011246e+03 1.11524897814859918277e-16
6.78259094243378240208e+03 1.16944486060163077419e-16
6.78621068934196227929e+03 1.16322507917177209467e-16
6.78983071712121636665e+03 1.21029945632035777797e-16
6.79345102544504061370e+03 1.21329061677341766824e-16
6.79707161398951575393e+03 1.13840345934827909979e-16
6.80069248243330002879e+03 1.16304823955206294335e-16
6.80431363045763646369e+03 1.14355864964802582929e-16
6.80793505774634468253e+03 1.11235545553891483791e-16
6.81155676398583273112e+03 1.12915551176633797069e-16
6.81517874886508343479e+03 1.10203963261271638886e-16
6.81880101207566531230e+03 1.11168935518862472145e-16
6.82242355331172529986e+03 1.09477912334501369869e-16
6.82604637226999511768e+03 1.14228153386086504766e-16
6.82966946864978308440e+03 1.07764941558684080129e-16
6.83329284215298503113e+03 1.09559272356255363045e-16
6.83691649248407247796e+03 1.10747628572206216574e-16
6.84054041935010172892e+03 1.15262690012258930216e-16
6.84416462246071023401e+03 1.16597774838566585014e-16
6.84778910152811477019e+03 1.21171873068167810540e-16
6.85141385626711598889e+03 1.23267663644614056036e-16
6.85503888639509477798e+03 1.15834858733371885572e-16
6.85866419163201317133e+03 1.15171177516790821411e-16
6.86228977170041525824e+03 1.14572558323385638429e-16
6.86591562632542627398e+03 1.16769388534189827104e-16
6.86954175523475259979e+03 1.24998538336138327200e-16
6.87316815815868176287e+03 1.24494426105207015751e-16
6.87679483483008425537e+03 1.12493022103534116493e-16
6.88042178498440989642e+03 1.17126415259493844042e-16
6.88404900835969237960e+03 1.12625242673682456957e-16
6.88767650469654381595e+03 1.18934529261984645903e-16
6.89130427373815928149e+03 1.12677934325325025474e-16
6.89493231523031681718e+03 1.15935617821432461029e-16
6.89856062892137197196e+03 1.18576053421849114650e-16
6.90218921456226598821e+03 1.14950329870726665543e-16
6.90581807190651761630e+03 1.11838635885147500477e-16
6.90944720071023039054e+03 1.14394846058203741433e-16
6.91307660073208717222e+03 1.10500242344052406534e-16
6.91670627173335378757e+03 1.14314531755305099714e-16
6.92033621347787448030e+03 1.16747152811410626230e-16
6.92396642573207918758e+03 1.20902499966746698414e-16
6.92759690826497535454e+03 1.21892288616555896532e-16
6.93122766084815339127e+03 1.17233126503446057969e-16
6.93485868325578667282e+03 1.18181624823439723650e-16
6.93848997526462699170e+03 1.21598483818243169344e-16
6.94212153665400910540e+03 1.27113152876940970522e-16
6.94575336720585073635e+03 1.27475189772810209874e-16
6.94938546670464711497e+03 1.24364392679846886903e-16
6.95301783493747825560e+03 1.26483750980475590407e-16
6.95665047169400349958e+03 1.29807365833154916730e-16
6.96028337676646697219e+03 1.32896880129073243516e-16
6.96391654994968848769e+03 1.28872298079582508808e-16
6.96754999104107446328e+03 1.21601394880179142167e-16
6.97118369984061155264e+03 1.23326172457251428525e-16
6.97481767615086573642e+03 1.24800756039014357066e-16
6.97845191977698505070e+03 1.25611103420154114663e-16
6.98208643052670049656e+03 1.20857879636034707406e-16
6.98572120821032513049e+03 1.18234900840544119054e-16
6.98935625264074860752e+03 1.14512067287598322179e-16
6.99299156363344809506e+03 1.13306307066547468287e-16
6.99662714100647644955e+03 1.22237974913525250093e-16
7.00026298458047403983e+03 1.18533148261965408106e-16
7.00389909417865783325e+03 1.22916325120173817560e-16
7.00753546962682685262e+03 1.27816774566993251365e-16
7.01117211075336399517e+03 1.23371491452860954623e-16
7.01480901738923057565e+03 1.19298415075664777327e-16
7.01844618936797269271e+03 1.20407764877314874175e-16
7.02208362652571304352e+03 1.27080585354384746525e-16
7.02572132870116092818e+03 1.22252803362003031125e-16
7.02935929573560406425e+03 1.23123955376927719361e-16
7.03299752747291131527e+03 1.20446394117453182926e-16
7.03663602375953541923e+03 1.25054307768608389751e-16
7.04027478444450753159e+03 1.22432599980949082880e-16
7.04391380937944268226e+03 1.21157912697858110191e-16
7.04755309841853522812e+03 1.20975873425366480174e-16
7.05119265141856249102e+03 1.19738782605060442570e-16
7.05483246823888202925e+03 1.27003455780615471684e-16
7.05847254874143436609e+03 1.21897257910108022300e-16
7.06211289279073935177e+03 1.18878877628850593695e-16
7.06575350025390071096e+03 1.22187870708566952832e-16
7.06939437100060058583e+03 1.28939521780586556236e-16
7.07303550490310590249e+03 1.44581328156753556546e-16
7.07667690183626109501e+03 1.40367546169337467831e-16
7.08031856167749720044e+03 1.41913677086133297625e-16
7.08396048430682094477e+03 1.37013061536807217200e-16
7.08760266960682383797e+03 1.33131774793657955488e-16
7.09124511746267762646e+03 1.35643700500609844241e-16
7.09488782776213702164e+03 1.23501297175816524570e-16
7.09853080039553606184e+03 1.21390583905663042867e-16
7.10217403525579265988e+03 1.24255789726382081725e-16
7.10581753223840314604e+03 1.24890495138820245138e-16
7.10946129124144590605e+03 1.20656229449893503554e-16
7.11310531216558410961e+03 1.24702742421875021384e-16
7.11674959491405752487e+03 1.22148911646312819362e-16
7.12039413939269070397e+03 1.21246212561864927113e-16
7.12403894550988752599e+03 1.22023235318703940411e-16
7.12768401317663483496e+03 1.18762842250513629381e-16
7.13132934230650062091e+03 1.22293997314615055747e-16
7.13497493281563401979e+03 1.25815634288078782779e-16
7.13862078462276440405e+03 1.23604135723418751651e-16
7.14226689764920502057e+03 1.19628203134361990636e-16
7.14591327181884753372e+03 1.18633554787695878930e-16
7.14955990705816657282e+03 1.15367160012805907139e-16
7.15320680329621973215e+03 1.15966740609829326352e-16
7.15685396046464393294e+03 1.15089148383881659738e-16
7.16050137849765724241e+03 1.18590194695998482027e-16
7.16414905733206069272e+03 1.19914738260632917940e-16
7.16779699690723464300e+03 1.13975991180463205120e-16
7.17144519716514332686e+03 1.09465334144128968624e-16
7.17509365805033121433e+03 1.07099072001500969902e-16
7.17874237950992483093e+03 1.06653582767924133442e-16
7.18239136149363002914e+03 1.02724119350250308600e-16
7.18604060395373562642e+03 1.06649568106396745701e-16
7.18969010684511158615e+03 1.05716600437994695505e-16
7.19333987012520992721e+03 1.04537245380375770680e-16
7.19698989375406381441e+03 1.08532959146666683679e-16
7.20064017769428664906e+03 1.05230675187377317620e-16
7.20429072191107479739e+03 1.05204397417452705594e-16
7.20794152637220486213e+03 1.09507599389356594895e-16
7.21159259104803550144e+03 1.14935780742272772600e-16
7.21524391591150742897e+03 1.18442652071279931675e-16
7.21889550093814068532e+03 1.22133343737742200064e-16
7.22254734610603736655e+03 1.15909402259948323098e-16
7.22619945139588435268e+03 1.15490957746780125442e-16
7.22985181679094421270e+03 1.15006585861199689600e-16
7.23350444227706611855e+03 1.12748387772991333684e-16
7.23715732784267675015e+03 1.08713485614445518342e-16
7.24081047347878666187e+03 1.05289792740716683776e-16
7.24446387917898573505e+03 1.14187910064774398701e-16
7.24811754493944863498e+03 1.10848222900379379622e-16
7.25177147075892753492e+03 1.08291244375621453071e-16
7.25542565663875757309e+03 1.11132517723701017846e-16
7.25908010258285685268e+03 1.13948394666175093779e-16
7.26273480859772280382e+03 1.09087939906294691250e-16
7.26638977469243491214e+03 1.03646154232738039864e-16
7.27004500087865471869e+03 1.02913958517863239557e-16
7.27370048717062309152e+03 1.05425118120356627361e-16
7.27735623358516477310e+03 1.03124003778589656596e-16
7.28101224014168474241e+03 1.00394531589806999966e-16
7.28466850686217003386e+03 9.93109773753876260908e-17
7.28832503377118882781e+03 1.02781298678247384940e-16
7.29198182089588863164e+03 1.06451010064634442889e-16
7.29563886826600173663e+03 9.80405635573087885825e-17
7.29929617591383976105e+03 1.05745728646269829806e-16
7.30295374387429546914e+03 1.02888141339011264091e-16
7.30661157218484640907e+03 1.06247787258721769314e-16
7.31026966088554672751e+03 9.75011771752072340068e-17
7.31392801001903444558e+03 1.00328643299831463841e-16
7.31758661963052873034e+03 1.04373533633335656735e-16
7.32124548976783080434e+03 1.01728821368739559019e-16
7.32490462048132303607e+03 1.02701457594463326232e-16
7.32856401182396712102e+03 1.07616629229625275289e-16
7.33222366385130953859e+03 1.01774032028884503314e-16
7.33588357662147427618e+03 1.00846453813616442163e-16
7.33954375019517192413e+03 1.07302617208551108559e-16
7.34320418463568967127e+03 1.04813597718506386696e-16
7.34686488000889767136e+03 1.03528125315287928449e-16
7.35052583638324722415e+03 1.01775248163592324671e-16
7.35418705382977350382e+03 9.63948742515986211360e-17
7.35784853242208919255e+03 1.01921554724362980671e-16
7.36151027223639266595e+03 9.84315141235113061266e-17
7.36517227335145980760e+03 9.71101309092906819658e-17
7.36883453584864764707e+03 1.00788761543302338220e-16
7.37249705981189981685e+03 9.66971599257585174209e-17
7.37615984532773472893e+03 9.08258207643229079933e-17
7.37982289248525830772e+03 9.72219232259418934325e-17
7.38348620137615398562e+03 9.84512715783636305904e-17
7.38714977209468634101e+03 9.75573854949669456804e-17
7.39081360473770291719e+03 9.77376763956556457572e-17
7.39447769940463331295e+03 9.56425089076089523875e-17
7.39814205619748827303e+03 9.30320097686812572530e-17
7.40180667522085605015e+03 9.32588034369598933510e-17
7.40547155658191331895e+03 9.45633535300714244882e-17
7.40913670039041244308e+03 9.04239540717904652364e-17
7.41280210675868875114e+03 9.32536920261442334201e-17
7.41646777580165871768e+03 9.53167633417523327405e-17
7.42013370763682360121e+03 9.59430429003665017128e-17
7.42379990238426034921e+03 9.69974455904887058754e-17
7.42746636016663069313e+03 9.64545012786382615222e-17
7.43113308110917932936e+03 9.85113738726088136790e-17
7.43480006533972755278e+03 9.58728028438547494571e-17
7.43846731298868326121e+03 9.90050549575512797548e-17
7.44213482418903095095e+03 9.61436077747894895603e-17
7.44580259907634081173e+03 9.56387924961104547489e-17
7.44947063778876145079e+03 9.36446513103000763011e-17
7.45313894046702534979e+03 9.63154555461721347750e-17
7.45680750725444340787e+03 9.63328190100479379908e-17
7.46047633829690948915e+03 9.67837110001794503263e-17
7.46414543374290042266e+03 9.59173727181666505198e-17
7.46781479374347145495e+03 9.83064531208463383293e-17
7.47148441845226079749e+03 9.41160177474895572354e-17
7.47515430802548871725e+03 9.28719069133524773264e-17
7.47882446262195480813e+03 9.17351793954688381092e-17
7.48249488240304344799e+03 9.70313738197442971484e-17
7.48616556753271652269e+03 9.64129767241981240933e-17
7.48983651817751888302e+03 9.66201924428101802510e-17
7.49350773450657834474e+03 9.97454269210003442879e-17
7.49717921669160386955e+03 9.68928977860111513015e-17
7.50085096490688192716e+03 9.99630173531404156261e-17
7.50452297932928377122e+03 9.44350928261697966372e-17
7.50819526013826362032e+03 1.01415813872639699672e-16
7.51186780751585320104e+03 1.06396142050486550910e-16
7.51554062164666811441e+03 1.06559088994440930545e-16
7.51921370271790419793e+03 1.08243939270372604466e-16
7.52288705091934025404e+03 1.14520293138056517338e-16
7.52656066644333259319e+03 1.20217231909091402522e-16
7.53023454948482503823e+03 1.05946600371064081208e-16
7.53390870024133892002e+03 1.03832243031528740011e-16
7.53758311891297671536e+03 1.10856004661910210435e-16
7.54125780570242204703e+03 1.13315139775573014535e-16
7.54493276081494332175e+03 1.14021901421679162563e-16
7.54860798445838736370e+03 1.11222078895400087177e-16
7.55228347684318214306e+03 1.06203971587004181596e-16
7.55595923818233950442e+03 1.09402941392365802268e-16
7.55963526869145061937e+03 1.13502851582862866246e-16
7.56331156858868780546e+03 1.07120700963433482011e-16
7.56698813809480634518e+03 1.07135470369930174445e-16
7.57066497743314175750e+03 1.02477679303749296108e-16
7.57434208682961252634e+03 9.66518399229228210012e-17
7.57801946651271737210e+03 9.11676857394776288497e-17
7.58169711671353434213e+03 9.01839638749294431172e-17
7.58537503766572808672e+03 8.98351474908797275683e-17
7.58905322960553894518e+03 7.96733290404327999946e-17
7.59273169277179295023e+03 8.07324589092030474303e-17
7.59641042740589455207e+03 7.75197145800503802564e-17
7.60008943375183207536e+03 7.15260777494750962598e-17
7.60376871205617317173e+03 7.10100143230200607374e-17
7.60744826256806936726e+03 9.06315062488294590576e-17
7.61112808553925060551e+03 8.66424058953691818221e-17
7.61480818122403070447e+03 8.04299032140845090335e-17
7.61848854987930280913e+03 8.52938519671056965257e-17
7.62216919176454211993e+03 8.64035811315505061223e-17
7.62585010714180771174e+03 8.16553578910735682329e-17
7.62953129627573616744e+03 8.91404715069643957206e-17
7.63321275943354885385e+03 9.18614097214723396089e-17
7.63689449688504555525e+03 9.64388246201940274598e-17
7.64057650890260993037e+03 8.77706930188388393563e-17
7.64425879576120496495e+03 9.00143159045716089315e-17
7.64794135773837660963e+03 8.40864148840293056557e-17
7.65162419511425196106e+03 8.92927862008142845887e-17
7.65530730817153835233e+03 8.79786498264012337316e-17
7.65899069719552699098e+03 8.83892746881829439943e-17
7.66267436247408750205e+03 8.70106175644046455541e-17
7.66635830429767338501e+03 9.38639205170280111872e-17
7.67004252295931655681e+03 9.63883331359777673888e-17
7.67372701875463553733e+03 9.68773412161394954932e-17
7.67741179198182362597e+03 1.01536420546657284553e-16
7.68109684294166072505e+03 9.59463860219726516064e-17
7.68478217193750606384e+03 1.00418889132798504501e-16
7.68846777927530092711e+03 9.66315971498029260128e-17
7.69215366526356592658e+03 9.66860578756068451575e-17
7.69583983021340645791e+03 9.25509794335323489224e-17
7.69952627443850633426e+03 9.08078175384488107582e-17
7.70321299825513233372e+03 9.63922121397122317178e-17
7.70690000198213328986e+03 9.96372653041321108694e-17
7.71058728594093736319e+03 1.10134430162518442026e-16
7.71427485045555658871e+03 1.07568950805136283896e-16
7.71796269585258141888e+03 1.03184352328104854582e-16
7.72165082246118618059e+03 9.80653823693447421350e-17
7.72533923061312452774e+03 9.94458559394068744713e-17
7.72902792064273489814e+03 1.02019030437860209857e-16
7.73271689288693414710e+03 1.05978595253469506313e-16
7.73640614768522027589e+03 1.07957821452241422359e-16
7.74009568537967516022e+03 1.02670780795656998583e-16
7.74378550631496000278e+03 1.09666858889654352257e-16
7.74747561083831897122e+03 1.01034480612973451899e-16
7.75116599929957556014e+03 1.03345985451969339555e-16
7.75485667205113531963e+03 1.00527509170643581617e-16
7.75854762944798858371e+03 1.02542350460245740803e-16
7.76223887184770137537e+03 9.97648101379478498190e-17
7.76593039961042632058e+03 1.05178963430300699579e-16
7.76962221309889355325e+03 1.02755645516596879020e-16
7.77331431267841617228e+03 9.25895461444011313517e-17
7.77700669871688933199e+03 1.01537970576262992240e-16
7.78069937158478933270e+03 1.02607063579057160972e-16
7.78439233165517180169e+03 1.00043606735365899039e-16
7.78808557930367805966e+03 9.01722549144416324019e-17
7.79177911490852602583e+03 9.48192054870574160824e-17
7.79547293885051840334e+03 9.32967055736216829782e-17
7.79916705151303722232e+03 9.12712142535526994955e-17
7.80286145328204838734e+03 9.16481896512409830458e-17
7.80655614454609531094e+03 9.57947168437958064771e-17
7.81025112569630800863e+03 8.88528169705314400210e-17
7.81394639712639218487e+03 8.64086219341751406553e-17
7.81764195923264014709e+03 9.77059086305029543043e-17
7.82133781241392171069e+03 9.15093874281368361881e-17
7.82503395707169056550e+03 8.89049245843776134149e-17
7.82873039360997972835e+03 9.24071464567807099371e-17
7.83242712243540609052e+03 9.23136957179361744879e-17
7.83612414395716677973e+03 9.12247203796446052769e-17
7.83982145858703825070e+03 9.57428611199937691695e-17
7.84351906673938174208e+03 9.04828907686123769982e-17
7.84721696883113872900e+03 8.32984483671853772116e-17
7.85091516528183092305e+03 9.16788027999037637674e-17
7.85461365651356300077e+03 9.37628846110752712243e-17
7.85831244295101987518e+03 8.21906085356481749429e-17
7.86201152502146851475e+03 7.49713310619524914691e-17
7.86571090315475703392e+03 8.11401456205038221910e-17
7.86941057778331469308e+03 8.42246745078611984610e-17
7.87311054934215280809e+03 8.81052216696469717204e-17
7.87681081826886475028e+03 8.28317417122216843814e-17
7.88051138500362230843e+03 8.47964062010648242415e-17
7.88421224998918205529e+03 8.46983860274313836354e-17
7.88791341367088080005e+03 9.38355830315816803507e-17
7.89161487649663649790e+03 8.36006513927463023864e-17
7.89531663891694734048e+03 8.42735394305276878217e-17
7.89901870138489539386e+03 8.30852129711233834429e-17
7.90272106435614296061e+03 8.44744291818569094166e-17
7.90642372828893167025e+03 8.70720002561350872192e-17
7.91012669364408975525e+03 8.22153454734016122296e-17
7.91382996088502113707e+03 8.43652225600562278344e-17
7.91753353047771452111e+03 7.65171880634614265666e-17
7.92123740289073975873e+03 8.36072738129242563463e-17
7.92494157859524602827e+03 8.04464412476519732539e-17
7.92864605806496729201e+03 8.47098647840587807748e-17
7.93235084177621502022e+03 9.14351647102442607864e-17
7.93605593020788546710e+03 8.55739551578775614950e-17
7.93976132384145421383e+03 8.65255899343106187108e-17
7.94346702316097798757e+03 9.09382686387883698003e-17
7.94717302865309829940e+03 8.85492509041717641582e-17
7.95087934080703416839e+03 8.36216810823147058617e-17
7.95458596011458757857e+03 9.12063189319784683117e-17
7.95829288707014165993e+03 8.30578685514464730036e-17
7.96200012217066068843e+03 8.96804232236712101952e-17
7.96570766591569190496e+03 8.84338735655645490675e-17
7.96941551880736187741e+03 9.11166448402916112545e-17
7.97312368135037922912e+03 7.28855647451161418655e-17
7.97683215405203554837e+03 8.85890201509115857333e-17
7.98054093742220175045e+03 7.93899144848214162540e-17
7.98425003197332989657e+03 8.54801875257344190199e-17
7.98795943822045592242e+03 7.50113684376120899568e-17
7.99166915668119600014e+03 9.06409226828963272411e-17
7.99537918787574653834e+03 7.67006547802289717806e-17
7.99908953232688600110e+03 8.40810327863942028544e-17
8.00280019055997490796e+03 7.95069642073810855445e-17
8.00651116310295583389e+03 8.50175452233927222627e-17
8.01022245048634977138e+03 8.51875657490464217657e-17
8.01393405324326158734e+03 8.89512577598376586806e-17
8.01764597190937729465e+03 8.63933020474305914858e-17
8.02135820702296405216e+03 7.99035122694262844133e-17
8.02507075912487107416e+03 8.24322222465871087645e-17
8.02878362875852690195e+03 8.20929289182394373622e-17
8.03249681646994395123e+03 7.94300268107646327348e-17
8.03621032280771396472e+03 8.26374000672596341937e-17
8.03992414832301255956e+03 9.00071518005328516700e-17
8.04363829356959286088e+03 9.17845631729246817541e-17
8.04735275910379459674e+03 8.54423544880783139871e-17
8.05106754548453500320e+03 8.72518343205300570982e-17
8.05478265327331246226e+03 9.30639433804969430467e-17
8.05849808303421013989e+03 8.64721952604886522987e-17
8.06221383533388871001e+03 8.90104340767861590991e-17
8.06592991074159454001e+03 8.71668104264493818533e-17
8.06964630982915059576e+03 9.03601123514733501005e-17
8.07336303317096462706e+03 8.31325344701758035992e-17
8.07708008134402552969e+03 8.44410947918673430983e-17
8.08079745492790243588e+03 8.89671496139190134022e-17
8.08451515450474471436e+03 8.58592255540696533128e-17
8.08823318065928651777e+03 9.03154193867086238215e-17
8.09195153397884132573e+03 8.33090396305615159223e-17
8.09567021505330467335e+03 8.57733419780706565523e-17
8.09938922447515142267e+03 8.99828566345055477908e-17
8.10310856283944121969e+03 8.76527941015958544789e-17
8.10682823074381303741e+03 9.19138474142975927202e-17
8.11054822878848790424e+03 8.77792324950274484577e-17
8.11426855757626799459e+03 9.38262552580699503615e-17
8.11798921771253571933e+03 8.85430951218895879264e-17
8.12171020980525736377e+03 8.64673716065221316933e-17
8.12543153446497854020e+03 8.53643183386416470685e-17
8.12915319230482782586e+03 8.33879683272006853834e-17
8.13287518394051403448e+03 9.18564122524157290526e-17
8.13659750999032803520e+03 8.32947281569365212267e-17
8.14032017107514093368e+03 8.40290098085032510205e-17
8.14404316781840680051e+03 8.17145704806465559087e-17
8.14776650084616085223e+03 8.16994394258557831016e-17
8.15149017078701945138e+03 7.94848755719226985103e-17
8.15521417827217919694e+03 8.02983043087030229911e-17
8.15893852393541965284e+03 7.51796901970911926966e-17
8.16266320841310061951e+03 7.14215472054999593558e-17
8.16638823234416486230e+03 8.01916616843685688499e-17
8.17011359637013447355e+03 7.71097652335926866845e-17
8.17383930113511632953e+03 7.87257003296001101616e-17
8.17756534728579390503e+03 8.18682565893836824374e-17
8.18129173547143636824e+03 7.75852924737050390768e-17
8.18501846634389221435e+03 8.24084877601674168223e-17
8.18874554055759017501e+03 7.99381696558235072880e-17
8.19247295876954376581e+03 7.83110175775577707120e-17
8.19620072163934673881e+03 7.37056152501378033857e-17
8.19992882982917035406e+03 8.00172159842340551580e-17
8.20365728400377338403e+03 7.88764584932066907560e-17
8.20738608483049029019e+03 8.44513324591477319833e-17
8.21111523297924395592e+03 8.78904400147204812218e-17
8.21484472912253113464e+03 8.70233179108123461717e-17
8.21857457393543336366e+03 7.96972234192622757391e-17
8.22230476809561514528e+03 7.79322106465868952429e-17
8.22603531228332030878e+03 7.62893267249141601960e-17
8.22976620718137382937e+03 7.56244589489610691981e-17
8.23349745347518182825e+03 7.87140892688581902157e-17
8.23722905185273521056e+03 8.26839213227223909318e-17
8.24096100300460238941e+03 8.22934137409913230900e-17
8.24469330762393656187e+03 8.60204687749540418669e-17
8.24842596640646661399e+03 8.35606904284806672161e-17
8.25215898005050985375e+03 8.06632969427661826855e-17
8.25589234925696109713e+03 7.94342954057582676380e-17
8.25962607472929812502e+03 8.14341108896115561025e-17
8.26336015717357622634e+03 8.75310838832563725470e-17
8.26709459729843729292e+03 8.26506730634208142436e-17
8.27082939581510254357e+03 8.56363842512966579876e-17
8.27456455343737434305e+03 8.48956477232193271596e-17
8.27830007088163620210e+03 7.76998368682831725163e-17
8.28203594886685277743e+03 7.41754002655845257491e-17
8.28577218811457169068e+03 7.59637281276348940662e-17
8.28950878934892170946e+03 8.41003816935312569334e-17
8.29324575329661092837e+03 7.51887470099847616888e-17
8.29698308068693222594e+03 7.57812385479625479265e-17
8.30072077225175598869e+03 8.51488802075269746310e-17
8.30445882872553556808e+03 8.55689965284095596891e-17
8.30819725084530909953e+03 7.69978942392775815404e-17
8.31193603935069040745e+03 7.94828713808582930584e-17
8.31567519498387810017e+03 9.22359949394308551611e-17
8.31941471848965193203e+03 8.11174199940505425224e-17
8.32315461061537280330e+03 8.17486872747483359414e-17
8.32689487211098094122e+03 6.17430961809470636957e-17
8.33063550372900317598e+03 5.10338280088560288537e-17
8.33437650622454202676e+03 8.76533866023111213860e-17
8.33811788035528479668e+03 8.36054249099362578978e-17
8.34185962688149811584e+03 8.35159574016142045780e-17
8.34560174656603339827e+03 8.47447246494482684844e-17
8.34934424017431956599e+03 8.50298995087541931316e-17
8.35308710847436850599e+03 8.59174947440218530812e-17
8.35683035223677325121e+03 7.78749360083189844175e-17
8.36057397223470979952e+03 7.98555175030179337540e-17
8.36431796924393529480e+03 8.17013963457539792200e-17
8.36806234404278438888e+03 8.11808172674823932454e-17
8.37180709741217833653e+03 8.76117079045179088314e-17
8.37555223013561771950e+03 8.99597246273643065680e-17
8.37929774299918062752e+03 8.44475346073523204807e-17
8.38304363679153539124e+03 8.55145384164208521480e-17
8.38678991230392421130e+03 9.36980117689483251359e-17
8.39053657033017225331e+03 8.73079081720330849620e-17
8.39428361166668764781e+03 8.03008453727995552330e-17
8.39803103711245967133e+03 8.20187345388762074342e-17
8.40177884746905874636e+03 8.90931595171052010711e-17
8.40552704354063462233e+03 9.09909299270799221182e-17
8.40927562613392365165e+03 8.58203184339044327061e-17
8.41302459605823605671e+03 7.72704204469333930130e-17
8.41677395412547230080e+03 7.84748963203324738144e-17
8.42052370115010489826e+03 9.13330047864180036918e-17
8.42427383794919660431e+03 8.06802084984026611329e-17
8.42802436534238586319e+03 8.29750254604353840482e-17
8.43177528415189226507e+03 7.37274640655130221825e-17
8.43552659520252018410e+03 6.09301436495014969281e-17
8.43927829932165514037e+03 6.89802213198196611693e-17
8.44303039733926198096e+03 8.31335355675080625987e-17
8.44678289008788487990e+03 8.27388703737150843332e-17
8.45053577840265825216e+03 7.87354650289777222051e-17
8.45428906312128674472e+03 8.47914998430913572429e-17
8.45804274508406160749e+03 7.83783771721264813725e-17
8.46179682513385887432e+03 8.13395539575237528245e-17
8.46555130411613208707e+03 8.15372338611393167338e-17
8.46930618287891411455e+03 8.12620310967508315409e-17
8.47306146227282442851e+03 7.23550723167179738052e-17
8.47681714315105818969e+03 8.04229151901257836343e-17
8.48057322636939898075e+03 7.94154159603623636677e-17
8.48432971278620425437e+03 7.87649588247988581897e-17
8.48808660326241988514e+03 7.91788711666165571353e-17
8.49184389866156743665e+03 8.70668879439347369452e-17
8.49560159984975325642e+03 8.96221548918284308611e-17
8.49935970769566301897e+03 8.14308581954820394482e-17
8.50311822307056536374e+03 7.92590709106749202484e-17
8.50687714684831007617e+03 7.92585825281165694602e-17
8.51063647990532626864e+03 8.49027986299913774216e-17
8.51439622312062965648e+03 7.56037848407179463015e-17
8.51815637737581164401e+03 7.99795590411873084216e-17
8.52191694355504841951e+03 7.86408255009905047674e-17
8.52567792254509549821e+03 7.70641527625165213413e-17
8.52943931523528954131e+03 8.04599091929016747244e-17
8.53320112251755381294e+03 8.06993459264975516148e-17
8.53696334528638544725e+03 8.00318865669829080294e-17
8.54072598443886818131e+03 8.71167534381416066087e-17
8.54448904087466326018e+03 7.72791794945763079281e-17
8.54825251549602035084e+03 8.14278282179350947537e-17
8.55201640920776117127e+03 7.58940142803007154879e-17
8.55578072291729586141e+03 7.70041661157901654877e-17
8.55954545753461206914e+03 7.74257722735075618105e-17
8.56331061397228222631e+03 7.42047390745996101471e-17
8.56707619314545627276e+03 7.70970208345338977497e-17
8.57084219597186893225e+03 7.70974137983084196401e-17
8.57460862337183425552e+03 8.06978680713831324996e-17
8.57837547626824925828e+03 7.60882743728164674706e-17
8.58214275558659028320e+03 8.12026979640109802092e-17
8.58591046225491845689e+03 8.29556484376348366469e-17
8.58967859720387059497e+03 7.57608543245464202128e-17
8.59344716136667193496e+03 7.82522002129494271171e-17
8.59721615567912158440e+03 7.59817122044558664658e-17
8.60098558107960889174e+03 7.53890574064382620879e-17
8.60475543850909707544e+03 7.36895575509972701733e-17
8.60852572891113413789e+03 7.77530759841895285488e-17
8.61229645323184922745e+03 7.99009135556758599887e-17
8.61606761241995263845e+03 7.36696402582955307996e-17
8.61983920742673399218e+03 8.11668706729532317974e-17
8.62361123920606769389e+03 7.98458033626547356279e-17
8.62738370871440747578e+03 7.34186636165943388455e-17
8.63115661691079185402e+03 7.45682525888659978278e-17
8.63492996475683321478e+03 6.76418968533437385980e-17
8.63870375321673418512e+03 7.15145252346020451790e-17
8.64247798325727490010e+03 7.07886345776765836916e-17
8.64625265584781300277e+03 7.11880885418798840614e-17
8.65002777196029455808e+03 6.84599439700595582775e-17
8.65380333256924313901e+03 6.85542524790352061417e-17
8.65757933865176346444e+03 6.49001839684575085050e-17
8.66135579118754321826e+03 6.98040026332673652400e-17
8.66513269115885123028e+03 6.26048559821331435400e-17
8.66891003955053565733e+03 7.48345135581325366858e-17
8.67268783735002944013e+03 6.05840987915754885594e-17
8.67646608554734484642e+03 6.67343737231020155127e-17
8.68024478513507528987e+03 7.10273981658276983435e-17
8.68402393710839714913e+03 6.67778534114079960067e-17
8.68780354246506612981e+03 7.54937196305260528232e-17
8.69158360220542090246e+03 6.92159033578318688940e-17
8.69536411733238310262e+03 7.16906554666196739148e-17
8.69914508885145005479e+03 6.81095212108433346995e-17
8.70292651777070568642e+03 6.92551960933815205429e-17
8.70670840510081507091e+03 7.14512750576783412420e-17
8.71049075185502260865e+03 6.99455091719359889502e-17
8.71427355904915566498e+03 6.64576869474554532283e-17
8.71805682770162093220e+03 7.19688369645708307069e-17
8.72184055883340806758e+03 6.60916230024897744404e-17
8.72562475346808787435e+03 7.35622790861698109648e-17
8.72940941263181412069e+03 7.02778101706262060273e-17
8.73319453735331990174e+03 7.35534746668063888218e-17
8.73698012866391945863e+03 7.03284038013043010371e-17
8.74076618759750817844e+03 7.06368925890607000902e-17
8.74455271519056805118e+03 6.97499426113988422507e-17
8.74833971248215311789e+03 7.34932424934098140897e-17
8.75212718051390947949e+03 7.31704322435329353899e-17
8.75591512033005346893e+03 7.24323648309502203136e-17
8.75970353297739347909e+03 7.96439965621572706681e-17
8.76349241950531359180e+03 7.42494800353227197306e-17
8.76728178096577721590e+03 7.42025522464817856050e-17
8.77107161841333436314e+03 6.49786460289985540036e-17
8.77486193290511255327e+03 6.59291219459460366737e-17
8.77865272550082408998e+03 7.03958301030577318211e-17
8.78244399726276060392e+03 8.04215434682279209206e-17
8.78623574925579305273e+03 7.79968894411376208312e-17
8.79002798254738081596e+03 7.51792781007521317223e-17
8.79382069820755532419e+03 7.31777174347557596683e-17
8.79761389730893642991e+03 8.42191423754048408853e-17
8.80140758092672149360e+03 7.84808694380367892890e-17
8.80520175013869447866e+03 7.68984392002636237030e-17
8.80899640602521321853e+03 8.23230613495660452327e-17
8.81279154966922214953e+03 6.80813397386390611722e-17
8.81658718215624503500e+03 7.65335244474251369194e-17
8.82038330457438860321e+03 8.98555741160149708038e-17
8.82417991801434254739e+03 7.99375077111332135471e-17
8.82797702356937043078e+03 8.48501797809480367672e-17
8.83177462233532605751e+03 5.97469719518910243092e-17
8.83557271541064073972e+03 7.86037408234064578019e-17
8.83937130389632693550e+03 6.77842008158661626018e-17
8.84317038889598006790e+03 6.99938954085073605988e-17
8.84696997151577306795e+03 8.12993754767066101005e-17
8.85077005286446546961e+03 7.23085699700817936170e-17
8.85457063405339431483e+03 8.21864711906582265208e-17
8.85837171619648142951e+03 8.14493572399868746915e-17
8.86217330041022614751e+03 8.17774833541147193226e-17
8.86597538781371258665e+03 8.56247394443028071681e-17
8.86977797952860419173e+03 8.09967522862943663873e-17
8.87358107667914737249e+03 7.83658265898565660953e-17
8.87738468039216786565e+03 7.51009055453852975343e-17
8.88118879179707619187e+03 8.07119272295259061564e-17
8.88499341202586037980e+03 7.51375653741113124348e-17
8.88879854221309142304e+03 8.06836186842521174582e-17
8.89260418349592328013e+03 7.57862792792601666725e-17
8.89641033701408923662e+03 7.84272638791061334281e-17
8.90021700390990372398e+03 8.39057976752748933850e-17
8.90402418532826413866e+03 8.28596123286783195779e-17
8.90783188241665084206e+03 9.20156678891718372076e-17
8.91164009632511988457e+03 7.60624737109707080552e-17
8.91544882820631391951e+03 8.92225904168945368023e-17
8.91925807921545674617e+03 9.02551547509750848729e-17
8.92306785051034967182e+03 8.76742591064501528004e-17
8.92687814325137878768e+03 8.63534497754732461102e-17
8.93068895860151314992e+03 9.11123589273627130402e-17
8.93450029772629568470e+03 7.57581720975603595728e-17
8.93831216179386137810e+03 7.88026492518186274277e-17
8.94212455197491726722e+03 9.12730032222871129488e-17
8.94593746944275699207e+03 8.71478885569256466868e-17
8.94975091537325351965e+03 8.74656330383663997557e-17
8.95356489094486278191e+03 9.89836985053198711516e-17
8.95737939733862003777e+03 1.07865680513517959163e-16
8.96119443573814351112e+03 8.99458033160646045859e-17
8.96501000732963439077e+03 8.31992885265974940568e-17
8.96882611330187137355e+03 7.68182370559929484770e-17
8.97264275484621612122e+03 7.97455747331922136759e-17
8.97645993315661326051e+03 7.56801765051089485826e-17
8.98027764942958674510e+03 8.54397416566745093425e-17
8.98409590486424349365e+03 7.83099558041391739022e-17
8.98791470066227157076e+03 8.82198086660197826736e-17
8.99173403802793836803e+03 8.28294309500652460331e-17
8.99555391816809606098e+03 6.94030958093616262292e-17
8.99937434229217615211e+03 7.09838148902900202048e-17
9.00319531161219128990e+03 7.97468134154100294891e-17
9.00701682734273708775e+03 7.33805864883734910190e-17
9.01083889070098848606e+03 7.98564984676573826014e-17
9.01466150290670339018e+03 7.82581500810938300899e-17
9.01848466518222267041e+03 7.70741836404320511874e-17
9.02230837875246288604e+03 7.67141596921557422819e-17
9.02613264484492719930e+03 7.47964171902114695253e-17
9.02995746468969991838e+03 8.44587692834232038271e-17
9.03378283951944467844e+03 9.05589187568479375720e-17
9.03760877056940807961e+03 8.86123275685141219227e-17
9.04143525907741604897e+03 8.29256553204895012612e-17
9.04526230628387929755e+03 8.17612564204645876052e-17
9.04908991343178422539e+03 8.39065546972921632465e-17
9.05291808176670747343e+03 8.27929609471124004516e-17
9.05674681253679773363e+03 7.39579300585385581696e-17
9.06057610699279030086e+03 7.29424223626818267001e-17
9.06440596638800343499e+03 7.08165410131814457418e-17
9.06823639197833108483e+03 6.95189271997987748773e-17
9.07206738502225380216e+03 7.83922657958418205659e-17
9.07589894678082964674e+03 7.18338445204645322085e-17
9.07973107851770146226e+03 8.53565264477374940145e-17
9.08356378149909141939e+03 8.55945552163809172982e-17
9.08739705699380283477e+03 8.44907152752060215731e-17
9.09123090627322380897e+03 7.56950639194381679308e-17
9.09506533061131995055e+03 8.32941167425493954822e-17
9.09890033128463801404e+03 8.20809392623331086720e-17
9.10273590957230953791e+03 7.85203198549323335974e-17
9.10657206675604538759e+03 8.03164385123591201377e-17
9.11040880412013757450e+03 7.61583697824026654865e-17
9.11424612295145925600e+03 8.17755144988560812963e-17
9.11808402453946837340e+03 8.16690051980104947277e-17
9.12192251017620037601e+03 7.82532504739651061808e-17
9.12576158115627185907e+03 8.40978377174692751146e-17
9.12960123877688602079e+03 7.66649878279778691283e-17
9.13344148433781992935e+03 7.46658810522497933620e-17
9.13728231914143907488e+03 7.66262583416584491379e-17
9.14112374449268463650e+03 7.36671990154143676371e-17
9.14496576169908439624e+03 7.06592987044914539515e-17
9.14880837207074182515e+03 7.53218836693813271145e-17
9.15265157692034699721e+03 7.27576162413576424694e-17
9.15649537756316931336e+03 6.57931142882685388848e-17
9.16033977531705932051e+03 6.19973787538110489418e-17
9.16418477150244871154e+03 6.98086810354060054151e-17
9.16803036744235214428e+03 7.10823057118074790564e-17
9.17187656446236360352e+03 7.02652851069559844874e-17
9.17572336389066003903e+03 7.12303463934057544518e-17
9.17957076705799954652e+03 6.53209871473371084652e-17
9.18341877529771954869e+03 6.87325621187034693229e-17
9.18726738994574225217e+03 7.35893122357096483738e-17
9.19111661234056919056e+03 6.24557522773827586345e-17
9.19496644382328486245e+03 7.18666878074600067078e-17
9.19881688573755309335e+03 7.11262485682102525795e-17
9.20266793942961885477e+03 6.63476588059556773097e-17
9.20651960624831190216e+03 7.27017312200635169272e-17
9.21037188754504131794e+03 7.00457795364561071947e-17
9.21422478467379551148e+03 6.82508098067786549591e-17
9.21807829899114949512e+03 6.78925750353497910691e-17
9.22193243185625215119e+03 7.61707867760281249207e-17
9.22578718463084078394e+03 7.25708562747270620401e-17
9.22964255867923202459e+03 6.97069674358352682450e-17
9.23349855536832365033e+03 6.58405534728764918635e-17
9.23735517606759094633e+03 6.98390928313964554918e-17
9.24121242214909761969e+03 7.21374602743531774379e-17
9.24507029498748488550e+03 6.79869919900705196357e-17
9.24892879595997328579e+03 6.64065313996482071504e-17
9.25278792644636996556e+03 7.09836884242410953183e-17
9.25664768782906139677e+03 6.16970559264433347026e-17
9.26050808149301155936e+03 6.49606726597299259221e-17
9.26436910882577285520e+03 7.25926537252357236389e-17
9.26823077121747155616e+03 7.23644802478222566679e-17
9.27209307006082235603e+03 7.27849445049965301382e-17
9.27595600675111563760e+03 7.54053827594799877215e-17
9.27981958268622838659e+03 7.23617859882944754396e-17
9.28368379926661327772e+03 7.16941446802615041509e-17
9.28754865789531140763e+03 6.58749441012879167447e-17
9.29141415997793592396e+03 7.44350620384311085725e-17
9.29528030692269203428e+03 6.41858935742676388312e-17
9.29914710014035699714e+03 6.69285250282579139234e-17
9.30301454104429467407e+03 6.74735435228247908335e-17
9.30688263105045189150e+03 7.04561730352541064323e-17
9.31075137157734934590e+03 6.89488297371177657157e-17
9.31462076404609797464e+03 7.36848032638827530249e-17
9.31849080988038440410e+03 6.32171543666138187601e-17
9.32236151050647822558e+03 5.66534102620050833275e-17
9.32623286735323017638e+03 6.41337910189907875719e-17
9.33010488185207395873e+03 4.49109938868044111442e-17
9.33397755543702442083e+03 4.47756160334838042230e-17
9.33785088954467391886e+03 6.34316372135755786356e-17
9.34172488561420141195e+03 4.29214219907028816617e-17
9.34559954508736336720e+03 4.34516527069397555672e-17
9.34947486940850103565e+03 4.03149328228608573297e-17
9.35335086002453499532e+03 4.65409732958124132013e-17
9.35722751838496697019e+03 4.90976464330717922507e-17
9.36110484594187983021e+03 4.93968066213151465112e-17
9.36498284414994122926e+03 5.74857172206434045502e-17
9.36886151446639632923e+03 5.74809979106565370808e-17
9.37274085835107143794e+03 6.79908119217612567594e-17
9.37662087726637946616e+03 6.93097972686395561810e-17
9.38050157267730901367e+03 6.11796153090265940703e-17
9.38438294605143164517e+03 4.47369988018861230186e-17
9.38826499885890189034e+03 6.89072994975621512165e-17
9.39214773257245360583e+03 5.27553795745371331868e-17
9.39603114866740543221e+03 4.26510579827225517630e-17
9.39991524862165533705e+03 7.69824794221497531897e-17
9.40380003391567879589e+03 6.75725759484396628564e-17
9.40768550603253970621e+03 6.02613626353841663053e-17
9.41157166645787765447e+03 6.13933940607731247417e-17
9.41545851667991883005e+03 5.76239949673899772672e-17
9.41934605818946511135e+03 6.28724648858280862002e-17
9.42323429247990497970e+03 7.00236294813863380042e-17
9.42712322104720442439e+03 6.08121925641330685383e-17
9.43101284538991421869e+03 7.29327877861742569239e-17
9.43490316700916264381e+03 7.08160589604710399870e-17
9.43879418740866458393e+03 5.53711200517583679291e-17
9.44268590809470879321e+03 5.96245541518647162644e-17
9.44657833057617244776e+03 5.97755737781454628132e-17
9.45047145636451386963e+03 6.61677700947370109776e-17
9.45436528697376525088e+03 6.47862394142065598385e-17
9.45825982392054902448e+03 6.10173041429951777087e-17
9.46215506872406513139e+03 3.74314237604667618944e-17
9.46605102290609465854e+03 6.36760781224768012183e-17
9.46994768799099983880e+03 6.77838006812621957812e-17
9.47384506550572587003e+03 5.32194380596339944766e-17
9.47774315697979909601e+03 5.64681952881184423656e-17
9.48164196394532518752e+03 5.88693460238357379514e-17
9.48554148793699459929e+03 5.47418636508040078016e-17
9.48944173049207711301e+03 6.75805576844294218508e-17
9.49334269315042365633e+03 6.56173265260416419865e-17
9.49724437745446630288e+03 4.81328446276264970930e-17
9.50114678494922009122e+03 6.31171274730493462849e-17
9.50504991718228120590e+03 5.05843680836082986488e-17
9.50895377570382515842e+03 4.82470978649021625461e-17
9.51285836206661224423e+03 5.76023105305664025385e-17
9.51676367782598208578e+03 5.70785693130789734469e-17
9.52066972453985363245e+03 6.74572990410024150293e-17
9.52457650376873243658e+03 6.81858506290103221230e-17
9.52848401707569973951e+03 6.01453667782285687100e-17
9.53239226602642520447e+03 6.57487249253531900755e-17
9.53630125218915054575e+03 5.55929578779928884750e-17
9.54021097713470771851e+03 6.26726429292233681852e-17
9.54412144243650618591e+03 5.97984880624658437894e-17
9.54803264967053473811e+03 7.10260312278694609557e-17
9.55194460041536876815e+03 6.29251014579081751747e-17
9.55585729625215935812e+03 5.55641544911589065045e-17
9.55977073876464419300e+03 5.97165723042659713911e-17
9.56368492953913846577e+03 7.01289980778564156331e-17
9.56759987016454033437e+03 6.62721813809732984251e-17
9.57151556223232910270e+03 6.85506153724709560792e-17
9.57543200733656703960e+03 5.38639050344121906535e-17
9.57934920707389574090e+03 7.22997797967418418795e-17
9.58326716304353976739e+03 4.45945674135151987616e-17
9.58718587684730118781e+03 7.39056860912492513680e-17
9.59110535008957049286e+03 4.42340954453797941213e-17
9.59502558437731204322e+03 6.35188572727512029702e-17
9.59894658132007862150e+03 5.47563662253553281920e-17
9.60286834252999869932e+03 6.35320148729479494544e-17
9.60679086962178371323e+03 5.92907194508861059273e-17
9.61071416421272806474e+03 5.52753045201625811910e-17
9.61463822792270912032e+03 6.34201153386113028964e-17
9.61856306237417993543e+03 6.24440278111490136009e-17
9.62248866919217834948e+03 6.06490246183560088718e-17
9.62641505000432698580e+03 5.98661726526466420405e-17
9.63034220644082233775e+03 6.25653557183067607983e-17
9.63427014013444750162e+03 7.55439624064909845215e-17
9.63819885272056671965e+03 4.79966926103213358904e-17
9.64212834583712538006e+03 6.09625195145920542162e-17
9.64605862112464637903e+03 5.18184115240116854371e-17
9.64998968022624103469e+03 3.50228590420925658396e-17
