3400.0 3.9193e-16
3401.525 4.3861e-16
3403.05 4.3572e-16
3404.575 4.4534e-16
3406.1 3.8552e-16
3407.625 3.2324e-16
3409.15 2.7888e-16
3410.675 2.8813e-16
3412.2 3.7109e-16
3413.725 3.6643e-16
3415.25 3.0204e-16
3416.775 2.5706e-16
3418.3 2.8933e-16
3419.825 4.0657e-16
3421.35 3.6719e-16
3422.875 3.5457e-16
3424.4 4.6107e-16
3425.925 4.7356e-16
3427.45 2.9177e-16
3428.975 3.8545e-16
3430.5 4.6487e-16
3432.025 4.1629e-16
3433.55 3.3655e-16
3435.075 3.3937e-16
3436.6 4.0496e-16
3438.125 3.4152e-16
3439.65 2.8925e-16
3441.175 3.1697e-16
3442.7 3.6976e-16
3444.225 4.0931e-16
3445.75 4.1341e-16
3447.275 4.4736e-16
3448.8 3.0387e-16
3450.325 3.4035e-16
3451.85 3.4012e-16
3453.375 3.5304e-16
3454.9 2.6765e-16
3456.425 2.89e-16
3457.95 3.8071e-16
3459.475 4.5203e-16
3461.0 3.5269e-16
3462.525 4.5222e-16
3464.05 3.3332e-16
3465.575 3.9118e-16
3467.1 4.1434e-16
3468.625 3.5279e-16
3470.15 3.743e-16
3471.675 4.4358e-16
3473.2 2.8737e-16
3474.725 2.7383e-16
3476.25 2.4821e-16
3477.775 3.1407e-16
3479.3 4.8355e-16
3480.825 4.5262e-16
3482.35 3.5558e-16
3483.875 3.5886e-16
3485.4 4.1893e-16
3486.925 3.3335e-16
3488.45 3.8366e-16
3489.975 4.4261e-16
3491.5 4.6427e-16
3493.025 4.0336e-16
3494.55 3.4288e-16
3496.075 3.1292e-16
3497.6 4.0156e-16
3499.125 3.5495e-16
3500.65 4.5096e-16
3502.175 3.7595e-16
3503.7 2.6357e-16
3505.225 3.9143e-16
3506.75 3.3021e-16
3508.275 3.3205e-16
3509.8 3.1519e-16
3511.325 3.4299e-16
3512.85 3.7702e-16
3514.375 3.554e-16
3515.9 4.1798e-16
3517.425 4.0712e-16
3518.95 3.3041e-16
3520.475 3.7861e-16
3522.0 4.0451e-16
3523.525 3.4913e-16
3525.05 3.6596e-16
3526.575 3.585e-16
3528.1 3.8658e-16
3529.625 3.7416e-16
3531.15 3.1219e-16
3532.675 2.9803e-16
3534.2 3.1729e-16
3535.725 4.1071e-16
3537.25 3.546e-16
3538.775 3.1713e-16
3540.3 3.7927e-16
3541.825 3.8781e-16
3543.35 3.6853e-16
3544.875 3.5766e-16
3546.4 3.251e-16
3547.925 3.9273e-16
3549.45 3.6465e-16
3550.975 3.5754e-16
3552.5 2.9735e-16
3554.025 3.4198e-16
3555.55 3.9158e-16
3557.075 4.0914e-16
3558.6 3.1527e-16
3560.125 3.5054e-16
3561.65 3.9114e-16
3563.175 4.2606e-16
3564.7 3.598e-16
3566.225 3.5396e-16
3567.75 4.2707e-16
3569.275 3.5538e-16
3570.8 4.6754e-16
3572.325 4.4064e-16
3573.85 5.0271e-16
3575.375 4.7093e-16
3576.9 4.6708e-16
3578.425 3.0088e-16
3579.95 3.2082e-16
3581.475 2.9761e-16
3583.0 3.8108e-16
3584.525 3.2416e-16
3586.05 3.2348e-16
3587.575 3.7333e-16
3589.1 3.4089e-16
3590.625 3.8379e-16
3592.15 3.8185e-16
3593.675 3.1649e-16
3595.2 3.8996e-16
3596.725 4.3042e-16
3598.25 3.7473e-16
3599.775 3.7752e-16
3601.3 4.0097e-16
3602.825 3.7351e-16
3604.35 3.4472e-16
3605.875 4.4798e-16
3607.4 4.0921e-16
3608.925 3.3589e-16
3610.45 2.9809e-16
3611.975 3.1742e-16
3613.5 3.9533e-16
3615.025 3.6684e-16
3616.55 3.3387e-16
3618.075 4.0693e-16
3619.6 3.3907e-16
3621.125 3.2913e-16
3622.65 3.9975e-16
3624.175 4.8549e-16
3625.7 4.6328e-16
3627.225 3.6489e-16
3628.75 3.5201e-16
3630.275 3.5389e-16
3631.8 3.6941e-16
3633.325 4.0612e-16
3634.85 4.3402e-16
3636.375 3.6587e-16
3637.9 3.0798e-16
3639.425 3.9974e-16
3640.95 3.9365e-16
3642.475 3.5425e-16
3644.0 3.7638e-16
3645.525 3.6253e-16
3647.05 3.3864e-16
3648.575 4.3641e-16
3650.1 4.8394e-16
3651.625 3.4915e-16
3653.15 2.7815e-16
3654.675 3.7984e-16
3656.2 3.7538e-16
3657.725 3.2558e-16
3659.25 3.8955e-16
3660.775 3.9806e-16
3662.3 4.075e-16
3663.825 3.9133e-16
3665.35 3.5148e-16
3666.875 3.4615e-16
3668.4 4.1044e-16
3669.925 3.9866e-16
3671.45 3.6689e-16
3672.975 4.1996e-16
3674.5 4.1648e-16
3676.025 3.8247e-16
3677.55 4.0536e-16
3679.075 3.8e-16
3680.6 3.62e-16
3682.125 3.7618e-16
3683.65 3.5648e-16
3685.175 3.9484e-16
3686.7 3.4255e-16
3688.225 3.6957e-16
3689.75 3.9664e-16
3691.275 3.8756e-16
3692.8 4.1961e-16
3694.325 3.6318e-16
3695.85 4.4001e-16
3697.375 4.3554e-16
3698.9 4.1068e-16
3700.425 4.4335e-16
3701.95 4.1434e-16
3703.475 3.7507e-16
3705.0 3.5308e-16
3706.525 3.4849e-16
3708.05 3.6905e-16
3709.575 3.8496e-16
3711.1 3.3395e-16
3712.625 3.6924e-16
3714.15 3.4058e-16
3715.675 5.0689e-16
3717.2 4.0164e-16
3718.725 3.9345e-16
3720.25 3.4789e-16
3721.775 3.664e-16
3723.3 3.9163e-16
3724.825 4.1601e-16
3726.35 4.0773e-16
3727.875 3.9768e-16
3729.4 3.3292e-16
3730.925 3.5761e-16
3732.45 4.221e-16
3733.975 4.1903e-16
3735.5 4.0351e-16
3737.025 4.452e-16
3738.55 4.82e-16
3740.075 4.2172e-16
3741.6 4.2748e-16
3743.125 3.6222e-16
3744.65 3.9501e-16
3746.175 4.0608e-16
3747.7 3.4944e-16
3749.225 3.7424e-16
3750.75 4.3408e-16
3752.275 4.177e-16
3753.8 4.2718e-16
3755.325 4.237e-16
3756.85 4.3884e-16
3758.375 3.9447e-16
3759.9 4.1548e-16
3761.425 3.9491e-16
3762.95 3.9709e-16
3764.475 4.2274e-16
3766.0 3.999e-16
3767.525 4.2502e-16
3769.05 3.5617e-16
3770.575 4.0192e-16
3772.1 4.5355e-16
3773.625 3.8269e-16
3775.15 4.0157e-16
3776.675 3.7503e-16
3778.2 3.6058e-16
3779.725 4.0219e-16
3781.25 4.5399e-16
3782.775 4.0893e-16
3784.3 4.0134e-16
3785.825 4.0871e-16
3787.35 3.7949e-16
3788.875 4.3724e-16
3790.4 3.9563e-16
3791.925 4.0262e-16
3793.45 4.4182e-16
3794.975 4.0123e-16
3796.5 3.6428e-16
3798.025 3.9318e-16
3799.55 3.9255e-16
3801.075 3.7434e-16
3802.6 3.5693e-16
3804.125 3.8853e-16
3805.65 3.9457e-16
3807.175 4.651e-16
3808.7 3.9585e-16
3810.225 4.2155e-16
3811.75 4.6293e-16
3813.275 4.8466e-16
3814.8 4.362e-16
3816.325 4.5633e-16
3817.85 4.698e-16
3819.375 4.4324e-16
3820.9 4.1144e-16
3822.425 4.6738e-16
3823.95 7.2195e-16
3825.475 1.1201e-15
3827.0 1.4036e-15
3828.525 1.2358e-15
3830.05 9.202e-16
3831.575 5.8801e-16
3833.1 4.3767e-16
3834.625 4.5445e-16
3836.15 4.3066e-16
3837.675 4.2538e-16
3839.2 4.3771e-16
3840.725 4.9971e-16
3842.25 4.7485e-16
3843.775 4.5515e-16
3845.3 4.5632e-16
3846.825 4.6993e-16
3848.35 4.3375e-16
3849.875 3.7489e-16
3851.4 4.3387e-16
3852.925 4.6322e-16
3854.45 4.6287e-16
3855.975 4.9641e-16
3857.5 5.0498e-16
3859.025 4.3516e-16
3860.55 4.8918e-16
3862.075 5.2727e-16
3863.6 4.9161e-16
3865.125 4.6647e-16
3866.65 4.7693e-16
3868.175 4.8816e-16
3869.7 4.0418e-16
3871.225 4.2666e-16
3872.75 5.2445e-16
3874.275 4.9229e-16
3875.8 4.462e-16
3877.325 4.577e-16
3878.85 5.7824e-16
3880.375 6.4014e-16
3881.9 5.9617e-16
3883.425 5.6682e-16
3884.95 5.1353e-16
3886.475 5.3733e-16
3888.0 5.1032e-16
3889.525 5.1992e-16
3891.05 4.5911e-16
3892.575 5.2259e-16
3894.1 5.349e-16
3895.625 4.7461e-16
3897.15 4.0692e-16
3898.675 4.3914e-16
3900.2 4.0681e-16
3901.725 4.2318e-16
3903.25 4.944e-16
3904.775 5.1508e-16
3906.3 4.7571e-16
3907.825 5.1125e-16
3909.35 6.2218e-16
3910.875 5.9195e-16
3912.4 5.6371e-16
3913.925 5.3311e-16
3915.45 5.1575e-16
3916.975 5.2211e-16
3918.5 5.6568e-16
3920.025 5.2711e-16
3921.55 5.1172e-16
3923.075 5.7603e-16
3924.6 5.9567e-16
3926.125 5.1264e-16
3927.65 4.8797e-16
3929.175 5.1351e-16
3930.7 4.7722e-16
3932.225 4.5571e-16
3933.75 4.8791e-16
3935.275 4.2209e-16
3936.8 3.8625e-16
3938.325 3.9717e-16
3939.85 4.1657e-16
3941.375 3.9966e-16
3942.9 3.7976e-16
3944.425 4.5331e-16
3945.95 5.2493e-16
3947.475 5.4298e-16
3949.0 5.3514e-16
3950.525 5.4905e-16
3952.05 5.6262e-16
3953.575 5.5705e-16
3955.1 6.1225e-16
3956.625 6.0098e-16
3958.15 5.599e-16
3959.675 5.5385e-16
3961.2 5.7045e-16
3962.725 5.3216e-16
3964.25 5.4746e-16
3965.775 6.2397e-16
3967.3 6.3102e-16
3968.825 6.1431e-16
3970.35 5.5604e-16
3971.875 5.7576e-16
3973.4 5.9188e-16
3974.925 5.8626e-16
3976.45 5.9579e-16
3977.975 5.6416e-16
3979.5 5.7901e-16
3981.025 5.2778e-16
3982.55 5.4016e-16
3984.075 5.1474e-16
3985.6 5.3177e-16
3987.125 5.1291e-16
3988.65 4.5854e-16
3990.175 4.1158e-16
3991.7 4.3156e-16
3993.225 5.0986e-16
3994.75 4.7324e-16
3996.275 5.0832e-16
3997.8 4.8512e-16
3999.325 4.8418e-16
4000.85 5.2521e-16
4002.375 4.9767e-16
4003.9 5.6861e-16
4005.425 5.9449e-16
4006.95 5.3751e-16
4008.475 5.4886e-16
4010.0 5.9214e-16
4011.525 6.2054e-16
4013.05 6.2758e-16
4014.575 6.2827e-16
4016.1 5.6497e-16
4017.625 6.0557e-16
4019.15 6.3794e-16
4020.675 6.578e-16
4022.2 5.9365e-16
4023.725 5.8625e-16
4025.25 5.3384e-16
4026.775 5.9794e-16
4028.3 5.7278e-16
4029.825 5.3065e-16
4031.35 5.429e-16
4032.875 5.3998e-16
4034.4 4.8864e-16
4035.925 4.3646e-16
4037.45 4.6393e-16
4038.975 3.9464e-16
4040.5 3.7617e-16
4042.025 4.8834e-16
4043.55 4.8506e-16
4045.075 7.0078e-16
4046.6 6.963e-16
4048.125 5.0502e-16
4049.65 6.3509e-16
4051.175 5.6578e-16
4052.7 5.5378e-16
4054.225 5.9605e-16
4055.75 5.7468e-16
4057.275 5.7882e-16
4058.8 5.758e-16
4060.325 5.8962e-16
4061.85 5.6136e-16
4063.375 5.4923e-16
4064.9 5.7196e-16
4066.425 5.259e-16
4067.95 5.3275e-16
4069.475 4.9802e-16
4071.0 4.9299e-16
4072.525 4.2969e-16
4074.05 4.7487e-16
4075.575 4.6349e-16
4077.1 4.6231e-16
4078.625 4.3502e-16
4080.15 4.528e-16
4081.675 4.6759e-16
4083.2 5.0597e-16
4084.725 5.8144e-16
4086.25 6.5272e-16
4087.775 5.9606e-16
4089.3 5.999e-16
4090.825 6.2301e-16
4092.35 6.4434e-16
4093.875 6.179e-16
4095.4 5.6919e-16
4096.925 6.0457e-16
4098.45 6.2149e-16
4099.975 6.3526e-16
4101.5 6.0546e-16
4103.025 6.3955e-16
4104.55 6.6926e-16
4106.075 6.6571e-16
4107.6 7.1164e-16
4109.125 5.9913e-16
4110.65 6.3171e-16
4112.175 6.3137e-16
4113.7 6.1218e-16
4115.225 6.7571e-16
4116.75 6.9067e-16
4118.275 6.9641e-16
4119.8 7.06e-16
4121.325 6.8556e-16
4122.85 6.8005e-16
4124.375 6.1916e-16
4125.9 6.6497e-16
4127.425 7.1614e-16
4128.95 7.034e-16
4130.475 6.4154e-16
4132.0 6.3945e-16
4133.525 7.2568e-16
4135.05 7.1199e-16
4136.575 6.8507e-16
4138.1 6.6034e-16
4139.625 6.929e-16
4141.15 6.9097e-16
4142.675 6.8284e-16
4144.2 6.925e-16
4145.725 7.4516e-16
4147.25 7.5237e-16
4148.775 7.0638e-16
4150.3 7.0898e-16
4151.825 6.6955e-16
4153.35 6.931e-16
4154.875 6.9866e-16
4156.4 7.1879e-16
4157.925 7.6061e-16
4159.45 7.3445e-16
4160.975 6.8573e-16
4162.5 7.1773e-16
4164.025 7.0919e-16
4165.55 6.5564e-16
4167.075 6.4746e-16
4168.6 5.9991e-16
4170.125 6.5314e-16
4171.65 6.7127e-16
4173.175 6.0926e-16
4174.7 5.7836e-16
4176.225 5.7103e-16
4177.75 6.0597e-16
4179.275 6.0015e-16
4180.8 5.6131e-16
4182.325 5.7619e-16
4183.85 6.2777e-16
4185.375 5.4264e-16
4186.9 5.4432e-16
4188.425 5.8904e-16
4189.95 5.9892e-16
4191.475 6.2443e-16
4193.0 6.0504e-16
4194.525 6.5114e-16
4196.05 6.5376e-16
4197.575 6.0385e-16
4199.1 5.8408e-16
4200.625 6.3217e-16
4202.15 6.1977e-16
4203.675 6.003e-16
4205.2 5.8886e-16
4206.725 5.1072e-16
4208.25 5.4185e-16
4209.775 6.2422e-16
4211.3 6.6988e-16
4212.825 6.3019e-16
4214.35 5.8968e-16
4215.875 6.3896e-16
4217.4 6.0207e-16
4218.925 5.9806e-16
4220.45 5.9786e-16
4221.975 5.736e-16
4223.5 6.0834e-16
4225.025 6.3261e-16
4226.55 5.8499e-16
4228.075 5.6011e-16
4229.6 5.6211e-16
4231.125 5.9853e-16
4232.65 6.107e-16
4234.175 6.303e-16
4235.7 6.5356e-16
4237.225 6.6256e-16
4238.75 6.5243e-16
4240.275 6.317e-16
4241.8 6.2067e-16
4243.325 6.5571e-16
4244.85 6.9201e-16
4246.375 7.3186e-16
4247.9 6.9012e-16
4249.425 6.209e-16
4250.95 5.996e-16
4252.475 5.9361e-16
4254.0 6.3145e-16
4255.525 6.9268e-16
4257.05 6.9536e-16
4258.575 6.4009e-16
4260.1 6.76e-16
4261.625 7.1939e-16
4263.15 6.5972e-16
4264.675 6.7813e-16
4266.2 6.7524e-16
4267.725 6.3012e-16
4269.25 5.9242e-16
4270.775 6.6086e-16
4272.3 6.9448e-16
4273.825 6.4957e-16
4275.35 6.5478e-16
4276.875 6.6433e-16
4278.4 6.4482e-16
4279.925 5.9355e-16
4281.45 6.6934e-16
4282.975 5.9964e-16
4284.5 6.234e-16
4286.025 6.1147e-16
4287.55 5.847e-16
4289.075 6.2947e-16
4290.6 6.3098e-16
4292.125 5.8404e-16
4293.65 6.6522e-16
4295.175 7.2122e-16
4296.7 7.1527e-16
4298.225 6.172e-16
4299.75 6.1705e-16
4301.275 6.4455e-16
4302.8 6.1392e-16
4304.325 5.9568e-16
4305.85 6.3644e-16
4307.375 6.5475e-16
4308.9 6.822e-16
4310.425 7.0275e-16
4311.95 7.7037e-16
4313.475 7.5662e-16
4315.0 7.4507e-16
4316.525 6.9666e-16
4318.05 7.0441e-16
4319.575 7.7672e-16
4321.1 8.2246e-16
4322.625 6.955e-16
4324.15 7.2553e-16
4325.675 7.6617e-16
4327.2 7.0668e-16
4328.725 6.2229e-16
4330.25 6.5902e-16
4331.775 7.0755e-16
4333.3 6.4441e-16
4334.825 6.466e-16
4336.35 6.6469e-16
4337.875 5.7708e-16
4339.4 5.2691e-16
4340.925 5.6399e-16
4342.45 5.6497e-16
4343.975 5.971e-16
4345.5 5.96e-16
4347.025 4.9535e-16
4348.55 4.2063e-16
4350.075 4.6962e-16
4351.6 4.9909e-16
4353.125 4.9925e-16
4354.65 4.7572e-16
4356.175 5.4388e-16
4357.7 8.2207e-16
4359.225 5.9216e-16
4360.75 3.7504e-16
4362.275 4.2739e-16
4363.8 4.237e-16
4365.325 5.3629e-16
4366.85 5.6475e-16
4368.375 5.3629e-16
4369.9 5.3322e-16
4371.425 5.282e-16
4372.95 5.5448e-16
4374.475 6.6455e-16
4376.0 6.1844e-16
4377.525 6.5622e-16
4379.05 7.1294e-16
4380.575 6.7548e-16
4382.1 7.6095e-16
4383.625 7.1403e-16
4385.15 7.3661e-16
4386.675 7.9055e-16
4388.2 7.5235e-16
4389.725 7.9218e-16
4391.25 7.817e-16
4392.775 7.3254e-16
4394.3 7.6134e-16
4395.825 8.2095e-16
4397.35 7.9619e-16
4398.875 7.1253e-16
4400.4 7.2533e-16
4401.925 7.4794e-16
4403.45 6.4809e-16
4404.975 5.9974e-16
4406.5 6.426e-16
4408.025 6.6589e-16
4409.55 6.8702e-16
4411.075 6.2908e-16
4412.6 5.8705e-16
4414.125 6.3481e-16
4415.65 6.0724e-16
4417.175 5.179e-16
4418.7 5.4764e-16
4420.225 5.9759e-16
4421.75 5.901e-16
4423.275 5.9839e-16
4424.8 6.7605e-16
4426.325 6.5541e-16
4427.85 6.4922e-16
4429.375 5.7632e-16
4430.9 6.3814e-16
4432.425 7.5155e-16
4433.95 7.187e-16
4435.475 7.3373e-16
4437.0 6.8856e-16
4438.525 5.8441e-16
4440.05 5.6284e-16
4441.575 6.4365e-16
4443.1 6.6396e-16
4444.625 6.6329e-16
4446.15 6.3805e-16
4447.675 6.2941e-16
4449.2 5.9889e-16
4450.725 5.2606e-16
4452.25 6.1088e-16
4453.775 5.8378e-16
4455.3 7.382e-16
4456.825 8.2157e-16
4458.35 6.7597e-16
4459.875 6.0676e-16
4461.4 5.8453e-16
4462.925 5.8598e-16
4464.45 6.0522e-16
4465.975 5.9153e-16
4467.5 6.3489e-16
4469.025 6.0147e-16
4470.55 5.5383e-16
4472.075 7.1587e-16
4473.6 7.0864e-16
4475.125 6.5945e-16
4476.65 6.3169e-16
4478.175 7.4596e-16
4479.7 6.529e-16
4481.225 6.4935e-16
4482.75 6.8824e-16
4484.275 6.4863e-16
4485.8 6.2588e-16
4487.325 6.4247e-16
4488.85 6.5647e-16
4490.375 6.812e-16
4491.9 6.1332e-16
4493.425 6.0797e-16
4494.95 6.5068e-16
4496.475 6.7091e-16
4498.0 6.2072e-16
4499.525 5.6107e-16
4501.05 5.404e-16
4502.575 5.7429e-16
4504.1 6.2672e-16
4505.625 5.8738e-16
4507.15 5.6999e-16
4508.675 5.8881e-16
4510.2 6.0868e-16
4511.725 5.8137e-16
4513.25 5.8734e-16
4514.775 6.8956e-16
4516.3 7.3896e-16
4517.825 6.8664e-16
4519.35 6.6199e-16
4520.875 6.6528e-16
4522.4 7.6403e-16
4523.925 7.0828e-16
4525.45 6.8954e-16
4526.975 7.2747e-16
4528.5 7.283e-16
4530.025 7.0081e-16
4531.55 7.5545e-16
4533.075 7.7465e-16
4534.6 7.1775e-16
4536.125 7.7136e-16
4537.65 7.7841e-16
4539.175 8.4328e-16
4540.7 7.7801e-16
4542.225 7.1959e-16
4543.75 8.3434e-16
4545.275 7.7012e-16
4546.8 7.7463e-16
4548.325 7.8448e-16
4549.85 7.3292e-16
4551.375 7.9132e-16
4552.9 7.9116e-16
4554.425 7.5703e-16
4555.95 8.2367e-16
4557.475 8.1861e-16
4559.0 7.5979e-16
4560.525 7.3732e-16
4562.05 7.0329e-16
4563.575 6.4587e-16
4565.1 6.7014e-16
4566.625 6.5993e-16
4568.15 6.486e-16
4569.675 5.4863e-16
4571.2 5.9831e-16
4572.725 6.0802e-16
4574.25 5.4313e-16
4575.775 6.3142e-16
4577.3 6.1357e-16
4578.825 6.3164e-16
4580.35 6.065e-16
4581.875 5.9807e-16
4583.4 6.6185e-16
4584.925 6.5386e-16
4586.45 7.0249e-16
4587.975 6.0356e-16
4589.5 7.7849e-16
4591.025 6.4642e-16
4592.55 6.9391e-16
4594.075 7.2269e-16
4595.6 7.72e-16
4597.125 7.0736e-16
4598.65 7.2951e-16
4600.175 7.1838e-16
4601.7 6.2778e-16
4603.225 7.0468e-16
4604.75 7.4723e-16
4606.275 6.899e-16
4607.8 7.6278e-16
4609.325 7.1315e-16
4610.85 7.4296e-16
4612.375 6.7699e-16
4613.9 5.9905e-16
4615.425 6.3942e-16
4616.95 6.2487e-16
4618.475 6.6757e-16
4620.0 6.1457e-16
4621.525 6.7341e-16
4623.05 6.6289e-16
4624.575 6.3784e-16
4626.1 6.0227e-16
4627.625 6.7002e-16
4629.15 6.9145e-16
4630.675 6.8612e-16
4632.2 6.8962e-16
4633.725 6.9621e-16
4635.25 6.8177e-16
4636.775 7.5106e-16
4638.3 6.8494e-16
4639.825 6.9958e-16
4641.35 7.2492e-16
4642.875 7.527e-16
4644.4 7.4244e-16
4645.925 6.8565e-16
4647.45 6.6799e-16
4648.975 6.5394e-16
4650.5 6.4822e-16
4652.025 6.2299e-16
4653.55 6.0244e-16
4655.075 6.3515e-16
4656.6 7.2683e-16
4658.125 7.2864e-16
4659.65 6.7934e-16
4661.175 6.7445e-16
4662.7 7.2698e-16
4664.225 6.978e-16
4665.75 7.19e-16
4667.275 6.4552e-16
4668.8 6.017e-16
4670.325 7.942e-16
4671.85 6.5989e-16
4673.375 7.5078e-16
4674.9 7.0039e-16
4676.425 6.9959e-16
4677.95 7.3968e-16
4679.475 8.0345e-16
4681.0 7.4858e-16
4682.525 7.268e-16
4684.05 6.9133e-16
4685.575 7.4473e-16
4687.1 7.8851e-16
4688.625 7.9941e-16
4690.15 8.1834e-16
4691.675 7.7551e-16
4693.2 8.0867e-16
4694.725 7.695e-16
4696.25 7.236e-16
4697.775 7.7999e-16
4699.3 7.3761e-16
4700.825 7.1505e-16
4702.35 6.4935e-16
4703.875 6.5798e-16
4705.4 6.8359e-16
4706.925 7.3201e-16
4708.45 7.4446e-16
4709.975 7.0822e-16
4711.5 6.9429e-16
4713.025 6.8339e-16
4714.55 6.5593e-16
4716.075 7.595e-16
4717.6 7.0711e-16
4719.125 7.3857e-16
4720.65 6.8897e-16
4722.175 6.6642e-16
4723.7 6.6825e-16
4725.225 6.5148e-16
4726.75 6.6809e-16
4728.275 6.6572e-16
4729.8 6.495e-16
4731.325 6.7231e-16
4732.85 6.6434e-16
4734.375 6.7577e-16
4735.9 7.008e-16
4737.425 7.1136e-16
4738.95 6.6482e-16
4740.475 6.8908e-16
4742.0 7.1604e-16
4743.525 7.0978e-16
4745.05 6.8791e-16
4746.575 6.8501e-16
4748.1 7.4972e-16
4749.625 7.3202e-16
4751.15 6.5033e-16
4752.675 6.7152e-16
4754.2 7.1736e-16
4755.725 6.3274e-16
4757.25 6.3254e-16
4758.775 6.4432e-16
4760.3 6.7754e-16
4761.825 6.4e-16
4763.35 6.84e-16
4764.875 6.9618e-16
4766.4 6.737e-16
4767.925 7.0301e-16
4769.45 6.7083e-16
4770.975 6.5647e-16
4772.5 6.6286e-16
4774.025 6.6323e-16
4775.55 6.7605e-16
4777.075 6.6158e-16
4778.6 6.9316e-16
4780.125 6.7548e-16
4781.65 6.9876e-16
4783.175 6.876e-16
4784.7 6.8804e-16
4786.225 6.9887e-16
4787.75 6.6731e-16
4789.275 6.2932e-16
4790.8 6.3144e-16
4792.325 5.8443e-16
4793.85 6.5101e-16
4795.375 6.649e-16
4796.9 6.6748e-16
4798.425 6.3625e-16
4799.95 6.6394e-16
4801.475 6.6675e-16
4803.0 6.2264e-16
4804.525 6.3087e-16
4806.05 6.8674e-16
4807.575 7.4418e-16
4809.1 7.0531e-16
4810.625 6.7148e-16
4812.15 6.9679e-16
4813.675 6.7217e-16
4815.2 6.2063e-16
4816.725 5.6079e-16
4818.25 6.2785e-16
4819.775 7.0218e-16
4821.3 6.9298e-16
4822.825 6.659e-16
4824.35 7.1367e-16
4825.875 7.3143e-16
4827.4 7.055e-16
4828.925 7.1113e-16
4830.45 7.1712e-16
4831.975 5.6991e-16
4833.5 6.1718e-16
4835.025 6.5561e-16
4836.55 6.6458e-16
4838.075 7.0617e-16
4839.6 7.6183e-16
4841.125 6.8193e-16
4842.65 7.4988e-16
4844.175 8.0252e-16
4845.7 7.376e-16
4847.225 7.258e-16
4848.75 7.3272e-16
4850.275 7.2177e-16
4851.8 7.3721e-16
4853.325 7.8809e-16
4854.85 7.8493e-16
4856.375 7.3777e-16
4857.9 7.6288e-16
4859.425 7.7076e-16
4860.95 6.9808e-16
4862.475 7.4613e-16
4864.0 6.9669e-16
4865.525 7.0704e-16
4867.05 6.9248e-16
4868.575 6.5932e-16
4870.1 6.98e-16
4871.625 6.7454e-16
4873.15 6.4899e-16
4874.675 7.158e-16
4876.2 7.073e-16
4877.725 6.791e-16
4879.25 7.0089e-16
4880.775 6.7019e-16
4882.3 6.1286e-16
4883.825 6.1841e-16
4885.35 6.3854e-16
4886.875 6.846e-16
4888.4 6.6392e-16
4889.925 6.1422e-16
4891.45 6.727e-16
4892.975 6.9433e-16
4894.5 7.2138e-16
4896.025 7.0287e-16
4897.55 6.8183e-16
4899.075 6.9864e-16
4900.6 6.6878e-16
4902.125 6.5813e-16
4903.65 7.1114e-16
4905.175 7.1857e-16
4906.7 6.6133e-16
4908.225 7.1821e-16
4909.75 7.2882e-16
4911.275 6.74e-16
4912.8 6.5934e-16
4914.325 6.4475e-16
4915.85 6.5142e-16
4917.375 6.8566e-16
4918.9 6.3857e-16
4920.425 6.4331e-16
4921.95 6.9302e-16
4923.475 6.6873e-16
4925.0 6.9459e-16
4926.525 7.0268e-16
4928.05 6.5904e-16
4929.575 6.5676e-16
4931.1 6.076e-16
4932.625 6.5125e-16
4934.15 6.6351e-16
4935.675 6.151e-16
4937.2 6.3979e-16
4938.725 6.2967e-16
4940.25 6.169e-16
4941.775 6.1978e-16
4943.3 6.154e-16
4944.825 6.1555e-16
4946.35 6.2037e-16
4947.875 6.6965e-16
4949.4 7.4567e-16
4950.925 7.1222e-16
4952.45 6.489e-16
4953.975 6.2855e-16
4955.5 6.5259e-16
4957.025 6.609e-16
4958.55 6.0381e-16
4960.075 6.5841e-16
4961.6 6.6421e-16
4963.125 6.8021e-16
4964.65 6.2616e-16
4966.175 7.0312e-16
4967.7 7.0628e-16
4969.225 6.8206e-16
4970.75 6.74e-16
4972.275 7.0988e-16
4973.8 6.7261e-16
4975.325 6.9346e-16
4976.85 7.1427e-16
4978.375 6.9203e-16
4979.9 6.4192e-16
4981.425 6.3301e-16
4982.95 6.3645e-16
4984.475 6.2129e-16
4986.0 5.885e-16
4987.525 6.0387e-16
4989.05 8.2899e-16
4990.575 1.1403e-15
4992.1 1.1086e-15
4993.625 8.4702e-16
4995.15 6.6083e-16
4996.675 6.2855e-16
4998.2 5.9729e-16
4999.725 6.7772e-16
5001.25 6.1877e-16
5002.775 5.4515e-16
5004.3 5.3507e-16
5005.825 5.8245e-16
5007.35 6.5657e-16
5008.875 6.2002e-16
5010.4 6.4641e-16
5011.925 6.5316e-16
5013.45 6.3164e-16
5014.975 6.4868e-16
5016.5 6.8416e-16
5018.025 6.5707e-16
5019.55 6.5407e-16
5021.075 6.4528e-16
5022.6 6.8913e-16
5024.125 7.0284e-16
5025.65 7.0179e-16
5027.175 6.5026e-16
5028.7 7.0999e-16
5030.225 6.8366e-16
5031.75 6.4956e-16
5033.275 6.5263e-16
5034.8 6.2854e-16
5036.325 6.707e-16
5037.85 6.2509e-16
5039.375 6.0752e-16
5040.9 6.201e-16
5042.425 6.1703e-16
5043.95 6.2294e-16
5045.475 6.9129e-16
5047.0 7.0039e-16
5048.525 6.667e-16
5050.05 5.9095e-16
5051.575 5.5271e-16
5053.1 6.3875e-16
5054.625 6.3133e-16
5056.15 6.7029e-16
5057.675 6.4313e-16
5059.2 6.7708e-16
5060.725 6.1902e-16
5062.25 6.2476e-16
5063.775 6.9001e-16
5065.3 6.1775e-16
5066.825 6.5347e-16
5068.35 6.6355e-16
5069.875 6.5257e-16
5071.4 6.1489e-16
5072.925 6.5592e-16
5074.45 6.9695e-16
5075.975 7.2446e-16
5077.5 7.1764e-16
5079.025 7.0738e-16
5080.55 7.3031e-16
5082.075 6.9046e-16
5083.6 7.2052e-16
5085.125 7.445e-16
5086.65 7.6093e-16
5088.175 6.884e-16
5089.7 7.204e-16
5091.225 9.1018e-16
5092.75 7.8388e-16
5094.275 6.2691e-16
5095.8 6.1873e-16
5097.325 6.8136e-16
5098.85 6.8924e-16
5100.375 6.7605e-16
5101.9 7.1717e-16
5103.425 6.6538e-16
5104.95 6.2186e-16
5106.475 6.3092e-16
5108.0 5.8596e-16
5109.525 6.2314e-16
5111.05 6.4453e-16
5112.575 6.816e-16
5114.1 6.0994e-16
5115.625 6.1132e-16
5117.15 6.2903e-16
5118.675 6.5733e-16
5120.2 6.7337e-16
5121.725 6.7407e-16
5123.25 6.9619e-16
5124.775 6.6635e-16
5126.3 6.4377e-16
5127.825 6.778e-16
5129.35 6.6954e-16
5130.875 6.7381e-16
5132.4 6.623e-16
5133.925 6.4189e-16
5135.45 7.139e-16
5136.975 6.8389e-16
5138.5 8.0895e-16
5140.025 1.1794e-15
5141.55 1.1983e-15
5143.075 1.0163e-15
5144.6 7.8029e-16
5146.125 6.836e-16
5147.65 6.4641e-16
5149.175 6.2742e-16
5150.7 6.8731e-16
5152.225 7.1639e-16
5153.75 6.8187e-16
5155.275 6.9044e-16
5156.8 6.9432e-16
5158.325 6.5468e-16
5159.85 7.0235e-16
5161.375 6.9972e-16
5162.9 7.0488e-16
5164.425 6.3431e-16
5165.95 6.2646e-16
5167.475 6.4552e-16
5169.0 6.3875e-16
5170.525 5.8192e-16
5172.05 5.8639e-16
5173.575 6.8432e-16
5175.1 6.2611e-16
5176.625 6.2596e-16
5178.15 6.6342e-16
5179.675 7.1797e-16
5181.2 6.7083e-16
5182.725 6.4581e-16
5184.25 7.6775e-16
5185.775 7.2417e-16
5187.3 6.7895e-16
5188.825 6.7859e-16
5190.35 6.2343e-16
5191.875 6.1977e-16
5193.4 6.8413e-16
5194.925 6.1053e-16
5196.45 6.973e-16
5197.975 6.9691e-16
5199.5 6.7973e-16
5201.025 6.2394e-16
5202.55 6.1733e-16
5204.075 6.5273e-16
5205.6 6.8866e-16
5207.125 6.6635e-16
5208.65 6.8353e-16
5210.175 6.7533e-16
5211.7 6.838e-16
5213.225 6.645e-16
5214.75 6.494e-16
5216.275 7.0095e-16
5217.8 7.3789e-16
5219.325 6.9855e-16
5220.85 6.9772e-16
5222.375 6.4268e-16
5223.9 6.4548e-16
5225.425 6.3683e-16
5226.95 6.3149e-16
5228.475 6.8433e-16
5230.0 6.1784e-16
5231.525 6.0013e-16
5233.05 6.488e-16
5234.575 6.0042e-16
5236.1 5.6523e-16
5237.625 6.075e-16
5239.15 6.8507e-16
5240.675 6.1314e-16
5242.2 6.032e-16
5243.725 6.2559e-16
5245.25 5.742e-16
5246.775 6.0843e-16
5248.3 6.6603e-16
5249.825 6.18e-16
5251.35 7.5211e-16
5252.875 6.473e-16
5254.4 6.5271e-16
5255.925 6.9681e-16
5257.45 6.565e-16
5258.975 6.3827e-16
5260.5 6.7152e-16
5262.025 6.2923e-16
5263.55 6.6117e-16
5265.075 6.6821e-16
5266.6 7.2141e-16
5268.125 6.8712e-16
5269.65 6.19e-16
5271.175 6.878e-16
5272.7 7.2419e-16
5274.225 6.9004e-16
5275.75 6.5146e-16
5277.275 6.8128e-16
5278.8 6.1909e-16
5280.325 5.8291e-16
5281.85 5.8074e-16
5283.375 5.3296e-16
5284.9 6.2556e-16
5286.425 6.2929e-16
5287.95 6.1938e-16
5289.475 6.1095e-16
5291.0 6.7927e-16
5292.525 6.0908e-16
5294.05 5.8562e-16
5295.575 6.5989e-16
5297.1 6.3374e-16
5298.625 6.5955e-16
5300.15 6.2934e-16
5301.675 6.1189e-16
5303.2 6.6829e-16
5304.725 6.0435e-16
5306.25 6.793e-16
5307.775 5.941e-16
5309.3 5.1191e-16
5310.825 5.5472e-16
5312.35 6.093e-16
5313.875 6.7882e-16
5315.4 7.031e-16
5316.925 6.3605e-16
5318.45 6.4892e-16
5319.975 6.5904e-16
5321.5 6.6592e-16
5323.025 6.3924e-16
5324.55 6.4012e-16
5326.075 6.6311e-16
5327.6 5.641e-16
5329.125 5.6878e-16
5330.65 5.8282e-16
5332.175 6.0366e-16
5333.7 5.5698e-16
5335.225 6.1391e-16
5336.75 7.45e-16
5338.275 6.9238e-16
5339.8 6.4402e-16
5341.325 6.2685e-16
5342.85 6.6692e-16
5344.375 6.6352e-16
5345.9 6.5708e-16
5347.425 6.2568e-16
5348.95 5.5988e-16
5350.475 6.0933e-16
5352.0 6.1366e-16
5353.525 6.4127e-16
5355.05 6.028e-16
5356.575 5.4757e-16
5358.1 6.1034e-16
5359.625 6.8777e-16
5361.15 6.3384e-16
5362.675 6.3611e-16
5364.2 6.3787e-16
5365.725 6.3912e-16
5367.25 5.9547e-16
5368.775 5.9392e-16
5370.3 6.5574e-16
5371.825 7.028e-16
5373.35 6.2393e-16
5374.875 6.7308e-16
5376.4 6.9858e-16
5377.925 7.1442e-16
5379.45 7.5271e-16
5380.975 6.3837e-16
5382.5 6.9017e-16
5384.025 6.5399e-16
5385.55 6.2442e-16
5387.075 5.9544e-16
5388.6 6.0385e-16
5390.125 6.3984e-16
5391.65 6.3941e-16
5393.175 6.0856e-16
5394.7 6.4884e-16
5396.225 6.8141e-16
5397.75 6.6851e-16
5399.275 6.6185e-16
5400.8 7.0113e-16
5402.325 6.3472e-16
5403.85 6.0515e-16
5405.375 6.188e-16
5406.9 7.338e-16
5408.425 6.8016e-16
5409.95 7.2478e-16
5411.475 6.7266e-16
5413.0 5.7728e-16
5414.525 6.4899e-16
5416.05 6.3966e-16
5417.575 6.2979e-16
5419.1 6.3973e-16
5420.625 6.1267e-16
5422.15 7.1446e-16
5423.675 6.8124e-16
5425.2 6.526e-16
5426.725 6.7292e-16
5428.25 6.4689e-16
5429.775 6.5528e-16
5431.3 7.3104e-16
5432.825 7.0775e-16
5434.35 7.4112e-16
5435.875 7.1657e-16
5437.4 6.6572e-16
5438.925 6.3819e-16
5440.45 6.0804e-16
5441.975 5.6887e-16
5443.5 6.8814e-16
5445.025 7.3209e-16
5446.55 6.1909e-16
5448.075 6.4809e-16
5449.6 6.818e-16
5451.125 7.1064e-16
5452.65 8.4893e-16
5454.175 6.8942e-16
5455.7 6.0592e-16
5457.225 4.6578e-16
5458.75 6.5954e-16
5460.275 8.4375e-16
5461.8 6.3316e-16
5463.325 4.6686e-16
5464.85 6.3549e-16
5466.375 6.8574e-16
5467.9 5.3408e-16
5469.425 6.3713e-16
5470.95 5.5922e-16
5472.475 5.392e-16
5474.0 6.5096e-16
5475.525 7.0479e-16
5477.05 6.1377e-16
5478.575 5.9714e-16
5480.1 7.2445e-16
5481.625 7.3164e-16
5483.15 7.0736e-16
5484.675 6.2408e-16
5486.2 6.4569e-16
5487.725 6.5689e-16
5489.25 5.4052e-16
5490.775 4.6303e-16
5492.3 4.9794e-16
5493.825 6.3976e-16
5495.35 7.8329e-16
5496.875 5.6446e-16
5498.4 5.7479e-16
5499.925 6.4419e-16
5501.45 6.6562e-16
5502.975 5.3881e-16
5504.5 5.5876e-16
5506.025 6.2064e-16
5507.55 5.8784e-16
5509.075 5.9878e-16
5510.6 5.7269e-16
5512.125 5.5441e-16
5513.65 5.6325e-16
5515.175 6.3114e-16
5516.7 7.0363e-16
5518.225 7.1583e-16
5519.75 6.5175e-16
5521.275 5.2111e-16
5522.8 5.9336e-16
5524.325 6.1828e-16
5525.85 5.8775e-16
5527.375 6.1247e-16
5528.9 5.8511e-16
5530.425 6.0106e-16
5531.95 6.0392e-16
5533.475 5.6619e-16
5535.0 6.0514e-16
5536.525 6.0955e-16
5538.05 6.3619e-16
5539.575 5.999e-16
5541.1 5.7483e-16
5542.625 5.6987e-16
5544.15 6.4774e-16
5545.675 7.0323e-16
5547.2 6.6907e-16
5548.725 5.5e-16
5550.25 5.7165e-16
5551.775 6.0625e-16
5553.3 6.3278e-16
5554.825 6.1363e-16
5556.35 6.9118e-16
5557.875 7.2079e-16
5559.4 6.7091e-16
5560.925 6.5688e-16
5562.45 6.3986e-16
5563.975 6.3723e-16
5565.5 6.5537e-16
5567.025 6.6985e-16
5568.55 6.4495e-16
5570.075 6.121e-16
5571.6 6.2612e-16
5573.125 6.6603e-16
5574.65 7.1637e-16
5576.175 6.9723e-16
5577.7 5.8532e-16
5579.225 5.901e-16
5580.75 7.5442e-16
5582.275 7.2999e-16
5583.8 6.7763e-16
5585.325 6.8519e-16
5586.85 6.4701e-16
5588.375 5.8238e-16
5589.9 6.0704e-16
5591.425 6.353e-16
5592.95 5.7049e-16
5594.475 5.8749e-16
5596.0 5.7895e-16
5597.525 5.8033e-16
5599.05 6.3987e-16
5600.575 6.5559e-16
5602.1 5.6074e-16
5603.625 5.049e-16
5605.15 5.3717e-16
5606.675 5.8978e-16
5608.2 6.1258e-16
5609.725 6.4436e-16
5611.25 6.3287e-16
5612.775 6.0822e-16
5614.3 6.2168e-16
5615.825 5.7082e-16
5617.35 6.3992e-16
5618.875 6.7111e-16
5620.4 6.2875e-16
5621.925 6.3012e-16
5623.45 6.0471e-16
5624.975 6.2665e-16
5626.5 5.911e-16
5628.025 6.0704e-16
5629.55 6.3517e-16
5631.075 6.7697e-16
5632.6 7.123e-16
5634.125 6.9303e-16
5635.65 6.2046e-16
5637.175 6.1634e-16
5638.7 6.2358e-16
5640.225 6.5569e-16
5641.75 6.2852e-16
5643.275 5.9151e-16
5644.8 6.136e-16
5646.325 6.0007e-16
5647.85 5.0347e-16
5649.375 6.1041e-16
5650.9 6.4141e-16
5652.425 5.7455e-16
5653.95 5.5843e-16
5655.475 5.6986e-16
5657.0 5.5354e-16
5658.525 5.9516e-16
5660.05 6.9517e-16
5661.575 6.792e-16
5663.1 6.0973e-16
5664.625 6.3738e-16
5666.15 6.6516e-16
5667.675 6.6438e-16
5669.2 6.1741e-16
5670.725 5.819e-16
5672.25 5.943e-16
5673.775 5.4363e-16
5675.3 5.5292e-16
5676.825 5.8953e-16
5678.35 6.8479e-16
5679.875 6.4015e-16
5681.4 5.7727e-16
5682.925 5.9534e-16
5684.45 5.8509e-16
5685.975 5.3644e-16
5687.5 5.5704e-16
5689.025 5.5308e-16
5690.55 6.4262e-16
5692.075 6.406e-16
5693.6 5.3282e-16
5695.125 5.1889e-16
5696.65 5.4889e-16
5698.175 6.3645e-16
5699.7 7.0176e-16
5701.225 6.537e-16
5702.75 6.1405e-16
5704.275 5.9538e-16
5705.8 5.9823e-16
5707.325 6.2912e-16
5708.85 6.1887e-16
5710.375 5.9398e-16
5711.9 5.9581e-16
5713.425 6.2025e-16
5714.95 6.6178e-16
5716.475 6.1332e-16
5718.0 5.8891e-16
5719.525 5.9034e-16
5721.05 5.7511e-16
5722.575 6.1887e-16
5724.1 6.2546e-16
5725.625 6.5043e-16
5727.15 6.5511e-16
5728.675 6.1939e-16
5730.2 6.0965e-16
5731.725 6.6981e-16
5733.25 6.6813e-16
5734.775 6.7524e-16
5736.3 6.8219e-16
5737.825 6.3346e-16
5739.35 6.5156e-16
5740.875 6.621e-16
5742.4 6.3548e-16
5743.925 6.3213e-16
5745.45 6.8e-16
5746.975 6.6907e-16
5748.5 6.206e-16
5750.025 6.1281e-16
5751.55 5.6572e-16
5753.075 5.5167e-16
5754.6 5.6869e-16
5756.125 5.763e-16
5757.65 6.1819e-16
5759.175 6.5444e-16
5760.7 6.1541e-16
5762.225 5.7214e-16
5763.75 6.1361e-16
5765.275 6.238e-16
5766.8 5.8947e-16
5768.325 6.2812e-16
5769.85 6.7597e-16
5771.375 6.2366e-16
5772.9 5.9865e-16
5774.425 6.3712e-16
5775.95 6.3093e-16
5777.475 5.8388e-16
5779.0 5.8688e-16
5780.525 6.2011e-16
5782.05 5.968e-16
5783.575 5.7628e-16
5785.1 6.1007e-16
5786.625 6.5778e-16
5788.15 6.2443e-16
5789.675 5.8808e-16
5791.2 5.8041e-16
5792.725 6.2137e-16
5794.25 6.2675e-16
5795.775 6.2043e-16
5797.3 6.0729e-16
5798.825 6.4645e-16
5800.35 6.2696e-16
5801.875 5.8538e-16
5803.4 5.8333e-16
5804.925 5.5104e-16
5806.45 5.6343e-16
5807.975 5.9767e-16
5809.5 6.3371e-16
5811.025 6.2045e-16
5812.55 6.0887e-16
5814.075 6.1872e-16
5815.6 6.2243e-16
5817.125 5.7773e-16
5818.65 5.9512e-16
5820.175 6.0764e-16
5821.7 6.0245e-16
5823.225 6.034e-16
5824.75 5.5881e-16
5826.275 5.9649e-16
5827.8 6.6585e-16
5829.325 6.2392e-16
5830.85 5.72e-16
5832.375 6.5636e-16
5833.9 7.1476e-16
5835.425 6.3513e-16
5836.95 6.2973e-16
5838.475 6.3756e-16
5840.0 5.7616e-16
5841.525 5.9661e-16
5843.05 6.2398e-16
5844.575 6.1501e-16
5846.1 6.3733e-16
5847.625 6.1772e-16
5849.15 6.1451e-16
5850.675 6.4619e-16
5852.2 6.5862e-16
5853.725 6.122e-16
5855.25 5.5779e-16
5856.775 5.5362e-16
5858.3 6.3018e-16
5859.825 6.6621e-16
5861.35 6.0759e-16
5862.875 6.3358e-16
5864.4 6.8276e-16
5865.925 6.9617e-16
5867.45 7.0735e-16
5868.975 6.4975e-16
5870.5 5.7938e-16
5872.025 5.7208e-16
5873.55 5.953e-16
5875.075 6.0834e-16
5876.6 5.8302e-16
5878.125 5.557e-16
5879.65 6.0132e-16
5881.175 6.6657e-16
5882.7 6.1686e-16
5884.225 5.9081e-16
5885.75 8.1276e-16
5887.275 9.4556e-16
5888.8 6.8419e-16
5890.325 4.9008e-16
5891.85 6.5644e-16
5893.375 8.8745e-16
5894.9 8.1627e-16
5896.425 6.3356e-16
5897.95 6.1389e-16
5899.475 6.85e-16
5901.0 7.3395e-16
5902.525 6.6575e-16
5904.05 5.601e-16
5905.575 5.6044e-16
5907.1 6.3861e-16
5908.625 6.3242e-16
5910.15 5.6878e-16
5911.675 5.6646e-16
5913.2 6.1509e-16
5914.725 6.456e-16
5916.25 6.3267e-16
5917.775 5.7648e-16
5919.3 5.8712e-16
5920.825 6.7719e-16
5922.35 6.5766e-16
5923.875 6.1187e-16
5925.4 6.2871e-16
5926.925 6.1742e-16
5928.45 5.8365e-16
5929.975 5.604e-16
5931.5 5.7889e-16
5933.025 5.7442e-16
5934.55 5.9801e-16
5936.075 6.3316e-16
5937.6 6.1754e-16
5939.125 5.8832e-16
5940.65 5.6288e-16
5942.175 5.3455e-16
5943.7 5.6442e-16
5945.225 6.7919e-16
5946.75 6.7022e-16
5948.275 5.649e-16
5949.8 5.2559e-16
5951.325 5.5091e-16
5952.85 6.1591e-16
5954.375 6.3825e-16
5955.9 5.6622e-16
5957.425 5.0242e-16
5958.95 5.5515e-16
5960.475 5.8335e-16
5962.0 5.3342e-16
5963.525 5.3972e-16
5965.05 6.1322e-16
5966.575 6.2734e-16
5968.1 5.9794e-16
5969.625 6.3736e-16
5971.15 6.3865e-16
5972.675 6.007e-16
5974.2 6.0427e-16
5975.725 5.7816e-16
5977.25 6.0375e-16
5978.775 6.1792e-16
5980.3 6.0686e-16
5981.825 6.447e-16
5983.35 6.6624e-16
5984.875 6.3363e-16
5986.4 6.2644e-16
5987.925 6.2174e-16
5989.45 5.8541e-16
5990.975 5.7271e-16
5992.5 5.8926e-16
5994.025 5.967e-16
5995.55 6.2931e-16
5997.075 6.2007e-16
5998.6 5.771e-16
6000.125 5.71e-16
6001.65 6.145e-16
6003.175 6.7151e-16
6004.7 6.4438e-16
6006.225 6.0619e-16
6007.75 5.8676e-16
6009.275 5.7019e-16
6010.8 6.2449e-16
6012.325 6.7943e-16
6013.85 6.5341e-16
6015.375 5.6618e-16
6016.9 5.4808e-16
6018.425 6.0026e-16
6019.95 5.7183e-16
6021.475 5.9252e-16
6023.0 6.2143e-16
6024.525 6.16e-16
6026.05 6.0831e-16
6027.575 6.3538e-16
6029.1 6.5248e-16
6030.625 6.5972e-16
6032.15 6.6378e-16
6033.675 6.4041e-16
6035.2 6.0618e-16
6036.725 5.9591e-16
6038.25 6.3458e-16
6039.775 6.4661e-16
6041.3 6.1994e-16
6042.825 6.2133e-16
6044.35 6.1305e-16
6045.875 5.8682e-16
6047.4 5.3407e-16
6048.925 4.9936e-16
6050.45 5.1904e-16
6051.975 5.0959e-16
6053.5 5.1607e-16
6055.025 5.5764e-16
6056.55 5.9245e-16
6058.075 5.9515e-16
6059.6 6.1273e-16
6061.125 6.0841e-16
6062.65 5.8177e-16
6064.175 5.7613e-16
6065.7 6.0752e-16
6067.225 5.8001e-16
6068.75 5.9076e-16
6070.275 6.0422e-16
6071.8 6.0584e-16
6073.325 5.866e-16
6074.85 5.6888e-16
6076.375 6.0037e-16
6077.9 6.0014e-16
6079.425 6.1569e-16
6080.95 5.8141e-16
6082.475 5.8598e-16
6084.0 6.0871e-16
6085.525 5.9866e-16
6087.05 6.0531e-16
6088.575 6.025e-16
6090.1 6.3326e-16
6091.625 6.4367e-16
6093.15 6.3894e-16
6094.675 6.3948e-16
6096.2 6.2067e-16
6097.725 5.9672e-16
6099.25 5.9347e-16
6100.775 5.9688e-16
6102.3 6.3238e-16
6103.825 6.0615e-16
6105.35 5.2798e-16
6106.875 5.7363e-16
6108.4 5.9083e-16
6109.925 5.7495e-16
6111.45 6.1957e-16
6112.975 6.3646e-16
6114.5 5.8729e-16
6116.025 5.8267e-16
6117.55 6.051e-16
6119.075 5.535e-16
6120.6 5.5159e-16
6122.125 5.7942e-16
6123.65 5.4749e-16
6125.175 5.3878e-16
6126.7 5.837e-16
6128.225 6.0129e-16
6129.75 6.1303e-16
6131.275 5.8947e-16
6132.8 6.1336e-16
6134.325 6.0294e-16
6135.85 5.8287e-16
6137.375 6.4348e-16
6138.9 6.3951e-16
6140.425 6.4241e-16
6141.95 6.0045e-16
6143.475 5.2481e-16
6145.0 5.2902e-16
6146.525 5.9979e-16
6148.05 5.9861e-16
6149.575 5.5857e-16
6151.1 5.5794e-16
6152.625 6.0952e-16
6154.15 6.6592e-16
6155.675 6.4119e-16
6157.2 6.0502e-16
6158.725 6.2718e-16
6160.25 6.0371e-16
6161.775 5.7607e-16
6163.3 5.9379e-16
6164.825 6.0357e-16
6166.35 5.7929e-16
6167.875 5.8561e-16
6169.4 5.9339e-16
6170.925 5.8635e-16
6172.45 5.3775e-16
6173.975 5.4773e-16
6175.5 5.8774e-16
6177.025 6.1612e-16
6178.55 6.5915e-16
6180.075 6.2168e-16
6181.6 6.173e-16
6183.125 6.4117e-16
6184.65 6.1416e-16
6186.175 6.1415e-16
6187.7 5.8875e-16
6189.225 5.8311e-16
6190.75 6.3381e-16
6192.275 6.1125e-16
6193.8 5.9869e-16
6195.325 5.9485e-16
6196.85 5.8377e-16
6198.375 5.9681e-16
6199.9 5.638e-16
6201.425 5.7675e-16
6202.95 5.8813e-16
6204.475 6.0229e-16
6206.0 6.2765e-16
6207.525 5.9956e-16
6209.05 5.7591e-16
6210.575 5.7546e-16
6212.1 5.6694e-16
6213.625 5.9739e-16
6215.15 6.1006e-16
6216.675 6.1526e-16
6218.2 5.9815e-16
6219.725 5.9762e-16
6221.25 6.2012e-16
6222.775 6.0618e-16
6224.3 5.8726e-16
6225.825 6.2702e-16
6227.35 6.5024e-16
6228.875 6.1642e-16
6230.4 5.9779e-16
6231.925 6.2732e-16
6233.45 6.5941e-16
6234.975 6.5209e-16
6236.5 6.4226e-16
6238.025 6.1607e-16
6239.55 5.6751e-16
6241.075 5.9998e-16
6242.6 6.1333e-16
6244.125 6.0438e-16
6245.65 6.4339e-16
6247.175 6.1789e-16
6248.7 6.1978e-16
6250.225 6.0437e-16
6251.75 6.2244e-16
6253.275 6.3313e-16
6254.8 6.195e-16
6256.325 6.3225e-16
6257.85 6.2133e-16
6259.375 6.1022e-16
6260.9 6.4199e-16
6262.425 6.3523e-16
6263.95 5.9556e-16
6265.475 5.3175e-16
6267.0 5.9326e-16
6268.525 6.5605e-16
6270.05 6.1333e-16
6271.575 6.2138e-16
6273.1 6.4009e-16
6274.625 6.0791e-16
6276.15 5.7036e-16
6277.675 5.7426e-16
6279.2 5.9536e-16
6280.725 5.9365e-16
6282.25 5.8726e-16
6283.775 6.2982e-16
6285.3 6.5463e-16
6286.825 6.4834e-16
6288.35 6.2193e-16
6289.875 5.808e-16
6291.4 5.844e-16
6292.925 6.0135e-16
6294.45 5.8225e-16
6295.975 6.2248e-16
6297.5 6.6259e-16
6299.025 6.2906e-16
6300.55 6.1204e-16
6302.075 5.7836e-16
6303.6 5.7055e-16
6305.125 5.6214e-16
6306.65 5.2748e-16
6308.175 5.5551e-16
6309.7 5.6229e-16
6311.225 5.4812e-16
6312.75 5.7384e-16
6314.275 6.0924e-16
6315.8 6.3638e-16
6317.325 6.1875e-16
6318.85 5.9995e-16
6320.375 5.5868e-16
6321.9 5.4831e-16
6323.425 5.4439e-16
6324.95 5.5108e-16
6326.475 5.7604e-16
6328.0 5.9508e-16
6329.525 5.9072e-16
6331.05 5.5641e-16
6332.575 5.1389e-16
6334.1 5.1397e-16
6335.625 5.4796e-16
6337.15 6.0606e-16
6338.675 5.9237e-16
6340.2 5.7352e-16
6341.725 5.8174e-16
6343.25 5.6427e-16
6344.775 5.7714e-16
6346.3 5.9185e-16
6347.825 5.5228e-16
6349.35 5.3528e-16
6350.875 5.5175e-16
6352.4 5.8133e-16
6353.925 6.0255e-16
6355.45 6.1071e-16
6356.975 5.9202e-16
6358.5 5.5044e-16
6360.025 5.8864e-16
6361.55 6.0992e-16
6363.075 5.6443e-16
6364.6 5.3075e-16
6366.125 5.3262e-16
6367.65 5.4377e-16
6369.175 5.629e-16
6370.7 5.701e-16
6372.225 5.9091e-16
6373.75 5.7899e-16
6375.275 5.5405e-16
6376.8 5.9436e-16
6378.325 5.7774e-16
6379.85 5.7623e-16
6381.375 6.35e-16
6382.9 6.2282e-16
6384.425 5.6231e-16
6385.95 5.4588e-16
6387.475 5.7898e-16
6389.0 5.9841e-16
6390.525 5.9634e-16
6392.05 5.5147e-16
6393.575 5.3069e-16
6395.1 5.5555e-16
6396.625 5.5771e-16
6398.15 5.8452e-16
6399.675 6.1234e-16
6401.2 5.6871e-16
6402.725 5.2532e-16
6404.25 5.4125e-16
6405.775 5.6316e-16
6407.3 5.5264e-16
6408.825 5.395e-16
6410.35 5.683e-16
6411.875 5.385e-16
6413.4 5.1586e-16
6414.925 5.5492e-16
6416.45 5.5269e-16
6417.975 5.3503e-16
6419.5 5.4727e-16
6421.025 5.3945e-16
6422.55 5.3588e-16
6424.075 5.6368e-16
6425.6 5.8475e-16
6427.125 5.7124e-16
6428.65 5.5746e-16
6430.175 5.6201e-16
6431.7 5.5387e-16
6433.225 5.4181e-16
6434.75 5.2681e-16
6436.275 5.3923e-16
6437.8 5.5909e-16
6439.325 5.7113e-16
6440.85 5.5338e-16
6442.375 5.4793e-16
6443.9 5.7481e-16
6445.425 5.6489e-16
6446.95 5.6733e-16
6448.475 5.7112e-16
6450.0 5.1958e-16
6451.525 5.1096e-16
6453.05 5.4754e-16
6454.575 5.5346e-16
6456.1 5.3461e-16
6457.625 5.3608e-16
6459.15 5.5185e-16
6460.675 5.5962e-16
6462.2 5.6559e-16
6463.725 5.8516e-16
6465.25 6.2812e-16
6466.775 6.662e-16
6468.3 6.2604e-16
6469.825 5.6808e-16
6471.35 5.4877e-16
6472.875 5.3243e-16
6474.4 5.2877e-16
6475.925 5.7071e-16
6477.45 5.6933e-16
6478.975 5.363e-16
6480.5 5.2414e-16
6482.025 5.3615e-16
6483.55 5.4884e-16
6485.075 5.6015e-16
6486.6 5.4172e-16
6488.125 5.2678e-16
6489.65 5.5862e-16
6491.175 5.7812e-16
6492.7 5.9323e-16
6494.225 6.4886e-16
6495.75 6.3986e-16
6497.275 5.8258e-16
6498.8 5.648e-16
6500.325 5.8342e-16
6501.85 6.0364e-16
6503.375 6.163e-16
6504.9 6.0034e-16
6506.425 5.7681e-16
6507.95 5.5821e-16
6509.475 5.4537e-16
6511.0 5.6651e-16
6512.525 5.74e-16
6514.05 5.7921e-16
6515.575 5.926e-16
6517.1 5.6949e-16
6518.625 5.7184e-16
6520.15 5.8855e-16
6521.675 5.9124e-16
6523.2 5.2979e-16
6524.725 5.1491e-16
6526.25 5.7807e-16
6527.775 6.003e-16
6529.3 5.8767e-16
6530.825 5.8584e-16
6532.35 5.9838e-16
6533.875 5.8123e-16
6535.4 5.8539e-16
6536.925 5.6607e-16
6538.45 5.5758e-16
6539.975 5.7226e-16
6541.5 5.9265e-16
6543.025 6.0466e-16
6544.55 5.8927e-16
6546.075 5.7326e-16
6547.6 5.891e-16
6549.125 6.2938e-16
6550.65 6.792e-16
6552.175 6.4913e-16
6553.7 6.3267e-16
6555.225 7.1685e-16
6556.75 7.4926e-16
6558.275 7.203e-16
6559.8 7.3879e-16
6561.325 7.2624e-16
6562.85 6.8156e-16
6564.375 6.8733e-16
6565.9 7.0039e-16
6567.425 6.8818e-16
6568.95 6.3016e-16
6570.475 5.954e-16
6572.0 6.1519e-16
6573.525 6.1875e-16
6575.05 6.0513e-16
6576.575 5.6988e-16
6578.1 5.6366e-16
6579.625 5.7954e-16
6581.15 5.7923e-16
6582.675 5.986e-16
6584.2 5.9972e-16
6585.725 5.8464e-16
6587.25 5.5642e-16
6588.775 5.322e-16
6590.3 5.4511e-16
6591.825 5.5002e-16
6593.35 5.6614e-16
6594.875 5.8939e-16
6596.4 5.6482e-16
6597.925 5.4745e-16
6599.45 5.5687e-16
6600.975 5.3811e-16
6602.5 5.0808e-16
6604.025 5.1781e-16
6605.55 5.391e-16
6607.075 5.5658e-16
6608.6 5.9067e-16
6610.125 5.7389e-16
6611.65 5.5543e-16
6613.175 5.468e-16
6614.7 5.4785e-16
6616.225 5.4928e-16
6617.75 5.1803e-16
6619.275 5.0424e-16
6620.8 5.1707e-16
6622.325 5.218e-16
6623.85 5.2937e-16
6625.375 5.3619e-16
6626.9 5.3306e-16
6628.425 5.1417e-16
6629.95 5.8039e-16
6631.475 5.8573e-16
6633.0 5.1648e-16
6634.525 4.9918e-16
6636.05 5.4973e-16
6637.575 5.921e-16
6639.1 5.8483e-16
6640.625 5.8123e-16
6642.15 5.6607e-16
6643.675 5.2839e-16
6645.2 5.3667e-16
6646.725 5.7927e-16
6648.25 5.6531e-16
6649.775 5.542e-16
6651.3 5.6772e-16
6652.825 5.5772e-16
6654.35 5.5951e-16
6655.875 5.5724e-16
6657.4 5.4643e-16
6658.925 5.6678e-16
6660.45 5.709e-16
6661.975 5.8196e-16
6663.5 5.7239e-16
6665.025 5.2227e-16
6666.55 4.7935e-16
6668.075 4.9002e-16
6669.6 5.2804e-16
6671.125 5.0588e-16
6672.65 5.1555e-16
6674.175 5.486e-16
6675.7 5.6219e-16
6677.225 5.5771e-16
6678.75 5.5654e-16
6680.275 5.5075e-16
6681.8 5.685e-16
6683.325 5.6023e-16
6684.85 5.5432e-16
6686.375 5.7306e-16
6687.9 5.6971e-16
6689.425 5.8339e-16
6690.95 5.6163e-16
6692.475 5.6109e-16
6694.0 5.8409e-16
6695.525 5.9854e-16
6697.05 6.1679e-16
6698.575 6.1099e-16
6700.1 5.7734e-16
6701.625 5.8475e-16
6703.15 6.4145e-16
6704.675 9.0617e-16
6706.2 1.0495e-15
6707.725 8.1369e-16
6709.25 5.9611e-16
6710.775 5.6588e-16
6712.3 5.6739e-16
6713.825 5.7528e-16
6715.35 6.2064e-16
6716.875 6.3119e-16
6718.4 7.1276e-16
6719.925 8.3569e-16
6721.45 8.6849e-16
6722.975 7.652e-16
6724.5 6.6757e-16
6726.025 6.438e-16
6727.55 6.1256e-16
6729.075 5.9238e-16
6730.6 6.7519e-16
6732.125 1.1085e-15
6733.65 2.1347e-15
6735.175 3.1117e-15
6736.7 2.8008e-15
6738.225 1.672e-15
6739.75 9.6185e-16
6741.275 7.2212e-16
6742.8 6.4296e-16
6744.325 5.8881e-16
6745.85 5.6951e-16
6747.375 5.8404e-16
6748.9 5.6611e-16
6750.425 5.6651e-16
6751.95 5.8405e-16
6753.475 7.1686e-16
6755.0 1.0392e-15
6756.525 1.3017e-15
6758.05 1.2301e-15
6759.575 9.4799e-16
6761.1 7.2286e-16
6762.625 6.1136e-16
6764.15 5.5319e-16
6765.675 5.4953e-16
6767.2 5.4282e-16
6768.725 5.4296e-16
6770.25 5.6767e-16
6771.775 5.595e-16
6773.3 5.287e-16
6774.825 5.4565e-16
6776.35 6.0788e-16
6777.875 6.2049e-16
6779.4 5.6058e-16
6780.925 5.2723e-16
6782.45 5.5861e-16
6783.975 5.689e-16
6785.5 5.422e-16
6787.025 5.4117e-16
6788.55 5.5987e-16
6790.075 5.4946e-16
6791.6 5.484e-16
6793.125 5.5677e-16
6794.65 5.584e-16
6796.175 5.8994e-16
6797.7 5.8313e-16
6799.225 5.4982e-16
6800.75 5.4656e-16
6802.275 5.1579e-16
6803.8 5.0639e-16
6805.325 5.4398e-16
6806.85 5.6092e-16
6808.375 5.9221e-16
6809.9 6.1298e-16
6811.425 5.8177e-16
6812.95 5.7016e-16
6814.475 5.6226e-16
6816.0 5.4086e-16
6817.525 5.4872e-16
6819.05 5.65e-16
6820.575 5.7834e-16
6822.1 5.7887e-16
6823.625 5.5637e-16
6825.15 5.345e-16
6826.675 5.4683e-16
6828.2 5.5736e-16
6829.725 5.4943e-16
6831.25 5.5257e-16
6832.775 5.5813e-16
6834.3 5.3267e-16
6835.825 4.975e-16
6837.35 4.8375e-16
6838.875 5.1233e-16
6840.4 5.4734e-16
6841.925 5.6053e-16
6843.45 5.6527e-16
6844.975 5.4949e-16
6846.5 5.512e-16
6848.025 5.5591e-16
6849.55 5.4174e-16
6851.075 5.5302e-16
6852.6 5.8035e-16
6854.125 5.8382e-16
6855.65 5.7926e-16
6857.175 5.6324e-16
6858.7 5.623e-16
6860.225 6.0824e-16
6861.75 5.8946e-16
6863.275 5.7238e-16
6864.8 5.6926e-16
6866.325 5.7605e-16
6867.85 5.7505e-16
6869.375 5.8192e-16
6870.9 5.8306e-16
6872.425 5.4933e-16
6873.95 5.6858e-16
6875.475 5.9907e-16
6877.0 5.837e-16
6878.525 5.5602e-16
6880.05 5.5979e-16
6881.575 5.6799e-16
6883.1 5.83e-16
6884.625 5.7129e-16
6886.15 5.6112e-16
6887.675 6.186e-16
6889.2 6.8371e-16
6890.725 8.7995e-16
6892.25 1.1722e-15
6893.775 1.2386e-15
6895.3 9.8394e-16
6896.825 7.3813e-16
6898.35 5.9614e-16
6899.875 5.4938e-16
6901.4 5.7286e-16
6902.925 5.418e-16
6904.45 5.9701e-16
6905.975 7.5657e-16
6907.5 9.3991e-16
6909.025 9.4122e-16
6910.55 7.9688e-16
6912.075 6.671e-16
6913.6 5.8962e-16
6915.125 5.5503e-16
6916.65 5.4698e-16
6918.175 5.8542e-16
6919.7 5.9436e-16
6921.225 5.4376e-16
6922.75 5.0199e-16
6924.275 5.3499e-16
6925.8 5.6826e-16
6927.325 5.3274e-16
6928.85 5.1904e-16
6930.375 5.2893e-16
6931.9 5.3522e-16
6933.425 5.1921e-16
6934.95 5.5547e-16
6936.475 5.7456e-16
6938.0 5.645e-16
6939.525 5.2706e-16
6941.05 5.038e-16
6942.575 5.2457e-16
6944.1 5.6422e-16
6945.625 6.0967e-16
6947.15 5.5201e-16
6948.675 5.0631e-16
6950.2 5.3078e-16
6951.725 5.3754e-16
6953.25 5.425e-16
6954.775 5.2497e-16
6956.3 5.2015e-16
6957.825 5.314e-16
6959.35 5.4798e-16
6960.875 5.2861e-16
6962.4 5.2399e-16
6963.925 5.3494e-16
6965.45 5.4245e-16
6966.975 5.4079e-16
6968.5 5.2468e-16
6970.025 5.0731e-16
6971.55 5.1154e-16
6973.075 5.2328e-16
6974.6 5.4298e-16
6976.125 5.4478e-16
6977.65 5.1981e-16
6979.175 4.9686e-16
6980.7 5.3558e-16
6982.225 5.4959e-16
6983.75 5.362e-16
6985.275 5.4043e-16
6986.8 5.3854e-16
6988.325 5.0869e-16
6989.85 4.863e-16
6991.375 5.1345e-16
6992.9 5.3813e-16
6994.425 5.4472e-16
6995.95 5.4537e-16
6997.475 5.5361e-16
6999.0 5.8557e-16
7000.525 5.7446e-16
7002.05 5.4337e-16
7003.575 5.4963e-16
7005.1 5.4861e-16
7006.625 5.0017e-16
7008.15 5.1524e-16
7009.675 5.4456e-16
7011.2 5.5108e-16
7012.725 5.3544e-16
7014.25 5.3793e-16
7015.775 5.4598e-16
7017.3 5.2582e-16
7018.825 5.2442e-16
7020.35 5.1813e-16
7021.875 5.2007e-16
7023.4 5.2327e-16
7024.925 5.2139e-16
7026.45 5.3824e-16
7027.975 5.2853e-16
7029.5 5.3055e-16
7031.025 5.3357e-16
7032.55 5.2779e-16
7034.075 5.3436e-16
7035.6 5.2515e-16
7037.125 5.2356e-16
7038.65 5.2272e-16
7040.175 5.1799e-16
7041.7 4.9623e-16
7043.225 4.9316e-16
7044.75 5.3245e-16
7046.275 5.5715e-16
7047.8 5.6973e-16
7049.325 5.5515e-16
7050.85 5.2818e-16
7052.375 5.4716e-16
7053.9 5.6027e-16
7055.425 5.4609e-16
7056.95 5.4354e-16
7058.475 5.5138e-16
7060.0 5.5379e-16
7061.525 5.5079e-16
7063.05 5.596e-16
7064.575 5.7168e-16
7066.1 5.4902e-16
7067.625 5.227e-16
7069.15 5.066e-16
7070.675 5.1875e-16
7072.2 5.4448e-16
7073.725 5.8027e-16
7075.25 5.9551e-16
7076.775 5.6773e-16
7078.3 5.1314e-16
7079.825 5.3603e-16
7081.35 5.5705e-16
7082.875 5.32e-16
7084.4 5.2831e-16
7085.925 5.6054e-16
7087.45 5.4248e-16
7088.975 5.234e-16
7090.5 5.2843e-16
7092.025 5.2123e-16
7093.55 5.513e-16
7095.075 5.6905e-16
7096.6 5.5534e-16
7098.125 5.4903e-16
7099.65 5.4786e-16
7101.175 5.3862e-16
7102.7 5.6068e-16
7104.225 5.6213e-16
7105.75 5.5751e-16
7107.275 5.6074e-16
7108.8 5.4381e-16
7110.325 5.1493e-16
7111.85 5.3516e-16
7113.375 5.7078e-16
7114.9 5.3643e-16
7116.425 5.1744e-16
7117.95 5.2791e-16
7119.475 5.7576e-16
7121.0 5.6667e-16
7122.525 5.3846e-16
7124.05 5.3041e-16
7125.575 5.5599e-16
7127.1 5.4255e-16
7128.625 5.1283e-16
7130.15 5.0195e-16
7131.675 5.0121e-16
7133.2 5.1972e-16
7134.725 5.2547e-16
7136.25 5.1581e-16
7137.775 4.991e-16
7139.3 5.1637e-16
7140.825 5.4066e-16
7142.35 5.2615e-16
7143.875 5.3334e-16
7145.4 5.3196e-16
7146.925 5.3176e-16
7148.45 5.4291e-16
7149.975 5.3737e-16
7151.5 5.4448e-16
7153.025 5.4627e-16
7154.55 5.5806e-16
7156.075 5.2862e-16
7157.6 5.4217e-16
7159.125 5.4327e-16
7160.65 5.2152e-16
7162.175 5.1916e-16
7163.7 5.3255e-16
7165.225 5.5883e-16
7166.75 5.906e-16
7168.275 6.2561e-16
7169.8 6.1923e-16
7171.325 5.5159e-16
7172.85 5.4612e-16
7174.375 5.6508e-16
7175.9 5.6564e-16
7177.425 5.691e-16
7178.95 5.8126e-16
7180.475 5.9092e-16
7182.0 6.1247e-16
7183.525 6.0897e-16
7185.05 5.5866e-16
7186.575 5.3868e-16
7188.1 5.5111e-16
7189.625 5.542e-16
7191.15 5.544e-16
7192.675 5.4877e-16
7194.2 5.2937e-16
7195.725 5.8424e-16
7197.25 6.2346e-16
7198.775 5.5159e-16
7200.3 5.3332e-16
7201.825 5.7313e-16
7203.35 5.8134e-16
7204.875 5.6458e-16
7206.4 5.7349e-16
7207.925 5.605e-16
7209.45 5.3114e-16
7210.975 5.4715e-16
7212.5 5.4066e-16
7214.025 5.1338e-16
7215.55 5.0656e-16
7217.075 5.016e-16
7218.6 4.9776e-16
7220.125 5.0503e-16
7221.65 5.2739e-16
7223.175 5.3004e-16
7224.7 5.205e-16
7226.225 5.3742e-16
7227.75 5.4935e-16
7229.275 5.7797e-16
7230.8 6.2137e-16
7232.325 6.0849e-16
7233.85 6.1768e-16
7235.375 6.1894e-16
7236.9 5.8918e-16
7238.425 5.6925e-16
7239.95 5.4254e-16
7241.475 5.4726e-16
7243.0 5.1777e-16
7244.525 4.9113e-16
7246.05 5.2657e-16
7247.575 5.5844e-16
7249.1 5.7226e-16
7250.625 5.5683e-16
7252.15 5.5056e-16
7253.675 5.5869e-16
7255.2 5.4292e-16
7256.725 5.3124e-16
7258.25 5.106e-16
7259.775 4.9823e-16
7261.3 4.8485e-16
7262.825 4.947e-16
7264.35 5.365e-16
7265.875 5.3999e-16
7267.4 5.2113e-16
7268.925 5.2233e-16
7270.45 5.6506e-16
7271.975 5.7168e-16
7273.5 5.166e-16
7275.025 4.7076e-16
7276.55 4.4376e-16
7278.075 4.7076e-16
7279.6 4.7459e-16
7281.125 5.009e-16
7282.65 5.1336e-16
7284.175 5.0008e-16
7285.7 5.05e-16
7287.225 4.9552e-16
7288.75 4.9683e-16
7290.275 5.0832e-16
7291.8 5.1763e-16
7293.325 4.8442e-16
7294.85 4.6522e-16
7296.375 4.9777e-16
7297.9 5.1524e-16
7299.425 5.1107e-16
7300.95 4.9753e-16
7302.475 5.1294e-16
7304.0 5.7575e-16
7305.525 5.4137e-16
7307.05 5.0994e-16
7308.575 5.2867e-16
7310.1 5.0926e-16
7311.625 4.922e-16
7313.15 5.3075e-16
7314.675 5.568e-16
7316.2 4.9403e-16
7317.725 4.9011e-16
7319.25 4.6853e-16
7320.775 4.6423e-16
7322.3 4.9733e-16
7323.825 5.3921e-16
7325.35 5.6341e-16
7326.875 5.4262e-16
7328.4 4.9326e-16
7329.925 5.0513e-16
7331.45 5.1551e-16
7332.975 4.902e-16
7334.5 4.6711e-16
7336.025 5.1724e-16
7337.55 5.1644e-16
7339.075 5.1782e-16
7340.6 5.4443e-16
7342.125 5.188e-16
7343.65 5.029e-16
7345.175 5.4004e-16
7346.7 5.4831e-16
7348.225 5.416e-16
7349.75 5.154e-16
7351.275 4.7581e-16
7352.8 4.7514e-16
7354.325 4.9167e-16
7355.85 4.9305e-16
7357.375 4.9687e-16
7358.9 4.8457e-16
7360.425 4.8282e-16
7361.95 4.8038e-16
7363.475 5.0091e-16
7365.0 5.3725e-16
7366.525 5.2461e-16
7368.05 5.0929e-16
7369.575 4.9434e-16
7371.1 4.9018e-16
7372.625 4.9329e-16
7374.15 4.9356e-16
7375.675 5.0973e-16
7377.2 5.2191e-16
7378.725 5.3537e-16
7380.25 5.146e-16
7381.775 4.9279e-16
7383.3 5.086e-16
7384.825 5.2559e-16
7386.35 5.3184e-16
7387.875 5.3314e-16
7389.4 5.1599e-16
7390.925 5.0692e-16
7392.45 5.0456e-16
7393.975 4.9106e-16
7395.5 5.1255e-16
7397.025 5.6658e-16
7398.55 5.61e-16
7400.075 5.2335e-16
7401.6 5.1492e-16
7403.125 5.1414e-16
7404.65 5.0306e-16
7406.175 4.9962e-16
7407.7 4.9871e-16
7409.225 4.8006e-16
7410.75 4.9385e-16
7412.275 5.048e-16
7413.8 4.8892e-16
7415.325 4.7952e-16
7416.85 4.8074e-16
7418.375 5.0714e-16
7419.9 5.3534e-16
7421.425 5.4303e-16
7422.95 5.2884e-16
7424.475 5.1916e-16
7426.0 5.2197e-16
7427.525 5.2646e-16
7429.05 5.658e-16
7430.575 5.5726e-16
7432.1 5.0821e-16
7433.625 5.2606e-16
7435.15 5.4985e-16
7436.675 5.4079e-16
7438.2 5.2649e-16
7439.725 5.0884e-16
7441.25 5.0284e-16
7442.775 5.0721e-16
7444.3 5.0676e-16
7445.825 4.9604e-16
7447.35 4.9058e-16
7448.875 5.2539e-16
7450.4 5.4525e-16
7451.925 5.2763e-16
7453.45 5.0637e-16
7454.975 4.9372e-16
7456.5 5.2367e-16
7458.025 5.5503e-16
7459.55 5.6457e-16
7461.075 5.4258e-16
7462.6 5.3176e-16
7464.125 5.2733e-16
7465.65 5.0962e-16
7467.175 5.2871e-16
7468.7 5.5943e-16
7470.225 5.4098e-16
7471.75 5.2258e-16
7473.275 5.5272e-16
7474.8 5.6961e-16
7476.325 5.4325e-16
7477.85 5.4696e-16
7479.375 5.3791e-16
7480.9 5.1029e-16
7482.425 5.3059e-16
7483.95 5.3031e-16
7485.475 5.2847e-16
7487.0 5.1755e-16
7488.525 5.2127e-16
7490.05 5.1064e-16
7491.575 5.323e-16
7493.1 5.3102e-16
7494.625 4.9546e-16
7496.15 4.9945e-16
7497.675 5.0844e-16
7499.2 5.2643e-16
7500.725 5.1763e-16
7502.25 5.2973e-16
7503.775 5.3619e-16
7505.3 5.2865e-16
7506.825 5.2657e-16
7508.35 5.3031e-16
7509.875 5.3764e-16
7511.4 5.3508e-16
7512.925 5.4883e-16
7514.45 5.6005e-16
7515.975 5.4019e-16
7517.5 5.2751e-16
7519.025 5.342e-16
7520.55 5.4244e-16
7522.075 5.3942e-16
7523.6 5.5324e-16
7525.125 5.453e-16
7526.65 5.5159e-16
7528.175 5.5605e-16
7529.7 5.397e-16
7531.225 5.27e-16
7532.75 5.0256e-16
7534.275 5.1083e-16
7535.8 5.2257e-16
7537.325 5.1047e-16
7538.85 4.9385e-16
7540.375 5.0331e-16
7541.9 5.5151e-16
7543.425 5.6458e-16
7544.95 5.387e-16
7546.475 5.2446e-16
7548.0 5.227e-16
7549.525 5.3261e-16
7551.05 5.3561e-16
7552.575 5.2701e-16
7554.1 5.2945e-16
7555.625 5.1642e-16
7557.15 5.1188e-16
7558.675 5.2702e-16
7560.2 5.321e-16
7561.725 5.481e-16
7563.25 5.4529e-16
7564.775 5.2957e-16
7566.3 5.4421e-16
7567.825 5.6951e-16
7569.35 5.544e-16
7570.875 5.0431e-16
7572.4 4.8315e-16
7573.925 5.165e-16
7575.45 5.5398e-16
7576.975 5.676e-16
7578.5 5.5186e-16
7580.025 5.2026e-16
7581.55 5.258e-16
7583.075 5.3922e-16
7584.6 5.5343e-16
7586.125 5.336e-16
7587.65 5.2344e-16
7589.175 5.7306e-16
7590.7 5.9369e-16
7592.225 6.2432e-16
7593.75 7.3423e-16
7595.275 8.4187e-16
7596.8 9.5653e-16
7598.325 8.8442e-16
7599.85 6.3618e-16
7601.375 6.6163e-16
7602.9 7.1143e-16
7604.425 7.6572e-16
7605.95 7.7209e-16
7607.475 7.2851e-16
7609.0 6.3148e-16
7610.525 6.1605e-16
7612.05 6.1473e-16
7613.575 5.6663e-16
7615.1 5.654e-16
7616.625 5.8196e-16
7618.15 5.7809e-16
7619.675 6.0551e-16
7621.2 5.9842e-16
7622.725 5.9441e-16
7624.25 6.6593e-16
7625.775 6.8886e-16
7627.3 6.0502e-16
7628.825 6.3602e-16
7630.35 6.3626e-16
7631.875 5.5245e-16
7633.4 5.6018e-16
7634.925 6.1231e-16
7636.45 6.138e-16
7637.975 6.0237e-16
7639.5 5.9324e-16
7641.025 5.8373e-16
7642.55 5.7155e-16
7644.075 5.3235e-16
7645.6 5.1205e-16
7647.125 5.5387e-16
7648.65 5.7332e-16
7650.175 5.526e-16
7651.7 5.448e-16
7653.225 5.3726e-16
7654.75 5.2481e-16
7656.275 5.4633e-16
7657.8 5.5436e-16
7659.325 5.7277e-16
7660.85 5.8507e-16
7662.375 5.6247e-16
7663.9 5.5654e-16
7665.425 5.5507e-16
7666.95 5.6252e-16
7668.475 5.5092e-16
7670.0 5.1628e-16
7671.525 5.2884e-16
7673.05 5.6578e-16
7674.575 5.6324e-16
7676.1 5.228e-16
7677.625 5.0518e-16
7679.15 5.0035e-16
7680.675 5.194e-16
7682.2 5.5654e-16
7683.725 5.204e-16
7685.25 4.8019e-16
7686.775 4.9453e-16
7688.3 4.9259e-16
7689.825 4.8807e-16
7691.35 4.7853e-16
7692.875 4.6278e-16
7694.4 4.7781e-16
7695.925 4.9699e-16
7697.45 4.9164e-16
7698.975 4.9237e-16
7700.5 5.1591e-16
7702.025 5.3707e-16
7703.55 5.5302e-16
7705.075 5.5087e-16
7706.6 5.4602e-16
7708.125 5.6445e-16
7709.65 5.9754e-16
7711.175 5.6733e-16
7712.7 5.1268e-16
7714.225 5.234e-16
7715.75 5.1134e-16
7717.275 5.1507e-16
7718.8 5.1452e-16
7720.325 5.1577e-16
7721.85 5.4411e-16
7723.375 5.3093e-16
7724.9 5.0925e-16
7726.425 5.0911e-16
7727.95 4.8595e-16
7729.475 4.7761e-16
7731.0 5.2172e-16
7732.525 5.5185e-16
7734.05 5.478e-16
7735.575 5.4217e-16
7737.1 5.2956e-16
7738.625 5.0742e-16
7740.15 5.0115e-16
7741.675 5.1903e-16
7743.2 5.5473e-16
7744.725 5.8835e-16
7746.25 5.6266e-16
7747.775 4.894e-16
7749.3 4.9553e-16
7750.825 5.08e-16
7752.35 4.7983e-16
7753.875 4.4858e-16
7755.4 4.883e-16
7756.925 5.1605e-16
7758.45 5.324e-16
7759.975 5.1915e-16
7761.5 4.7806e-16
7763.025 4.9159e-16
7764.55 5.1701e-16
7766.075 5.1935e-16
7767.6 5.2164e-16
7769.125 5.3145e-16
7770.65 5.5324e-16
7772.175 5.5799e-16
7773.7 5.5931e-16
7775.225 5.2482e-16
7776.75 5.1343e-16
7778.275 5.4529e-16
7779.8 5.5001e-16
7781.325 5.6545e-16
7782.85 5.6755e-16
7784.375 5.2924e-16
7785.9 5.0507e-16
7787.425 5.4898e-16
7788.95 5.7915e-16
7790.475 5.8604e-16
7792.0 5.3494e-16
7793.525 4.6609e-16
7795.05 4.5984e-16
7796.575 4.8113e-16
7798.1 4.9911e-16
7799.625 5.1484e-16
7801.15 5.2202e-16
7802.675 5.2661e-16
7804.2 5.352e-16
7805.725 4.7518e-16
7807.25 4.7092e-16
7808.775 5.2045e-16
7810.3 5.4631e-16
7811.825 5.1732e-16
7813.35 4.7123e-16
7814.875 4.761e-16
7816.4 5.0369e-16
7817.925 4.9991e-16
7819.45 4.95e-16
7820.975 4.9658e-16
7822.5 4.8379e-16
7824.025 4.6459e-16
7825.55 5.1841e-16
7827.075 5.7446e-16
7828.6 5.586e-16
7830.125 5.194e-16
7831.65 5.0042e-16
7833.175 4.8607e-16
7834.7 4.8653e-16
7836.225 5.2265e-16
7837.75 5.0927e-16
7839.275 4.5807e-16
7840.8 4.6868e-16
7842.325 4.9181e-16
7843.85 4.8456e-16
7845.375 4.8955e-16
7846.9 5.2739e-16
7848.425 5.7879e-16
7849.95 5.3937e-16
7851.475 4.1461e-16
7853.0 3.7301e-16
7854.525 4.3947e-16
7856.05 4.9769e-16
7857.575 5.5198e-16
7859.1 5.5677e-16
7860.625 4.8339e-16
7862.15 4.6845e-16
7863.675 4.7903e-16
7865.2 4.7747e-16
7866.725 5.1342e-16
7868.25 5.1459e-16
7869.775 5.1238e-16
7871.3 5.152e-16
7872.825 4.8335e-16
7874.35 4.9324e-16
7875.875 5.4245e-16
7877.4 5.5731e-16
7878.925 5.1786e-16
7880.45 4.7206e-16
7881.975 4.7983e-16
7883.5 5.1599e-16
7885.025 5.1165e-16
7886.55 4.9065e-16
7888.075 5.3571e-16
7889.6 5.3249e-16
7891.125 4.8528e-16
7892.65 4.6774e-16
7894.175 4.8026e-16
7895.7 4.976e-16
7897.225 5.0602e-16
7898.75 5.3944e-16
7900.275 5.2834e-16
7901.8 5.0333e-16
7903.325 5.1868e-16
7904.85 5.3332e-16
7906.375 5.1841e-16
7907.9 5.2219e-16
7909.425 5.8203e-16
7910.95 5.835e-16
7912.475 4.9703e-16
7914.0 4.6378e-16
7915.525 4.9414e-16
7917.05 5.4309e-16
7918.575 5.6458e-16
7920.1 5.4452e-16
7921.625 5.0505e-16
7923.15 4.8262e-16
7924.675 4.8093e-16
7926.2 5.2108e-16
7927.725 5.4303e-16
7929.25 5.2727e-16
7930.775 4.5988e-16
7932.3 4.5666e-16
7933.825 4.849e-16
7935.35 5.0094e-16
7936.875 5.2745e-16
7938.4 5.1163e-16
7939.925 4.8266e-16
7941.45 4.9589e-16
7942.975 5.0585e-16
7944.5 5.1416e-16
7946.025 5.0492e-16
7947.55 4.7091e-16
7949.075 4.5557e-16
7950.6 4.7629e-16
7952.125 4.9285e-16
7953.65 4.6843e-16
7955.175 4.8468e-16
7956.7 5.1491e-16
7958.225 5.1218e-16
7959.75 5.4287e-16
7961.275 5.751e-16
7962.8 5.6505e-16
7964.325 4.8672e-16
7965.85 4.234e-16
7967.375 4.5776e-16
7968.9 5.0698e-16
7970.425 5.0584e-16
7971.95 4.9552e-16
7973.475 5.1217e-16
7975.0 5.2304e-16
7976.525 5.1253e-16
7978.05 4.7746e-16
7979.575 4.6009e-16
7981.1 4.8635e-16
7982.625 4.9996e-16
7984.15 4.9938e-16
7985.675 4.8171e-16
7987.2 4.7766e-16
7988.725 5.574e-16
7990.25 5.9709e-16
7991.775 5.0833e-16
7993.3 4.5924e-16
7994.825 4.4931e-16
7996.35 4.6789e-16
7997.875 4.9391e-16
7999.4 4.9394e-16
8000.925 4.8328e-16
8002.45 5.0869e-16
8003.975 5.007e-16
8005.5 4.9784e-16
8007.025 4.9041e-16
8008.55 4.7288e-16
8010.075 4.8329e-16
8011.6 4.9675e-16
8013.125 4.8103e-16
8014.65 4.6475e-16
8016.175 4.7069e-16
8017.7 4.9313e-16
8019.225 5.1354e-16
8020.75 5.2315e-16
8022.275 5.1155e-16
8023.8 4.8775e-16
8025.325 4.4615e-16
8026.85 4.279e-16
8028.375 4.6888e-16
8029.9 4.8185e-16
8031.425 4.6624e-16
8032.95 4.8503e-16
8034.475 4.6302e-16
8036.0 4.8352e-16
8037.525 4.7962e-16
8039.05 4.4116e-16
8040.575 4.4241e-16
8042.1 4.5313e-16
8043.625 4.8387e-16
8045.15 4.9207e-16
8046.675 4.6507e-16
8048.2 4.7506e-16
8049.725 4.7999e-16
8051.25 4.7746e-16
8052.775 4.9491e-16
8054.3 4.8421e-16
8055.825 4.7273e-16
8057.35 4.43e-16
8058.875 4.426e-16
8060.4 4.739e-16
8061.925 4.6746e-16
8063.45 4.7463e-16
8064.975 4.8175e-16
8066.5 4.6958e-16
8068.025 4.5918e-16
8069.55 4.7903e-16
8071.075 4.8733e-16
8072.6 4.5532e-16
8074.125 4.8544e-16
8075.65 5.2893e-16
8077.175 5.0341e-16
8078.7 4.9015e-16
8080.225 5.0496e-16
8081.75 4.9707e-16
8083.275 4.6687e-16
8084.8 4.5324e-16
8086.325 4.7731e-16
8087.85 4.8704e-16
8089.375 4.6686e-16
8090.9 4.4923e-16
8092.425 4.4688e-16
8093.95 4.507e-16
8095.475 4.5127e-16
8097.0 4.4586e-16
8098.525 4.6576e-16
8100.05 4.9453e-16
8101.575 4.8065e-16
8103.1 4.6479e-16
8104.625 4.6012e-16
8106.15 4.468e-16
8107.675 4.5835e-16
8109.2 4.8088e-16
8110.725 4.5848e-16
8112.25 4.595e-16
8113.775 4.5284e-16
8115.3 4.3225e-16
8116.825 4.2794e-16
8118.35 4.5905e-16
8119.875 4.6906e-16
8121.4 4.3621e-16
8122.925 4.5109e-16
8124.45 4.4677e-16
8125.975 4.3316e-16
8127.5 4.4226e-16
8129.025 4.4226e-16
8130.55 4.6914e-16
8132.075 4.9504e-16
8133.6 4.7672e-16
8135.125 4.522e-16
8136.65 4.6821e-16
8138.175 4.7799e-16
8139.7 4.6843e-16
8141.225 5.017e-16
8142.75 4.9222e-16
8144.275 4.715e-16
8145.8 4.9253e-16
8147.325 5.1866e-16
8148.85 5.3274e-16
8150.375 5.3287e-16
8151.9 5.0443e-16
8153.425 4.6364e-16
8154.95 4.6085e-16
8156.475 4.921e-16
8158.0 5.2583e-16
8159.525 5.1018e-16
8161.05 5.0199e-16
8162.575 5.2994e-16
8164.1 5.1558e-16
8165.625 4.998e-16
8167.15 5.1048e-16
8168.675 5.165e-16
8170.2 5.0511e-16
8171.725 4.9117e-16
8173.25 4.6652e-16
8174.775 4.7672e-16
8176.3 5.3411e-16
8177.825 5.581e-16
8179.35 5.6419e-16
8180.875 5.2651e-16
8182.4 4.7909e-16
8183.925 4.9012e-16
8185.45 4.5898e-16
8186.975 4.7997e-16
8188.5 5.1581e-16
8190.025 5.1644e-16
8191.55 5.0256e-16
8193.075 5.1548e-16
8194.6 4.8927e-16
8196.125 4.4945e-16
8197.65 4.413e-16
8199.175 4.5381e-16
8200.7 4.7549e-16
8202.225 4.5131e-16
8203.75 3.9817e-16
8205.275 4.0803e-16
8206.8 4.2772e-16
8208.325 4.2546e-16
8209.85 4.2211e-16
8211.375 4.5e-16
8212.9 5.0231e-16
8214.425 5.146e-16
8215.95 4.8967e-16
8217.475 4.594e-16
8219.0 4.4438e-16
8220.525 4.58e-16
8222.05 4.6926e-16
8223.575 4.8834e-16
8225.1 5.3623e-16
8226.625 4.8634e-16
8228.15 4.7793e-16
8229.675 5.3894e-16
8231.2 5.0843e-16
8232.725 4.9979e-16
8234.25 4.8466e-16
8235.775 4.4991e-16
8237.3 4.556e-16
8238.825 4.7099e-16
8240.35 4.7213e-16
8241.875 4.8348e-16
8243.4 4.8677e-16
8244.925 4.8117e-16
8246.45 4.538e-16
8247.975 4.5253e-16
8249.5 4.6645e-16
8251.025 4.4037e-16
8252.55 4.5387e-16
8254.075 4.5673e-16
8255.6 4.6043e-16
8257.125 4.7628e-16
8258.65 4.4619e-16
8260.175 4.3448e-16
8261.7 4.4711e-16
8263.225 4.6931e-16
8264.75 4.6401e-16
8266.275 4.5445e-16
8267.8 4.8811e-16
8269.325 5.2528e-16
8270.85 5.3065e-16
8272.375 4.985e-16
8273.9 4.8195e-16
8275.425 4.7655e-16
8276.95 4.7893e-16
8278.475 4.8767e-16
8280.0 4.9239e-16
8281.525 4.4701e-16
8283.05 4.4151e-16
8284.575 4.8625e-16
8286.1 5.0044e-16
8287.625 4.9027e-16
8289.15 4.8571e-16
8290.675 4.7696e-16
8292.2 4.9485e-16
8293.725 5.475e-16
8295.25 4.9576e-16
8296.775 4.9136e-16
8298.3 4.6737e-16
8299.825 4.0367e-16
8301.35 4.4674e-16
8302.875 4.813e-16
8304.4 4.6582e-16
8305.925 4.5627e-16
8307.45 4.5077e-16
8308.975 4.825e-16
8310.5 4.7887e-16
8312.025 4.6674e-16
8313.55 4.7447e-16
8315.075 4.781e-16
8316.6 4.9674e-16
8318.125 4.816e-16
8319.65 4.5616e-16
8321.175 4.5803e-16
8322.7 4.5347e-16
8324.225 4.4116e-16
8325.75 4.2796e-16
8327.275 4.6399e-16
8328.8 4.8902e-16
8330.325 4.7771e-16
8331.85 4.598e-16
8333.375 4.5207e-16
8334.9 4.8292e-16
8336.425 4.9125e-16
8337.95 5.0656e-16
8339.475 5.7538e-16
8341.0 5.6757e-16
8342.525 5.1357e-16
8344.05 4.8403e-16
8345.575 4.4496e-16
8347.1 4.6714e-16
8348.625 4.9238e-16
8350.15 4.8733e-16
8351.675 4.5424e-16
8353.2 4.5144e-16
8354.725 4.8084e-16
8356.25 5.0345e-16
8357.775 4.9785e-16
8359.3 4.7379e-16
8360.825 4.5811e-16
8362.35 4.6821e-16
8363.875 4.6656e-16
8365.4 4.6456e-16
8366.925 4.7343e-16
8368.45 4.7515e-16
8369.975 4.9619e-16
8371.5 4.6911e-16
8373.025 4.3329e-16
8374.55 4.2383e-16
8376.075 4.7502e-16
8377.6 5.1026e-16
8379.125 5.3055e-16
8380.65 4.9874e-16
8382.175 4.6982e-16
8383.7 4.3892e-16
8385.225 4.4464e-16
8386.75 4.6268e-16
8388.275 4.6819e-16
8389.8 5.0718e-16
8391.325 4.9945e-16
8392.85 5.1358e-16
8394.375 5.5311e-16
8395.9 5.789e-16
8397.425 5.7854e-16
8398.95 4.9855e-16
8400.475 4.202e-16
8402.0 4.0653e-16
8403.525 4.2715e-16
8405.05 4.351e-16
8406.575 4.359e-16
8408.1 4.3244e-16
8409.625 4.3468e-16
8411.15 4.9211e-16
8412.675 4.8403e-16
8414.2 4.5422e-16
8415.725 4.4488e-16
8417.25 4.3817e-16
8418.775 4.4562e-16
8420.3 4.6177e-16
8421.825 4.6676e-16
8423.35 4.8112e-16
8424.875 5.3954e-16
8426.4 5.8656e-16
8427.925 4.337e-16
8429.45 3.7242e-16
8430.975 4.5069e-16
8432.5 4.5357e-16
8434.025 4.4154e-16
8435.55 4.532e-16
8437.075 4.5254e-16
8438.6 4.5445e-16
8440.125 4.5273e-16
8441.65 4.5663e-16
8443.175 4.6466e-16
8444.7 4.5952e-16
8446.225 4.9332e-16
8447.75 5.1213e-16
8449.275 4.6942e-16
8450.8 4.617e-16
8452.325 4.6366e-16
8453.85 4.3363e-16
8455.375 4.2827e-16
8456.9 4.5534e-16
8458.425 4.6523e-16
8459.95 4.8539e-16
8461.475 5.4389e-16
8463.0 5.0156e-16
8464.525 4.1552e-16
8466.05 4.2502e-16
8467.575 4.454e-16
8469.1 4.5386e-16
8470.625 4.3908e-16
8472.15 4.5775e-16
8473.675 4.7604e-16
8475.2 4.531e-16
8476.725 4.4554e-16
8478.25 4.466e-16
8479.775 4.4354e-16
8481.3 4.5647e-16
8482.825 4.742e-16
8484.35 4.7044e-16
8485.875 4.7045e-16
8487.4 4.9518e-16
8488.925 5.0146e-16
8490.45 4.9194e-16
8491.975 4.9045e-16
8493.5 4.4676e-16
8495.025 4.2301e-16
8496.55 4.4893e-16
8498.075 4.8175e-16
8499.6 5.2248e-16
8501.125 5.343e-16
8502.65 4.9314e-16
8504.175 4.644e-16
8505.7 4.5263e-16
8507.225 4.6293e-16
8508.75 4.8654e-16
8510.275 4.9564e-16
8511.8 4.6535e-16
8513.325 4.5863e-16
8514.85 4.5599e-16
8516.375 4.7948e-16
8517.9 4.7031e-16
8519.425 4.6169e-16
8520.95 4.575e-16
8522.475 4.5372e-16
8524.0 4.6372e-16
8525.525 4.6635e-16
8527.05 4.5624e-16
8528.575 4.6115e-16
8530.1 4.6145e-16
8531.625 4.8088e-16
8533.15 4.8544e-16
8534.675 4.6323e-16
8536.2 4.4892e-16
8537.725 4.6619e-16
8539.25 4.6122e-16
8540.775 4.6773e-16
8542.3 4.6408e-16
8543.825 4.4531e-16
8545.35 4.2688e-16
8546.875 4.405e-16
8548.4 4.3942e-16
8549.925 4.2244e-16
8551.45 4.2303e-16
8552.975 4.4194e-16
8554.5 4.6081e-16
8556.025 4.5748e-16
8557.55 4.4999e-16
8559.075 4.5113e-16
8560.6 4.4709e-16
8562.125 4.5895e-16
8563.65 4.6714e-16
8565.175 4.5246e-16
8566.7 4.5051e-16
8568.225 4.4991e-16
8569.75 4.598e-16
8571.275 4.9004e-16
8572.8 4.655e-16
8574.325 4.3283e-16
8575.85 4.4885e-16
8577.375 4.6197e-16
8578.9 4.8333e-16
8580.425 4.8527e-16
8581.95 4.7307e-16
8583.475 4.4539e-16
8585.0 4.3257e-16
8586.525 4.3283e-16
8588.05 4.1926e-16
8589.575 4.3856e-16
8591.1 4.6588e-16
8592.625 4.7939e-16
8594.15 4.8413e-16
8595.675 4.8178e-16
8597.2 4.7402e-16
8598.725 4.7736e-16
8600.25 4.6043e-16
8601.775 4.6507e-16
8603.3 4.8541e-16
8604.825 4.885e-16
8606.35 4.6232e-16
8607.875 4.1373e-16
8609.4 4.1734e-16
8610.925 4.2989e-16
8612.45 4.2957e-16
8613.975 4.41e-16
8615.5 4.3938e-16
8617.025 4.766e-16
8618.55 4.7357e-16
8620.075 4.1799e-16
8621.6 4.5227e-16
8623.125 4.8957e-16
8624.65 4.5326e-16
8626.175 4.5322e-16
8627.7 4.6804e-16
8629.225 4.3056e-16
8630.75 4.2785e-16
8632.275 4.5475e-16
8633.8 4.7453e-16
8635.325 4.4478e-16
8636.85 4.1526e-16
8638.375 4.2605e-16
8639.9 4.4991e-16
8641.425 4.5467e-16
8642.95 4.3484e-16
8644.475 4.2977e-16
8646.0 4.4009e-16
8647.525 4.9e-16
8649.05 4.8393e-16
8650.575 4.348e-16
8652.1 4.2868e-16
8653.625 4.4744e-16
8655.15 4.3534e-16
8656.675 4.5631e-16
8658.2 4.6314e-16
8659.725 4.5241e-16
8661.25 4.71e-16
8662.775 4.8105e-16
8664.3 4.8301e-16
8665.825 4.857e-16
8667.35 4.5043e-16
8668.875 4.3296e-16
8670.4 4.2764e-16
8671.925 4.3381e-16
8673.45 4.3318e-16
8674.975 4.3424e-16
8676.5 4.4234e-16
8678.025 4.5306e-16
8679.55 4.7754e-16
8681.075 4.5999e-16
8682.6 4.2647e-16
8684.125 4.352e-16
8685.65 4.6676e-16
8687.175 4.7303e-16
8688.7 4.6755e-16
8690.225 4.5517e-16
8691.75 4.6996e-16
8693.275 4.6549e-16
8694.8 4.2175e-16
8696.325 4.2825e-16
8697.85 4.5647e-16
8699.375 4.4452e-16
8700.9 4.2234e-16
8702.425 4.5078e-16
8703.95 4.7256e-16
8705.475 4.3573e-16
8707.0 4.3028e-16
8708.525 4.331e-16
8710.05 4.6368e-16
8711.575 4.8697e-16
8713.1 4.5072e-16
8714.625 4.7527e-16
8716.15 4.867e-16
8717.675 4.4087e-16
8719.2 3.9993e-16
8720.725 3.7194e-16
8722.25 3.3921e-16
8723.775 3.6288e-16
8725.3 4.2502e-16
8726.825 4.0886e-16
8728.35 3.8016e-16
8729.875 4.046e-16
8731.4 4.4036e-16
8732.925 4.5547e-16
8734.45 4.4083e-16
8735.975 4.3938e-16
8737.5 4.5343e-16
8739.025 4.209e-16
8740.55 4.0154e-16
8742.075 4.2509e-16
8743.6 4.3017e-16
8745.125 4.4542e-16
8746.65 4.5404e-16
8748.175 4.4795e-16
8749.7 4.3465e-16
8751.225 4.3432e-16
8752.75 4.594e-16
8754.275 4.6884e-16
8755.8 4.8847e-16
8757.325 5.4961e-16
8758.85 5.3304e-16
8760.375 4.7685e-16
8761.9 4.0966e-16
8763.425 4.7157e-16
8764.95 4.3832e-16
8766.475 3.7174e-16
8768.0 3.2445e-16
8769.525 3.0106e-16
8771.05 3.6304e-16
8772.575 4.0052e-16
8774.1 4.7887e-16
8775.625 4.9517e-16
8777.15 4.3809e-16
8778.675 4.3035e-16
8780.2 4.3243e-16
8781.725 4.2777e-16
8783.25 4.3202e-16
8784.775 4.3457e-16
8786.3 4.5865e-16
8787.825 5.1263e-16
8789.35 4.826e-16
8790.875 4.0061e-16
8792.4 3.9963e-16
8793.925 4.3637e-16
8795.45 4.5187e-16
8796.975 4.5092e-16
8798.5 4.5634e-16
8800.025 4.5694e-16
8801.55 4.3708e-16
8803.075 4.4441e-16
8804.6 4.6282e-16
8806.125 4.508e-16
8807.65 4.2538e-16
8809.175 4.1548e-16
8810.7 4.2303e-16
8812.225 4.2965e-16
8813.75 4.5854e-16
8815.275 4.6217e-16
8816.8 4.4976e-16
8818.325 4.4874e-16
8819.85 4.5025e-16
8821.375 5.0576e-16
8822.9 6.3405e-16
8824.425 5.5648e-16
8825.95 4.0481e-16
8827.475 3.2672e-16
8829.0 3.8612e-16
8830.525 5.0836e-16
8832.05 5.6477e-16
8833.575 5.5849e-16
8835.1 5.6951e-16
8836.625 4.8587e-16
8838.15 4.2811e-16
8839.675 4.6315e-16
8841.2 4.6588e-16
8842.725 4.5469e-16
8844.25 4.6912e-16
8845.775 5.0844e-16
8847.3 4.8234e-16
8848.825 4.5363e-16
8850.35 4.0586e-16
8851.875 4.56e-16
8853.4 4.7671e-16
8854.925 4.5508e-16
8856.45 4.7485e-16
8857.975 4.8728e-16
8859.5 4.3251e-16
8861.025 4.1902e-16
8862.55 4.5046e-16
8864.075 4.5202e-16
8865.6 3.8396e-16
8867.125 3.6932e-16
8868.65 3.8954e-16
8870.175 4.1017e-16
8871.7 4.4382e-16
8873.225 4.7312e-16
8874.75 4.3999e-16
8876.275 4.3693e-16
8877.8 4.6417e-16
8879.325 4.6531e-16
8880.85 5.5377e-16
8882.375 6.2118e-16
8883.9 4.735e-16
8885.425 3.0787e-16
8886.95 3.3288e-16
8888.475 3.5616e-16
8890.0 3.2535e-16
8891.525 3.5938e-16
8893.05 4.235e-16
8894.575 4.2931e-16
8896.1 4.2268e-16
8897.625 4.6493e-16
8899.15 5.2466e-16
8900.675 4.9634e-16
8902.2 4.1818e-16
8903.725 4.0865e-16
8905.25 4.1513e-16
8906.775 4.0856e-16
8908.3 4.0315e-16
8909.825 4.048e-16
8911.35 4.3503e-16
8912.875 4.6702e-16
8914.4 5.4021e-16
8915.925 5.8317e-16
8917.45 5.1782e-16
8918.975 4.416e-16
8920.5 3.3468e-16
8922.025 3.7859e-16
8923.55 4.145e-16
8925.075 4.3206e-16
8926.6 4.3951e-16
8928.125 4.3165e-16
8929.65 4.5018e-16
8931.175 4.6546e-16
8932.7 4.6633e-16
8934.225 4.4332e-16
8935.75 4.2187e-16
8937.275 4.4363e-16
8938.8 4.6921e-16
8940.325 5.0731e-16
8941.85 4.6381e-16
8943.375 3.6861e-16
8944.9 3.7192e-16
8946.425 4.0166e-16
8947.95 4.3223e-16
8949.475 4.4049e-16
8951.0 4.5661e-16
8952.525 5.3556e-16
8954.05 6.0128e-16
8955.575 5.7104e-16
8957.1 4.2541e-16
8958.625 3.9055e-16
8960.15 4.8144e-16
8961.675 4.9474e-16
8963.2 4.5767e-16
8964.725 4.3884e-16
8966.25 4.5475e-16
8967.775 4.6157e-16
8969.3 4.4407e-16
8970.825 4.2172e-16
8972.35 4.4245e-16
8973.875 4.5372e-16
8975.4 4.5827e-16
8976.925 4.9137e-16
8978.45 5.1428e-16
8979.975 4.3903e-16
8981.5 4.125e-16
8983.025 4.6325e-16
8984.55 5.0643e-16
8986.075 5.8298e-16
8987.6 6.2263e-16
8989.125 5.6218e-16
8990.65 4.7549e-16
8992.175 4.2793e-16
8993.7 3.9019e-16
8995.225 4.3671e-16
8996.75 5.1324e-16
8998.275 5.5624e-16
8999.8 6.0418e-16
9001.325 4.9262e-16
9002.85 4.078e-16
9004.375 4.5512e-16
9005.9 4.4382e-16
9007.425 4.45e-16
9008.95 4.6725e-16
9010.475 4.4485e-16
9012.0 4.366e-16
9013.525 4.5914e-16
9015.05 4.512e-16
9016.575 4.3833e-16
9018.1 4.4787e-16
9019.625 4.6331e-16
9021.15 4.9911e-16
9022.675 5.0043e-16
9024.2 4.8028e-16
9025.725 4.7676e-16
9027.25 4.5867e-16
9028.775 4.5545e-16
9030.3 4.2733e-16
9031.825 3.8682e-16
9033.35 3.938e-16
9034.875 4.162e-16
9036.4 4.1294e-16
9037.925 3.9919e-16
9039.45 3.8042e-16
9040.975 3.8977e-16
9042.5 4.108e-16
9044.025 3.8726e-16
9045.55 3.7054e-16
9047.075 4.1835e-16
9048.6 4.3161e-16
9050.125 4.0394e-16
9051.65 3.8667e-16
9053.175 3.7243e-16
9054.7 3.7961e-16
9056.225 3.9141e-16
9057.75 4.0311e-16
9059.275 4.4241e-16
9060.8 4.3712e-16
9062.325 4.1047e-16
9063.85 4.2385e-16
9065.375 4.4234e-16
9066.9 4.5422e-16
9068.425 4.0653e-16
9069.95 4.1583e-16
9071.475 4.0811e-16
9073.0 3.9906e-16
9074.525 4.0072e-16
9076.05 4.4253e-16
9077.575 4.4178e-16
9079.1 3.9842e-16
9080.625 3.9888e-16
9082.15 3.948e-16
9083.675 4.1357e-16
9085.2 4.0524e-16
9086.725 4.0236e-16
9088.25 4.1418e-16
9089.775 4.0488e-16
9091.3 3.8862e-16
9092.825 4.0574e-16
9094.35 4.1388e-16
9095.875 4.1278e-16
9097.4 4.2387e-16
9098.925 4.3845e-16
9100.45 4.3367e-16
9101.975 4.2032e-16
9103.5 3.8667e-16
9105.025 3.6768e-16
9106.55 3.5844e-16
9108.075 3.5631e-16
9109.6 3.5714e-16
9111.125 3.3603e-16
9112.65 3.3874e-16
9114.175 3.9378e-16
9115.7 4.3441e-16
9117.225 4.0618e-16
9118.75 3.7316e-16
9120.275 3.6344e-16
9121.8 3.7638e-16
9123.325 4.1119e-16
9124.85 4.4274e-16
9126.375 4.5999e-16
9127.9 4.3424e-16
9129.425 3.9143e-16
9130.95 4.1203e-16
9132.475 4.5106e-16
9134.0 4.2946e-16
9135.525 4.0559e-16
9137.05 3.9204e-16
9138.575 3.7127e-16
9140.1 3.8477e-16
9141.625 4.0122e-16
9143.15 3.7917e-16
9144.675 3.8294e-16
9146.2 3.9495e-16
9147.725 3.8679e-16
9149.25 4.0232e-16
9150.775 4.8168e-16
9152.3 5.2143e-16
9153.825 4.949e-16
9155.35 4.2353e-16
9156.875 3.8597e-16
9158.4 3.7569e-16
9159.925 3.7823e-16
9161.45 3.6558e-16
9162.975 3.6641e-16
9164.5 3.6778e-16
9166.025 3.451e-16
9167.55 3.7781e-16
9169.075 4.2468e-16
9170.6 5.0193e-16
9172.125 4.9698e-16
9173.65 4.1745e-16
9175.175 3.6042e-16
9176.7 3.7321e-16
9178.225 4.0226e-16
9179.75 4.0409e-16
9181.275 3.9872e-16
9182.8 4.0661e-16
9184.325 3.9761e-16
9185.85 3.9779e-16
9187.375 3.9649e-16
9188.9 3.9092e-16
9190.425 3.9789e-16
9191.95 4.0696e-16
9193.475 4.1777e-16
9195.0 4.0908e-16
9196.525 4.0211e-16
9198.05 3.9176e-16
9199.575 3.5566e-16
9201.1 3.5657e-16
9202.625 3.8607e-16
9204.15 3.9053e-16
9205.675 3.7167e-16
9207.2 3.6472e-16
9208.725 3.4847e-16
9210.25 3.7565e-16
9211.775 4.2867e-16
9213.3 4.2039e-16
9214.825 4.0018e-16
9216.35 4.09e-16
9217.875 3.9601e-16
9219.4 3.6359e-16
9220.925 3.5632e-16
9222.45 3.7489e-16
9223.975 3.9982e-16
9225.5 4.0898e-16
9227.025 4.1534e-16
9228.55 4.1451e-16
9230.075 3.9295e-16
9231.6 3.8136e-16
9233.125 3.8952e-16
9234.65 3.6711e-16
9236.175 3.5342e-16
9237.7 3.8439e-16
9239.225 3.8502e-16
9240.75 3.7115e-16
9242.275 3.5436e-16
9243.8 3.6504e-16
9245.325 3.8463e-16
9246.85 3.7543e-16
9248.375 3.4848e-16
9249.9 3.5008e-16
9251.425 3.5287e-16
9252.95 3.4671e-16
9254.475 3.5244e-16
9256.0 3.8667e-16
9257.525 4.0703e-16
9259.05 3.7235e-16
9260.575 3.4931e-16
9262.1 3.5236e-16
9263.625 3.6096e-16
9265.15 3.8699e-16
9266.675 3.8585e-16
9268.2 3.8377e-16
9269.725 3.8953e-16
9271.25 3.6807e-16
9272.775 3.7803e-16
9274.3 4.0389e-16
9275.825 4.1608e-16
9277.35 4.3761e-16
9278.875 3.9518e-16
9280.4 4.0371e-16
9281.925 4.1092e-16
9283.45 3.9802e-16
9284.975 3.9378e-16
9286.5 3.9161e-16
9288.025 3.9432e-16
9289.55 4.414e-16
9291.075 4.2937e-16
9292.6 4.3443e-16
9294.125 4.8362e-16
9295.65 5.2575e-16
9297.175 4.2515e-16
9298.7 4.2094e-16
9300.225 4.2574e-16
9301.75 5.0992e-16
9303.275 4.4128e-16
9304.8 4.1576e-16
9306.325 4.7873e-16
9307.85 6.4162e-16
9309.375 7.9641e-16
9310.9 6.2237e-16
9312.425 3.8629e-16
9313.95 5.9332e-17
9315.475 1.8459e-16
9317.0 5.0038e-16
9318.525 4.574e-16
9320.05 3.4432e-16
9321.575 4.3618e-16
9323.1 3.3595e-16
9324.625 2.8959e-16
9326.15 3.0909e-16
9327.675 3.5993e-16
9329.2 4.363e-16
9330.725 4.1933e-16
9332.25 3.677e-16
9333.775 4.0456e-16
9335.3 4.6801e-16
9336.825 4.2519e-16
9338.35 4.9644e-16
9339.875 1.135e-15
9341.4 1.6471e-15
9342.925 9.5992e-16
9344.45 6.0289e-16
9345.975 3.8993e-16
9347.5 3.1653e-16
9349.025 3.6653e-16
9350.55 3.7518e-16
9352.075 4.6502e-16
9353.6 5.0594e-16
9355.125 3.1404e-16
9356.65 4.2773e-16
9358.175 3.5435e-16
9359.7 2.8181e-16
9361.225 3.0593e-16
9362.75 3.59e-16
9364.275 4.3432e-16
9365.8 4.3006e-16
9367.325 4.9972e-16
9368.85 5.7133e-16
9370.375 7.0059e-16
9371.9 8.1276e-16
9373.425 4.5791e-16
9374.95 -1.2849e-16
9376.475 -3.7038e-16
9378.0 3.3921e-16
9379.525 4.8678e-16
9381.05 3.077e-16
9382.575 2.9005e-16
9384.1 2.9329e-16
9385.625 2.5753e-16
9387.15 2.3754e-16
9388.675 2.2703e-16
9390.2 2.1721e-16
9391.725 2.2534e-16
9393.25 2.3459e-16
9394.775 2.6075e-16
9396.3 2.6983e-16
9397.825 2.7882e-16
9399.35 1.9628e-16
9400.875 2.2477e-16
9402.4 2.6431e-16
9403.925 2.3547e-16
9405.45 2.2728e-16
9406.975 2.5156e-16
9408.5 2.1155e-16
9410.025 1.9309e-16
9411.55 1.9158e-16
9413.075 1.8671e-16
9414.6 2.1904e-16
9416.125 2.4294e-16
9417.65 2.3823e-16
9419.175 2.2031e-16
9420.7 1.723e-16
9422.225 1.7978e-16
9423.75 1.723e-16
9425.275 1.7065e-16
9426.8 3.761e-16
9428.325 3.2687e-16
9429.85 1.9078e-16
9431.375 1.5024e-16
9432.9 1.6661e-16
9434.425 2.2831e-16
9435.95 3.1017e-16
9437.475 2.598e-16
9439.0 9.8397e-17
9440.525 3.3663e-17
9442.05 1.2937e-16
9443.575 1.6731e-16
9445.1 1.7598e-16
9446.625 1.781e-16
9448.15 1.7201e-16
9449.675 1.7998e-16
9451.2 1.6135e-16
9452.725 1.162e-16
9454.25 1.8532e-16
9455.775 2.0821e-16
9457.3 9.0629e-17
9458.825 6.3615e-17
9460.35 1.0775e-16
9461.875 1.416e-16
9463.4 1.4756e-16
9464.925 1.4352e-16
9466.45 1.5537e-16
9467.975 1.7786e-16
9469.5 1.7225e-16
9471.025 1.5192e-16
9472.55 1.7415e-16
9474.075 2.1198e-16
9475.6 1.926e-16
9477.125 1.3823e-16
9478.65 7.4159e-17
9480.175 1.5521e-16
9481.7 1.9487e-16
9483.225 2.1189e-16
9484.75 2.1422e-16
9486.275 1.821e-16
9487.8 1.6283e-16
9489.325 1.9883e-16
9490.85 2.3109e-16
9492.375 2.3959e-16
9493.9 2.5472e-16
9495.425 2.6316e-16
9496.95 2.8946e-16
9498.475 2.8526e-16
9500.0 2.8964e-16
9501.525 2.1583e-16
9503.05 1.6923e-16
9504.575 1.63e-16
9506.1 1.5116e-16
9507.625 1.4378e-16
9509.15 1.4508e-16
9510.675 1.7111e-16
9512.2 2.1305e-16
9513.725 2.1037e-16
9515.25 2.2049e-16
9516.775 2.2764e-16
9518.3 1.007e-16
9519.825 2.1751e-16
9521.35 3.2662e-16
9522.875 2.441e-16
9524.4 1.8694e-16
9525.925 2.0126e-16
9527.45 2.1095e-16
9528.975 1.9484e-16
9530.5 1.8025e-16
9532.025 1.906e-16
9533.55 1.8424e-16
9535.075 1.9718e-16
9536.6 1.9833e-16
9538.125 2.101e-16
9539.65 2.1885e-16
9541.175 2.2381e-16
9542.7 2.5681e-16
9544.225 2.3381e-16
9545.75 2.3327e-16
9547.275 2.2725e-16
9548.8 1.9015e-16
9550.325 2.3381e-16
9551.85 3.2175e-16
9553.375 3.1994e-16
9554.9 2.4555e-16
9556.425 1.924e-16
9557.95 1.9655e-16
9559.475 2.1511e-16
9561.0 2.3408e-16
9562.525 3.425e-16
9564.05 3.602e-16
9565.575 1.6546e-16
9567.1 1.1842e-16
9568.625 2.2952e-16
9570.15 2.3945e-16
9571.675 1.9632e-16
9573.2 1.9847e-16
9574.725 2.1168e-16
9576.25 2.4644e-16
9577.775 2.8473e-16
9579.3 2.7722e-16
9580.825 2.5007e-16
9582.35 2.1721e-16
9583.875 2.2207e-16
9585.4 3.0872e-16
9586.925 3.4255e-16
9588.45 2.4477e-16
9589.975 3.2684e-16
9591.5 3.6424e-16
9593.025 2.9319e-16
9594.55 2.5028e-16
9596.075 3.0434e-16
9597.6 2.8446e-16
9599.125 2.2546e-16
9600.65 2.2434e-16
9602.175 2.7237e-16
9603.7 3.5045e-16
9605.225 3.648e-16
9606.75 3.1e-16
9608.275 2.5643e-16
9609.8 2.463e-16
9611.325 2.3152e-16
9612.85 2.5909e-16
9614.375 2.6277e-16
9615.9 2.7007e-16
9617.425 2.5843e-16
9618.95 2.423e-16
9620.475 2.7276e-16
9622.0 3.4961e-16
9623.525 3.2658e-16
9625.05 3.0805e-16
9626.575 3.1488e-16
9628.1 2.8132e-16
9629.625 2.4102e-16
9631.15 2.5853e-16
9632.675 3.1221e-16
9634.2 3.6422e-16
9635.725 3.6476e-16
9637.25 3.1521e-16
9638.775 2.7392e-16
9640.3 2.8577e-16
9641.825 3.3148e-16
9643.35 3.511e-16
9644.875 3.3853e-16
9646.4 2.7109e-16
9647.925 2.4072e-16
9649.45 2.9214e-16
9650.975 3.2852e-16
9652.5 3.3847e-16
9654.025 3.5304e-16
9655.55 3.714e-16
9657.075 3.6441e-16
9658.6 3.7259e-16
9660.125 3.1939e-16
9661.65 2.4724e-16
9663.175 3.1315e-16
9664.7 3.6878e-16
9666.225 3.7305e-16
9667.75 3.584e-16
9669.275 3.2861e-16
9670.8 3.4722e-16
9672.325 3.5177e-16
9673.85 3.1143e-16
9675.375 3.169e-16
9676.9 3.5467e-16
9678.425 3.698e-16
9679.95 3.7955e-16
9681.475 3.4244e-16
9683.0 3.2312e-16
9684.525 3.3362e-16
9686.05 3.5378e-16
9687.575 3.9151e-16
9689.1 3.3981e-16
9690.625 3.0843e-16
9692.15 3.4082e-16
9693.675 3.4239e-16
9695.2 3.8905e-16
9696.725 4.3157e-16
9698.25 4.075e-16
9699.775 3.6473e-16
9701.3 3.2076e-16
9702.825 3.1141e-16
9704.35 3.1237e-16
9705.875 3.5322e-16
9707.4 4.0201e-16
9708.925 4.5471e-16
9710.45 4.5573e-16
9711.975 3.5131e-16
9713.5 3.3725e-16
9715.025 4.2098e-16
9716.55 4.9314e-16
9718.075 4.1157e-16
9719.6 3.2198e-16
9721.125 3.0419e-16
9722.65 3.8095e-16
9724.175 3.8273e-16
9725.7 3.4872e-16
9727.225 3.6593e-16
9728.75 3.8116e-16
9730.275 3.7133e-16
9731.8 3.9867e-16
9733.325 4.4579e-16
9734.85 4.3538e-16
9736.375 4.2232e-16
9737.9 3.9251e-16
9739.425 3.5333e-16
9740.95 3.7883e-16
9742.475 3.8552e-16
9744.0 4.3019e-16
9745.525 4.0701e-16
9747.05 3.5276e-16
9748.575 3.8894e-16
9750.1 4.3263e-16
9751.625 4.2752e-16
9753.15 4.0152e-16
9754.675 3.9428e-16
9756.2 4.0858e-16
9757.725 4.0003e-16
9759.25 4.0858e-16
9760.775 4.1046e-16
9762.3 4.0813e-16
9763.825 3.4524e-16
9765.35 3.3816e-16
9766.875 3.3256e-16
9768.4 3.223e-16
9769.925 3.5186e-16
9771.45 3.6508e-16
9772.975 4.0874e-16
9774.5 4.1053e-16
9776.025 3.9071e-16
9777.55 4.6509e-16
9779.075 5.9095e-16
9780.6 7.7678e-16
9782.125 9.7229e-16
9783.65 1.0323e-15
9785.175 9.2489e-16
9786.7 6.6582e-16
9788.225 3.5695e-16
9789.75 2.4916e-16
9791.275 3.2233e-16
9792.8 3.6772e-16
9794.325 3.9537e-16
9795.85 4.5536e-16
9797.375 4.3223e-16
9798.9 3.2378e-16
9800.425 3.2558e-16
9801.95 3.9086e-16
9803.475 4.0378e-16
9805.0 3.7347e-16
9806.525 3.8317e-16
9808.05 3.9013e-16
9809.575 3.6401e-16
9811.1 3.3764e-16
9812.625 3.5833e-16
9814.15 3.9369e-16
9815.675 3.9011e-16
9817.2 3.807e-16
9818.725 3.9371e-16
9820.25 4.0839e-16
9821.775 3.9159e-16
9823.3 4.1753e-16
9824.825 4.4788e-16
9826.35 4.1238e-16
9827.875 4.132e-16
9829.4 4.0304e-16
9830.925 3.6554e-16
9832.45 3.5414e-16
9833.975 3.3544e-16
9835.5 3.3533e-16
9837.025 3.3391e-16
9838.55 3.7402e-16
9840.075 3.9039e-16
9841.6 4.1396e-16
9843.125 4.8757e-16
9844.65 5.1771e-16
9846.175 3.7274e-16
9847.7 3.2967e-16
9849.225 3.3394e-16
9850.75 3.5245e-16
9852.275 3.4797e-16
9853.8 3.4756e-16
9855.325 3.801e-16
9856.85 4.1058e-16
9858.375 4.2399e-16
9859.9 3.9621e-16
9861.425 3.7378e-16
9862.95 3.7214e-16
9864.475 3.7539e-16
9866.0 4.4772e-16
9867.525 6.2015e-16
9869.05 5.5638e-16
9870.575 4.0351e-16
9872.1 3.4702e-16
9873.625 3.4507e-16
9875.15 4.0073e-16
9876.675 3.7115e-16
9878.2 4.0488e-16
9879.725 4.6632e-16
9881.25 4.364e-16
9882.775 4.3276e-16
9884.3 4.2675e-16
9885.825 4.0441e-16
9887.35 3.9551e-16
9888.875 4.1826e-16
9890.4 4.9622e-16
9891.925 5.5191e-16
9893.45 5.193e-16
9894.975 3.8962e-16
9896.5 3.2732e-16
9898.025 3.8478e-16
9899.55 4.0892e-16
9901.075 4.2957e-16
9902.6 4.6019e-16
9904.125 4.7923e-16
9905.65 4.6692e-16
9907.175 4.2364e-16
9908.7 4.9648e-16
9910.225 6.0154e-16
9911.75 5.0863e-16
9913.275 3.2334e-16
9914.8 2.3501e-16
9916.325 3.3649e-16
9917.85 4.709e-16
9919.375 4.5372e-16
9920.9 4.4437e-16
9922.425 4.5445e-16
9923.95 4.5046e-16
9925.475 4.3573e-16
9927.0 4.0633e-16
9928.525 4.4912e-16
9930.05 4.5348e-16
9931.575 4.3578e-16
9933.1 4.4395e-16
9934.625 4.3625e-16
9936.15 4.8817e-16
9937.675 5.7842e-16
9939.2 6.375e-16
9940.725 6.1854e-16
9942.25 5.4374e-16
9943.775 4.3255e-16
9945.3 4.5722e-16
9946.825 2.5453e-16
9948.35 2.4633e-16
9949.875 3.9182e-16
9951.4 4.2459e-16
9952.925 5.6671e-16
9954.45 5.7258e-16
9955.975 4.7281e-16
9957.5 4.4218e-16
9959.025 3.8785e-16
9960.55 3.44e-16
9962.075 3.0286e-16
9963.6 2.8371e-16
9965.125 2.3526e-16
9966.65 2.576e-16
9968.175 3.1315e-16
9969.7 2.9634e-16
9971.225 2.5766e-16
9972.75 2.1653e-16
9974.275 1.9067e-16
9975.8 1.5807e-16
9977.325 1.4355e-16
9978.85 1.4054e-16
9980.375 1.2003e-16
9981.9 1.1009e-16
9983.425 1.0128e-16
9984.95 9.131e-17
9986.475 7.6714e-17
9988.0 7.6536e-17
9989.525 7.5079e-17
9991.05 6.1699e-17
9992.575 5.5634e-17
9994.1 4.4587e-17
9995.625 3.2034e-17
9997.15 2.9136e-17
9998.675 1.9821e-17
10000.2 1.3912e-17
