# 2020-10-12T01:51:41.566 59134.077564
4020.0 0.4141580645561407
4029.2 0.7761834794783371
4038.4 0.3310512614207914
4047.6 0.7059248209825774
4056.8 0.7042607682685942
4066.0 0.8235835911826364
4075.2 0.7307800591806103
4084.4 0.44866405980400664
4093.6 0.28345117019392213
4102.8 0.40520548142853857
4112.0 0.31124538165021104
4121.2 0.43369794542927653
4130.4 0.279408024104841
4139.6 0.356814117862618
4148.8 0.37564713952201423
4158.0 0.4026944731166468
4167.2 0.5870027066350287
4176.4 0.4694713683974312
4185.6 0.46848132297583117
4194.8 0.426972921181929
4204.0 0.4485286570212695
4213.2 0.3962458802922038
4222.4 0.3756177747541477
4231.6 0.47994910099450583
4240.8 0.3989053566741259
4250.0 0.3988451734041115
4259.2 0.4000902759240649
4268.4 0.4836415281755248
4277.6 0.4742412370345334
4286.8 0.5220155286222796
4296.0 0.47280552533860176
4305.2 0.5186527994586752
4314.4 0.399330551527606
4323.6 0.4452169724673644
4332.8 0.42807517525299915
4342.0 0.4475189522725037
4351.2 0.47785841535388957
4360.4 0.38968029889347217
4369.6 0.4187003516844307
4378.8 0.4232443409787151
4388.0 0.4340299308332316
4397.2 0.444592470148259
4406.4 0.4715326658637878
4415.6 0.4539241358378866
4424.8 0.4678973104462687
4434.0 0.4712834541906193
4443.2 0.38352511415842555
4452.4 0.3734026966595664
4461.6 0.34203875830285835
4470.8 0.30586668073190126
4480.0 0.27946958901765784
4489.2 0.2900796386804712
4498.4 0.24926234548324408
4507.6 0.24292678865768894
4516.8 0.2320188895934472
4526.0 0.28494432174025314
4535.2 0.2856106910955049
4544.4 0.30436662947702425
4553.6 0.35447940378461607
4562.8 0.3224003005747795
4572.0 0.33495916337548753
4581.2 0.34119240744153356
4590.4 0.36803725465431425
4599.6 0.3617357692439314
4608.8 0.3820222588629385
4618.0 0.38609732563746846
4627.2 0.4145391101105683
4636.4 0.4837604387987727
4645.6 0.589920042311887
4654.8 0.6386457753913256
4664.0 0.6220308671806581
4673.2 0.646173090298848
4682.4 0.6357812830220968
4691.6 0.6538941441896867
4700.8 0.6835390016147662
4710.0 0.7352680295195865
4719.2 0.7513998656793527
4728.4 0.7412880516188247
4737.6 0.7762317550974506
4746.8 0.7618941273423001
4756.0 0.7033884328032213
4765.2 0.6319680784175362
4774.4 0.5621704950046358
4783.6 0.5358686401477395
4792.8 0.5113181817749779
4802.0 0.47784310256757395
4811.2 0.4267818994147305
4820.4 0.4938753430899113
4829.6 0.47466579854048896
4838.8 0.5215682672264481
4848.0 0.4874883971896968
4857.2 0.4467828523713117
4866.4 0.43125628388927656
4875.6 0.36108328028294634
4884.8 0.36541587031395495
4894.0 0.4059177334244343
4903.2 0.43775911146970276
4912.4 0.45264682425729785
4921.6 0.49867954190134584
4930.8 0.4817445610007527
4940.0 0.4636272407099099
4949.2 0.42333702779952986
4958.4 0.3843763254794247
4967.6 0.3882594460015944
4976.8 0.3886942337218193
4986.0 0.39566014687296264
4995.2 0.40812955901929004
5004.4 0.4257516715177206
5013.6 0.4607588046511394
5022.8 0.4515276423555061
5032.0 0.45544095661113576
5041.2 0.4484060362217115
5050.4 0.4429146919171909
5059.6 0.4295665801642269
5068.8 0.4325320093248558
5078.0 0.41334621011228945
5087.2 0.3849843772680345
5096.4 0.3591477268384419
5105.6 0.3506106326137142
5114.8 0.33286271646324617
5124.0 0.3070123658668473
5133.2 0.31896429172297797
5142.4 0.32626974651705426
5151.6 0.3286668127188912
5160.8 0.33291001260234865
5170.0 0.3266013766521201
5179.2 0.3340256108524462
5188.4 0.33821868610690003
5197.6 0.32886855224742645
5206.8 0.3383177110669163
5216.0 0.3341435238742373
5225.2 0.34721083648679235
5234.4 0.3577024922060204
5243.6 0.3515216695024838
5252.8 0.34150664505199213
5262.0 0.3568763680990372
5271.2 0.3842385406641542
5280.4 0.38824677294163557
5289.6 0.4043317252564179
5298.8 0.4296662185780091
5308.0 0.45124012897990556
5317.2 0.4732608213135158
5326.4 0.5061851207186845
5335.6 0.5040872843512939
5344.8 0.5183700358958006
5354.0 0.5106441257749735
5363.2 0.5147543741165348
5372.4 0.5254760888531713
5381.6 0.5301906844327621
5390.8 0.5458303242516308
5400.0 0.5683829814936615
5409.2 0.5682317613090901
5418.4 0.5559743584068216
5427.6 0.5547654969075672
5436.8 0.5439716885181277
5446.0 0.529523966907926
5455.2 0.5092962098329814
5464.4 0.4918506483743658
5473.6 0.5125887966934082
5482.8 0.5115571861901924
5492.0 0.5326390356215609
5501.2 0.5329632976325398
5510.4 0.5410716513207373
5519.6 0.5523650915084494
5528.8 0.5488418287514265
5538.0 0.5417678324571734
5547.2 0.5739794010967233
5556.4 0.548844638161136
5565.6 0.5790782494136217
5574.8 0.5611940459757372
5584.0 0.535186738785242
5593.2 0.5287434205193434
5602.4 0.5174912438068966
5611.6 0.5004353464820628
5620.8 0.5011036249071646
5630.0 0.502367420832676
5639.2 0.5097629236278732
5648.4 0.5088521535695957
5657.6 0.5189466240206974
5666.8 0.5017502564428493
5676.0 0.5013217477158901
5685.2 0.49951356246073697
5694.4 0.5041423456704976
5703.6 0.50595001740599
5712.8 0.5112450868340084
5722.0 0.4878371822356635
5731.2 0.4758739675834201
5740.4 0.4727079776090519
5749.6 0.45306655478827984
5758.8 0.44619576073186357
5768.0 0.42153217618343725
5777.2 0.43127875037483865
5786.4 0.40355116080272496
5795.6 0.4192385310846468
5804.8 0.4198711973233786
5814.0 0.3903296223930302
5823.2 0.39712718068409986
5832.4 0.39261389252501633
5841.6 0.38545222565222326
5850.8 0.4088925959872264
5860.0 0.3944375989236947
5869.2 0.3885866941965716
5878.4 0.3806945304796552
5887.6 0.3871855067241859
5896.8 0.39076010078941237
5906.0 0.39377976480844157
5915.2 0.39498181925123643
5924.4 0.38633192886347156
5933.6 0.40964241110790994
5942.8 0.4181869834242215
5952.0 0.418969296467
5961.2 0.42703283408647663
5970.4 0.4234888272515722
5979.6 0.4342847231232442
5988.8 0.4245434638400401
5998.0 0.4364509061911364
6007.2 0.43055852326092586
6016.4 0.41371747688581584
6025.6 0.4236582887275078
6034.8 0.39342309849346985
6044.0 0.3960240343681066
6053.2 0.3717616862397339
6062.4 0.35724075114355525
6071.6 0.33651236014377833
6080.8 0.31876862834301634
6090.0 0.3213494270560605
6099.2 0.32912411961158006
6108.4 0.34264906730038364
6117.6 0.3474964648063831
6126.8 0.36470658575552106
6136.0 0.36119447892751055
6145.2 0.36473736625609754
6154.4 0.3435265184957989
6163.6 0.3384431682654874
6172.8 0.3291917344090586
6182.0 0.32461198189633994
6191.2 0.3372329652879562
6200.4 0.36080381989353655
6209.6 0.36595362011839894
6218.8 0.3965582608572142
6228.0 0.3964725896337991
6237.2 0.4056287288231885
6246.4 0.3875350738387556
6255.6 0.38834838132389415
6264.8 0.3757825383385249
6274.0 0.33850281033095914
6283.2 0.3405682852550598
6292.4 0.33157584925633776
6301.6 0.32619299756491477
6310.8 0.3323771484078777
6320.0 0.315385802400729
6329.2 0.3129164311122953
6338.4 0.30614596000689676
6347.6 0.3086304063908453
6356.8 0.30522748257397736
6366.0 0.30402241609336617
6375.2 0.29130398330646906
6384.4 0.2947990582724298
6393.6 0.2931327842974906
6402.8 0.3124858840966969
6412.0 0.3207584897958179
6421.2 0.32153235287609644
6430.4 0.3310954186192889
6439.6 0.34635064043447383
6448.8 0.3492549938552611
6458.0 0.3691642085807893
6467.2 0.37124644499923054
6476.4 0.38173245745141304
6485.6 0.3914476267802238
6494.8 0.4014015251963049
6504.0 0.3975845254370869
6513.2 0.38553674511518243
6522.4 0.3903384065856311
6531.6 0.384700793834431
6540.8 0.38491149158106575
6550.0 0.38101940949295643
6559.2 0.37541562053586514
6568.4 0.40043395643543195
6577.6 0.3993443569637845
6586.8 0.40447038842158073
6596.0 0.3970388539319404
6605.2 0.39254463355637514
6614.4 0.4072159363672949
6623.6 0.40691640309637783
6632.8 0.4210571805711909
6642.0 0.41558337407301965
6651.2 0.40902434027366813
6660.4 0.3803388691901839
6669.6 0.4000106561622483
6678.8 0.41480176889722303
6688.0 0.4029506102384597
6697.2 0.38912196833063706
6706.4 0.3801960142305161
6715.6 0.3745111782254919
6724.8 0.3647041893190222
6734.0 0.354671078491263
6743.2 0.3703302630791596
6752.4 0.3595656158699331
6761.6 0.34567872526151155
6770.8 0.3545393608120452
6780.0 0.35274616271583686
6789.2 0.34830397921508677
6798.4 0.3365566397736891
6807.6 0.32507578742285953
6816.8 0.3351087415486278
6826.0 0.32407772722977723
6835.2 0.2943794348449152
6844.4 0.3153815491056987
6853.6 0.3019164630626236
6862.8 0.30441743458536913
6872.0 0.3125249605054812
6881.2 0.2966524205642562
6890.4 0.30721467128326535
6899.6 0.298068179508953
6908.8 0.29602973125672194
6918.0 0.29641179956625685
6927.2 0.28700101877834794
6936.4 0.27883999838270535
6945.6 0.27649648220315143
6954.8 0.27574402089563566
6964.0 0.27436328331302495
6973.2 0.2816926615342856
6982.4 0.2753247478880695
6991.6 0.28479215401282304
7000.8 0.2769996599127846
7010.0 0.2800103248218758
7019.2 0.2876882369569612
7028.4 0.2726456817556138
7037.6 0.2770904362653103
7046.8 0.2653635592456606
7056.0 0.27252145702062247
7065.2 0.2927851858646738
7074.4 0.2811517148155926
7083.6 0.27731366101966715
7092.8 0.27132273820805264
7102.0 0.27456510026563646
7111.2 0.2575830414920237
7120.4 0.2665479921110288
7129.6 0.2732170025968607
7138.8 0.2666044104526372
7148.0 0.25087778191578974
7157.2 0.2488106896583293
7166.4 0.2576252697992476
7175.6 0.24490886866528058
7184.8 0.23266249420883792
7194.0 0.2338553946795286
7203.2 0.2545481940247622
7212.4 0.22994245983141529
7221.6 0.22940859280422518
7230.8 0.22157340977670306
7240.0 0.22793838051692053
7249.2 0.21084934214605663
7258.4 0.21908833034938968
7267.6 0.21578188006679652
7276.8 0.24528382349940003
7286.0 0.2598968553506608
7295.2 0.23942506597971902
7304.4 0.24709712991911337
7313.6 0.24851227768069856
7322.8 0.26471921485104766
7332.0 0.26360013361551904
7341.2 0.25761039870403135
7350.4 0.2584271829042522
7359.6 0.2569686858298792
7368.8 0.267438113393262
7378.0 0.2614341302107725
7387.2 0.2519440674510169
7396.4 0.2668116476647231
7405.6 0.2651921098870128
7414.8 0.2744686255423555
7424.0 0.25455837509828066
7433.2 0.2684742612822013
7442.4 0.2593523893124826
7451.6 0.25109355601189465
7460.8 0.25084607239969875
7470.0 0.25529592197631656
7479.2 0.28396185133833174
7488.4 0.27296839288067004
7497.6 0.257498510269239
7506.8 0.2656098648605043
7516.0 0.2759456520002573
7525.2 0.26743513918580775
7534.4 0.26040888718694716
7543.6 0.2612447460834197
7552.8 0.25886391950096366
7562.0 0.2666655866223702
7571.2 0.2912717868678065
7580.4 0.2528918470326605
7589.6 0.25484428495596445
7598.8 0.24934811866000797
7608.0 0.353538987336903
7617.2 0.2721243737946281
7626.4 0.23932864776847768
7635.6 0.2356870369325355
7644.8 0.24447864047193812
7654.0 0.24279949423626757
7663.2 0.234257828356117
7672.4 0.23084968606876097
7681.6 0.22392028797196548
7690.8 0.2111012725458778
7700.0 0.2121154533719988
7709.2 0.23057371826217704
7718.4 0.22248843250061548
7727.6 0.21120772168013288
7736.8 0.19566250232559282
7746.0 0.20136224041843745
7755.2 0.20366772897498395
7764.4 0.18198686012063134
7773.6 0.18662864426672526
7782.8 0.18476364346061763
7792.0 0.19558866064018107
7801.2 0.2089689314346425
7810.4 0.17894871429396514
7819.6 0.1961613389082356
7828.8 0.2308234470051766
7838.0 0.19098467765041435
7847.2 0.18141213675710624
7856.4 0.18290286440638692
7865.6 0.22768313034437482
7874.8 0.23884807563057578
7884.0 0.16335240467882017
7893.2 0.20755392421339572
7902.4 0.21031517309133424
7911.6 0.22276796246974745
7920.8 0.19528224972076888
7930.0 0.25658463713647556
7939.2 0.2067936228022284
7948.4 0.21456287606139113
7957.6 0.2577115245270211
7966.8 0.21013149644711102
7976.0 0.20856531465161887
7985.2 0.18111564238280606
7994.4 0.21231504816609653
