5599.3467 4.17265317537e-16
5601.3467 4.48857952404e-16
5603.3467 5.02341571457e-16
5605.3467 3.8424230872e-16
5607.3467 4.50008487844e-16
5609.3467 4.27495649125e-16
5611.3467 4.20950122616e-16
5613.3467 4.34149939959e-16
5615.3467 4.3676197781e-16
5617.3467 4.49231123356e-16
5619.3467 4.85923320082e-16
5621.3467 4.58217666471e-16
5623.3467 4.15586233538e-16
5625.3467 4.38658775746e-16
5627.3467 4.43851696518e-16
5629.3467 4.38301195493e-16
5631.3467 4.44691185578e-16
5633.3467 4.55885520069e-16
5635.3467 4.90214441932e-16
5637.3467 4.08683100306e-16
5639.3467 4.18757868999e-16
5641.3467 4.01842171056e-16
5643.3467 4.00987064826e-16
5645.3467 4.53460041225e-16
5647.3467 4.93168522275e-16
5649.3467 4.82844937654e-16
5651.3467 4.37135122293e-16
5653.3467 4.24541595252e-16
5655.3467 4.32192923273e-16
5657.3467 4.75111368027e-16
5659.3467 4.82285207694e-16
5661.3467 4.52107435487e-16
5663.3467 4.27993148633e-16
5665.3467 4.08776353339e-16
5667.3467 4.39187403715e-16
5669.3467 4.41985947633e-16
5671.3467 4.64250076302e-16
5673.3467 4.47816260697e-16
5675.3467 4.45250915537e-16
5677.3467 4.61949005422e-16
5679.3467 4.60021105495e-16
5681.3467 4.72770063081e-16
5683.3467 4.09709227782e-16
5685.3467 4.74635811966e-16
5687.3467 4.7587962691e-16
5689.3467 4.62368816127e-16
5691.3467 4.47536422187e-16
5693.3467 4.51469937315e-16
5695.3467 4.60736266e-16
5697.3467 4.19970634891e-16
5699.3467 4.63255024348e-16
5701.3467 4.86762888551e-16
5703.3467 4.57222561576e-16
5705.3467 4.26407291197e-16
5707.3467 4.253344975e-16
5709.3467 4.28179707639e-16
5711.3467 4.0392550153e-16
5713.3467 4.1334734017e-16
5715.3467 4.30232042001e-16
5717.3467 4.56072026136e-16
5719.3467 4.54144126209e-16
5721.3467 4.59243793947e-16
5723.3467 4.98190368861e-16
5725.3467 5.02932376938e-16
5727.3467 4.46650213966e-16
5729.3467 4.80979241708e-16
5731.3467 4.83218108607e-16
5733.3467 4.904321294e-16
5735.3467 4.80652710507e-16
5737.3467 4.60409787738e-16
5739.3467 4.69271922888e-16
5741.3467 4.77527741267e-16
5743.3467 4.62602067824e-16
5745.3467 4.98516900063e-16
5747.3467 5.18759822832e-16
5749.3467 5.4438214597e-16
5751.3467 5.34151840851e-16
5753.3467 4.98889965136e-16
5755.3467 4.85736814015e-16
5757.3467 4.96184753661e-16
5759.3467 5.18946381838e-16
5761.3467 4.74262693953e-16
5763.3467 4.78273924354e-16
5765.3467 4.95749378726e-16
5767.3467 4.72676783578e-16
5769.3467 4.65167360045e-16
5771.3467 4.76066185917e-16
5773.3467 4.49262198878e-16
5775.3467 4.57844442578e-16
5777.3467 5.00848993525e-16
5779.3467 4.91986858374e-16
5781.3467 4.98890018076e-16
5783.3467 4.84990472109e-16
5785.3467 4.73096594283e-16
5787.3467 4.70437969619e-16
5789.3467 4.54206330191e-16
5791.3467 5.01222111538e-16
5793.3467 4.60269868483e-16
5795.3467 5.28647979579e-16
5797.3467 5.10177526191e-16
5799.3467 5.31120045235e-16
5801.3467 4.96184753661e-16
5803.3467 4.3651326776e-16
5805.3467 4.47396502932e-16
5807.3467 5.14468700981e-16
5809.3467 4.75661992382e-16
5811.3467 5.05420006825e-16
5813.3467 4.82285207694e-16
5815.3467 4.61295995959e-16
5817.3467 4.4590397794e-16
5819.3467 4.46930052476e-16
5821.3467 4.60922930886e-16
5823.3467 4.56538476592e-16
5825.3467 4.84337515586e-16
5827.3467 4.78180644851e-16
5829.3467 4.75195541926e-16
5831.3467 4.9585822246e-16
5833.3467 5.21325167992e-16
5835.3467 4.9472325125e-16
5837.3467 4.31724566993e-16
5839.3467 4.96931042627e-16
5841.3467 4.37601519809e-16
5843.3467 4.68634477656e-16
5845.3467 4.72303718504e-16
5847.3467 4.49868568589e-16
5849.3467 4.47956232892e-16
5851.3467 4.46277095953e-16
5853.3467 4.25567696258e-16
5855.3467 4.11015193768e-16
5857.3467 4.23888559319e-16
5859.3467 4.20841278882e-16
5861.3467 4.22022863374e-16
5863.3467 4.49402118133e-16
5865.3467 4.82490930821e-16
5867.3467 4.86176477054e-16
5869.3467 4.57937722082e-16
5871.3467 4.46277095953e-16
5873.3467 4.70531249123e-16
5875.3467 4.53739879735e-16
5877.3467 4.59290380759e-16
5879.3467 4.63068412401e-16
5881.3467 4.22582593333e-16
5883.3467 3.61947130999e-16
5885.3467 5.17640362913e-16
5887.3467 3.90865576972e-16
5889.3467 4.40213531191e-16
5891.3467 4.48733597379e-16
5893.3467 4.45857285248e-16
5895.3467 4.50428298548e-16
5897.3467 4.34056660455e-16
5899.3467 3.77898905448e-16
5901.3467 4.3163126102e-16
5903.3467 4.49821875898e-16
5905.3467 4.43571778598e-16
5907.3467 4.49355478381e-16
5909.3467 4.38347808775e-16
5911.3467 4.34523110911e-16
5913.3467 4.43012048639e-16
5915.3467 4.39840360238e-16
5917.3467 4.82098648688e-16
5919.3467 4.265005707e-16
5921.3467 4.29299114618e-16
5923.3467 4.18353675465e-16
5925.3467 4.18431390738e-16
5927.3467 4.23375522051e-16
5929.3467 4.24479417739e-16
5931.3467 4.27899842659e-16
5933.3467 5.11017094661e-16
5935.3467 4.29485700095e-16
5937.3467 4.47023331979e-16
5939.3467 4.4333860631e-16
5941.3467 4.45017716779e-16
5943.3467 4.66146900709e-16
5945.3467 4.5874621503e-16
5947.3467 4.29952150551e-16
5949.3467 4.60922877946e-16
5951.3467 4.84803913103e-16
5953.3467 4.79953061293e-16
5955.3467 4.91380541603e-16
5957.3467 4.96744430681e-16
5959.3467 4.87835655779e-16
5961.3467 4.77185592896e-16
5963.3467 4.56725035599e-16
5965.3467 3.91611865938e-16
5967.3467 4.2706030066e-16
5969.3467 4.42794414111e-16
5971.3467 4.41146352694e-16
5973.3467 4.28319626894e-16
5975.3467 4.57704523323e-16
5977.3467 4.78180644851e-16
5979.3467 4.53739879735e-16
5981.3467 4.80232952742e-16
5983.3467 5.14468648042e-16
5985.3467 4.58932774036e-16
5987.3467 4.36622058555e-16
5989.3467 4.29252501337e-16
5991.3467 4.20298489581e-16
5993.3467 4.34169395247e-16
5995.3467 4.70904367136e-16
5997.3467 5.00196037001e-16
5999.3467 4.46930052476e-16
6001.3467 4.27091376181e-16
6003.3467 4.29998763833e-16
6005.3467 4.49075639871e-16
6007.3467 4.57626755111e-16
6009.3467 4.62228843932e-16
6011.3467 4.79766502286e-16
6013.3467 4.44038229055e-16
6015.3467 4.70531249123e-16
6017.3467 4.82471766701e-16
6019.3467 4.7701454518e-16
6021.3467 4.71790575357e-16
6023.3467 4.62664165927e-16
6025.3467 4.32004431973e-16
6027.3467 4.46836772973e-16
6029.3467 4.27526698176e-16
6031.3467 4.86203211532e-16
6033.3467 4.64934161286e-16
6035.3467 4.49402118133e-16
6037.3467 4.50148407099e-16
6039.3467 4.54392889197e-16
6041.3467 4.5159429234e-16
6043.3467 4.60083309477e-16
6045.3467 4.92453308831e-16
6047.3467 4.3564257083e-16
6049.3467 4.56351917586e-16
6051.3467 4.58917262746e-16
6053.3467 4.50848056313e-16
6055.3467 4.51936387771e-16
6057.3467 4.54672780647e-16
6059.3467 4.01313516618e-16
6061.3467 4.6474754934e-16
6063.3467 4.63768432193e-16
6065.3467 4.45749341487e-16
6067.3467 4.2906591586e-16
6069.3467 4.35409319132e-16
6071.3467 4.46619191384e-16
6073.3467 4.49542090327e-16
6075.3467 4.42732236599e-16
6077.3467 4.53180202715e-16
6079.3467 4.65182871336e-16
6081.3467 4.66240127272e-16
6083.3467 4.57564604068e-16
6085.3467 4.40073611936e-16
6087.3467 4.35082867341e-16
6089.3467 4.52620472755e-16
6091.3467 4.58217613531e-16
6093.3467 4.47116611483e-16
6095.3467 4.3934286073e-16
6097.3467 4.41706082653e-16
6099.3467 4.62835213643e-16
6101.3467 4.65633757561e-16
6103.3467 4.54828211193e-16
6105.3467 4.57377992122e-16
6107.3467 4.59057129061e-16
6109.3467 4.51874183789e-16
6111.3467 4.31600159029e-16
6113.3467 4.2248928736e-16
6115.3467 4.30138709558e-16
6117.3467 4.62042284925e-16
6119.3467 4.83933216172e-16
6121.3467 4.77154517375e-16
6123.3467 4.59150461504e-16
6125.3467 4.56911594606e-16
6127.3467 4.71401946053e-16
6129.3467 4.68712192929e-16
6131.3467 4.66006928514e-16
6133.3467 4.60642986496e-16
6135.3467 4.35455985354e-16
6137.3467 4.90774171892e-16
6139.3467 4.36388806857e-16
6141.3467 4.36108941877e-16
6143.3467 4.70189206631e-16
6145.3467 4.81958729433e-16
6147.3467 4.69831652848e-16
6149.3467 4.6359706684e-16
6151.3467 4.64840881783e-16
6153.3467 4.52900364205e-16
6155.3467 4.68758832681e-16
6157.3467 4.91427181355e-16
6159.3467 4.83964344633e-16
6161.3467 4.81818757238e-16
6163.3467 4.75988470644e-16
6165.3467 4.8272052969e-16
6167.3467 5.11017094661e-16
6169.3467 4.69318509701e-16
6171.3467 4.5159429234e-16
6173.3467 4.37601519809e-16
6175.3467 4.73671835533e-16
6177.3467 4.90680892388e-16
6179.3467 4.75055622671e-16
6181.3467 4.66799857232e-16
6183.3467 4.79486610837e-16
6185.3467 4.29392420592e-16
6187.3467 4.58777290551e-16
6189.3467 4.69731067685e-16
6191.3467 4.86597928885e-16
6193.3467 5.01455310296e-16
6195.3467 4.81025828521e-16
6197.3467 4.64623141376e-16
6199.3467 4.81352359722e-16
6201.3467 4.86296491035e-16
6203.3467 5.00196037001e-16
6205.3467 4.87073855522e-16
6207.3467 4.79673222783e-16
6209.3467 4.89608072221e-16
6211.3467 4.80466098561e-16
6213.3467 4.73702963994e-16
6215.3467 5.00009425055e-16
6217.3467 4.99542974599e-16
6219.3467 4.84617354096e-16
6221.3467 4.93821531738e-16
6223.3467 4.92080137878e-16
6225.3467 4.93992526514e-16
6227.3467 4.96324619976e-16
6229.3467 4.69660552193e-16
6231.3467 4.28179707639e-16
6233.3467 3.9338428238e-16
6235.3467 4.44784465081e-16
6237.3467 4.56600627635e-16
6239.3467 4.80512791252e-16
6241.3467 4.83497894177e-16
6243.3467 4.59173013756e-16
6245.3467 4.43502401306e-16
6247.3467 4.82005369184e-16
6249.3467 5.1297607011e-16
6251.3467 4.77247796878e-16
6253.3467 4.38938614256e-16
6255.3467 4.4049339617e-16
6257.3467 4.81119160963e-16
6259.3467 4.93883682781e-16
6261.3467 4.7957989034e-16
6263.3467 4.58310893034e-16
6265.3467 4.04578537462e-16
6267.3467 4.59057129061e-16
6269.3467 4.37539342297e-16
6271.3467 4.29485700095e-16
6273.3467 4.38720953258e-16
6275.3467 4.45468603005e-16
6277.3467 4.45903925e-16
6279.3467 4.28739437599e-16
6281.3467 3.90679017965e-16
6283.3467 4.54019771184e-16
6285.3467 4.52900364205e-16
6287.3467 4.51874183789e-16
6289.3467 4.32750667999e-16
6291.3467 4.09211701805e-16
6293.3467 3.99447847142e-16
6295.3467 3.73421198121e-16
6297.3467 4.19317598959e-16
6299.3467 4.59865622009e-16
6301.3467 4.73842883249e-16
6303.3467 4.86669609048e-16
6305.3467 4.7729443663e-16
6307.3467 4.34336525435e-16
6309.3467 4.05418105932e-16
6311.3467 3.91798424945e-16
6313.3467 4.5616530564e-16
6315.3467 4.81165853655e-16
6317.3467 4.66986416238e-16
6319.3467 4.58170973779e-16
6321.3467 4.57144846303e-16
6323.3467 4.47831824928e-16
6325.3467 4.66986416238e-16
6327.3467 4.32843973973e-16
6329.3467 4.36855257313e-16
6331.3467 4.59865622009e-16
6333.3467 4.42918769136e-16
6335.3467 4.19131092892e-16
6337.3467 4.32999430988e-16
6339.3467 4.51407786273e-16
6341.3467 4.61575887409e-16
6343.3467 4.29019249639e-16
6345.3467 4.50288326354e-16
6347.3467 4.51469937315e-16
6349.3467 4.53506733916e-16
6351.3467 4.5560557568e-16
6353.3467 4.60580835454e-16
6355.3467 4.69225230197e-16
6357.3467 4.32377523516e-16
6359.3467 4.45437474544e-16
6361.3467 4.81445639225e-16
6363.3467 4.7472909147e-16
6365.3467 4.68758832681e-16
6367.3467 4.63907980871e-16
6369.3467 4.5591659559e-16
6371.3467 4.44411400007e-16
6373.3467 4.64654269837e-16
6375.3467 4.5476606015e-16
6377.3467 4.51784768874e-16
6379.3467 4.49166166517e-16
6381.3467 4.43525165317e-16
6383.3467 4.53366708782e-16
6385.3467 4.57067078091e-16
6387.3467 4.36108941877e-16
6389.3467 4.67359534252e-16
6391.3467 4.57284712619e-16
6393.3467 4.7587962691e-16
6395.3467 4.69365202392e-16
6397.3467 4.66893136735e-16
6399.3467 4.821452355e-16
6401.3467 4.84834988624e-16
6403.3467 4.86389770538e-16
6405.3467 4.83124776164e-16
6407.3467 4.8816218698e-16
6409.3467 4.66208998812e-16
6411.3467 4.75195541926e-16
6413.3467 4.89421513215e-16
6415.3467 4.83728604776e-16
6417.3467 4.90963219058e-16
6419.3467 5.07192423267e-16
6421.3467 4.37694852252e-16
6423.3467 4.4590397794e-16
6425.3467 4.54361760737e-16
6427.3467 4.59010542249e-16
6429.3467 4.68012543715e-16
6431.3467 4.70251410613e-16
6433.3467 4.57564604068e-16
6435.3467 4.6446771083e-16
6437.3467 4.58590731544e-16
6439.3467 5.18106760429e-16
6441.3467 5.04176191881e-16
6443.3467 5.03087860423e-16
6445.3467 5.17733642416e-16
6447.3467 5.06477209822e-16
6449.3467 4.66426686279e-16
6451.3467 4.80232952742e-16
6453.3467 4.59710191463e-16
6455.3467 4.77988738949e-16
6457.3467 4.80573724685e-16
6459.3467 4.67406226943e-16
6461.3467 4.76128336959e-16
6463.3467 4.85674610033e-16
6465.3467 4.59803470967e-16
6467.3467 4.80046340796e-16
6469.3467 4.54579448204e-16
6471.3467 4.65089591832e-16
6473.3467 4.80932549017e-16
6475.3467 4.80745990011e-16
6477.3467 4.68898751936e-16
6479.3467 4.69971572103e-16
6481.3467 4.74262641014e-16
6483.3467 4.41892668129e-16
6485.3467 4.40959820157e-16
6487.3467 4.56445197089e-16
6489.3467 4.69365202392e-16
6491.3467 4.69131950694e-16
6493.3467 4.66582169764e-16
6495.3467 4.72303718504e-16
6497.3467 4.81538918728e-16
6499.3467 4.57284712619e-16
6501.3467 4.72396998008e-16
6503.3467 4.65680397313e-16
6505.3467 4.68758832681e-16
6507.3467 4.84570714344e-16
6509.3467 4.87726812045e-16
6511.3467 4.75288821429e-16
6513.3467 4.53273429278e-16
6515.3467 5.081252183e-16
6517.3467 4.79206825266e-16
6519.3467 4.65649321792e-16
6521.3467 4.64654269837e-16
6523.3467 4.8359117368e-16
6525.3467 4.91178365426e-16
6527.3467 4.80046340796e-16
6529.3467 4.50941335816e-16
6531.3467 4.37228401796e-16
6533.3467 4.67266254748e-16
6535.3467 5.04207267402e-16
6537.3467 5.12463032841e-16
6539.3467 4.98936657828e-16
6541.3467 4.93914811242e-16
6543.3467 4.8359117368e-16
6545.3467 4.66333459715e-16
6547.3467 4.83031443721e-16
6549.3467 4.80232952742e-16
6551.3467 4.68852165123e-16
6553.3467 4.73003314779e-16
6555.3467 4.93355081282e-16
6557.3467 5.05793071898e-16
6559.3467 4.66799857232e-16
6561.3467 4.58031054525e-16
6563.3467 4.82285207694e-16
6565.3467 4.74200489971e-16
6567.3467 4.62135564429e-16
6569.3467 4.60363200926e-16
6571.3467 4.60083309477e-16
6573.3467 4.47023331979e-16
6575.3467 4.44877797524e-16
6577.3467 4.78087365347e-16
6579.3467 4.92557705641e-16
6581.3467 4.96925060457e-16
6583.3467 4.89141674705e-16
6585.3467 4.80232952742e-16
6587.3467 4.80823705284e-16
6589.3467 4.81818757238e-16
6591.3467 4.59057129061e-16
6593.3467 4.43198634115e-16
6595.3467 4.53149074254e-16
6597.3467 4.58730650799e-16
6599.3467 4.70717861069e-16
6601.3467 4.87182699256e-16
6603.3467 4.7619064682e-16
6605.3467 4.44038229055e-16
6607.3467 4.76408228409e-16
6609.3467 4.7930010477e-16
6611.3467 5.18106760429e-16
6613.3467 5.192728601e-16
6615.3467 4.84757273351e-16
6617.3467 4.6732845873e-16
6619.3467 4.6502744079e-16
6621.3467 4.79393384273e-16
6623.3467 4.97210828198e-16
6625.3467 4.76781346422e-16
6627.3467 4.7329871752e-16
6629.3467 4.56725035599e-16
6631.3467 4.63161744844e-16
6633.3467 4.7357855603e-16
6635.3467 4.51874183789e-16
6637.3467 4.5159429234e-16
6639.3467 4.43385219592e-16
6641.3467 4.62664165927e-16
6643.3467 4.57984361833e-16
6645.3467 4.56538476592e-16
6647.3467 4.55792187626e-16
6649.3467 4.37943588771e-16
6651.3467 4.29485700095e-16
6653.3467 4.47489782435e-16
6655.3467 4.4049339617e-16
6657.3467 4.45903925e-16
6659.3467 4.57984361833e-16
6661.3467 4.58590731544e-16
6663.3467 4.48142738959e-16
6665.3467 4.44784465081e-16
6667.3467 4.0793678487e-16
6669.3467 4.61482607905e-16
6671.3467 4.65213999796e-16
6673.3467 4.44566830553e-16
6675.3467 4.39280683218e-16
6677.3467 4.35176120374e-16
6679.3467 4.31973303512e-16
6681.3467 4.43851643578e-16
6683.3467 4.57657883572e-16
6685.3467 4.43851643578e-16
6687.3467 4.26562748213e-16
6689.3467 4.31864512718e-16
6691.3467 4.40866540653e-16
6693.3467 4.32330910235e-16
6695.3467 4.40586675674e-16
6697.3467 4.64281151824e-16
6699.3467 4.47676394382e-16
6701.3467 4.54206330191e-16
6703.3467 4.30947202506e-16
6705.3467 4.30558493792e-16
6707.3467 4.33170505174e-16
6709.3467 4.29980182048e-16
6711.3467 4.3852494454e-16
6713.3467 4.40306810694e-16
6715.3467 4.44038229055e-16
6717.3467 4.52527193252e-16
6719.3467 4.5532573717e-16
6721.3467 4.50941335816e-16
6723.3467 4.46417015208e-16
6725.3467 4.49013435889e-16
6727.3467 4.51687571843e-16
6729.3467 4.54672780647e-16
6731.3467 4.34056660455e-16
6733.3467 4.19747309361e-16
6735.3467 4.25024377562e-16
6737.3467 4.38254529272e-16
6739.3467 4.42918769136e-16
6741.3467 4.37508266776e-16
6743.3467 4.31724566993e-16
6745.3467 4.1222790672e-16
6747.3467 4.39094124211e-16
6749.3467 4.42825489632e-16
6751.3467 4.41659469371e-16
6753.3467 4.34523110911e-16
6755.3467 4.36326629345e-16
6757.3467 4.48142738959e-16
6759.3467 4.5532573717e-16
6761.3467 4.50568164864e-16
6763.3467 4.19037733979e-16
6765.3467 4.21090041871e-16
6767.3467 4.27946482411e-16
6769.3467 4.37648186031e-16
6771.3467 4.40120278157e-16
6773.3467 4.37321681299e-16
6775.3467 4.15866045578e-16
6777.3467 4.24355009775e-16
6779.3467 4.13969247641e-16
6781.3467 4.15866098517e-16
6783.3467 4.39793746956e-16
6785.3467 4.40400090197e-16
6787.3467 4.29734463084e-16
6789.3467 4.40866540653e-16
6791.3467 4.19784102354e-16
6793.3467 4.08030090843e-16
6795.3467 4.37197299805e-16
6797.3467 4.51547705528e-16
6799.3467 4.51501065776e-16
6801.3467 4.487646729e-16
6803.3467 4.42918769136e-16
6805.3467 4.55139178163e-16
6807.3467 4.39653801231e-16
6809.3467 4.4450473245e-16
6811.3467 4.46556881523e-16
6813.3467 4.59710191463e-16
6815.3467 4.62135564429e-16
6817.3467 4.56227509622e-16
6819.3467 4.63814330791e-16
6821.3467 4.38330021083e-16
6823.3467 4.57884994281e-16
6825.3467 4.52223161363e-16
6827.3467 4.40296196312e-16
6829.3467 4.49755807328e-16
6831.3467 4.67769498198e-16
6833.3467 4.61463284966e-16
6835.3467 4.50355347836e-16
6837.3467 4.22297302048e-16
6839.3467 4.30850693689e-16
6841.3467 4.37472850211e-16
6843.3467 4.3150992355e-16
6845.3467 4.23279595569e-16
6847.3467 4.34053457612e-16
6849.3467 4.51910447387e-16
6851.3467 4.62440655108e-16
6853.3467 4.03972988314e-16
6855.3467 4.30125818775e-16
6857.3467 4.39364698298e-16
6859.3467 4.46776474815e-16
6861.3467 4.57018426636e-16
6863.3467 4.59870915965e-16
6865.3467 4.59465981277e-16
6867.3467 4.69034436026e-16
6869.3467 4.57890235297e-16
6871.3467 4.50471867805e-16
6873.3467 4.34125905399e-16
6875.3467 4.28007415844e-16
6877.3467 4.32165130005e-16
6879.3467 4.31425723181e-16
6881.3467 4.50100708556e-16
6883.3467 4.76950647132e-16
6885.3467 4.76178894238e-16
6887.3467 4.66767828799e-16
6889.3467 4.65683997203e-16
6891.3467 4.69130891903e-16
6893.3467 4.67105424368e-16
6895.3467 4.56181293386e-16
6897.3467 4.60232493154e-16
6899.3467 4.39990152721e-16
6901.3467 4.51803456538e-16
6903.3467 4.64504133247e-16
6905.3467 4.59860063355e-16
6907.3467 4.41989441644e-16
6909.3467 4.42182485746e-16
6911.3467 4.56576222498e-16
6913.3467 4.63927515568e-16
6915.3467 4.59545814132e-16
6917.3467 4.40344238962e-16
6919.3467 4.41738666952e-16
6921.3467 4.61688913368e-16
6923.3467 4.57842748512e-16
6925.3467 4.32631765749e-16
6927.3467 4.60908796023e-16
6929.3467 4.52316387927e-16
6931.3467 4.51165164273e-16
6933.3467 4.4440753542e-16
6935.3467 4.41847457746e-16
6937.3467 4.36977468285e-16
6939.3467 4.4485429236e-16
6941.3467 4.73894605198e-16
6943.3467 4.52830536926e-16
6945.3467 4.53892875061e-16
6947.3467 4.49496668185e-16
6949.3467 4.44606958739e-16
6951.3467 4.50893637274e-16
6953.3467 4.63055918665e-16
6955.3467 4.69449323351e-16
6957.3467 4.76181752974e-16
6959.3467 4.6198405141e-16
6961.3467 4.51109577736e-16
6963.3467 4.48267888077e-16
6965.3467 4.62051919925e-16
6967.3467 4.62080613166e-16
6969.3467 4.45233127845e-16
6971.3467 4.42022237701e-16
6973.3467 4.75869833091e-16
6975.3467 4.24770929422e-16
6977.3467 4.49289939207e-16
6979.3467 4.5820819029e-16
6981.3467 4.57211232511e-16
6983.3467 4.73345039634e-16
6985.3467 4.99576750038e-16
6987.3467 4.59696903634e-16
6989.3467 4.78029502409e-16
6991.3467 4.2682127855e-16
6993.3467 4.44069542804e-16
6995.3467 4.75174101404e-16
6997.3467 4.79198778453e-16
6999.3467 4.62288718573e-16
7001.3467 4.65033581779e-16
7003.3467 4.66456226553e-16
7005.3467 4.58802542721e-16
7007.3467 4.63387637943e-16
7009.3467 4.63312146132e-16
7011.3467 4.61105837063e-16
7013.3467 4.63651753404e-16
7015.3467 4.67643978503e-16
7017.3467 4.55077556517e-16
7019.3467 4.87858737427e-16
7021.3467 5.07638439053e-16
7023.3467 4.91070580484e-16
7025.3467 4.91306267401e-16
7027.3467 4.763443833e-16
7029.3467 4.62639919609e-16
7031.3467 4.80309556285e-16
7033.3467 4.65322049437e-16
7035.3467 4.72036850186e-16
7037.3467 4.78745615827e-16
7039.3467 4.76338136432e-16
7041.3467 4.82736835074e-16
7043.3467 5.03153134899e-16
7045.3467 5.11789324011e-16
7047.3467 5.16335138081e-16
7049.3467 5.15308216511e-16
7051.3467 5.49170793797e-16
7053.3467 5.46496604904e-16
7055.3467 5.49170793797e-16
7057.3467 5.65542405421e-16
7059.3467 5.65340282184e-16
7061.3467 5.40215432083e-16
7063.3467 6.04582312778e-16
7065.3467 6.33873876765e-16
7067.3467 6.46996058244e-16
7069.3467 6.66383848313e-16
7071.3467 6.95069042588e-16
7073.3467 7.25480119433e-16
7075.3467 7.42147027918e-16
7077.3467 7.46375998726e-16
7079.3467 7.98242631883e-16
7081.3467 8.04959179638e-16
7083.3467 8.32509508582e-16
7085.3467 8.3644302371e-16
7087.3467 8.60370751558e-16
7089.3467 8.94419887851e-16
7091.3467 8.94979564871e-16
7093.3467 9.18021190377e-16
7095.3467 9.38450566273e-16
7097.3467 9.33786379349e-16
7099.3467 9.11864107883e-16
7101.3467 8.17412840364e-16
7103.3467 7.51553328797e-16
7105.3467 7.8589792077e-16
7107.3467 8.36583101784e-16
7109.3467 9.12703835171e-16
7111.3467 9.27536123232e-16
7113.3467 9.74614108561e-16
7115.3467 9.51697208656e-16
7117.3467 8.58271803915e-16
7119.3467 8.2100426006e-16
7121.3467 8.40407720239e-16
7123.3467 8.21843828529e-16
7125.3467 8.93953490335e-16
7127.3467 9.16404098601e-16
7129.3467 9.64756974395e-16
7131.3467 1.0121459267e-15
7133.3467 1.00095164514e-15
7135.3467 9.53935916736e-16
7137.3467 9.02815572545e-16
7139.3467 8.63915531503e-16
7141.3467 7.89755149993e-16
7143.3467 7.50022475564e-16
7145.3467 7.41954910257e-16
7147.3467 7.24744841896e-16
7149.3467 6.82557042469e-16
7151.3467 6.54851230039e-16
7153.3467 6.4875963378e-16
7155.3467 6.42698636586e-16
7157.3467 6.38683806295e-16
7159.3467 6.14142191319e-16
7161.3467 6.06678719323e-16
7163.3467 6.02524234475e-16
7165.3467 5.81176939561e-16
7167.3467 5.75645390899e-16
7169.3467 5.48233816539e-16
7171.3467 5.65963645493e-16
7173.3467 5.57439211791e-16
7175.3467 5.30989284524e-16
7177.3467 5.19185668646e-16
7179.3467 5.24004544962e-16
7181.3467 5.17206364406e-16
7183.3467 5.17742589202e-16
7185.3467 5.18216133559e-16
7187.3467 5.28774822763e-16
7189.3467 5.21874415918e-16
7191.3467 5.11838081345e-16
7193.3467 4.99570714928e-16
7195.3467 4.90743890464e-16
7197.3467 5.07995304622e-16
7199.3467 4.91870973679e-16
7201.3467 4.94261406536e-16
7203.3467 4.96090891823e-16
7205.3467 4.8294393463e-16
7207.3467 4.79132180488e-16
7209.3467 4.80890567947e-16
7211.3467 4.68828977597e-16
7213.3467 4.71061332929e-16
7215.3467 4.73014696785e-16
7217.3467 4.75215129563e-16
7219.3467 4.66576399352e-16
7221.3467 4.59316109385e-16
7223.3467 4.64514191763e-16
7225.3467 4.67898723662e-16
7227.3467 4.7905139472e-16
7229.3467 4.42084468152e-16
7231.3467 4.47022643765e-16
7233.3467 4.46871395444e-16
7235.3467 4.53771908168e-16
7237.3467 4.54810794078e-16
7239.3467 4.48643017793e-16
7241.3467 4.47244725216e-16
7243.3467 4.73658494764e-16
7245.3467 4.70769900656e-16
7247.3467 4.70729084255e-16
7249.3467 4.60503014302e-16
7251.3467 4.73975549784e-16
7253.3467 4.81384176397e-16
7255.3467 4.50397699483e-16
7257.3467 4.81350824474e-16
7259.3467 4.51005604441e-16
7261.3467 4.72073431422e-16
7263.3467 4.60745742181e-16
7265.3467 4.71500995968e-16
7267.3467 4.9076840148e-16
7269.3467 5.00512456747e-16
7271.3467 5.14237619805e-16
7273.3467 5.49535864998e-16
7275.3467 6.07245384364e-16
7277.3467 5.54037792173e-16
7279.3467 5.3352514235e-16
7281.3467 5.2321696314e-16
7283.3467 5.02135213055e-16
7285.3467 4.91594258603e-16
7287.3467 5.09845489276e-16
7289.3467 5.13642896797e-16
7291.3467 5.50675018433e-16
7293.3467 5.37622187776e-16
7295.3467 5.30029066799e-16
7297.3467 5.09431448984e-16
7299.3467 4.79945279178e-16
7301.3467 4.71585752203e-16
7303.3467 4.57152099023e-16
7305.3467 4.48428294941e-16
7307.3467 4.51849778652e-16
7309.3467 4.47527104825e-16
7311.3467 4.50431369043e-16
7313.3467 4.45774593657e-16
7315.3467 4.21918360684e-16
7317.3467 4.43254300062e-16
7319.3467 4.54758542733e-16
7321.3467 4.57489165197e-16
7323.3467 4.36673806974e-16
7325.3467 4.04856152511e-16
7327.3467 4.20248408758e-16
7329.3467 4.43354408768e-16
7331.3467 4.38482539954e-16
7333.3467 4.02832617269e-16
7335.3467 4.3606420795e-16
7337.3467 4.34228819902e-16
7339.3467 4.28075363768e-16
7341.3467 4.25844755441e-16
7343.3467 4.2657145677e-16
7345.3467 4.24115643558e-16
7347.3467 4.13340987422e-16
7349.3467 4.26798117493e-16
7351.3467 4.31554233961e-16
7353.3467 4.3718702953e-16
7355.3467 4.44546237065e-16
7357.3467 4.41259246304e-16
7359.3467 4.30977457464e-16
7361.3467 4.59430352953e-16
7363.3467 4.04018833973e-16
7365.3467 4.15772766074e-16
7367.3467 4.12041347714e-16
7369.3467 4.2706030066e-16
7371.3467 4.37601519809e-16
7373.3467 4.36046764365e-16
7375.3467 4.4562413943e-16
7377.3467 4.33217171395e-16
7379.3467 4.47116611483e-16
7381.3467 4.50537089342e-16
7383.3467 4.45577393799e-16
7385.3467 4.30605107074e-16
7387.3467 4.29143657603e-16
7389.3467 4.42825489632e-16
7391.3467 4.49728649334e-16
7393.3467 4.20063914395e-16
7395.3467 4.58926209531e-16
7397.3467 4.41699968134e-16
7399.3467 4.37741465534e-16
7401.3467 4.42312425894e-16
7403.3467 4.3505171241e-16
7405.3467 4.33496983435e-16
7407.3467 4.44318067564e-16
7409.3467 4.35082840871e-16
7411.3467 4.56414068628e-16
7413.3467 4.43431885813e-16
7415.3467 4.31398088732e-16
7417.3467 4.49448757884e-16
7419.3467 4.62322123435e-16
7421.3467 4.30698439517e-16
7423.3467 4.5047488536e-16
7425.3467 4.38845308283e-16
7427.3467 4.55745547875e-16
7429.3467 4.51967463292e-16
7431.3467 4.36925534578e-16
7433.3467 4.46003239613e-16
7435.3467 4.21276600877e-16
7437.3467 4.35829076897e-16
7439.3467 4.28832690632e-16
7441.3467 4.51407839212e-16
7443.3467 4.66100208017e-16
7445.3467 4.59057129061e-16
7447.3467 4.48671393397e-16
7449.3467 4.48795748421e-16
7451.3467 4.27246833197e-16
7453.3467 4.5075477681e-16
7455.3467 4.55419016673e-16
7457.3467 4.62881853395e-16
7459.3467 4.68618913426e-16
7461.3467 4.63628142361e-16
7463.3467 4.52433913749e-16
7465.3467 4.66799857232e-16
7467.3467 4.19410904932e-16
7469.3467 4.49884768094e-16
7471.3467 4.58867817197e-16
7473.3467 4.52014103044e-16
7475.3467 4.5616530564e-16
7477.3467 4.63752550325e-16
7479.3467 4.54486168701e-16
7481.3467 4.63534862858e-16
7483.3467 4.58310893034e-16
7485.3467 4.6017658898e-16
7487.3467 4.44364760256e-16
7489.3467 4.37741465534e-16
7491.3467 4.49666445352e-16
7493.3467 4.53273429278e-16
7495.3467 4.45530806987e-16
7497.3467 4.53086923211e-16
7499.3467 4.30325347974e-16
7501.3467 4.31258116537e-16
7503.3467 4.49448757884e-16
7505.3467 4.43270499567e-16
7507.3467 4.30762258156e-16
7509.3467 4.54486168701e-16
7511.3467 4.60643039436e-16
7513.3467 4.48609189415e-16
7515.3467 4.4761413746e-16
7517.3467 4.56585116344e-16
7519.3467 4.5532573717e-16
7521.3467 4.52775956241e-16
7523.3467 4.69131950694e-16
7525.3467 4.37414987272e-16
7527.3467 4.45530806987e-16
7529.3467 4.54424017658e-16
7531.3467 4.49821875898e-16
7533.3467 4.69831652848e-16
7535.3467 4.91613793301e-16
7537.3467 4.77061237871e-16
7539.3467 4.54019771184e-16
7541.3467 4.63441636294e-16
7543.3467 4.41452290406e-16
7545.3467 4.38453740833e-16
7547.3467 4.50732330437e-16
7549.3467 4.67143276152e-16
7551.3467 4.68083482724e-16
7553.3467 4.57400438495e-16
7555.3467 4.55153154207e-16
7557.3467 4.52240207901e-16
7559.3467 4.6133559475e-16
7561.3467 4.67452601997e-16
7563.3467 4.6339282602e-16
7565.3467 4.58922239064e-16
7567.3467 4.62922458037e-16
7569.3467 4.48681081336e-16
7571.3467 4.40005161086e-16
7573.3467 4.59913161733e-16
7575.3467 4.7222134455e-16
7577.3467 4.71497872534e-16
7579.3467 4.64815470795e-16
7581.3467 4.60284903318e-16
7583.3467 4.2282921227e-16
7585.3467 4.50272762123e-16
7587.3467 4.43697960038e-16
7589.3467 4.62821078781e-16
7591.3467 4.75535360956e-16
7593.3467 4.76677743704e-16
7595.3467 4.76609981069e-16
7597.3467 4.80216117963e-16
7599.3467 4.51549029017e-16
7601.3467 4.33692542167e-16
7603.3467 4.75080398385e-16
7605.3467 4.69673840022e-16
7607.3467 4.35211722228e-16
7609.3467 4.15102365966e-16
7611.3467 4.20807053457e-16
7613.3467 4.54657375235e-16
7615.3467 4.49629864116e-16
7617.3467 4.29815301791e-16
7619.3467 4.58552350364e-16
7621.3467 4.95601359719e-16
7623.3467 5.11185495399e-16
7625.3467 5.19912528794e-16
7627.3467 5.18530435722e-16
7629.3467 4.59228864991e-16
7631.3467 4.77279825311e-16
7633.3467 4.81035304702e-16
7635.3467 4.53569520233e-16
7637.3467 4.39265092518e-16
7639.3467 4.5107426705e-16
7641.3467 4.58797460523e-16
7643.3467 4.31327652648e-16
7645.3467 4.44545760609e-16
7647.3467 4.48181967172e-16
7649.3467 4.60797940586e-16
7651.3467 4.75056416764e-16
7653.3467 4.7350285246e-16
7655.3467 4.69480451812e-16
7657.3467 4.43714662469e-16
7659.3467 4.38534976587e-16
7661.3467 4.68519810571e-16
7663.3467 4.45291837816e-16
7665.3467 4.44780759312e-16
7667.3467 4.57522252421e-16
7669.3467 4.56565369888e-16
7671.3467 4.51071990649e-16
7673.3467 4.33606171276e-16
7675.3467 4.46663131219e-16
7677.3467 4.46031509338e-16
7679.3467 4.44635863738e-16
7681.3467 4.4116117577e-16
7683.3467 4.44367354294e-16
7685.3467 4.54008706816e-16
7687.3467 4.15396789325e-16
7689.3467 4.53102116865e-16
7691.3467 4.65786276431e-16
7693.3467 4.54621429274e-16
7695.3467 4.35875743119e-16
7697.3467 4.44544172422e-16
7699.3467 4.60690367402e-16
7701.3467 4.49785718179e-16
7703.3467 4.30556799726e-16
7705.3467 4.20384569305e-16
7707.3467 4.25395589751e-16
7709.3467 4.18707841116e-16
7711.3467 4.14111443297e-16
7713.3467 4.17056576855e-16
7715.3467 4.10540431801e-16
7717.3467 4.1357304798e-16
7719.3467 4.46851437231e-16
7721.3467 4.64745061181e-16
7723.3467 4.76052686329e-16
7725.3467 4.58729750827e-16
7727.3467 4.34056660455e-16
7729.3467 4.23608747279e-16
7731.3467 4.3163126102e-16
7733.3467 4.15772766074e-16
7735.3467 4.24852509283e-16
7737.3467 4.39140737493e-16
7739.3467 4.45110996282e-16
7741.3467 4.49262198878e-16
7743.3467 4.54921490696e-16
7745.3467 4.50381605857e-16
7747.3467 4.13160781163e-16
7749.3467 4.2678043568e-16
7751.3467 4.32004431973e-16
7753.3467 4.34010047173e-16
7755.3467 4.25381137251e-16
7757.3467 4.23670924791e-16
7759.3467 4.36295527353e-16
7761.3467 4.20996788837e-16
7763.3467 4.14000376102e-16
7765.3467 4.3166244242e-16
7767.3467 4.40260144472e-16
7769.3467 4.17591795798e-16
7771.3467 4.04454155968e-16
7773.3467 4.23049017319e-16
7775.3467 4.37508266776e-16
7777.3467 4.59430300014e-16
7779.3467 4.49046099597e-16
7781.3467 4.30017927953e-16
7783.3467 4.14466773619e-16
7785.3467 4.22162809098e-16
7787.3467 4.23297780308e-16
7789.3467 4.04578537462e-16
7791.3467 4.6390803381e-16
7793.3467 4.40026945714e-16
7795.3467 4.09429362802e-16
7797.3467 4.03505743765e-16
7799.3467 4.20157193898e-16
7801.3467 4.27557826637e-16
7803.3467 4.27806563156e-16
7805.3467 4.35176120374e-16
7807.3467 4.07003936897e-16
7809.3467 4.10859736752e-16
7811.3467 4.18944507415e-16
7813.3467 4.15726152793e-16
7815.3467 4.1508868109e-16
7817.3467 4.32564108993e-16
7819.3467 4.22116142877e-16
7821.3467 4.27060353599e-16
7823.3467 4.04485231489e-16
7825.3467 4.04423027507e-16
7827.3467 4.29205835115e-16
7829.3467 4.37088456071e-16
7831.3467 4.17327547989e-16
7833.3467 4.11668203231e-16
7835.3467 4.15399621591e-16
7837.3467 4.28739437599e-16
7839.3467 4.3962272571e-16
7841.3467 4.34429857878e-16
7843.3467 4.21229934656e-16
7845.3467 4.21027864358e-16
7847.3467 4.25754281734e-16
7849.3467 4.00473974619e-16
7851.3467 4.47769673885e-16
7853.3467 4.31537981517e-16
7855.3467 4.24168424299e-16
7857.3467 4.21229934656e-16
7859.3467 4.18151525758e-16
7861.3467 4.18571309993e-16
7863.3467 4.18198191979e-16
7865.3467 4.48329403844e-16
7867.3467 4.22396007857e-16
7869.3467 4.38876436744e-16
7871.3467 4.27526698176e-16
7873.3467 4.12367852445e-16
7875.3467 4.20063967334e-16
7877.3467 4.26593876673e-16
7879.3467 4.25381137251e-16
7881.3467 3.97488845224e-16
7883.3467 4.09678125791e-16
7885.3467 4.17498516295e-16
7887.3467 4.15026450639e-16
7889.3467 4.21556465857e-16
7891.3467 4.43012048639e-16
7893.3467 3.78738473917e-16
7895.3467 3.95156698822e-16
7897.3467 3.91297431426e-16
7899.3467 3.89092763483e-16
7901.3467 3.99681019431e-16
7903.3467 4.00194109639e-16
7905.3467 4.02899400523e-16
7907.3467 4.29019249639e-16
7909.3467 4.13720484653e-16
7911.3467 4.24355009775e-16
7913.3467 4.2765115908e-16
7915.3467 4.07237162125e-16
7917.3467 3.79018365367e-16
7919.3467 3.72332893133e-16
7921.3467 3.71275690135e-16
7923.3467 3.78458635407e-16
7925.3467 3.93291002877e-16
7927.3467 4.1648795305e-16
7929.3467 4.37648186031e-16
7931.3467 4.35362705851e-16
7933.3467 4.20530311911e-16
7935.3467 4.14560079592e-16
7937.3467 4.40120225217e-16
7939.3467 4.27713283653e-16
7941.3467 4.40026998654e-16
7943.3467 4.15150858603e-16
7945.3467 4.11574923727e-16
7947.3467 4.15539567316e-16
7949.3467 4.09522668775e-16
7951.3467 4.07283801877e-16
7953.3467 4.01033678108e-16
7955.3467 4.42172559579e-16
7957.3467 4.30542929562e-16
7959.3467 4.21743051333e-16
7961.3467 4.23095657071e-16
7963.3467 4.18882276963e-16
7965.3467 4.01779967074e-16
7967.3467 3.98888117183e-16
7969.3467 3.84615479673e-16
7971.3467 3.98110752696e-16
7973.3467 4.08729713588e-16
7975.3467 4.04578537462e-16
7977.3467 4.08309929353e-16
7979.3467 4.14528951131e-16
7981.3467 4.03459130483e-16
7983.3467 4.23049017319e-16
7985.3467 4.26314011694e-16
7987.3467 4.35891307349e-16
7989.3467 4.27433418673e-16
7991.3467 4.09009578568e-16
7993.3467 4.15617309059e-16
7995.3467 4.39187403715e-16
7997.3467 4.51687624783e-16
7999.3467 4.15026450639e-16
8001.3467 4.22738050349e-16
8003.3467 4.03785608744e-16
8005.3467 3.99447847142e-16
8007.3467 4.30884972054e-16
8009.3467 4.56818315102e-16
8011.3467 3.94596995333e-16
8013.3467 3.58029127162e-16
8015.3467 3.53742584583e-16
8017.3467 3.50481348918e-16
8019.3467 3.72861494631e-16
8021.3467 4.23795279816e-16
8023.3467 4.38192404699e-16
8025.3467 4.1306747519e-16
8027.3467 4.24914739735e-16
8029.3467 4.29765565075e-16
8031.3467 4.23919740719e-16
8033.3467 4.21229934656e-16
8035.3467 4.1479325188e-16
8037.3467 4.18353675465e-16
8039.3467 4.38814259231e-16
8041.3467 4.12974195687e-16
8043.3467 4.17918327e-16
8045.3467 4.20841278882e-16
8047.3467 4.21136655153e-16
8049.3467 4.30698386578e-16
8051.3467 4.43099213623e-16
8053.3467 4.45173412023e-16
8055.3467 4.45437474544e-16
8057.3467 4.3107155753e-16
8059.3467 4.63348303851e-16
8061.3467 4.35487087345e-16
8063.3467 4.26360624976e-16
8065.3467 4.41519497177e-16
8067.3467 4.58093258507e-16
8069.3467 4.70531302062e-16
8071.3467 4.52154022299e-16
8073.3467 4.59710191463e-16
8075.3467 4.51438861794e-16
8077.3467 4.47023331979e-16
8079.3467 4.51454426024e-16
8081.3467 4.62539810903e-16
8083.3467 4.75288821429e-16
8085.3467 4.33870127918e-16
8087.3467 4.43944949551e-16
8089.3467 4.60863797398e-16
8091.3467 4.49665598319e-16
8093.3467 4.42677126518e-16
8095.3467 4.49777512547e-16
8097.3467 4.49215929703e-16
8099.3467 4.36225594196e-16
8101.3467 4.17119336702e-16
8103.3467 4.35343382911e-16
8105.3467 4.25513036163e-16
8107.3467 4.31408359006e-16
8109.3467 4.45769723217e-16
8111.3467 4.48411513101e-16
8113.3467 4.47213279118e-16
8115.3467 4.40385028893e-16
8117.3467 4.46887753768e-16
8119.3467 4.53616265864e-16
8121.3467 4.52211673479e-16
8123.3467 4.40419069029e-16
8125.3467 4.52773468081e-16
8127.3467 4.65871615001e-16
8129.3467 4.5130725405e-16
8131.3467 4.54647899054e-16
8133.3467 4.40611663146e-16
8135.3467 4.62058431491e-16
8137.3467 4.57736022361e-16
8139.3467 4.46297160046e-16
8141.3467 4.45416775176e-16
8143.3467 4.38128930168e-16
8145.3467 4.32668346985e-16
8147.3467 4.18531843551e-16
8149.3467 4.56919694358e-16
8151.3467 4.61551270514e-16
8153.3467 4.49641881396e-16
8155.3467 4.50107961275e-16
8157.3467 4.44176718941e-16
8159.3467 4.56357264481e-16
8161.3467 4.55235104645e-16
8163.3467 4.51121753834e-16
8165.3467 4.29390488298e-16
8167.3467 4.41083936953e-16
8169.3467 4.52072124801e-16
8171.3467 4.3472864875e-16
8173.3467 4.28262240412e-16
8175.3467 4.40737976934e-16
8177.3467 4.36392115579e-16
8179.3467 4.40526959851e-16
8181.3467 4.4342982117e-16
8183.3467 4.35394151949e-16
8185.3467 4.29685573401e-16
8187.3467 4.26648774996e-16
8189.3467 4.35019578098e-16
8191.3467 4.75180771789e-16
8193.3467 4.53783290173e-16
8195.3467 4.38057567642e-16
8197.3467 4.49846969249e-16
8199.3467 4.50565253188e-16
8201.3467 4.41570027986e-16
8203.3467 4.50467844399e-16
8205.3467 4.32731477409e-16
8207.3467 4.52500458775e-16
8209.3467 4.45022004883e-16
8211.3467 4.48509557164e-16
8213.3467 4.49842098809e-16
8215.3467 4.48633065156e-16
8217.3467 4.46839790528e-16
8219.3467 4.45833885963e-16
8221.3467 4.42171765485e-16
8223.3467 4.3887810434e-16
8225.3467 4.51462790475e-16
8227.3467 4.44250410808e-16
8229.3467 4.37278667907e-16
8231.3467 4.59239611722e-16
8233.3467 4.47008614782e-16
8235.3467 4.69512639064e-16
8237.3467 4.25820615002e-16
8239.3467 4.11381191411e-16
8241.3467 4.25189813684e-16
8243.3467 4.44545178273e-16
8245.3467 4.45948500109e-16
8247.3467 4.37267312372e-16
8249.3467 4.32620701382e-16
8251.3467 4.22214478108e-16
8253.3467 4.27112366716e-16
8255.3467 4.23696176961e-16
8257.3467 4.16592693967e-16
8259.3467 4.22625209678e-16
8261.3467 4.2856629877e-16
8263.3467 4.46054326288e-16
8265.3467 4.33490524809e-16
8267.3467 4.24769341235e-16
8269.3467 4.25434553266e-16
8271.3467 4.32348036182e-16
8273.3467 4.32124684182e-16
8275.3467 4.33756413745e-16
8277.3467 4.44760007005e-16
8279.3467 4.31907631989e-16
8281.3467 4.46733911409e-16
8283.3467 4.35676081571e-16
8285.3467 4.25985548199e-16
8287.3467 4.20479675223e-16
8289.3467 4.04924232784e-16
8291.3467 3.8448127789e-16
8293.3467 4.34643310181e-16
8295.3467 4.1859566219e-16
8297.3467 3.96565499902e-16
8299.3467 3.9735723748e-16
8301.3467 4.11756956402e-16
8303.3467 4.27205196233e-16
8305.3467 4.32781902339e-16
8307.3467 4.31769803847e-16
8309.3467 4.26782023867e-16
8311.3467 4.5175157577e-16
8313.3467 4.3310605126e-16
8315.3467 4.18962824503e-16
8317.3467 4.18753395607e-16
8319.3467 4.24962941203e-16
8321.3467 4.1841667354e-16
8323.3467 4.47398144059e-16
8325.3467 4.10115962415e-16
8327.3467 4.12412321675e-16
8329.3467 3.98342601495e-16
8331.3467 3.97605338724e-16
8333.3467 4.12364411374e-16
8335.3467 4.18121164921e-16
8337.3467 4.19712131024e-16
8339.3467 4.17482766776e-16
8341.3467 4.20869389788e-16
8343.3467 4.09091184898e-16
8345.3467 3.78242192019e-16
8347.3467 3.84190004436e-16
8349.3467 4.06803560666e-16
8351.3467 3.94383410681e-16
8353.3467 3.95262816169e-16
8355.3467 3.9551613196e-16
8357.3467 4.01007711254e-16
8359.3467 4.02449573089e-16
8361.3467 4.02694656778e-16
8363.3467 4.18520090969e-16
8365.3467 4.24481323563e-16
8367.3467 4.11344583705e-16
8369.3467 3.95445298829e-16
8371.3467 4.30352691256e-16
8373.3467 4.51189622349e-16
8375.3467 4.38805259506e-16
8377.3467 4.23602182774e-16
8379.3467 4.2583649687e-16
8381.3467 4.1589582408e-16
8383.3467 4.06456833023e-16
8385.3467 4.54480715926e-16
8387.3467 4.43043706495e-16
8389.3467 4.43804977357e-16
8391.3467 4.41472936834e-16
8393.3467 4.26827075432e-16
8395.3467 4.24634927694e-16
8397.3467 4.31911126e-16
8399.3467 4.18571309993e-16
8401.3467 4.94225725273e-16
8403.3467 4.70717861069e-16
8405.3467 4.36388859796e-16
8407.3467 4.08170010098e-16
8409.3467 4.11139628202e-16
8411.3467 4.28366293116e-16
8413.3467 4.13627178679e-16
8415.3467 4.06164368428e-16
8417.3467 4.29796667066e-16
8419.3467 4.16658974296e-16
8421.3467 4.18291497952e-16
8423.3467 4.25381190191e-16
8425.3467 4.03303620528e-16
8427.3467 3.98141828217e-16
8429.3467 4.21369880381e-16
8431.3467 3.62786699468e-16
8433.3467 4.27464573604e-16
8435.3467 4.00334055364e-16
8437.3467 3.7939148338e-16
8439.3467 4.05697944442e-16
8441.3467 3.81257179325e-16
8443.3467 4.04951655475e-16
8445.3467 3.95250004795e-16
8447.3467 3.97675404231e-16
8449.3467 4.14233548391e-16
8451.3467 4.29952150551e-16
8453.3467 4.34289912153e-16
8455.3467 4.44007127064e-16
8457.3467 4.55512296177e-16
8459.3467 4.23608747279e-16
8461.3467 3.95063419319e-16
8463.3467 4.07563640387e-16
8465.3467 4.02619562013e-16
8467.3467 4.1106183352e-16
8469.3467 4.25754281734e-16
8471.3467 4.15866045578e-16
8473.3467 4.15959351551e-16
8475.3467 3.73048080108e-16
8477.3467 4.01904348569e-16
8479.3467 4.12461131948e-16
8481.3467 4.23468801554e-16
8483.3467 4.24261730272e-16
8485.3467 3.98919219174e-16
8487.3467 3.76406353985e-16
8489.3467 4.35362705851e-16
8491.3467 4.09522668775e-16
8493.3467 4.03614587498e-16
8495.3467 4.13720511122e-16
8497.3467 4.27153553693e-16
8499.3467 4.27775461165e-16
8501.3467 4.28273013612e-16
8503.3467 3.81537044305e-16
8505.3467 3.99727685652e-16
8507.3467 4.17825047496e-16
8509.3467 4.28226347391e-16
8511.3467 4.13953683411e-16
8513.3467 3.90119288006e-16
8515.3467 3.84988597686e-16
8517.3467 3.91145415482e-16
8519.3467 4.28179707639e-16
8521.3467 4.02432976537e-16
8523.3467 4.10579871773e-16
8525.3467 4.14513386901e-16
8527.3467 4.07003936897e-16
8529.3467 3.976754307e-16
8531.3467 3.93757426863e-16
8533.3467 3.93570841387e-16
8535.3467 3.77152616482e-16
8537.3467 4.0849648836e-16
8539.3467 4.13907043659e-16
8541.3467 4.10828661231e-16
8543.3467 4.0308595953e-16
8545.3467 4.03707840532e-16
8547.3467 4.08869659313e-16
8549.3467 3.95529843305e-16
8551.3467 4.06444233408e-16
8553.3467 4.08434310847e-16
8555.3467 4.06817377891e-16
8557.3467 3.93710760642e-16
8559.3467 3.80231051849e-16
8561.3467 3.7426076659e-16
8563.3467 4.04485257959e-16
8565.3467 3.95623122809e-16
8567.3467 3.86761014128e-16
8569.3467 3.89559584516e-16
8571.3467 3.96929168204e-16
8573.3467 3.96042933513e-16
8575.3467 3.86916497614e-16
8577.3467 3.82376612775e-16
8579.3467 3.83775911203e-16
8581.3467 4.04858375972e-16
8583.3467 4.06039986934e-16
8585.3467 3.99307901418e-16
8587.3467 3.97722070452e-16
8589.3467 3.81583710527e-16
8591.3467 3.66176075337e-16
8593.3467 3.7911164487e-16
8595.3467 3.94037318313e-16
8597.3467 3.80697475836e-16
8599.3467 3.78956134915e-16
8601.3467 3.87507303094e-16
8603.3467 3.9538992405e-16
8605.3467 3.83838062246e-16
8607.3467 3.63812853414e-16
8609.3467 3.66704676836e-16
8611.3467 3.96929141734e-16
8613.3467 3.78023313412e-16
8615.3467 3.79531429105e-16
8617.3467 3.91611892408e-16
8619.3467 3.89932728999e-16
8621.3467 3.92295950922e-16
8623.3467 4.02619562013e-16
8625.3467 3.86481149149e-16
8627.3467 3.92078289924e-16
8629.3467 3.66580321811e-16
8631.3467 3.67450939332e-16
8633.3467 3.97768710204e-16
8635.3467 4.0765691989e-16
8637.3467 3.94037291843e-16
8639.3467 3.75007082026e-16
8641.3467 3.80510890359e-16
8643.3467 3.64185971427e-16
8645.3467 3.71835393625e-16
8647.3467 3.73654449819e-16
8649.3467 3.86108031135e-16
8651.3467 3.8766278658e-16
8653.3467 3.61853877965e-16
8655.3467 3.931044174e-16
8657.3467 3.72395097115e-16
8659.3467 3.75939929999e-16
8661.3467 3.70529401169e-16
8663.3467 3.61853851496e-16
8665.3467 3.7058819055e-16
8667.3467 3.90130722951e-16
8669.3467 3.59241840114e-16
8671.3467 3.68943543734e-16
8673.3467 4.0364566302e-16
8675.3467 3.92824578891e-16
8677.3467 3.92544713911e-16
8679.3467 3.79717988111e-16
8681.3467 3.69005694776e-16
8683.3467 3.83496072694e-16
8685.3467 3.91145415482e-16
8687.3467 3.83216181244e-16
8689.3467 3.6940996772e-16
8691.3467 3.62879952502e-16
8693.3467 3.71508888894e-16
8695.3467 3.88300205342e-16
8697.3467 3.94099469355e-16
8699.3467 3.88626736543e-16
8701.3467 3.78831753421e-16
8703.3467 4.03832274966e-16
8705.3467 4.04018807503e-16
8707.3467 4.0108031786e-16
8709.3467 3.88067033054e-16
8711.3467 3.90399152986e-16
8713.3467 4.15026450639e-16
8715.3467 3.95249978326e-16
8717.3467 3.82936342734e-16
8719.3467 3.8368260523e-16
8721.3467 3.82625402233e-16
8723.3467 3.88906601523e-16
8725.3467 3.82563171781e-16
8727.3467 3.78987236906e-16
8729.3467 3.98141854687e-16
8731.3467 3.73327945088e-16
8733.3467 4.05697944442e-16
8735.3467 3.88160312557e-16
8737.3467 3.7281485488e-16
8739.3467 3.73234665584e-16
8741.3467 3.81443738332e-16
8743.3467 3.83154003732e-16
8745.3467 3.84149029217e-16
8747.3467 3.6026796759e-16
8749.3467 3.73048080108e-16
8751.3467 3.61231944024e-16
8753.3467 3.65865108366e-16
8755.3467 3.71089078189e-16
8757.3467 3.72612758112e-16
8759.3467 3.86294590142e-16
8761.3467 4.14933224075e-16
8763.3467 4.37228401796e-16
8765.3467 4.13160781163e-16
8767.3467 4.07563640387e-16
8769.3467 4.00707173377e-16
8771.3467 3.96462691278e-16
8773.3467 3.78925059394e-16
8775.3467 3.44222913638e-16
8777.3467 3.47581187516e-16
8779.3467 4.00100830135e-16
8781.3467 4.0849648836e-16
8783.3467 3.85081877189e-16
8785.3467 3.30183474886e-16
8787.3467 3.17543281624e-16
8789.3467 3.49384679479e-16
8791.3467 3.83775911203e-16
8793.3467 4.07750252333e-16
8795.3467 4.16425775537e-16
8797.3467 4.04982757467e-16
8799.3467 3.75706704771e-16
8801.3467 3.66144973346e-16
8803.3467 3.87227464584e-16
8805.3467 4.01406796121e-16
8807.3467 3.76499633489e-16
8809.3467 3.48793926938e-16
8811.3467 4.00567254122e-16
8813.3467 3.87445125582e-16
8815.3467 3.84288948472e-16
8817.3467 3.74493991819e-16
8819.3467 3.60019231071e-16
8821.3467 3.57469423672e-16
8823.3467 2.95807833862e-16
8825.3467 2.68661777861e-16
8827.3467 2.9316472049e-16
8829.3467 3.72301791142e-16
8831.3467 4.84897245546e-16
8833.3467 4.53833159238e-16
8835.3467 3.511260204e-16
8837.3467 2.99259360773e-16
8839.3467 3.64932233924e-16
8841.3467 3.69783085734e-16
8843.3467 3.74012030072e-16
8845.3467 3.63906106448e-16
8847.3467 3.55230556774e-16
8849.3467 3.62444656976e-16
8851.3467 3.69783085734e-16
8853.3467 3.91891704448e-16
8855.3467 4.24075144795e-16
8857.3467 3.86294616612e-16
8859.3467 3.79018338897e-16
8861.3467 3.68756958257e-16
8863.3467 3.54857438761e-16
8865.3467 3.40180528307e-16
8867.3467 3.25379262828e-16
8869.3467 3.95716402312e-16
8871.3467 4.11574923727e-16
8873.3467 4.32031537027e-16
8875.3467 4.08179009823e-16
8877.3467 3.79997826621e-16
8879.3467 3.71555528645e-16
8881.3467 3.56132329225e-16
8883.3467 3.18569435569e-16
8885.3467 2.55601826834e-16
8887.3467 3.58215712638e-16
8889.3467 3.83278385226e-16
8891.3467 4.04718456717e-16
8893.3467 3.8965286402e-16
8895.3467 3.50613750755e-16
8897.3467 3.39555020945e-16
8899.3467 3.47666049629e-16
8901.3467 3.24031739288e-16
8903.3467 3.58046967793e-16
8905.3467 3.77707158364e-16
8907.3467 3.96186002672e-16
8909.3467 3.92562978059e-16
8911.3467 3.76602018596e-16
8913.3467 3.67914610461e-16
8915.3467 3.84612594467e-16
8917.3467 3.40937272836e-16
8919.3467 3.08645465211e-16
8921.3467 3.85427969558e-16
8923.3467 4.22445506344e-16
8925.3467 4.44947148347e-16
8927.3467 4.31554472189e-16
8929.3467 3.55602245419e-16
8931.3467 3.86124204171e-16
8933.3467 4.01255150754e-16
8935.3467 3.68871651812e-16
8937.3467 3.6678821546e-16
8939.3467 3.72193476804e-16
8941.3467 3.45328132816e-16
8943.3467 3.57225742881e-16
8945.3467 4.11492788001e-16
8947.3467 3.78031413165e-16
8949.3467 3.77516073025e-16
8951.3467 3.60553338284e-16
8953.3467 3.55156123754e-16
8955.3467 3.452747168e-16
8957.3467 3.40857148813e-16
8959.3467 3.85298214698e-16
8961.3467 4.52246507709e-16
8963.3467 3.64210111866e-16
8965.3467 4.01858423501e-16
8967.3467 3.11506530748e-16
8969.3467 2.93225786271e-16
8971.3467 3.54941136204e-16
8973.3467 3.79220356255e-16
8975.3467 3.85129681611e-16
8977.3467 3.90996840609e-16
8979.3467 3.48706497256e-16
8981.3467 3.85491047043e-16
8983.3467 3.839204362e-16
8985.3467 3.7568036734e-16
8987.3467 3.48260852046e-16
8989.3467 3.60986807395e-16
8991.3467 4.26752483593e-16
8993.3467 3.78685613767e-16
8995.3467 3.66581777649e-16
8997.3467 3.26975655236e-16
8999.3467 3.06032659736e-16
