3400.0 8.9265e-17
3401.536014 6.6274e-17
3403.072028 9.2261e-17
3404.608042 6.0336e-17
3406.144056 9.0139e-17
3407.68007 7.9336e-17
3409.216084 1.2267e-16
3410.752098 1.227e-16
3412.288112 2.3552e-17
3413.824126 4.8228e-17
3415.36014 4.8977e-17
3416.896154 6.399e-17
3418.432168 1.1211e-16
3419.968182 7.0478e-17
3421.504196 1.1136e-16
3423.04021 5.8162e-17
3424.576224 9.2662e-17
3426.112238 1.1677e-16
3427.648252 4.56e-17
3429.184266 6.7542e-17
3430.72028 9.6388e-17
3432.256294 8.7883e-17
3433.792308 6.6263e-17
3435.328322 8.4797e-17
3436.864336 1.6982e-16
3438.40035 5.7967e-17
3439.936364 5.1172e-17
3441.472378 8.5561e-17
3443.008392 1.1689e-16
3444.544406 8.5076e-17
3446.08042 9.6839e-17
3447.616434 1.5291e-16
3449.152448 8.8516e-17
3450.688462 7.2908e-17
3452.224476 1.0211e-16
3453.76049 1.3913e-16
3455.296504 6.8055e-17
3456.832518 9.3034e-17
3458.368532 1.3339e-16
3459.904546 1.2628e-16
3461.44056 6.992e-17
3462.976574 1.4693e-16
3464.512588 7.6945e-17
3466.048602 8.5819e-17
3467.584616 1.5507e-16
3469.12063 8.5088e-17
3470.656644 1.2682e-16
3472.192658 9.6593e-17
3473.728672 9.2161e-17
3475.264686 1.4001e-16
3476.8007 1.0325e-16
3478.336714 -1.4033e-17
3479.872728 4.3961e-17
3481.408742 8.6513e-17
3482.944756 1.1357e-16
3484.48077 1.1597e-16
3486.016784 5.6942e-17
3487.552798 6.4724e-17
3489.088812 1.1461e-16
3490.624826 8.227e-17
3492.16084 4.8285e-17
3493.696854 8.5943e-17
3495.232868 1.0971e-16
3496.768882 7.6811e-17
3498.304896 1.1871e-16
3499.84091 1.1649e-16
3501.376924 1.0065e-16
3502.912938 1.0376e-16
3504.448952 9.2514e-17
3505.984966 8.7775e-17
3507.52098 1.0095e-16
3509.056994 1.2515e-16
3510.593008 8.8879e-17
3512.129022 1.4094e-16
3513.665036 9.2888e-17
3515.20105 1.1349e-16
3516.737064 1.0179e-16
3518.273078 1.0821e-16
3519.809092 1.0577e-16
3521.345106 8.485e-17
3522.88112 1.0543e-16
3524.417134 1.4103e-16
3525.953148 1.3028e-16
3527.489162 1.0271e-16
3529.025176 1.0367e-16
3530.56119 1.035e-16
3532.097204 2.3029e-18
3533.633218 4.7091e-17
3535.169232 6.0806e-17
3536.705246 6.7439e-17
3538.24126 9.8857e-17
3539.777274 8.5914e-17
3541.313288 9.8149e-17
3542.849302 5.4325e-17
3544.385316 3.4581e-17
3545.92133 9.4608e-17
3547.457344 1.047e-16
3548.993358 5.5783e-17
3550.529372 1.3485e-16
3552.065386 1.4765e-16
3553.6014 6.3312e-17
3555.137414 4.5804e-17
3556.673428 5.5381e-17
3558.209442 8.2785e-17
3559.745456 6.0485e-17
3561.28147 5.7386e-17
3562.817484 1.0286e-16
3564.353498 8.5399e-17
3565.889512 6.7883e-17
3567.425526 6.4695e-17
3568.96154 5.7898e-17
3570.497554 2.9527e-17
3572.033568 7.2222e-17
3573.569582 1.1293e-16
3575.105596 1.3765e-16
3576.64161 8.419e-17
3578.177624 8.364e-17
3579.713638 6.8126e-17
3581.249652 1.1256e-16
3582.785666 1.2083e-16
3584.32168 1.039e-16
3585.857694 9.692e-17
3587.393708 8.508e-17
3588.929722 9.7303e-17
3590.465736 8.4076e-17
3592.00175 1.2081e-16
3593.537764 7.1346e-17
3595.073778 1.1832e-16
3596.609792 1.4031e-16
3598.145806 8.0317e-17
3599.68182 5.792e-17
3601.217834 1.0172e-16
3602.753848 1.1779e-16
3604.289862 1.0068e-16
3605.825876 5.6215e-17
3607.36189 9.0801e-17
3608.897904 1.1684e-16
3610.433918 9.2957e-17
3611.969932 7.8541e-17
3613.505946 1.1067e-16
3615.04196 8.6267e-17
3616.577974 8.5752e-17
3618.113988 9.9894e-17
3619.650002 6.2091e-17
3621.186016 7.0534e-17
3622.72203 7.8071e-17
3624.258044 8.9906e-17
3625.794058 1.3054e-16
3627.330072 1.1806e-16
3628.866086 7.0413e-17
3630.4021 4.4001e-17
3631.938114 1.0093e-16
3633.474128 1.2717e-16
3635.010142 1.2482e-16
3636.546156 1.1268e-16
3638.08217 7.608e-17
3639.618184 5.9718e-17
3641.154198 -1.0333e-17
3642.690212 7.9293e-17
3644.226226 6.5676e-17
3645.76224 2.9195e-17
3647.298254 4.606e-17
3648.834268 1.7693e-16
3650.370282 1.0572e-16
3651.906296 4.601e-17
3653.44231 3.448e-17
3654.978324 1.3177e-16
3656.514338 8.9773e-17
3658.050352 1.3057e-16
3659.586366 1.539e-16
3661.12238 9.9972e-17
3662.658394 1.3334e-16
3664.194408 1.8234e-16
3665.730422 1.0336e-16
3667.266436 1.5416e-16
3668.80245 1.3135e-16
3670.338464 9.0962e-17
3671.874478 1.1038e-16
3673.410492 1.2003e-16
3674.946506 1.0544e-16
3676.48252 8.4616e-17
3678.018534 1.0151e-16
3679.554548 1.331e-16
3681.090562 1.2734e-16
3682.626576 9.2837e-17
3684.16259 7.6206e-17
3685.698604 1.32e-16
3687.234618 1.1338e-16
3688.770632 8.7726e-17
3690.306646 8.8004e-17
3691.84266 9.9929e-17
3693.378674 6.9498e-17
3694.914688 1.0453e-16
3696.450702 6.485e-17
3697.986716 2.4227e-17
3699.52273 7.5518e-17
3701.058744 6.9073e-17
3702.594758 6.1163e-17
3704.130772 8.9458e-17
3705.666786 6.9705e-17
3707.2028 7.7776e-17
3708.738814 9.4368e-17
3710.274828 6.8353e-17
3711.810842 1.9422e-17
3713.346856 3.1824e-17
3714.88287 3.4273e-17
3716.418884 5.1885e-17
3717.954898 8.6191e-17
3719.490912 6.5036e-17
3721.026926 5.5338e-17
3722.56294 7.5769e-17
3724.098954 8.2862e-17
3725.634968 1.062e-16
3727.170982 1.2974e-16
3728.706996 1.1223e-16
3730.24301 1.0414e-16
3731.779024 1.4203e-16
3733.315038 1.205e-16
3734.851052 6.3638e-17
3736.387066 9.1526e-17
3737.92308 1.1205e-16
3739.459094 5.8211e-17
3740.995108 8.8227e-17
3742.531122 6.1611e-17
3744.067136 6.6173e-17
3745.60315 1.032e-16
3747.139164 1.2214e-16
3748.675178 1.1644e-16
3750.211192 1.0429e-16
3751.747206 8.0489e-17
3753.28322 8.7512e-17
3754.819234 1.3027e-16
3756.355248 1.5153e-16
3757.891262 1.3777e-16
3759.427276 1.4507e-16
3760.96329 1.8584e-16
3762.499304 1.0876e-16
3764.035318 1.2942e-16
3765.571332 1.4175e-16
3767.107346 1.6946e-16
3768.64336 1.4697e-16
3770.179374 1.3569e-16
3771.715388 1.3466e-16
3773.251402 1.0976e-16
3774.787416 1.3738e-16
3776.32343 1.4296e-16
3777.859444 1.2346e-16
3779.395458 1.4027e-16
3780.931472 1.231e-16
3782.467486 1.5516e-16
3784.0035 1.3121e-16
3785.539514 1.1431e-16
3787.075528 1.4e-16
3788.611542 1.0023e-16
3790.147556 1.2895e-16
3791.68357 2.0801e-16
3793.219584 1.819e-16
3794.755598 1.7058e-16
3796.291612 1.6106e-16
3797.827626 1.6757e-16
3799.36364 1.6672e-16
3800.899654 1.3955e-16
3802.435668 1.4415e-16
3803.971682 1.7106e-16
3805.507696 1.2942e-16
3807.04371 1.4699e-16
3808.579724 1.5171e-16
3810.115738 1.4097e-16
3811.651752 1.6828e-16
3813.187766 1.4917e-16
3814.72378 1.4367e-16
3816.259794 1.4229e-16
3817.795808 1.282e-16
3819.331822 1.4607e-16
3820.867836 1.3474e-16
3822.40385 1.3212e-16
3823.939864 1.4657e-16
3825.475878 1.2878e-16
3827.011892 1.0283e-16
3828.547906 1.4814e-16
3830.08392 1.3648e-16
3831.619934 1.5655e-16
3833.155948 1.6579e-16
3834.691962 1.7632e-16
3836.227976 1.5963e-16
3837.76399 1.3305e-16
3839.300004 1.2402e-16
3840.836018 1.2721e-16
3842.372032 1.4242e-16
3843.908046 8.0351e-17
3845.44406 1.0992e-16
3846.980074 1.2721e-16
3848.516088 1.2168e-16
3850.052102 9.9261e-17
3851.588116 1.7654e-16
3853.12413 1.5035e-16
3854.660144 1.2291e-16
3856.196158 1.2904e-16
3857.732172 1.5e-16
3859.268186 1.2062e-16
3860.8042 1.5854e-16
3862.340214 1.7507e-16
3863.876228 1.2591e-16
3865.412242 1.5727e-16
3866.948256 1.6675e-16
3868.48427 1.5206e-16
3870.020284 1.5635e-16
3871.556298 1.7214e-16
3873.092312 1.223e-16
3874.628326 7.7648e-17
3876.16434 9.7312e-17
3877.700354 9.6281e-17
3879.236368 1.0122e-16
3880.772382 1.2881e-16
3882.308396 1.5117e-16
3883.84441 1.2209e-16
3885.380424 9.836e-17
3886.916438 8.202e-17
3888.452452 7.712e-17
3889.988466 1.1104e-16
3891.52448 1.3007e-16
3893.060494 1.0519e-16
3894.596508 1.2475e-16
3896.132522 1.5113e-16
3897.668536 1.654e-16
3899.20455 1.4638e-16
3900.740564 1.5277e-16
3902.276578 8.6833e-17
3903.812592 1.1257e-16
3905.348606 1.0871e-16
3906.88462 1.0575e-16
3908.420634 1.5841e-16
3909.956648 1.1e-16
3911.492662 1.3106e-16
3913.028676 1.6365e-16
3914.56469 1.2771e-16
3916.100704 2.0046e-16
3917.636718 1.8624e-16
3919.172732 1.8333e-16
3920.708746 1.6313e-16
3922.24476 2.3575e-16
3923.780774 1.8279e-16
3925.316788 1.5808e-16
3926.852802 1.6974e-16
3928.388816 1.9636e-16
3929.92483 1.7323e-16
3931.460844 1.3624e-16
3932.996858 1.7581e-16
3934.532872 1.3652e-16
3936.068886 1.2888e-16
3937.6049 1.1287e-16
3939.140914 1.1288e-16
3940.676928 1.4096e-16
3942.212942 1.1918e-16
3943.748956 1.1724e-16
3945.28497 1.4534e-16
3946.820984 1.5915e-16
3948.356998 1.3938e-16
3949.893012 1.3882e-16
3951.429026 1.4294e-16
3952.96504 1.5287e-16
3954.501054 1.442e-16
3956.037068 1.1145e-16
3957.573082 1.3155e-16
3959.109096 1.3193e-16
3960.64511 1.2114e-16
3962.181124 1.2482e-16
3963.717138 1.0793e-16
3965.253152 8.8112e-17
3966.789166 1.0822e-16
3968.32518 1.1483e-16
3969.861194 1.0332e-16
3971.397208 1.0399e-16
3972.933222 1.2408e-16
3974.469236 1.0279e-16
3976.00525 1.1695e-16
3977.541264 9.1815e-17
3979.077278 9.2034e-17
3980.613292 7.4415e-17
3982.149306 6.4436e-17
3983.68532 1.0937e-16
3985.221334 1.1579e-16
3986.757348 1.1988e-16
3988.293362 8.8522e-17
3989.829376 9.4895e-17
3991.36539 1.2983e-16
3992.901404 1.1928e-16
3994.437418 1.2639e-16
3995.973432 1.4643e-16
3997.509446 1.3641e-16
3999.04546 1.444e-16
4000.581474 1.1206e-16
4002.117488 1.1189e-16
4003.653502 1.3721e-16
4005.189516 8.5672e-17
4006.72553 9.3811e-17
4008.261544 1.0553e-16
4009.797558 1.2818e-16
4011.333572 9.411e-17
4012.869586 1.2586e-16
4014.4056 1.2969e-16
4015.941614 1.2355e-16
4017.477628 1.5263e-16
4019.013642 1.0174e-16
4020.549656 1.344e-16
4022.08567 1.4127e-16
4023.621684 1.1709e-16
4025.157698 9.0595e-17
4026.693712 1.4845e-16
4028.229726 1.4739e-16
4029.76574 1.1318e-16
4031.301754 1.0554e-16
4032.837768 7.3927e-17
4034.373782 9.0651e-17
4035.909796 1.4139e-16
4037.44581 1.3244e-16
4038.981824 1.2401e-16
4040.517838 1.8303e-16
4042.053852 1.9908e-16
4043.589866 1.442e-16
4045.12588 1.4702e-16
4046.661894 1.3354e-16
4048.197908 2.0238e-16
4049.733922 1.9866e-16
4051.269936 1.4953e-16
4052.80595 1.4514e-16
4054.341964 2.3055e-16
4055.877978 1.8452e-16
4057.413992 1.812e-16
4058.950006 1.9826e-16
4060.48602 1.9879e-16
4062.022034 2.0102e-16
4063.558048 2.1049e-16
4065.094062 2.1418e-16
4066.630076 2.3382e-16
4068.16609 1.9442e-16
4069.702104 1.3639e-16
4071.238118 1.1793e-16
4072.774132 1.7417e-16
4074.310146 1.2339e-16
4075.84616 1.3354e-16
4077.382174 1.5632e-16
4078.918188 1.3191e-16
4080.454202 1.0705e-16
4081.990216 1.0444e-16
4083.52623 8.7809e-17
4085.062244 1.0365e-16
4086.598258 1.0028e-16
4088.134272 7.2392e-17
4089.670286 1.2162e-16
4091.2063 1.3656e-16
4092.742314 1.3157e-16
4094.278328 1.5675e-16
4095.814342 1.2107e-16
4097.350356 1.3389e-16
4098.88637 1.4166e-16
4100.422384 1.7015e-16
4101.958398 1.6562e-16
4103.494412 1.7864e-16
4105.030426 1.6614e-16
4106.56644 1.7894e-16
4108.102454 1.6459e-16
4109.638468 1.6411e-16
4111.174482 2.0088e-16
4112.710496 1.525e-16
4114.24651 1.1817e-16
4115.782524 9.3416e-17
4117.318538 8.6523e-17
4118.854552 1.1239e-16
4120.390566 9.2203e-17
4121.92658 7.7794e-17
4123.462594 8.6465e-17
4124.998608 1.0857e-16
4126.534622 1.5488e-16
4128.070636 1.6828e-16
4129.60665 1.8747e-16
4131.142664 2.1517e-16
4132.678678 2.4813e-16
4134.214692 2.6117e-16
4135.750706 2.1673e-16
4137.28672 2.1329e-16
4138.822734 2.6302e-16
4140.358748 2.4576e-16
4141.894762 2.365e-16
4143.430776 2.358e-16
4144.96679 2.6469e-16
4146.502804 2.4537e-16
4148.038818 2.7259e-16
4149.574832 2.7276e-16
4151.110846 2.3895e-16
4152.64686 2.5619e-16
4154.182874 2.7827e-16
4155.718888 2.3918e-16
4157.254902 2.5964e-16
4158.790916 2.5674e-16
4160.32693 2.5408e-16
4161.862944 2.3013e-16
4163.398958 3.1624e-16
4164.934972 2.8822e-16
4166.470986 3.1228e-16
4168.007 2.8892e-16
4169.543014 2.5226e-16
4171.079028 2.8058e-16
4172.615042 3.0174e-16
4174.151056 2.6574e-16
4175.68707 3.1104e-16
4177.223084 3.0043e-16
4178.759098 2.9102e-16
4180.295112 2.8747e-16
4181.831126 2.7688e-16
4183.36714 2.276e-16
4184.903154 3.0276e-16
4186.439168 2.7248e-16
4187.975182 2.3325e-16
4189.511196 2.6608e-16
4191.04721 2.7462e-16
4192.583224 2.2602e-16
4194.119238 3.1315e-16
4195.655252 2.9988e-16
4197.191266 2.7272e-16
4198.72728 2.6975e-16
4200.263294 2.266e-16
4201.799308 2.2489e-16
4203.335322 2.4989e-16
4204.871336 2.4599e-16
4206.40735 2.8621e-16
4207.943364 2.6088e-16
4209.479378 2.5051e-16
4211.015392 2.7961e-16
4212.551406 2.1281e-16
4214.08742 2.2744e-16
4215.623434 2.3104e-16
4217.159448 1.9326e-16
4218.695462 1.9944e-16
4220.231476 2.2188e-16
4221.76749 2.1714e-16
4223.303504 2.5626e-16
4224.839518 2.4257e-16
4226.375532 2.3306e-16
4227.911546 2.3039e-16
4229.44756 2.6678e-16
4230.983574 2.5214e-16
4232.519588 2.5615e-16
4234.055602 2.6942e-16
4235.591616 2.4422e-16
4237.12763 2.7813e-16
4238.663644 2.9262e-16
4240.199658 2.663e-16
4241.735672 2.7613e-16
4243.271686 2.5745e-16
4244.8077 3.1021e-16
4246.343714 2.8509e-16
4247.879728 2.358e-16
4249.415742 2.6848e-16
4250.951756 2.7674e-16
4252.48777 2.4973e-16
4254.023784 2.4216e-16
4255.559798 2.4001e-16
4257.095812 2.1732e-16
4258.631826 2.4594e-16
4260.16784 2.3633e-16
4261.703854 2.7818e-16
4263.239868 2.7837e-16
4264.775882 2.7214e-16
4266.311896 2.7378e-16
4267.84791 3.0355e-16
4269.383924 3.3906e-16
4270.919938 2.9109e-16
4272.455952 2.7326e-16
4273.991966 2.9363e-16
4275.52798 3.0856e-16
4277.063994 3.4727e-16
4278.600008 2.9541e-16
4280.136022 2.8574e-16
4281.672036 3.0337e-16
4283.20805 3.409e-16
4284.744064 3.26e-16
4286.280078 3.0872e-16
4287.816092 2.9161e-16
4289.352106 2.8826e-16
4290.88812 2.5395e-16
4292.424134 2.6833e-16
4293.960148 2.8144e-16
4295.496162 2.8433e-16
4297.032176 2.8969e-16
4298.56819 2.7449e-16
4300.104204 2.3627e-16
4301.640218 2.3041e-16
4303.176232 2.1284e-16
4304.712246 2.6249e-16
4306.24826 2.2955e-16
4307.784274 2.5858e-16
4309.320288 2.8008e-16
4310.856302 2.725e-16
4312.392316 2.6489e-16
4313.92833 2.3588e-16
4315.464344 2.6535e-16
4317.000358 2.186e-16
4318.536372 2.6586e-16
4320.072386 2.814e-16
4321.6084 2.6279e-16
4323.144414 2.9062e-16
4324.680428 3.0788e-16
4326.216442 2.8811e-16
4327.752456 2.6485e-16
4329.28847 2.8609e-16
4330.824484 2.616e-16
4332.360498 2.7052e-16
4333.896512 2.2499e-16
4335.432526 2.5043e-16
4336.96854 2.1323e-16
4338.504554 2.4669e-16
4340.040568 2.7066e-16
4341.576582 2.8664e-16
4343.112596 2.8511e-16
4344.64861 2.8608e-16
4346.184624 2.7381e-16
4347.720638 2.6823e-16
4349.256652 2.6042e-16
4350.792666 2.7644e-16
4352.32868 3.1006e-16
4353.864694 3.0661e-16
4355.400708 2.9273e-16
4356.936722 3.4094e-16
4358.472736 2.4655e-16
4360.00875 2.5972e-16
4361.544764 1.3968e-16
4363.080778 2.7836e-16
4364.616792 2.9047e-16
4366.152806 2.7979e-16
4367.68882 3.0412e-16
4369.224834 3.0974e-16
4370.760848 2.9442e-16
4372.296862 3.2192e-16
4373.832876 3.1015e-16
4375.36889 3.088e-16
4376.904904 3.0922e-16
4378.440918 3.1551e-16
4379.976932 2.5441e-16
4381.512946 3.055e-16
4383.04896 3.2081e-16
4384.584974 2.6976e-16
4386.120988 2.7243e-16
4387.657002 2.4112e-16
4389.193016 2.6771e-16
4390.72903 2.5548e-16
4392.265044 2.9708e-16
4393.801058 2.6903e-16
4395.337072 2.922e-16
4396.873086 3.3552e-16
4398.4091 3.0688e-16
4399.945114 3.2361e-16
4401.481128 3.0587e-16
4403.017142 3.5354e-16
4404.553156 3.4265e-16
4406.08917 3.1621e-16
4407.625184 3.2903e-16
4409.161198 2.8246e-16
4410.697212 3.0865e-16
4412.233226 3.0826e-16
4413.76924 3.4337e-16
4415.305254 3.1898e-16
4416.841268 3.3656e-16
4418.377282 3.2781e-16
4419.913296 3.5624e-16
4421.44931 3.6362e-16
4422.985324 3.2992e-16
4424.521338 2.5874e-16
4426.057352 3.3827e-16
4427.593366 3.5129e-16
4429.12938 3.309e-16
4430.665394 3.0297e-16
4432.201408 3.1177e-16
4433.737422 2.9934e-16
4435.273436 2.9413e-16
4436.80945 3.1584e-16
4438.345464 3.1471e-16
4439.881478 3.0021e-16
4441.417492 2.4715e-16
4442.953506 3.1046e-16
4444.48952 3.2939e-16
4446.025534 3.6207e-16
4447.561548 3.8224e-16
4449.097562 2.9557e-16
4450.633576 2.6604e-16
4452.16959 3.2737e-16
4453.705604 2.8965e-16
4455.241618 2.7459e-16
4456.777632 3.046e-16
4458.313646 2.5551e-16
4459.84966 2.3451e-16
4461.385674 2.5049e-16
4462.921688 2.5951e-16
4464.457702 2.7717e-16
4465.993716 2.615e-16
4467.52973 2.2337e-16
4469.065744 2.4762e-16
4470.601758 2.5168e-16
4472.137772 1.8443e-16
4473.673786 2.0921e-16
4475.2098 2.5842e-16
4476.745814 2.5299e-16
4478.281828 2.7091e-16
4479.817842 3.0384e-16
4481.353856 3.5431e-16
4482.88987 3.5433e-16
4484.425884 4.1457e-16
4485.961898 4.0446e-16
4487.497912 3.6612e-16
4489.033926 3.4797e-16
4490.56994 3.7199e-16
4492.105954 2.9037e-16
4493.641968 3.4165e-16
4495.177982 3.4286e-16
4496.713996 2.8303e-16
4498.25001 3.5989e-16
4499.786024 4.0571e-16
4501.322038 3.7086e-16
4502.858052 3.3624e-16
4504.394066 3.0728e-16
4505.93008 2.7997e-16
4507.466094 3.4522e-16
4509.002108 3.5961e-16
4510.538122 3.9006e-16
4512.074136 3.5776e-16
4513.61015 4.1032e-16
4515.146164 4.4031e-16
4516.682178 3.8919e-16
4518.218192 4.1282e-16
4519.754206 3.6959e-16
4521.29022 3.6484e-16
4522.826234 4.4416e-16
4524.362248 3.7761e-16
4525.898262 4.0125e-16
4527.434276 4.277e-16
4528.97029 3.8915e-16
4530.506304 4.0669e-16
4532.042318 4.5693e-16
4533.578332 4.6062e-16
4535.114346 3.8937e-16
4536.65036 3.9575e-16
4538.186374 3.8325e-16
4539.722388 3.8526e-16
4541.258402 4.4247e-16
4542.794416 4.2372e-16
4544.33043 3.7985e-16
4545.866444 3.4381e-16
4547.402458 3.6241e-16
4548.938472 2.96e-16
4550.474486 3.0632e-16
4552.0105 3.5032e-16
4553.546514 3.3652e-16
4555.082528 2.8594e-16
4556.618542 3.1202e-16
4558.154556 3.5112e-16
4559.69057 3.6736e-16
4561.226584 3.5136e-16
4562.762598 3.799e-16
4564.298612 3.6798e-16
4565.834626 3.9419e-16
4567.37064 3.8338e-16
4568.906654 3.8537e-16
4570.442668 3.8912e-16
4571.978682 3.3628e-16
4573.514696 3.8834e-16
4575.05071 3.7882e-16
4576.586724 3.6438e-16
4578.122738 4.1174e-16
4579.658752 4.3817e-16
4581.194766 3.8685e-16
4582.73078 3.8041e-16
4584.266794 3.9951e-16
4585.802808 4.1833e-16
4587.338822 4.679e-16
4588.874836 4.5583e-16
4590.41085 4.1828e-16
4591.946864 3.746e-16
4593.482878 3.5163e-16
4595.018892 4.5832e-16
4596.554906 4.2693e-16
4598.09092 4.4957e-16
4599.626934 4.4526e-16
4601.162948 3.9425e-16
4602.698962 3.6082e-16
4604.234976 3.9661e-16
4605.77099 4.2302e-16
4607.307004 4.1259e-16
4608.843018 4.3536e-16
4610.379032 4.4568e-16
4611.915046 4.0751e-16
4613.45106 4.3856e-16
4614.987074 4.7015e-16
4616.523088 4.8073e-16
4618.059102 4.3936e-16
4619.595116 4.4872e-16
4621.13113 4.1117e-16
4622.667144 4.4647e-16
4624.203158 3.9965e-16
4625.739172 3.7243e-16
4627.275186 3.607e-16
4628.8112 3.7543e-16
4630.347214 3.7187e-16
4631.883228 3.8734e-16
4633.419242 3.7797e-16
4634.955256 3.7123e-16
4636.49127 3.6622e-16
4638.027284 4.2025e-16
4639.563298 4.0586e-16
4641.099312 4.7522e-16
4642.635326 4.8733e-16
4644.17134 4.7435e-16
4645.707354 3.9765e-16
4647.243368 4.4019e-16
4648.779382 4.8598e-16
4650.315396 5.0154e-16
4651.85141 4.9695e-16
4653.387424 4.8841e-16
4654.923438 4.9471e-16
4656.459452 4.5915e-16
4657.995466 4.5244e-16
4659.53148 4.0531e-16
4661.067494 4.633e-16
4662.603508 4.3756e-16
4664.139522 4.0905e-16
4665.675536 4.5673e-16
4667.21155 4.1745e-16
4668.747564 4.1595e-16
4670.283578 4.7035e-16
4671.819592 4.822e-16
4673.355606 4.4532e-16
4674.89162 4.6089e-16
4676.427634 5.1742e-16
4677.963648 4.7179e-16
4679.499662 5.2085e-16
4681.035676 4.8949e-16
4682.57169 4.6711e-16
4684.107704 4.8887e-16
4685.643718 4.7317e-16
4687.179732 4.7392e-16
4688.715746 4.4921e-16
4690.25176 4.3425e-16
4691.787774 4.6386e-16
4693.323788 4.8265e-16
4694.859802 4.865e-16
4696.395816 4.4427e-16
4697.93183 4.4916e-16
4699.467844 4.6867e-16
4701.003858 4.7011e-16
4702.539872 4.512e-16
4704.075886 4.1031e-16
4705.6119 3.8477e-16
4707.147914 4.2927e-16
4708.683928 4.2538e-16
4710.219942 4.1345e-16
4711.755956 4.9107e-16
4713.29197 4.4851e-16
4714.827984 4.8193e-16
4716.363998 4.8388e-16
4717.900012 4.5389e-16
4719.436026 4.4113e-16
4720.97204 4.8328e-16
4722.508054 4.8294e-16
4724.044068 4.6108e-16
4725.580082 4.4136e-16
4727.116096 3.9074e-16
4728.65211 4.4214e-16
4730.188124 4.4532e-16
4731.724138 4.4385e-16
4733.260152 4.7879e-16
4734.796166 4.4534e-16
4736.33218 4.424e-16
4737.868194 4.3303e-16
4739.404208 4.5369e-16
4740.940222 5.2512e-16
4742.476236 4.9223e-16
4744.01225 4.9141e-16
4745.548264 4.2239e-16
4747.084278 5.1136e-16
4748.620292 4.8258e-16
4750.156306 4.6931e-16
4751.69232 4.7753e-16
4753.228334 4.7208e-16
4754.764348 5.1198e-16
4756.300362 4.7144e-16
4757.836376 4.8434e-16
4759.37239 4.6691e-16
4760.908404 4.592e-16
4762.444418 4.6741e-16
4763.980432 4.5425e-16
4765.516446 4.5329e-16
4767.05246 4.3806e-16
4768.588474 4.5866e-16
4770.124488 4.7068e-16
4771.660502 4.5011e-16
4773.196516 4.7453e-16
4774.73253 4.9061e-16
4776.268544 5.0894e-16
4777.804558 4.6925e-16
4779.340572 4.6512e-16
4780.876586 4.693e-16
4782.4126 4.8701e-16
4783.948614 5.2739e-16
4785.484628 4.8165e-16
4787.020642 4.8872e-16
4788.556656 5.2573e-16
4790.09267 5.2004e-16
4791.628684 4.8675e-16
4793.164698 4.5733e-16
4794.700712 5.0775e-16
4796.236726 4.9794e-16
4797.77274 5.1097e-16
4799.308754 4.9935e-16
4800.844768 4.8528e-16
4802.380782 4.9225e-16
4803.916796 5.2136e-16
4805.45281 5.1099e-16
4806.988824 4.7073e-16
4808.524838 5.2117e-16
4810.060852 4.5725e-16
4811.596866 4.71e-16
4813.13288 4.8466e-16
4814.668894 4.156e-16
4816.204908 4.6982e-16
4817.740922 4.7023e-16
4819.276936 4.749e-16
4820.81295 4.4827e-16
4822.348964 4.8354e-16
4823.884978 4.7545e-16
4825.420992 4.6351e-16
4826.957006 4.7669e-16
4828.49302 4.6678e-16
4830.029034 4.5397e-16
4831.565048 4.6095e-16
4833.101062 4.8049e-16
4834.637076 5.3884e-16
4836.17309 5.112e-16
4837.709104 5.1948e-16
4839.245118 5.4103e-16
4840.781132 4.6931e-16
4842.317146 4.7406e-16
4843.85316 4.8042e-16
4845.389174 5.0414e-16
4846.925188 4.4478e-16
4848.461202 4.6099e-16
4849.997216 4.7828e-16
4851.53323 4.5227e-16
4853.069244 5.0008e-16
4854.605258 4.9863e-16
4856.141272 4.4974e-16
4857.677286 4.8229e-16
4859.2133 4.6944e-16
4860.749314 4.7985e-16
4862.285328 5.0494e-16
4863.821342 5.0223e-16
4865.357356 5.5974e-16
4866.89337 4.9061e-16
4868.429384 4.7058e-16
4869.965398 5.1168e-16
4871.501412 4.8537e-16
4873.037426 4.7282e-16
4874.57344 4.9436e-16
4876.109454 4.8988e-16
4877.645468 4.8474e-16
4879.181482 4.8448e-16
4880.717496 4.6136e-16
4882.25351 4.619e-16
4883.789524 5.0099e-16
4885.325538 4.5868e-16
4886.861552 4.7008e-16
4888.397566 4.7663e-16
4889.93358 4.9399e-16
4891.469594 4.7632e-16
4893.005608 5.1954e-16
4894.541622 5.1197e-16
4896.077636 5.2288e-16
4897.61365 4.91e-16
4899.149664 4.7465e-16
4900.685678 4.9718e-16
4902.221692 5.586e-16
4903.757706 5.3225e-16
4905.29372 5.1556e-16
4906.829734 5.0386e-16
4908.365748 4.4387e-16
4909.901762 4.8503e-16
4911.437776 4.8228e-16
4912.97379 4.6554e-16
4914.509804 4.9935e-16
4916.045818 4.9812e-16
4917.581832 5.388e-16
4919.117846 5.2615e-16
4920.65386 4.8817e-16
4922.189874 5.3073e-16
4923.725888 5.0648e-16
4925.261902 5.1059e-16
4926.797916 5.0919e-16
4928.33393 5.4235e-16
4929.869944 5.5035e-16
4931.405958 5.6705e-16
4932.941972 4.9943e-16
4934.477986 5.3521e-16
4936.014 5.5628e-16
4937.550014 4.8591e-16
4939.086028 4.9634e-16
4940.622042 5.2893e-16
4942.158056 5.127e-16
4943.69407 5.0461e-16
4945.230084 5.1259e-16
4946.766098 5.1576e-16
4948.302112 5.2407e-16
4949.838126 4.971e-16
4951.37414 5.0433e-16
4952.910154 5.0849e-16
4954.446168 5.1178e-16
4955.982182 5.3782e-16
4957.518196 5.8698e-16
4959.05421 5.5181e-16
4960.590224 5.5497e-16
4962.126238 5.4289e-16
4963.662252 5.3703e-16
4965.198266 4.9439e-16
4966.73428 4.7075e-16
4968.270294 4.9916e-16
4969.806308 5.1288e-16
4971.342322 5.2133e-16
4972.878336 5.711e-16
4974.41435 5.6522e-16
4975.950364 5.6973e-16
4977.486378 5.676e-16
4979.022392 5.2046e-16
4980.558406 5.4925e-16
4982.09442 5.6838e-16
4983.630434 5.5267e-16
4985.166448 5.5606e-16
4986.702462 5.7124e-16
4988.238476 5.32e-16
4989.77449 5.6482e-16
4991.310504 5.0148e-16
4992.846518 5.177e-16
4994.382532 5.5255e-16
4995.918546 5.2874e-16
4997.45456 5.8183e-16
4998.990574 5.868e-16
5000.526588 6.0281e-16
5002.062602 5.8669e-16
5003.598616 5.8275e-16
5005.13463 5.829e-16
5006.670644 5.4205e-16
5008.206658 5.5134e-16
5009.742672 5.42e-16
5011.278686 5.5818e-16
5012.8147 5.3517e-16
5014.350714 5.112e-16
5015.886728 5.1647e-16
5017.422742 5.5615e-16
5018.958756 5.0766e-16
5020.49477 4.9614e-16
5022.030784 5.5548e-16
5023.566798 5.3121e-16
5025.102812 5.2773e-16
5026.638826 4.9429e-16
5028.17484 5.0672e-16
5029.710854 5.054e-16
5031.246868 5.3683e-16
5032.782882 5.6267e-16
5034.318896 5.475e-16
5035.85491 5.3231e-16
5037.390924 5.2494e-16
5038.926938 5.3102e-16
5040.462952 5.0605e-16
5041.998966 4.8643e-16
5043.53498 4.4616e-16
5045.070994 4.3246e-16
5046.607008 4.4943e-16
5048.143022 4.5643e-16
5049.679036 4.5834e-16
5051.21505 4.5122e-16
5052.751064 5.0449e-16
5054.287078 4.8328e-16
5055.823092 4.7855e-16
5057.359106 4.7669e-16
5058.89512 4.6014e-16
5060.431134 5.1354e-16
5061.967148 5.408e-16
5063.503162 5.5936e-16
5065.039176 5.4728e-16
5066.57519 5.9706e-16
5068.111204 5.6523e-16
5069.647218 5.4641e-16
5071.183232 4.9694e-16
5072.719246 4.5951e-16
5074.25526 4.7843e-16
5075.791274 5.308e-16
5077.327288 4.9217e-16
5078.863302 5.3587e-16
5080.399316 5.3489e-16
5081.93533 5.1436e-16
5083.471344 5.2429e-16
5085.007358 5.3427e-16
5086.543372 5.8197e-16
5088.079386 5.7847e-16
5089.6154 5.8284e-16
5091.151414 5.7855e-16
5092.687428 5.4731e-16
5094.223442 5.5844e-16
5095.759456 5.4775e-16
5097.29547 5.5439e-16
5098.831484 5.4267e-16
5100.367498 4.9803e-16
5101.903512 5.6313e-16
5103.439526 5.7103e-16
5104.97554 5.5493e-16
5106.511554 5.0549e-16
5108.047568 5.1138e-16
5109.583582 5.0198e-16
5111.119596 4.893e-16
5112.65561 5.1031e-16
5114.191624 5.1852e-16
5115.727638 6.0342e-16
5117.263652 6.2662e-16
5118.799666 6.3087e-16
5120.33568 5.5294e-16
5121.871694 5.8255e-16
5123.407708 5.7564e-16
5124.943722 5.7898e-16
5126.479736 5.6736e-16
5128.01575 5.8029e-16
5129.551764 5.3481e-16
5131.087778 5.9124e-16
5132.623792 5.8101e-16
5134.159806 6.1947e-16
5135.69582 5.9978e-16
5137.231834 6.1345e-16
5138.767848 5.7001e-16
5140.303862 5.9776e-16
5141.839876 6.0557e-16
5143.37589 6.0237e-16
5144.911904 5.6605e-16
5146.447918 5.324e-16
5147.983932 5.83e-16
5149.519946 5.4843e-16
5151.05596 5.6752e-16
5152.591974 5.4055e-16
5154.127988 5.3887e-16
5155.664002 5.4833e-16
5157.200016 5.8942e-16
5158.73603 5.3702e-16
5160.272044 5.206e-16
5161.808058 5.5598e-16
5163.344072 5.6098e-16
5164.880086 5.6574e-16
5166.4161 5.549e-16
5167.952114 5.0665e-16
5169.488128 5.0271e-16
5171.024142 5.1891e-16
5172.560156 5.1384e-16
5174.09617 5.2189e-16
5175.632184 5.6498e-16
5177.168198 5.0585e-16
5178.704212 5.3909e-16
5180.240226 5.0758e-16
5181.77624 5.5141e-16
5183.312254 5.2519e-16
5184.848268 5.5766e-16
5186.384282 5.1204e-16
5187.920296 5.7671e-16
5189.45631 5.7569e-16
5190.992324 5.4994e-16
5192.528338 5.1246e-16
5194.064352 5.0655e-16
5195.600366 5.3233e-16
5197.13638 5.2556e-16
5198.672394 5.1932e-16
5200.208408 5.3833e-16
5201.744422 5.4039e-16
5203.280436 5.278e-16
5204.81645 5.2137e-16
5206.352464 5.12e-16
5207.888478 5.1786e-16
5209.424492 5.5849e-16
5210.960506 5.0831e-16
5212.49652 4.7371e-16
5214.032534 5.5978e-16
5215.568548 5.5969e-16
5217.104562 5.7496e-16
5218.640576 5.9168e-16
5220.17659 5.5914e-16
5221.712604 5.5509e-16
5223.248618 5.3063e-16
5224.784632 5.7049e-16
5226.320646 5.4913e-16
5227.85666 5.1799e-16
5229.392674 5.1098e-16
5230.928688 4.8327e-16
5232.464702 5.1622e-16
5234.000716 5.2436e-16
5235.53673 5.7664e-16
5237.072744 5.4219e-16
5238.608758 5.5006e-16
5240.144772 5.6264e-16
5241.680786 6.0174e-16
5243.2168 4.9971e-16
5244.752814 4.8348e-16
5246.288828 5.4659e-16
5247.824842 5.7503e-16
5249.360856 6.1801e-16
5250.89687 6.0073e-16
5252.432884 6.0528e-16
5253.968898 6.1517e-16
5255.504912 5.6736e-16
5257.040926 5.4295e-16
5258.57694 5.8194e-16
5260.112954 5.5419e-16
5261.648968 6.0218e-16
5263.184982 6.1793e-16
5264.720996 6.0302e-16
5266.25701 5.8479e-16
5267.793024 5.6617e-16
5269.329038 5.4701e-16
5270.865052 5.7549e-16
5272.401066 5.2011e-16
5273.93708 6.104e-16
5275.473094 5.3747e-16
5277.009108 4.9558e-16
5278.545122 5.8079e-16
5280.081136 5.4562e-16
5281.61715 5.0389e-16
5283.153164 5.4467e-16
5284.689178 5.8692e-16
5286.225192 5.6755e-16
5287.761206 5.7403e-16
5289.29722 5.6158e-16
5290.833234 5.3699e-16
5292.369248 5.3416e-16
5293.905262 5.3951e-16
5295.441276 5.1289e-16
5296.97729 5.8269e-16
5298.513304 5.0443e-16
5300.049318 5.1114e-16
5301.585332 5.2833e-16
5303.121346 5.4377e-16
5304.65736 5.27e-16
5306.193374 5.8688e-16
5307.729388 6.1007e-16
5309.265402 6.0266e-16
5310.801416 5.791e-16
5312.33743 5.7613e-16
5313.873444 6.0278e-16
5315.409458 5.2807e-16
5316.945472 5.548e-16
5318.481486 4.6284e-16
5320.0175 5.5917e-16
5321.553514 5.5133e-16
5323.089528 4.8982e-16
5324.625542 5.2891e-16
5326.161556 5.4616e-16
5327.69757 5.4041e-16
5329.233584 5.1658e-16
5330.769598 5.3386e-16
5332.305612 5.2062e-16
5333.841626 5.055e-16
5335.37764 4.9004e-16
5336.913654 5.2233e-16
5338.449668 5.5867e-16
5339.985682 4.571e-16
5341.521696 4.6979e-16
5343.05771 5.3978e-16
5344.593724 4.8005e-16
5346.129738 4.7372e-16
5347.665752 5.1586e-16
5349.201766 5.3466e-16
5350.73778 5.8889e-16
5352.273794 5.5139e-16
5353.809808 5.2333e-16
5355.345822 5.2157e-16
5356.881836 4.5845e-16
5358.41785 4.87e-16
5359.953864 4.737e-16
5361.489878 5.017e-16
5363.025892 4.4023e-16
5364.561906 4.3599e-16
5366.09792 3.439e-16
5367.633934 3.7377e-16
5369.169948 3.5932e-16
5370.705962 3.0704e-16
5372.241976 3.2374e-16
5373.77799 3.8679e-16
5375.314004 4.3592e-16
5376.850018 3.6429e-16
5378.386032 4.3277e-16
5379.922046 3.9255e-16
5381.45806 4.0158e-16
5382.994074 3.843e-16
5384.530088 4.3625e-16
5386.066102 4.2152e-16
5387.602116 3.9899e-16
5389.13813 4.3676e-16
5390.674144 4.6526e-16
5392.210158 4.5606e-16
5393.746172 4.6367e-16
5395.282186 5.3831e-16
5396.8182 5.3757e-16
5398.354214 4.8295e-16
5399.890228 4.2559e-16
5401.426242 4.7487e-16
5402.962256 4.9807e-16
5404.49827 4.6125e-16
5406.034284 4.4439e-16
5407.570298 4.8442e-16
5409.106312 4.1461e-16
5410.642326 4.8265e-16
5412.17834 5.1681e-16
5413.714354 4.7137e-16
5415.250368 5.3202e-16
5416.786382 5.1149e-16
5418.322396 5.6227e-16
5419.85841 5.8533e-16
5421.394424 5.421e-16
5422.930438 5.563e-16
5424.466452 5.1084e-16
5426.002466 5.2551e-16
5427.53848 4.9826e-16
5429.074494 4.5674e-16
5430.610508 5.7577e-16
5432.146522 5.1769e-16
5433.682536 5.367e-16
5435.21855 5.5547e-16
5436.754564 5.1845e-16
5438.290578 5.7378e-16
5439.826592 5.8989e-16
5441.362606 5.8604e-16
5442.89862 5.088e-16
5444.434634 5.2437e-16
5445.970648 5.5071e-16
5447.506662 5.3874e-16
5449.042676 5.4942e-16
5450.57869 5.3239e-16
5452.114704 5.3949e-16
5453.650718 5.3253e-16
5455.186732 6.0974e-16
5456.722746 5.3078e-16
5458.25876 6.2043e-16
5459.794774 5.9428e-16
5461.330788 5.6491e-16
5462.866802 4.2352e-16
5464.402816 4.4903e-16
5465.93883 4.1083e-16
5467.474844 5.2053e-16
5469.010858 4.9227e-16
5470.546872 4.7853e-16
5472.082886 5.1732e-16
5473.6189 5.2406e-16
5475.154914 5.8571e-16
5476.690928 6.2389e-16
5478.226942 5.8823e-16
5479.762956 5.992e-16
5481.29897 6.6669e-16
5482.834984 6.2074e-16
5484.370998 5.8894e-16
5485.907012 6.6692e-16
5487.443026 6.8439e-16
5488.97904 6.6918e-16
5490.515054 7.1818e-16
5492.051068 6.6251e-16
5493.587082 5.9634e-16
5495.123096 6.3648e-16
5496.65911 6.2534e-16
5498.195124 5.914e-16
5499.731138 5.5376e-16
5501.267152 5.047e-16
5502.803166 5.0641e-16
5504.33918 5.3923e-16
5505.875194 5.3e-16
5507.411208 5.452e-16
5508.947222 5.549e-16
5510.483236 5.8056e-16
5512.01925 6.5603e-16
5513.555264 6.8782e-16
5515.091278 6.5184e-16
5516.627292 6.286e-16
5518.163306 5.7205e-16
5519.69932 5.6169e-16
5521.235334 5.856e-16
5522.771348 5.4419e-16
5524.307362 5.4874e-16
5525.843376 5.6059e-16
5527.37939 5.6017e-16
5528.915404 5.5132e-16
5530.451418 5.0006e-16
5531.987432 5.1533e-16
5533.523446 5.2392e-16
5535.05946 5.4553e-16
5536.595474 6.0204e-16
5538.131488 5.9023e-16
5539.667502 6.2922e-16
5541.203516 5.9347e-16
5542.73953 5.6662e-16
5544.275544 5.9536e-16
5545.811558 5.9326e-16
5547.347572 5.9202e-16
5548.883586 5.7126e-16
5550.4196 5.7983e-16
5551.955614 6.6446e-16
5553.491628 6.3399e-16
5555.027642 6.7481e-16
5556.563656 7.2291e-16
5558.09967 7.0617e-16
5559.635684 6.9969e-16
5561.171698 6.8112e-16
5562.707712 6.7723e-16
5564.243726 7.2519e-16
5565.77974 6.9012e-16
5567.315754 6.4379e-16
5568.851768 6.6299e-16
5570.387782 6.4683e-16
5571.923796 5.9935e-16
5573.45981 6.4278e-16
5574.995824 6.5573e-16
5576.531838 5.6727e-16
5578.067852 5.8743e-16
5579.603866 6.2984e-16
5581.13988 6.4873e-16
5582.675894 6.7443e-16
5584.211908 7.3851e-16
5585.747922 6.9475e-16
5587.283936 6.3281e-16
5588.81995 6.7127e-16
5590.355964 7.2334e-16
5591.891978 6.3209e-16
5593.427992 6.2516e-16
5594.964006 7.1647e-16
5596.50002 6.8908e-16
5598.036034 6.2089e-16
5599.572048 5.9601e-16
5601.108062 6.0785e-16
5602.644076 6.1672e-16
5604.18009 6.5233e-16
5605.716104 6.4806e-16
5607.252118 6.173e-16
5608.788132 6.1754e-16
5610.324146 5.9598e-16
5611.86016 6.3052e-16
5613.396174 6.4967e-16
5614.932188 6.4751e-16
5616.468202 6.0396e-16
5618.004216 5.9641e-16
5619.54023 6.7927e-16
5621.076244 7.0534e-16
5622.612258 6.0909e-16
5624.148272 6.098e-16
5625.684286 6.7365e-16
5627.2203 7.0889e-16
5628.756314 6.7983e-16
5630.292328 6.5975e-16
5631.828342 6.3817e-16
5633.364356 6.0228e-16
5634.90037 6.2956e-16
5636.436384 6.7331e-16
5637.972398 6.5265e-16
5639.508412 6.2437e-16
5641.044426 6.451e-16
5642.58044 6.6211e-16
5644.116454 6.6508e-16
5645.652468 6.526e-16
5647.188482 6.0232e-16
5648.724496 6.0444e-16
5650.26051 6.3276e-16
5651.796524 5.5159e-16
5653.332538 5.7146e-16
5654.868552 6.262e-16
5656.404566 6.1265e-16
5657.94058 6.0944e-16
5659.476594 6.2606e-16
5661.012608 6.0822e-16
5662.548622 6.0665e-16
5664.084636 6.5857e-16
5665.62065 6.1374e-16
5667.156664 5.6117e-16
5668.692678 6.4891e-16
5670.228692 6.0356e-16
5671.764706 5.8184e-16
5673.30072 6.164e-16
5674.836734 5.9769e-16
5676.372748 6.1575e-16
5677.908762 6.0257e-16
5679.444776 5.9779e-16
5680.98079 6.297e-16
5682.516804 5.7645e-16
5684.052818 5.5356e-16
5685.588832 6.0303e-16
5687.124846 6.4585e-16
5688.66086 6.1278e-16
5690.196874 5.417e-16
5691.732888 5.9899e-16
5693.268902 6.6897e-16
5694.804916 6.7028e-16
5696.34093 6.1307e-16
5697.876944 5.8394e-16
5699.412958 6.185e-16
5700.948972 6.4178e-16
5702.484986 6.0489e-16
5704.021 5.8981e-16
5705.557014 5.3852e-16
5707.093028 5.9572e-16
5708.629042 6.9045e-16
5710.165056 6.9206e-16
5711.70107 6.6482e-16
5713.237084 6.5745e-16
5714.773098 5.7943e-16
5716.309112 5.9111e-16
5717.845126 6.1272e-16
5719.38114 6.2728e-16
5720.917154 6.2665e-16
5722.453168 6.489e-16
5723.989182 6.5937e-16
5725.525196 6.562e-16
5727.06121 6.5124e-16
5728.597224 6.2874e-16
5730.133238 6.1947e-16
5731.669252 6.4974e-16
5733.205266 6.6107e-16
5734.74128 6.1159e-16
5736.277294 5.9522e-16
5737.813308 6.3439e-16
5739.349322 6.4617e-16
5740.885336 6.5022e-16
5742.42135 6.2317e-16
5743.957364 6.0797e-16
5745.493378 6.2729e-16
5747.029392 6.3589e-16
5748.565406 6.2873e-16
5750.10142 6.0731e-16
5751.637434 6.2008e-16
5753.173448 6.4953e-16
5754.709462 6.2031e-16
5756.245476 5.9543e-16
5757.78149 6.3324e-16
5759.317504 6.6339e-16
5760.853518 6.3804e-16
5762.389532 6.3821e-16
5763.925546 6.5766e-16
5765.46156 6.481e-16
5766.997574 6.6184e-16
5768.533588 6.281e-16
5770.069602 6.2785e-16
5771.605616 6.6116e-16
5773.14163 6.5509e-16
5774.677644 6.4447e-16
5776.213658 6.0295e-16
5777.749672 6.1695e-16
5779.285686 6.9538e-16
5780.8217 6.8866e-16
5782.357714 6.1492e-16
5783.893728 5.9187e-16
5785.429742 5.9103e-16
5786.965756 5.8317e-16
5788.50177 6.0739e-16
5790.037784 6.3623e-16
5791.573798 6.5319e-16
5793.109812 6.4063e-16
5794.645826 6.2082e-16
5796.18184 5.9543e-16
5797.717854 5.9351e-16
5799.253868 5.9816e-16
5800.789882 5.769e-16
5802.325896 6.0911e-16
5803.86191 6.3914e-16
5805.397924 6.3602e-16
5806.933938 6.4076e-16
5808.469952 6.1498e-16
5810.005966 5.9251e-16
5811.54198 5.8375e-16
5813.077994 5.6413e-16
5814.614008 5.9594e-16
5816.150022 6.2229e-16
5817.686036 6.1606e-16
5819.22205 6.4286e-16
5820.758064 6.3321e-16
5822.294078 6.4075e-16
5823.830092 6.2548e-16
5825.366106 5.8434e-16
5826.90212 5.551e-16
5828.438134 6.0672e-16
5829.974148 6.3267e-16
5831.510162 6.1295e-16
5833.046176 6.1217e-16
5834.58219 6.4735e-16
5836.118204 6.275e-16
5837.654218 5.817e-16
5839.190232 6.4975e-16
5840.726246 6.7443e-16
5842.26226 6.1835e-16
5843.798274 6.1799e-16
5845.334288 6.1362e-16
5846.870302 6.1715e-16
5848.406316 6.2406e-16
5849.94233 6.099e-16
5851.478344 5.915e-16
5853.014358 6.1302e-16
5854.550372 5.8586e-16
5856.086386 5.8684e-16
5857.6224 5.9101e-16
5859.158414 6.1811e-16
5860.694428 6.0451e-16
5862.230442 6.0448e-16
5863.766456 6.7063e-16
5865.30247 6.802e-16
5866.838484 6.3289e-16
5868.374498 6.0405e-16
5869.910512 5.9091e-16
5871.446526 5.9314e-16
5872.98254 6.0649e-16
5874.518554 6.3768e-16
5876.054568 6.0721e-16
5877.590582 5.8504e-16
5879.126596 6.3402e-16
5880.66261 6.9176e-16
5882.198624 6.0777e-16
5883.734638 5.4899e-16
5885.270652 6.1766e-16
5886.806666 6.9508e-16
5888.34268 6.8408e-16
5889.878694 6.9079e-16
5891.414708 7.1983e-16
5892.950722 6.8711e-16
5894.486736 6.3771e-16
5896.02275 6.3717e-16
5897.558764 6.2103e-16
5899.094778 6.254e-16
5900.630792 6.55e-16
5902.166806 6.7146e-16
5903.70282 6.485e-16
5905.238834 6.4706e-16
5906.774848 6.7908e-16
5908.310862 6.7852e-16
5909.846876 6.711e-16
5911.38289 6.8849e-16
5912.918904 6.7238e-16
5914.454918 6.4126e-16
5915.990932 6.555e-16
5917.526946 6.5354e-16
5919.06296 5.8447e-16
5920.598974 5.32e-16
5922.134988 5.4067e-16
5923.671002 5.8043e-16
5925.207016 6.4674e-16
5926.74303 6.304e-16
5928.279044 6.1176e-16
5929.815058 6.7055e-16
5931.351072 6.834e-16
5932.887086 6.4898e-16
5934.4231 6.7301e-16
5935.959114 7.097e-16
5937.495128 6.9619e-16
5939.031142 6.6346e-16
5940.567156 6.6774e-16
5942.10317 7.2231e-16
5943.639184 7.5834e-16
5945.175198 7.2958e-16
5946.711212 6.7575e-16
5948.247226 6.6224e-16
5949.78324 6.556e-16
5951.319254 6.9665e-16
5952.855268 7.3129e-16
5954.391282 7.014e-16
5955.927296 6.9664e-16
5957.46331 7.1831e-16
5958.999324 7.1736e-16
5960.535338 7.0192e-16
5962.071352 6.9524e-16
5963.607366 7.0519e-16
5965.14338 6.949e-16
5966.679394 6.7855e-16
5968.215408 6.6029e-16
5969.751422 6.5658e-16
5971.287436 6.5083e-16
5972.82345 6.6086e-16
5974.359464 6.8605e-16
5975.895478 6.7682e-16
5977.431492 7.3121e-16
5978.967506 7.1417e-16
5980.50352 6.4974e-16
5982.039534 6.5234e-16
5983.575548 6.6848e-16
5985.111562 7.1793e-16
5986.647576 7.8998e-16
5988.18359 7.6249e-16
5989.719604 7.0777e-16
5991.255618 6.9829e-16
5992.791632 6.7744e-16
5994.327646 6.7218e-16
5995.86366 7.0075e-16
5997.399674 7.0053e-16
5998.935688 7.0785e-16
6000.471702 6.6755e-16
6002.007716 6.0214e-16
6003.54373 6.1925e-16
6005.079744 6.402e-16
6006.615758 6.4943e-16
6008.151772 6.7639e-16
6009.687786 6.7473e-16
6011.2238 6.8326e-16
6012.759814 6.9887e-16
6014.295828 7.0097e-16
6015.831842 6.8962e-16
6017.367856 6.9471e-16
6018.90387 6.9911e-16
6020.439884 7.1756e-16
6021.975898 7.2301e-16
6023.511912 7.2838e-16
6025.047926 7.3239e-16
6026.58394 6.9647e-16
6028.119954 6.9445e-16
6029.655968 6.7031e-16
6031.191982 6.7279e-16
6032.727996 6.9277e-16
6034.26401 6.5518e-16
6035.800024 6.494e-16
6037.336038 6.9639e-16
6038.872052 7.2536e-16
6040.408066 7.0636e-16
6041.94408 6.8238e-16
6043.480094 6.7545e-16
6045.016108 6.7671e-16
6046.552122 6.5279e-16
6048.088136 6.8185e-16
6049.62415 7.1054e-16
6051.160164 6.9566e-16
6052.696178 7.0961e-16
6054.232192 6.7871e-16
6055.768206 6.1897e-16
6057.30422 6.7228e-16
6058.840234 7.2104e-16
6060.376248 6.8517e-16
6061.912262 6.9747e-16
6063.448276 6.9361e-16
6064.98429 6.4728e-16
6066.520304 6.714e-16
6068.056318 7.0503e-16
6069.592332 6.5428e-16
6071.128346 6.4024e-16
6072.66436 6.6673e-16
6074.200374 6.6796e-16
6075.736388 6.4577e-16
6077.272402 6.3437e-16
6078.808416 6.6863e-16
6080.34443 6.6436e-16
6081.880444 6.3133e-16
6083.416458 6.4375e-16
6084.952472 6.7546e-16
6086.488486 6.8421e-16
6088.0245 6.4018e-16
6089.560514 6.4825e-16
6091.096528 7.0528e-16
6092.632542 6.803e-16
6094.168556 6.7033e-16
6095.70457 6.5393e-16
6097.240584 6.2681e-16
6098.776598 6.4366e-16
6100.312612 6.8156e-16
6101.848626 6.6356e-16
6103.38464 6.5038e-16
6104.920654 6.0647e-16
6106.456668 5.6926e-16
6107.992682 5.7154e-16
6109.528696 5.686e-16
6111.06471 5.8862e-16
6112.600724 5.5128e-16
6114.136738 4.9469e-16
6115.672752 5.3801e-16
6117.208766 5.7046e-16
6118.74478 5.709e-16
6120.280794 5.9011e-16
6121.816808 5.8855e-16
6123.352822 5.8653e-16
6124.888836 6.2254e-16
6126.42485 6.352e-16
6127.960864 6.5688e-16
6129.496878 6.9051e-16
6131.032892 6.7314e-16
6132.568906 6.7005e-16
6134.10492 6.8491e-16
6135.640934 6.6044e-16
6137.176948 6.4689e-16
6138.712962 6.789e-16
6140.248976 6.8717e-16
6141.78499 6.8002e-16
6143.321004 6.7888e-16
6144.857018 6.7723e-16
6146.393032 6.3789e-16
6147.929046 6.3471e-16
6149.46506 6.5796e-16
6151.001074 6.5214e-16
6152.537088 6.3263e-16
6154.073102 6.5654e-16
6155.609116 6.6494e-16
6157.14513 6.2743e-16
6158.681144 6.5144e-16
6160.217158 6.8866e-16
6161.753172 7.1361e-16
6163.289186 7.1159e-16
6164.8252 6.5572e-16
6166.361214 6.614e-16
6167.897228 6.8279e-16
6169.433242 6.6838e-16
6170.969256 6.4245e-16
6172.50527 6.3618e-16
6174.041284 6.7003e-16
6175.577298 6.8581e-16
6177.113312 6.873e-16
6178.649326 6.8835e-16
6180.18534 6.7457e-16
6181.721354 6.6944e-16
6183.257368 6.9386e-16
6184.793382 6.9439e-16
6186.329396 6.8613e-16
6187.86541 6.9573e-16
6189.401424 7.053e-16
6190.937438 6.8732e-16
6192.473452 6.9187e-16
6194.009466 6.8612e-16
6195.54548 6.7401e-16
6197.081494 6.6386e-16
6198.617508 6.89e-16
6200.153522 6.8571e-16
6201.689536 6.3682e-16
6203.22555 6.3919e-16
6204.761564 6.5435e-16
6206.297578 6.5049e-16
6207.833592 6.5607e-16
6209.369606 6.5123e-16
6210.90562 6.4029e-16
6212.441634 6.6195e-16
6213.977648 6.8658e-16
6215.513662 6.8622e-16
6217.049676 6.8701e-16
6218.58569 6.8971e-16
6220.121704 6.8221e-16
6221.657718 6.9727e-16
6223.193732 6.8992e-16
6224.729746 6.4177e-16
6226.26576 6.4105e-16
6227.801774 6.7736e-16
6229.337788 6.8303e-16
6230.873802 6.752e-16
6232.409816 6.793e-16
6233.94583 6.7051e-16
6235.481844 6.5434e-16
6237.017858 6.9045e-16
6238.553872 7.3087e-16
6240.089886 6.9074e-16
6241.6259 6.7515e-16
6243.161914 6.6301e-16
6244.697928 6.571e-16
6246.233942 6.6895e-16
6247.769956 6.5718e-16
6249.30597 6.5828e-16
6250.841984 6.5469e-16
6252.377998 6.8086e-16
6253.914012 7.1362e-16
6255.450026 7.4293e-16
6256.98604 7.4259e-16
6258.522054 7.503e-16
6260.058068 7.5752e-16
6261.594082 7.3047e-16
6263.130096 6.8112e-16
6264.66611 6.5016e-16
6266.202124 6.9078e-16
6267.738138 7.4862e-16
6269.274152 7.1753e-16
6270.810166 7.0538e-16
6272.34618 6.9108e-16
6273.882194 7.5954e-16
6275.418208 7.9883e-16
6276.954222 7.7282e-16
6278.490236 7.5554e-16
6280.02625 7.2771e-16
6281.562264 7.0781e-16
6283.098278 6.9791e-16
6284.634292 6.9376e-16
6286.170306 6.8497e-16
6287.70632 6.7049e-16
6289.242334 6.8238e-16
6290.778348 6.8011e-16
6292.314362 6.8098e-16
6293.850376 6.9431e-16
6295.38639 7.0008e-16
6296.922404 6.8667e-16
6298.458418 7.1823e-16
6299.994432 7.1888e-16
6301.530446 7.5547e-16
6303.06646 7.502e-16
6304.602474 7.362e-16
6306.138488 7.5711e-16
6307.674502 7.4089e-16
6309.210516 7.2891e-16
6310.74653 7.3476e-16
6312.282544 6.9558e-16
6313.818558 6.7578e-16
6315.354572 7.1818e-16
6316.890586 7.2479e-16
6318.4266 7.2017e-16
6319.962614 7.3444e-16
6321.498628 7.1778e-16
6323.034642 7.0583e-16
6324.570656 7.1839e-16
6326.10667 6.9411e-16
6327.642684 6.6834e-16
6329.178698 6.803e-16
6330.714712 7.0366e-16
6332.250726 6.9645e-16
6333.78674 6.7863e-16
6335.322754 6.7723e-16
6336.858768 6.9789e-16
6338.394782 7.3196e-16
6339.930796 7.2719e-16
6341.46681 7.0264e-16
6343.002824 6.9845e-16
6344.538838 7.2187e-16
6346.074852 7.3303e-16
6347.610866 7.3822e-16
6349.14688 7.2322e-16
6350.682894 6.8915e-16
6352.218908 7.0345e-16
6353.754922 7.3076e-16
6355.290936 7.1984e-16
6356.82695 7.221e-16
6358.362964 7.161e-16
6359.898978 6.8671e-16
6361.434992 6.8786e-16
6362.971006 6.7419e-16
6364.50702 6.7107e-16
6366.043034 6.7304e-16
6367.579048 6.6546e-16
6369.115062 7.0349e-16
6370.651076 7.0432e-16
6372.18709 7.0054e-16
6373.723104 7.116e-16
6375.259118 6.9668e-16
6376.795132 6.9797e-16
6378.331146 7.1098e-16
6379.86716 6.9043e-16
6381.403174 6.7651e-16
6382.939188 7.2921e-16
6384.475202 7.5015e-16
6386.011216 7.0945e-16
6387.54723 6.9826e-16
6389.083244 6.7788e-16
6390.619258 6.5303e-16
6392.155272 6.569e-16
6393.691286 6.4955e-16
6395.2273 6.4228e-16
6396.763314 6.6527e-16
6398.299328 6.827e-16
6399.835342 7.0386e-16
6401.371356 7.1005e-16
6402.90737 6.7441e-16
6404.443384 6.6906e-16
6405.979398 6.869e-16
6407.515412 6.6452e-16
6409.051426 6.3254e-16
6410.58744 6.4998e-16
6412.123454 6.9066e-16
6413.659468 6.7864e-16
6415.195482 6.5768e-16
6416.731496 6.8444e-16
6418.26751 6.9341e-16
6419.803524 6.594e-16
6421.339538 6.747e-16
6422.875552 6.8026e-16
6424.411566 6.7919e-16
6425.94758 6.9861e-16
6427.483594 7.0064e-16
6429.019608 6.8694e-16
6430.555622 6.8898e-16
6432.091636 7.096e-16
6433.62765 7.1747e-16
6435.163664 7.0515e-16
6436.699678 6.9834e-16
6438.235692 7.026e-16
6439.771706 7.0093e-16
6441.30772 7.1348e-16
6442.843734 6.9545e-16
6444.379748 6.7409e-16
6445.915762 6.5385e-16
6447.451776 6.4432e-16
6448.98779 6.5407e-16
6450.523804 6.523e-16
6452.059818 6.8137e-16
6453.595832 7.2597e-16
6455.131846 7.3223e-16
6456.66786 7.109e-16
6458.203874 6.9529e-16
6459.739888 6.8645e-16
6461.275902 6.4328e-16
6462.811916 6.2502e-16
6464.34793 6.3706e-16
6465.883944 6.3376e-16
6467.419958 6.289e-16
6468.955972 6.189e-16
6470.491986 6.2923e-16
6472.028 6.6412e-16
6473.564014 6.3884e-16
6475.100028 6.4731e-16
6476.636042 6.5885e-16
6478.172056 6.3899e-16
6479.70807 6.2556e-16
6481.244084 6.2758e-16
6482.780098 6.4834e-16
6484.316112 6.5602e-16
6485.852126 6.3861e-16
6487.38814 6.5087e-16
6488.924154 6.6567e-16
6490.460168 6.6167e-16
6491.996182 6.6467e-16
6493.532196 6.5094e-16
6495.06821 6.5801e-16
6496.604224 6.6146e-16
6498.140238 6.5622e-16
6499.676252 6.836e-16
6501.212266 6.8631e-16
6502.74828 6.6122e-16
6504.284294 6.5552e-16
6505.820308 6.7016e-16
6507.356322 6.6744e-16
6508.892336 6.941e-16
6510.42835 6.8239e-16
6511.964364 6.6876e-16
6513.500378 6.7309e-16
6515.036392 6.6607e-16
6516.572406 6.5388e-16
6518.10842 6.7888e-16
6519.644434 6.9849e-16
6521.180448 6.8774e-16
6522.716462 7.0834e-16
6524.252476 6.8718e-16
6525.78849 6.7822e-16
6527.324504 6.8549e-16
6528.860518 7.0394e-16
6530.396532 6.9185e-16
6531.932546 6.8188e-16
6533.46856 6.9115e-16
6535.004574 6.9318e-16
6536.540588 6.8125e-16
6538.076602 6.8916e-16
6539.612616 7.2808e-16
6541.14863 7.0935e-16
6542.684644 7.0781e-16
6544.220658 7.5012e-16
6545.756672 7.7728e-16
6547.292686 7.4346e-16
6548.8287 7.7204e-16
6550.364714 7.7563e-16
6551.900728 7.959e-16
6553.436742 8.621e-16
6554.972756 8.7318e-16
6556.50877 8.7903e-16
6558.044784 9.3084e-16
6559.580798 9.8818e-16
6561.116812 9.6477e-16
6562.652826 9.2245e-16
6564.18884 8.8085e-16
6565.724854 9.064e-16
6567.260868 9.011e-16
6568.796882 8.5957e-16
6570.332896 8.1884e-16
6571.86891 7.5552e-16
6573.404924 7.4555e-16
6574.940938 7.4318e-16
6576.476952 7.3825e-16
6578.012966 7.1636e-16
6579.54898 7.1042e-16
6581.084994 7.2373e-16
6582.621008 7.3956e-16
6584.157022 7.4256e-16
6585.693036 7.0873e-16
6587.22905 6.8804e-16
6588.765064 6.9829e-16
6590.301078 6.7663e-16
6591.837092 6.8139e-16
6593.373106 6.9963e-16
6594.90912 7.1047e-16
6596.445134 7.0975e-16
6597.981148 6.8122e-16
6599.517162 6.8555e-16
6601.053176 6.8435e-16
6602.58919 6.5564e-16
6604.125204 6.8095e-16
6605.661218 7.2403e-16
6607.197232 7.2539e-16
6608.733246 7.0269e-16
6610.26926 7.1152e-16
6611.805274 7.0574e-16
6613.341288 7.0505e-16
6614.877302 7.0916e-16
6616.413316 7.1123e-16
6617.94933 7.0722e-16
6619.485344 7.2843e-16
6621.021358 7.4207e-16
6622.557372 7.4079e-16
6624.093386 7.329e-16
6625.6294 7.1613e-16
6627.165414 7.1834e-16
6628.701428 7.6541e-16
6630.237442 7.2981e-16
6631.773456 7.026e-16
6633.30947 7.1484e-16
6634.845484 7.1566e-16
6636.381498 7.2082e-16
6637.917512 7.291e-16
6639.453526 7.4047e-16
6640.98954 7.218e-16
6642.525554 7.4166e-16
6644.061568 7.3554e-16
6645.597582 7.4178e-16
6647.133596 7.3491e-16
6648.66961 7.2371e-16
6650.205624 7.322e-16
6651.741638 7.1747e-16
6653.277652 7.0969e-16
6654.813666 7.0465e-16
6656.34968 7.1429e-16
6657.885694 7.3223e-16
6659.421708 7.2324e-16
6660.957722 7.1366e-16
6662.493736 7.068e-16
6664.02975 6.6965e-16
6665.565764 6.8533e-16
6667.101778 6.8097e-16
6668.637792 6.952e-16
6670.173806 7.4219e-16
6671.70982 7.365e-16
6673.245834 7.4098e-16
6674.781848 7.3053e-16
6676.317862 7.2666e-16
6677.853876 7.0564e-16
6679.38989 6.9536e-16
6680.925904 7.0986e-16
6682.461918 7.1837e-16
6683.997932 6.9293e-16
6685.533946 6.9931e-16
6687.06996 7.0955e-16
6688.605974 6.9861e-16
6690.141988 7.0122e-16
6691.678002 6.9428e-16
6693.214016 6.9305e-16
6694.75003 7.1192e-16
6696.286044 7.1694e-16
6697.822058 7.2348e-16
6699.358072 7.1733e-16
6700.894086 7.0659e-16
6702.4301 7.016e-16
6703.966114 7.1395e-16
6705.502128 6.9097e-16
6707.038142 6.9963e-16
6708.574156 7.0828e-16
6710.11017 7.0215e-16
6711.646184 7.1994e-16
6713.182198 7.6125e-16
6714.718212 7.6606e-16
6716.254226 6.9416e-16
6717.79024 6.478e-16
6719.326254 6.7993e-16
6720.862268 6.8337e-16
6722.398282 6.8646e-16
6723.934296 6.9654e-16
6725.47031 6.7549e-16
6727.006324 6.9142e-16
6728.542338 7.3409e-16
6730.078352 7.3288e-16
6731.614366 7.1387e-16
6733.15038 7.1344e-16
6734.686394 7.1042e-16
6736.222408 6.8792e-16
6737.758422 6.6091e-16
6739.294436 6.7309e-16
6740.83045 7.0072e-16
6742.366464 6.6808e-16
6743.902478 6.3812e-16
6745.438492 6.465e-16
6746.974506 6.5749e-16
6748.51052 6.7002e-16
6750.046534 6.914e-16
6751.582548 7.041e-16
6753.118562 7.0704e-16
6754.654576 6.9658e-16
6756.19059 7.1263e-16
6757.726604 7.0409e-16
6759.262618 7.0585e-16
6760.798632 7.0306e-16
6762.334646 7.0084e-16
6763.87066 7.1105e-16
6765.406674 7.2172e-16
6766.942688 7.1229e-16
6768.478702 6.7205e-16
6770.014716 6.731e-16
6771.55073 7.228e-16
6773.086744 7.2894e-16
6774.622758 6.9876e-16
6776.158772 6.7131e-16
6777.694786 6.7002e-16
6779.2308 6.7818e-16
6780.766814 6.722e-16
6782.302828 7.0265e-16
6783.838842 7.1404e-16
6785.374856 7.148e-16
6786.91087 7.4088e-16
6788.446884 7.2116e-16
6789.982898 6.92e-16
6791.518912 6.8518e-16
6793.054926 6.7951e-16
6794.59094 6.9728e-16
6796.126954 7.2447e-16
6797.662968 7.3994e-16
6799.198982 7.0769e-16
6800.734996 6.7319e-16
6802.27101 5.8556e-16
6803.807024 5.3546e-16
6805.343038 5.1895e-16
6806.879052 5.4246e-16
6808.415066 5.6188e-16
6809.95108 5.9181e-16
6811.487094 6.0584e-16
6813.023108 6.0478e-16
6814.559122 6.3002e-16
6816.095136 6.5432e-16
6817.63115 6.7311e-16
6819.167164 6.8147e-16
6820.703178 7.0861e-16
6822.239192 6.9449e-16
6823.775206 7.109e-16
6825.31122 7.4137e-16
6826.847234 7.185e-16
6828.383248 7.0354e-16
6829.919262 7.3955e-16
6831.455276 8.0144e-16
6832.99129 8.1022e-16
6834.527304 7.9899e-16
6836.063318 7.9361e-16
6837.599332 7.9065e-16
6839.135346 7.7275e-16
6840.67136 7.3257e-16
6842.207374 7.1516e-16
6843.743388 7.1936e-16
6845.279402 7.3773e-16
6846.815416 7.4943e-16
6848.35143 7.4638e-16
6849.887444 7.4535e-16
6851.423458 7.4408e-16
6852.959472 7.284e-16
6854.495486 7.2354e-16
6856.0315 7.1789e-16
6857.567514 7.028e-16
6859.103528 7.3356e-16
6860.639542 7.4582e-16
6862.175556 7.5846e-16
6863.71157 7.9082e-16
6865.247584 7.8985e-16
6866.783598 7.6699e-16
6868.319612 7.4711e-16
6869.855626 7.978e-16
6871.39164 8.1449e-16
6872.927654 7.7517e-16
6874.463668 7.4287e-16
6875.999682 7.3278e-16
6877.535696 7.4694e-16
6879.07171 7.3313e-16
6880.607724 7.4294e-16
6882.143738 7.5499e-16
6883.679752 7.4218e-16
6885.215766 7.5909e-16
6886.75178 7.8044e-16
6888.287794 7.6962e-16
6889.823808 7.4328e-16
6891.359822 7.6732e-16
6892.895836 7.7506e-16
6894.43185 7.6822e-16
6895.967864 7.565e-16
6897.503878 7.3376e-16
6899.039892 7.4151e-16
6900.575906 7.3254e-16
6902.11192 7.3561e-16
6903.647934 7.6449e-16
6905.183948 7.3753e-16
6906.719962 7.1703e-16
6908.255976 7.0989e-16
6909.79199 7.084e-16
6911.328004 7.1209e-16
6912.864018 6.8696e-16
6914.400032 6.9159e-16
6915.936046 7.2688e-16
6917.47206 7.1968e-16
6919.008074 7.0114e-16
6920.544088 7.1419e-16
6922.080102 7.3901e-16
6923.616116 7.3409e-16
6925.15213 7.3703e-16
6926.688144 7.2311e-16
6928.224158 6.9917e-16
6929.760172 7.2583e-16
6931.296186 7.2827e-16
6932.8322 7.0781e-16
6934.368214 6.844e-16
6935.904228 7.0509e-16
6937.440242 7.4946e-16
6938.976256 7.53e-16
6940.51227 7.2559e-16
6942.048284 7.2333e-16
6943.584298 7.3714e-16
6945.120312 7.2543e-16
6946.656326 7.2221e-16
6948.19234 7.2792e-16
6949.728354 7.3741e-16
6951.264368 7.3545e-16
6952.800382 7.3099e-16
6954.336396 7.3006e-16
6955.87241 7.4029e-16
6957.408424 7.2293e-16
6958.944438 7.002e-16
6960.480452 6.9912e-16
6962.016466 7.0436e-16
6963.55248 6.8552e-16
6965.088494 6.8831e-16
6966.624508 6.9469e-16
6968.160522 6.9158e-16
6969.696536 7.1285e-16
6971.23255 7.2654e-16
6972.768564 7.1968e-16
6974.304578 7.0416e-16
6975.840592 7.2126e-16
6977.376606 7.2447e-16
6978.91262 7.2487e-16
6980.448634 7.3181e-16
6981.984648 7.1577e-16
6983.520662 7.0602e-16
6985.056676 6.9698e-16
6986.59269 7.0566e-16
6988.128704 7.0612e-16
6989.664718 7.0001e-16
6991.200732 6.9595e-16
6992.736746 6.8587e-16
6994.27276 6.9453e-16
6995.808774 7.0704e-16
6997.344788 6.8608e-16
6998.880802 6.7366e-16
7000.416816 6.9433e-16
7001.95283 6.9557e-16
7003.488844 7.0382e-16
7005.024858 7.1483e-16
7006.560872 6.9501e-16
7008.096886 7.0924e-16
7009.6329 7.239e-16
7011.168914 7.1138e-16
7012.704928 7.084e-16
7014.240942 7.1189e-16
7015.776956 7.0972e-16
7017.31297 7.2862e-16
7018.848984 7.0507e-16
7020.384998 6.8733e-16
7021.921012 6.9485e-16
7023.457026 6.8565e-16
7024.99304 7.0093e-16
7026.529054 7.1708e-16
7028.065068 7.0458e-16
7029.601082 6.9837e-16
7031.137096 6.9291e-16
7032.67311 6.7571e-16
7034.209124 6.9437e-16
7035.745138 7.0939e-16
7037.281152 6.916e-16
7038.817166 6.9047e-16
7040.35318 6.7651e-16
7041.889194 6.7345e-16
7043.425208 6.7689e-16
7044.961222 6.6684e-16
7046.497236 6.7283e-16
7048.03325 6.8799e-16
7049.569264 6.8499e-16
7051.105278 6.861e-16
7052.641292 7.2066e-16
7054.177306 7.0804e-16
7055.71332 6.8189e-16
7057.249334 6.8578e-16
7058.785348 6.9322e-16
7060.321362 6.9067e-16
7061.857376 7.0054e-16
7063.39339 6.9263e-16
7064.929404 6.8932e-16
7066.465418 6.8344e-16
7068.001432 6.9189e-16
7069.537446 7.1477e-16
7071.07346 7.1691e-16
7072.609474 6.9794e-16
7074.145488 7.057e-16
7075.681502 7.1929e-16
7077.217516 7.0673e-16
7078.75353 7.0004e-16
7080.289544 6.8745e-16
7081.825558 6.9599e-16
7083.361572 7.3152e-16
7084.897586 7.5716e-16
7086.4336 7.3476e-16
7087.969614 7.004e-16
7089.505628 6.9387e-16
7091.041642 7.1134e-16
7092.577656 7.1428e-16
7094.11367 6.9998e-16
7095.649684 7.045e-16
7097.185698 7.4043e-16
7098.721712 7.2764e-16
7100.257726 7.0088e-16
7101.79374 7.2538e-16
7103.329754 7.2622e-16
7104.865768 7.238e-16
7106.401782 7.4375e-16
7107.937796 7.4831e-16
7109.47381 7.2191e-16
7111.009824 7.0418e-16
7112.545838 7.1286e-16
7114.081852 7.1891e-16
7115.617866 7.0206e-16
7117.15388 6.8173e-16
7118.689894 6.9853e-16
7120.225908 7.1211e-16
7121.761922 7.3474e-16
7123.297936 7.3515e-16
7124.83395 7.2288e-16
7126.369964 7.3947e-16
7127.905978 7.452e-16
7129.441992 7.2347e-16
7130.978006 7.1798e-16
7132.51402 7.1833e-16
7134.050034 7.067e-16
7135.586048 7.2445e-16
7137.122062 7.1879e-16
7138.658076 7.1362e-16
7140.19409 7.3113e-16
7141.730104 7.412e-16
7143.266118 7.6309e-16
7144.802132 7.8406e-16
7146.338146 7.6655e-16
7147.87416 7.7343e-16
7149.410174 7.9061e-16
7150.946188 7.91e-16
7152.482202 7.8728e-16
7154.018216 7.7495e-16
7155.55423 7.7321e-16
7157.090244 7.7192e-16
7158.626258 7.4572e-16
7160.162272 7.5394e-16
7161.698286 7.836e-16
7163.2343 7.9527e-16
7164.770314 7.8735e-16
7166.306328 7.9116e-16
7167.842342 7.868e-16
7169.378356 7.9385e-16
7170.91437 8.0255e-16
7172.450384 7.7029e-16
7173.986398 7.4764e-16
7175.522412 7.698e-16
7177.058426 8.0666e-16
7178.59444 7.7604e-16
7180.130454 7.4642e-16
7181.666468 7.4419e-16
7183.202482 7.3972e-16
7184.738496 7.6484e-16
7186.27451 7.9986e-16
7187.810524 7.9488e-16
7189.346538 7.6973e-16
7190.882552 7.8073e-16
7192.418566 7.9496e-16
7193.95458 7.8886e-16
7195.490594 7.7854e-16
7197.026608 7.768e-16
7198.562622 7.997e-16
7200.098636 8.0943e-16
7201.63465 7.9978e-16
7203.170664 7.8332e-16
7204.706678 7.7457e-16
7206.242692 7.7826e-16
7207.778706 7.5427e-16
7209.31472 7.4548e-16
7210.850734 7.6915e-16
7212.386748 7.7786e-16
7213.922762 7.4158e-16
7215.458776 7.6263e-16
7216.99479 8.0524e-16
7218.530804 8.1046e-16
7220.066818 7.6917e-16
7221.602832 7.5957e-16
7223.138846 7.7249e-16
7224.67486 7.7825e-16
7226.210874 7.7224e-16
7227.746888 7.7914e-16
7229.282902 8.1101e-16
7230.818916 8.0445e-16
7232.35493 7.749e-16
7233.890944 7.6909e-16
7235.426958 7.7157e-16
7236.962972 7.8474e-16
7238.498986 7.7483e-16
7240.035 7.8412e-16
7241.571014 8.0682e-16
7243.107028 8.2026e-16
7244.643042 7.8202e-16
7246.179056 7.7883e-16
7247.71507 7.9464e-16
7249.251084 8.0603e-16
7250.787098 7.8463e-16
7252.323112 7.6214e-16
7253.859126 7.5864e-16
7255.39514 7.7726e-16
7256.931154 7.8149e-16
7258.467168 7.7793e-16
7260.003182 7.6678e-16
7261.539196 7.8698e-16
7263.07521 7.9757e-16
7264.611224 7.599e-16
7266.147238 7.5728e-16
7267.683252 7.575e-16
7269.219266 7.696e-16
7270.75528 7.6681e-16
7272.291294 7.4533e-16
7273.827308 7.4315e-16
7275.363322 7.6752e-16
7276.899336 7.6761e-16
7278.43535 7.601e-16
7279.971364 7.6189e-16
7281.507378 7.3314e-16
7283.043392 7.2855e-16
7284.579406 7.7514e-16
7286.11542 7.7996e-16
7287.651434 7.6821e-16
7289.187448 7.5897e-16
7290.723462 7.5098e-16
7292.259476 7.7486e-16
7293.79549 7.7542e-16
7295.331504 7.9274e-16
7296.867518 7.9654e-16
7298.403532 7.9132e-16
7299.939546 7.7351e-16
7301.47556 7.701e-16
7303.011574 7.8612e-16
7304.547588 8.1821e-16
7306.083602 7.8914e-16
7307.619616 7.3871e-16
7309.15563 7.7286e-16
7310.691644 7.8908e-16
7312.227658 7.8648e-16
7313.763672 7.6274e-16
7315.299686 7.6916e-16
7316.8357 7.8469e-16
7318.371714 7.5849e-16
7319.907728 7.1949e-16
7321.443742 6.9293e-16
7322.979756 7.0469e-16
7324.51577 7.1661e-16
7326.051784 7.1934e-16
7327.587798 7.1412e-16
7329.123812 7.3354e-16
7330.659826 7.3318e-16
7332.19584 7.1052e-16
7333.731854 7.0229e-16
7335.267868 7.0055e-16
7336.803882 7.1209e-16
7338.339896 7.1881e-16
7339.87591 7.2183e-16
7341.411924 7.2612e-16
7342.947938 6.7136e-16
7344.483952 6.4773e-16
7346.019966 6.9558e-16
7347.55598 7.1533e-16
7349.091994 7.2807e-16
7350.628008 7.4233e-16
7352.164022 7.1111e-16
7353.700036 6.7869e-16
7355.23605 6.8786e-16
7356.772064 6.8543e-16
7358.308078 6.8243e-16
7359.844092 6.8911e-16
7361.380106 6.773e-16
7362.91612 6.859e-16
7364.452134 6.9361e-16
7365.988148 6.8102e-16
7367.524162 6.7876e-16
7369.060176 6.9007e-16
7370.59619 6.9309e-16
7372.132204 7.0754e-16
7373.668218 7.092e-16
7375.204232 7.1e-16
7376.740246 6.8918e-16
7378.27626 6.6436e-16
7379.812274 6.6322e-16
7381.348288 6.899e-16
7382.884302 6.9678e-16
7384.420316 6.9289e-16
7385.95633 7.0217e-16
7387.492344 6.8077e-16
7389.028358 6.7373e-16
7390.564372 6.8194e-16
7392.100386 6.6127e-16
7393.6364 6.6606e-16
7395.172414 6.8336e-16
7396.708428 6.5541e-16
7398.244442 6.6864e-16
7399.780456 6.6155e-16
7401.31647 6.5612e-16
7402.852484 6.9668e-16
7404.388498 7.0743e-16
7405.924512 6.8775e-16
7407.460526 6.7209e-16
7408.99654 6.6536e-16
7410.532554 6.5809e-16
7412.068568 6.651e-16
7413.604582 6.9848e-16
7415.140596 7.1803e-16
7416.67661 6.9489e-16
7418.212624 6.7057e-16
7419.748638 6.6757e-16
7421.284652 6.7472e-16
7422.820666 6.9011e-16
7424.35668 6.8502e-16
7425.892694 6.8153e-16
7427.428708 6.7482e-16
7428.964722 6.749e-16
7430.500736 6.9976e-16
7432.03675 6.9701e-16
7433.572764 6.8544e-16
7435.108778 6.6359e-16
7436.644792 6.5701e-16
7438.180806 6.6743e-16
7439.71682 7.0258e-16
7441.252834 7.3465e-16
7442.788848 7.4285e-16
7444.324862 7.2964e-16
7445.860876 7.1597e-16
7447.39689 7.2164e-16
7448.932904 7.0019e-16
7450.468918 6.8232e-16
7452.004932 6.9869e-16
7453.540946 7.3341e-16
7455.07696 7.1755e-16
7456.612974 6.8361e-16
7458.148988 6.7825e-16
7459.685002 6.7329e-16
7461.221016 6.6838e-16
7462.75703 6.8159e-16
7464.293044 7.0235e-16
7465.829058 7.3707e-16
7467.365072 7.3348e-16
7468.901086 7.1919e-16
7470.4371 7.008e-16
7471.973114 6.7681e-16
7473.509128 6.7016e-16
7475.045142 6.8472e-16
7476.581156 7.0282e-16
7478.11717 7.05e-16
7479.653184 7.3288e-16
7481.189198 7.164e-16
7482.725212 6.6524e-16
7484.261226 6.6952e-16
7485.79724 6.8577e-16
7487.333254 6.9279e-16
7488.869268 6.8915e-16
7490.405282 7.0674e-16
7491.941296 7.1538e-16
7493.47731 7.309e-16
7495.013324 7.3034e-16
7496.549338 7.1197e-16
7498.085352 7.066e-16
7499.621366 7.1287e-16
7501.15738 7.1139e-16
7502.693394 7.0235e-16
7504.229408 7.0952e-16
7505.765422 7.2241e-16
7507.301436 7.2624e-16
7508.83745 7.2348e-16
7510.373464 7.3084e-16
7511.909478 7.3369e-16
7513.445492 7.1919e-16
7514.981506 7.2164e-16
7516.51752 7.3361e-16
7518.053534 7.6103e-16
7519.589548 7.5955e-16
7521.125562 7.286e-16
7522.661576 7.2255e-16
7524.19759 7.2433e-16
7525.733604 7.0465e-16
7527.269618 6.8626e-16
7528.805632 7.1959e-16
7530.341646 7.3973e-16
7531.87766 7.2077e-16
7533.413674 7.1655e-16
7534.949688 7.0588e-16
7536.485702 6.884e-16
7538.021716 6.9305e-16
7539.55773 7.2042e-16
7541.093744 7.3703e-16
7542.629758 7.1818e-16
7544.165772 7.0327e-16
7545.701786 6.9871e-16
7547.2378 6.9376e-16
7548.773814 7.0584e-16
7550.309828 7.2709e-16
7551.845842 7.2482e-16
7553.381856 7.2574e-16
7554.91787 7.283e-16
7556.453884 7.3594e-16
7557.989898 7.2917e-16
7559.525912 7.2287e-16
7561.061926 7.2618e-16
7562.59794 7.1426e-16
7564.133954 6.8968e-16
7565.669968 6.7856e-16
7567.205982 7.0549e-16
7568.741996 7.367e-16
7570.27801 7.6538e-16
7571.814024 7.8274e-16
7573.350038 7.7285e-16
7574.886052 7.734e-16
7576.422066 7.6768e-16
7577.95808 7.5808e-16
7579.494094 7.7126e-16
7581.030108 7.75e-16
7582.566122 7.733e-16
7584.102136 7.5605e-16
7585.63815 7.351e-16
7587.174164 7.7733e-16
7588.710178 8.3142e-16
7590.246192 8.5364e-16
7591.782206 9.1628e-16
7593.31822 9.8185e-16
7594.854234 1.0541e-15
7596.390248 1.0819e-15
7597.926262 1.0446e-15
7599.462276 1.0125e-15
7600.99829 9.3297e-16
7602.534304 8.6282e-16
7604.070318 8.0714e-16
7605.606332 7.2258e-16
7607.142346 7.3763e-16
7608.67836 8.1156e-16
7610.214374 8.455e-16
7611.750388 8.3387e-16
7613.286402 8.0136e-16
7614.822416 8.2865e-16
7616.35843 8.621e-16
7617.894444 8.8828e-16
7619.430458 8.9643e-16
7620.966472 8.5024e-16
7622.502486 8.5412e-16
7624.0385 8.7737e-16
7625.574514 8.3569e-16
7627.110528 8.2106e-16
7628.646542 8.2026e-16
7630.182556 8.0563e-16
7631.71857 7.6812e-16
7633.254584 8.0848e-16
7634.790598 8.3395e-16
7636.326612 7.8907e-16
7637.862626 7.3954e-16
7639.39864 7.9401e-16
7640.934654 8.7365e-16
7642.470668 8.4755e-16
7644.006682 8.016e-16
7645.542696 7.5994e-16
7647.07871 7.8387e-16
7648.614724 8.4312e-16
7650.150738 8.2857e-16
7651.686752 7.9938e-16
7653.222766 7.9844e-16
7654.75878 7.7107e-16
7656.294794 7.5492e-16
7657.830808 7.8633e-16
7659.366822 8.0982e-16
7660.902836 8.1591e-16
7662.43885 7.9891e-16
7663.974864 7.6907e-16
7665.510878 7.5166e-16
7667.046892 7.6902e-16
7668.582906 7.8592e-16
7670.11892 7.7782e-16
7671.654934 7.6931e-16
7673.190948 7.5863e-16
7674.726962 7.5766e-16
7676.262976 7.5834e-16
7677.79899 7.5189e-16
7679.335004 7.6737e-16
7680.871018 7.8501e-16
7682.407032 7.9369e-16
7683.943046 8.1615e-16
7685.47906 7.8994e-16
7687.015074 7.5842e-16
7688.551088 7.7858e-16
7690.087102 7.8825e-16
7691.623116 7.6828e-16
7693.15913 7.6442e-16
7694.695144 7.6533e-16
7696.231158 7.8109e-16
7697.767172 7.8809e-16
7699.303186 7.6134e-16
7700.8392 7.6869e-16
7702.375214 7.701e-16
7703.911228 7.6468e-16
7705.447242 8.311e-16
7706.983256 8.3877e-16
7708.51927 7.9757e-16
7710.055284 7.7487e-16
7711.591298 7.6979e-16
7713.127312 7.5211e-16
7714.663326 7.7799e-16
7716.19934 8.436e-16
7717.735354 8.4035e-16
7719.271368 8.156e-16
7720.807382 8.4502e-16
7722.343396 8.5499e-16
7723.87941 8.2232e-16
7725.415424 7.8684e-16
7726.951438 7.8922e-16
7728.487452 7.944e-16
7730.023466 7.9464e-16
7731.55948 8.0089e-16
7733.095494 7.8355e-16
7734.631508 7.7336e-16
7736.167522 8.0492e-16
7737.703536 8.2422e-16
7739.23955 8.0627e-16
7740.775564 7.7258e-16
7742.311578 7.513e-16
7743.847592 7.4845e-16
7745.383606 7.4515e-16
7746.91962 7.914e-16
7748.455634 8.1481e-16
7749.991648 8.0231e-16
7751.527662 7.9369e-16
7753.063676 7.8501e-16
7754.59969 7.6502e-16
7756.135704 7.8165e-16
7757.671718 7.9258e-16
7759.207732 7.9448e-16
7760.743746 8.3078e-16
7762.27976 8.2841e-16
7763.815774 8.0381e-16
7765.351788 7.9124e-16
7766.887802 7.8089e-16
7768.423816 7.6748e-16
7769.95983 7.7058e-16
7771.495844 7.9559e-16
7773.031858 8.2351e-16
7774.567872 7.9274e-16
7776.103886 7.5599e-16
7777.6399 7.7378e-16
7779.175914 7.8735e-16
7780.711928 8.1109e-16
7782.247942 8.3268e-16
7783.783956 8.1584e-16
7785.31997 8.016e-16
7786.855984 7.8892e-16
7788.391998 7.9986e-16
7789.928012 8.0524e-16
7791.464026 8.016e-16
7793.00004 7.7709e-16
7794.536054 8.0611e-16
7796.072068 8.2216e-16
7797.608082 7.9039e-16
7799.144096 7.7861e-16
7800.68011 8.1196e-16
7802.216124 8.3498e-16
7803.752138 8.3071e-16
7805.288152 8.05e-16
7806.824166 8.0785e-16
7808.36018 8.3988e-16
7809.896194 8.3458e-16
7811.432208 8.2833e-16
7812.968222 8.3023e-16
7814.504236 8.1449e-16
7816.04025 7.9962e-16
7817.576264 7.8323e-16
7819.112278 8.2367e-16
7820.648292 8.5127e-16
7822.184306 8.4209e-16
7823.72032 8.6021e-16
7825.256334 8.4273e-16
7826.792348 8.538e-16
7828.328362 8.8385e-16
7829.864376 8.5688e-16
7831.40039 8.3316e-16
7832.936404 8.4012e-16
7834.472418 8.1544e-16
7836.008432 8.1251e-16
7837.544446 8.2295e-16
7839.08046 8.2857e-16
7840.616474 8.0002e-16
7842.152488 7.8589e-16
7843.688502 8.1149e-16
7845.224516 8.0864e-16
7846.76053 8.0524e-16
7848.296544 8.186e-16
7849.832558 8.2889e-16
7851.368572 8.3838e-16
7852.904586 8.0184e-16
7854.4406 7.9432e-16
7855.976614 8.417e-16
7857.512628 8.3545e-16
7859.048642 8.0294e-16
7860.584656 8.3244e-16
7862.12067 8.5601e-16
7863.656684 8.4834e-16
7865.192698 8.3142e-16
7866.728712 8.0128e-16
7868.264726 8.3023e-16
7869.80074 8.5309e-16
7871.336754 8.0611e-16
7872.872768 8.0777e-16
7874.408782 8.4028e-16
7875.944796 8.0634e-16
7877.48081 7.8728e-16
7879.016824 7.7619e-16
7880.552838 7.9088e-16
7882.088852 8.0737e-16
7883.624866 8.0389e-16
7885.16088 8.0666e-16
7886.696894 7.8094e-16
7888.232908 7.8834e-16
7889.768922 8.0935e-16
7891.304936 7.7239e-16
7892.84095 7.4215e-16
7894.376964 7.6865e-16
7895.912978 7.8419e-16
7897.448992 7.7652e-16
7898.985006 7.9132e-16
7900.52102 8.0516e-16
7902.057034 7.7774e-16
7903.593048 7.5566e-16
7905.129062 7.4146e-16
7906.665076 7.4169e-16
7908.20109 7.6531e-16
7909.737104 8.0263e-16
7911.273118 8.2098e-16
7912.809132 7.9883e-16
7914.345146 7.7735e-16
7915.88116 7.9022e-16
7917.417174 7.9069e-16
7918.953188 7.6903e-16
7920.489202 7.9124e-16
7922.025216 7.9986e-16
7923.56123 7.5637e-16
7925.097244 7.5205e-16
7926.633258 8.0334e-16
7928.169272 8.2295e-16
7929.705286 7.8833e-16
7931.2413 7.7296e-16
7932.777314 7.6355e-16
7934.313328 7.5833e-16
7935.849342 7.8456e-16
7937.385356 7.7016e-16
7938.92137 7.5066e-16
7940.457384 7.5607e-16
7941.993398 7.4045e-16
7943.529412 7.2604e-16
7945.065426 7.5114e-16
7946.60144 7.6607e-16
7948.137454 7.2876e-16
7949.673468 7.132e-16
7951.209482 7.2274e-16
7952.745496 7.2523e-16
7954.28151 7.5245e-16
7955.817524 7.9741e-16
7957.353538 7.778e-16
7958.889552 7.3173e-16
7960.425566 7.1973e-16
7961.96158 7.2529e-16
7963.497594 7.514e-16
7965.033608 7.6242e-16
7966.569622 7.7174e-16
7968.105636 7.9148e-16
7969.64165 7.8781e-16
7971.177664 7.7536e-16
7972.713678 7.5692e-16
7974.249692 7.365e-16
7975.785706 7.4196e-16
7977.32172 7.7975e-16
7978.857734 7.8067e-16
7980.393748 7.5743e-16
7981.929762 7.1916e-16
7983.465776 7.1639e-16
7985.00179 7.4456e-16
7986.537804 7.2985e-16
7988.073818 7.2134e-16
7989.609832 7.2675e-16
7991.145846 7.6558e-16
7992.68186 7.9693e-16
7994.217874 7.7037e-16
7995.753888 7.2544e-16
7997.289902 7.3396e-16
7998.825916 7.3722e-16
8000.36193 7.3448e-16
8001.897944 7.4634e-16
8003.433958 7.3987e-16
8004.969972 7.1101e-16
8006.505986 7.2641e-16
8008.042 7.5785e-16
8009.578014 7.5819e-16
8011.114028 7.4226e-16
8012.650042 7.241e-16
8014.186056 7.2143e-16
8015.72207 7.5665e-16
8017.258084 7.8884e-16
8018.794098 7.8167e-16
8020.330112 7.611e-16
8021.866126 7.2829e-16
8023.40214 7.5934e-16
8024.938154 7.6068e-16
8026.474168 7.5318e-16
8028.010182 7.5535e-16
8029.546196 7.2586e-16
8031.08221 7.4022e-16
8032.618224 7.7553e-16
8034.154238 7.5298e-16
8035.690252 7.3267e-16
8037.226266 7.2456e-16
8038.76228 7.5017e-16
8040.298294 7.5407e-16
8041.834308 7.4864e-16
8043.370322 7.266e-16
8044.906336 7.184e-16
8046.44235 7.4378e-16
8047.978364 7.6519e-16
8049.514378 7.4729e-16
8051.050392 7.3735e-16
8052.586406 7.3979e-16
8054.12242 7.2673e-16
8055.658434 7.1397e-16
8057.194448 7.3001e-16
8058.730462 7.6254e-16
8060.266476 7.72e-16
8061.80249 7.6191e-16
8063.338504 7.4578e-16
8064.874518 7.1526e-16
8066.410532 7.3012e-16
8067.946546 7.6016e-16
8069.48256 7.5723e-16
8071.018574 7.2182e-16
8072.554588 7.1389e-16
8074.090602 7.4317e-16
8075.626616 7.6808e-16
8077.16263 7.6447e-16
8078.698644 7.7014e-16
8080.234658 7.5736e-16
8081.770672 7.5032e-16
8083.306686 7.4646e-16
8084.8427 7.5198e-16
8086.378714 7.5177e-16
8087.914728 7.2956e-16
8089.450742 7.1449e-16
8090.986756 6.9819e-16
8092.52277 7.1491e-16
8094.058784 7.2486e-16
8095.594798 7.3932e-16
8097.130812 7.3323e-16
8098.666826 7.2654e-16
8100.20284 7.5263e-16
8101.738854 7.7502e-16
8103.274868 7.6214e-16
8104.810882 7.2104e-16
8106.346896 7.3042e-16
8107.88291 7.6222e-16
8109.418924 7.5505e-16
8110.954938 7.2564e-16
8112.490952 7.2531e-16
8114.026966 7.3247e-16
8115.56298 7.2198e-16
8117.098994 7.2885e-16
8118.635008 7.5622e-16
8120.171022 7.3091e-16
8121.707036 6.9108e-16
8123.24305 6.9782e-16
8124.779064 7.1337e-16
8126.315078 7.0294e-16
8127.851092 7.0738e-16
8129.387106 7.1065e-16
8130.92312 7.0095e-16
8132.459134 7.1145e-16
8133.995148 7.1582e-16
8135.531162 7.1006e-16
8137.067176 7.2033e-16
8138.60319 7.2775e-16
8140.139204 7.512e-16
8141.675218 7.3669e-16
8143.211232 7.2673e-16
8144.747246 7.3622e-16
8146.28326 7.2203e-16
8147.819274 7.0095e-16
8149.355288 7.0459e-16
8150.891302 6.9679e-16
8152.427316 7.0217e-16
8153.96333 7.0413e-16
8155.499344 6.9695e-16
8157.035358 7.0155e-16
8158.571372 7.373e-16
8160.107386 7.5685e-16
8161.6434 7.405e-16
8163.179414 7.4326e-16
8164.715428 7.2696e-16
8166.251442 6.9335e-16
8167.787456 7.0197e-16
8169.32347 7.069e-16
8170.859484 6.9687e-16
8172.395498 6.9565e-16
8173.931512 7.0817e-16
8175.467526 7.2561e-16
8177.00354 7.3446e-16
8178.539554 7.54e-16
8180.075568 7.642e-16
8181.611582 7.4765e-16
8183.147596 7.1944e-16
8184.68361 7.0579e-16
8186.219624 7.042e-16
8187.755638 6.8265e-16
8189.291652 6.5418e-16
8190.827666 6.5257e-16
8192.36368 6.6807e-16
8193.899694 7.0216e-16
8195.435708 7.6316e-16
8196.971722 7.6931e-16
8198.507736 7.0628e-16
8200.04375 6.85e-16
8201.579764 7.0436e-16
8203.115778 7.0465e-16
8204.651792 6.7738e-16
8206.187806 6.6789e-16
8207.72382 6.6529e-16
8209.259834 6.9751e-16
8210.795848 7.2789e-16
8212.331862 7.1664e-16
8213.867876 6.9977e-16
8215.40389 6.9468e-16
8216.939904 6.9871e-16
8218.475918 6.9011e-16
8220.011932 6.7933e-16
8221.547946 6.9923e-16
8223.08396 7.3464e-16
8224.619974 7.493e-16
8226.155988 7.38e-16
8227.692002 6.9839e-16
8229.228016 6.9092e-16
8230.76403 7.1845e-16
8232.300044 7.2384e-16
8233.836058 6.9619e-16
8235.372072 6.9479e-16
8236.908086 6.9148e-16
8238.4441 6.9589e-16
8239.980114 6.9201e-16
8241.516128 6.8643e-16
8243.052142 6.8603e-16
8244.588156 6.8807e-16
8246.12417 7.0021e-16
8247.660184 6.8321e-16
8249.196198 6.8214e-16
8250.732212 7.3171e-16
8252.268226 7.2742e-16
8253.80424 6.7927e-16
8255.340254 6.871e-16
8256.876268 7.2197e-16
8258.412282 7.4663e-16
8259.948296 7.1574e-16
8261.48431 6.9741e-16
8263.020324 7.068e-16
8264.556338 6.8973e-16
8266.092352 7.0876e-16
8267.628366 7.3631e-16
8269.16438 7.2492e-16
8270.700394 7.0597e-16
8272.236408 6.9158e-16
8273.772422 6.9798e-16
8275.308436 7.0523e-16
8276.84445 7.3674e-16
8278.380464 7.6911e-16
8279.916478 7.2161e-16
8281.452492 7.1331e-16
8282.988506 7.2032e-16
8284.52452 7.1026e-16
8286.060534 7.1207e-16
8287.596548 7.1438e-16
8289.132562 7.4868e-16
8290.668576 6.8858e-16
8292.20459 6.8562e-16
8293.740604 7.0977e-16
8295.276618 6.889e-16
8296.812632 7.2618e-16
8298.348646 7.0755e-16
8299.88466 6.8595e-16
8301.420674 7.3124e-16
8302.956688 7.2058e-16
8304.492702 6.9872e-16
8306.028716 7.1683e-16
8307.56473 7.4356e-16
8309.100744 7.4532e-16
8310.636758 7.6953e-16
8312.172772 7.4508e-16
8313.708786 7.455e-16
8315.2448 7.7526e-16
8316.780814 7.6983e-16
8318.316828 7.224e-16
8319.852842 7.1054e-16
8321.388856 7.4139e-16
8322.92487 7.6386e-16
8324.460884 7.6679e-16
8325.996898 7.4753e-16
8327.532912 7.3136e-16
8329.068926 7.1884e-16
8330.60494 7.2215e-16
8332.140954 7.6354e-16
8333.676968 7.678e-16
8335.212982 7.4394e-16
8336.748996 7.4877e-16
8338.28501 7.451e-16
8339.821024 6.8412e-16
8341.357038 7.2241e-16
8342.893052 7.6313e-16
8344.429066 7.5879e-16
8345.96508 7.546e-16
8347.501094 7.6151e-16
8349.037108 7.394e-16
8350.573122 7.4539e-16
8352.109136 7.6189e-16
8353.64515 7.9519e-16
8355.181164 7.8486e-16
8356.717178 7.614e-16
8358.253192 7.9116e-16
8359.789206 7.7385e-16
8361.32522 7.4494e-16
8362.861234 7.8805e-16
8364.397248 8.0611e-16
8365.933262 7.7559e-16
8367.469276 7.5708e-16
8369.00529 7.5611e-16
8370.541304 7.7741e-16
8372.077318 7.679e-16
8373.613332 7.5065e-16
8375.149346 7.62e-16
8376.68536 7.6138e-16
8378.221374 7.3624e-16
8379.757388 7.3078e-16
8381.293402 7.4013e-16
8382.829416 7.6766e-16
8384.36543 8.016e-16
8385.901444 8.0935e-16
8387.437458 7.7824e-16
8388.973472 7.5788e-16
8390.509486 7.5588e-16
8392.0455 7.3031e-16
8393.581514 6.9029e-16
8395.117528 7.4523e-16
8396.653542 8.3925e-16
8398.189556 8.5404e-16
8399.72557 8.2865e-16
8401.261584 8.1156e-16
8402.797598 7.9646e-16
8404.333612 7.7686e-16
8405.869626 7.6897e-16
8407.40564 7.7792e-16
8408.941654 7.6912e-16
8410.477668 7.7839e-16
8412.013682 7.7446e-16
8413.549696 7.4596e-16
8415.08571 7.4456e-16
8416.621724 7.4899e-16
8418.157738 7.5603e-16
8419.693752 7.6099e-16
8421.229766 7.7468e-16
8422.76578 7.5365e-16
8424.301794 7.1193e-16
8425.837808 7.2727e-16
8427.373822 7.7836e-16
8428.909836 8.0603e-16
8430.44585 8.1133e-16
8431.981864 8.3244e-16
8433.517878 8.4304e-16
8435.053892 8.379e-16
8436.589906 8.0579e-16
8438.12592 7.8579e-16
8439.661934 7.9353e-16
8441.197948 8.0721e-16
8442.733962 7.9804e-16
8444.269976 7.7188e-16
8445.80599 7.6901e-16
8447.342004 7.8028e-16
8448.878018 8.0674e-16
8450.414032 8.4542e-16
8451.950046 8.606e-16
8453.48606 8.4573e-16
8455.022074 8.2351e-16
8456.558088 8.0041e-16
8458.094102 7.7559e-16
8459.630116 7.2274e-16
8461.16613 7.2666e-16
8462.702144 7.9741e-16
8464.238158 8.141e-16
8465.774172 8.0366e-16
8467.310186 7.9409e-16
8468.8462 8.186e-16
8470.382214 8.0097e-16
8471.918228 7.8826e-16
8473.454242 7.8888e-16
8474.990256 8.0136e-16
8476.52627 8.0247e-16
8478.062284 7.8784e-16
8479.598298 7.7684e-16
8481.134312 7.8761e-16
8482.670326 8.1615e-16
8484.20634 8.2374e-16
8485.742354 8.0793e-16
8487.278368 7.8978e-16
8488.814382 7.6149e-16
8490.350396 7.5737e-16
8491.88641 7.829e-16
8493.422424 8.046e-16
8494.958438 7.8512e-16
8496.494452 7.7183e-16
8498.030466 7.9235e-16
8499.56648 7.7116e-16
8501.102494 7.6767e-16
8502.638508 7.6986e-16
8504.174522 7.6419e-16
8505.710536 7.6414e-16
8507.24655 7.5005e-16
8508.782564 7.4635e-16
8510.318578 7.6163e-16
8511.854592 7.5969e-16
8513.390606 7.7367e-16
8514.92662 7.8255e-16
8516.462634 7.5868e-16
8517.998648 7.6508e-16
8519.534662 7.8758e-16
8521.070676 7.925e-16
8522.60669 7.9496e-16
8524.142704 7.9401e-16
8525.678718 7.914e-16
8527.214732 7.8257e-16
8528.750746 7.6965e-16
8530.28676 7.8607e-16
8531.822774 8.0532e-16
8533.358788 7.8038e-16
8534.894802 7.8724e-16
8536.430816 8.0801e-16
8537.96683 8.0223e-16
8539.502844 7.9092e-16
8541.038858 7.7003e-16
8542.574872 7.6976e-16
8544.110886 7.7934e-16
8545.6469 7.8523e-16
8547.182914 8.0492e-16
8548.718928 8.0563e-16
8550.254942 7.7159e-16
8551.790956 7.502e-16
8553.32697 7.5778e-16
8554.862984 7.6669e-16
8556.398998 7.8026e-16
8557.935012 7.7808e-16
8559.471026 7.5149e-16
8561.00704 7.4886e-16
8562.543054 7.7603e-16
8564.079068 8.1054e-16
8565.615082 8.0373e-16
8567.151096 7.9757e-16
8568.68711 7.8457e-16
8570.223124 7.6747e-16
8571.759138 7.7125e-16
8573.295152 7.7746e-16
8574.831166 7.7166e-16
8576.36718 7.7988e-16
8577.903194 7.9962e-16
8579.439208 7.9725e-16
8580.975222 7.5565e-16
8582.511236 7.6551e-16
8584.04725 7.8882e-16
8585.583264 7.5593e-16
8587.119278 7.4711e-16
8588.655292 7.5111e-16
8590.191306 7.5078e-16
8591.72732 7.7635e-16
8593.263334 7.7306e-16
8594.799348 7.5681e-16
8596.335362 7.6023e-16
8597.871376 7.6855e-16
8599.40739 7.5307e-16
8600.943404 7.4212e-16
8602.479418 7.712e-16
8604.015432 8.0429e-16
8605.551446 8.1299e-16
8607.08746 7.78e-16
8608.623474 7.3259e-16
8610.159488 7.516e-16
8611.695502 7.5181e-16
8613.231516 7.2965e-16
8614.76753 7.4413e-16
8616.303544 7.3522e-16
8617.839558 7.3799e-16
8619.375572 7.4002e-16
8620.911586 7.2039e-16
8622.4476 7.2095e-16
8623.983614 7.4103e-16
8625.519628 7.5934e-16
8627.055642 7.5755e-16
8628.591656 7.4925e-16
8630.12767 7.3565e-16
8631.663684 7.4765e-16
8633.199698 7.5596e-16
8634.735712 7.3269e-16
8636.271726 7.3648e-16
8637.80774 7.6197e-16
8639.343754 7.8318e-16
8640.879768 7.8909e-16
8642.415782 7.6993e-16
8643.951796 7.3136e-16
8645.48781 7.2242e-16
8647.023824 7.2171e-16
8648.559838 7.064e-16
8650.095852 7.0735e-16
8651.631866 6.9573e-16
8653.16788 7.1578e-16
8654.703894 7.7657e-16
8656.239908 7.709e-16
8657.775922 7.183e-16
8659.311936 7.0754e-16
8660.84795 7.4196e-16
8662.383964 7.6516e-16
8663.919978 7.5748e-16
8665.455992 7.5039e-16
8666.992006 7.5902e-16
8668.52802 7.6212e-16
8670.064034 7.6027e-16
8671.600048 7.4511e-16
8673.136062 7.2095e-16
8674.672076 7.2534e-16
8676.20809 7.2838e-16
8677.744104 7.176e-16
8679.280118 7.2067e-16
8680.816132 7.539e-16
8682.352146 7.4873e-16
8683.88816 7.6725e-16
8685.424174 7.802e-16
8686.960188 7.4858e-16
8688.496202 7.3304e-16
8690.032216 7.6017e-16
8691.56823 7.4515e-16
8693.104244 7.3021e-16
8694.640258 7.3863e-16
8696.176272 7.3562e-16
8697.712286 7.0544e-16
8699.2483 6.9812e-16
8700.784314 6.9554e-16
8702.320328 6.8795e-16
8703.856342 6.7924e-16
8705.392356 6.9653e-16
8706.92837 7.4166e-16
8708.464384 7.4086e-16
8710.000398 6.9862e-16
8711.536412 7.0733e-16
8713.072426 7.3628e-16
8714.60844 7.4417e-16
8716.144454 7.3877e-16
8717.680468 7.4049e-16
8719.216482 7.7349e-16
8720.752496 7.8701e-16
8722.28851 7.7344e-16
8723.824524 7.5494e-16
8725.360538 7.5333e-16
8726.896552 7.4982e-16
8728.432566 7.3127e-16
8729.96858 7.2664e-16
8731.504594 7.3217e-16
8733.040608 7.4926e-16
8734.576622 7.4097e-16
8736.112636 7.3261e-16
8737.64865 7.3176e-16
8739.184664 7.3222e-16
8740.720678 7.2645e-16
8742.256692 7.2486e-16
8743.792706 7.4585e-16
8745.32872 7.6658e-16
8746.864734 7.5673e-16
8748.400748 7.195e-16
8749.936762 7.2829e-16
8751.472776 7.5218e-16
8753.00879 7.5479e-16
8754.544804 7.0035e-16
8756.080818 6.7596e-16
8757.616832 7.188e-16
8759.152846 6.9766e-16
8760.68886 6.9009e-16
8762.224874 7.0638e-16
8763.760888 7.4315e-16
8765.296902 7.3742e-16
8766.832916 7.5323e-16
8768.36893 7.0837e-16
8769.904944 6.6072e-16
8771.440958 6.6904e-16
8772.976972 7.1463e-16
8774.512986 7.2696e-16
8776.049 7.0474e-16
8777.585014 7.6872e-16
8779.121028 7.7437e-16
8780.657042 7.3449e-16
8782.193056 7.324e-16
8783.72907 7.417e-16
8785.265084 7.2637e-16
8786.801098 7.2203e-16
8788.337112 7.1797e-16
8789.873126 6.9379e-16
8791.40914 7.0425e-16
8792.945154 7.126e-16
8794.481168 7.1722e-16
8796.017182 7.2432e-16
8797.553196 7.444e-16
8799.08921 7.3358e-16
8800.625224 7.3491e-16
8802.161238 7.4483e-16
8803.697252 7.2675e-16
8805.233266 7.1989e-16
8806.76928 7.2357e-16
8808.305294 7.1096e-16
8809.841308 7.0515e-16
8811.377322 6.9221e-16
8812.913336 6.7698e-16
8814.44935 6.9153e-16
8815.985364 6.7367e-16
8817.521378 6.2602e-16
8819.057392 5.5944e-16
8820.593406 5.5601e-16
8822.12942 6.074e-16
8823.665434 6.4519e-16
8825.201448 7.4331e-16
8826.737462 7.4138e-16
8828.273476 6.7939e-16
8829.80949 6.944e-16
8831.345504 7.1614e-16
8832.881518 7.0353e-16
8834.417532 6.8722e-16
8835.953546 7.1495e-16
8837.48956 7.1883e-16
8839.025574 6.7655e-16
8840.561588 6.7018e-16
8842.097602 6.8371e-16
8843.633616 7.0503e-16
8845.16963 7.3591e-16
8846.705644 7.1499e-16
8848.241658 6.9358e-16
8849.777672 7.0387e-16
8851.313686 7.0451e-16
8852.8497 6.7517e-16
8854.385714 6.3275e-16
8855.921728 6.1734e-16
8857.457742 6.3056e-16
8858.993756 6.2682e-16
8860.52977 5.836e-16
8862.065784 5.6109e-16
8863.601798 6.0697e-16
8865.137812 6.2454e-16
8866.673826 5.8765e-16
8868.20984 5.927e-16
8869.745854 6.1642e-16
8871.281868 6.4829e-16
8872.817882 6.5431e-16
8874.353896 6.5517e-16
8875.88991 6.6665e-16
8877.425924 6.7169e-16
8878.961938 6.5965e-16
8880.497952 6.4176e-16
8882.033966 6.8663e-16
8883.56998 7.4979e-16
8885.105994 7.2267e-16
8886.642008 7.1847e-16
8888.178022 7.4122e-16
8889.714036 7.409e-16
8891.25005 7.4128e-16
8892.786064 7.5844e-16
8894.322078 7.6114e-16
8895.858092 7.1515e-16
8897.394106 6.8171e-16
8898.93012 6.933e-16
8900.466134 7.084e-16
8902.002148 7.3451e-16
8903.538162 7.5917e-16
8905.074176 7.7665e-16
8906.61019 7.7211e-16
8908.146204 7.3696e-16
8909.682218 7.4305e-16
8911.218232 7.5863e-16
8912.754246 6.7955e-16
8914.29026 6.2556e-16
8915.826274 6.6021e-16
8917.362288 7.142e-16
8918.898302 6.8342e-16
8920.434316 6.4247e-16
8921.97033 7.213e-16
8923.506344 7.7482e-16
8925.042358 7.6948e-16
8926.578372 7.3031e-16
8928.114386 6.8917e-16
8929.6504 6.8644e-16
8931.186414 7.0216e-16
8932.722428 7.0458e-16
8934.258442 7.2682e-16
8935.794456 7.1817e-16
8937.33047 7.0626e-16
8938.866484 7.1555e-16
8940.402498 7.2181e-16
8941.938512 7.4563e-16
8943.474526 7.4367e-16
8945.01054 7.3488e-16
8946.546554 7.1194e-16
8948.082568 7.1199e-16
8949.618582 7.3431e-16
8951.154596 7.3354e-16
8952.69061 7.7146e-16
8954.226624 7.7195e-16
8955.762638 7.3652e-16
8957.298652 7.2198e-16
8958.834666 7.2551e-16
8960.37068 7.5504e-16
8961.906694 7.7025e-16
8963.442708 7.467e-16
8964.978722 7.2715e-16
8966.514736 7.0997e-16
8968.05075 7.0719e-16
8969.586764 7.2585e-16
8971.122778 7.5012e-16
8972.658792 7.2307e-16
8974.194806 7.0017e-16
8975.73082 6.9081e-16
8977.266834 7.0071e-16
8978.802848 7.0782e-16
8980.338862 6.925e-16
8981.874876 6.8034e-16
8983.41089 6.9513e-16
8984.946904 6.7515e-16
8986.482918 6.252e-16
8988.018932 6.0137e-16
8989.554946 5.962e-16
8991.09096 6.3113e-16
8992.626974 6.5321e-16
8994.162988 6.5283e-16
8995.699002 6.3579e-16
8997.235016 6.2862e-16
8998.77103 6.628e-16
9000.307044 6.8442e-16
9001.843058 7.0133e-16
9003.379072 7.1301e-16
9004.915086 7.042e-16
9006.4511 6.8684e-16
9007.987114 6.8203e-16
9009.523128 6.9875e-16
9011.059142 7.1778e-16
9012.595156 7.1972e-16
9014.13117 7.2743e-16
9015.667184 7.0776e-16
9017.203198 6.6921e-16
9018.739212 6.8651e-16
9020.275226 7.2974e-16
9021.81124 7.1321e-16
9023.347254 6.8982e-16
9024.883268 6.8337e-16
9026.419282 6.8851e-16
9027.955296 7.0479e-16
9029.49131 7.0633e-16
9031.027324 7.1465e-16
9032.563338 7.223e-16
9034.099352 7.057e-16
9035.635366 7.1718e-16
9037.17138 7.2321e-16
9038.707394 7.0231e-16
9040.243408 7.0512e-16
9041.779422 7.0415e-16
9043.315436 6.9175e-16
9044.85145 7.0613e-16
9046.387464 7.2839e-16
9047.923478 7.0871e-16
9049.459492 6.7788e-16
9050.995506 6.6649e-16
9052.53152 6.891e-16
9054.067534 6.9562e-16
9055.603548 6.8728e-16
9057.139562 7.1266e-16
9058.675576 6.9682e-16
9060.21159 6.6213e-16
9061.747604 6.8052e-16
9063.283618 6.9934e-16
9064.819632 7.0017e-16
9066.355646 7.0761e-16
9067.89166 6.8397e-16
9069.427674 6.6443e-16
9070.963688 6.7796e-16
9072.499702 7.0685e-16
9074.035716 6.8908e-16
9075.57173 6.7643e-16
9077.107744 6.8529e-16
9078.643758 6.7385e-16
9080.179772 6.4077e-16
9081.715786 6.5427e-16
9083.2518 6.832e-16
9084.787814 6.6403e-16
9086.323828 6.4913e-16
9087.859842 6.8158e-16
9089.395856 7.1759e-16
9090.93187 7.1488e-16
9092.467884 6.8556e-16
9094.003898 6.5616e-16
9095.539912 6.8323e-16
9097.075926 6.8617e-16
9098.61194 6.936e-16
9100.147954 7.0479e-16
9101.683968 6.6828e-16
9103.219982 6.5513e-16
9104.755996 6.8719e-16
9106.29201 6.6917e-16
9107.828024 6.4309e-16
9109.364038 6.5978e-16
9110.900052 7.0781e-16
9112.436066 7.228e-16
9113.97208 7.1139e-16
9115.508094 7.2853e-16
9117.044108 7.1268e-16
9118.580122 6.7201e-16
9120.116136 6.5174e-16
9121.65215 6.7771e-16
9123.188164 7.0895e-16
9124.724178 6.9698e-16
9126.260192 7.069e-16
9127.796206 7.2578e-16
9129.33222 6.8771e-16
9130.868234 6.8001e-16
9132.404248 6.8474e-16
9133.940262 6.6704e-16
9135.476276 6.7579e-16
9137.01229 6.9624e-16
9138.548304 6.7283e-16
9140.084318 6.3595e-16
9141.620332 6.5559e-16
9143.156346 6.8919e-16
9144.69236 6.8116e-16
9146.228374 6.8296e-16
9147.764388 6.9174e-16
9149.300402 7.2579e-16
9150.836416 7.1215e-16
9152.37243 7.0298e-16
9153.908444 7.4076e-16
9155.444458 7.5103e-16
9156.980472 7.2205e-16
9158.516486 6.9532e-16
9160.0525 7.0487e-16
9161.588514 7.0581e-16
9163.124528 6.9791e-16
9164.660542 7.045e-16
9166.196556 7.1866e-16
9167.73257 7.4551e-16
9169.268584 7.5284e-16
9170.804598 7.2372e-16
9172.340612 7.0963e-16
9173.876626 7.2485e-16
9175.41264 7.5372e-16
9176.948654 7.4011e-16
9178.484668 7.1586e-16
9180.020682 7.2988e-16
9181.556696 7.5315e-16
9183.09271 7.4977e-16
9184.628724 7.3872e-16
9186.164738 7.358e-16
9187.700752 7.2508e-16
9189.236766 7.1446e-16
9190.77278 7.2816e-16
9192.308794 7.2618e-16
9193.844808 7.1584e-16
9195.380822 6.9344e-16
9196.916836 6.868e-16
9198.45285 6.8886e-16
9199.988864 6.8463e-16
9201.524878 6.9207e-16
9203.060892 7.0012e-16
9204.596906 6.9603e-16
9206.13292 7.1164e-16
9207.668934 7.099e-16
9209.204948 6.7864e-16
9210.740962 6.7315e-16
9212.276976 7.1886e-16
9213.81299 7.5501e-16
9215.349004 7.5444e-16
9216.885018 7.4301e-16
9218.421032 7.2202e-16
9219.957046 7.0273e-16
9221.49306 7.1708e-16
9223.029074 7.3399e-16
9224.565088 7.4312e-16
9226.101102 7.4649e-16
9227.637116 7.6218e-16
9229.17313 7.7956e-16
9230.709144 7.4172e-16
9232.245158 7.2346e-16
9233.781172 7.4844e-16
9235.317186 7.6684e-16
9236.8532 7.6195e-16
9238.389214 7.354e-16
9239.925228 7.0751e-16
9241.461242 7.1851e-16
9242.997256 7.6133e-16
9244.53327 7.7184e-16
9246.069284 7.4093e-16
9247.605298 7.2622e-16
9249.141312 7.5989e-16
9250.677326 7.8028e-16
9252.21334 7.8837e-16
9253.749354 8.0073e-16
9255.285368 7.8312e-16
9256.821382 7.457e-16
9258.357396 7.2149e-16
9259.89341 7.0874e-16
9261.429424 7.1524e-16
9262.965438 7.1305e-16
9264.501452 7.1337e-16
9266.037466 7.2267e-16
9267.57348 7.1659e-16
9269.109494 7.0263e-16
9270.645508 6.973e-16
9272.181522 7.1445e-16
9273.717536 7.318e-16
9275.25355 7.1222e-16
9276.789564 7.1983e-16
9278.325578 7.054e-16
9279.861592 6.5584e-16
9281.397606 6.6281e-16
9282.93362 7.1343e-16
9284.469634 7.0763e-16
9286.005648 7.1239e-16
9287.541662 7.2678e-16
9289.077676 7.1738e-16
9290.61369 7.3305e-16
9292.149704 7.7633e-16
9293.685718 7.7437e-16
9295.221732 7.5371e-16
9296.757746 7.3746e-16
9298.29376 7.2247e-16
9299.829774 7.1123e-16
9301.365788 7.4899e-16
9302.901802 8.2359e-16
9304.437816 7.7527e-16
9305.97383 5.941e-16
9307.509844 6.7749e-16
9309.045858 8.8892e-16
9310.581872 7.8528e-16
9312.117886 7.1355e-16
9313.6539 7.2085e-16
9315.189914 7.1434e-16
9316.725928 6.9354e-16
9318.261942 7.5126e-16
9319.797956 8.4376e-16
9321.33397 8.3506e-16
9322.869984 7.6966e-16
9324.405998 8.4882e-16
9325.942012 8.5775e-16
9327.478026 7.7465e-16
9329.01404 7.8493e-16
9330.550054 8.2011e-16
9332.086068 8.1006e-16
9333.622082 8.1734e-16
9335.158096 8.5847e-16
9336.69411 8.4051e-16
9338.230124 8.6906e-16
9339.766138 8.8362e-16
9341.302152 8.4028e-16
9342.838166 7.6736e-16
9344.37418 6.942e-16
9345.910194 7.1469e-16
9347.446208 7.7487e-16
9348.982222 7.875e-16
9350.518236 7.2202e-16
9352.05425 6.9893e-16
9353.590264 7.5032e-16
9355.126278 6.7501e-16
9356.662292 6.3728e-16
9358.198306 7.1797e-16
9359.73432 7.2997e-16
9361.270334 7.0541e-16
9362.806348 7.0586e-16
9364.342362 6.4152e-16
9365.878376 7.3966e-16
9367.41439 1.1279e-15
9368.950404 4.6307e-16
9370.486418 -2.3261e-16
9372.022432 2.6402e-16
9373.558446 8.031e-16
9375.09446 7.8886e-16
9376.630474 1.6812e-15
9378.166488 2.2556e-15
9379.702502 1.3724e-15
9381.238516 6.6514e-16
9382.77453 6.1917e-16
9384.310544 6.9086e-16
9385.846558 6.9921e-16
9387.382572 6.7646e-16
9388.918586 6.7962e-16
9390.4546 6.8317e-16
9391.990614 6.827e-16
9393.526628 6.7788e-16
9395.062642 6.8026e-16
9396.598656 6.6824e-16
9398.13467 6.9866e-16
9399.670684 7.2739e-16
9401.206698 7.0206e-16
9402.742712 6.8191e-16
9404.278726 6.7092e-16
9405.81474 6.5684e-16
9407.350754 6.1999e-16
9408.886768 6.1598e-16
9410.422782 6.5897e-16
9411.958796 6.6129e-16
9413.49481 6.262e-16
9415.030824 6.5162e-16
9416.566838 6.6599e-16
9418.102852 6.3067e-16
9419.638866 6.3949e-16
9421.17488 6.958e-16
9422.710894 7.2228e-16
9424.246908 6.5849e-16
9425.782922 6.1584e-16
9427.318936 6.1273e-16
9428.85495 5.889e-16
9430.390964 5.8328e-16
9431.926978 5.8119e-16
9433.462992 6.0687e-16
9434.999006 6.5783e-16
9436.53502 6.7201e-16
9438.071034 6.6891e-16
9439.607048 6.454e-16
9441.143062 6.7878e-16
9442.679076 6.562e-16
9444.21509 5.7674e-16
9445.751104 5.6704e-16
9447.287118 6.2738e-16
9448.823132 6.5658e-16
9450.359146 5.9359e-16
9451.89516 5.4654e-16
9453.431174 5.5415e-16
9454.967188 5.8533e-16
9456.503202 6.0785e-16
9458.039216 5.8801e-16
9459.57523 6.012e-16
9461.111244 6.1417e-16
9462.647258 5.9915e-16
9464.183272 6.2847e-16
9465.719286 6.5969e-16
9467.2553 6.2903e-16
9468.791314 5.4839e-16
9470.327328 5.4415e-16
9471.863342 6.1447e-16
9473.399356 6.3417e-16
9474.93537 5.9299e-16
9476.471384 5.979e-16
9478.007398 6.5757e-16
9479.543412 6.2976e-16
9481.079426 5.8618e-16
9482.61544 5.6893e-16
9484.151454 5.6141e-16
9485.687468 6.0021e-16
9487.223482 6.2358e-16
9488.759496 6.0634e-16
9490.29551 6.2154e-16
9491.831524 6.4918e-16
9493.367538 6.2026e-16
9494.903552 6.2506e-16
9496.439566 6.9845e-16
9497.97558 5.9034e-16
9499.511594 5.5223e-16
9501.047608 5.2365e-16
9502.583622 5.275e-16
9504.119636 5.7906e-16
9505.65565 5.944e-16
9507.191664 5.9854e-16
9508.727678 6.1303e-16
9510.263692 6.37e-16
9511.799706 6.4084e-16
9513.33572 6.366e-16
9514.871734 5.9836e-16
9516.407748 5.9318e-16
9517.943762 6.1441e-16
9519.479776 6.2196e-16
9521.01579 6.5736e-16
9522.551804 6.2343e-16
9524.087818 5.8145e-16
9525.623832 6.1901e-16
9527.159846 6.6178e-16
9528.69586 6.4378e-16
9530.231874 6.3717e-16
9531.767888 6.3094e-16
9533.303902 6.4176e-16
9534.839916 6.5544e-16
9536.37593 6.5457e-16
9537.911944 6.2867e-16
9539.447958 6.2644e-16
9540.983972 6.4754e-16
9542.519986 6.5726e-16
9544.056 6.4214e-16
9545.592014 6.865e-16
9547.128028 7.5109e-16
9548.664042 6.8574e-16
9550.200056 6.2566e-16
9551.73607 6.4434e-16
9553.272084 6.029e-16
9554.808098 5.4508e-16
9556.344112 5.8186e-16
9557.880126 6.0698e-16
9559.41614 5.9712e-16
9560.952154 6.2845e-16
9562.488168 6.7612e-16
9564.024182 6.8165e-16
9565.560196 6.3918e-16
9567.09621 5.8382e-16
9568.632224 5.49e-16
9570.168238 6.0931e-16
9571.704252 6.5011e-16
9573.240266 6.2942e-16
9574.77628 6.3356e-16
9576.312294 6.2738e-16
9577.848308 6.2395e-16
9579.384322 6.0942e-16
9580.920336 5.7811e-16
9582.45635 5.8829e-16
9583.992364 6.4841e-16
9585.528378 6.6535e-16
9587.064392 6.5188e-16
9588.600406 6.4596e-16
9590.13642 6.4504e-16
9591.672434 6.3072e-16
9593.208448 6.156e-16
9594.744462 5.9836e-16
9596.280476 6.2954e-16
9597.81649 6.7962e-16
9599.352504 6.7129e-16
9600.888518 6.2851e-16
9602.424532 6.2219e-16
9603.960546 6.5509e-16
9605.49656 6.66e-16
9607.032574 6.3657e-16
9608.568588 6.453e-16
9610.104602 6.6924e-16
9611.640616 6.7232e-16
9613.17663 7.0133e-16
9614.712644 7.1904e-16
9616.248658 7.0797e-16
9617.784672 6.8117e-16
9619.320686 7.1671e-16
9620.8567 7.4565e-16
9622.392714 6.9908e-16
9623.928728 6.6984e-16
9625.464742 6.6233e-16
9627.000756 6.3998e-16
9628.53677 6.3015e-16
9630.072784 6.7749e-16
9631.608798 7.1771e-16
9633.144812 6.6831e-16
9634.680826 6.1272e-16
9636.21684 6.304e-16
9637.752854 6.478e-16
9639.288868 6.5789e-16
9640.824882 6.9516e-16
9642.360896 7.2771e-16
9643.89691 7.2412e-16
9645.432924 6.8358e-16
9646.968938 6.9882e-16
9648.504952 7.2146e-16
9650.040966 7.1896e-16
9651.57698 7.4635e-16
9653.112994 7.38e-16
9654.649008 7.2755e-16
9656.185022 7.2962e-16
9657.721036 7.2117e-16
9659.25705 7.0895e-16
9660.793064 6.8081e-16
9662.329078 6.7763e-16
9663.865092 7.3364e-16
9665.401106 7.164e-16
9666.93712 7.2405e-16
9668.473134 7.3566e-16
9670.009148 7.0703e-16
9671.545162 6.789e-16
9673.081176 6.8756e-16
9674.61719 7.0421e-16
9676.153204 7.3427e-16
9677.689218 7.751e-16
9679.225232 7.6606e-16
9680.761246 7.5774e-16
9682.29726 7.8943e-16
9683.833274 7.9844e-16
9685.369288 7.3687e-16
9686.905302 7.1105e-16
9688.441316 7.2153e-16
9689.97733 7.2445e-16
9691.513344 6.7576e-16
9693.049358 7.4082e-16
9694.585372 8.2034e-16
9696.121386 8.1307e-16
9697.6574 7.7873e-16
9699.193414 7.4704e-16
9700.729428 7.7641e-16
9702.265442 7.5552e-16
9703.801456 7.0269e-16
9705.33747 6.9697e-16
9706.873484 7.4005e-16
9708.409498 7.266e-16
9709.945512 7.2136e-16
9711.481526 7.2494e-16
9713.01754 6.8579e-16
9714.553554 6.8981e-16
9716.089568 7.6996e-16
9717.625582 7.6741e-16
9719.161596 7.2215e-16
9720.69761 7.5353e-16
9722.233624 7.8178e-16
9723.769638 7.1294e-16
9725.305652 6.9351e-16
9726.841666 7.3041e-16
9728.37768 7.0501e-16
9729.913694 7.119e-16
9731.449708 7.2004e-16
9732.985722 7.4166e-16
9734.521736 7.5007e-16
9736.05775 7.0618e-16
9737.593764 7.0916e-16
9739.129778 7.4279e-16
9740.665792 7.5267e-16
9742.201806 7.3062e-16
9743.73782 6.8688e-16
9745.273834 6.9361e-16
9746.809848 7.1892e-16
9748.345862 7.4351e-16
9749.881876 7.339e-16
9751.41789 6.8796e-16
9752.953904 6.8591e-16
9754.489918 6.9154e-16
9756.025932 7.1404e-16
9757.561946 7.1713e-16
9759.09796 7.0029e-16
9760.633974 6.985e-16
9762.169988 6.9924e-16
9763.706002 6.5735e-16
9765.242016 6.6105e-16
9766.77803 6.7238e-16
9768.314044 6.5641e-16
9769.850058 6.65e-16
9771.386072 7.0297e-16
9772.922086 7.114e-16
9774.4581 6.8764e-16
9775.994114 6.7651e-16
9777.530128 6.8185e-16
9779.066142 6.8933e-16
9780.602156 7.3132e-16
9782.13817 7.9148e-16
9783.674184 7.5414e-16
9785.210198 6.8195e-16
9786.746212 6.809e-16
9788.282226 6.4237e-16
9789.81824 5.8695e-16
9791.354254 6.396e-16
9792.890268 7.1823e-16
9794.426282 6.6833e-16
9795.962296 6.7726e-16
9797.49831 7.5597e-16
9799.034324 7.0765e-16
9800.570338 6.6274e-16
9802.106352 7.1438e-16
9803.642366 7.196e-16
9805.17838 6.7648e-16
9806.714394 7.0635e-16
9808.250408 7.7243e-16
9809.786422 7.4282e-16
9811.322436 6.7167e-16
9812.85845 6.8461e-16
9814.394464 7.1757e-16
9815.930478 7.0417e-16
9817.466492 6.9997e-16
9819.002506 7.0089e-16
9820.53852 6.9632e-16
9822.074534 6.8362e-16
9823.610548 6.7961e-16
9825.146562 6.8685e-16
9826.682576 7.0756e-16
9828.21859 7.5883e-16
9829.754604 7.3802e-16
9831.290618 7.0065e-16
9832.826632 7.0335e-16
9834.362646 6.8575e-16
9835.89866 7.075e-16
9837.434674 7.4343e-16
9838.970688 7.433e-16
9840.506702 7.5875e-16
9842.042716 7.5618e-16
9843.57873 6.9592e-16
9845.114744 6.9972e-16
9846.650758 7.4638e-16
9848.186772 7.6153e-16
9849.722786 7.763e-16
9851.2588 7.3201e-16
9852.794814 7.1622e-16
9854.330828 7.0902e-16
9855.866842 7.0394e-16
9857.402856 7.5861e-16
9858.93887 7.5221e-16
9860.474884 7.313e-16
9862.010898 7.4726e-16
9863.546912 7.2956e-16
9865.082926 6.7705e-16
9866.61894 7.0877e-16
9868.154954 8.1813e-16
9869.690968 8.8805e-16
9871.226982 7.9812e-16
9872.762996 7.4791e-16
9874.29901 8.2256e-16
9875.835024 7.8989e-16
9877.371038 7.4797e-16
9878.907052 7.5067e-16
9880.443066 7.3238e-16
9881.97908 7.1853e-16
9883.515094 7.111e-16
9885.051108 6.6755e-16
9886.587122 6.4152e-16
9888.123136 6.6343e-16
9889.65915 6.4652e-16
9891.195164 6.2795e-16
9892.731178 6.0912e-16
9894.267192 6.3289e-16
9895.803206 6.9694e-16
9897.33922 7.1957e-16
9898.875234 7.4831e-16
9900.411248 7.2765e-16
9901.947262 7.2735e-16
9903.483276 7.1808e-16
9905.01929 6.9019e-16
9906.555304 6.7622e-16
9908.091318 6.6384e-16
9909.627332 6.6524e-16
9911.163346 6.8716e-16
9912.69936 7.1145e-16
9914.235374 7.5881e-16
9915.771388 8.2121e-16
9917.307402 8.5246e-16
9918.843416 8.2881e-16
9920.37943 7.3242e-16
9921.915444 6.5105e-16
9923.451458 6.2325e-16
9924.987472 6.429e-16
9926.523486 6.854e-16
9928.0595 6.6423e-16
9929.595514 6.5503e-16
9931.131528 7.1407e-16
9932.667542 7.362e-16
9934.203556 7.1371e-16
9935.73957 7.336e-16
9937.275584 7.3984e-16
9938.811598 6.1897e-16
9940.347612 5.9927e-16
9941.883626 6.7901e-16
9943.41964 6.9827e-16
9944.955654 7.914e-16
9946.491668 7.8633e-16
9948.027682 7.4623e-16
9949.563696 7.0434e-16
9951.09971 7.062e-16
9952.635724 7.3093e-16
9954.171738 6.6467e-16
9955.707752 6.5025e-16
9957.243766 6.8133e-16
9958.77978 7.011e-16
9960.315794 6.4902e-16
9961.851808 6.9437e-16
9963.387822 7.0369e-16
9964.923836 6.5751e-16
9966.45985 7.0387e-16
9967.995864 6.9986e-16
9969.531878 6.5956e-16
9971.067892 6.2855e-16
9972.603906 6.1704e-16
9974.13992 6.3105e-16
9975.675934 6.4638e-16
9977.211948 6.794e-16
9978.747962 7.0728e-16
9980.283976 7.0025e-16
9981.81999 6.971e-16
9983.356004 6.6706e-16
9984.892018 6.7708e-16
9986.428032 6.3657e-16
9987.964046 5.6496e-16
9989.50006 6.1268e-16
9991.036074 7.0061e-16
9992.572088 6.7591e-16
9994.108102 6.0612e-16
9995.644116 6.2174e-16
9997.18013 6.4708e-16
9998.716144 6.1633e-16
10000.252158 5.6395e-16
