# SIMPLE = True
# BITPIX = 8
# NAXIS = 0
# EXTEND = True
# VERSPYT = 3.8.3
# VERSNPY = 1.19.0
# VERSSCI = 1.5.1
# VERSAST = 4.0.1.post1
# VERSSKL = 0.23.1
# VERSPYP = 1.0.5
# DATE = 2020-08-01
# RA = 220.499181991164
# DEC = 8.46081601114881
# TARGET = ZTF20abmoakx
# DISPNAME = Grism_4
# DECKER = Slit_1.0
# BINNING = 1,1
# MJD = 59061.94833998843
# AIRMASS = 1.67607873246583
# EXPTIME = 600.0
# FILENAME = ALDg310137.fits
# INSTRUME = ALFOSC_FASU
# PYPELINE = MultiSlit
# PYP_SPEC = not_alfosc
# TELESCOP = NOT
# LON-OBS = 17.88432979
# LAT-OBS = 28.7543303
# ALT-OBS = 2465.5
# CHECKSUM = 5QNFANMD5NMDANMD
# DATASUM = 0
4001.424088589028 16.468280755322187 6.648034088110893
4004.479640734483 9.628472616242863 6.555914448727182
4007.535802573528 -0.31390978628593574 6.971240582829795
4010.5941905532673 27.704867030569755 8.322000392157397
4013.661186215629 20.711509942964472 7.7019523330421045
4016.7245196933013 33.63318511013787 7.140549302100311
4021.3183149472306 29.78461583840801 4.670363580580997
4025.916776740578 11.270686151926187 6.41564852901933
4028.983652654751 9.406702711288343 6.378526217145978
4032.052767133719 6.323176688980026 6.287513460670254
4035.123222902666 19.44285256789716 6.372764143123735
4038.1940029143034 18.477507091491287 6.320953720653318
4041.2666674018633 18.02792601517946 6.279429825671345
4045.8780567923923 17.951527449299324 4.388941729300214
4050.4921274846306 15.109149353486044 6.189018871974359
4053.5699168714486 10.842234848031449 6.128411663695455
4056.6489958754933 9.20395347503642 6.091307596587586
4059.729368038502 12.713882464690386 6.06663243544336
4062.8109320671074 21.252130260362534 6.172704007424868
4065.8939800185426 20.096947207305355 6.0558821351301075
4070.5209830813824 14.05819262108691 4.226048921254082
4075.1505481994354 15.829233175308477 5.950631044952156
4078.238676670868 13.316606051076954 5.923356945228313
4081.328011650387 22.250531141247397 5.980747553585809
4084.418654850861 15.501653761641261 6.018173554008204
4087.510567340665 34.93733968472823 6.1591567718681235
4090.603763681699 10.757850517998836 5.985385960613144
4095.246079247356 21.596013085897035 4.239875359676598
4099.890936063722 13.354693165666927 5.740864020847432
4102.989199262698 22.335173113731372 5.741782233986347
4106.088714130916 9.33802828696937 5.663033642554297
4109.189264435597 18.286876461131772 5.738509337491288
4112.291532170126 24.563212736886054 5.855787074420693
4115.3944708554645 20.980206856045655 5.878158535052626
4118.499371233911 12.642605742890904 5.865910580221672
4123.158700983084 18.09712424640119 4.164094149051424
4127.820522012767 19.33907967765007 5.773722681319454
4130.930058039167 22.005180619338176 5.7820713228651
4134.041048993758 3.0812441391578527 5.613063625059221
4137.152864811821 12.560457953995115 5.65570021296076
4140.266136607361 16.954831645463894 5.7198489937334935
4143.380632685321 15.586588396098238 5.713363907055544
4148.055038715413 18.654198175724353 4.01986035414355
4152.731534403888 25.03887990128039 5.65908475943206
4155.850958699935 33.670462286923716 5.701916842594351
4158.971616902097 21.341040490411032 5.66307346258572
4162.093487367669 18.54637490529271 5.69069068017247
4165.216593846998 21.140975734573512 5.685295376674353
4168.34090240751 19.851471071139308 5.665339203600415
4171.466444485059 40.47340470778257 5.713177959362553
4176.1570587850365 27.047564596761593 3.9729659899565175
4180.850342181446 13.609805520403771 5.4365036440694725
4183.980739743907 18.05208535718182 5.433926701003545
4187.1123340269105 14.528423997423154 5.404308781696285
4190.2451428861805 27.01873687429666 5.449798591651211
4193.379147633663 19.628713039503683 5.4232491018192
4196.5147401044715 18.925080610080848 5.402803635797596
4199.650770427093 12.10474534721659 5.270261081833667
4204.357792458387 23.8312589627954 3.7856468641640957
4209.067283985516 4.394263369065091 5.252825204746018
4212.208375437978 17.452159805603767 5.352212020771106
4215.35076873536 18.827637247327544 5.392492824362027
4218.494326987594 13.57406244774434 5.3122653666729
4221.638857836605 13.369462499315942 5.2421075675702395
4224.785026288676 11.139141668284152 5.159370335460817
4227.932146711814 25.479773596925472 5.234914867354104
4231.08045024014 8.381951098106606 5.1138115274000375
4235.805247030366 24.433957212372633 3.715039155408346
4240.532399005735 20.843733758808174 5.256585467238614
4243.685764657946 27.11115539485818 5.2634115307959055
4246.8395654112 24.051135964229474 5.256956293349188
4249.994910366202 29.84898643161631 5.312826613651653
4253.151405405401 21.923141173318548 5.250557065263273
4256.309080637835 20.884156730230433 5.171467974937918
4259.467894182032 34.31342055593343 5.289061794258094
4262.627884348105 25.533214460454282 5.240010756394341
4267.3701775198315 22.946988155918845 3.6723139082730802
4272.114777622131 9.178730587855794 5.029971316654027
4275.279389533665 33.021131105263684 5.1496231060943405
4278.445145942995 30.10512422212637 5.110588502024761
4281.612042122465 34.744492352510555 5.170715003417211
4284.780346418457 27.136452072421662 5.111509153631562
4287.94928881559 6.491400443555399 4.9711355852124255
4291.1197474918 14.223096802696674 4.9133058173524224
4294.290896952493 22.92669689614904 4.982225929859761
4299.050519579467 12.782593794752616 3.3490003964155215
4303.812254754555 20.010817985047268 4.66687242890258
4306.988365736929 13.978214379335443 4.543610463759278
4310.16550366675 24.62047501473285 4.669184770244638
4313.343918737926 28.65954027268329 4.836757111631197
4316.523174560492 14.099436079579743 4.894305714035539
4319.703701670086 30.769931946103874 5.119578103665952
4322.88534975102 18.361092758353255 5.0877268804779305
4326.068122537704 17.80215494398729 5.133438118873919
4330.844508779351 19.059479347203325 3.6030706779912487
4335.623132727577 20.116460770420968 5.0588180999903
4338.810368743226 23.34403339748524 5.017875083787083
4341.9986989766485 19.804708037308245 4.958796802247368
4345.188144827177 9.759042200715525 4.873644249953604
4348.378703231815 8.339013533950904 4.904016787654533
4351.569774072635 11.679672415662392 5.024236543239015
4354.763136056716 7.869830129168654 5.0213442460635935
4357.957211962657 13.182926904012344 5.084035903822264
4361.151969323733 19.142260921174046 5.132148418582269
4365.946520119966 25.509779386188526 3.6594030675351528
4370.743442489883 30.64101980311972 5.182950530745986
4373.942787275031 26.70794120884845 5.145326956137839
4377.142695698375 18.43491623585615 5.086379284887934
4380.344747793198 16.054435050414 4.940914984396502
4383.547671296839 15.820095914339209 4.941673563076134
4386.751364966635 27.44095945896445 4.9660503719239655
4389.955809070048 20.923909024691298 4.957262530090785
4393.161665875134 41.573249928745966 5.095432250720668
4396.368596282691 17.452820860612526 4.9889583025785935
4401.181143730956 19.6730689386962 3.5529795665078185
4405.995837430415 11.722003902218567 4.964889786199681
4409.2070714744705 19.39835056799666 5.028050153626864
4412.419353978185 15.885650627230932 4.993335799779062
4415.632718407935 33.94023270221022 5.159907423619915
4418.847142309767 22.023342393069534 5.15049494361658
4422.062405615622 24.224735056435385 5.110867950552641
4425.27975672253 12.89509380219917 5.099912912228127
4428.49721410611 32.06705493265869 5.183868964459682
4431.715465394449 29.508070425584222 5.136323882096621
4436.545571290279 28.31394345753932 3.6542014804302196
4441.377789029454 19.282918659352546 5.078659192743321
4444.600681291964 25.923512030099825 5.127735015959699
4447.824596886531 23.627492965795543 5.142439423813439
4451.049570606082 27.4552296017615 5.13425804745628
4454.275586208314 28.064151854378107 5.097346696605007
4457.5026490664095 33.73573280644484 5.071238626205738
4460.730754516227 21.06502047818747 4.959492020932788
4463.959894387647 13.357751041919892 4.903729638964202
4467.19006060742 15.111070156057169 4.978499012359169
4470.42128908687 29.730807037662178 5.105619611056138
4473.653523540344 15.174491289924022 5.047053138261758
4478.503969153734 22.42932953858975 3.60581126466657
4483.356460499639 22.322983632487176 5.085593022554341
4486.592813360911 29.79735012664806 5.092038167527377
4489.83020114788 26.685895040489857 5.064548346608196
4493.068602987459 27.792989890883135 5.064978744202812
4496.308017011375 36.19407015414206 5.126550428949283
4499.548488239083 28.06568479930635 5.123977016361397
4502.789955960954 18.27317589448636 5.084714984482942
4506.032427824335 18.656388119870332 5.109339131211166
4509.27592674591 14.661454155261582 5.092049976954906
4512.52042072115 10.527939104236822 5.031950502959816
4517.389136656098 20.72909712030702 3.5724919746892927
4522.259994851649 23.243865938266442 5.012035486537524
4525.5085262446655 24.477868841194134 4.97589233614769
4528.758066938354 24.53953728626665 4.922490787797415
4532.008600767001 18.14161219818541 4.865512473717407
4535.260139024829 25.93121560043503 4.917114760738311
4538.51266444507 20.37172036186662 4.915668403137433
4541.7666015046225 22.607778493329903 4.993160171410803
4545.020711358633 22.683915417851114 4.94580212430966
4548.276228604912 19.8868249068156 4.897664932297564
4551.532721339372 24.02642334233881 4.90399839429227
4554.7902123135145 19.187172802765453 4.86681620079984
4558.0486865835655 24.429650353406316 4.914369478407346
4562.938161919939 20.097434842357806 3.4779108780179504
4567.830022445617 22.11004457889874 4.952833926453036
4571.092411554726 27.566884053210913 4.932907310140345
4574.355802754244 27.760885274840717 4.922642469927646
4577.620150799255 27.951914857158904 4.913189545137549
4580.885494616045 19.907145522072447 4.857198919640359
4584.151778378488 15.60250604752611 4.78922005439014
4587.419063012631 25.0853537743463 4.827945672119658
4590.687292914907 23.67155949167523 4.832585165426592
4593.955858564381 26.1148204957059 4.826783025596852
4597.226675585159 23.10683966673969 4.772219207659127
4600.497821499692 23.63387713162385 4.796625591439893
4603.769910062613 16.671370071859734 4.744198710955902
4608.679995599523 19.141267292214287 3.381705877767134
4613.5919674680845 28.167298044081164 4.826238976943436
4616.867885521688 18.360316799910112 4.799648086852543
4620.144774968273 20.68158097134083 4.828114855373689
4623.422593490057 12.849540406635676 4.772507968916004
4626.7014251582 25.743323488738426 4.804379576152616
4629.981106299982 24.511943444927955 4.80548403232107
4633.261958763042 30.951300014713368 4.810333751328745
4636.543392198849 19.433608269463207 4.766323608013715
4639.82595709858 14.824668398686207 4.690316360040509
4643.109430148386 19.449792865027636 4.702280105757727
4646.393890760357 27.92618954059995 4.725043580962645
4649.679258335684 17.845851828924328 4.668376547146175
4654.609199701357 29.404024735371674 3.3399732748158435
4659.541007864955 19.107168431661027 4.687251160894061
4662.830111326038 26.787312586070666 4.699657774942127
4666.120151284437 22.719709377829624 4.641851869401439
4669.411106708017 18.858864232058036 4.59871827487689
4672.703001240116 25.887808436869776 4.640372630743844
4675.995802753984 16.70686572583439 4.573542907855157
4679.28954089673 27.69205695948269 4.659069215360052
4682.584195332982 22.017776110323727 4.619633080690026
4685.879768089795 21.205668908536115 4.603901188721999
4689.17625389886 19.30639582744367 4.599351341167604
4692.473660402719 18.44953372773439 4.59928923697005
4695.771303842721 17.851207846657147 4.525539803144986
4699.07120219443 16.400300718049188 4.498852446730975
4702.371747972894 18.5057277183661 4.499019525473669
4707.323359508475 18.102841096607616 3.170867107323444
4712.277194597295 16.71172996493271 4.5256206360795534
4715.581588804809 29.51194168155385 4.615117201568353
4718.885626137455 18.443125669512767 4.5658885988814415
4722.191295239915 15.506528397764637 4.510674106601807
4725.497636039852 18.40372687597975 4.555444678661165
4728.804995511441 12.619550251331757 4.509388543041294
4732.113250589185 10.343296999367524 4.485519608649402
4735.422392967398 23.114456796843637 4.521048538310526
4738.732432227079 11.887938323080036 4.462991880609987
4742.042685333829 7.419513766076044 4.45221993257981
4745.355175554733 20.050216567045666 4.514710638970252
4748.66787092154 28.662462363739536 4.551852727857336
4751.981457313352 17.190653738609413 4.510070815144212
4755.2959235280105 4.1064785566023225 4.408778033242651
4758.611274015103 5.860921921682624 4.399154998018764
4763.586055212708 18.543392128433204 3.1332585913708604
4768.56243476659 17.365998029267484 4.462916650426779
4771.881456539291 27.180009552321074 4.49530668656377
4775.201183584723 23.257508874913167 4.499740120694387
4778.521785770715 22.687909294758725 4.496420191457967
4781.843262804788 17.559850827459655 4.489568711586147
4785.165630021129 18.52175530109927 4.4594513189209195
4788.488820306592 19.373477537769467 4.458945615996839
4791.812893971582 20.953582062266246 4.4670973011790736
4795.13782781708 19.704292689765854 4.468845840758199
4798.463622256715 14.384366204763435 4.4318165608780005
4801.790284503656 19.489032388668143 4.4587669205839005
4805.117810455763 18.534670762188412 4.434069528240761
4808.446179764592 26.57558608833028 4.467374376487681
4811.775416234395 27.03927547299482 4.4717671455043195
4815.1054950468615 16.60704927191023 4.429075960620734
4818.436437858038 18.20831645102392 4.437268967335823
4823.43453812617 12.975951894167284 3.1185484248109936
4828.434343924428 12.073392592911683 4.380743560750059
4831.768663064303 15.583710765248133 4.386891196070055
4835.103845313718 18.5032981786623 4.385602484331429
4838.439860210849 19.81572395330817 4.367029489801709
4841.776713884354 21.80370742565518 4.382092023303745
4845.114412082884 25.127282138315834 4.378904911252251
4848.4529505159 19.754445916784146 4.3260608186746365
4851.79231986419 18.738145388090597 4.27922577995252
4855.132529594272 18.678073263918716 4.183452582587571
4858.473557147048 17.70554602943468 4.09799181840714
4861.815431655392 13.327847819417155 4.02552405288682
4865.15812225399 5.051793946778374 3.9889698499204926
4868.502078696517 23.526225547641506 4.11951105860224
4871.8460045144375 23.737285791924958 4.1547722099090985
4875.191186819717 23.651507296846123 4.206483864287356
4878.537184737575 13.624934632509538 4.201949721852954
4881.884008057959 14.968543595252113 4.220628194888614
4885.232135904385 15.17265933509376 4.21115116436486
4890.2547565909035 7.6934886331045576 2.962364501507482
4895.279495363371 8.880792418956915 4.204676276376992
4898.629734528231 6.6683479861680235 4.2258076075168445
4901.982135629655 18.466661514896874 4.304094489717701
4905.33465603575 13.658467971025983 4.280044263956176
4908.688006567221 16.36089409419917 4.285929460834887
4912.042156971462 14.784646837030275 4.233508620318212
4915.397111981463 11.780398200285958 4.200656762100866
4918.7528760404075 22.411691129350352 4.212608635166074
4922.109434680864 13.145762254812942 4.178290228196938
4925.466815783073 11.817936651270816 4.150621064087471
4928.824295362232 28.72667101488471 4.269983259332574
4932.183938634414 22.824449256739353 4.260984135326065
4935.54369885331 11.13794914788623 4.21704813629258
4938.904259534198 24.4193313698569 4.270555929132605
4942.265610721679 18.631258985436972 4.257321483368461
4945.627282761422 19.392925621445325 4.265622347481348
4948.9906908859775 19.108808908771618 4.295762978325853
4952.354407754921 18.865680574758077 4.285391587743403
4955.718928174469 28.139019453952983 4.309001467190426
4959.084230794926 25.651942140487964 4.294938155725548
4964.133743067889 21.589897481606762 3.0197606300052904
4969.1848653940415 17.67373367204691 4.2404937522004795
4972.553256405184 19.486936769914923 4.271194224635111
4975.922467145987 23.25109784770203 4.234528841283724
4979.2924523888505 27.715867623399305 4.246573011509387
4982.663219726414 27.872005439054988 4.232558007618292
4986.03529240607 25.130558251316124 4.281357726572457
4989.407054825586 25.874520968047978 4.2009013099099315
4992.7802277446635 19.213493536264874 4.1916140049719335
4996.1539899728605 28.142296956634787 4.242732565662901
4999.528706357157 24.766790785752264 4.188135976845346
5002.9039938465985 27.944490936026316 4.2115426489205285
5006.280141094913 16.461296517966954 4.110593346689146
5009.657056942926 19.579100661252017 4.097994264080946
5013.035256418274 19.229661265707716 4.117446226339879
5016.41316426603 17.757160392985462 4.065344081351068
5019.792365753629 33.01670752567198 4.154179960028332
5023.172330288683 27.873314007968936 4.13853255634808
5026.553034078144 13.304315766832536 4.089136245365049
5029.934499838022 17.46646822607964 4.129564909682846
5033.316727144012 26.32275152571824 4.147995494154784
5036.699698083547 28.149563019121054 4.134785675012431
5040.083411837909 27.32707696781604 4.124062930681526
5043.467884042298 22.649938801105336 4.08557588553249
5048.546093611331 18.456761521338986 2.8871633638979564
5053.625777949971 21.31805511271235 4.1354206910434
5057.013227917523 14.56062458010538 4.131958427695011
5060.40140602859 24.25374541287275 4.162239859193548
5063.790365013216 23.523109108344897 4.145167585346375
5067.1800393108315 22.992236254731093 4.1381184220371
5070.57045076482 17.57360190790872 4.081397334278626
5073.961579775538 17.829040656129198 4.044577463607744
5077.35347752739 23.823976782149686 4.085705898127526
5080.746090737936 24.156239792256923 4.063502073647961
5084.1389769910265 27.635710192410443 4.111023662409628
5087.5335140945335 18.493013855360957 4.089786926388674
5090.928321857545 18.29368845485642 4.090803791100118
5094.323855397041 20.537274127989225 4.0774332689969945
5097.720112222707 20.452816869079744 4.086428251253354
5101.117101470152 22.401116208998307 4.09135254799421
5104.514796861887 16.33459379288646 4.032878138624164
5107.913236279981 27.185572471269918 4.111462464916632
5111.312389382166 24.438529416568056 4.089208548369518
5114.712242218179 9.469025339976154 4.04425035792843
5118.112832322646 22.633227876946172 4.105635981697946
5121.514132916913 24.24478309879563 4.076818721258453
5124.916155431037 20.892117863338623 4.03736756953972
5128.318881312526 18.509784295471434 4.023371130021316
5131.722320401498 25.56831659433682 4.028791705040747
5135.125691772622 20.077023282099212 4.0199694305819325
5138.531322378816 21.688541826620092 3.992141897576474
5141.936891344584 19.39710160708222 3.9632732284023833
5145.343166652115 21.554525351440272 3.9637372373780284
5150.453991095809 19.781080040933528 2.805521014400321
5155.566207629077 10.36975051395899 3.946042411076274
5158.975254197698 21.55667702470484 3.9526734665631054
5162.385082493822 15.792147468320415 3.8790761681827304
5165.7955642287425 5.577640146296602 3.7619830290461276
5169.206635029408 19.303512117009998 3.7435113309066175
5172.619085568932 18.14221910620317 3.721398784098522
5176.031174057078 26.078905528968733 3.7827325419679325
5179.444432734492 19.893542135641322 3.779712229621421
5182.858381971696 25.868934580101616 3.8448331550489985
5186.273027419138 28.228829419578446 3.8643651277110154
5189.688341641163 20.529614029361607 3.813503222714435
5193.104369369551 22.885569173625125 3.8665962178531617
5196.521062021228 31.658812159630322 3.959532621595981
5199.938444841483 17.341864978438903 3.916441190653381
5203.356505088919 12.351873592349337 3.8947533613984056
5206.775258790485 17.958600330434408 3.909670499284879
5210.194680925056 15.301725463357926 3.882286374187816
5213.614798784184 15.970794029842986 3.887944901777311
5217.035566052555 13.393691607038512 3.8901482985879787
5220.457036854275 22.495084577704464 3.934225847198767
5223.879162128601 22.59462810579868 3.90188515559452
5227.301972572187 17.756143776233397 3.877727244241971
5230.725442607778 15.6679725513342 3.8521952677711173
5234.149603374482 19.393331218544443 3.8747602864893653
5237.574405291178 16.110787678393393 3.9104240891841537
5241.000202272748 18.314307402347982 3.9000905808167197
5244.426047931857 12.536038313973332 3.9199646919045397
5247.852877398175 20.81822422698435 3.931232695562118
5251.280344369206 15.181026997686168 3.8967085757815276
5254.708501912304 23.098089278536634 3.9227837691150094
5258.137606373249 18.793524701030552 3.8405818719747336
5261.566772057255 13.224764303467147 3.8187440403130015
5264.996884911555 11.51001326113213 3.7293109816601344
5270.143204274 19.965073018227823 2.639292885345757
5275.291196094877 23.527536389253946 3.7827669853261408
5278.724324531435 12.370728546852432 3.787429840526085
5282.157334219452 18.040666358568025 3.8704654867382406
5285.591384144974 13.306870065030479 3.8533684672715722
5289.026077333467 7.522235736859581 3.843142333652825
5292.461416962677 15.825426846650592 3.8782596342539266
5295.897411955794 18.933968422550155 3.8752672218335227
5299.334039554117 22.941109483861784 3.9080667148634975
5302.771331243667 17.895550837392683 3.8448891988451845
5306.209244623402 17.734387507901022 3.8714584112107064
5309.64782078249 20.466386525447128 3.8953040078714
5313.087017792764 10.418064950307631 3.861252932980007
5316.5268730452735 18.175414267250098 3.882659391651526
5319.967335374832 15.357457652433073 3.8492281581338497
5323.408131843505 16.725944501030245 3.808431515643794
5326.85021071677 19.60871936924884 3.7917023912033985
5330.291828508779 21.923891096937727 3.8204351663183207
5333.735619096333 18.66041012857283 3.7889365603539797
5337.179273105507 23.233590262192298 3.8243380353487066
5340.6235435002645 12.670947009321393 3.793520499864486
5344.068463301597 22.195423499253106 3.8393538623055976
5347.5135200421 16.005219884540523 3.796508708081373
5350.960167382391 24.95508835512186 3.8646037252801446
5354.406948865182 11.997153019304587 3.826080388564031
5357.854363502371 19.09480718005565 3.8569768731395953
5361.302394050137 20.54862983258348 3.834856071875139
5364.751633060457 12.348350369548257 3.776944252362009
5368.200327109695 21.651356402214535 3.8187768466201413
5371.650805344872 30.852268730393835 3.824407482655259
5375.100704126526 20.93565460608487 3.7893333140090895
5378.5518553590455 20.068919941752227 3.804132965966699
5382.003596488305 17.699089072947906 3.807189187175511
5385.455947254849 18.87148394043058 3.804096081441145
5388.908802540702 20.095857875330932 3.765338317271956
5392.362495455973 18.26980313467126 3.759134011639583
5395.816686820071 15.894285094827048 3.7285060021060703
5399.271479966758 11.82101836271255 3.692497934865838
5402.726884124512 13.672116564090073 3.6715442027988967
5406.182893773646 15.814694963640862 3.6889337645325004
5409.639718606251 9.13399661958341 3.6331613607485527
5413.096721194469 14.18015720418948 3.6769655548034477
5416.554556330065 18.783172298497675 3.7275328064647635
5420.012097941778 5.497822325184048 3.6904929185375344
5423.471998028723 15.421029436635477 3.7179297126386626
5426.931607817563 13.23547498297914 3.6861234502576234
5430.391837537994 20.752692490369704 3.7351046647286053
5433.852647795395 18.261313690476143 3.727699504412455
5437.314057294898 12.8932790348699 3.7344740392703883
5440.776063418627 27.458361997462266 3.7797002973200895
5445.970250613492 20.76609715875269 2.6494568937055956
5451.165640314643 8.334916536238584 3.696114256268721
5454.62999759156 22.06883207996134 3.7519979966664234
5458.094964174857 10.689689590971813 3.7068812199294006
5461.560495893154 19.125296977972887 3.71760352087138
5465.026635549918 16.421040756855625 3.7357553049261525
5468.493336712416 18.606276895524815 3.723484058916869
5471.960653214416 19.10535765407898 3.7159559498887687
5475.428553098623 11.112495836730533 3.6546368570695797
5478.896982340733 25.4075443326358 3.731632220095914
5482.366378578541 17.271069154966504 3.655453990980954
5485.8360076669 15.001410016969588 3.6615657340539998
5489.3061879928355 16.76728310810301 3.6768687907049347
5492.776972982358 19.365329087669245 3.694725660269096
5496.247930578737 14.26943128514744 3.699823209147748
5499.7198656353785 26.62070785841311 3.7636370806438575
5503.1923461185015 14.503465850848345 3.6914880966127686
5506.664910760584 25.706657749667436 3.6963826941392908
5510.1390472610265 19.602963101304333 3.682640199819959
5513.61324604182 15.200587262013775 3.704701383867539
5517.088015928826 14.13007555944153 3.6891769164024817
5520.563361548292 21.814114458925655 3.7118459734339813
5524.039248233783 14.992039768809363 3.681118559526361
5527.515719103122 16.92226632840206 3.6646984618121703
5530.992753456146 15.131650839941877 3.6630517197417882
5534.470348036121 10.882446829876184 3.6401435057112006
5537.9484950844235 13.830410920395643 3.669026521011703
5541.427208896093 8.170443031632216 3.663691903433979
5544.906471097968 12.385532291064491 3.695875628460271
5548.386314613368 13.068182837661796 3.6873549250758058
5551.8666851132375 8.45313470333477 3.6551784343553324
5555.34811724567 19.19746980651682 3.6947785558090316
5558.829126725444 12.991283578549526 3.667676856798852
5562.31117004347 17.726992966818326 3.6860228480471187
5565.793770254859 16.381924289328442 3.676800645445434
5569.276909070241 12.430801798764461 3.778021444763577
5572.760610755537 20.55576797383798 3.967365254926858
5576.245386572482 23.44120410409207 4.105355243183909
5579.729097927104 14.294300683679536 4.015203457766665
5583.2150047639225 14.808269025820415 3.9435640094830466
5586.7008810823445 9.262217336541948 3.7913402509397316
5590.18732545786 14.082588540021373 3.6285695667410174
5593.67429021952 24.09263146331279 3.6310987391762235
5597.161805332789 21.823717883866863 3.6304914567839806
5600.649848471274 15.72942371208144 3.611401371128941
5604.138452975126 19.773236960235284 3.655907723046643
5607.627575962958 14.758349627112086 3.641804734433103
5611.117398336636 19.289832454603204 3.6409349892382794
5614.607458483324 16.51839116372098 3.6498798685574028
5618.09820486457 15.422128224414013 3.636580387087848
5621.5894801127015 16.17252494448307 3.62709570437627
5625.081285639395 10.960994192842731 3.607514001569419
5628.573616484832 3.326235317756634 3.5854446311034702
5632.066496483688 16.181722552686168 3.6419106860294996
5635.559888293476 9.938228050561554 3.614441708464329
5639.053823598229 15.318276708669492 3.6258714046209586
5642.548273031843 9.119891118540146 3.620932699713731
5646.043267337407 15.853921029133708 3.6377735320555655
5649.538770710072 13.690600119048929 3.630196059990984
5653.03543676049 15.979572232140802 3.637295494402767
5656.531359804477 20.719382221497284 3.621951141108472
5660.028442611596 11.973400292223229 3.576073757449117
5663.526030287608 18.164568340699603 3.5917103872924563
5667.024156270334 15.75163476755182 3.6090916677103513
5670.522782480762 18.685004597913633 3.6403252180170846
5674.021801388521 17.281877722209245 3.620163143685463
5677.5216112794815 13.858423568591743 3.60580501078524
5681.021807269447 16.019337982041662 3.6240632173710448
5684.522505154441 15.074513942917221 3.600472756409493
5688.023730151463 11.599206726854714 3.567295004374497
5691.524770465243 12.035356252554514 3.567519758167245
5695.0276904925995 17.3098045394972 3.597675521774913
5698.530434697463 17.663320858273117 3.5867903102693393
5702.0337029027905 8.027531567988294 3.536864637963105
5705.537066965058 16.584825435459614 3.552360692849312
5709.041761647261 15.888198218055674 3.5579537930847276
5712.54651076633 7.594863787387655 3.5249771954096207
5716.051811984394 15.511865630975079 3.5689901414550276
5719.557584033632 17.40545856531543 3.596928853634116
5723.063895233389 13.811780391202316 3.606157990684956
5726.570678754455 12.262192051858369 3.615872223055239
5730.07798643877 15.557749310011543 3.63521178392559
5733.585771757533 9.858494147815499 3.600862442364917
5737.093843523109 9.579549578699638 3.5859100165328592
5740.602853323902 12.657681923681599 3.6006091512912803
5744.112162948559 16.546815197736723 3.6266660028924753
5747.6219338348665 12.67504029241894 3.583599265419003
5751.13222779511 15.58303370928656 3.597885842473141
5754.642991896967 8.454344959827544 3.5553824544256294
5758.15427286351 18.847872022218493 3.6030091342413884
5761.666024683111 11.736610806490479 3.577659685285363
5765.178281103145 17.482474771255372 3.6021161100115395
5768.691383049989 9.791124072980859 3.5550371194192563
5772.20424674935 17.620180135588804 3.622616571066624
5775.717964799443 15.573488687230766 3.6047833978531068
5779.2321739859235 10.093148392671747 3.5621400414970195
5782.746854487658 11.395551975778611 3.552450974013887
5786.262036307476 16.043158543028184 3.5824915897393774
5789.777691272659 15.252989116841176 3.584489912771779
5793.293309452554 13.192833697944891 3.574976365704557
5796.810451093472 9.691803142608464 3.5992825613963118
5800.327560346386 17.637461300424377 3.630651568365289
5803.845150781358 14.14502007963804 3.6100551491326267
5807.363250970321 16.781234186189334 3.615581175837709
5810.8817500221 9.651422630234462 3.600678738526186
5814.4007702002855 14.359905304956163 3.6352476250183723
5817.920254797586 17.65370746216178 3.656765684752916
5821.440229707216 21.29555948065855 3.670478085269626
5824.9606742557 9.849273201432299 3.632336452670737
5828.481594354473 14.708950170524076 3.659892936674086
5832.002986919724 12.328786157245345 3.628221529539033
5835.5248412296405 4.156138375437447 3.5933716938391744
5839.047178830325 20.275993778017174 3.6795527094897262
5842.569919057588 22.207989507184564 3.67473933588993
5846.092606341855 14.829201737105251 3.636493572582642
5849.616977403595 8.948466133112161 3.5917913083488657
5853.141178941754 18.697371300869523 3.6274051684440485
5856.665839820189 16.23246952571601 3.6144514134742796
5860.190979548876 15.471239197586511 3.602426328878945
5863.7165645181385 14.55639956299762 3.5874287373730223
5867.242627833825 11.465471296900422 3.608182094061904
5870.769154626618 18.072715160251594 3.63321791113059
5874.296132553273 15.489778386575564 3.6263785857042174
5877.823575308404 15.647557880434606 3.6183770325836333
5881.3514640844 13.521898722789155 3.608782021810228
5884.879824887628 12.40961346947736 3.671762575355958
5888.408642910145 6.510471167215123 3.7230170265641664
5891.93789661599 10.498420487669103 3.7805752328660396
5895.467633565635 9.951855330073835 3.787214167850333
5898.997820058137 19.140104908715887 3.7656909813990396
5902.5284514475 17.248147447471126 3.678377203360727
5906.059527512232 19.37328832386568 3.605734132702756
5909.591072936686 17.57330009005631 3.546994717170269
5913.123053322349 11.874955533222355 3.511385897903815
5916.655500217156 14.234991053679632 3.5121379108290114
5920.188366603959 7.712679570052945 3.4926491689799675
5923.72171190933 10.989635914856155 3.5047177595927
5927.255483277802 8.42804553146809 3.511618511133995
5930.789722986599 13.979275006432152 3.5342254941752955
5934.324379586593 7.390734189844917 3.487345070539065
5937.859499386161 15.084651846772985 3.540661152806336
5941.395060542454 14.368042374698055 3.5075748403320857
5944.931054349502 11.030757040079413 3.4965581870226714
5948.467496476131 19.436961758974338 3.5190625600550667
5952.004388261966 10.376336363991877 3.4745556616556135
5955.5417028835245 12.828513084830243 3.518074158931078
5959.079471927702 11.802916923429562 3.487770384911859
5962.617657312817 6.649099230018005 3.467172151243523
5966.15630268934 11.547285206466858 3.494826483720343
5969.695372545965 12.601236943250486 3.5099356421578056
5973.234892760964 16.12723616366837 3.525063913146332
5976.774823801482 16.41834560075802 3.525049697270115
5980.315213915418 10.098093726192376 3.491102135387263
5983.856012626076 14.117793391018632 3.4947734295954307
5987.397267686068 11.475287196697012 3.499861526419752
5990.938919300021 16.23419823285988 3.500684726992895
5994.480045718518 24.30113580210633 3.524732668335084
5998.023553517725 5.986762635574753 3.4569284813835335
6001.56652448701 18.356860068838653 3.515121544093873
6005.109904451702 13.178078133727087 3.4898889997208404
6008.653725750703 15.02091688995628 3.4960852075337066
6012.19795857546 10.939753307667067 3.466739973294913
6015.742624807779 16.373626164245398 3.489708069987841
6019.287711051932 14.09475253089805 3.4847360112449164
6022.833227230761 19.05499352020204 3.4916346333957433
6026.3791591218105 8.58839065906953 3.4371631612640607
6029.925504168581 18.54421950384594 3.5128797771753137
6033.472298345112 7.691318463257877 3.4863031185180904
6037.0194867181835 15.806242957328271 3.5234528894838895
6040.567104447382 17.556026422955725 3.5306519983350837
6044.115128142085 9.691863188688785 3.4909212685294464
6047.663567032371 19.269737496743353 3.520712599765241
6051.212537732451 17.7167502244035 3.5007448488399446
6054.761737227908 22.31875208565943 3.548559748987179
6058.311432769404 21.00819914556475 3.53562043215204
6061.861551250698 17.1504350316767 3.5187976843934403
6065.4120717752185 11.582802903303275 3.4968806363585414
6068.9633196074565 16.741234819008728 3.4859854408620063
6072.51434747571 15.888413454818751 3.496945122657793
6076.066127313081 14.02550639443964 3.487454277827219
6079.61828482262 18.55139296766816 3.5047277684413887
6083.1708724210785 18.48486683138099 3.504162938700093
6086.723852026775 5.560876202475803 3.4194663259585574
6090.277251553573 25.136120225400557 3.5072019368827285
6093.830979775051 17.01279218399327 3.473325204724743
6097.385254843228 10.790186133630852 3.442989981703635
6100.939870423618 22.566186144509597 3.493706440537254
6104.494607468093 19.694636002078187 3.4704471474755523
6108.05034107985 18.321137794250763 3.474135941620474
6111.606142288302 19.237481494968442 3.494846558044067
6115.162370011913 14.4442161965195 3.481509001497244
6118.718990217234 21.19058580588658 3.471773890530308
6122.276015716646 18.840506135396325 3.4606287894153227
6125.832480597358 16.290244519289274 3.451578201774192
6129.391269295407 19.389345464886915 3.4609806486327734
6132.949499004192 17.819677839833314 3.4529716973982523
6136.508121022831 17.103593105810514 3.4447564721122466
6140.067129510339 13.222972346891401 3.412062005959764
6143.626538684904 15.245139145150826 3.4433800262311993
6147.186365345226 21.309084017485215 3.460698295305977
6150.746554098021 17.77643952907625 3.456783517950848
6154.307165236083 17.781105223890844 3.4446299086172254
6157.868135800709 20.54665940165059 3.4248989603484215
6161.429527780306 14.933746160064333 3.3812750027510985
6164.99129307535 21.575453622779577 3.407588456108948
6168.553473476847 17.98354954452032 3.4059115670218336
6172.116004139941 19.79279701152368 3.414334742944519
6175.678965169487 17.785132490250817 3.4406152871755094
6179.242273698652 14.945065986869734 3.433090180014513
6182.806007994172 13.653986330987099 3.4345480803153787
6186.370087337956 10.607507989539991 3.419208390844032
6189.934606631589 18.62770144061063 3.4514446289014495
6193.499453402497 10.623999185871114 3.3979733865015227
6197.064735302203 13.83860960078586 3.425999080412068
6200.630353060654 17.33065819465866 3.439942328976873
6204.196401402245 14.036456024481138 3.4393027510202385
6207.762789706321 6.673174939347082 3.3980353256331393
6211.329511052192 19.103604008202076 3.4303785027731286
6214.8967394146275 8.481965128614478 3.401686265031465
6218.464340091793 23.792221484434258 3.4652305413369016
6222.032229624964 6.970833304684398 3.38619327308132
6225.600538023547 11.770045961571583 3.3944468929029545
6229.169220629949 15.589907729781459 3.426176061419991
6232.738293199459 12.049085100889963 3.3961722336838758
6236.307715654296 9.347735646636595 3.379834155089263
6239.877549609268 17.813275252867285 3.4328799811676336
6243.447723288155 8.022733039981361 3.3644520396592856
6247.0182756431295 12.862456523736979 3.3782339758641298
6250.589234075154 15.308968537839178 3.381171258518655
6254.160528984501 6.61980262793171 3.340835872977329
6257.732216218646 10.135616295021507 3.372787093484472
6261.304275307458 16.182583780889765 3.410166901420559
6264.876703157521 14.311756038237075 3.4107179124613007
6268.449492241308 11.415799923487493 3.4022990381604683
6272.022659931265 15.775945577336744 3.4002437502188796
6275.596194814416 10.716306244077385 3.3500495266643044
6279.170083918268 10.54888964473194 3.3598360519652735
6282.744363846109 18.436682688912533 3.381233505440095
6286.31898606397 16.716299360763045 3.385049128570145
6289.893989397533 6.7411655367782135 3.3954092954610253
6293.4693321198365 18.22545242181798 3.641053352853293
6297.045089828506 16.682479829421172 3.809069630652003
6300.621174903438 17.194254356595323 3.8497736011091823
6304.197643779729 14.892224235414863 3.8488050286085476
6307.77445836609 20.178489141508454 3.758891385634039
6311.351779271448 20.370979209307297 3.5623046319317626
6314.928793076798 5.687827028404518 3.3792395523042797
6318.507099259752 16.38307576704118 3.3773868643392935
6322.079340013644 19.452085644321176 3.435324207182467
6325.658056217274 16.706242283709344 3.4545764236477736
6329.236994383653 9.726534061846477 3.438115064169553
6332.818265428795 6.747128629948334 3.3784950392192443
6336.401979428358 18.362033261825665 3.41080312755373
6339.982502102693 9.506953809251279 3.335689988568594
6343.5624595657055 7.9518866483253605 3.3357801248120595
6347.1432328836045 18.38960240510277 3.4208025873223944
6350.72433388159 8.96249567441354 3.373638330786967
6354.305813938336 13.87847115785471 3.4274249071815626
6357.887634022147 17.57186631417029 3.496500859583144
6361.470799201864 15.630122077522977 3.552421350759672
6365.052347512307 18.041160168266966 3.5731943136508613
6368.635237557315 8.893544607691878 3.5172564530333483
6372.218465511604 9.756963282190156 3.491966147739424
6375.802070974744 15.254128103885957 3.4355065423797218
6379.38596784345 7.907414392446244 3.403855515955333
6382.970283203967 19.572678772995346 3.4392852665814884
6386.554885858303 5.736029148327709 3.3940113603577786
6390.139882674488 14.145011994707382 3.424849212527689
6393.725194642318 8.157060801979535 3.3870825672781506
6397.310877980199 18.245492027498415 3.4565414154640948
6400.896892038212 11.92443891079319 3.4007064825024194
6404.483261913802 14.1646897880999 3.4091234099154795
6408.069967787971 9.23216294335508 3.371570030394252
6411.657018627144 8.132793189175567 3.379295903190302
6415.244402769631 8.133815851840751 3.3745249936008
6418.8321417135 14.811043496912383 3.416570766827477
6422.420225131355 9.778624997878032 3.3885883600957025
6426.008653308198 8.726783843470828 3.4075090431395765
6429.5974189161125 11.364179960725904 3.4137211943575014
6433.1866397760405 12.576720265853693 3.4143552905105494
6436.7759667172995 13.759245559210292 3.411201259516859
6440.365736955341 15.421096414261111 3.431253424403085
6443.955871270744 11.14873660085874 3.4166147683587775
6447.546312628514 13.010871270468698 3.412054662625288
6451.137126896641 6.6234760913875945 3.3901880864435814
6454.7282483629815 5.051237501528624 3.372492898707997
6458.319730906133 13.026743600821396 3.3896322597399373
6461.911522141902 11.590033482948739 3.4096907561786987
6465.503816801795 10.669401147320622 3.379435293450274
6469.09613630402 6.037482525089088 3.3564859765558857
6472.68896458994 11.478358475124857 3.373455622560274
6476.282085185541 10.694019721475778 3.3622782324386926
6479.875587843656 12.84560042062706 3.3604087370606917
6483.469365467825 6.846976558856354 3.340148812842053
6487.063538854989 11.128402326991992 3.332924626815728
6490.657977749698 9.846910011373708 3.324310252830242
6494.25280959899 13.25031536420522 3.350272401146737
6497.847912428549 12.390310090515113 3.3407443731245796
6501.443397623771 14.017983586660106 3.3937884051230105
6505.039162515903 9.031698532011111 3.385294863617846
6508.6353067261825 9.319752001202193 3.40557609012137
6512.231734581802 3.665426817516782 3.349141421630314
6515.828534176805 14.484803490018805 3.3984320042545106
6519.42560410521 3.88448287015107 3.3257420064702057
6523.023042288904 15.861006309659514 3.3907940702293433
6526.620788248291 10.27232560989893 3.3935728185834346
6530.218876777366 6.5946779576885515 3.3838927500988993
6533.817267067157 10.272002136340769 3.4140397249703662
6537.416000439002 12.503180350079296 3.424483397534799
6541.015028084601 16.534151193589466 3.4055128166509703
6544.614435323745 11.388174233310087 3.3699361867167017
6548.214114546539 10.817448417511187 3.359228958840083
6551.814146638667 11.570398715658639 3.332828399027376
6555.414466823052 9.701463054376465 3.2598023450940397
6559.014648447372 12.190876311469802 3.2034401538832658
6562.616103563233 10.037114954066183 3.165699397513038
6566.21742993833 11.664696832845452 3.160579128341838
6569.819022159347 5.736938685706716 3.1851590738219744
6573.420976180895 14.03998493806507 3.285607716251421
6577.0232185092555 12.088416068033094 3.342944175458802
6580.625815926138 14.248845283960295 3.3704105140984435
6584.229694243602 -2.3337162839169596 3.3040003624270007
6587.831167976534 12.078609005220525 3.379515366105961
6591.4354339295705 6.722350644069895 3.342941177395356
6595.039270893676 13.270437006174388 3.3681289675635715
6598.643427022967 11.12016212733564 3.357199546667302
6602.2478980468595 6.82807865617127 3.3487942719571877
6605.852683594539 6.133284774154122 3.3619846086118232
6609.457784251164 15.641725752897841 3.405065454390265
6613.063223644331 8.58257746025064 3.3669757079019345
6616.668917502465 13.933148468059441 3.396247485226684
6620.274556446591 10.381247419201776 3.430978848649124
6623.881312062711 6.499148326780613 3.3593617232197945
6627.488593140077 15.667436482747886 3.381226095151954
6631.094956417523 11.843554530794773 3.376380736118747
6634.702235819021 6.09301234440369 3.328423002586234
6638.309836613435 16.721242610744035 3.3884108947505562
6641.917734642658 13.574144140099335 3.3731882268289333
6645.525946152994 8.096304345814703 3.3633034790285246
6649.134479750076 17.958880682239077 3.4066250812463355
6652.7433024855 9.844238564231635 3.3713574822604304
6656.351684261816 10.993893852007119 3.3649926659286753
6659.961878330609 13.759820711438746 3.3673730690530665
6663.571624258616 21.852280568348373 3.4051169629074987
6667.18169770873 11.201577437010068 3.3517528686614715
6670.7920534400055 17.85114277108252 3.383364030621765
6674.402730586613 18.8555996452143 3.393989213141529
6678.013686249552 24.418792426740055 3.434429895237566
6681.62498506713 21.52893030706164 3.4073605065059827
6685.2365191636645 21.023887198590497 3.4027732723662294
6688.847935906792 23.30561543672879 3.395314838572229
6692.46062507403 18.74493196626827 3.387798567950701
6696.073148816088 15.671233231682344 3.383923848671532
6699.685913796572 13.820351922008994 3.351033652500503
6703.299042052777 21.067632219734506 3.3830189114409612
6706.912414028117 17.626701500851084 3.371520982013876
6710.526135227512 17.97376790062096 3.3898244441737546
6714.1401153665465 17.062430379296856 3.3546281913408174
6717.754442061057 20.104879062244844 3.394646185769284
6721.36901690988 15.955958306089832 3.3630352760983846
6724.983975202473 13.529353627069458 3.34384197449893
6728.599126708686 8.3685236936211 3.323859499610591
6732.214633442187 14.709179926602504 3.3716458310320774
6735.83042744389 13.517292938348609 3.3354360917228276
6739.446527043725 15.09867470830987 3.3552988449901773
6743.06291697529 13.763811780264392 3.344493814393352
6746.6795995474395 17.080707309832807 3.358445691377304
6750.296542049805 21.44423229379204 3.357660748735707
6753.913868476284 15.964108794710754 3.3363178871184105
6757.531440976652 13.263250321842431 3.3254587188838216
6761.149329022547 13.826897975143519 3.3373586165401403
6764.7676938025115 16.911599156884083 3.335601352220267
6768.385953141605 16.216754536909466 3.342875219318837
6772.004711948921 16.500353942074103 3.346506972742509
6775.623768680606 15.735554740158701 3.342806261756867
6779.243103080015 19.670267565760042 3.3619577787602375
6782.862744579434 21.400608897097566 3.3797585380968753
6786.482672953171 24.130280660805933 3.3886356826175303
6790.103617161862 23.980434372553777 3.3756400460457727
6793.723413798555 22.187287478232296 3.3799142182951845
6797.344218959364 21.7583854127683 3.3733531233681995
6800.965305096935 13.352716684940969 3.3366317920835162
6804.5866943476585 17.4298070825171 3.344688592465167
6808.208379426315 11.66743466730927 3.3216485668769087
6811.830352505432 19.27381510015649 3.3372595134353675
6815.452604246051 18.058525874992032 3.334127239837141
6819.075587740772 11.85094950027572 3.302926364318896
6822.698217523957 13.730404367022905 3.3253140520849107
6826.321116149344 12.220507051555634 3.356451637766565
6829.944518346159 10.391452052745459 3.3677822871438594
6833.568969731958 12.232637944292115 3.350662769712776
6837.192212480143 13.64484745667743 3.3506433271439335
6840.816495833028 14.984315133191128 3.336098586700816
6844.441055501201 14.354182321172605 3.301448287506996
6848.0659122921015 20.105379014261906 3.324760944938329
6851.691040013098 19.3433180625206 3.329150113954488
6855.3164649336795 19.470627213404484 3.3304609218224437
6858.942170501185 10.614826785342308 3.2966635222943546
6862.568177241253 15.772767188459962 3.2660530171501314
6866.194452095534 8.643613758497915 3.1061454533855475
6869.8210036920755 4.9994187731360595 3.014682556163772
6873.4471145173775 5.583170399590401 2.9557394996856012
6877.074978751371 13.836818597682667 2.9581188913488488
6880.702391042389 15.293690502451161 3.0249941857277665
6884.330085661536 12.121335519357219 3.095322256444558
6887.958086336744 11.512078051113072 3.11883403716113
6891.586333587535 8.714825776895367 3.071992668247858
6895.214889564032 16.05117541494805 3.122506505277795
6898.843709588897 7.917987017588104 3.0954258676169912
6902.472803899862 3.5274934454986053 3.067797500385457
6906.10220055543 8.414891536853798 3.138673709280443
6909.731883675423 8.247425105265913 3.1410868267113297
6913.3618228081605 11.520654326658091 3.178818699985379
6916.992073483556 10.195897608034983 3.191971997242319
6920.622501809422 8.642273877565815 3.19211014821736
6924.253373720276 13.96171500453595 3.2164787457906807
6927.884181894802 15.263136331724704 3.2172186963878113
6931.515798205618 9.809862811386251 3.174954103524683
6935.147398734461 13.451584883946424 3.156504874195285
6938.7793394205955 12.614596291701016 3.1454614594641885
6942.411466278505 13.325632199890466 3.1626063646272318
6946.04400212702 19.613571399496383 3.228302259921071
6949.676706362835 9.629667958773624 3.1702882400599868
6953.309799289912 14.107412710215048 3.21455719490959
6956.942600882941 7.704648011926619 3.2103766212052522
6960.576621833797 16.440261073738316 3.2478543540131675
6964.211212855989 15.37032056654331 3.2608598112760214
6967.844602288819 13.67391587078595 3.266645211768826
6971.479230523805 5.134928666558858 3.2632731769354613
6975.113685940582 8.407086794055424 3.260999653945236
6978.748631498368 14.178901445509178 3.282323865611548
6982.384302178304 17.326027055049558 3.2548470511024195
6986.019362867103 16.281023371264183 3.252455166475792
6989.655151356239 11.889960555215199 3.2016015606687724
6993.290737138021 14.695301340412893 3.2262930051414527
6996.928638830675 18.44538873327793 3.2424125475546437
7000.563638397286 7.717064611872395 3.2063531411025945
7004.204331433684 19.235394507556705 3.1484010320958173
7007.848265178955 17.614782157586202 3.234387608102973
7011.485654129877 11.635413846183992 3.2030412297030635
7015.121970010174 6.7754271939747 3.2662156512369083
7018.75128381919 9.473330348534336 3.1797722955727603
7022.389508125901 9.80716159685108 3.1784592542000545
7026.028033313765 14.67299508726677 3.2258363230142417
7029.666823053825 12.94337067313111 3.19749024602049
7033.3056799097 7.70566848391978 3.1811099997393986
7036.945984749057 6.748356101927401 3.2223795969823015
7040.584822920613 11.406696598416747 3.23393671774297
7044.224707105543 9.942897090504276 3.234166044406768
7047.864847217821 9.529522891887527 3.242254901824854
7051.505261526537 9.474159620021585 3.243744502561022
7055.145951536767 12.307835043298116 3.2668047484374054
7058.786908352538 8.608557223945239 3.223415138478412
7062.428125671738 7.9405431582111055 3.2246399442593714
7066.069635866356 4.50443163322761 3.217061373770949
7069.711389155662 15.173063947501475 3.2730481719015057
7073.3534442814735 10.88871990991808 3.262348597261466
7076.995731456194 2.9696818390562303 3.237150456715691
7080.638327200776 11.656892851956503 3.2990187978092127
7084.2811707271385 11.592911352010152 3.2958212929370343
7087.924300700847 13.493709728804262 3.2977881862490763
7091.567651055373 10.09362552920686 3.29015116720769
7095.211313397675 5.546379276219748 3.2698467265646802
7098.855222768151 5.625876087474696 3.2698206732485606
7102.499431629986 11.645700770065599 3.3056516360140695
7106.1438669559275 12.75524732102739 3.278969482756989
7109.788592713938 5.98804847415318 3.2668216220525146
7113.4335805754545 10.154126983245717 3.287358168462302
7117.078851535786 13.175082687092866 3.312121410213802
7120.724354912222 9.346570861789024 3.297655982140204
7124.369857088866 6.304954206072317 3.3378706023737097
7128.016203477778 9.833598988867182 3.3018110390732973
7131.662542721304 9.366763175757528 3.3396311742038813
7135.309118792628 16.63034000513377 3.354801468825008
7138.955990393007 14.51283427039005 3.3365221539925254
7142.603163537413 9.68102246761576 3.318622362002613
7146.250503094373 17.802298909423243 3.3301404160084953
7149.898136972053 11.548478451352564 3.30715965462079
7153.546084830406 11.307255035487726 3.2951233261261845
7157.194247873318 6.599318546040787 3.2429518852689796
7160.84271715162 9.418629137881341 3.2218212616275883
7164.491421369435 2.9839515425833727 3.1157893722817396
7168.140411419757 9.42408974885665 3.073153896242039
7171.78964644985 10.356828049898903 3.0155717325171767
7175.439172233309 8.797051625918305 2.9544998982995576
7179.089802423975 0.8932729485794638 2.8694677348482087
7182.738974373144 10.646920051031074 2.9149789467785987
7186.389268319722 5.851055143649179 2.874580070072622
7190.039829964215 12.760777217751102 2.923066467083513
7193.690664083377 12.03913362872746 2.902747585488099
7197.341768954376 8.087030744253125 2.8888915789028213
7200.992455506486 1.608014947209484 2.882332410165484
7204.644724318542 3.763456407194797 2.90798235726698
7208.296622961406 5.602439354389298 3.000743890915143
7211.9485979064 10.237103406847552 3.0740261595351033
7215.601181705716 17.705575402993045 3.2028034159675176
7219.254341772809 10.598123647809993 3.169047171782724
7222.906814772748 2.9523590730362015 3.1390105718319807
7226.56000948973 2.8288850195959316 3.114714831215111
7230.213455068032 9.592342883000637 3.089177091712639
7233.867212733384 8.713176476737301 3.0773254778853922
7237.521167282183 10.284440646557446 3.103571156357556
7241.1754402692495 14.99362974354011 3.149524542053228
7244.830740729472 16.986566414526507 3.173159016298601
7248.484722082542 12.616432513702849 3.154368867834818
7252.139760919603 -2.3415819848182635 3.0400762902988427
7255.795056375708 4.231183151627868 3.0053511639942787
7259.450594787736 7.9030677005688 2.9964640244220146
7263.106455946182 13.461133575379689 3.038879336475666
7266.762526182413 8.739774280813652 3.0542948655291973
7270.418877368719 9.992457738925095 3.069254216149833
7274.075465890922 15.784066186069179 3.152921278695788
7277.7323587271385 12.832415681717428 3.1929860118732583
7281.389469711104 3.706547090550134 3.149586593953398
7285.04688092936 9.846818013358478 3.136597454697683
7288.704513872329 11.295990345302496 3.1059260354057114
7292.362446443287 10.948140539598665 3.1015731928135173
7296.02061349583 4.794751305101636 3.0207835149041484
7299.679046624859 7.961905940456478 3.050026066212136
7303.337735176342 10.30047049859501 3.0972158506797802
7306.996702086177 8.263105984065655 3.0965669800041065
7310.655909346334 6.042649031773466 3.120511030132976
7314.315396703689 7.4698579419080255 3.156509636906137
7317.974315970859 11.309575769517147 3.2118529227055976
7321.635147652366 9.905639849233754 3.242635093184305
7325.295396516337 8.242977285715712 3.2295888303430558
7328.9560139782425 7.802712642855859 3.202520206839564
7332.616692883633 11.997703517142256 3.2822307346002475
7336.277757930192 11.267571635437612 3.3511966484829037
7339.939047039138 7.615334947023142 3.3209952608291102
7343.600620409332 12.114814779453159 3.3519651649267646
7347.2624280497585 9.69984942834211 3.324572535937092
7350.924536735723 8.216586510654755 3.2671283998578726
7354.586862301329 9.587994157810249 3.220729195259818
7358.250452695203 14.086670057118152 3.2327836399628502
7361.912330014349 3.8395073853838912 3.2154518797019636
7365.575800130055 12.355071837470827 3.2622257098052914
7369.239347279081 9.16848075342189 3.296196826112554
7372.9024885576055 9.680724537829265 3.265413142179303
7376.566389697834 14.678986253293854 3.29801611192244
7380.230513378293 18.343903966839676 3.256509399441301
7383.894963912647 15.23749657144134 3.2333369826350005
7387.559669723215 9.562414459241062 3.2102642321896115
7391.2245999313445 8.622675865843158 3.1855665297237206
7394.889817782344 8.233101667682787 3.235405366594098
7398.55527486393 5.394911497293952 3.240838837696695
7402.22100976695 16.707689992035192 3.305574322053014
7405.886986375931 9.153179356841884 3.243273281709636
7409.553234677154 8.466999855023486 3.218775931099817
7413.219734749148 14.387821505072333 3.221146153178296
7416.885892381682 6.412100662823245 3.1434964975638837
7420.553504616841 7.7588753552029495 3.182226685765536
7424.2208059231125 5.835764426856729 3.1923409098067155
7427.887975999371 10.161219539101864 3.2290550201596124
7431.556151572509 17.40191267248728 3.286493732369138
7435.224196677779 14.543032335823382 3.288287907687274
7438.892541924473 9.432461712283729 3.2386981078289487
7442.561101357679 9.610852250209467 3.222892744716629
7446.229924815769 10.534401242453246 3.2094118207330142
7449.899039622849 3.3461816605304397 3.1399315706667146
7453.568426753025 16.749591248114072 3.2339537628517223
7457.2377895425625 14.342837534400239 3.1680365674380386
7460.907923224642 9.10464787782117 3.182563662113566
7464.578061833984 2.1960246382635145 3.127705124839761
7468.248449613834 11.076806507632286 3.1815494758489953
7471.918790661539 10.808435683208804 3.1575636068172583
7475.590035191706 5.537414035658306 3.162392448725845
7479.261229609172 0.11170973974519499 3.153119944425316
7482.932343055563 6.348123322669507 3.151175660717272
7486.60438397814 9.018799281056799 3.1523840238650322
7490.276323680468 9.315018129961361 3.1444560240920865
7493.948253758835 7.946577315022597 3.1237756894031548
7497.621036214253 5.672983079641481 3.1005648390790905
7501.293792348947 -1.7080844698468653 3.054070081557905
7504.967118449304 2.9954511893999296 3.0746716380428754
7508.640067621493 13.332930254087293 3.133819513173422
7512.313552395524 7.399937247727032 3.0990080339037887
7515.987371637439 12.8468063273511 3.1490042126296127
7519.661388052075 11.142665874673726 3.179447632328386
7523.335727775668 7.437006200270373 3.1949707275861163
7527.009092388948 7.498614859519067 3.202385634609153
7530.6851252198985 13.068586140497676 3.2115143384737306
7534.360199105718 2.708328647168353 3.107035873164052
7538.035510377603 8.703647657514626 3.0941450547297227
7541.711370835463 10.347230817561323 3.0547673501625616
7545.387048883175 7.053763303882188 3.059987706163909
7549.063260025336 5.477694196115837 3.0216344106529314
7552.739575126773 12.119605324927008 3.0654999711808064
7556.416235357598 5.273021173569819 3.0285901632767223
7560.093146827613 7.1189639327444585 3.034248654224099
7563.7703317554015 11.08450072841939 3.0850231602795897
7567.447773111165 11.299340438838007 3.132591191504251
7571.12548608872 14.228902858906384 3.1347388399728966
7574.803439496655 12.656646404321041 3.1216156824469654
7578.481677165838 5.890414277743243 3.104381604185149
7582.160158855172 7.850517810378927 3.08385177692675
7585.838917333735 15.624920571316487 3.064690687159248
7589.517943773866 4.205353050359569 2.873117091949297
7593.197216275079 6.090572364640848 2.6567372839671517
7596.8767849031055 3.0358617010000213 2.3440553224116814
7600.556583949006 1.6699429945498896 2.0142814158789166
7604.236637932747 0.6346033459321282 1.7673644063570075
7607.916915217795 1.276592987981525 1.7639046728887713
7611.597475203506 3.520989413765472 1.9788314458453675
7615.278362842619 -3.4872979047576833 2.137866730985319
7618.959476431336 4.819457607309612 2.3059140864073404
7622.640866782595 7.769426025735065 2.3821180891769482
7626.322528124795 1.1011732791609241 2.3103691576872967
7630.004420886119 4.706025741972086 2.2415389420863394
7633.686596677942 8.65320972821636 2.2366040189961844
7637.369020521605 3.771343183487716 2.2479147387300036
7641.0517206165105 2.7250728125704913 2.277186006069372
7644.734669220116 4.014485128045693 2.396474411621844
7648.4184044032345 5.055484054624981 2.507681405979128
7652.101383320824 7.009191230828558 2.577869698056612
7655.785159405778 5.3395615690979525 2.636981177317082
7659.4691579071405 5.937554967933892 2.6939742757339955
7663.15348749583 8.612463597253617 2.7782577486793167
7666.837987182913 5.76396808176313 2.827614409994069
7670.522812503816 9.539672137708232 2.9150253624500344
7674.208424915531 10.487126771939904 2.9292453337142597
7677.893250568405 9.19454583640407 2.978563090687164
7681.578445705181 10.476140966370991 2.992161288584524
7685.26473152093 11.29070052363116 3.030937164931563
7688.950852076951 8.240327518722403 3.0323587060916717
7692.6372832256175 6.96744670792955 3.025883644146579
7696.323947747875 7.251815227778306 3.0464175578893022
7700.010901705218 9.991299818469892 3.0696884841269187
7703.698098015387 12.968319041205199 3.101978704197327
7707.3855679295675 14.548354148303849 3.2024059772858577
7711.07329893106 10.28535779058697 3.25332248560949
7714.761321271937 13.588357141155873 3.296044793544295
7718.44958820938 16.900467739916586 3.348225586976181
7722.138145804118 6.5694740079672655 3.2614345109600054
7725.826943799348 7.142421790288612 3.1884989894861215
7729.517142393713 7.68020726949726 3.156106368597912
7733.204790578541 6.558345666109054 3.139467114557125
7736.894672965573 7.917364040616089 3.1299730033265525
7740.584840937467 3.7646888651410055 3.1168008395213396
7744.275508032803 11.985663451823282 3.2620444423573223
7747.965414334568 4.032797490868782 3.2617617679306523
7751.656122717083 9.670388665134448 3.3146274718243514
7755.346859841256 7.015769516804985 3.3820663183016877
7759.038317656672 7.538598781330298 3.3168642361797382
7762.729787225575 11.062404311672813 3.229787434866167
7766.421567093579 5.323956785580233 3.1955839357838935
7770.113587947028 7.471388739476005 3.1898581696325934
7773.805901034369 6.152687563486426 3.1966563751739696
7777.498461036735 7.52284183626724 3.2084529776135593
7781.191318450035 9.716332468265321 3.218397592365978
7784.884425565425 9.040705737214918 3.2256918488804387
7788.577827428508 14.14826121181601 3.3222730857789022
7792.271467406712 5.904432832869336 3.3111665815043336
7795.965409437043 18.60249224441457 3.3671245377956773
7799.659610726175 8.500918544553183 3.3312101531122327
7803.353991797438 11.137639592170926 3.301323819626784
7807.048830455187 8.472768026679743 3.250900191409558
7810.743841520183 8.349370420869752 3.281849022516793
7814.439135310394 9.773842756248213 3.376073495631582
7818.134692712391 12.498473456693876 3.435319831018365
7821.830548828657 14.238349691804766 3.415548305006332
7825.526647414096 6.885106531497247 3.382584870387557
7829.223042898103 7.266035846382228 3.3547372376980733
7832.919629485418 4.992187894302819 3.226164084423284
7836.616622637066 16.32896516728061 3.292005761012988
7840.31382922162 4.833749087239651 3.2421451635076797
7844.01128695143 12.552296074216814 3.32917419774199
7847.709060957955 8.210560979694778 3.423230550920987
7851.407079540765 7.612936439563624 3.447141397318953
7855.105395071245 14.552375794189347 3.509494451431187
7858.803967043574 9.868735999744667 3.5213245835148146
7862.503981995267 14.646016677391783 3.539557029160748
7866.201968515641 9.469542807790983 3.4361672440673794
7869.9013792072365 12.411502345959622 3.4128814228122795
7873.601046730296 19.492203473050555 3.44898131534199
7877.30103514778 5.09008273784691 3.3823330121609803
7881.001254293759 5.037409849688085 3.3600075694587765
7884.701790207475 11.150449891223628 3.4048859043240602
7888.40256253269 13.77160115255536 3.397061865855429
7892.103663170979 12.163043703056868 3.343191506432237
7895.804988136379 4.409364322576817 3.3096891565119297
7899.506656109112 13.066210898885188 3.2980191508250045
7903.208514942845 12.277099215470436 3.301477126955969
7906.910738587267 17.093639311911126 3.456834255843334
7910.612976486166 6.117167807196217 3.493512798720778
7914.3159526515665 6.734914208322721 3.559329576453322
7918.018955520898 10.873440248568766 3.6190625050245027
7921.722312192496 7.086151921421008 3.5517484131561603
7925.425860611064 11.685317868367576 3.445275770184424
7929.129776414964 10.286875907700763 3.411681600437374
7932.835016272494 4.713756026273547 3.3505341475464228
7936.538356578235 11.656080334996307 3.350789891421082
7940.243024398219 10.557599492920852 3.3393715744778745
7943.948059312125 13.279928057581879 3.3792410352339317
7947.653297875929 9.480363180548569 3.3648318275206313
7951.3589075995005 10.838533963612521 3.375108549017337
7955.064707065407 2.569547307770539 3.3372820371266894
7958.770866768055 14.854284530610443 3.46467952163622
7962.477250229941 4.010656300599169 3.438456110721604
7966.183973528889 -0.3501311633684576 3.4063705871342074
7969.890923126492 7.415401287166493 3.4965108919524557
7973.598239799872 6.011536138066513 3.5057485209022716
7977.305742326933 8.664476891754774 3.4251608560769284
7981.013606315081 11.490503635220172 3.4289465970075326
7984.721705285439 7.192250752020079 3.451742257033222
7988.4301342372655 14.513055076590128 3.587575405886497
7992.138832126295 1.5848730185121414 3.480335717829159
7995.847894465219 5.9323079795414175 3.532587440464555
7999.557073777543 7.925888747275022 3.4905595066979638
8003.2662694130295 9.2158604941007 3.363626784129818
8006.976473107231 13.342480505338026 3.359594421160944
8010.686620553135 5.69164430894049 3.343291932574053
8014.397035221948 -1.012330111291806 3.2895799610646415
8018.107734801006 7.125198044445042 3.391992416853005
8021.818736955231 6.410520167736927 3.4407026746868348
8025.530040322582 6.7177671414512075 3.410041993206366
8029.2415857630895 3.209005845066506 3.4135156749616575
8032.953489643853 5.998289583623341 3.402045693422608
8036.665644010201 3.725696220774362 3.3203584277845732
8040.378103475124 9.253141324131883 3.3070157026386617
8044.0908251193405 3.1629339469630584 3.2653225981849237
8047.803870009534 10.754712105736978 3.336134637074611
8051.517199096929 8.33987499190358 3.328904750440004
8055.23079756878 7.685940105907774 3.3701086771247617
8058.944947944287 12.146880891745234 3.421220061964298
8062.658920768595 8.024824752951545 3.396282897140687
8066.373434567127 16.704698396298486 3.4389676171341086
8070.088242122777 8.289074509555457 3.388450825263479
8073.80331304257 -0.8943444115040357 3.2784834543128705
8077.518693057402 11.742900762269137 3.3289559320522994
8081.234376303871 9.797560666897827 3.322650153875806
8084.9503430633185 11.030912306081229 3.3267679685898095
8088.666643401478 10.141303876066114 3.2756361422795393
8092.383187837711 7.191289861828531 3.2636524552721284
8096.10005928155 10.502203561791891 3.3073536010675135
8099.817208538282 5.5817000925062725 3.265182940660642
8103.534674671628 14.128988243082118 3.2862604328785134
8107.252862210328 13.097672859851487 3.246403685910995
8110.970489573848 6.966213823427754 3.2177388966016984
8114.688834995257 7.964482125279639 3.1609770700563047
8118.407485738335 6.736772162199717 3.1786973127525435
8122.126436273787 6.357468698889648 3.173100583910037
8125.84569712435 11.088907028748801 3.1732190268209086
8129.566002124553 3.46332077743517 3.082579160165103
8133.285099869468 6.123216657435256 3.077169145632963
8137.005278139946 6.961249590841621 3.0178209260322073
8140.725724663404 9.423121832586764 3.028658002089436
8144.446499501002 11.169831460499523 3.025419899572045
8148.167519592703 5.1602350882135095 2.9864599696183523
8151.888917406741 3.113086106347212 2.936375573616419
8155.60976445714 1.9349590797544407 2.8944959575491676
8159.332571940277 0.02353355278124539 2.831999046734455
8163.05480449313 2.499206917656172 2.827284756390383
8166.777620668361 5.124579648312072 2.853777284117077
8170.5002828772895 8.37101403874792 2.8893147992370523
8174.223518083385 3.773963298451582 2.866469382613167
8177.946974204013 -0.8866347365058093 2.863214124060176
8181.670821351442 6.62253690743688 2.9434902438992023
8185.394548815262 11.832870676386012 2.929903894579009
8189.119358851981 7.2309894576022415 2.9907156142292264
8192.84407429293 1.264851270290058 2.9546372805719407
8196.569116736147 9.550549271726979 3.0137764899503114
8200.294459580173 1.991486354932359 3.0175303195835252
8204.020121620342 9.052512236941826 3.0686059650466957
8207.746090994287 5.775057584980317 3.055516941453111
8211.47235936964 5.883344723422899 3.0742771950588854
8215.198965416235 3.3607502820145103 3.0504630715354306
8218.92555970294 -5.939812320783542 2.936419944514306
8222.65308056492 4.18082555834243 2.872947903406862
8226.381109067375 5.821456328241744 2.7614594979786196
8230.10842976142 7.427254523288282 2.7485541573056276
8233.83659466346 7.2593702898229004 2.7797418073692306
8237.565040151583 5.944901182334169 2.863340135178316
8241.294015765627 6.470715355776524 2.9664790324575114
8245.023119090361 6.423346730754823 3.0416138327117217
8248.752355357272 5.48095657823805 3.0444594488135936
8252.482055612054 10.809049972229609 3.0785856166467873
8256.212124939777 9.855848277766098 3.0612664406313717
8259.942457760802 3.616825067894756 3.0074347144571614
8263.67315636281 2.4721662537516225 3.021183283299534
8267.40411893099 3.900703794605402 3.0050276674598466
8271.13544913962 12.685891325949909 3.0355481364076247
8274.867065400647 7.879751379875023 3.041465550595908
8278.599024532376 7.834846312453896 3.064950662292105
8282.3312792999 6.206495170090822 3.1021047088911207
8286.06342114386 -1.0333100043902308 3.1209542225018083
8289.796761823209 3.091497815687219 3.1658117857135566
8293.530012781746 8.640979917003364 3.2821024842923943
8297.263576306612 2.7189196296355154 3.2640562537997053
8300.99747140662 8.396450643824455 3.214189273167391
8304.731632301311 7.259037936651221 3.2720206808473273
8308.466223391131 4.063958905764881 3.1502547677278185
8312.200972684957 8.85789157357583 3.0733169549220993
8315.936225287627 13.427345322556457 3.0841475079065193
8319.671668173816 5.610876464988405 3.0210339983864687
8323.407535794155 7.5567322183286665 3.001607145515005
8327.143637661244 6.191085122445116 2.9862904902829848
8330.880162150035 8.003382167107063 3.00645145856711
8334.616881999053 8.915167545578031 3.065736993721796
8338.354060104903 3.3498683452800546 3.3323051117934708
8342.091489125443 2.835880162090298 3.4497556476347997
8345.82932031997 10.614918450039859 3.56093844157856
8349.567401915756 5.05109042209277 3.6019408175825176
8353.30632612693 12.310315141242095 3.5027654875631327
8357.044630711267 -0.857547498075959 3.1897042106841598
8360.783767639101 13.10229216903864 3.2723162515656963
8364.523203351653 13.60445101962193 3.2172405028761295
8368.26297319051 8.394057704737502 3.153846159821446
8372.003059251647 11.103701904479731 3.177861664445595
8375.74350019956 4.327021212762803 3.1648555670996696
8379.484262278867 -0.24529183843970712 3.159378657955961
8383.225368364623 7.38370215053434 3.2069907368105195
8386.966906973577 5.837439019849396 3.206815723161151
8390.708573285752 12.766885812270655 3.3284516083121476
8394.450702773483 9.968788009262573 3.462947794815835
8398.19219074029 13.885023851098628 3.492660647186783
8401.93595025232 7.264294451865672 3.4763853948419983
8405.679066455476 9.402431928761176 3.5011928672315955
8409.422564656034 14.294808318704515 3.4031001903810156
8413.166335167942 9.216974535561215 3.2821543957349832
8416.910483537753 8.015412965306778 3.2790917427224957
8420.654032747652 7.231046912891861 3.2739880972739157
8424.399763574884 8.92570862175854 3.4951505265679472
8428.144944043032 0.48202528081946194 3.485802870919439
8431.890108170941 -0.8372618211474199 3.4299606818405723
8435.636288538359 2.861921520950257 3.471592016687811
8439.382516645579 0.4223381551332895 3.317519866253773
8443.129705296942 6.350493348231625 3.127977485240222
8446.875803673887 3.2277248892304455 3.1874253776375623
8450.623128146288 2.4648612957578115 3.2420957027701314
8454.370691137297 8.373519158000725 3.281566526989814
8458.118608025574 1.2696688091438781 3.3635031273232916
8461.866864269503 2.4859554865474376 3.4455084834169702
8465.61550582841 12.384216456931888 3.460770695790546
8469.364436520318 6.536638230728112 3.410848672677919
8473.113860061309 10.112438679207832 3.405999844924323
8476.863430427487 12.230534370052533 3.2616987773567083
8480.613424052626 8.307224274275113 3.217709306629944
8484.363772274199 7.983151719321227 3.213057181963298
8488.114491642733 12.307535432533395 3.2558122400068967
8491.865567278233 13.113581953632984 3.214395065094524
8495.61697318661 10.473568683011624 3.2048727425582744
8499.368730338621 5.237974254367125 3.2638505223892804
8503.120887766729 1.9249708710991071 3.262506808045095
8506.873334552 7.631619727296747 3.2650601598809876
8510.62617497074 11.1033803760359 3.3239786008842693
8514.379372538144 9.688094415214213 3.2728200385609347
8518.132911127459 9.075154577128357 3.208723169243628
8521.886813925432 6.715110284605747 3.1949456321609473
8525.641047045383 8.842430908784205 3.222525774659746
8529.39503654013 5.990824987812499 3.244229556786369
8533.1506510668 -1.175243696414331 3.132026449767503
8536.90602825117 4.617069442257406 3.071984512004804
8540.661693762631 8.853162953373102 3.0631450966618647
8544.41654692999 7.895401389504601 3.131981650029978
8548.174372531896 5.660220797879429 3.0760843718779105
8551.930954535674 13.76996884283294 3.2015577345033144
8555.68809234457 5.924539163920143 3.2019521483973694
8559.445615558108 3.73097820675818 3.2163650119760434
8563.202859610585 6.613727860705373 3.260231213566125
8566.96172853807 11.225994005590852 3.270091924075558
8570.720308016591 11.564864511527764 3.304858703093805
8574.479304732693 4.951547770681579 3.254887080572898
8578.238609841463 5.051134419757891 3.248363477473166
8581.998341898236 8.890989365076477 3.2917210924225917
8585.758395791974 -1.3230334087594393 3.241387713260871
8589.518849718435 9.935969643159416 3.298315430380382
8593.280042496348 5.945534003204276 3.2883503889284973
8597.04084861432 5.270391909360725 3.273969729982303
8600.80212943611 4.225277347959324 3.241882394695311
8604.564319805508 7.761632682131302 3.2839784089971604
8608.326643387138 2.7416492398305765 3.2445940721031605
8612.089297216029 7.046243936375111 3.325166364902338
8615.852379860926 9.353989349509277 3.3590335320596933
8619.615772585033 4.9024996539003975 3.4002511190602878
8623.380178496865 14.216618897879133 3.4909686393260526
8627.143724747495 12.165392096070189 3.5461356336514362
8630.908293881328 18.39975452512289 3.6126250261864237
8634.673238973033 -0.17462437356224356 3.463163403653031
8638.438526539423 1.957163037410974 3.4546387984928697
8642.204229187182 2.6341573312792 3.427174881996891
8645.970265614329 6.818023605784076 3.449242835368569
8649.7375501954 9.659104255549144 3.458955882774396
8653.503536128772 -2.012407954951381 3.37580630726095
8657.270777265385 4.287271015392855 3.387854776472856
8661.038349521348 9.072860783679621 3.4002688042155755
8664.806351875304 9.728675723615318 3.3980648200604575
8668.574678393226 12.6375576327237 3.408525095382892
8672.343435421171 7.034738228262019 3.4122896414897674
8676.112541424458 5.741719139247782 3.4184359346535365
8679.882099023805 9.489101932709987 3.450749095296339
8683.651980178685 6.12734537145972 3.4231880983208964
8687.422300594388 7.72802915504936 3.4066883340583023
8691.192944900797 11.6169286631134 3.4536290578898416
8694.964990292021 10.250942971510952 3.4357019949639085
8698.735641353134 14.24457889399021 3.5040385209265574
8702.507366506405 5.281916035762597 3.4587573977439776
8706.279567435191 3.423747618791131 3.436385991465109
8710.052248972823 6.859967016332595 3.4528077005534374
8713.825239770946 4.499595894280911 3.4270125751840688
8717.599411064919 5.723069910778569 3.4424397691471245
8721.37220176876 4.948653439875313 3.4137314700020345
8725.146749772077 7.9233509038856385 3.4475832997621807
8728.921304115938 7.604658622137767 3.4516696671722213
8732.696375536372 5.244059388368933 3.4243663284831554
8736.471674800034 4.481524317071334 3.455870108496874
8740.248504089954 7.264956640778438 3.4549158452431428
8744.023677134124 8.245576864639245 3.4581169523129955
8747.80040575032 5.9249866932613315 3.449937220105349
8751.577774812537 -2.391545238756852 3.401846834046601
8755.354790326537 13.163389206140932 3.6395570086566367
8759.131468171427 2.1990386974067535 3.722160872770856
8762.910803408096 8.467878025030622 3.9374025436310345
8766.68934509706 5.2984901872443775 4.031775818764902
8770.468455492119 17.338740448822183 4.107090632121818
8774.247474698648 3.3991242536125004 4.086198927168655
8778.027752351274 15.348467770007641 4.130784285010639
8781.80799964188 1.9655612202333252 3.852817029961473
8785.588604707733 9.128973476310358 3.968609212926281
8789.369627918484 -1.9040903834521137 3.76151145118905
8793.151154030316 7.64698544350905 3.666328062552411
8796.932946139645 7.898319499313027 3.6696670279498638
8800.71532922382 7.076724778399467 3.6069569317453305
8804.49792382166 8.207698496780674 3.5516270733133912
8808.28115474737 8.928320851298215 3.548306961174536
8812.064562672416 1.3141811457111183 3.5243814864069396
8815.848602166727 13.743665426569123 3.621471014885
8819.632830271892 6.619793061537292 3.717205851697053
8823.417703229436 11.86396306234582 4.265110111694517
8827.202871137484 -13.169017037618703 4.217319063169262
8830.98850198839 8.29850774591211 4.488778384955752
8834.774545937375 0.1434657681757768 4.582325182487156
8838.561047568915 11.945204340370395 4.288970681758114
8842.34784037866 13.539673061428326 4.009920728495901
8846.135188088338 16.434813278292086 4.028161028186573
8849.922881600953 1.394824745207507 3.7602962663012716
8853.71101026051 7.189363012456672 3.752548224464564
8857.499579707319 9.914347393175861 3.792312928954149
8861.288561590402 1.6512257073832206 3.7154434630201094
8865.077980324046 7.485860179161064 3.8342261692876187
8868.868643131891 12.272758478762444 3.8615410363071563
8872.658078359487 8.534710356773276 3.8518973586939356
8876.448776550547 9.197126301921042 3.869318192934145
8880.239867142194 13.361762933077603 4.022157813519358
8884.031449311611 13.500925593165373 4.276403795765879
8887.823433475689 8.537188769074227 4.306207141947473
8891.615854112459 20.665083194687604 4.401571552557808
8895.40872072206 7.212658067942945 4.313727452747229
8899.201958509577 0.7411628493509963 3.96371827349769
8902.997053625568 -2.967442870647153 3.935928467894453
8906.78855221938 3.1546864251308246 3.952542881586636
8910.584437102232 10.085080681253938 4.04171935075179
8914.379350793315 11.41451330993337 4.194119075701089
8918.174865166466 3.7466640341677344 4.381708914570528
8921.97081718008 0.5957496830351617 4.330579575006852
8925.768150037877 4.234338539671463 4.345015396296333
8929.564000592138 0.5536543966063755 4.273740590584209
8933.361179910604 5.6572549045634615 3.872058961598813
8937.160242903885 3.6763348048699114 3.772427843752814
8940.95691368096 5.601148655826272 3.936081247496144
8944.755491012176 4.45657094645296 3.9277141992899427
8948.55446599147 14.507948918734728 3.938274254447839
8952.353908132109 11.070576458053303 3.9619289393437653
8956.153801480265 9.835845759351153 4.104904800847223
8959.954182843105 10.521822451118329 4.051758449866778
8963.753554622936 -4.180169979551674 3.960825851702161
8967.556204360728 12.633642671261649 4.04678102043003
8971.357903898854 -2.6854838911328014 3.57633579225383
8975.159704428797 6.2815630980887835 3.527830652889815
8978.962589287565 4.139085673048136 3.5697244040776432
8982.76561557672 -0.8713344324699697 3.513316263771534
8986.569147236996 4.944524771019666 3.5876396587752115
8990.373049759226 -2.1455420217978283 3.4755838336189218
8994.17745291745 6.027738804985236 3.611817626855024
8997.981840405782 4.748221929799014 3.6886240283251435
9001.787648816075 4.899663707177273 3.7171087869990465
9005.593414424504 1.6086407548677626 3.767981828696631
9009.39970115934 1.363506038785697 3.709030051361627
9013.206947109366 0.3155684821647455 3.597394146381307
9017.01354439842 0.7022876332412364 3.52411985445271
9020.821132767624 3.3326505575288743 3.57269220620606
9024.629257183791 0.5890221877565374 3.581677397586531
9028.437768266303 4.325505824723935 3.6185875349049987
9032.245922882239 9.507302855235814 3.813400724552673
9036.056262148079 6.405610609621125 3.9192525734459185
9039.866295774154 20.678102502190452 4.051256281728584
9043.676615789936 0.7973706816594179 4.03129726594243
9047.487589776096 1.6840763172433908 4.144125365049512
9051.298897010063 5.8832900946978395 4.077454161991433
9055.110754039508 13.035366370785725 4.163359392954012
9058.923047413555 6.087809158824765 4.047164878915508
9062.735894400215 12.130338600317453 4.028367532860548
9066.549084316286 9.413588421484842 3.916500048274929
9070.362813552065 2.8698429584518657 3.7533053235496774
9074.176963656822 -1.079463574251988 3.75015708508886
9077.991683676008 -1.1718346809082474 3.6984211012682366
9081.806790604911 1.0758620686525775 3.672375313994331
9085.622447775479 6.204485924364464 3.711902675094345
9089.438549590994 0.7787148210659736 3.7104308514309667
9093.255143590583 10.614038477759266 3.8444773230508993
9097.072239139885 5.403933899505481 3.821046358932829
9100.889793791426 8.007879283163314 3.8977410990239245
9104.707822546885 2.193080042826375 3.841736443177706
9108.526322355545 -3.5429384444180974 3.848336276978937
9112.345844586278 9.856052315929443 3.9800341250665032
9116.164882734742 -5.79251575826985 3.8554499521712855
9119.986339885536 -1.5954719457918731 3.9474086136566937
9123.800547179788 8.748798390815264 5.2797353607550574
9123.812255579718 2.5390259786464453 6.20741124775247
9127.626281021387 6.069513100638717 3.9441662861491795
9131.446700233924 3.027214503209198 3.852234293453804
9135.271023348321 3.5156015171479758 3.7747345159145627
9139.09214867099 9.421841142838936 3.8108478943778863
9142.91503194427 7.706019201932575 3.8984879970103528
9146.738515765122 5.49521414664961 3.9928372512075185
9150.56236890656 2.7146779729833375 4.022842996151718
9154.38743976518 13.623272773794298 4.126582292758894
9158.211718666567 -0.41420185199685305 3.9921757894594045
9162.03715290445 6.585462344902615 4.076828554750985
9165.863032116047 13.231473121633778 4.09465578330028
9169.689531061227 6.894202464405589 4.159530063410354
9173.516861661414 -6.211311116288023 3.9518404378886696
9177.343846802378 6.79320719579805 4.107055248251456
9181.171773387932 7.421415361930605 4.071387008093718
9184.998879061113 8.372125874307274 4.083115905309159
9188.829107904026 12.966596682098702 4.321777364186542
9192.658562158951 2.6708557151468835 4.312642305794063
9196.487406720555 2.779216042389256 4.398343867908625
9200.319011506006 3.839711759409726 4.508460531746531
9204.149982732502 -1.154949782940264 4.4591906081302035
9207.981177752396 8.31480663923393 4.500586422123679
9211.81344956291 5.560818240150339 4.557265982906714
9215.645953830091 8.560944772154231 4.5654671298085
9219.478999139814 6.940492103179607 4.514231108017632
9223.312496790666 4.929267469439095 4.535191900343831
9227.14661306924 5.4109858812450025 4.534284642599434
9230.981141457454 3.5102004973017955 4.584052726328034
9234.816291141971 7.327149992715688 4.581735700487369
9238.651813769933 6.995915021485137 4.551605016518111
9242.49049863562 9.866723533612221 4.607022931332715
9246.324613242597 6.702831517311834 4.51932352266981
9250.161130458291 -1.4987754701163403 4.45166275257986
9254.00035743822 -3.8163336798796874 4.495800497040331
9257.837772402136 11.741547194179349 4.712861168562767
9261.676476842378 10.085151137273023 4.684028831248933
9265.515823280688 10.334185083407432 4.719987322444403
9269.355520583693 8.102145149834614 4.771989236195547
9273.196794414538 14.76550119661936 4.8157009910577635
9277.036773641115 -0.8524113739889357 4.684020272494273
9280.877423199658 18.60716795301094 4.736693223539423
9284.720181949244 -2.566791626973573 4.419029939385674
9288.56215168344 11.83731318032702 4.570061677146147
9292.4056393563 10.948624341082839 4.505958951130796
9296.2491783107 7.829422785132113 4.4800095954722075
9300.093208198141 -2.7037408613241865 4.243907617538442
9303.93778820983 -5.7812650151076435 4.235969987514498
9307.782997053888 -13.227200346418185 4.352538884936755
9311.62858952211 -9.22868136423704 4.61454494002626
9315.474902850228 9.956156113714561 5.22672292333671
9319.321724835021 -2.2820552743654456 5.118376943024
9323.170519672116 -11.29253399434215 4.911733869718701
9327.016569287041 17.884869426747823 5.021752401339289
9330.864303789036 10.212924852518809 4.406223271285753
9334.715832354199 -0.9599901238146106 4.120456131447872
9338.564246301888 0.17269110581616248 3.9897222777732857
9342.413764524423 -0.7927018225190188 3.7578753857810487
9346.263891251163 1.7881798716219013 3.6313016040694057
9350.1141248043 6.8300317856871295 3.815242643222529
9353.968503110244 6.759788654162204 3.8668942904335677
9357.819566791959 -1.6243852638131382 3.7238729835186173
9361.671342360743 -0.9522155028864437 3.8401878032664705
9365.525645167265 -1.3112203730010998 3.9005158553484747
9369.37981895549 8.242077857599906 3.977114509234689
9373.233100778836 -4.836038114077711 3.9770011073274123
9377.083049670155 19.206163356690375 6.970830529192729
9377.098042682443 28.372315885986602 8.16951390268254
9380.944820379567 -4.299679441417133 5.223286553702637
9384.801033170952 5.6447368175041 5.472093548924375
9388.65774373975 4.818644199253738 5.580036623787406
9392.515059234722 1.271026960398337 5.093956840249101
9396.372515551646 0.8612013443185175 4.6611424621529425
9400.232155327221 11.270807727596289 4.9265153980239695
9404.09041389782 4.275752796112482 4.913168126270826
9407.949899625968 -7.866566721428875 4.8065319359074445
9411.809098138217 3.2967538638597853 4.851617305143978
9415.670750115885 7.594987000699865 4.825878666692793
9419.532047981731 -2.2051611306217245 4.83410614020477
9423.393931387061 10.281333565045049 5.202211294255807
9427.256741237441 -2.0173229614715105 5.10211248047822
9431.119392326615 4.366789868277168 5.075455312991059
9434.983641482257 14.591368933578337 5.27352715740199
9438.847466511119 8.971827372704876 4.994840932473452
9442.713264332508 -11.814265981820252 4.976577111008472
9446.579149832709 -0.14520609517859784 5.122020671152744
9450.443106714965 8.56320232891976 5.324558665440797
9454.309733631659 0.8574279256110701 5.217012201900315
9458.17517560558 7.810070032651875 5.022801078548042
9462.044380196143 7.319185390764631 5.236921857855355
9465.912595788042 -0.4582446778210604 5.252462673546589
9469.780959720883 -8.732356203877272 5.095318167552351
9473.65079281291 4.673370093987509 5.406211175936128
9477.520908797736 4.01416476671195 5.36003922848113
9481.391436593321 2.9417624834833216 5.563377090870021
9485.262724054204 8.962637546990246 5.709893932764488
9489.133618130329 2.830979818837567 5.8667562643977185
9493.006426076769 15.801160424789956 6.023054375599111
9496.87899562735 3.882967150272921 5.396025748082349
9500.754442840585 2.15971615262665 5.352602435918547
9504.627872561536 -5.859794500183159 5.227597240071247
9508.501954203395 10.52607003956489 5.535414386820112
9512.378580503471 9.865470332907794 5.640457503876209
9516.253728060961 16.376480519508604 5.943507453549382
9520.130315024056 13.837213964178916 5.963264672067075
9524.007574411282 6.111819023944685 5.693756956282577
9527.88497257953 -9.340849718053168 5.265815930064633
9531.764499094947 0.11833465334065661 5.372052503075768
9535.643696350478 11.517203320826006 5.6482215201658
9539.52304855435 3.304485726134429 5.7487330224543545
9543.40443474232 -4.958384695988125 5.880623471339602
9547.283410441794 10.528593524450002 6.034559920890384
9551.164856681318 20.38345640371449 6.13551986036187
9555.047710713397 16.4239319585632 6.318961923036443
9558.9307203663 2.2354670868041833 6.029469833607827
9562.81299243052 9.388445330244716 6.151703624799794
9566.696602086602 7.597212712171968 6.305929177783629
9570.581454952264 15.313938840469348 6.587953668590067
9574.466533438763 -11.636478498035299 6.379644859649425
9578.352363542128 12.224075503111285 6.870749065326737
9582.238831999348 -4.096816584334973 6.625396368082666
9586.125802110892 7.33325302933476 6.789751454255833
9590.012197105349 15.527500263931309 6.807434251521773
9593.90196565692 10.042515368045759 6.560591519773849
9597.790757485292 9.280890635247973 6.471159216411821
9601.680719713748 2.2544370998843375 6.269440912158231
9605.570460087267 1.1304202965630972 6.282761517583875
9609.461237024187 12.28360991404017 6.587436401105211
9613.352704501685 18.618017456152383 6.94276902018453
9617.244715034898 0.8668201325697213 6.866808719007459
9621.136337403095 -2.5008328657335532 7.125401908380008
9625.030710847253 2.5286599595363706 7.179156455877162
9628.925527320269 -8.428647135650785 7.22188339937624
9632.818169997023 12.340038830741719 7.285608543997245
9636.714760107621 0.6208499997770801 7.197288296948812
9640.611048493794 7.93248056514999 7.506262835831573
9644.505961895984 -0.06976646253490901 7.60732993405886
9648.404446426162 24.333837959053543 7.705877928457254
9652.301262706258 7.20232224094128 7.492585949723744
9656.200752517694 -7.1525280168857845 7.2481734481234446
9660.099979723933 24.2617162579709 7.919848609693497
9663.999764912847 18.347465624720982 7.8871445383455505
9667.90023441708 16.664155037680786 7.7919297476879095
9671.800237818858 0.6966001690170218 7.851736494787729
9675.703208904046 8.476496563830509 8.294802136576308
9679.597310836327 21.632418413882885 11.096576408585141
9679.617287700026 -3.4320149981277934 12.790772082028
