4020.0 1.73586
4029.2 1.83881
4038.4 1.77113
4047.6 1.64103
4056.8 1.6954
4066.0 1.58298
4075.2 1.36437
4084.4 1.48467
4093.6 1.228
4102.8 1.18644
4112.0 1.19868
4121.2 1.25026
4130.4 1.27374
4139.6 1.21528
4148.8 1.32163
4158.0 1.2948
4167.2 1.30364
4176.4 1.25385
4185.6 1.37899
4194.8 1.33775
4204.0 1.47308
4213.2 1.51358
4222.4 1.4738
4231.6 1.61947
4240.8 1.68442
4250.0 1.46084
4259.2 1.6178
4268.4 1.50556
4277.6 1.5201
4286.8 1.39752
4296.0 1.48424
4305.2 1.44557
4314.4 1.46868
4323.6 1.37096
4332.8 1.3532
4342.0 1.30597
4351.2 1.2864
4360.4 1.23616
4369.6 1.31307
4378.8 1.22797
4388.0 1.08569
4397.2 1.07073
4406.4 1.00847
4415.6 0.919137
4424.8 0.777602
4434.0 0.808324
4443.2 0.720625
4452.4 0.749671
4461.6 0.765591
4470.8 0.909126
4480.0 1.05441
4489.2 1.01184
4498.4 1.10646
4507.6 1.16208
4516.8 1.15955
4526.0 1.27471
4535.2 1.24069
4544.4 1.25272
4553.6 1.26474
4562.8 1.27677
4572.0 1.33405
4581.2 1.30883
4590.4 1.24476
4599.6 1.30164
4608.8 1.38427
4618.0 1.47672
4627.2 1.4571
4636.4 1.51133
4645.6 1.47445
4654.8 1.5005
4664.0 1.63701
4673.2 1.59064
4682.4 1.58374
4691.6 1.50143
4700.8 1.49488
4710.0 1.45924
4719.2 1.47265
4728.4 1.52513
4737.6 1.46893
4746.8 1.4935
4756.0 1.4728
4765.2 1.50755
4774.4 1.47516
4783.6 1.40932
4792.8 1.33884
4802.0 1.33842
4811.2 1.23329
4820.4 1.1997
4829.6 1.20892
4838.8 1.25393
4848.0 1.27789
4857.2 1.20643
4866.4 1.19982
4875.6 1.25609
4884.8 1.17313
4894.0 1.12898
4903.2 1.04319
4912.4 1.10123
4921.6 1.11837
4930.8 1.10149
4940.0 1.10407
4949.2 1.10405
4958.4 1.05296
4967.6 1.08445
4976.8 0.985335
4986.0 0.918798
4995.2 0.89365
5004.4 0.806135
5013.6 0.850408
5022.8 0.700328
5032.0 0.751847
5041.2 0.695615
5050.4 0.814547
5059.6 0.907104
5068.8 0.910933
5078.0 0.951812
5087.2 0.980424
5096.4 0.98814
5105.6 1.12639
5114.8 1.0148
5124.0 1.04408
5133.2 1.04625
5142.4 1.06933
5151.6 1.06042
5160.8 1.07764
5170.0 1.05441
5179.2 1.10509
5188.4 1.06325
5197.6 1.07361
5206.8 1.08007
5216.0 1.1623
5225.2 1.1446
5234.4 1.17562
5243.6 1.18095
5252.8 1.16676
5262.0 1.20181
5271.2 1.23647
5280.4 1.21906
5289.6 1.23821
5298.8 1.20582
5308.0 1.17436
5317.2 1.16491
5326.4 1.16587
5335.6 1.1623
5344.8 1.15662
5354.0 1.13471
5363.2 1.16253
5372.4 1.18801
5381.6 1.18299
5390.8 1.16127
5400.0 1.1024
5409.2 1.03126
5418.4 0.975709
5427.6 0.939226
5436.8 0.882353
5446.0 0.878534
5455.2 0.865355
5464.4 0.848378
5473.6 0.846185
5482.8 0.88378
5492.0 0.900796
5501.2 0.914823
5510.4 0.942242
5519.6 0.954675
5528.8 0.979965
5538.0 0.996163
5547.2 0.972236
5556.4 0.974975
5565.6 0.938917
5574.8 1.00276
5584.0 0.996531
5593.2 0.892713
5602.4 0.864229
5611.6 0.88062
5620.8 0.81723
5630.0 0.80338
5639.2 0.792345
5648.4 0.796062
5657.6 0.792428
5666.8 0.813198
5676.0 0.964463
5685.2 0.925099
5694.4 0.905723
5703.6 1.01018
5712.8 1.00488
5722.0 1.05795
5731.2 1.07463
5740.4 1.07481
5749.6 1.09691
5758.8 1.09734
5768.0 1.09627
5777.2 1.08162
5786.4 1.0734
5795.6 1.05484
5804.8 1.06048
5814.0 1.10274
5823.2 1.10317
5832.4 1.12242
5841.6 1.05217
5850.8 1.05781
5860.0 1.14016
5869.2 1.09325
5878.4 1.05587
5887.6 0.977609
5896.8 0.919419
5906.0 0.920914
5915.2 0.928485
5924.4 0.891199
5933.6 0.8797
5942.8 0.831018
5952.0 0.870787
5961.2 0.908985
5970.4 0.92134
5979.6 0.863653
5988.8 0.886805
5998.0 0.963018
6007.2 0.9582
6016.4 0.962867
6025.6 0.997613
6034.8 1.02622
6044.0 1.06093
6053.2 1.06794
6062.4 1.08814
6071.6 1.08344
6080.8 1.03349
6090.0 1.02488
6099.2 1.06096
6108.4 1.04606
6117.6 1.0873
6126.8 1.06856
6136.0 1.06465
6145.2 1.08017
6154.4 1.06685
6163.6 1.09615
6172.8 1.00487
6182.0 1.03195
6191.2 0.997397
6200.4 0.974126
6209.6 0.965061
6218.8 0.841161
6228.0 0.778909
6237.2 0.733857
6246.4 0.633388
6255.6 0.587505
6264.8 0.550654
6274.0 0.51865
6283.2 0.456614
6292.4 0.488996
6301.6 0.452124
6310.8 0.49856
6320.0 0.452519
6329.2 0.49154
6338.4 0.51565
6347.6 0.534497
6356.8 0.530812
6366.0 0.546309
6375.2 0.580277
6384.4 0.603932
6393.6 0.701397
6402.8 0.659757
6412.0 0.713078
6421.2 0.786847
6430.4 0.841581
6439.6 0.864786
6448.8 0.851762
6458.0 0.92584
6467.2 0.958834
6476.4 0.984151
6485.6 0.975565
6494.8 1.0076
6504.0 0.977699
6513.2 1.01926
6522.4 1.02551
6531.6 1.03403
6540.8 0.961416
6550.0 1.03364
6559.2 1.03249
6568.4 1.0249
6577.6 1.03685
6586.8 1.03766
6596.0 0.971394
6605.2 0.990587
6614.4 1.00091
6623.6 1.02184
6632.8 0.94323
6642.0 0.97921
6651.2 0.981342
6660.4 0.931304
6669.6 0.878587
6678.8 0.899981
6688.0 0.919068
6697.2 0.898887
6706.4 0.832656
6715.6 0.883564
6724.8 0.85397
6734.0 0.865636
6743.2 0.823454
6752.4 0.81744
6761.6 0.832675
6770.8 0.828222
6780.0 0.800395
6789.2 0.820549
6798.4 0.829018
6807.6 0.788348
6816.8 0.797078
6826.0 0.778977
6835.2 0.799811
6844.4 0.781612
6853.6 0.799909
6862.8 0.650505
6872.0 0.647279
6881.2 0.613491
6890.4 0.605323
6899.6 0.696642
6908.8 0.703653
6918.0 0.719829
6927.2 0.700592
6936.4 0.699205
6945.6 0.672525
6954.8 0.695754
6964.0 0.705152
6973.2 0.664724
6982.4 0.690902
6991.6 0.635011
7000.8 0.677417
7010.0 0.632349
7019.2 0.668696
7028.4 0.655647
7037.6 0.698999
7046.8 0.6372
7056.0 0.633704
7065.2 0.666181
7074.4 0.625305
7083.6 0.634607
7092.8 0.640614
7102.0 0.691949
7111.2 0.662047
7120.4 0.609359
7129.6 0.632147
7138.8 0.636379
7148.0 0.635631
7157.2 0.58892
7166.4 0.606177
7175.6 0.636425
7184.8 0.599092
7194.0 0.549653
7203.2 0.592189
7212.4 0.62739
7221.6 0.575512
7230.8 0.565006
7240.0 0.693709
7249.2 0.567324
7258.4 0.577327
7267.6 0.634496
7276.8 0.643459
7286.0 0.607843
7295.2 0.600965
7304.4 0.614483
7313.6 0.690229
7322.8 0.641972
7332.0 0.584172
7341.2 0.704559
7350.4 0.559907
7359.6 0.608496
7368.8 0.581453
7378.0 0.565138
7387.2 0.542306
7396.4 0.556576
7405.6 0.574075
7414.8 0.611988
7424.0 0.579105
7433.2 0.505322
7442.4 0.492342
7451.6 0.570929
7460.8 0.533087
7470.0 0.588576
7479.2 0.616463
7488.4 0.543226
7497.6 0.570633
7506.8 0.523125
7516.0 0.413773
7525.2 0.585628
7534.4 0.504726
7543.6 0.537704
7552.8 0.539072
7562.0 0.48503
7571.2 0.408582
7580.4 0.475269
7589.6 0.33228
7598.8 0.15316
7608.0 0.159139
7617.2 0.230569
7626.4 0.243941
7635.6 0.279633
7644.8 0.226072
7654.0 0.274201
7663.2 0.389899
7672.4 0.364366
7681.6 0.395147
7690.8 0.295756
7700.0 0.309807
7709.2 0.342054
7718.4 0.40656
7727.6 0.313139
7736.8 0.26623
7746.0 0.160487
7755.2 0.240874
7764.4 0.392784
7773.6 0.307235
7782.8 0.39488
7792.0 0.335897
7801.2 0.321943
7810.4 0.237892
7819.6 0.380109
7828.8 0.328971
7838.0 0.487658
7847.2 0.405626
7856.4 0.319751
7865.6 0.409145
7874.8 0.361156
7884.0 0.314642
7893.2 0.252993
7902.4 0.456129
7911.6 0.253674
7920.8 0.197265
7930.0 0.410038
7939.2 0.463205
7948.4 0.313298
7957.6 0.464765
7966.8 0.40567
7976.0 0.212161
7985.2 0.426113
7994.4 0.0839638
