3400.0 4.8166e-16
3401.536014 5.3213e-16
3403.072028 4.2901e-16
3404.608042 5.6095e-16
3406.144056 5.1326e-16
3407.68007 5.0346e-16
3409.216084 4.4696e-16
3410.752098 4.6795e-16
3412.288112 4.7093e-16
3413.824126 4.3842e-16
3415.36014 3.7267e-16
3416.896154 3.5295e-16
3418.432168 4.6755e-16
3419.968182 4.568e-16
3421.504196 4.5366e-16
3423.04021 4.0876e-16
3424.576224 4.0463e-16
3426.112238 4.6086e-16
3427.648252 4.3296e-16
3429.184266 3.5857e-16
3430.72028 4.4233e-16
3432.256294 5.0298e-16
3433.792308 5.353e-16
3435.328322 4.8082e-16
3436.864336 4.9392e-16
3438.40035 4.7338e-16
3439.936364 5.4365e-16
3441.472378 4.7763e-16
3443.008392 4.5882e-16
3444.544406 4.8166e-16
3446.08042 4.6505e-16
3447.616434 5.1541e-16
3449.152448 5.7999e-16
3450.688462 4.7952e-16
3452.224476 3.849e-16
3453.76049 4.5577e-16
3455.296504 4.4394e-16
3456.832518 3.7113e-16
3458.368532 4.9523e-16
3459.904546 4.0056e-16
3461.44056 4.6869e-16
3462.976574 4.1069e-16
3464.512588 3.7069e-16
3466.048602 3.9938e-16
3467.584616 4.161e-16
3469.12063 3.9537e-16
3470.656644 3.4988e-16
3472.192658 3.4437e-16
3473.728672 4.456e-16
3475.264686 3.8507e-16
3476.8007 4.2162e-16
3478.336714 3.2704e-16
3479.872728 3.8567e-16
3481.408742 4.4064e-16
3482.944756 4.2155e-16
3484.48077 3.68e-16
3486.016784 3.4546e-16
3487.552798 3.8642e-16
3489.088812 4.7781e-16
3490.624826 4.339e-16
3492.16084 4.1782e-16
3493.696854 5.4523e-16
3495.232868 5.0067e-16
3496.768882 5.1986e-16
3498.304896 5.0521e-16
3499.84091 4.918e-16
3501.376924 4.7975e-16
3502.912938 6.0837e-16
3504.448952 5.3364e-16
3505.984966 5.2122e-16
3507.52098 6.1923e-16
3509.056994 5.1198e-16
3510.593008 4.2158e-16
3512.129022 5.3878e-16
3513.665036 4.9696e-16
3515.20105 5.3632e-16
3516.737064 4.7969e-16
3518.273078 4.839e-16
3519.809092 4.8682e-16
3521.345106 4.2284e-16
3522.88112 4.2671e-16
3524.417134 3.428e-16
3525.953148 3.9125e-16
3527.489162 4.3108e-16
3529.025176 3.7466e-16
3530.56119 4.0633e-16
3532.097204 3.4979e-16
3533.633218 3.6659e-16
3535.169232 4.0464e-16
3536.705246 4.6592e-16
3538.24126 4.5107e-16
3539.777274 3.7296e-16
3541.313288 3.2936e-16
3542.849302 3.6058e-16
3544.385316 4.0848e-16
3545.92133 3.261e-16
3547.457344 3.7035e-16
3548.993358 3.3527e-16
3550.529372 3.3143e-16
3552.065386 3.861e-16
3553.6014 3.5043e-16
3555.137414 2.8138e-16
3556.673428 2.8848e-16
3558.209442 3.9184e-16
3559.745456 4.672e-16
3561.28147 4.6408e-16
3562.817484 4.7138e-16
3564.353498 5.1618e-16
3565.889512 4.8947e-16
3567.425526 5.0973e-16
3568.96154 4.1504e-16
3570.497554 4.6667e-16
3572.033568 4.6134e-16
3573.569582 4.6052e-16
3575.105596 4.3433e-16
3576.64161 4.7159e-16
3578.177624 4.2676e-16
3579.713638 3.8489e-16
3581.249652 4.287e-16
3582.785666 4.5153e-16
3584.32168 4.2165e-16
3585.857694 4.2999e-16
3587.393708 3.9263e-16
3588.929722 4.2802e-16
3590.465736 4.4566e-16
3592.00175 4.6121e-16
3593.537764 4.0956e-16
3595.073778 4.3865e-16
3596.609792 4.4352e-16
3598.145806 4.2035e-16
3599.68182 4.0576e-16
3601.217834 4.4842e-16
3602.753848 4.6778e-16
3604.289862 4.5583e-16
3605.825876 4.3878e-16
3607.36189 3.9987e-16
3608.897904 4.1944e-16
3610.433918 4.043e-16
3611.969932 3.7786e-16
3613.505946 3.8794e-16
3615.04196 3.8917e-16
3616.577974 3.8268e-16
3618.113988 3.9284e-16
3619.650002 3.4271e-16
3621.186016 3.6373e-16
3622.72203 3.7955e-16
3624.258044 4.0444e-16
3625.794058 3.9377e-16
3627.330072 3.5951e-16
3628.866086 3.3465e-16
3630.4021 3.2349e-16
3631.938114 3.5782e-16
3633.474128 3.6817e-16
3635.010142 3.5132e-16
3636.546156 3.4197e-16
3638.08217 3.24e-16
3639.618184 3.6079e-16
3641.154198 3.9602e-16
3642.690212 4.0203e-16
3644.226226 4.2746e-16
3645.76224 4.4234e-16
3647.298254 4.4496e-16
3648.834268 3.7732e-16
3650.370282 4.1952e-16
3651.906296 4.4979e-16
3653.44231 4.5849e-16
3654.978324 4.3239e-16
3656.514338 3.8378e-16
3658.050352 4.1311e-16
3659.586366 4.7013e-16
3661.12238 5.158e-16
3662.658394 4.4106e-16
3664.194408 4.0338e-16
3665.730422 4.2356e-16
3667.266436 4.4151e-16
3668.80245 4.1581e-16
3670.338464 4.3091e-16
3671.874478 4.2067e-16
3673.410492 4.2846e-16
3674.946506 4.0649e-16
3676.48252 3.8698e-16
3678.018534 3.9292e-16
3679.554548 4.438e-16
3681.090562 4.1429e-16
3682.626576 4.0358e-16
3684.16259 3.9306e-16
3685.698604 4.2069e-16
3687.234618 4.3083e-16
3688.770632 3.7516e-16
3690.306646 3.6643e-16
3691.84266 3.5703e-16
3693.378674 3.5552e-16
3694.914688 3.7533e-16
3696.450702 4.1475e-16
3697.986716 4.0171e-16
3699.52273 3.179e-16
3701.058744 2.8989e-16
3702.594758 3.3164e-16
3704.130772 3.5967e-16
3705.666786 3.8015e-16
3707.2028 3.3285e-16
3708.738814 3.3599e-16
3710.274828 3.3709e-16
3711.810842 3.3696e-16
3713.346856 3.3799e-16
3714.88287 3.1816e-16
3716.418884 3.066e-16
3717.954898 3.7477e-16
3719.490912 3.4358e-16
3721.026926 3.5102e-16
3722.56294 3.1452e-16
3724.098954 3.3597e-16
3725.634968 3.5904e-16
3727.170982 3.3375e-16
3728.706996 3.5687e-16
3730.24301 3.7796e-16
3731.779024 3.8424e-16
3733.315038 3.6331e-16
3734.851052 3.7492e-16
3736.387066 3.6649e-16
3737.92308 3.2538e-16
3739.459094 3.3996e-16
3740.995108 3.4512e-16
3742.531122 3.5415e-16
3744.067136 3.7367e-16
3745.60315 4.0523e-16
3747.139164 4.2108e-16
3748.675178 3.9268e-16
3750.211192 3.9433e-16
3751.747206 4.2845e-16
3753.28322 4.1224e-16
3754.819234 3.6298e-16
3756.355248 3.7645e-16
3757.891262 4.2047e-16
3759.427276 4.2851e-16
3760.96329 4.0821e-16
3762.499304 4.4445e-16
3764.035318 4.6716e-16
3765.571332 4.4532e-16
3767.107346 4.1732e-16
3768.64336 3.9624e-16
3770.179374 4.4739e-16
3771.715388 3.8217e-16
3773.251402 3.7765e-16
3774.787416 4.4665e-16
3776.32343 3.9786e-16
3777.859444 3.7581e-16
3779.395458 3.8613e-16
3780.931472 3.8592e-16
3782.467486 3.8568e-16
3784.0035 4.1144e-16
3785.539514 4.2143e-16
3787.075528 4.5088e-16
3788.611542 4.4198e-16
3790.147556 3.9143e-16
3791.68357 4.0525e-16
3793.219584 4.3897e-16
3794.755598 3.9116e-16
3796.291612 3.9588e-16
3797.827626 3.9856e-16
3799.36364 4.1522e-16
3800.899654 4.0108e-16
3802.435668 3.4837e-16
3803.971682 3.4504e-16
3805.507696 3.7122e-16
3807.04371 4.4053e-16
3808.579724 4.0526e-16
3810.115738 3.9605e-16
3811.651752 3.6725e-16
3813.187766 3.4907e-16
3814.72378 3.6273e-16
3816.259794 3.9419e-16
3817.795808 5.7737e-16
3819.331822 9.6977e-16
3820.867836 1.5186e-15
3822.40385 1.9009e-15
3823.939864 1.8687e-15
3825.475878 1.3976e-15
3827.011892 8.7113e-16
3828.547906 5.3742e-16
3830.08392 3.4896e-16
3831.619934 3.4386e-16
3833.155948 3.8841e-16
3834.691962 3.8166e-16
3836.227976 4.0126e-16
3837.76399 3.8965e-16
3839.300004 4.1272e-16
3840.836018 4.2265e-16
3842.372032 3.9522e-16
3843.908046 3.7668e-16
3845.44406 3.3673e-16
3846.980074 3.3437e-16
3848.516088 3.497e-16
3850.052102 3.8361e-16
3851.588116 3.9588e-16
3853.12413 4.1344e-16
3854.660144 4.2955e-16
3856.196158 4.4248e-16
3857.732172 4.2139e-16
3859.268186 3.9347e-16
3860.8042 3.7706e-16
3862.340214 4.2404e-16
3863.876228 4.2191e-16
3865.412242 3.9238e-16
3866.948256 4.0353e-16
3868.48427 4.2128e-16
3870.020284 3.9332e-16
3871.556298 4.2013e-16
3873.092312 4.9418e-16
3874.628326 5.2358e-16
3876.16434 4.8708e-16
3877.700354 5.1563e-16
3879.236368 4.9559e-16
3880.772382 4.9774e-16
3882.308396 5.0751e-16
3883.84441 4.9797e-16
3885.380424 4.9769e-16
3886.916438 4.9625e-16
3888.452452 4.9037e-16
3889.988466 4.7045e-16
3891.52448 4.6482e-16
3893.060494 4.262e-16
3894.596508 4.0427e-16
3896.132522 4.1539e-16
3897.668536 4.0637e-16
3899.20455 4.2175e-16
3900.740564 4.3635e-16
3902.276578 4.4983e-16
3903.812592 4.9204e-16
3905.348606 5.0726e-16
3906.88462 4.7883e-16
3908.420634 5.1937e-16
3909.956648 5.2152e-16
3911.492662 5.0847e-16
3913.028676 4.9713e-16
3914.56469 5.0363e-16
3916.100704 5.1079e-16
3917.636718 5.2133e-16
3919.172732 5.0348e-16
3920.708746 4.6201e-16
3922.24476 4.8208e-16
3923.780774 4.8116e-16
3925.316788 4.4979e-16
3926.852802 4.0855e-16
3928.388816 4.0996e-16
3929.92483 4.1875e-16
3931.460844 4.2921e-16
3932.996858 4.0568e-16
3934.532872 3.9032e-16
3936.068886 4.0274e-16
3937.6049 3.6335e-16
3939.140914 3.6492e-16
3940.676928 4.1349e-16
3942.212942 4.3224e-16
3943.748956 4.4495e-16
3945.28497 4.5121e-16
3946.820984 4.2945e-16
3948.356998 4.5216e-16
3949.893012 4.4612e-16
3951.429026 4.7025e-16
3952.96504 4.8117e-16
3954.501054 5.1503e-16
3956.037068 5.1429e-16
3957.573082 4.4438e-16
3959.109096 4.6878e-16
3960.64511 4.6e-16
3962.181124 4.8124e-16
3963.717138 4.9743e-16
3965.253152 4.8982e-16
3966.789166 5.0485e-16
3968.32518 5.2173e-16
3969.861194 4.9519e-16
3971.397208 5.0391e-16
3972.933222 4.9988e-16
3974.469236 4.7537e-16
3976.00525 4.6959e-16
3977.541264 4.558e-16
3979.077278 4.4291e-16
3980.613292 4.5024e-16
3982.149306 4.2642e-16
3983.68532 4.2934e-16
3985.221334 4.392e-16
3986.757348 4.1978e-16
3988.293362 4.1248e-16
3989.829376 4.5657e-16
3991.36539 4.6185e-16
3992.901404 4.2285e-16
3994.437418 4.069e-16
3995.973432 4.124e-16
3997.509446 4.119e-16
3999.04546 3.8532e-16
4000.581474 4.1492e-16
4002.117488 4.5206e-16
4003.653502 4.4392e-16
4005.189516 4.6329e-16
4006.72553 4.4232e-16
4008.261544 4.2845e-16
4009.797558 5.0482e-16
4011.333572 5.1793e-16
4012.869586 5.1418e-16
4014.4056 5.1193e-16
4015.941614 5.0856e-16
4017.477628 4.8288e-16
4019.013642 4.8837e-16
4020.549656 4.7708e-16
4022.08567 4.7672e-16
4023.621684 4.5247e-16
4025.157698 4.4316e-16
4026.693712 4.7183e-16
4028.229726 4.6818e-16
4029.76574 4.5993e-16
4031.301754 4.6639e-16
4032.837768 4.2022e-16
4034.373782 3.8803e-16
4035.909796 3.3739e-16
4037.44581 3.7801e-16
4038.981824 4.0439e-16
4040.517838 4.5349e-16
4042.053852 4.4054e-16
4043.589866 4.5037e-16
4045.12588 5.4586e-16
4046.661894 5.3627e-16
4048.197908 5.3737e-16
4049.733922 5.2875e-16
4051.269936 4.734e-16
4052.80595 4.8202e-16
4054.341964 4.8417e-16
4055.877978 4.4891e-16
4057.413992 4.5396e-16
4058.950006 4.906e-16
4060.48602 4.8851e-16
4062.022034 4.9237e-16
4063.558048 5.1784e-16
4065.094062 4.4112e-16
4066.630076 4.2881e-16
4068.16609 4.298e-16
4069.702104 3.9198e-16
4071.238118 3.7005e-16
4072.774132 3.9367e-16
4074.310146 4.3139e-16
4075.84616 4.4292e-16
4077.382174 3.976e-16
4078.918188 4.5124e-16
4080.454202 4.2969e-16
4081.990216 3.9728e-16
4083.52623 4.1141e-16
4085.062244 4.6916e-16
4086.598258 4.643e-16
4088.134272 4.4095e-16
4089.670286 4.9028e-16
4091.2063 5.0473e-16
4092.742314 4.911e-16
4094.278328 4.9173e-16
4095.814342 4.6508e-16
4097.350356 4.8476e-16
4098.88637 4.9033e-16
4100.422384 4.9713e-16
4101.958398 5.1938e-16
4103.494412 5.1095e-16
4105.030426 4.9292e-16
4106.56644 5.2792e-16
4108.102454 5.3349e-16
4109.638468 5.2014e-16
4111.174482 4.932e-16
4112.710496 4.7615e-16
4114.24651 4.8227e-16
4115.782524 5.0863e-16
4117.318538 5.2002e-16
4118.854552 5.1308e-16
4120.390566 5.3083e-16
4121.92658 5.4397e-16
4123.462594 5.3973e-16
4124.998608 5.1074e-16
4126.534622 5.2756e-16
4128.070636 5.2133e-16
4129.60665 5.1611e-16
4131.142664 5.4617e-16
4132.678678 5.3058e-16
4134.214692 4.9594e-16
4135.750706 5.2247e-16
4137.28672 4.7152e-16
4138.822734 5.108e-16
4140.358748 5.2438e-16
4141.894762 5.3038e-16
4143.430776 5.4888e-16
4144.96679 5.1982e-16
4146.502804 5.1333e-16
4148.038818 5.465e-16
4149.574832 5.1672e-16
4151.110846 5.2222e-16
4152.64686 5.3611e-16
4154.182874 5.4178e-16
4155.718888 5.603e-16
4157.254902 5.3437e-16
4158.790916 5.0712e-16
4160.32693 5.3699e-16
4161.862944 5.5716e-16
4163.398958 5.2098e-16
4164.934972 5.4359e-16
4166.470986 5.2324e-16
4168.007 5.092e-16
4169.543014 5.0674e-16
4171.079028 4.8354e-16
4172.615042 5.1905e-16
4174.151056 5.2549e-16
4175.68707 5.1259e-16
4177.223084 4.8372e-16
4178.759098 4.4148e-16
4180.295112 4.844e-16
4181.831126 5.1768e-16
4183.36714 5.0103e-16
4184.903154 4.7944e-16
4186.439168 4.8061e-16
4187.975182 4.6832e-16
4189.511196 4.8457e-16
4191.04721 4.4965e-16
4192.583224 4.3566e-16
4194.119238 4.1998e-16
4195.655252 4.6444e-16
4197.191266 4.4026e-16
4198.72728 4.1376e-16
4200.263294 4.2715e-16
4201.799308 3.9997e-16
4203.335322 4.1526e-16
4204.871336 3.9982e-16
4206.40735 4.1033e-16
4207.943364 4.5987e-16
4209.479378 5.204e-16
4211.015392 5.3274e-16
4212.551406 4.913e-16
4214.08742 4.3471e-16
4215.623434 4.0099e-16
4217.159448 4.1237e-16
4218.695462 4.0676e-16
4220.231476 3.8781e-16
4221.76749 4.0581e-16
4223.303504 4.2224e-16
4224.839518 4.2571e-16
4226.375532 4.0724e-16
4227.911546 4.1496e-16
4229.44756 4.4393e-16
4230.983574 4.3763e-16
4232.519588 4.6063e-16
4234.055602 4.519e-16
4235.591616 4.3607e-16
4237.12763 4.5786e-16
4238.663644 4.5371e-16
4240.199658 4.2156e-16
4241.735672 4.1699e-16
4243.271686 4.5731e-16
4244.8077 4.4787e-16
4246.343714 4.6585e-16
4247.879728 4.5125e-16
4249.415742 4.9441e-16
4250.951756 4.6729e-16
4252.48777 4.5103e-16
4254.023784 4.6198e-16
4255.559798 4.5888e-16
4257.095812 4.9792e-16
4258.631826 4.9406e-16
4260.16784 4.8426e-16
4261.703854 4.7232e-16
4263.239868 4.6093e-16
4264.775882 4.6572e-16
4266.311896 4.6141e-16
4267.84791 4.7284e-16
4269.383924 4.9127e-16
4270.919938 4.6121e-16
4272.455952 4.7371e-16
4273.991966 4.8484e-16
4275.52798 4.6604e-16
4277.063994 4.5375e-16
4278.600008 4.5428e-16
4280.136022 4.6867e-16
4281.672036 4.3927e-16
4283.20805 4.6571e-16
4284.744064 4.6809e-16
4286.280078 4.3693e-16
4287.816092 4.2173e-16
4289.352106 4.2038e-16
4290.88812 4.602e-16
4292.424134 4.921e-16
4293.960148 4.6128e-16
4295.496162 4.667e-16
4297.032176 5.0022e-16
4298.56819 5.2384e-16
4300.104204 4.8175e-16
4301.640218 4.3991e-16
4303.176232 3.9727e-16
4304.712246 4.4597e-16
4306.24826 4.4235e-16
4307.784274 4.765e-16
4309.320288 5.0043e-16
4310.856302 4.5068e-16
4312.392316 4.4229e-16
4313.92833 4.5135e-16
4315.464344 4.7588e-16
4317.000358 4.8357e-16
4318.536372 4.7282e-16
4320.072386 4.672e-16
4321.6084 4.6098e-16
4323.144414 4.8001e-16
4324.680428 4.5979e-16
4326.216442 4.7614e-16
4327.752456 4.7752e-16
4329.28847 4.526e-16
4330.824484 4.4683e-16
4332.360498 4.5325e-16
4333.896512 4.5426e-16
4335.432526 4.5462e-16
4336.96854 4.2453e-16
4338.504554 4.167e-16
4340.040568 4.2525e-16
4341.576582 4.3162e-16
4343.112596 4.9168e-16
4344.64861 4.625e-16
4346.184624 4.5281e-16
4347.720638 4.4086e-16
4349.256652 4.3898e-16
4350.792666 4.5094e-16
4352.32868 4.8751e-16
4353.864694 4.5328e-16
4355.400708 4.8082e-16
4356.936722 4.4654e-16
4358.472736 4.9594e-16
4360.00875 4.7394e-16
4361.544764 4.8382e-16
4363.080778 4.7504e-16
4364.616792 4.1603e-16
4366.152806 4.1849e-16
4367.68882 4.7601e-16
4369.224834 4.7547e-16
4370.760848 4.3721e-16
4372.296862 4.3813e-16
4373.832876 4.6554e-16
4375.36889 4.9856e-16
4376.904904 4.8722e-16
4378.440918 4.5092e-16
4379.976932 4.6837e-16
4381.512946 4.7761e-16
4383.04896 4.8988e-16
4384.584974 4.6204e-16
4386.120988 4.7152e-16
4387.657002 4.6368e-16
4389.193016 4.8544e-16
4390.72903 4.6784e-16
4392.265044 4.7321e-16
4393.801058 4.1946e-16
4395.337072 4.4775e-16
4396.873086 4.7245e-16
4398.4091 4.8367e-16
4399.945114 4.9149e-16
4401.481128 4.9593e-16
4403.017142 4.9228e-16
4404.553156 5.0055e-16
4406.08917 4.6916e-16
4407.625184 4.6212e-16
4409.161198 4.5134e-16
4410.697212 4.7315e-16
4412.233226 4.8203e-16
4413.76924 4.13e-16
4415.305254 4.2242e-16
4416.841268 4.6545e-16
4418.377282 4.337e-16
4419.913296 4.3664e-16
4421.44931 4.6176e-16
4422.985324 4.2449e-16
4424.521338 4.3318e-16
4426.057352 4.5753e-16
4427.593366 4.6585e-16
4429.12938 4.5118e-16
4430.665394 4.6777e-16
4432.201408 4.9412e-16
4433.737422 4.9855e-16
4435.273436 4.9971e-16
4436.80945 4.8162e-16
4438.345464 4.6999e-16
4439.881478 4.119e-16
4441.417492 4.6717e-16
4442.953506 4.4916e-16
4444.48952 4.0279e-16
4446.025534 4.9971e-16
4447.561548 5.0598e-16
4449.097562 4.5379e-16
4450.633576 4.2542e-16
4452.16959 4.9193e-16
4453.705604 6.228e-16
4455.241618 7.7353e-16
4456.777632 7.6348e-16
4458.313646 6.0325e-16
4459.84966 4.9309e-16
4461.385674 4.4956e-16
4462.921688 4.2973e-16
4464.457702 3.7312e-16
4465.993716 4.2949e-16
4467.52973 3.9412e-16
4469.065744 4.1055e-16
4470.601758 4.3439e-16
4472.137772 4.401e-16
4473.673786 4.1871e-16
4475.2098 5.1478e-16
4476.745814 5.2895e-16
4478.281828 4.8386e-16
4479.817842 4.9688e-16
4481.353856 4.9872e-16
4482.88987 4.7035e-16
4484.425884 4.6818e-16
4485.961898 4.604e-16
4487.497912 4.52e-16
4489.033926 4.7796e-16
4490.56994 4.527e-16
4492.105954 4.9567e-16
4493.641968 4.4179e-16
4495.177982 4.739e-16
4496.713996 4.7181e-16
4498.25001 4.2785e-16
4499.786024 4.0233e-16
4501.322038 4.6069e-16
4502.858052 4.4776e-16
4504.394066 4.2401e-16
4505.93008 4.4599e-16
4507.466094 4.3665e-16
4509.002108 4.6927e-16
4510.538122 4.6735e-16
4512.074136 4.6711e-16
4513.61015 4.6376e-16
4515.146164 4.7463e-16
4516.682178 4.6728e-16
4518.218192 4.4883e-16
4519.754206 4.7625e-16
4521.29022 4.755e-16
4522.826234 4.793e-16
4524.362248 4.8925e-16
4525.898262 4.6638e-16
4527.434276 5.0399e-16
4528.97029 5.2314e-16
4530.506304 5.0003e-16
4532.042318 4.8871e-16
4533.578332 4.643e-16
4535.114346 4.7434e-16
4536.65036 4.4045e-16
4538.186374 4.227e-16
4539.722388 4.4116e-16
4541.258402 4.7358e-16
4542.794416 4.8594e-16
4544.33043 4.4146e-16
4545.866444 4.5129e-16
4547.402458 4.6403e-16
4548.938472 4.2172e-16
4550.474486 4.3828e-16
4552.0105 4.5082e-16
4553.546514 4.8508e-16
4555.082528 4.5734e-16
4556.618542 4.3989e-16
4558.154556 4.8082e-16
4559.69057 4.2423e-16
4561.226584 4.3617e-16
4562.762598 4.3503e-16
4564.298612 4.4216e-16
4565.834626 5.0313e-16
4567.37064 5.1166e-16
4568.906654 4.8795e-16
4570.442668 4.7455e-16
4571.978682 5.0263e-16
4573.514696 4.7038e-16
4575.05071 4.4834e-16
4576.586724 4.5586e-16
4578.122738 4.6287e-16
4579.658752 4.1117e-16
4581.194766 4.3287e-16
4582.73078 4.3245e-16
4584.266794 4.2164e-16
4585.802808 4.7369e-16
4587.338822 5.0819e-16
4588.874836 4.4904e-16
4590.41085 5.1195e-16
4591.946864 5.1774e-16
4593.482878 5.1432e-16
4595.018892 4.996e-16
4596.554906 5.0111e-16
4598.09092 4.8471e-16
4599.626934 4.6625e-16
4601.162948 4.5906e-16
4602.698962 4.755e-16
4604.234976 4.9623e-16
4605.77099 4.7656e-16
4607.307004 5.0018e-16
4608.843018 4.8164e-16
4610.379032 4.5856e-16
4611.915046 4.6705e-16
4613.45106 4.9381e-16
4614.987074 4.6353e-16
4616.523088 4.0837e-16
4618.059102 4.4133e-16
4619.595116 4.902e-16
4621.13113 4.6344e-16
4622.667144 4.3804e-16
4624.203158 4.7166e-16
4625.739172 4.7993e-16
4627.275186 4.9555e-16
4628.8112 4.6774e-16
4630.347214 4.4635e-16
4631.883228 4.5939e-16
4633.419242 5.0028e-16
4634.955256 4.6678e-16
4636.49127 4.4877e-16
4638.027284 4.5662e-16
4639.563298 4.6934e-16
4641.099312 4.7328e-16
4642.635326 4.834e-16
4644.17134 4.4854e-16
4645.707354 4.7266e-16
4647.243368 4.4643e-16
4648.779382 4.1216e-16
4650.315396 4.1327e-16
4651.85141 4.163e-16
4653.387424 4.6101e-16
4654.923438 4.3932e-16
4656.459452 4.2513e-16
4657.995466 4.5804e-16
4659.53148 4.9266e-16
4661.067494 4.5582e-16
4662.603508 4.3114e-16
4664.139522 4.8243e-16
4665.675536 4.6735e-16
4667.21155 4.4109e-16
4668.747564 4.3518e-16
4670.283578 4.1801e-16
4671.819592 4.4002e-16
4673.355606 4.108e-16
4674.89162 4.3044e-16
4676.427634 4.2892e-16
4677.963648 4.2039e-16
4679.499662 4.2809e-16
4681.035676 4.5256e-16
4682.57169 4.7091e-16
4684.107704 4.5767e-16
4685.643718 4.7062e-16
4687.179732 4.5976e-16
4688.715746 4.5531e-16
4690.25176 4.6707e-16
4691.787774 4.7346e-16
4693.323788 4.7266e-16
4694.859802 4.7485e-16
4696.395816 4.8896e-16
4697.93183 4.7367e-16
4699.467844 4.5984e-16
4701.003858 4.2625e-16
4702.539872 4.1532e-16
4704.075886 4.5322e-16
4705.6119 4.6699e-16
4707.147914 4.3495e-16
4708.683928 4.6468e-16
4710.219942 4.8167e-16
4711.755956 4.386e-16
4713.29197 4.2131e-16
4714.827984 4.3111e-16
4716.363998 4.3614e-16
4717.900012 4.3476e-16
4719.436026 4.4026e-16
4720.97204 4.3388e-16
4722.508054 4.1082e-16
4724.044068 4.2877e-16
4725.580082 4.5073e-16
4727.116096 4.4724e-16
4728.65211 4.5175e-16
4730.188124 4.392e-16
4731.724138 4.551e-16
4733.260152 4.5407e-16
4734.796166 4.4051e-16
4736.33218 4.3983e-16
4737.868194 4.5492e-16
4739.404208 4.3478e-16
4740.940222 4.247e-16
4742.476236 4.186e-16
4744.01225 4.2994e-16
4745.548264 4.1239e-16
4747.084278 4.3207e-16
4748.620292 4.1539e-16
4750.156306 4.4067e-16
4751.69232 4.6036e-16
4753.228334 4.543e-16
4754.764348 4.7936e-16
4756.300362 4.5761e-16
4757.836376 4.5795e-16
4759.37239 4.2353e-16
4760.908404 3.9905e-16
4762.444418 4.1254e-16
4763.980432 4.3018e-16
4765.516446 4.0562e-16
4767.05246 4.3925e-16
4768.588474 4.3759e-16
4770.124488 4.1088e-16
4771.660502 4.1044e-16
4773.196516 4.1407e-16
4774.73253 4.1984e-16
4776.268544 3.9693e-16
4777.804558 4.1933e-16
4779.340572 4.1422e-16
4780.876586 4.7295e-16
4782.4126 4.7992e-16
4783.948614 4.3674e-16
4785.484628 4.1237e-16
4787.020642 4.0396e-16
4788.556656 4.1447e-16
4790.09267 4.1136e-16
4791.628684 4.1313e-16
4793.164698 4.242e-16
4794.700712 4.2467e-16
4796.236726 4.306e-16
4797.77274 4.4023e-16
4799.308754 4.4562e-16
4800.844768 4.1481e-16
4802.380782 4.1954e-16
4803.916796 4.3497e-16
4805.45281 4.5355e-16
4806.988824 4.4187e-16
4808.524838 4.192e-16
4810.060852 3.9878e-16
4811.596866 4.3319e-16
4813.13288 4.2158e-16
4814.668894 4.2076e-16
4816.204908 4.2683e-16
4817.740922 4.1959e-16
4819.276936 4.2696e-16
4820.81295 4.4832e-16
4822.348964 4.4685e-16
4823.884978 3.9686e-16
4825.420992 4.0309e-16
4826.957006 4.0269e-16
4828.49302 4.1305e-16
4830.029034 4.0674e-16
4831.565048 3.9393e-16
4833.101062 4.1229e-16
4834.637076 4.3906e-16
4836.17309 4.34e-16
4837.709104 3.9855e-16
4839.245118 3.6233e-16
4840.781132 3.9472e-16
4842.317146 4.3351e-16
4843.85316 4.4379e-16
4845.389174 4.0456e-16
4846.925188 3.8703e-16
4848.461202 3.7906e-16
4849.997216 4.1968e-16
4851.53323 4.0656e-16
4853.069244 4.1478e-16
4854.605258 4.1063e-16
4856.141272 4.1888e-16
4857.677286 4.2261e-16
4859.2133 4.311e-16
4860.749314 4.4009e-16
4862.285328 4.0703e-16
4863.821342 4.1399e-16
4865.357356 4.1807e-16
4866.89337 4.0214e-16
4868.429384 4.2674e-16
4869.965398 4.2933e-16
4871.501412 4.464e-16
4873.037426 4.449e-16
4874.57344 4.1393e-16
4876.109454 4.2746e-16
4877.645468 4.2492e-16
4879.181482 4.4696e-16
4880.717496 4.2967e-16
4882.25351 4.1401e-16
4883.789524 4.11e-16
4885.325538 4.2455e-16
4886.861552 4.3677e-16
4888.397566 3.9185e-16
4889.93358 3.9882e-16
4891.469594 4.266e-16
4893.005608 4.3502e-16
4894.541622 4.2832e-16
4896.077636 4.0686e-16
4897.61365 4.1604e-16
4899.149664 4.3398e-16
4900.685678 4.2296e-16
4902.221692 4.1068e-16
4903.757706 4.2817e-16
4905.29372 4.0521e-16
4906.829734 4.4463e-16
4908.365748 4.6851e-16
4909.901762 4.3744e-16
4911.437776 4.4865e-16
4912.97379 4.17e-16
4914.509804 4.3772e-16
4916.045818 4.4004e-16
4917.581832 4.2067e-16
4919.117846 4.2266e-16
4920.65386 4.2928e-16
4922.189874 4.1987e-16
4923.725888 4.2649e-16
4925.261902 4.3971e-16
4926.797916 4.3599e-16
4928.33393 4.094e-16
4929.869944 4.1939e-16
4931.405958 4.5374e-16
4932.941972 4.331e-16
4934.477986 4.4772e-16
4936.014 4.3297e-16
4937.550014 4.2812e-16
4939.086028 4.2079e-16
4940.622042 4.2237e-16
4942.158056 4.46e-16
4943.69407 4.2878e-16
4945.230084 4.247e-16
4946.766098 4.6397e-16
4948.302112 4.2068e-16
4949.838126 3.8785e-16
4951.37414 4.3042e-16
4952.910154 4.4415e-16
4954.446168 4.4789e-16
4955.982182 4.2039e-16
4957.518196 4.1093e-16
4959.05421 4.2574e-16
4960.590224 4.3252e-16
4962.126238 4.3742e-16
4963.662252 4.0348e-16
4965.198266 4.4302e-16
4966.73428 4.4027e-16
4968.270294 4.1871e-16
4969.806308 4.1117e-16
4971.342322 4.1313e-16
4972.878336 4.5169e-16
4974.41435 4.058e-16
4975.950364 4.1685e-16
4977.486378 4.027e-16
4979.022392 4.1972e-16
4980.558406 4.3693e-16
4982.09442 4.0209e-16
4983.630434 4.1769e-16
4985.166448 5.1644e-16
4986.702462 7.7369e-16
4988.238476 1.1231e-15
4989.77449 1.2775e-15
4991.310504 1.0198e-15
4992.846518 6.4073e-16
4994.382532 4.791e-16
4995.918546 4.194e-16
4997.45456 4.0914e-16
4998.990574 3.7996e-16
5000.526588 3.911e-16
5002.062602 3.6438e-16
5003.598616 3.8207e-16
5005.13463 4.2409e-16
5006.670644 4.2151e-16
5008.206658 4.4354e-16
5009.742672 4.1861e-16
5011.278686 4.1908e-16
5012.8147 4.4019e-16
5014.350714 4.0236e-16
5015.886728 4.4095e-16
5017.422742 4.4673e-16
5018.958756 4.1255e-16
5020.49477 4.3695e-16
5022.030784 4.0631e-16
5023.566798 3.728e-16
5025.102812 4.1514e-16
5026.638826 4.1363e-16
5028.17484 4.1755e-16
5029.710854 4.2783e-16
5031.246868 4.1126e-16
5032.782882 4.6345e-16
5034.318896 4.5712e-16
5035.85491 4.2876e-16
5037.390924 4.3081e-16
5038.926938 4.3759e-16
5040.462952 4.0479e-16
5041.998966 3.9545e-16
5043.53498 3.9706e-16
5045.070994 4.4262e-16
5046.607008 4.3855e-16
5048.143022 4.2265e-16
5049.679036 4.1744e-16
5051.21505 4.3893e-16
5052.751064 3.9849e-16
5054.287078 4.1393e-16
5055.823092 4.2068e-16
5057.359106 4.4114e-16
5058.89512 4.3204e-16
5060.431134 4.4629e-16
5061.967148 4.1351e-16
5063.503162 4.11e-16
5065.039176 4.0142e-16
5066.57519 4.1844e-16
5068.111204 4.1737e-16
5069.647218 4.1654e-16
5071.183232 4.3699e-16
5072.719246 4.3003e-16
5074.25526 4.5979e-16
5075.791274 4.5708e-16
5077.327288 4.5135e-16
5078.863302 4.5711e-16
5080.399316 4.5572e-16
5081.93533 4.636e-16
5083.471344 4.4502e-16
5085.007358 4.1231e-16
5086.543372 4.7744e-16
5088.079386 6.3001e-16
5089.6154 7.0104e-16
5091.151414 6.1085e-16
5092.687428 5.5745e-16
5094.223442 4.5661e-16
5095.759456 4.5148e-16
5097.29547 4.7944e-16
5098.831484 4.2025e-16
5100.367498 4.4199e-16
5101.903512 4.5068e-16
5103.439526 4.6767e-16
5104.97554 4.2819e-16
5106.511554 4.2606e-16
5108.047568 4.2253e-16
5109.583582 3.9762e-16
5111.119596 4.0046e-16
5112.65561 4.0371e-16
5114.191624 3.9396e-16
5115.727638 4.1499e-16
5117.263652 4.341e-16
5118.799666 4.2982e-16
5120.33568 4.4022e-16
5121.871694 4.5426e-16
5123.407708 4.4709e-16
5124.943722 4.3723e-16
5126.479736 4.3647e-16
5128.01575 4.4892e-16
5129.551764 4.1641e-16
5131.087778 4.0931e-16
5132.623792 4.2949e-16
5134.159806 5.1386e-16
5135.69582 6.3065e-16
5137.231834 9.5486e-16
5138.767848 1.1449e-15
5140.303862 9.9774e-16
5141.839876 6.6938e-16
5143.37589 5.266e-16
5144.911904 4.7033e-16
5146.447918 4.2001e-16
5147.983932 4.0888e-16
5149.519946 4.0942e-16
5151.05596 4.0852e-16
5152.591974 3.9896e-16
5154.127988 3.9077e-16
5155.664002 3.9586e-16
5157.200016 4.0112e-16
5158.73603 3.8649e-16
5160.272044 3.653e-16
5161.808058 4.2016e-16
5163.344072 4.4054e-16
5164.880086 3.8483e-16
5166.4161 4.2879e-16
5167.952114 4.3177e-16
5169.488128 3.4767e-16
5171.024142 3.6412e-16
5172.560156 4.0907e-16
5174.09617 3.8974e-16
5175.632184 3.8127e-16
5177.168198 4.3155e-16
5178.704212 4.0793e-16
5180.240226 3.9499e-16
5181.77624 4.129e-16
5183.312254 4.3419e-16
5184.848268 4.3332e-16
5186.384282 4.0875e-16
5187.920296 4.0949e-16
5189.45631 4.1291e-16
5190.992324 4.3146e-16
5192.528338 4.1194e-16
5194.064352 3.9595e-16
5195.600366 3.8376e-16
5197.13638 4.0724e-16
5198.672394 3.9957e-16
5200.208408 4.0295e-16
5201.744422 3.9956e-16
5203.280436 4.0085e-16
5204.81645 3.9904e-16
5206.352464 4.1369e-16
5207.888478 3.9555e-16
5209.424492 4.2961e-16
5210.960506 4.4249e-16
5212.49652 3.8265e-16
5214.032534 3.9949e-16
5215.568548 3.7223e-16
5217.104562 3.6832e-16
5218.640576 3.8844e-16
5220.17659 4.0662e-16
5221.712604 4.1262e-16
5223.248618 4.2469e-16
5224.784632 4.094e-16
5226.320646 3.8196e-16
5227.85666 4.1494e-16
5229.392674 4.4626e-16
5230.928688 4.0412e-16
5232.464702 4.045e-16
5234.000716 3.8935e-16
5235.53673 3.7601e-16
5237.072744 4.1678e-16
5238.608758 4.1267e-16
5240.144772 3.6797e-16
5241.680786 3.9968e-16
5243.2168 4.4048e-16
5244.752814 4.4482e-16
5246.288828 4.7998e-16
5247.824842 4.3173e-16
5249.360856 4.2076e-16
5250.89687 4.3551e-16
5252.432884 4.16e-16
5253.968898 4.4153e-16
5255.504912 4.3466e-16
5257.040926 4.0576e-16
5258.57694 4.0074e-16
5260.112954 4.2215e-16
5261.648968 4.2879e-16
5263.184982 4.1499e-16
5264.720996 4.1533e-16
5266.25701 4.1335e-16
5267.793024 4.2446e-16
5269.329038 4.1389e-16
5270.865052 4.43e-16
5272.401066 4.3683e-16
5273.93708 4.3234e-16
5275.473094 4.5441e-16
5277.009108 3.8963e-16
5278.545122 4.1299e-16
5280.081136 4.5923e-16
5281.61715 3.7737e-16
5283.153164 4.3004e-16
5284.689178 4.2672e-16
5286.225192 3.8988e-16
5287.761206 3.8656e-16
5289.29722 3.7535e-16
5290.833234 4.2216e-16
5292.369248 4.7618e-16
5293.905262 4.1893e-16
5295.441276 3.6028e-16
5296.97729 4.0101e-16
5298.513304 4.0907e-16
5300.049318 3.9248e-16
5301.585332 3.9082e-16
5303.121346 3.7539e-16
5304.65736 3.7094e-16
5306.193374 3.5324e-16
5307.729388 3.6646e-16
5309.265402 3.6203e-16
5310.801416 3.5987e-16
5312.33743 3.8222e-16
5313.873444 4.3516e-16
5315.409458 4.261e-16
5316.945472 4.3947e-16
5318.481486 4.1041e-16
5320.0175 3.7936e-16
5321.553514 3.3857e-16
5323.089528 3.7997e-16
5324.625542 4.018e-16
5326.161556 3.6627e-16
5327.69757 4.1827e-16
5329.233584 4.2567e-16
5330.769598 3.9181e-16
5332.305612 3.7361e-16
5333.841626 4.1682e-16
5335.37764 4.35e-16
5336.913654 4.5527e-16
5338.449668 4.2595e-16
5339.985682 3.8332e-16
5341.521696 3.4678e-16
5343.05771 3.5575e-16
5344.593724 3.8571e-16
5346.129738 4.0954e-16
5347.665752 3.4257e-16
5349.201766 3.5283e-16
5350.73778 3.6176e-16
5352.273794 3.7965e-16
5353.809808 3.376e-16
5355.345822 3.6736e-16
5356.881836 3.7334e-16
5358.41785 3.4241e-16
5359.953864 3.488e-16
5361.489878 3.359e-16
5363.025892 3.5527e-16
5364.561906 3.411e-16
5366.09792 3.523e-16
5367.633934 3.5377e-16
5369.169948 4.0417e-16
5370.705962 3.6252e-16
5372.241976 3.5187e-16
5373.77799 3.4988e-16
5375.314004 3.543e-16
5376.850018 3.756e-16
5378.386032 3.7578e-16
5379.922046 3.8728e-16
5381.45806 3.9107e-16
5382.994074 4.0969e-16
5384.530088 3.8873e-16
5386.066102 3.4564e-16
5387.602116 3.8469e-16
5389.13813 3.6806e-16
5390.674144 3.4547e-16
5392.210158 3.719e-16
5393.746172 3.2181e-16
5395.282186 3.2864e-16
5396.8182 3.5969e-16
5398.354214 3.4147e-16
5399.890228 3.4774e-16
5401.426242 3.4284e-16
5402.962256 3.6588e-16
5404.49827 3.606e-16
5406.034284 2.9173e-16
5407.570298 2.7654e-16
5409.106312 3.0863e-16
5410.642326 3.3797e-16
5412.17834 3.5855e-16
5413.714354 3.1604e-16
5415.250368 3.4603e-16
5416.786382 3.3865e-16
5418.322396 3.8927e-16
5419.85841 3.5823e-16
5421.394424 3.5709e-16
5422.930438 3.5712e-16
5424.466452 3.515e-16
5426.002466 3.3051e-16
5427.53848 3.6043e-16
5429.074494 3.9027e-16
5430.610508 3.353e-16
5432.146522 3.3848e-16
5433.682536 4.3441e-16
5435.21855 4.2266e-16
5436.754564 3.4072e-16
5438.290578 3.8004e-16
5439.826592 4.0933e-16
5441.362606 3.8768e-16
5442.89862 4.5781e-16
5444.434634 4.5028e-16
5445.970648 4.3291e-16
5447.506662 4.1132e-16
5449.042676 4.1829e-16
5450.57869 3.9994e-16
5452.114704 3.6515e-16
5453.650718 3.6323e-16
5455.186732 4.5918e-16
5456.722746 4.1204e-16
5458.25876 4.1473e-16
5459.794774 4.2185e-16
5461.330788 3.8014e-16
5462.866802 3.5926e-16
5464.402816 4.0376e-16
5465.93883 3.7125e-16
5467.474844 4.1948e-16
5469.010858 4.5447e-16
5470.546872 4.1072e-16
5472.082886 3.8763e-16
5473.6189 3.9966e-16
5475.154914 4.4034e-16
5476.690928 3.925e-16
5478.226942 4.0097e-16
5479.762956 4.0224e-16
5481.29897 3.8294e-16
5482.834984 4.1511e-16
5484.370998 4.1606e-16
5485.907012 4.3241e-16
5487.443026 3.5758e-16
5488.97904 3.8531e-16
5490.515054 3.6812e-16
5492.051068 3.7459e-16
5493.587082 4.6563e-16
5495.123096 4.3017e-16
5496.65911 3.5539e-16
5498.195124 3.6777e-16
5499.731138 4.0378e-16
5501.267152 3.1287e-16
5502.803166 3.2129e-16
5504.33918 3.5505e-16
5505.875194 3.4079e-16
5507.411208 3.3593e-16
5508.947222 3.8985e-16
5510.483236 3.8566e-16
5512.01925 3.4522e-16
5513.555264 3.3516e-16
5515.091278 3.7924e-16
5516.627292 3.7647e-16
5518.163306 3.4029e-16
5519.69932 3.7643e-16
5521.235334 3.9053e-16
5522.771348 3.5116e-16
5524.307362 3.4902e-16
5525.843376 3.7406e-16
5527.37939 3.6833e-16
5528.915404 3.6795e-16
5530.451418 4.1034e-16
5531.987432 3.7491e-16
5533.523446 3.9373e-16
5535.05946 4.0443e-16
5536.595474 3.9858e-16
5538.131488 3.4441e-16
5539.667502 3.4633e-16
5541.203516 3.965e-16
5542.73953 3.92e-16
5544.275544 3.5867e-16
5545.811558 3.9973e-16
5547.347572 3.6175e-16
5548.883586 3.1127e-16
5550.4196 3.5459e-16
5551.955614 4.0455e-16
5553.491628 3.65e-16
5555.027642 3.5502e-16
5556.563656 3.7922e-16
5558.09967 3.6055e-16
5559.635684 3.4018e-16
5561.171698 3.4401e-16
5562.707712 3.9494e-16
5564.243726 4.0169e-16
5565.77974 3.939e-16
5567.315754 4.3772e-16
5568.851768 3.78e-16
5570.387782 3.5481e-16
5571.923796 3.7759e-16
5573.45981 3.6261e-16
5574.995824 4.0753e-16
5576.531838 4.5351e-16
5578.067852 4.706e-16
5579.603866 3.8517e-16
5581.13988 3.8251e-16
5582.675894 4.7353e-16
5584.211908 4.0977e-16
5585.747922 3.7273e-16
5587.283936 4.6038e-16
5588.81995 4.4291e-16
5590.355964 3.6404e-16
5591.891978 4.1027e-16
5593.427992 3.9541e-16
5594.964006 3.3816e-16
5596.50002 3.5402e-16
5598.036034 4.1138e-16
5599.572048 3.8025e-16
5601.108062 3.6419e-16
5602.644076 4.338e-16
5604.18009 4.5122e-16
5605.716104 3.9185e-16
5607.252118 4.0163e-16
5608.788132 4.1905e-16
5610.324146 4.1368e-16
5611.86016 4.0929e-16
5613.396174 4.6131e-16
5614.932188 4.4413e-16
5616.468202 4.0414e-16
5618.004216 3.8563e-16
5619.54023 4.1628e-16
5621.076244 3.7265e-16
5622.612258 4.0077e-16
5624.148272 4.4734e-16
5625.684286 4.0046e-16
5627.2203 3.7824e-16
5628.756314 4.1867e-16
5630.292328 3.9539e-16
5631.828342 3.6044e-16
5633.364356 3.8638e-16
5634.90037 4.5374e-16
5636.436384 4.233e-16
5637.972398 4.306e-16
5639.508412 4.7599e-16
5641.044426 4.412e-16
5642.58044 3.5239e-16
5644.116454 3.6283e-16
5645.652468 4.3806e-16
5647.188482 3.9655e-16
5648.724496 3.7481e-16
5650.26051 3.8207e-16
5651.796524 3.5536e-16
5653.332538 3.8123e-16
5654.868552 4.0386e-16
5656.404566 4.2903e-16
5657.94058 3.9658e-16
5659.476594 4.0976e-16
5661.012608 4.2136e-16
5662.548622 3.8607e-16
5664.084636 3.3465e-16
5665.62065 3.8679e-16
5667.156664 3.8644e-16
5668.692678 3.8445e-16
5670.228692 4.3632e-16
5671.764706 4.3583e-16
5673.30072 3.7166e-16
5674.836734 3.8194e-16
5676.372748 4.0433e-16
5677.908762 3.686e-16
5679.444776 3.473e-16
5680.98079 3.8632e-16
5682.516804 4.0234e-16
5684.052818 3.6621e-16
5685.588832 3.7811e-16
5687.124846 3.8916e-16
5688.66086 3.8644e-16
5690.196874 3.7706e-16
5691.732888 4.2411e-16
5693.268902 4.2672e-16
5694.804916 3.9541e-16
5696.34093 3.907e-16
5697.876944 3.8886e-16
5699.412958 3.7128e-16
5700.948972 3.8532e-16
5702.484986 4.4719e-16
5704.021 3.9574e-16
5705.557014 3.265e-16
5707.093028 3.9064e-16
5708.629042 3.9477e-16
5710.165056 3.9421e-16
5711.70107 4.0815e-16
5713.237084 4.2254e-16
5714.773098 3.8095e-16
5716.309112 3.7169e-16
5717.845126 4.472e-16
5719.38114 4.2312e-16
5720.917154 3.6077e-16
5722.453168 4.078e-16
5723.989182 4.4817e-16
5725.525196 3.9038e-16
5727.06121 4.0244e-16
5728.597224 4.0332e-16
5730.133238 3.6254e-16
5731.669252 3.4598e-16
5733.205266 3.8489e-16
5734.74128 3.8857e-16
5736.277294 3.4948e-16
5737.813308 3.6179e-16
5739.349322 3.7221e-16
5740.885336 3.8287e-16
5742.42135 4.0289e-16
5743.957364 4.155e-16
5745.493378 4.005e-16
5747.029392 3.7116e-16
5748.565406 3.7557e-16
5750.10142 3.9348e-16
5751.637434 3.6525e-16
5753.173448 3.6295e-16
5754.709462 4.0001e-16
5756.245476 3.534e-16
5757.78149 3.5695e-16
5759.317504 4.0724e-16
5760.853518 4.3864e-16
5762.389532 4.1772e-16
5763.925546 4.1745e-16
5765.46156 4.1266e-16
5766.997574 3.7589e-16
5768.533588 3.7475e-16
5770.069602 3.7439e-16
5771.605616 3.5581e-16
5773.14163 3.5051e-16
5774.677644 3.8167e-16
5776.213658 3.9752e-16
5777.749672 3.4776e-16
5779.285686 3.6497e-16
5780.8217 3.8799e-16
5782.357714 3.4628e-16
5783.893728 3.4413e-16
5785.429742 4.1208e-16
5786.965756 4.3007e-16
5788.50177 3.9748e-16
5790.037784 3.955e-16
5791.573798 4.0642e-16
5793.109812 3.907e-16
5794.645826 3.8223e-16
5796.18184 4.1241e-16
5797.717854 3.9181e-16
5799.253868 3.5161e-16
5800.789882 3.8675e-16
5802.325896 3.8929e-16
5803.86191 3.1843e-16
5805.397924 3.1983e-16
5806.933938 3.8411e-16
5808.469952 3.6272e-16
5810.005966 3.3757e-16
5811.54198 3.6736e-16
5813.077994 3.507e-16
5814.614008 3.2047e-16
5816.150022 3.5074e-16
5817.686036 4.1371e-16
5819.22205 3.8578e-16
5820.758064 3.6179e-16
5822.294078 4.1804e-16
5823.830092 4.0047e-16
5825.366106 3.6044e-16
5826.90212 4.0717e-16
5828.438134 4.3395e-16
5829.974148 3.5662e-16
5831.510162 3.3287e-16
5833.046176 3.9127e-16
5834.58219 3.7961e-16
5836.118204 3.2668e-16
5837.654218 3.6818e-16
5839.190232 3.977e-16
5840.726246 3.5119e-16
5842.26226 3.4135e-16
5843.798274 3.8419e-16
5845.334288 3.6497e-16
5846.870302 3.5e-16
5848.406316 3.8556e-16
5849.94233 3.7176e-16
5851.478344 3.5153e-16
5853.014358 4.1681e-16
5854.550372 4.2219e-16
5856.086386 3.4716e-16
5857.6224 3.802e-16
5859.158414 4.0922e-16
5860.694428 3.4741e-16
5862.230442 3.4465e-16
5863.766456 3.5392e-16
5865.30247 3.508e-16
5866.838484 3.7366e-16
5868.374498 3.8841e-16
5869.910512 4.1566e-16
5871.446526 4.0751e-16
5872.98254 3.7777e-16
5874.518554 3.8428e-16
5876.054568 3.8984e-16
5877.590582 4.0215e-16
5879.126596 4.2751e-16
5880.66261 4.2123e-16
5882.198624 3.9537e-16
5883.734638 4.0221e-16
5885.270652 4.6576e-16
5886.806666 3.9503e-16
5888.34268 3.6369e-16
5889.878694 3.9952e-16
5891.414708 3.4246e-16
5892.950722 3.327e-16
5894.486736 3.9756e-16
5896.02275 4.1356e-16
5897.558764 3.2874e-16
5899.094778 3.1467e-16
5900.630792 3.7927e-16
5902.166806 3.5892e-16
5903.70282 3.4218e-16
5905.238834 4.1041e-16
5906.774848 4.1224e-16
5908.310862 3.3758e-16
5909.846876 3.4948e-16
5911.38289 3.713e-16
5912.918904 3.62e-16
5914.454918 3.9296e-16
5915.990932 3.9797e-16
5917.526946 3.6849e-16
5919.06296 3.6856e-16
5920.598974 3.5495e-16
5922.134988 4.2704e-16
5923.671002 4.3912e-16
5925.207016 3.651e-16
5926.74303 3.8983e-16
5928.279044 4.3117e-16
5929.815058 3.9899e-16
5931.351072 3.6867e-16
5932.887086 3.5546e-16
5934.4231 3.4737e-16
5935.959114 3.3335e-16
5937.495128 3.8878e-16
5939.031142 4.2112e-16
5940.567156 3.7811e-16
5942.10317 3.9613e-16
5943.639184 4.1044e-16
5945.175198 3.7626e-16
5946.711212 3.4396e-16
5948.247226 3.8436e-16
5949.78324 4.0716e-16
5951.319254 3.8449e-16
5952.855268 4.0742e-16
5954.391282 4.4227e-16
5955.927296 3.8472e-16
5957.46331 3.6709e-16
5958.999324 3.9822e-16
5960.535338 3.6444e-16
5962.071352 3.3949e-16
5963.607366 4.0948e-16
5965.14338 4.0837e-16
5966.679394 3.6009e-16
5968.215408 3.7323e-16
5969.751422 4.0188e-16
5971.287436 3.9353e-16
5972.82345 3.7413e-16
5974.359464 4.125e-16
5975.895478 4.069e-16
5977.431492 3.7751e-16
5978.967506 3.8547e-16
5980.50352 3.8557e-16
5982.039534 3.8023e-16
5983.575548 4.0263e-16
5985.111562 4.1897e-16
5986.647576 3.8726e-16
5988.18359 3.8729e-16
5989.719604 4.0842e-16
5991.255618 3.8809e-16
5992.791632 3.4936e-16
5994.327646 3.5233e-16
5995.86366 3.7725e-16
5997.399674 3.9777e-16
5998.935688 4.3259e-16
6000.471702 4.4476e-16
6002.007716 4.0504e-16
6003.54373 3.9511e-16
6005.079744 4.1311e-16
6006.615758 3.6963e-16
6008.151772 3.3489e-16
6009.687786 3.5588e-16
6011.2238 3.7584e-16
6012.759814 3.3896e-16
6014.295828 3.3112e-16
6015.831842 3.7459e-16
6017.367856 3.9112e-16
6018.90387 3.8124e-16
6020.439884 4.2859e-16
6021.975898 4.5576e-16
6023.511912 4.5322e-16
6025.047926 4.4581e-16
6026.58394 4.6239e-16
6028.119954 4.3229e-16
6029.655968 3.8352e-16
6031.191982 3.9875e-16
6032.727996 3.8652e-16
6034.26401 3.5849e-16
6035.800024 3.679e-16
6037.336038 3.6265e-16
6038.872052 3.4088e-16
6040.408066 3.3584e-16
6041.94408 3.309e-16
6043.480094 3.2746e-16
6045.016108 3.1718e-16
6046.552122 3.8049e-16
6048.088136 4.0651e-16
6049.62415 3.5708e-16
6051.160164 3.4895e-16
6052.696178 3.7888e-16
6054.232192 3.6285e-16
6055.768206 3.4255e-16
6057.30422 3.7452e-16
6058.840234 3.7889e-16
6060.376248 3.5915e-16
6061.912262 3.5352e-16
6063.448276 3.5361e-16
6064.98429 3.3186e-16
6066.520304 3.4603e-16
6068.056318 3.8681e-16
6069.592332 3.591e-16
6071.128346 3.3448e-16
6072.66436 3.8696e-16
6074.200374 4.056e-16
6075.736388 3.6058e-16
6077.272402 3.4245e-16
6078.808416 3.8867e-16
6080.34443 4.1057e-16
6081.880444 3.69e-16
6083.416458 3.8764e-16
6084.952472 3.949e-16
6086.488486 3.7214e-16
6088.0245 3.7548e-16
6089.560514 3.9309e-16
6091.096528 3.9674e-16
6092.632542 3.7587e-16
6094.168556 3.6709e-16
6095.70457 3.787e-16
6097.240584 3.5562e-16
6098.776598 3.7899e-16
6100.312612 3.608e-16
6101.848626 3.2561e-16
6103.38464 3.4116e-16
6104.920654 3.6595e-16
6106.456668 3.7204e-16
6107.992682 3.568e-16
6109.528696 3.562e-16
6111.06471 3.6882e-16
6112.600724 3.6826e-16
6114.136738 3.7946e-16
6115.672752 3.6777e-16
6117.208766 3.3151e-16
6118.74478 3.4563e-16
6120.280794 4.0165e-16
6121.816808 3.8386e-16
6123.352822 3.5261e-16
6124.888836 3.9625e-16
6126.42485 4.0586e-16
6127.960864 3.7664e-16
6129.496878 3.6153e-16
6131.032892 3.8497e-16
6132.568906 3.9347e-16
6134.10492 3.699e-16
6135.640934 3.6413e-16
6137.176948 3.7754e-16
6138.712962 3.5823e-16
6140.248976 3.3848e-16
6141.78499 3.5532e-16
6143.321004 3.6323e-16
6144.857018 3.5394e-16
6146.393032 3.6249e-16
6147.929046 3.6977e-16
6149.46506 3.4795e-16
6151.001074 3.4583e-16
6152.537088 3.4934e-16
6154.073102 3.474e-16
6155.609116 3.3664e-16
6157.14513 3.5503e-16
6158.681144 3.7638e-16
6160.217158 3.4789e-16
6161.753172 3.344e-16
6163.289186 3.6712e-16
6164.8252 3.9718e-16
6166.361214 3.6289e-16
6167.897228 3.4712e-16
6169.433242 3.5748e-16
6170.969256 3.4531e-16
6172.50527 3.5587e-16
6174.041284 3.5047e-16
6175.577298 3.2617e-16
6177.113312 3.4221e-16
6178.649326 3.9608e-16
6180.18534 3.8464e-16
6181.721354 3.4538e-16
6183.257368 3.6537e-16
6184.793382 3.7721e-16
6186.329396 3.3031e-16
6187.86541 3.3683e-16
6189.401424 3.9998e-16
6190.937438 3.8566e-16
6192.473452 3.739e-16
6194.009466 4.073e-16
6195.54548 3.7329e-16
6197.081494 3.2908e-16
6198.617508 3.545e-16
6200.153522 3.9482e-16
6201.689536 3.9448e-16
6203.22555 3.7002e-16
6204.761564 3.6305e-16
6206.297578 3.5441e-16
6207.833592 3.4186e-16
6209.369606 3.5763e-16
6210.90562 3.8366e-16
6212.441634 3.6305e-16
6213.977648 3.6501e-16
6215.513662 4.0139e-16
6217.049676 3.9197e-16
6218.58569 3.5332e-16
6220.121704 3.4774e-16
6221.657718 3.5168e-16
6223.193732 3.3666e-16
6224.729746 3.5873e-16
6226.26576 3.9633e-16
6227.801774 3.7418e-16
6229.337788 3.4389e-16
6230.873802 3.7503e-16
6232.409816 3.6215e-16
6233.94583 3.3385e-16
6235.481844 3.3682e-16
6237.017858 3.5236e-16
6238.553872 3.3897e-16
6240.089886 3.515e-16
6241.6259 3.5165e-16
6243.161914 3.3979e-16
6244.697928 3.2523e-16
6246.233942 3.5794e-16
6247.769956 3.7381e-16
6249.30597 3.2627e-16
6250.841984 3.5446e-16
6252.377998 4.1516e-16
6253.914012 3.8788e-16
6255.450026 3.6429e-16
6256.98604 3.6767e-16
6258.522054 3.5992e-16
6260.058068 3.3216e-16
6261.594082 3.3946e-16
6263.130096 3.4661e-16
6264.66611 3.4166e-16
6266.202124 3.4341e-16
6267.738138 3.6014e-16
6269.274152 3.602e-16
6270.810166 3.519e-16
6272.34618 3.8021e-16
6273.882194 3.8469e-16
6275.418208 3.6437e-16
6276.954222 3.6456e-16
6278.490236 3.5187e-16
6280.02625 3.3505e-16
6281.562264 3.4978e-16
6283.098278 3.758e-16
6284.634292 4.1116e-16
6286.170306 3.443e-16
6287.70632 3.431e-16
6289.242334 4.0309e-16
6290.778348 3.8396e-16
6292.314362 3.6454e-16
6293.850376 3.9128e-16
6295.38639 3.7141e-16
6296.922404 3.4079e-16
6298.458418 3.4869e-16
6299.994432 3.2065e-16
6301.530446 3.0704e-16
6303.06646 3.4712e-16
6304.602474 3.8784e-16
6306.138488 3.5591e-16
6307.674502 3.6654e-16
6309.210516 3.9526e-16
6310.74653 3.7005e-16
6312.282544 3.3031e-16
6313.818558 3.3936e-16
6315.354572 3.486e-16
6316.890586 2.8668e-16
6318.4266 2.8904e-16
6319.962614 3.7533e-16
6321.498628 3.6815e-16
6323.034642 3.3535e-16
6324.570656 3.4357e-16
6326.10667 3.5996e-16
6327.642684 3.5174e-16
6329.178698 3.4939e-16
6330.714712 3.7998e-16
6332.250726 3.2411e-16
6333.78674 3.2672e-16
6335.322754 3.3895e-16
6336.858768 3.6884e-16
6338.394782 3.0819e-16
6339.930796 3.2336e-16
6341.46681 3.7666e-16
6343.002824 3.6739e-16
6344.538838 3.515e-16
6346.074852 3.7452e-16
6347.610866 3.6934e-16
6349.14688 3.2689e-16
6350.682894 3.3864e-16
6352.218908 3.6589e-16
6353.754922 3.1353e-16
6355.290936 3.0017e-16
6356.82695 3.738e-16
6358.362964 3.7544e-16
6359.898978 3.6827e-16
6361.434992 3.8519e-16
6362.971006 3.9551e-16
6364.50702 3.3889e-16
6366.043034 3.425e-16
6367.579048 3.7558e-16
6369.115062 3.6826e-16
6370.651076 3.3875e-16
6372.18709 3.5302e-16
6373.723104 3.6429e-16
6375.259118 3.3167e-16
6376.795132 3.3471e-16
6378.331146 3.4279e-16
6379.86716 3.4185e-16
6381.403174 3.2863e-16
6382.939188 3.5279e-16
6384.475202 3.5283e-16
6386.011216 3.1927e-16
6387.54723 3.0237e-16
6389.083244 3.3073e-16
6390.619258 3.412e-16
6392.155272 3.3321e-16
6393.691286 3.5649e-16
6395.2273 3.343e-16
6396.763314 3.0187e-16
6398.299328 3.4128e-16
6399.835342 3.4825e-16
6401.371356 3.186e-16
6402.90737 3.431e-16
6404.443384 3.6323e-16
6405.979398 3.4187e-16
6407.515412 3.3798e-16
6409.051426 3.6434e-16
6410.58744 3.5322e-16
6412.123454 3.2842e-16
6413.659468 3.3735e-16
6415.195482 3.4504e-16
6416.731496 3.3764e-16
6418.26751 3.5606e-16
6419.803524 3.6148e-16
6421.339538 3.4197e-16
6422.875552 3.2238e-16
6424.411566 3.44e-16
6425.94758 3.5366e-16
6427.483594 3.0361e-16
6429.019608 2.9725e-16
6430.555622 3.5517e-16
6432.091636 3.5534e-16
6433.62765 3.2332e-16
6435.163664 3.5567e-16
6436.699678 3.5812e-16
6438.235692 3.301e-16
6439.771706 3.4461e-16
6441.30772 3.6946e-16
6442.843734 3.5223e-16
6444.379748 3.3778e-16
6445.915762 3.3821e-16
6447.451776 3.4354e-16
6448.98779 3.2582e-16
6450.523804 3.3966e-16
6452.059818 3.5696e-16
6453.595832 3.2598e-16
6455.131846 3.3547e-16
6456.66786 3.8833e-16
6458.203874 4.0173e-16
6459.739888 4.0195e-16
6461.275902 4.294e-16
6462.811916 4.4565e-16
6464.34793 3.9564e-16
6465.883944 3.7544e-16
6467.419958 4.1557e-16
6468.955972 3.781e-16
6470.491986 3.3051e-16
6472.028 3.2899e-16
6473.564014 3.327e-16
6475.100028 3.3074e-16
6476.636042 3.4711e-16
6478.172056 3.572e-16
6479.70807 3.1996e-16
6481.244084 3.0386e-16
6482.780098 3.4081e-16
6484.316112 3.4185e-16
6485.852126 3.2424e-16
6487.38814 3.4755e-16
6488.924154 3.562e-16
6490.460168 3.1599e-16
6491.996182 3.0587e-16
6493.532196 3.4652e-16
6495.06821 3.4806e-16
6496.604224 3.4502e-16
6498.140238 3.6113e-16
6499.676252 3.5895e-16
6501.212266 3.4897e-16
6502.74828 3.5518e-16
6504.284294 3.6629e-16
6505.820308 3.4447e-16
6507.356322 3.0959e-16
6508.892336 3.3079e-16
6510.42835 3.4148e-16
6511.964364 3.0658e-16
6513.500378 3.15e-16
6515.036392 3.4782e-16
6516.572406 3.3117e-16
6518.10842 3.1627e-16
6519.644434 3.3038e-16
6521.180448 3.123e-16
6522.716462 3.3087e-16
6524.252476 3.7739e-16
6525.78849 3.9556e-16
6527.324504 3.6201e-16
6528.860518 3.2092e-16
6530.396532 3.5831e-16
6531.932546 3.6921e-16
6533.46856 3.4855e-16
6535.004574 3.6618e-16
6536.540588 3.6856e-16
6538.076602 3.2974e-16
6539.612616 3.2984e-16
6541.14863 3.5518e-16
6542.684644 3.5297e-16
6544.220658 3.5489e-16
6545.756672 3.7105e-16
6547.292686 3.6408e-16
6548.8287 3.4672e-16
6550.364714 3.6281e-16
6551.900728 3.844e-16
6553.436742 3.5239e-16
6554.972756 3.5282e-16
6556.50877 3.9452e-16
6558.044784 3.9483e-16
6559.580798 3.9132e-16
6561.116812 4.1325e-16
6562.652826 4.2438e-16
6564.18884 4.0496e-16
6565.724854 3.9377e-16
6567.260868 4.0833e-16
6568.796882 3.9448e-16
6570.332896 3.6931e-16
6571.86891 3.8597e-16
6573.404924 3.928e-16
6574.940938 3.5061e-16
6576.476952 3.5036e-16
6578.012966 3.7764e-16
6579.54898 3.6215e-16
6581.084994 3.4466e-16
6582.621008 3.5259e-16
6584.157022 3.5225e-16
6585.693036 3.1537e-16
6587.22905 3.4767e-16
6588.765064 3.7066e-16
6590.301078 3.5625e-16
6591.837092 3.6089e-16
6593.373106 3.842e-16
6594.90912 3.7622e-16
6596.445134 3.3007e-16
6597.981148 3.2474e-16
6599.517162 3.4224e-16
6601.053176 3.6117e-16
6602.58919 3.7042e-16
6604.125204 3.7632e-16
6605.661218 3.6682e-16
6607.197232 3.4646e-16
6608.733246 3.5179e-16
6610.26926 3.6339e-16
6611.805274 3.3217e-16
6613.341288 3.3474e-16
6614.877302 3.6645e-16
6616.413316 3.5775e-16
6617.94933 3.5165e-16
6619.485344 3.7813e-16
6621.021358 3.774e-16
6622.557372 3.4216e-16
6624.093386 3.472e-16
6625.6294 3.5419e-16
6627.165414 3.4969e-16
6628.701428 3.4507e-16
6630.237442 3.6925e-16
6631.773456 3.4627e-16
6633.30947 3.3412e-16
6634.845484 3.6935e-16
6636.381498 3.7505e-16
6637.917512 3.2439e-16
6639.453526 3.1994e-16
6640.98954 3.472e-16
6642.525554 3.2769e-16
6644.061568 3.2952e-16
6645.597582 3.7159e-16
6647.133596 3.9891e-16
6648.66961 3.6065e-16
6650.205624 3.4764e-16
6651.741638 3.7218e-16
6653.277652 3.5664e-16
6654.813666 3.2185e-16
6656.34968 3.3949e-16
6657.885694 3.6119e-16
6659.421708 3.3267e-16
6660.957722 3.4652e-16
6662.493736 3.817e-16
6664.02975 3.511e-16
6665.565764 3.233e-16
6667.101778 3.5641e-16
6668.637792 3.681e-16
6670.173806 3.572e-16
6671.70982 3.7255e-16
6673.245834 3.569e-16
6674.781848 3.4411e-16
6676.317862 3.5792e-16
6677.853876 3.657e-16
6679.38989 3.5949e-16
6680.925904 3.7019e-16
6682.461918 3.7836e-16
6683.997932 3.69e-16
6685.533946 3.5957e-16
6687.06996 3.6979e-16
6688.605974 3.7843e-16
6690.141988 3.6092e-16
6691.678002 3.6603e-16
6693.214016 3.7931e-16
6694.75003 3.6748e-16
6696.286044 3.5144e-16
6697.822058 3.5645e-16
6699.358072 3.5369e-16
6700.894086 3.2951e-16
6702.4301 3.5603e-16
6703.966114 4.0328e-16
6705.502128 3.8945e-16
6707.038142 3.6911e-16
6708.574156 3.9987e-16
6710.11017 4.7702e-16
6711.646184 5.214e-16
6713.182198 5.6858e-16
6714.718212 6.1358e-16
6716.254226 5.7893e-16
6717.79024 5.3684e-16
6719.326254 5.0714e-16
6720.862268 4.5035e-16
6722.398282 4.1807e-16
6723.934296 6.256e-16
6725.47031 1.2156e-15
6727.006324 1.9973e-15
6728.542338 2.5625e-15
6730.078352 2.7207e-15
6731.614366 2.5749e-15
6733.15038 2.2533e-15
6734.686394 1.7386e-15
6736.222408 1.1791e-15
6737.758422 7.1065e-16
6739.294436 4.6407e-16
6740.83045 3.8221e-16
6742.366464 3.5168e-16
6743.902478 3.7198e-16
6745.438492 5.0944e-16
6746.974506 7.1991e-16
6748.51052 9.701e-16
6750.046534 1.1243e-15
6751.582548 1.1322e-15
6753.118562 1.0148e-15
6754.654576 8.7091e-16
6756.19059 7.4249e-16
6757.726604 5.9723e-16
6759.262618 4.4108e-16
6760.798632 3.4877e-16
6762.334646 3.5957e-16
6763.87066 3.6733e-16
6765.406674 3.4807e-16
6766.942688 3.6823e-16
6768.478702 3.5587e-16
6770.014716 3.1403e-16
6771.55073 3.3796e-16
6773.086744 3.9989e-16
6774.622758 3.7322e-16
6776.158772 3.3639e-16
6777.694786 3.4691e-16
6779.2308 3.4015e-16
6780.766814 3.314e-16
6782.302828 3.475e-16
6783.838842 3.4908e-16
6785.374856 3.3346e-16
6786.91087 3.4136e-16
6788.446884 3.4726e-16
6789.982898 3.4268e-16
6791.518912 3.2586e-16
6793.054926 3.3643e-16
6794.59094 3.6029e-16
6796.126954 3.4357e-16
6797.662968 3.3658e-16
6799.198982 3.3758e-16
6800.734996 3.2208e-16
6802.27101 3.1347e-16
6803.807024 3.3001e-16
6805.343038 3.3717e-16
6806.879052 3.191e-16
6808.415066 3.326e-16
6809.95108 3.4807e-16
6811.487094 3.4166e-16
6813.023108 3.1071e-16
6814.559122 3.1826e-16
6816.095136 3.5409e-16
6817.63115 3.2119e-16
6819.167164 3.3356e-16
6820.703178 3.4971e-16
6822.239192 3.3381e-16
6823.775206 3.2328e-16
6825.31122 3.4165e-16
6826.847234 3.3723e-16
6828.383248 3.3104e-16
6829.919262 3.6866e-16
6831.455276 3.629e-16
6832.99129 3.1943e-16
6834.527304 3.1902e-16
6836.063318 3.482e-16
6837.599332 3.4584e-16
6839.135346 3.3164e-16
6840.67136 3.628e-16
6842.207374 3.4405e-16
6843.743388 3.0582e-16
6845.279402 3.3012e-16
6846.815416 3.5165e-16
6848.35143 3.3902e-16
6849.887444 3.3328e-16
6851.423458 3.6033e-16
6852.959472 3.5523e-16
6854.495486 3.3738e-16
6856.0315 3.6173e-16
6857.567514 3.6604e-16
6859.103528 3.4689e-16
6860.639542 3.3151e-16
6862.175556 3.573e-16
6863.71157 3.5396e-16
6865.247584 3.1563e-16
6866.783598 3.2594e-16
6868.319612 3.41e-16
6869.855626 3.1802e-16
6871.39164 3.1178e-16
6872.927654 3.3158e-16
6874.463668 3.3041e-16
6875.999682 3.2631e-16
6877.535696 3.4118e-16
6879.07171 3.4982e-16
6880.607724 3.3734e-16
6882.143738 3.8278e-16
6883.679752 5.0975e-16
6885.215766 6.5119e-16
6886.75178 7.0978e-16
6888.287794 7.5251e-16
6889.823808 7.3397e-16
6891.359822 6.3089e-16
6892.895836 5.4415e-16
6894.43185 4.583e-16
6895.967864 4.1467e-16
6897.503878 4.2771e-16
6899.039892 4.7921e-16
6900.575906 5.4425e-16
6902.11192 5.8409e-16
6903.647934 6.1796e-16
6905.183948 6.0582e-16
6906.719962 5.3762e-16
6908.255976 4.6548e-16
6909.79199 4.1321e-16
6911.328004 3.7624e-16
6912.864018 3.3069e-16
6914.400032 3.4083e-16
6915.936046 3.2955e-16
6917.47206 3.0083e-16
6919.008074 3.1841e-16
6920.544088 3.2746e-16
6922.080102 3.0583e-16
6923.616116 3.0373e-16
6925.15213 3.1981e-16
6926.688144 3.0006e-16
6928.224158 2.7558e-16
6929.760172 3.1073e-16
6931.296186 3.341e-16
6932.8322 3.2249e-16
6934.368214 3.2007e-16
6935.904228 3.5247e-16
6937.440242 3.7865e-16
6938.976256 3.1957e-16
6940.51227 2.998e-16
6942.048284 3.281e-16
6943.584298 3.143e-16
6945.120312 3.1747e-16
6946.656326 3.511e-16
6948.19234 3.4289e-16
6949.728354 3.1726e-16
6951.264368 3.4197e-16
6952.800382 3.5475e-16
6954.336396 3.1027e-16
6955.87241 3.2465e-16
6957.408424 3.4426e-16
6958.944438 3.1071e-16
6960.480452 2.9037e-16
6962.016466 3.0354e-16
6963.55248 3.1568e-16
6965.088494 2.9331e-16
6966.624508 2.9491e-16
6968.160522 3.3262e-16
6969.696536 3.1069e-16
6971.23255 3.1119e-16
6972.768564 3.5613e-16
6974.304578 3.3623e-16
6975.840592 3.016e-16
6977.376606 2.8772e-16
6978.91262 2.9936e-16
6980.448634 3.1216e-16
6981.984648 3.2599e-16
6983.520662 3.5054e-16
6985.056676 3.3012e-16
6986.59269 2.9165e-16
6988.128704 3.1668e-16
6989.664718 3.4029e-16
6991.200732 3.2727e-16
6992.736746 3.0836e-16
6994.27276 3.1279e-16
6995.808774 3.2564e-16
6997.344788 3.2301e-16
6998.880802 3.2096e-16
7000.416816 3.2198e-16
7001.95283 3.2202e-16
7003.488844 3.0946e-16
7005.024858 3.1883e-16
7006.560872 3.1575e-16
7008.096886 2.9937e-16
7009.6329 3.1686e-16
7011.168914 3.1706e-16
7012.704928 2.7664e-16
7014.240942 2.7931e-16
7015.776956 3.0812e-16
7017.31297 3.1617e-16
7018.848984 3.0818e-16
7020.384998 3.0887e-16
7021.921012 3.1234e-16
7023.457026 3.0438e-16
7024.99304 3.1143e-16
7026.529054 3.3338e-16
7028.065068 3.0949e-16
7029.601082 2.9779e-16
7031.137096 3.0804e-16
7032.67311 3.0907e-16
7034.209124 2.9655e-16
7035.745138 3.0568e-16
7037.281152 3.2845e-16
7038.817166 3.2561e-16
7040.35318 3.0686e-16
7041.889194 3.2755e-16
7043.425208 3.0685e-16
7044.961222 2.7614e-16
7046.497236 3.0755e-16
7048.03325 3.2903e-16
7049.569264 2.9105e-16
7051.105278 3.072e-16
7052.641292 3.3316e-16
7054.177306 3.2316e-16
7055.71332 3.0576e-16
7057.249334 3.0856e-16
7058.785348 3.0115e-16
7060.321362 3.0581e-16
7061.857376 3.124e-16
7063.39339 3.0991e-16
7064.929404 3.1178e-16
7066.465418 3.105e-16
7068.001432 3.1929e-16
7069.537446 3.355e-16
7071.07346 3.1554e-16
7072.609474 3.1605e-16
7074.145488 3.3054e-16
7075.681502 3.1284e-16
7077.217516 2.7852e-16
7078.75353 3.1766e-16
7080.289544 3.3302e-16
7081.825558 3.0664e-16
7083.361572 3.0863e-16
7084.897586 3.2439e-16
7086.4336 3.1138e-16
7087.969614 3.0088e-16
7089.505628 3.0104e-16
7091.041642 3.185e-16
7092.577656 3.2116e-16
7094.11367 3.3193e-16
7095.649684 3.3574e-16
7097.185698 3.189e-16
7098.721712 3.1713e-16
7100.257726 3.3639e-16
7101.79374 3.5659e-16
7103.329754 3.4957e-16
7104.865768 3.2557e-16
7106.401782 3.105e-16
7107.937796 3.0596e-16
7109.47381 3.1617e-16
7111.009824 3.2632e-16
7112.545838 3.2298e-16
7114.081852 3.2538e-16
7115.617866 3.4481e-16
7117.15388 3.3118e-16
7118.689894 3.1544e-16
7120.225908 3.2318e-16
7121.761922 3.236e-16
7123.297936 3.1789e-16
7124.83395 3.1186e-16
7126.369964 3.1784e-16
7127.905978 2.9815e-16
7129.441992 2.8575e-16
7130.978006 3.0285e-16
7132.51402 3.131e-16
7134.050034 2.8742e-16
7135.586048 3.0236e-16
7137.122062 3.4716e-16
7138.658076 3.0939e-16
7140.19409 2.9235e-16
7141.730104 3.3885e-16
7143.266118 3.3217e-16
7144.802132 2.9946e-16
7146.338146 3.1402e-16
7147.87416 3.333e-16
7149.410174 3.1236e-16
7150.946188 3.0724e-16
7152.482202 3.2022e-16
7154.018216 3.3036e-16
7155.55423 2.986e-16
7157.090244 3.2441e-16
7158.626258 3.4076e-16
7160.162272 2.9544e-16
7161.698286 2.8388e-16
7163.2343 3.177e-16
7164.770314 3.304e-16
7166.306328 3.0877e-16
7167.842342 3.0755e-16
7169.378356 3.3049e-16
7170.91437 3.1291e-16
7172.450384 3.0497e-16
7173.986398 3.234e-16
7175.522412 3.1967e-16
7177.058426 2.9265e-16
7178.59444 3.1313e-16
7180.130454 3.2563e-16
7181.666468 2.9409e-16
7183.202482 3.0512e-16
7184.738496 3.516e-16
7186.27451 3.3838e-16
7187.810524 3.1981e-16
7189.346538 3.3265e-16
7190.882552 3.34e-16
7192.418566 3.0371e-16
7193.95458 3.1497e-16
7195.490594 3.2691e-16
7197.026608 2.8609e-16
7198.562622 2.7411e-16
7200.098636 3.059e-16
7201.63465 3.1162e-16
7203.170664 3.1207e-16
7204.706678 3.1696e-16
7206.242692 3.353e-16
7207.778706 3.1507e-16
7209.31472 3.1903e-16
7210.850734 3.3009e-16
7212.386748 3.113e-16
7213.922762 3.0541e-16
7215.458776 2.987e-16
7216.99479 3.2038e-16
7218.530804 3.2962e-16
7220.066818 3.1217e-16
7221.602832 3.0837e-16
7223.138846 3.1994e-16
7224.67486 3.3045e-16
7226.210874 3.0573e-16
7227.746888 3.0556e-16
7229.282902 3.1074e-16
7230.818916 3.1584e-16
7232.35493 3.2322e-16
7233.890944 2.9879e-16
7235.426958 2.9116e-16
7236.962972 3.5996e-16
7238.498986 3.8187e-16
7240.035 3.031e-16
7241.571014 3.0419e-16
7243.107028 3.6088e-16
7244.643042 3.4534e-16
7246.179056 2.9362e-16
7247.71507 2.9968e-16
7249.251084 3.0842e-16
7250.787098 2.9173e-16
7252.323112 3.2409e-16
7253.859126 3.1983e-16
7255.39514 2.9043e-16
7256.931154 2.9332e-16
7258.467168 3.1146e-16
7260.003182 3.161e-16
7261.539196 2.8805e-16
7263.07521 2.9634e-16
7264.611224 3.2773e-16
7266.147238 2.927e-16
7267.683252 2.7596e-16
7269.219266 3.3506e-16
7270.75528 3.2794e-16
7272.291294 2.9391e-16
7273.827308 3.0157e-16
7275.363322 3.1337e-16
7276.899336 2.7226e-16
7278.43535 2.7458e-16
7279.971364 3.1811e-16
7281.507378 2.9858e-16
7283.043392 2.9166e-16
7284.579406 3.3243e-16
7286.11542 3.5439e-16
7287.651434 2.9892e-16
7289.187448 2.9297e-16
7290.723462 3.2999e-16
7292.259476 2.9116e-16
7293.79549 2.8805e-16
7295.331504 3.191e-16
7296.867518 2.9756e-16
7298.403532 3.1039e-16
7299.939546 3.182e-16
7301.47556 3.3418e-16
7303.011574 3.3682e-16
7304.547588 3.1609e-16
7306.083602 3.1683e-16
7307.619616 3.0896e-16
7309.15563 2.866e-16
7310.691644 3.1517e-16
7312.227658 3.5136e-16
7313.763672 3.4024e-16
7315.299686 3.2328e-16
7316.8357 3.4771e-16
7318.371714 3.1802e-16
7319.907728 3.0575e-16
7321.443742 3.2779e-16
7322.979756 3.1201e-16
7324.51577 2.8008e-16
7326.051784 3.0256e-16
7327.587798 3.4541e-16
7329.123812 3.0862e-16
7330.659826 2.7856e-16
7332.19584 2.9941e-16
7333.731854 3.1736e-16
7335.267868 2.9888e-16
7336.803882 3.1018e-16
7338.339896 3.1505e-16
7339.87591 2.8389e-16
7341.411924 2.9878e-16
7342.947938 3.2547e-16
7344.483952 3.2904e-16
7346.019966 2.8127e-16
7347.55598 2.8377e-16
7349.091994 3.0708e-16
7350.628008 2.9062e-16
7352.164022 2.9424e-16
7353.700036 3.0842e-16
7355.23605 3.3153e-16
7356.772064 3.263e-16
7358.308078 3.1393e-16
7359.844092 3.1417e-16
7361.380106 2.9329e-16
7362.91612 3.0069e-16
7364.452134 3.2652e-16
7365.988148 3.1109e-16
7367.524162 2.9607e-16
7369.060176 3.1468e-16
7370.59619 2.8718e-16
7372.132204 2.6668e-16
7373.668218 3.0448e-16
7375.204232 3.1555e-16
7376.740246 3.0351e-16
7378.27626 2.9668e-16
7379.812274 3.0724e-16
7381.348288 2.9889e-16
7382.884302 2.8481e-16
7384.420316 3.1456e-16
7385.95633 3.1527e-16
7387.492344 2.9286e-16
7389.028358 2.7826e-16
7390.564372 2.8674e-16
7392.100386 2.7753e-16
7393.6364 2.8913e-16
7395.172414 3.0658e-16
7396.708428 2.9994e-16
7398.244442 2.9224e-16
7399.780456 2.7125e-16
7401.31647 2.818e-16
7402.852484 2.945e-16
7404.388498 2.8977e-16
7405.924512 3.095e-16
7407.460526 3.2178e-16
7408.99654 3.0117e-16
7410.532554 2.9429e-16
7412.068568 2.9634e-16
7413.604582 2.8923e-16
7415.140596 2.9351e-16
7416.67661 3.1767e-16
7418.212624 3.2439e-16
7419.748638 3.0346e-16
7421.284652 2.9215e-16
7422.820666 3.0242e-16
7424.35668 2.9872e-16
7425.892694 2.8975e-16
7427.428708 3.0108e-16
7428.964722 3.0885e-16
7430.500736 2.8707e-16
7432.03675 2.8136e-16
7433.572764 3.0832e-16
7435.108778 3.0788e-16
7436.644792 2.8383e-16
7438.180806 2.8308e-16
7439.71682 3.0073e-16
7441.252834 2.8911e-16
7442.788848 2.7817e-16
7444.324862 2.9409e-16
7445.860876 2.8686e-16
7447.39689 2.9156e-16
7448.932904 3.0386e-16
7450.468918 2.9289e-16
7452.004932 2.9365e-16
7453.540946 3.1335e-16
7455.07696 3.3503e-16
7456.612974 3.2355e-16
7458.148988 3.184e-16
7459.685002 3.1049e-16
7461.221016 2.7927e-16
7462.75703 2.743e-16
7464.293044 2.9941e-16
7465.829058 3.0749e-16
7467.365072 2.8079e-16
7468.901086 2.9171e-16
7470.4371 3.2971e-16
7471.973114 3.2178e-16
7473.509128 3.0149e-16
7475.045142 3.1289e-16
7476.581156 3.0768e-16
7478.11717 2.9898e-16
7479.653184 3.0729e-16
7481.189198 3.0119e-16
7482.725212 2.9026e-16
7484.261226 2.8935e-16
7485.79724 3.0577e-16
7487.333254 3.0365e-16
7488.869268 2.9727e-16
7490.405282 3.0128e-16
7491.941296 2.9352e-16
7493.47731 2.8424e-16
7495.013324 2.8537e-16
7496.549338 3.0319e-16
7498.085352 3.009e-16
7499.621366 2.8659e-16
7501.15738 3.0016e-16
7502.693394 3.224e-16
7504.229408 3.1763e-16
7505.765422 3.0235e-16
7507.301436 3.0819e-16
7508.83745 2.9776e-16
7510.373464 2.8565e-16
7511.909478 2.9945e-16
7513.445492 3.1131e-16
7514.981506 3.0648e-16
7516.51752 3.0661e-16
7518.053534 3.1821e-16
7519.589548 3.1668e-16
7521.125562 3.1009e-16
7522.661576 3.2161e-16
7524.19759 3.2995e-16
7525.733604 3.0814e-16
7527.269618 3.0019e-16
7528.805632 3.0999e-16
7530.341646 3.0251e-16
7531.87766 3.0604e-16
7533.413674 3.1348e-16
7534.949688 2.9517e-16
7536.485702 2.8796e-16
7538.021716 2.9618e-16
7539.55773 3.1001e-16
7541.093744 2.9252e-16
7542.629758 2.8244e-16
7544.165772 2.9535e-16
7545.701786 2.9496e-16
7547.2378 2.9111e-16
7548.773814 3.0649e-16
7550.309828 3.1409e-16
7551.845842 2.9607e-16
7553.381856 2.7372e-16
7554.91787 2.8098e-16
7556.453884 3.0035e-16
7557.989898 2.9286e-16
7559.525912 2.8847e-16
7561.061926 3.0484e-16
7562.59794 3.0683e-16
7564.133954 3.0894e-16
7565.669968 3.4007e-16
7567.205982 3.3988e-16
7568.741996 3.0619e-16
7570.27801 3.1116e-16
7571.814024 3.1971e-16
7573.350038 2.9382e-16
7574.886052 2.7887e-16
7576.422066 2.9927e-16
7577.95808 2.6793e-16
7579.494094 2.4397e-16
7581.030108 2.7624e-16
7582.566122 3.1846e-16
7584.102136 3.1691e-16
7585.63815 3.1314e-16
7587.174164 3.2625e-16
7588.710178 3.2239e-16
7590.246192 2.9272e-16
7591.782206 2.8591e-16
7593.31822 3.0945e-16
7594.854234 2.7199e-16
7596.390248 2.4632e-16
7597.926262 2.8935e-16
7599.462276 3.0433e-16
7600.99829 2.8996e-16
7602.534304 2.9121e-16
7604.070318 2.3851e-16
7605.606332 2.0253e-16
7607.142346 2.4443e-16
7608.67836 2.6322e-16
7610.214374 2.4896e-16
7611.750388 2.5616e-16
7613.286402 2.7688e-16
7614.822416 2.7526e-16
7616.35843 2.4921e-16
7617.894444 2.7243e-16
7619.430458 3.1344e-16
7620.966472 3.1225e-16
7622.502486 2.9011e-16
7624.0385 3.1071e-16
7625.574514 3.1767e-16
7627.110528 3.0437e-16
7628.646542 2.8903e-16
7630.182556 2.8273e-16
7631.71857 2.6247e-16
7633.254584 2.8443e-16
7634.790598 3.2041e-16
7636.326612 2.7473e-16
7637.862626 2.6303e-16
7639.39864 2.8475e-16
7640.934654 2.8541e-16
7642.470668 2.7046e-16
7644.006682 2.6354e-16
7645.542696 2.9632e-16
7647.07871 3.067e-16
7648.614724 2.9928e-16
7650.150738 2.9451e-16
7651.686752 2.9252e-16
7653.222766 2.6577e-16
7654.75878 2.6182e-16
7656.294794 3.005e-16
7657.830808 2.86e-16
7659.366822 2.771e-16
7660.902836 2.9642e-16
7662.43885 3.0044e-16
7663.974864 2.8827e-16
7665.510878 3.1161e-16
7667.046892 3.2937e-16
7668.582906 3.0241e-16
7670.11892 2.8797e-16
7671.654934 3.0648e-16
7673.190948 3.0754e-16
7674.726962 2.8118e-16
7676.262976 2.8603e-16
7677.79899 3.039e-16
7679.335004 2.7926e-16
7680.871018 2.6485e-16
7682.407032 3.0129e-16
7683.943046 3.1231e-16
7685.47906 2.8275e-16
7687.015074 2.8942e-16
7688.551088 2.9152e-16
7690.087102 2.7816e-16
7691.623116 3.0644e-16
7693.15913 3.3564e-16
7694.695144 3.1604e-16
7696.231158 3.0163e-16
7697.767172 2.9729e-16
7699.303186 3.0557e-16
7700.8392 2.9441e-16
7702.375214 2.7843e-16
7703.911228 2.8788e-16
7705.447242 2.9395e-16
7706.983256 3.0095e-16
7708.51927 3.2095e-16
7710.055284 3.2222e-16
7711.591298 3.2461e-16
7713.127312 3.2396e-16
7714.663326 3.3788e-16
7716.19934 3.2013e-16
7717.735354 2.9872e-16
7719.271368 2.8364e-16
7720.807382 2.6843e-16
7722.343396 3.0125e-16
7723.87941 3.3881e-16
7725.415424 3.1671e-16
7726.951438 3.0773e-16
7728.487452 2.9647e-16
7730.023466 3.033e-16
7731.55948 3.2109e-16
7733.095494 2.9795e-16
7734.631508 2.8856e-16
7736.167522 3.1054e-16
7737.703536 2.9705e-16
7739.23955 2.6975e-16
7740.775564 2.9125e-16
7742.311578 3.0648e-16
7743.847592 2.9304e-16
7745.383606 3.0412e-16
7746.91962 3.4082e-16
7748.455634 2.82e-16
7749.991648 2.4524e-16
7751.527662 2.8075e-16
7753.063676 2.9004e-16
7754.59969 2.5984e-16
7756.135704 2.6917e-16
7757.671718 2.8236e-16
7759.207732 2.677e-16
7760.743746 2.8693e-16
7762.27976 3.1752e-16
7763.815774 2.9838e-16
7765.351788 3.0124e-16
7766.887802 3.2674e-16
7768.423816 3.2127e-16
7769.95983 3.1192e-16
7771.495844 3.2622e-16
7773.031858 3.3371e-16
7774.567872 3.2242e-16
7776.103886 2.9151e-16
7777.6399 2.9352e-16
7779.175914 3.0452e-16
7780.711928 2.9587e-16
7782.247942 2.8421e-16
7783.783956 2.855e-16
7785.31997 2.8368e-16
7786.855984 2.8344e-16
7788.391998 2.9897e-16
7789.928012 2.8487e-16
7791.464026 2.8142e-16
7793.00004 3.2563e-16
7794.536054 3.2952e-16
7796.072068 2.8788e-16
7797.608082 2.7434e-16
7799.144096 2.8516e-16
7800.68011 2.8898e-16
7802.216124 2.8131e-16
7803.752138 2.92e-16
7805.288152 2.8929e-16
7806.824166 2.8097e-16
7808.36018 3.0364e-16
7809.896194 3.0931e-16
7811.432208 2.8722e-16
7812.968222 2.6002e-16
7814.504236 2.6595e-16
7816.04025 2.9494e-16
7817.576264 3.009e-16
7819.112278 2.9324e-16
7820.648292 2.8506e-16
7822.184306 2.8023e-16
7823.72032 2.8104e-16
7825.256334 2.9104e-16
7826.792348 3.0218e-16
7828.328362 2.9828e-16
7829.864376 2.9125e-16
7831.40039 2.8249e-16
7832.936404 2.7121e-16
7834.472418 2.7296e-16
7836.008432 2.8718e-16
7837.544446 2.9645e-16
7839.08046 2.9722e-16
7840.616474 2.9473e-16
7842.152488 2.8576e-16
7843.688502 2.9023e-16
7845.224516 3.1692e-16
7846.76053 3.3043e-16
7848.296544 3.0432e-16
7849.832558 2.8344e-16
7851.368572 2.9901e-16
7852.904586 3.0573e-16
7854.4406 2.8447e-16
7855.976614 2.9927e-16
7857.512628 3.1114e-16
7859.048642 2.6155e-16
7860.584656 2.4194e-16
7862.12067 2.7315e-16
7863.656684 3.0189e-16
7865.192698 2.8706e-16
7866.728712 2.6048e-16
7868.264726 2.4618e-16
7869.80074 2.5148e-16
7871.336754 2.6269e-16
7872.872768 2.8177e-16
7874.408782 3.0585e-16
7875.944796 2.9422e-16
7877.48081 2.829e-16
7879.016824 3.0788e-16
7880.552838 3.122e-16
7882.088852 2.9205e-16
7883.624866 3.1501e-16
7885.16088 3.2731e-16
7886.696894 2.8819e-16
7888.232908 2.9627e-16
7889.768922 2.9626e-16
7891.304936 2.8316e-16
7892.84095 2.8018e-16
7894.376964 2.7061e-16
7895.912978 2.7209e-16
7897.448992 2.7313e-16
7898.985006 2.7424e-16
7900.52102 3.114e-16
7902.057034 3.0078e-16
7903.593048 2.6059e-16
7905.129062 2.7532e-16
7906.665076 2.9303e-16
7908.20109 2.8463e-16
7909.737104 2.8524e-16
7911.273118 2.9523e-16
7912.809132 2.647e-16
7914.345146 2.4264e-16
7915.88116 2.6665e-16
7917.417174 3.0401e-16
7918.953188 3.1737e-16
7920.489202 2.7715e-16
7922.025216 2.7115e-16
7923.56123 2.887e-16
7925.097244 2.8206e-16
7926.633258 2.7635e-16
7928.169272 2.8133e-16
7929.705286 2.9031e-16
7931.2413 3.133e-16
7932.777314 2.9688e-16
7934.313328 2.8566e-16
7935.849342 3.2335e-16
7937.385356 3.172e-16
7938.92137 2.7647e-16
7940.457384 2.552e-16
7941.993398 2.8278e-16
7943.529412 2.8296e-16
7945.065426 2.6585e-16
7946.60144 2.8262e-16
7948.137454 2.9852e-16
7949.673468 2.8042e-16
7951.209482 2.6769e-16
7952.745496 2.9048e-16
7954.28151 2.9255e-16
7955.817524 2.9416e-16
7957.353538 3.0837e-16
7958.889552 3.2148e-16
7960.425566 3.2679e-16
7961.96158 2.9858e-16
7963.497594 2.9678e-16
7965.033608 2.697e-16
7966.569622 2.3668e-16
7968.105636 2.6913e-16
7969.64165 3.0694e-16
7971.177664 2.9272e-16
7972.713678 2.7449e-16
7974.249692 2.8516e-16
7975.785706 2.9726e-16
7977.32172 2.8365e-16
7978.857734 2.9921e-16
7980.393748 3.2372e-16
7981.929762 2.9225e-16
7983.465776 2.6137e-16
7985.00179 2.8085e-16
7986.537804 2.7752e-16
7988.073818 2.7755e-16
7989.609832 3.1481e-16
7991.145846 3.1112e-16
7992.68186 2.8042e-16
7994.217874 2.8733e-16
7995.753888 2.7386e-16
7997.289902 2.6755e-16
7998.825916 2.7301e-16
8000.36193 2.9004e-16
8001.897944 2.9106e-16
8003.433958 2.6848e-16
8004.969972 2.626e-16
8006.505986 2.7567e-16
8008.042 2.5826e-16
8009.578014 2.8099e-16
8011.114028 3.0514e-16
8012.650042 2.8507e-16
8014.186056 2.7521e-16
8015.72207 3.0401e-16
8017.258084 3.3434e-16
8018.794098 3.343e-16
8020.330112 2.971e-16
8021.866126 3.1401e-16
8023.40214 3.2332e-16
8024.938154 2.9186e-16
8026.474168 3.0037e-16
8028.010182 3.0831e-16
8029.546196 2.8814e-16
8031.08221 2.7965e-16
8032.618224 2.7408e-16
8034.154238 2.7474e-16
8035.690252 2.6654e-16
8037.226266 2.7089e-16
8038.76228 3.0493e-16
8040.298294 3.0282e-16
8041.834308 3.0406e-16
8043.370322 3.0069e-16
8044.906336 2.896e-16
8046.44235 2.7635e-16
8047.978364 3.0757e-16
8049.514378 3.1317e-16
8051.050392 2.7747e-16
8052.586406 2.7106e-16
8054.12242 3.0448e-16
8055.658434 3.0583e-16
8057.194448 2.8404e-16
8058.730462 2.9357e-16
8060.266476 3.1821e-16
8061.80249 2.9609e-16
8063.338504 2.638e-16
8064.874518 2.6653e-16
8066.410532 2.6938e-16
8067.946546 2.8141e-16
8069.48256 2.9235e-16
8071.018574 2.8468e-16
8072.554588 2.5667e-16
8074.090602 2.829e-16
8075.626616 3.2161e-16
8077.16263 3.009e-16
8078.698644 2.9105e-16
8080.234658 3.116e-16
8081.770672 3.0641e-16
8083.306686 2.7411e-16
8084.8427 2.6189e-16
8086.378714 2.9171e-16
8087.914728 3.093e-16
8089.450742 2.9174e-16
8090.986756 2.8285e-16
8092.52277 2.8173e-16
8094.058784 2.6897e-16
8095.594798 2.6555e-16
8097.130812 2.7413e-16
8098.666826 2.6383e-16
8100.20284 2.4706e-16
8101.738854 2.7295e-16
8103.274868 2.8373e-16
8104.810882 2.5842e-16
8106.346896 2.5277e-16
8107.88291 2.7585e-16
8109.418924 2.717e-16
8110.954938 2.4901e-16
8112.490952 2.8013e-16
8114.026966 2.9077e-16
8115.56298 2.6123e-16
8117.098994 2.563e-16
8118.635008 2.5336e-16
8120.171022 2.444e-16
8121.707036 2.4999e-16
8123.24305 2.4853e-16
8124.779064 2.3732e-16
8126.315078 2.5e-16
8127.851092 2.7399e-16
8129.387106 2.7654e-16
8130.92312 2.533e-16
8132.459134 2.5205e-16
8133.995148 2.8055e-16
8135.531162 2.7336e-16
8137.067176 2.4204e-16
8138.60319 2.4199e-16
8140.139204 2.5625e-16
8141.675218 2.6617e-16
8143.211232 2.8237e-16
8144.747246 2.8409e-16
8146.28326 2.6481e-16
8147.819274 2.6101e-16
8149.355288 2.7946e-16
8150.891302 2.7027e-16
8152.427316 2.4972e-16
8153.96333 2.6338e-16
8155.499344 2.7745e-16
8157.035358 2.7261e-16
8158.571372 2.6804e-16
8160.107386 2.7619e-16
8161.6434 2.8309e-16
8163.179414 2.7094e-16
8164.715428 2.7508e-16
8166.251442 3.0066e-16
8167.787456 2.8643e-16
8169.32347 2.7125e-16
8170.859484 2.8188e-16
8172.395498 2.6201e-16
8173.931512 2.42e-16
8175.467526 2.5581e-16
8177.00354 2.7183e-16
8178.539554 2.7218e-16
8180.075568 2.671e-16
8181.611582 2.6672e-16
8183.147596 2.8875e-16
8184.68361 2.7484e-16
8186.219624 2.5787e-16
8187.755638 2.5404e-16
8189.291652 2.389e-16
8190.827666 2.5801e-16
8192.36368 2.6545e-16
8193.899694 2.7872e-16
8195.435708 2.7311e-16
8196.971722 2.6431e-16
8198.507736 2.5326e-16
8200.04375 2.4612e-16
8201.579764 2.7067e-16
8203.115778 2.9037e-16
8204.651792 2.7744e-16
8206.187806 2.5916e-16
8207.72382 2.7485e-16
8209.259834 2.8919e-16
8210.795848 2.7807e-16
8212.331862 2.7095e-16
8213.867876 2.7729e-16
8215.40389 2.522e-16
8216.939904 2.499e-16
8218.475918 2.727e-16
8220.011932 2.6108e-16
8221.547946 2.6078e-16
8223.08396 2.6939e-16
8224.619974 2.8886e-16
8226.155988 2.8342e-16
8227.692002 2.8052e-16
8229.228016 2.7838e-16
8230.76403 2.7433e-16
8232.300044 2.5703e-16
8233.836058 2.7748e-16
8235.372072 2.9581e-16
8236.908086 2.7276e-16
8238.4441 2.6033e-16
8239.980114 2.7421e-16
8241.516128 2.9549e-16
8243.052142 2.6628e-16
8244.588156 2.5646e-16
8246.12417 2.7233e-16
8247.660184 2.6371e-16
8249.196198 2.5442e-16
8250.732212 2.6059e-16
8252.268226 2.7718e-16
8253.80424 2.8418e-16
8255.340254 2.8156e-16
8256.876268 2.7297e-16
8258.412282 2.6317e-16
8259.948296 2.6056e-16
8261.48431 2.8463e-16
8263.020324 2.8675e-16
8264.556338 2.6575e-16
8266.092352 2.6432e-16
8267.628366 2.6553e-16
8269.16438 2.6777e-16
8270.700394 2.8788e-16
8272.236408 2.9016e-16
8273.772422 2.5787e-16
8275.308436 2.2892e-16
8276.84445 2.6622e-16
8278.380464 2.6075e-16
8279.916478 2.4451e-16
8281.452492 2.6496e-16
8282.988506 2.7447e-16
8284.52452 2.6844e-16
8286.060534 2.832e-16
8287.596548 3.2879e-16
8289.132562 3.1091e-16
8290.668576 2.5584e-16
8292.20459 2.6745e-16
8293.740604 2.8138e-16
8295.276618 2.7639e-16
8296.812632 2.5908e-16
8298.348646 2.499e-16
8299.88466 2.822e-16
8301.420674 2.7293e-16
8302.956688 2.5652e-16
8304.492702 2.5979e-16
8306.028716 2.6356e-16
8307.56473 2.7276e-16
8309.100744 2.7876e-16
8310.636758 2.7488e-16
8312.172772 2.7654e-16
8313.708786 2.7113e-16
8315.2448 2.7657e-16
8316.780814 2.596e-16
8318.316828 2.4051e-16
8319.852842 2.3894e-16
8321.388856 2.3331e-16
8322.92487 2.3944e-16
8324.460884 2.6093e-16
8325.996898 2.7367e-16
8327.532912 2.7595e-16
8329.068926 2.6786e-16
8330.60494 2.6643e-16
8332.140954 2.6746e-16
8333.676968 2.5764e-16
8335.212982 2.648e-16
8336.748996 2.7787e-16
8338.28501 2.645e-16
8339.821024 2.5714e-16
8341.357038 2.6456e-16
8342.893052 2.6219e-16
8344.429066 2.6062e-16
8345.96508 2.747e-16
8347.501094 2.3927e-16
8349.037108 2.1338e-16
8350.573122 2.6451e-16
8352.109136 2.8785e-16
8353.64515 2.8015e-16
8355.181164 2.7802e-16
8356.717178 2.7283e-16
8358.253192 2.7211e-16
8359.789206 2.7806e-16
8361.32522 2.9348e-16
8362.861234 2.9874e-16
8364.397248 2.8097e-16
8365.933262 2.7206e-16
8367.469276 2.7931e-16
8369.00529 2.6992e-16
8370.541304 2.5746e-16
8372.077318 2.5169e-16
8373.613332 2.5821e-16
8375.149346 2.5955e-16
8376.68536 2.7208e-16
8378.221374 3.0455e-16
8379.757388 2.982e-16
8381.293402 2.886e-16
8382.829416 2.764e-16
8384.36543 2.7167e-16
8385.901444 2.7096e-16
8387.437458 2.7621e-16
8388.973472 3.0134e-16
8390.509486 2.9973e-16
8392.0455 2.8453e-16
8393.581514 2.974e-16
8395.117528 3.3235e-16
8396.653542 3.5456e-16
8398.189556 3.5169e-16
8399.72557 3.2522e-16
8401.261584 2.6407e-16
8402.797598 2.5348e-16
8404.333612 2.7162e-16
8405.869626 2.8556e-16
8407.40564 2.8608e-16
8408.941654 2.7532e-16
8410.477668 2.8755e-16
8412.013682 2.9576e-16
8413.549696 2.8549e-16
8415.08571 2.7437e-16
8416.621724 2.7208e-16
8418.157738 2.5906e-16
8419.693752 2.6843e-16
8421.229766 2.7629e-16
8422.76578 2.7071e-16
8424.301794 2.884e-16
8425.837808 3.0748e-16
8427.373822 2.88e-16
8428.909836 2.4503e-16
8430.44585 2.5222e-16
8431.981864 2.6536e-16
8433.517878 2.4059e-16
8435.053892 2.4882e-16
8436.589906 2.6323e-16
8438.12592 2.5729e-16
8439.661934 2.4075e-16
8441.197948 2.5131e-16
8442.733962 2.9577e-16
8444.269976 2.8555e-16
8445.80599 2.6166e-16
8447.342004 2.8328e-16
8448.878018 2.9105e-16
8450.414032 2.7645e-16
8451.950046 2.7179e-16
8453.48606 2.9126e-16
8455.022074 2.7477e-16
8456.558088 2.5525e-16
8458.094102 2.6849e-16
8459.630116 2.8055e-16
8461.16613 2.6657e-16
8462.702144 2.7008e-16
8464.238158 2.4858e-16
8465.774172 2.2017e-16
8467.310186 2.5813e-16
8468.8462 2.8742e-16
8470.382214 2.8569e-16
8471.918228 2.6759e-16
8473.454242 2.7544e-16
8474.990256 2.8802e-16
8476.52627 2.7547e-16
8478.062284 2.739e-16
8479.598298 2.6076e-16
8481.134312 2.5053e-16
8482.670326 2.6337e-16
8484.20634 2.8001e-16
8485.742354 2.7261e-16
8487.278368 2.6624e-16
8488.814382 2.8682e-16
8490.350396 2.9682e-16
8491.88641 2.7463e-16
8493.422424 2.7503e-16
8494.958438 2.8397e-16
8496.494452 2.8412e-16
8498.030466 2.7078e-16
8499.56648 2.7498e-16
8501.102494 2.9421e-16
8502.638508 2.8885e-16
8504.174522 2.6836e-16
8505.710536 2.6634e-16
8507.24655 2.5133e-16
8508.782564 2.448e-16
8510.318578 2.7848e-16
8511.854592 2.9756e-16
8513.390606 2.6332e-16
8514.92662 2.5239e-16
8516.462634 2.6569e-16
8517.998648 2.7796e-16
8519.534662 2.8155e-16
8521.070676 2.7699e-16
8522.60669 2.758e-16
8524.142704 2.6814e-16
8525.678718 2.7221e-16
8527.214732 2.8782e-16
8528.750746 2.7482e-16
8530.28676 2.6321e-16
8531.822774 2.584e-16
8533.358788 2.4773e-16
8534.894802 2.4355e-16
8536.430816 2.7306e-16
8537.96683 2.8722e-16
8539.502844 2.6505e-16
8541.038858 2.5594e-16
8542.574872 2.6811e-16
8544.110886 2.7709e-16
8545.6469 2.6939e-16
8547.182914 2.642e-16
8548.718928 2.6278e-16
8550.254942 2.5373e-16
8551.790956 2.4689e-16
8553.32697 2.6224e-16
8554.862984 2.6908e-16
8556.398998 2.5414e-16
8557.935012 2.4942e-16
8559.471026 2.6693e-16
8561.00704 2.5786e-16
8562.543054 2.4445e-16
8564.079068 2.535e-16
8565.615082 2.5762e-16
8567.151096 2.5786e-16
8568.68711 2.6539e-16
8570.223124 2.646e-16
8571.759138 2.4971e-16
8573.295152 2.5295e-16
8574.831166 2.6569e-16
8576.36718 2.6034e-16
8577.903194 2.5623e-16
8579.439208 2.6498e-16
8580.975222 2.6129e-16
8582.511236 2.5182e-16
8584.04725 2.6587e-16
8585.583264 2.7916e-16
8587.119278 2.681e-16
8588.655292 2.5127e-16
8590.191306 2.5377e-16
8591.72732 2.6185e-16
8593.263334 2.4809e-16
8594.799348 2.4819e-16
8596.335362 2.6201e-16
8597.871376 2.4478e-16
8599.40739 2.4097e-16
8600.943404 2.6833e-16
8602.479418 2.536e-16
8604.015432 2.3535e-16
8605.551446 2.6493e-16
8607.08746 2.8571e-16
8608.623474 2.7537e-16
8610.159488 2.5488e-16
8611.695502 2.7e-16
8613.231516 2.7533e-16
8614.76753 2.4184e-16
8616.303544 2.3467e-16
8617.839558 2.7021e-16
8619.375572 2.7678e-16
8620.911586 2.6552e-16
8622.4476 2.5352e-16
8623.983614 2.5448e-16
8625.519628 2.5245e-16
8627.055642 2.5434e-16
8628.591656 2.7329e-16
8630.12767 2.5029e-16
8631.663684 2.2105e-16
8633.199698 2.4428e-16
8634.735712 2.4015e-16
8636.271726 1.9862e-16
8637.80774 2.2851e-16
8639.343754 2.6239e-16
8640.879768 2.5072e-16
8642.415782 2.558e-16
8643.951796 2.5658e-16
8645.48781 2.4124e-16
8647.023824 2.3014e-16
8648.559838 2.6135e-16
8650.095852 2.8596e-16
8651.631866 2.9242e-16
8653.16788 2.7406e-16
8654.703894 2.6139e-16
8656.239908 2.7531e-16
8657.775922 2.4042e-16
8659.311936 2.283e-16
8660.84795 2.6869e-16
8662.383964 2.6677e-16
8663.919978 2.3726e-16
8665.455992 2.595e-16
8666.992006 2.9776e-16
8668.52802 2.4744e-16
8670.064034 2.8388e-16
8671.600048 2.778e-16
8673.136062 2.4361e-16
8674.672076 2.519e-16
8676.20809 2.6235e-16
8677.744104 2.5718e-16
8679.280118 2.4231e-16
8680.816132 2.5805e-16
8682.352146 2.6343e-16
8683.88816 2.3909e-16
8685.424174 2.1552e-16
8686.960188 2.5276e-16
8688.496202 2.5033e-16
8690.032216 2.5421e-16
8691.56823 2.6459e-16
8693.104244 2.5714e-16
8694.640258 2.508e-16
8696.176272 2.416e-16
8697.712286 2.4824e-16
8699.2483 2.3298e-16
8700.784314 2.5107e-16
8702.320328 2.7116e-16
8703.856342 2.5448e-16
8705.392356 2.3687e-16
8706.92837 2.4256e-16
8708.464384 2.5904e-16
8710.000398 2.3546e-16
8711.536412 2.3618e-16
8713.072426 2.7234e-16
8714.60844 2.6958e-16
8716.144454 2.234e-16
8717.680468 2.1965e-16
8719.216482 2.4356e-16
8720.752496 2.519e-16
8722.28851 2.3091e-16
8723.824524 2.2611e-16
8725.360538 2.5444e-16
8726.896552 2.5899e-16
8728.432566 2.4972e-16
8729.96858 2.6236e-16
8731.504594 2.5051e-16
8733.040608 2.391e-16
8734.576622 2.563e-16
8736.112636 2.7041e-16
8737.64865 2.4082e-16
8739.184664 2.52e-16
8740.720678 2.8011e-16
8742.256692 2.6795e-16
8743.792706 2.502e-16
8745.32872 2.5271e-16
8746.864734 2.4826e-16
8748.400748 2.4853e-16
8749.936762 2.6003e-16
8751.472776 2.5704e-16
8753.00879 2.4114e-16
8754.544804 2.4698e-16
8756.080818 2.5574e-16
8757.616832 2.3726e-16
8759.152846 1.3772e-16
8760.68886 1.5135e-16
8762.224874 2.3642e-16
8763.760888 2.0854e-16
8765.296902 1.7397e-16
8766.832916 2.3927e-16
8768.36893 2.6224e-16
8769.904944 2.5979e-16
8771.440958 2.6429e-16
8772.976972 2.5274e-16
8774.512986 2.6358e-16
8776.049 2.7066e-16
8777.585014 2.9574e-16
8779.121028 3.2414e-16
8780.657042 2.808e-16
8782.193056 2.4684e-16
8783.72907 2.4822e-16
8785.265084 2.4622e-16
8786.801098 2.4566e-16
8788.337112 2.4789e-16
8789.873126 2.5895e-16
8791.40914 2.5244e-16
8792.945154 2.6115e-16
8794.481168 2.6976e-16
8796.017182 2.4213e-16
8797.553196 2.5339e-16
8799.08921 2.7799e-16
8800.625224 2.3991e-16
8802.161238 2.3676e-16
8803.697252 2.7273e-16
8805.233266 2.7012e-16
8806.76928 2.5697e-16
8808.305294 2.4205e-16
8809.841308 2.3496e-16
8811.377322 2.256e-16
8812.913336 2.461e-16
8814.44935 2.6401e-16
8815.985364 2.4044e-16
8817.521378 2.415e-16
8819.057392 2.9286e-16
8820.593406 2.6716e-16
8822.12942 2.5038e-16
8823.665434 2.735e-16
8825.201448 2.7172e-16
8826.737462 2.7903e-16
8828.273476 2.6235e-16
8829.80949 2.3624e-16
8831.345504 2.599e-16
8832.881518 2.7258e-16
8834.417532 2.4101e-16
8835.953546 2.2497e-16
8837.48956 2.4982e-16
8839.025574 2.3459e-16
8840.561588 2.3981e-16
8842.097602 2.526e-16
8843.633616 2.4146e-16
8845.16963 2.5054e-16
8846.705644 2.6164e-16
8848.241658 2.6413e-16
8849.777672 2.6624e-16
8851.313686 2.5815e-16
8852.8497 2.3939e-16
8854.385714 2.4316e-16
8855.921728 2.4959e-16
8857.457742 2.6521e-16
8858.993756 2.6216e-16
8860.52977 2.2169e-16
8862.065784 2.5144e-16
8863.601798 2.8062e-16
8865.137812 2.6987e-16
8866.673826 2.3575e-16
8868.20984 2.3908e-16
8869.745854 2.2511e-16
8871.281868 2.226e-16
8872.817882 2.5998e-16
8874.353896 2.62e-16
8875.88991 2.1793e-16
8877.425924 2.2547e-16
8878.961938 2.5781e-16
8880.497952 2.1922e-16
8882.033966 2.2897e-16
8883.56998 2.3431e-16
8885.105994 2.1185e-16
8886.642008 2.2444e-16
8888.178022 2.5797e-16
8889.714036 2.5269e-16
8891.25005 2.4236e-16
8892.786064 2.3628e-16
8894.322078 2.6724e-16
8895.858092 2.4923e-16
8897.394106 2.4435e-16
8898.93012 2.4949e-16
8900.466134 2.8618e-16
8902.002148 2.9671e-16
8903.538162 2.835e-16
8905.074176 2.8552e-16
8906.61019 2.7947e-16
8908.146204 2.38e-16
8909.682218 2.4757e-16
8911.218232 2.5674e-16
8912.754246 2.734e-16
8914.29026 2.8885e-16
8915.826274 2.643e-16
8917.362288 2.7056e-16
8918.898302 2.6511e-16
8920.434316 3.013e-16
8921.97033 2.8224e-16
8923.506344 2.2479e-16
8925.042358 2.1706e-16
8926.578372 2.562e-16
8928.114386 2.5871e-16
8929.6504 2.2999e-16
8931.186414 2.4645e-16
8932.722428 2.6903e-16
8934.258442 2.4042e-16
8935.794456 2.5246e-16
8937.33047 3.0881e-16
8938.866484 2.6631e-16
8940.402498 2.3784e-16
8941.938512 2.7602e-16
8943.474526 2.7218e-16
8945.01054 2.3649e-16
8946.546554 2.265e-16
8948.082568 2.5776e-16
8949.618582 2.735e-16
8951.154596 2.3745e-16
8952.69061 2.399e-16
8954.226624 2.7775e-16
8955.762638 2.676e-16
8957.298652 2.412e-16
8958.834666 2.6563e-16
8960.37068 2.6275e-16
8961.906694 2.231e-16
8963.442708 2.3641e-16
8964.978722 2.4626e-16
8966.514736 2.301e-16
8968.05075 2.4898e-16
8969.586764 2.7277e-16
8971.122778 2.5295e-16
8972.658792 2.2551e-16
8974.194806 2.3685e-16
8975.73082 2.5063e-16
8977.266834 2.4111e-16
8978.802848 2.5416e-16
8980.338862 2.6267e-16
8981.874876 2.1921e-16
8983.41089 2.2733e-16
8984.946904 2.7539e-16
8986.482918 2.7473e-16
8988.018932 2.7257e-16
8989.554946 2.7056e-16
8991.09096 2.6496e-16
8992.626974 2.5722e-16
8994.162988 2.59e-16
8995.699002 2.7192e-16
8997.235016 2.5702e-16
8998.77103 2.259e-16
9000.307044 2.5638e-16
9001.843058 2.7733e-16
9003.379072 2.196e-16
9004.915086 2.2134e-16
9006.4511 2.4248e-16
9007.987114 2.3123e-16
9009.523128 2.2433e-16
9011.059142 2.3091e-16
9012.595156 2.502e-16
9014.13117 2.4738e-16
9015.667184 2.3051e-16
9017.203198 2.4385e-16
9018.739212 2.6131e-16
9020.275226 2.3236e-16
9021.81124 2.4337e-16
9023.347254 2.469e-16
9024.883268 2.3369e-16
9026.419282 2.3573e-16
9027.955296 2.5467e-16
9029.49131 2.4467e-16
9031.027324 2.2861e-16
9032.563338 2.4888e-16
9034.099352 2.3238e-16
9035.635366 2.0309e-16
9037.17138 2.0635e-16
9038.707394 2.467e-16
9040.243408 2.448e-16
9041.779422 2.2688e-16
9043.315436 2.5523e-16
9044.85145 2.6304e-16
9046.387464 2.5357e-16
9047.923478 2.5527e-16
9049.459492 2.6257e-16
9050.995506 2.4244e-16
9052.53152 2.4263e-16
9054.067534 2.5759e-16
9055.603548 2.3705e-16
9057.139562 2.1645e-16
9058.675576 2.3204e-16
9060.21159 2.4871e-16
9061.747604 2.2872e-16
9063.283618 2.2203e-16
9064.819632 2.4608e-16
9066.355646 2.6298e-16
9067.89166 2.2468e-16
9069.427674 2.0757e-16
9070.963688 2.4322e-16
9072.499702 2.4413e-16
9074.035716 2.354e-16
9075.57173 2.6634e-16
9077.107744 2.4413e-16
9078.643758 2.1464e-16
9080.179772 2.2547e-16
9081.715786 2.4342e-16
9083.2518 2.4672e-16
9084.787814 2.1731e-16
9086.323828 2.3292e-16
9087.859842 2.176e-16
9089.395856 2.2296e-16
9090.93187 2.4705e-16
9092.467884 2.4795e-16
9094.003898 2.1905e-16
9095.539912 2.0929e-16
9097.075926 2.4207e-16
9098.61194 2.2842e-16
9100.147954 2.1287e-16
9101.683968 2.5486e-16
9103.219982 2.5581e-16
9104.755996 2.0583e-16
9106.29201 2.0651e-16
9107.828024 2.5006e-16
9109.364038 2.3406e-16
9110.900052 2.102e-16
9112.436066 2.3226e-16
9113.97208 2.3371e-16
9115.508094 2.4104e-16
9117.044108 2.5107e-16
9118.580122 2.3928e-16
9120.116136 2.1325e-16
9121.65215 2.1189e-16
9123.188164 2.4671e-16
9124.724178 2.6147e-16
9126.260192 2.2786e-16
9127.796206 2.2324e-16
9129.33222 2.4925e-16
9130.868234 2.2825e-16
9132.404248 2.2292e-16
9133.940262 2.2891e-16
9135.476276 2.3095e-16
9137.01229 2.2205e-16
9138.548304 2.3818e-16
9140.084318 2.5428e-16
9141.620332 2.3732e-16
9143.156346 2.2286e-16
9144.69236 2.4243e-16
9146.228374 2.4661e-16
9147.764388 2.2816e-16
9149.300402 2.3987e-16
9150.836416 2.4097e-16
9152.37243 2.324e-16
9153.908444 2.2099e-16
9155.444458 2.3122e-16
9156.980472 2.1675e-16
9158.516486 2.1523e-16
9160.0525 2.3903e-16
9161.588514 2.4138e-16
9163.124528 2.1276e-16
9164.660542 2.0465e-16
9166.196556 2.3692e-16
9167.73257 2.6239e-16
9169.268584 2.4954e-16
9170.804598 2.5467e-16
9172.340612 2.622e-16
9173.876626 2.4379e-16
9175.41264 2.4489e-16
9176.948654 2.6113e-16
9178.484668 2.3782e-16
9180.020682 2.2232e-16
9181.556696 2.4627e-16
9183.09271 2.5648e-16
9184.628724 2.4418e-16
9186.164738 2.4679e-16
9187.700752 2.6587e-16
9189.236766 2.5924e-16
9190.77278 2.3317e-16
9192.308794 2.5122e-16
9193.844808 2.6652e-16
9195.380822 2.2797e-16
9196.916836 2.1381e-16
9198.45285 2.473e-16
9199.988864 2.4939e-16
9201.524878 2.3864e-16
9203.060892 2.578e-16
9204.596906 2.4409e-16
9206.13292 2.2338e-16
9207.668934 2.3777e-16
9209.204948 2.6701e-16
9210.740962 2.4033e-16
9212.276976 2.1475e-16
9213.81299 2.5523e-16
9215.349004 2.7293e-16
9216.885018 2.5652e-16
9218.421032 2.6962e-16
9219.957046 2.6336e-16
9221.49306 2.5936e-16
9223.029074 2.5705e-16
9224.565088 2.7113e-16
9226.101102 2.6049e-16
9227.637116 2.411e-16
9229.17313 2.6352e-16
9230.709144 2.637e-16
9232.245158 2.2487e-16
9233.781172 2.2816e-16
9235.317186 2.8136e-16
9236.8532 2.7842e-16
9238.389214 2.3702e-16
9239.925228 2.3887e-16
9241.461242 2.5462e-16
9242.997256 2.4745e-16
9244.53327 2.4763e-16
9246.069284 2.5655e-16
9247.605298 2.5796e-16
9249.141312 2.4856e-16
9250.677326 2.7588e-16
9252.21334 2.7671e-16
9253.749354 2.2228e-16
9255.285368 2.4647e-16
9256.821382 2.7861e-16
9258.357396 2.6818e-16
9259.89341 2.3207e-16
9261.429424 2.5823e-16
9262.965438 2.7892e-16
9264.501452 2.2938e-16
9266.037466 2.3648e-16
9267.57348 2.684e-16
9269.109494 2.6043e-16
9270.645508 2.4922e-16
9272.181522 2.7744e-16
9273.717536 2.5875e-16
9275.25355 2.2823e-16
9276.789564 2.3967e-16
9278.325578 2.7224e-16
9279.861592 2.5693e-16
9281.397606 2.6264e-16
9282.93362 2.8663e-16
9284.469634 2.6934e-16
9286.005648 2.4283e-16
9287.541662 2.3052e-16
9289.077676 2.6188e-16
9290.61369 2.5272e-16
9292.149704 2.3696e-16
9293.685718 2.9272e-16
9295.221732 3.3447e-16
9296.757746 3.846e-16
9298.29376 4.3991e-16
9299.829774 4.5917e-16
9301.365788 4.6096e-16
9302.901802 4.4355e-16
9304.437816 4.1896e-16
9305.97383 3.6977e-16
9307.509844 3.1683e-16
9309.045858 2.7748e-16
9310.581872 3.1324e-16
9312.117886 3.0645e-16
9313.6539 1.9457e-16
9315.189914 2.2609e-16
9316.725928 2.729e-16
9318.261942 3.0222e-16
9319.797956 2.8816e-16
9321.33397 2.2547e-16
9322.869984 2.5375e-16
9324.405998 2.9303e-16
9325.942012 3.0173e-16
9327.478026 2.7784e-16
9329.01404 2.5379e-16
9330.550054 2.7757e-16
9332.086068 2.8481e-16
9333.622082 2.5304e-16
9335.158096 2.7399e-16
9336.69411 3.0445e-16
9338.230124 2.3064e-16
9339.766138 2.0559e-16
9341.302152 2.5699e-16
9342.838166 2.6833e-16
9344.37418 2.1097e-16
9345.910194 2.2874e-16
9347.446208 2.8182e-16
9348.982222 2.8119e-16
9350.518236 2.5657e-16
9352.05425 2.5589e-16
9353.590264 2.5675e-16
9355.126278 2.2977e-16
9356.662292 2.4568e-16
9358.198306 2.7578e-16
9359.73432 2.5105e-16
9361.270334 2.2358e-16
9362.806348 2.4489e-16
9364.342362 2.6213e-16
9365.878376 2.5284e-16
9367.41439 2.8016e-16
9368.950404 3.2045e-16
9370.486418 2.4962e-16
9372.022432 2.2191e-16
9373.558446 2.7937e-16
9375.09446 2.7844e-16
9376.630474 2.9878e-16
9378.166488 3.2528e-16
9379.702502 2.7217e-16
9381.238516 2.1685e-16
9382.77453 2.0819e-16
9384.310544 2.386e-16
9385.846558 2.3107e-16
9387.382572 2.0707e-16
9388.918586 2.359e-16
9390.4546 2.4272e-16
9391.990614 2.1814e-16
9393.526628 2.1814e-16
9395.062642 2.4067e-16
9396.598656 2.4616e-16
9398.13467 2.3686e-16
9399.670684 2.567e-16
9401.206698 2.6982e-16
9402.742712 2.31e-16
9404.278726 2.1679e-16
9405.81474 2.2782e-16
9407.350754 2.0529e-16
9408.886768 1.9794e-16
9410.422782 2.3845e-16
9411.958796 2.377e-16
9413.49481 2.2259e-16
9415.030824 2.6642e-16
9416.566838 3.0878e-16
9418.102852 3.1087e-16
9419.638866 2.5867e-16
9421.17488 2.344e-16
9422.710894 2.4783e-16
9424.246908 1.8666e-16
9425.782922 2.0866e-16
9427.318936 2.5845e-16
9428.85495 2.1117e-16
9430.390964 1.904e-16
9431.926978 2.6176e-16
9433.462992 3.1332e-16
9434.999006 2.6613e-16
9436.53502 2.4184e-16
9438.071034 2.97e-16
9439.607048 2.8178e-16
9441.143062 2.3495e-16
9442.679076 2.2788e-16
9444.21509 1.9626e-16
9445.751104 1.809e-16
9447.287118 2.3656e-16
9448.823132 2.4219e-16
9450.359146 2.1519e-16
9451.89516 2.3112e-16
9453.431174 2.5395e-16
9454.967188 2.2384e-16
9456.503202 1.8739e-16
9458.039216 2.597e-16
9459.57523 2.8757e-16
9461.111244 2.3932e-16
9462.647258 2.386e-16
9464.183272 2.7415e-16
9465.719286 2.6277e-16
9467.2553 2.0191e-16
9468.791314 2.0791e-16
9470.327328 2.8299e-16
9471.863342 3.1967e-16
9473.399356 3.1678e-16
9474.93537 2.9894e-16
9476.471384 2.786e-16
9478.007398 2.7472e-16
9479.543412 2.3513e-16
9481.079426 1.9336e-16
9482.61544 1.8366e-16
9484.151454 2.2238e-16
9485.687468 2.4812e-16
9487.223482 2.2014e-16
9488.759496 2.0145e-16
9490.29551 2.2078e-16
9491.831524 2.3358e-16
9493.367538 2.2236e-16
9494.903552 2.4778e-16
9496.439566 2.4733e-16
9497.97558 2.4167e-16
9499.511594 2.5064e-16
9501.047608 2.4669e-16
9502.583622 2.3146e-16
9504.119636 2.3194e-16
9505.65565 2.295e-16
9507.191664 2.4459e-16
9508.727678 2.2629e-16
9510.263692 2.1411e-16
9511.799706 2.5069e-16
9513.33572 2.4274e-16
9514.871734 2.1074e-16
9516.407748 2.237e-16
9517.943762 2.3923e-16
9519.479776 2.134e-16
9521.01579 1.8473e-16
9522.551804 2.1465e-16
9524.087818 2.4728e-16
9525.623832 2.1106e-16
9527.159846 1.9604e-16
9528.69586 2.4031e-16
9530.231874 2.443e-16
9531.767888 2.2729e-16
9533.303902 2.4215e-16
9534.839916 2.3039e-16
9536.37593 2.0394e-16
9537.911944 2.1578e-16
9539.447958 2.2821e-16
9540.983972 2.3028e-16
9542.519986 2.3369e-16
9544.056 2.4394e-16
9545.592014 2.3288e-16
9547.128028 2.0741e-16
9548.664042 2.1945e-16
9550.200056 2.2769e-16
9551.73607 2.6048e-16
9553.272084 2.8974e-16
9554.808098 2.616e-16
9556.344112 2.3278e-16
9557.880126 2.1548e-16
9559.41614 2.4932e-16
9560.952154 2.401e-16
9562.488168 2.0199e-16
9564.024182 2.6594e-16
9565.560196 3.247e-16
9567.09621 2.3216e-16
9568.632224 1.8559e-16
9570.168238 2.4464e-16
9571.704252 2.419e-16
9573.240266 2.109e-16
9574.77628 2.2572e-16
9576.312294 2.5974e-16
9577.848308 2.3915e-16
9579.384322 2.0186e-16
9580.920336 2.2412e-16
9582.45635 2.3662e-16
9583.992364 2.1288e-16
9585.528378 2.3561e-16
9587.064392 2.6434e-16
9588.600406 2.4523e-16
9590.13642 2.4335e-16
9591.672434 2.3853e-16
9593.208448 2.119e-16
9594.744462 2.0186e-16
9596.280476 2.1608e-16
9597.81649 2.3216e-16
9599.352504 2.0787e-16
9600.888518 1.8922e-16
9602.424532 2.2138e-16
9603.960546 2.4213e-16
9605.49656 2.4318e-16
9607.032574 2.5073e-16
9608.568588 2.3489e-16
9610.104602 2.1439e-16
9611.640616 2.181e-16
9613.17663 2.5562e-16
9614.712644 2.6116e-16
9616.248658 2.0431e-16
9617.784672 2.2501e-16
9619.320686 2.4243e-16
9620.8567 2.3894e-16
9622.392714 2.7962e-16
9623.928728 2.8791e-16
9625.464742 2.5601e-16
9627.000756 2.2329e-16
9628.53677 2.4602e-16
9630.072784 2.7062e-16
9631.608798 2.4066e-16
9633.144812 2.3769e-16
9634.680826 2.5407e-16
9636.21684 2.4532e-16
9637.752854 2.1421e-16
9639.288868 2.3449e-16
9640.824882 2.6776e-16
9642.360896 2.2795e-16
9643.89691 2.3639e-16
9645.432924 2.7865e-16
9646.968938 2.7475e-16
9648.504952 2.729e-16
9650.040966 2.4868e-16
9651.57698 2.3356e-16
9653.112994 2.1716e-16
9654.649008 2.2481e-16
9656.185022 2.5198e-16
9657.721036 2.4605e-16
9659.25705 2.3352e-16
9660.793064 2.4428e-16
9662.329078 2.6209e-16
9663.865092 2.2213e-16
9665.401106 1.8563e-16
9666.93712 2.3806e-16
9668.473134 2.6501e-16
9670.009148 2.7626e-16
9671.545162 2.8767e-16
9673.081176 2.5306e-16
9674.61719 2.1381e-16
9676.153204 2.4705e-16
9677.689218 2.9452e-16
9679.225232 2.5325e-16
9680.761246 2.1013e-16
9682.29726 2.4558e-16
9683.833274 2.5112e-16
9685.369288 1.9695e-16
9686.905302 2.224e-16
9688.441316 2.3966e-16
9689.97733 1.9419e-16
9691.513344 2.1031e-16
9693.049358 2.4784e-16
9694.585372 2.3169e-16
9696.121386 2.1756e-16
9697.6574 2.4375e-16
9699.193414 2.835e-16
9700.729428 2.5924e-16
9702.265442 2.1589e-16
9703.801456 2.1425e-16
9705.33747 2.1225e-16
9706.873484 1.9702e-16
9708.409498 2.1291e-16
9709.945512 2.5898e-16
9711.481526 2.4753e-16
9713.01754 2.6938e-16
9714.553554 3.0557e-16
9716.089568 2.8124e-16
9717.625582 2.5997e-16
9719.161596 2.5786e-16
9720.69761 2.3344e-16
9722.233624 2.178e-16
9723.769638 2.109e-16
9725.305652 2.5128e-16
9726.841666 2.532e-16
9728.37768 2.4952e-16
9729.913694 2.9528e-16
9731.449708 2.7216e-16
9732.985722 2.4121e-16
9734.521736 2.6981e-16
9736.05775 3.1682e-16
9737.593764 2.7359e-16
9739.129778 2.1867e-16
9740.665792 2.2433e-16
9742.201806 2.1237e-16
9743.73782 2.0225e-16
9745.273834 2.1857e-16
9746.809848 2.3437e-16
9748.345862 2.0669e-16
9749.881876 2.1817e-16
9751.41789 2.7367e-16
9752.953904 2.5802e-16
9754.489918 2.0052e-16
9756.025932 2.5673e-16
9757.561946 3.0359e-16
9759.09796 2.7118e-16
9760.633974 2.6172e-16
9762.169988 2.7915e-16
9763.706002 2.3176e-16
9765.242016 2.1439e-16
9766.77803 2.7528e-16
9768.314044 3.3425e-16
9769.850058 4.1855e-16
9771.386072 5.778e-16
9772.922086 7.1975e-16
9774.4581 7.2692e-16
9775.994114 6.6706e-16
9777.530128 6.1414e-16
9779.066142 5.2177e-16
9780.602156 4.2591e-16
9782.13817 3.6714e-16
9783.674184 3.0487e-16
9785.210198 2.3388e-16
9786.746212 2.4023e-16
9788.282226 2.8309e-16
9789.81824 2.6971e-16
9791.354254 1.9911e-16
9792.890268 1.9533e-16
9794.426282 2.4292e-16
9795.962296 2.3177e-16
9797.49831 2.4616e-16
9799.034324 2.8274e-16
9800.570338 2.6147e-16
9802.106352 2.0275e-16
9803.642366 2.3146e-16
9805.17838 2.9274e-16
9806.714394 2.3938e-16
9808.250408 1.9764e-16
9809.786422 2.6466e-16
9811.322436 2.697e-16
9812.85845 2.3777e-16
9814.394464 2.7532e-16
9815.930478 2.8377e-16
9817.466492 2.2206e-16
9819.002506 2.1925e-16
9820.53852 2.5673e-16
9822.074534 2.373e-16
9823.610548 2.0426e-16
9825.146562 2.2083e-16
9826.682576 2.5319e-16
9828.21859 2.5363e-16
9829.754604 2.3898e-16
9831.290618 2.6297e-16
9832.826632 2.5195e-16
9834.362646 1.9405e-16
9835.89866 2.178e-16
9837.434674 2.5898e-16
9838.970688 2.4163e-16
9840.506702 2.33e-16
9842.042716 2.4802e-16
9843.57873 2.3976e-16
9845.114744 2.2788e-16
9846.650758 2.3736e-16
9848.186772 2.1111e-16
9849.722786 1.7728e-16
9851.2588 2.1436e-16
9852.794814 2.6373e-16
9854.330828 2.4728e-16
9855.866842 2.3131e-16
9857.402856 2.4459e-16
9858.93887 2.5389e-16
9860.474884 2.5684e-16
9862.010898 2.6562e-16
9863.546912 2.832e-16
9865.082926 2.7019e-16
9866.61894 2.8168e-16
9868.154954 3.1323e-16
9869.690968 2.6865e-16
9871.226982 2.481e-16
9872.762996 3.1608e-16
9874.29901 2.4927e-16
9875.835024 1.7549e-16
9877.371038 1.9759e-16
9878.907052 2.5695e-16
9880.443066 2.4075e-16
9881.97908 2.1428e-16
9883.515094 2.4467e-16
9885.051108 2.5082e-16
9886.587122 2.1456e-16
9888.123136 2.4907e-16
9889.65915 2.7356e-16
9891.195164 2.6577e-16
9892.731178 2.4644e-16
9894.267192 3.0792e-16
9895.803206 2.838e-16
9897.33922 2.1883e-16
9898.875234 2.2046e-16
9900.411248 2.2699e-16
9901.947262 2.1032e-16
9903.483276 2.1071e-16
9905.01929 2.2591e-16
9906.555304 2.1431e-16
9908.091318 2.1218e-16
9909.627332 2.2058e-16
9911.163346 2.057e-16
9912.69936 1.66e-16
9914.235374 1.5737e-16
9915.771388 1.8685e-16
9917.307402 2.0923e-16
9918.843416 2.0264e-16
9920.37943 2.3317e-16
9921.915444 2.7361e-16
9923.451458 2.025e-16
9924.987472 1.9547e-16
9926.523486 2.2469e-16
9928.0595 2.3848e-16
9929.595514 2.1543e-16
9931.131528 2.1047e-16
9932.667542 2.3452e-16
9934.203556 2.2698e-16
9935.73957 2.2133e-16
9937.275584 2.6713e-16
9938.811598 2.8378e-16
9940.347612 2.1716e-16
9941.883626 1.4256e-16
9943.41964 1.6047e-16
9944.955654 2.1657e-16
9946.491668 1.966e-16
9948.027682 2.2025e-16
9949.563696 2.261e-16
9951.09971 1.8135e-16
9952.635724 1.8653e-16
9954.171738 2.2972e-16
9955.707752 1.9302e-16
9957.243766 2.5237e-16
9958.77978 3.1949e-16
9960.315794 2.5282e-16
9961.851808 2.0089e-16
9963.387822 2.4886e-16
9964.923836 2.439e-16
9966.45985 1.9331e-16
9967.995864 2.264e-16
9969.531878 2.4674e-16
9971.067892 2.2237e-16
9972.603906 1.8781e-16
9974.13992 1.9532e-16
9975.675934 2.1282e-16
9977.211948 1.6568e-16
9978.747962 1.7514e-16
9980.283976 2.213e-16
9981.81999 1.9408e-16
9983.356004 1.9037e-16
9984.892018 2.2202e-16
9986.428032 2.0657e-16
9987.964046 1.7581e-16
9989.50006 1.8558e-16
9991.036074 1.8756e-16
9992.572088 1.8161e-16
9994.108102 2.1494e-16
9995.644116 2.6589e-16
9997.18013 2.5088e-16
9998.716144 2.0319e-16
10000.252158 2.0479e-16
