# SIMPLE = True
# BITPIX = 8
# NAXIS = 0
# EXTEND = True
# VERSPYT = 3.7.6
# VERSNPY = 1.17.5
# VERSSCI = 1.4.1
# VERSAST = 4.0.1.post1
# VERSSKL = 0.23.1
# VERSPYP = 1.0.5
# DATE = 2020-11-09
# RA = 18.2844575678399
# DEC = 28.6756710590917
# TARGET = ZTF20aciievv
# DISPNAME = Grism_4
# DECKER = Slit_1.0
# BINNING = 1,1
# MJD = 59162.06673754629
# AIRMASS = 1.17314773564243
# EXPTIME = 900.0
# FILENAME = ALDk080123.fits
# INSTRUME = ALFOSC_FASU
# PYPELINE = MultiSlit
# PYP_SPEC = not_alfosc
# TELESCOP = NOT
# LON-OBS = 17.88432979
# LAT-OBS = 28.7543303
# ALT-OBS = 2465.5
# DMODCLS = SpecObjs
# DMODVER = 1.0.0
# EXT0000 = SPAT0249-SLIT0250-DET01
# NSPEC = 1
4000.3338854807153 28.68094147294406 1.3048982691970576
4003.3993267616856 32.585261050197815 1.3609079428004587
4006.4660277736198 30.618814066687243 1.3184732825931893
4009.5339883229253 33.576489308490245 1.3690650042829915
4012.6028336024783 31.403125918942937 1.3191543590887431
4015.673689552083 29.270236952116612 1.2964887063878683
4018.7446295507393 28.131086919057683 1.28700680108561
4021.819353443008 32.17672094770206 1.313409876851028
4024.8927177624055 31.621885255377514 1.313848909079762
4027.968252986087 34.965112837439854 1.3593580843717812
4031.045002715948 31.651039363455787 1.2960767645203835
4034.123048339029 33.11371054502424 1.320445026265608
4037.201954492264 31.741360693430376 1.283469338734597
4040.2828473237546 32.92219776786197 1.3044446908302794
4043.364608864243 33.66686187291648 1.312135064759879
4046.4476230871314 33.024828744817015 1.3004484660159576
4049.5318791238747 34.69749018071051 1.3148678184304985
4052.6173709704267 33.18483438486415 1.2900714502116728
4055.7040943596962 32.87288494667797 1.28439624028104
4058.792062093474 30.83518779610927 1.2482318842080138
4061.8812597607375 31.125705267305413 1.245440886165949
4064.9716915432437 30.125053055448806 1.2298316889255474
4068.0633452283037 28.141758267657824 1.1988187156162995
4071.156251523162 31.719552390670696 1.2460187264224984
4074.2503628721615 28.7300371999134 1.1991991995469329
4077.345701589367 27.496400689279255 1.1756149815052397
4080.442267398712 26.7643959694436 1.1581014685339543
4083.5400520519424 25.37648321598168 1.1372994649057784
4086.6390513406045 23.688772945099764 1.1042507030685442
4089.7392757092025 25.037492371175656 1.124880482512757
4092.8407134787276 26.128867628954715 1.135633148270679
4095.9433708015436 26.11985222090775 1.1294953209660512
4099.047232055089 24.74266733818412 1.1019991730014889
4102.1523062304705 23.31417693751264 1.0728861188937278
4105.25858415641 23.460785482902843 1.0745538664077483
4108.3660620262635 22.339794774285632 1.0520598300298891
4111.474752079248 22.32996806623661 1.050408106267088
4114.584697740413 20.872140840412982 1.0188082295586145
4117.6957324043115 19.686194037759236 0.9984087099501189
4120.8080351534045 22.737495605954255 1.0467106364236334
4123.921521783995 21.455551386823522 1.0223618380778063
4127.036196564736 21.98983446209458 1.0233474034188468
4130.152074309565 18.882156554916445 0.9679420473620712
4133.269142921141 20.26653429573428 0.9907375107357349
4136.38736046228 20.60992518583502 0.99534404030811
4139.5068351169575 20.13643208152659 0.986431397376377
4142.62747434367 21.845653834076725 1.0089438479570796
4145.749283218288 21.306735302477364 1.000645309036301
4148.872288392239 22.615403796593064 1.0161392610974005
4151.996459382125 21.960018923585352 1.0021807047559168
4155.121811495385 21.107045870288953 0.9833987191169994
4158.248344672268 23.07159832290845 1.0186636818248984
4161.376047245696 20.90685068921629 0.9761799589158132
4164.504918911364 24.129414208909285 1.0327944696903473
4167.634964377322 21.97083613863482 0.997452994204192
4170.766169650126 20.50330818509006 0.9720097469638949
4173.898572346159 24.13658545652959 1.0200817557320305
4177.032104453233 21.924092470025883 0.9902163575542042
4180.166822108905 21.2441762045131 0.9714178695656148
4183.302697577852 21.35306711263243 0.9644736128738945
4186.439733963847 21.984954332462266 0.9744549541704838
4189.57792188459 21.98652895978402 0.9733288064065305
4192.717350549411 22.22139452461442 0.9638282867948699
4195.857764118519 21.994428917140556 0.9637232787514595
4198.999434769476 23.696203945144557 0.9863304765517321
4202.142240483134 25.38056648858217 1.0084603400107985
4205.286197010495 24.758034780565172 0.999131366355962
4208.431292925334 24.87240263915233 0.9994709359312248
4211.577542664375 23.702038517427532 0.9771041151197174
4214.724928556289 24.746552627490523 0.9906509221442814
4217.873475395663 26.60051913779331 1.0122090599670472
4221.023125589205 25.027596057257654 0.9938581596452161
4224.173951308814 26.875347407970104 1.0198467796260813
4227.325890350005 25.300459040497206 0.9876286823931962
4230.47897128103 25.382496129316596 0.9909296214452571
4233.633183154243 25.51311155539854 0.9855683415534198
4236.788536166707 27.35284317992133 1.011744817152136
4239.945004647527 27.955658341941945 1.0204097393350695
4243.102610644739 29.55725666587355 1.0389132365452869
4246.261329275093 27.4734868995545 1.0068456718253007
4249.421141395601 29.53044303787332 1.0292535350221466
4252.582152461048 29.335297206559588 1.0307967846541195
4255.74425064825 31.076935500853615 1.050395258355866
4258.907451738611 28.777572957022493 1.0235267473153986
4262.07178253634 31.172867466315605 1.0511337374949956
4265.237226791812 31.299908626976645 1.0498960603278755
4268.4037817641465 32.141417335789306 1.0607117043137662
4271.57144920974 31.82152024016591 1.0518946947989367
4274.740224104722 32.41948240540978 1.057371676926884
4277.910112487815 34.86806594116199 1.0845130364539473
4281.081094767577 32.276197701505644 1.0504036111525787
4284.2531872741165 33.38586304016484 1.064525917021051
4287.42638065165 32.20238997342496 1.0475289421323402
4290.600668103804 31.442337950642838 1.033863135946594
4293.776065485221 30.232875022194552 1.0164411253220087
4296.952693967384 34.95765052396475 1.0666220839719762
4300.130154741546 32.760957009754286 1.0406530706163508
4303.308831065759 33.63684732721267 1.049208214433972
4306.488616281684 34.00192288596988 1.0524319883584852
4309.669481354747 36.83385166679398 1.084960959835192
4312.851424630138 34.93387058149126 1.0650903371904548
4316.034460053452 33.34558986268298 1.041465084982616
4319.218591609626 35.92592732065237 1.0733078056842043
4322.403781352243 33.89470132131601 1.051118676798979
4325.590079243172 36.43291012776664 1.0787620639183457
4328.77742911771 31.2320612817103 1.0143652557080345
4331.965880848729 32.99193725135703 1.028801040202599
4335.155403249728 34.13894215233253 1.0457761635014502
4338.3460033748415 34.24993764389434 1.0427749077233734
4341.537663447411 33.12815647429658 1.0267890609968564
4344.73040764923 32.15347660406927 1.0158082951964271
4347.92421263527 31.59971684743051 1.0067330950794549
4351.119091317876 32.735480398240554 1.0191358564199828
4354.315031959934 33.22946792081878 1.0256032927499297
4357.5120371051635 32.93780976579992 1.0204159124693848
4360.71011121602 33.744014978519736 1.0293365214820112
4363.909237367915 33.531469919037214 1.0279844447244644
4367.10942372678 33.32701506109249 1.0232269979662991
4370.3105585052845 34.854497884838 1.0359474674660971
4373.512956120275 34.36787751293698 1.0286246643598047
4376.716331020241 35.40256898622349 1.0401372412750465
4379.920739681622 35.59183664541277 1.0393542862584308
4383.126622932994 32.42465593013776 0.9931275525934662
4386.332693272391 33.58593978613045 1.01447800331579
4389.540249246326 33.77302698941674 1.0156596908639846
4392.748837898274 30.643814835651128 0.9741389170949031
4395.958480205028 30.87289768795701 0.9758795480047638
4399.16916192974 29.954381007460746 0.9647341212760371
4402.3808865818855 32.74224818307267 0.9952574057839004
4405.593638833985 29.649654679766048 0.9629693038076688
4408.808431827639 31.65911086044002 0.9836847843024428
4412.022273037938 28.722813355050622 0.948028953380995
4415.23813479681 27.898168951725406 0.9342059356181425
4418.45500829823 29.809817180102694 0.9571989517492986
4421.672962433635 29.02145962808145 0.9474392886884346
4424.891916063405 26.913089984822506 0.9182409573019251
4428.1118975727295 25.72107255227514 0.8990710014360386
4431.332908823477 27.248980139598196 0.9182479155871087
4434.554934378558 24.879203194243715 0.885707608318631
4437.777906917423 23.57608234523713 0.8620056193679881
4441.002064774275 24.85142801126356 0.8810059714468526
4444.227155215185 23.787375421229978 0.8695909480360337
4447.4532553291165 24.066348226995203 0.8693376726049338
4450.6803784437225 22.467231240497593 0.8451840622424572
4453.908976598462 23.283396472918945 0.8501103763481055
4457.1376622957005 22.17166865988134 0.8364588631427798
4460.367819939956 22.258582531699304 0.8343885226782982
4463.598985211336 20.791265724605378 0.8128855249020984
4466.8311522959775 19.843962299140053 0.7962232394212866
4470.064334861614 20.699956143611296 0.8105756864836327
4473.298507010025 19.55731372422072 0.7937451199550907
4476.532708987007 20.186673583007657 0.8134885409782027
4479.769871176635 19.73180971145356 0.7925618689580227
4483.007053334516 19.395956433595373 0.7879954915621336
4486.24521833864 17.993318151085056 0.765196266660977
4489.484394769581 17.91694951770984 0.7634770406749205
4492.723645383661 17.81044068747893 0.7602417742593428
4495.965719730246 17.71644305511589 0.760251362865148
4499.207668452002 16.02037218436595 0.7254509332128323
4502.451004278425 18.548276582409812 0.7675215362629197
4505.695119294997 17.06535048703622 0.7463858789528209
4508.940223876191 15.688978233321567 0.7223183221089339
4512.18679974645 16.7432850821909 0.7388790783750572
4515.433388370872 17.121929744559505 0.7485336702646851
4518.681434753507 15.552064542882816 0.7199230152187401
4521.930478406799 17.60030756680669 0.7469954198594906
4525.1804750148 16.35243717287295 0.7298682708756699
4528.431462537852 16.361151249496487 0.7280776834693222
4531.683423981053 17.218626593824364 0.7400510489410687
4534.936356803989 17.27659313332602 0.740600587190869
4538.190254538604 17.23355353758424 0.7348819027798216
4541.445119336318 17.491220990943038 0.7420136609218971
4544.700964535035 19.115832212471528 0.76449408099387
4547.957763023611 19.177744537686223 0.7637944762561588
4551.215525970371 18.368080277183036 0.7506378976274234
4554.474241711434 16.635425913400397 0.7257939928471862
4557.733935916341 18.00373832081751 0.7405646392533898
4560.994586044525 18.497001971675417 0.7475512726631347
4564.256187921786 18.58281976082561 0.7483530371119598
4567.518755848309 19.19891783049351 0.7554952833973131
4570.782277942217 20.398311301692114 0.769228518713466
4574.046742782491 20.56184030294412 0.7727269591732736
4577.312181480934 20.978406722391284 0.7767678682437388
4580.578532125456 20.60330107580571 0.7696970788556314
4583.845848040442 21.333906529508145 0.778841106230808
4587.114120603075 24.152896749458282 0.8143124225039319
4590.383323131353 23.923658161304918 0.8078503678110357
4593.653473515997 23.501255797373734 0.8000491865469942
4596.924562668348 25.697144818994282 0.8303317697595487
4600.196593885132 23.32183937020957 0.7981155653514505
4603.46956141947 25.25765048993958 0.8209928293336692
4606.7434748224805 26.347288478096043 0.8333865788610493
4610.018309892359 26.08085072019355 0.830531311942853
4613.294096898297 27.190011053811006 0.8410929506790024
4616.570795585883 27.912301360139615 0.8481322974736408
4619.8486836484935 28.6276161453545 0.857534947710492
4623.126499269549 30.673771541809423 0.8785161563151376
4626.407196821092 31.10220975449181 0.8792338966733647
4629.686907206418 31.50785985610071 0.8894199069242117
4632.968256806312 30.854591374562514 0.8809951152303419
4636.250517422733 33.62617817221993 0.9102520798607051
4639.5337102427175 34.001446288931625 0.9134694273732217
4642.816708916929 37.21879542048784 0.9546931518480488
4646.102842203256 36.259881633198546 0.9369866512342502
4649.388766847775 35.76498175936294 0.9278797006694752
4652.675630289366 37.46360140686119 0.9465126824453192
4655.9633863218205 38.71260239745608 0.9608721467106582
4659.251262140915 41.463726009850404 0.9809559239097376
4662.541653222389 41.43339630763701 0.9861652956162672
4665.831211447741 44.133100062812524 1.0090256799772384
4669.124849938148 42.87555664044758 1.0040374635379166
4672.415867827424 42.382383158837214 0.990877259101564
4675.709405481366 44.66264494355533 1.0086395320460289
4679.0031966024735 47.556698732416216 1.0440355652054547
4682.298200491775 45.32703266630795 1.018551404486303
4685.592589085027 49.52912307233505 1.048513253779678
4688.891740329748 46.50111775050741 1.0347486183852077
4692.18864469098 50.25930953716982 1.061766211153607
4695.487202964782 47.95776007458187 1.0384886901784292
4698.786726569491 49.56038794751899 1.0542407780879803
4702.087113619663 49.0490398472337 1.0446972580965326
4705.388383566077 49.41212846778905 1.0483236195077408
4708.690540080214 49.18780553771514 1.0451902518283762
4711.993594900776 51.09187422355545 1.0644613029791363
4715.297535047615 51.35813046938747 1.0645596635776358
4718.602351236704 50.79277449941739 1.058884773526513
4721.908042112982 50.05720171730389 1.0513778561970957
4725.214751444148 48.30961718143149 1.0309236213393795
4728.522079825555 49.044339615040236 1.0412034753791402
4731.830422619634 49.573756760849065 1.0407507713465247
4735.1396382438425 48.116267259654876 1.026712715669456
4738.449728561181 50.65992680450798 1.04888567795908
4741.760691233939 48.108344357400696 1.024502801926699
4745.072515569263 47.06440389519417 1.0136632303354811
4748.385219310598 47.65900470209765 1.01810935773588
4751.69879224679 46.40731643670909 1.0051893395291238
4755.013232633199 46.68106590851981 1.0067834854672808
4758.328536292359 45.52954868627612 0.9932604494870966
4761.644741297993 42.817123113998974 0.96350776954217
4764.96173653226 43.61842019130392 0.9754592917484052
4768.279626626276 41.87877410013796 0.9586057110481513
4771.598375780474 42.177144338972944 0.9578916935935695
4774.917987868449 41.92798084783147 0.9567185021384785
4778.238446618766 40.792044622451826 0.9454356064223878
4781.559774063329 40.06691651266755 0.9362770676784985
4784.881941981823 38.66208703617069 0.921415366667057
4788.205002687175 35.74423708385507 0.889329861922288
4791.528857887765 38.09223108620413 0.9140335350154113
4794.8531452670795 39.51404829825386 0.9231449660284048
4798.178344290168 35.60766951349845 0.8746147668785819
4801.505575678736 34.09292742150386 0.8688306679131997
4804.83284479673 34.85637411292053 0.8765372921697369
4808.160952651697 32.84977048487252 0.8534621706842463
4811.489895447128 32.38059381173798 0.8486804263136326
4814.819697236298 31.959085940791393 0.8441604505807732
4818.150305795955 29.99768448225202 0.8226297021837482
4821.4818022249165 33.06506111949397 0.8565654444900074
4824.814092105118 30.653676964431664 0.8316543056288513
4828.147239651484 29.82444609148326 0.8195256187817543
4831.481201399493 28.68069050336109 0.8065692377025421
4834.816011869349 27.846680700516664 0.7961186382992418
4838.151640352875 26.916251755077532 0.7844454945142025
4841.488112144929 27.54043574162877 0.7896064460217098
4844.82539741883 24.66913988520734 0.7539971100811261
4848.163511580291 24.73762429427454 0.7532601005667228
4851.502451419389 23.971162389057167 0.7462683967264164
4854.842218108059 23.13125211254123 0.7337173369810038
4858.182803649088 22.936872985810716 0.7275789235491591
4861.524222038306 24.275899166185297 0.7425303800068033
4864.866439706507 23.63732734843358 0.7338189803658034
4868.209485081025 21.33657880512484 0.702760498879609
4871.553333631787 22.03770416639261 0.7151591512202469
4874.898013867308 22.307142951916944 0.7166890009366336
4878.243485323576 21.29136679262936 0.7050900545510829
4881.589787728447 21.97805281640605 0.713683096010027
4884.936879854212 20.17278371387651 0.6924419029686589
4888.2848070244045 20.58782717383063 0.6944371344211707
4891.633529607891 21.616828286668348 0.7065409317789918
4894.98306081671 22.07168249315348 0.7126725308913194
4898.333396677108 22.575570504650535 0.7162769652241114
4901.684525978384 19.621609205670282 0.6809064964208448
4905.036453685053 19.400465810725755 0.6756112149498782
4908.389229617857 19.763387019099433 0.6765793971286458
4911.742689720197 19.4884501178053 0.675062453244037
4915.097079414581 21.050097893702983 0.6923883975870904
4918.452186332409 20.906728949788555 0.6916881736912581
4921.808112461491 19.672839406125536 0.6751609726896741
4925.164820309123 20.022780083984067 0.6784009294090311
4928.5223380891375 20.29516031325588 0.6840850278900447
4931.8806192026 19.254055938850907 0.6693764381415955
4935.23971720156 20.021156194374782 0.6776971921905279
4938.599584620655 20.410602199280863 0.6824817503998467
4941.960251557229 19.50976870382895 0.6664395683091622
4945.321723795616 20.520518106753045 0.6805847902370077
4948.683924681951 20.86808990128078 0.688030864075804
4952.0469077471735 19.61651287079129 0.6736589812741951
4955.410703767823 20.688103820104352 0.6882486122972219
4958.775280620119 22.10429556523357 0.7001871244458644
4962.140619106342 19.47295483535109 0.6680183024707876
4965.506725488984 19.52041946568288 0.6653135579969683
4968.873799159862 21.1806909419256 0.6840635154392443
4972.241288624085 20.46609574545517 0.6812264489720228
4975.609752854774 21.76357503533074 0.6969892191435537
4978.978947897518 21.54046502986998 0.6917627816239588
4982.348944726005 22.338917682660593 0.7017150701542648
4985.72017821988 20.642432143747055 0.6803158975999487
4989.091204713856 22.880178440046322 0.7053797564953872
4992.463463691353 20.722973679918454 0.6805927754694165
4995.836512307652 22.150052468310573 0.6992366879213027
4999.210323826242 22.00077049063168 0.6938091896499208
5002.584887461371 22.965542007924142 0.7055056255136141
5005.960206792018 23.433786910345937 0.7117169170681554
5009.336303481442 24.04321322263102 0.71702920413701
5012.713130104027 23.41992588646604 0.7074855300330699
5016.090728366812 23.243787439374763 0.7065568602725045
5019.469075690336 24.28496621610061 0.7163848278345037
5022.848201493418 24.39455313149607 0.716582222044142
5026.22803176125 23.68143145917027 0.7066378655720232
5029.608639429801 24.92531697949987 0.724026618916941
5032.989972710854 21.52103972208233 0.6826994538925737
5036.372079827527 23.35679736058113 0.7028047804509513
5039.754927310944 23.836432899207818 0.709179160184613
5043.138522502874 23.216877166994223 0.7005782272889081
5046.522892608639 22.95235898119677 0.6934817753179011
5049.907913330285 23.000910990578188 0.6964721954565971
5053.293722667838 21.91172687226522 0.6862625991371567
5056.680282279642 23.303206419642976 0.699673744201127
5060.067578758451 22.676734192992168 0.6893263661846311
5063.455598484959 22.49700898390436 0.6884031455030125
5066.8444083933 21.375377813441585 0.6686098053305367
5070.233845175592 21.854575426315783 0.6787288637993036
5073.62409244904 23.114777805031068 0.6933368350757061
5077.015092962934 21.617472975042098 0.6719729045468276
5080.406741866688 21.794446873063023 0.6757120565457635
5083.7991452878805 20.438636064847124 0.6598498878667949
5087.1922878098985 21.02590303732778 0.6681592139918736
5090.586169690191 22.027331566728318 0.6789023157552024
5093.9807649945205 21.202747095470226 0.6703244212020983
5097.376082114346 21.456921116746933 0.6695855687960663
5100.77212516677 21.254968156480892 0.6666981681993006
5104.1688757355 20.95851363431366 0.6628745747889301
5107.566357006291 20.175261150276057 0.6518523387152476
5110.964539875441 18.817172830857128 0.6367184122578028
5114.363476884 20.35201244870841 0.6537076905621825
5117.76309942293 20.912417221978036 0.6625557416573535
5121.163454329827 20.92313445436073 0.6587672076308227
5124.564501376808 20.093427736257926 0.6474051831904944
5127.966271711869 20.151173198900345 0.6510560607680781
5131.368746494292 20.986814605688153 0.6599426835038018
5134.771940131578 19.92539543173756 0.6438244184208455
5138.175822578954 19.338181233938613 0.6364387833273027
5141.58042357623 19.81766299183205 0.6453181300574359
5144.985731433496 20.36045238564407 0.6503754200665571
5148.3917457747675 19.953298450178842 0.6439101898477052
5151.798445137131 20.36302318069395 0.649252255855127
5155.205875622935 20.763904146234534 0.6556834787279007
5158.613968229383 20.395750944907125 0.6499582649444872
5162.0228002304 20.313857790713172 0.646930070930695
5165.432288784688 19.7092523156928 0.6390354445287707
5168.8425093198575 21.13620150525995 0.6541596295451563
5172.253401654533 20.603945823919688 0.6478430686824744
5175.664994252925 19.633090179781604 0.6326861787352354
5179.077272284609 20.031485009157965 0.6371989828443141
5182.490256880567 21.531133463801744 0.6577851230951316
5185.903915206269 21.36705529734107 0.6542768259224769
5189.31827030824 21.095442531476046 0.6506617210869066
5192.734752788992 19.730995491535136 0.6480428846317206
5196.149027409049 21.35322047164051 0.6549863819051371
5199.5654266068605 20.741161775471184 0.6459029612729591
5202.982535367824 22.47097453926615 0.6668070701446441
5206.400296852461 21.001221781561384 0.6493925720409794
5209.818756249288 22.945905913812368 0.672934148934295
5213.2378949521635 22.89663978750759 0.6698197964514409
5216.657699135176 22.749844690077847 0.6708293878908799
5220.078193677537 23.27118651026751 0.674558054656456
5223.499351583738 23.041682108596042 0.6718310872946247
5226.92096313919 23.24650934323012 0.672250615478553
5230.34370776724 23.532490220710923 0.675644816985417
5233.766887917171 24.343702959924173 0.6856395764810018
5237.190746241925 24.271137649059018 0.6840151477701566
5240.615264123458 24.151852690253232 0.6834358356299547
5244.040450468038 25.135653451122067 0.6940637825569079
5247.46628423081 26.64135825125753 0.7095893130192441
5250.892831721869 25.333405042874187 0.6950872981437165
5254.3200210213045 26.169418178439333 0.7051794339140547
5257.747878534489 26.277501127218105 0.7043905572917062
5261.175708783477 27.26516506650986 0.7080611662126625
5264.605575989628 28.894998138350296 0.7302330403250467
5268.0353965867835 28.216545010526577 0.7222993974944912
5271.465894387914 30.263473431624757 0.744236609840561
5274.897038422181 30.37243426830567 0.7478123096556571
5278.328837939644 29.98848498309629 0.7433592189737602
5281.76129188017 29.633044408137046 0.7372109814962722
5285.19440270931 32.36159517331554 0.7661143959245791
5288.628501021771 30.343348550951855 0.741814666290462
5292.062579461802 32.424038992625796 0.7667139126647764
5295.497647640606 33.75266136438975 0.7796838256137094
5298.933271385501 33.090548523130536 0.7713777447163559
5302.369719842823 34.11840995487441 0.7840726164533857
5305.806718583584 35.26763000184848 0.7962549727923
5309.244382433846 37.20410857776672 0.8139233728544008
5312.682664050453 37.33231196396603 0.815232560972356
5316.121607271388 37.735931267151955 0.8188102166489305
5319.561179825226 38.95530737630645 0.8298661349823327
5323.001407399484 40.81336711125191 0.8459941047073918
5326.442250752127 39.414451923002595 0.8319211164418914
5329.883749171928 41.85862749402239 0.8550785525505485
5333.325876266671 40.83887180581826 0.8442284889518316
5336.768634706678 41.35443875615297 0.8496060186630033
5340.21203772375 43.477255297751505 0.8684919596705071
5343.656064965756 43.733610188280586 0.8720322818932048
5347.100740547976 46.1735911348064 0.8907721547075355
5350.546021649859 44.229429663977015 0.8734956434454014
5353.991941474921 45.590335746810936 0.8864383136075947
5357.438490980258 46.09709610494325 0.890573848346434
5360.885663124768 44.29919270426021 0.8731892368803671
5364.333459296547 46.993016117082895 0.8953306162380218
5367.781897509637 46.72962603975337 0.893730603380992
5371.230940494056 46.13969823593248 0.8873952691925718
5374.680654591184 47.6463798127566 0.9005726980361611
5378.130903463942 49.05829046801089 0.9147536761281422
5381.58182389039 49.88438246442551 0.9182851112413455
5385.033342400936 48.90477295335308 0.9102586633341045
5388.485504799662 49.49421886172179 0.9147540229206481
5391.938267064921 50.82352220086714 0.9255754142574798
5395.391633824244 48.37099047762567 0.9048295039658873
5398.845629646017 50.15445292231497 0.9203516395330389
5402.300241807425 50.32282055000294 0.919172114745297
5405.7554527246975 50.30599560405312 0.9201365020625086
5409.21128468849 49.27847114104156 0.9099694992756311
5412.666614292355 49.07160727938169 0.9082781827876186
5416.124811191707 51.810866948319486 0.9296345421785017
5419.582408109024 49.464758792261705 0.9118189922422064
5423.040671628923 49.5911194944298 0.9100467828381666
5426.499530142472 48.63266154509789 0.903030575911626
5429.958998506299 50.315205227543586 0.9172602352360727
5433.419063305608 50.98709241561988 0.9232164337481265
5436.879734685664 50.71881057282646 0.9216198340597906
5440.341001064019 47.58297760170518 0.8934085842802684
5443.802864559826 50.63680964722353 0.9194848361450753
5447.2653395965735 50.713669002641275 0.9183324674073345
5450.728393738322 49.96368146660452 0.9136077440489169
5454.192052253327 48.43857532985559 0.8993280872324732
5457.656297153189 48.69632160473009 0.9018418928256959
5461.121149921721 47.77766131597058 0.8928199691001747
5464.5865925488915 48.775359607096085 0.9000935452508592
5468.052626803567 48.50151657676982 0.8977082008033126
5471.519226074726 47.61707645370436 0.8903278065774628
5474.986446188425 48.241797568253816 0.8941393037058715
5478.454231557926 48.147922904831944 0.89248603531224
5481.922622132355 48.6968748820208 0.8982406481550238
5485.390150435465 48.30534604970621 0.8992294179293704
5488.861128429591 46.7073269118471 0.8824632392785362
5492.331255571779 45.345495302470056 0.8693549311196944
5495.801978802645 45.72922893074852 0.8724834082853431
5499.273270614426 45.07003289810447 0.8673875030540038
5502.745157279972 45.40562612755605 0.8681180001228012
5506.217605061195 45.826324977345465 0.8723087295167073
5509.690650290824 46.76559231830385 0.8785833835502447
5513.16424390516 45.323141371869255 0.8694145244263143
5516.638439635665 45.495853119445734 0.8684363893970318
5520.113189103613 45.01206453527095 0.8640510400527085
5523.5885316392605 43.589692997500585 0.8519685015731564
5527.06442817945 44.074626407185164 0.8548926059569837
5530.540911051129 43.55279812406266 0.8491333616754112
5534.01795572298 42.52165511966524 0.8402484163270793
5537.495569192028 42.619498047714416 0.8412489978719452
5540.97374375646 44.03738808676189 0.8557434900665424
5544.452672976049 43.36895787857145 0.8452368605470145
5547.930347634101 41.22941868434585 0.8343280987608002
5551.41169961917 43.428981464751644 0.8473613418541772
5554.892128332645 42.19888841533181 0.8390742804415384
5558.373316354401 41.72733227668335 0.8276768204618762
5561.854695239335 40.28549949178214 0.8221819974047644
5565.336842135306 41.79971759186916 0.8306401229240066
5568.819425302226 41.886458029909875 0.8957481845004128
5572.3025651547705 40.78026995865432 1.038595563813597
5575.786351971986 40.76681818181161 1.0783691535920314
5579.270718681502 42.0609813387565 1.0819775679235926
5582.7556173331695 38.886678594214764 1.064155000656232
5586.241156238088 39.53366617465236 0.9568622638658544
5589.727306031803 39.536112137328054 0.8147889129593544
5593.2138564949955 38.311778517121766 0.7958499181738918
5596.700985301876 37.616948794442244 0.7941392284234193
5600.188702282703 35.63951470246505 0.7704131989089941
5603.67687221022 36.597380384042516 0.7830563035406558
5607.165656365569 38.12779590896231 0.7963830762367992
5610.654954813665 36.33171302594152 0.7796361715655603
5614.144823952372 35.90838576968606 0.7733565425135377
5617.635209036762 35.97529316493023 0.7756197317644072
5621.126161079968 36.28869104166207 0.7770665852792279
5624.61763795396 34.781401158136696 0.7641700020908528
5628.1096754073005 34.96326136219224 0.7642497503149643
5631.602235928526 34.69060613845155 0.763543174997018
5635.095347781641 34.43092778817162 0.757992281790491
5638.588991628856 34.38798580734099 0.7583167776874081
5642.083172337197 34.2901174882466 0.7584155668371042
5645.577877280023 33.36002944627286 0.7497805759533408
5649.073137077058 34.561261759276086 0.761106184771553
5652.568929531418 33.29311760762475 0.7462967171711051
5656.065242356321 32.90677184914677 0.7416905343664213
5659.562090704035 32.32454716509609 0.7373369563324774
5663.059470718279 31.775887662053197 0.7302899250253805
5666.557391392348 34.14187171949603 0.7548198228588007
5670.055823610969 31.88836515129298 0.7335830154031245
5673.554792080028 32.486296557046074 0.7398197268415625
5677.054290286837 31.48731191161216 0.7288052113267205
5680.554286411808 29.736842291834517 0.7134005626229988
5684.05484936139 31.169256826481238 0.7252743993117253
5687.555854916444 30.88735000201229 0.7209593474558923
5691.057506359135 30.617269075323268 0.7213971811067194
5694.559605834298 29.069706158145685 0.7059700234032907
5698.062249947723 31.006507436536232 0.724335219195451
5701.565396080733 28.955537063617886 0.7040364624289935
5705.069069978073 28.981515643194022 0.7024753171748008
5708.573258126604 29.84372003780495 0.7117902853599397
5712.077963537983 28.49980404282233 0.6984341899417279
5715.583186878144 29.2700552718043 0.7056362098570181
5719.088924377522 28.550285773402084 0.6989775456729647
5722.595153053141 26.69745054394788 0.6791857369747885
5726.101930523628 29.1124424606554 0.7036047057123406
5729.609193220764 26.428533472107908 0.675410609494968
5733.116975919974 26.97701082929912 0.6804723196005793
5736.625279788667 26.50165787794472 0.6755831286670271
5740.134091087443 27.846902615375836 0.6878078506480089
5743.643392451987 27.41383261626612 0.6845194115129846
5747.153200363817 25.437378168087825 0.6627287547573184
5750.663527692449 24.96320427649127 0.656170373467844
5754.174347868232 24.803087462962175 0.6530186160477062
5757.685538421976 25.225404853926275 0.6568655730643831
5761.197509534478 24.245401346739104 0.6483439698676406
5764.709846753238 24.631985826027435 0.6533095022736637
5768.222680382155 24.711306803703444 0.6526364979888739
5771.7360149920505 23.164546699922163 0.6357845867725455
5775.249844612689 24.047064821224016 0.6459835709559882
5778.764176667667 23.117911970299588 0.6366431606719821
5782.279010232346 23.547653842354364 0.6401332689762202
5785.794323174049 22.474005252359536 0.6268481083928664
5789.310141659453 21.90775847457625 0.623006243349275
5792.826477427432 22.799003621723628 0.6297756554679155
5796.343274795792 22.614184998793558 0.6295801754108222
5799.860577105999 21.987419137267274 0.6240098865558407
5803.378355346854 22.4014662113127 0.6274273846996424
5806.896648470497 22.24154828877236 0.6253851135191835
5810.415400559442 20.585161622233365 0.6051658680045532
5813.934672492205 21.301171508593125 0.6156200996801751
5817.454401404529 19.721972693439028 0.5961705669492318
5820.974638691454 19.799535275319066 0.596424069323601
5824.4953518129505 20.18604529794439 0.6023662067427218
5828.016567087078 19.908736686000115 0.5972213324698538
5831.538243574056 20.129567215445608 0.5999354645283332
5835.060420787028 19.817889635342762 0.5973771090781758
5838.583056237137 19.766390661176192 0.5986387613911197
5842.106209103929 20.669030366505662 0.6058003709376519
5845.629797648011 19.687390678953754 0.5959502396297285
5849.15514568464 19.100454157769754 0.5911915685098855
5852.678452133233 18.241700479554083 0.5762934282258496
5856.203518696387 19.817719389573305 0.5934393621261759
5859.729018875069 17.92830416550192 0.5739349663257528
5863.255018334745 18.757903661464496 0.5856425067534089
5866.781481817111 18.602106720163206 0.5862281835717562
5870.308429578288 18.494741525959608 0.5860531804716774
5873.835031681619 19.61022117617268 0.5969339507773942
5877.36373746085 18.755017784862005 0.585931920108704
5880.892064779548 18.352623947787592 0.5976180807109103
5884.4208298593885 17.980907550079184 0.650456376566994
5887.95010261538 19.036535974314322 0.6956229829276301
5891.47985670502 19.220171642440537 0.724858813012277
5895.010070103557 17.38950396422019 0.7117935221524109
5898.540804741031 18.55003669709307 0.6924518870174148
5902.071998473154 18.41014555777444 0.6443865033339026
5905.603683618003 19.054803861242135 0.6128950561417094
5909.135792498196 18.33653572869924 0.5821075863101127
5912.66835755583 19.2338121447796 0.5925527404440419
5916.201362164733 18.85672797665806 0.5913421514399703
5919.734805027065 19.699060184199205 0.5986531032913563
5923.268780070474 20.051076814426057 0.6044592928306076
5926.8031673921505 19.687728027865308 0.6003894299791319
5930.338023808002 19.0184991237377 0.5925261636388756
5933.873340781784 21.14529012790035 0.6177105219560004
5937.409104483221 19.828898661868767 0.6010489387842833
5940.945318167914 20.00870438610535 0.6027587780701903
5944.482007388008 20.218581426511207 0.6033211771023389
5948.019136059697 21.57729304380215 0.621555779586315
5951.556727824434 21.101266104931522 0.6141972409622357
5955.094742037544 22.688835355319235 0.633173230734789
5958.633258226238 22.380405176945164 0.6298712400652127
5962.172175058542 21.845014822807514 0.6213175235673118
5965.711587033296 23.482705494737022 0.6401356997127009
5969.251402040632 22.712097927188026 0.6302824595464023
5972.791695717744 23.87492212280725 0.6453814437331244
5976.332418233933 24.39388369599029 0.6509982133851513
5979.873604299261 24.097812059518127 0.6443145755525048
5983.415257489072 25.311387206545312 0.6572489978918407
5986.957295212912 25.674592623951945 0.6629042390087264
5990.4997694393505 25.50127446742966 0.65791330363772
5994.04129305442 26.507268536036012 0.6782037748814477
5997.5861100072325 24.963445279268644 0.6545275845072354
6001.130019706519 25.73400970394309 0.6603909807472607
6004.674220145447 26.750866797426873 0.6721794028988695
6008.219012128921 28.507217119920565 0.6900673207530515
6011.764086664495 27.547959560514894 0.6800794683139003
6015.309684274147 29.166403444088502 0.6964746984607374
6018.8557006791 29.41240765268036 0.6979317980005489
6022.4021767169415 30.2255510887016 0.7037067779582956
6025.949051967733 30.554510845527364 0.7084131001059762
6029.496382912743 31.125900659240624 0.716290052060156
6033.044129688587 30.617521232731903 0.7104519984806896
6036.591465144579 31.072461573966546 0.7115813796432385
6040.140950382766 31.104934386896954 0.713248385595807
6043.69002385743 32.20169637399828 0.7237770746332071
6047.239482623475 32.37750131747205 0.7265203102570108
6050.7893941156435 32.30704243569399 0.7249808791458752
6054.339734498321 33.781141589956334 0.7402148077746525
6057.8905107212395 33.50848739725902 0.7366001748776375
6061.441687007052 33.593850388310855 0.739827505126831
6064.993327427755 35.182148306536135 0.7534998008309565
6068.545344131357 33.408975779643264 0.7390687511848033
6072.097826956107 35.48666188607992 0.7554458903858874
6075.650710320561 34.13292844694867 0.7429677987598228
6079.2040186565055 33.361464229595384 0.7354545996508625
6082.757763179079 35.01215697089484 0.7495120864782833
6086.311921373863 34.79888304702227 0.746803321780689
6089.8664730591945 34.6490756555642 0.7492983557281011
6093.421486068127 35.424865776633425 0.7535217653478014
6096.976887350574 34.91772109459746 0.7499182030683912
6100.532722144816 35.98507598389603 0.7606446749210313
6104.088959794421 35.35444163251166 0.7545909860735202
6107.645629944983 34.98766704548203 0.7498293265009066
6111.202696756197 36.11728115224487 0.7597580607695118
6114.760188346836 35.26875700762252 0.7528054399079652
6118.318087016379 35.31532129732799 0.7512067367150416
6121.876412426314 34.84467279847085 0.747200379477471
6125.435116666643 33.54910581102993 0.7334182987861342
6128.994276322159 34.24845921375466 0.7416288345902117
6132.553805395702 33.53586745381051 0.7371895880585668
6136.114062207686 32.979656879479506 0.7275970130430853
6139.674122917661 31.947292170894222 0.7198750112681573
6143.234911916141 32.686993051382 0.7284055577849922
6146.796083120609 32.34874983219685 0.7251054330954787
6150.3576821905945 32.06675116466213 0.7209944319115932
6153.919666548136 31.115322057239574 0.7106582443102307
6157.482070877439 30.367574658594556 0.7036608040104239
6161.044862526786 29.54220484357195 0.694090155682307
6164.608079357917 29.102617640785816 0.6889930653062872
6168.1716622076965 27.757949354537008 0.6777261924147906
6171.735682506084 26.206930242359597 0.6597434821128806
6175.300072701132 26.127664509312186 0.6604152902246812
6178.864892513263 25.445926630497603 0.6508359457837682
6182.43006049125 24.090732346894455 0.6332404900610394
6185.995715550751 23.65991465101164 0.629731419062359
6189.561707672753 22.287209182780423 0.6139688402568307
6193.128109259581 21.035935574982236 0.6002535285187962
6196.694880863271 19.322781884869716 0.5813429498916944
6200.262093017951 18.897188618961 0.5763273310711837
6203.8296673903515 18.55491411137839 0.5716433468578546
6207.397669822875 17.93560488805987 0.5632598044504333
6210.966011049403 15.861925157580107 0.5365983391908719
6214.534796622841 15.636690949844969 0.5339145971565052
6218.104615314637 13.563632418023856 0.5022391595641174
6221.673491762551 13.703493191044105 0.509662186227908
6225.24340260509 12.230917269027715 0.48880344493117206
6228.813761493655 13.103560701383023 0.5031758511893981
6232.384456080805 12.019106305218049 0.4921304781127731
6235.9555607639395 10.935044717189772 0.4774711185529578
6239.527048892245 11.197287272481791 0.48294044968347927
6243.098952237009 11.747685968062491 0.4900238461801729
6246.671225005191 11.061710878791798 0.4722324975816343
6250.243878188133 10.33580088618545 0.4611739245877431
6253.81689143387 9.14957159195929 0.4462979331215789
6257.39033989751 10.17345356635124 0.46140959099532175
6260.964126164079 10.182308427235633 0.465993707074751
6264.538318953854 8.889181898783086 0.44708564405976764
6268.112879978648 8.350984512106477 0.432650722068491
6271.687855814124 9.16206984853394 0.44339710881676164
6275.263193059837 9.273221765000631 0.4437690778347724
6278.838902327054 9.04058684676052 0.4398078813726066
6282.414974709909 9.004360900272387 0.44318227442246083
6285.991456142232 8.634335005882146 0.43737493767642177
6289.568290272472 9.037846523967188 0.4434942781958565
6293.1455281154485 9.699610149390386 0.4632850117460213
6296.723087066026 8.325756878656271 0.45220092182967514
6300.301695151686 8.875270462810274 0.4543297590097258
6303.879464959648 9.564133915381236 0.47001663698698615
6307.458161267085 9.33476882909135 0.46961040102069385
6311.037251361872 8.314542937602143 0.4383273536982933
6314.616765227286 10.689978196323263 0.4724274526909186
6318.196604615023 10.174735783739933 0.4605749462798847
6321.776759901635 11.191721538401072 0.47329511184832873
6325.357393600836 10.053593426780266 0.4628219844554886
6328.9377441063825 10.432346528502453 0.4675690792571526
6332.519685747295 11.283586335037956 0.47988507982567674
6336.101373724912 11.6159007912454 0.48448147405612646
6339.6834597214065 11.881381468518814 0.48425273784233697
6343.265872195196 12.28915282365111 0.4875135104390514
6346.848678768518 12.722863910154981 0.49750110462350217
6350.431833259511 12.985583880510234 0.5011054827412094
6354.015361364794 13.674934811457423 0.5137542183043909
6357.599242376427 13.898192493797191 0.5176335945761579
6361.183496875848 13.609365062732852 0.5169718045046073
6364.768105589069 14.005774401278224 0.5213843985073413
6368.353099196588 15.136775074277416 0.5344237204758282
6371.938448743486 15.310873219168345 0.5339348783096015
6375.524157732147 15.638344889486694 0.534453514485143
6379.1102101612905 15.517168869663632 0.5338463989314144
6382.695952460742 16.535760162790442 0.5455423447794784
6386.283328442822 16.56249243017357 0.5472420662155806
6389.870574471776 18.216090771550043 0.5700290678925403
6393.45806162133 17.33708001832329 0.557601841960195
6397.04592150729 18.52353548730301 0.5708821329217814
6400.634139262496 18.289363378336873 0.5688519713187298
6404.222694714524 18.638509655360192 0.5731209084641087
6407.811622375191 18.493829320905917 0.569674634054818
6411.400888683617 19.224477397492418 0.5792994376741294
6414.990436186233 19.913923938566626 0.588284014347447
6418.579775465367 20.537242112314864 0.5949796626008301
6422.170839678206 20.333444562569795 0.596540590582781
6425.7615312363105 21.29772141542529 0.6071203772740518
6429.3525941186945 22.52673826261557 0.618188432255428
6432.943961579994 21.7009571974392 0.6102091971870861
6436.535708225665 22.399855450588664 0.6191463275990423
6440.127784141358 21.803560190750215 0.6111936075305779
6443.720261926053 23.675884925552882 0.6319959658874399
6447.312710617761 22.72429707180875 0.618236457350095
6450.906146386799 23.53244369859985 0.6319822736232292
6454.499709906219 22.922321326000233 0.6239348325949894
6458.0934450519435 23.887305600437653 0.6391426700960617
6461.68760711261 23.174386772910054 0.6344127132813923
6465.282120022368 23.971875988531767 0.6436936648273025
6468.876985090528 23.545042765620174 0.6395869768597381
6472.47214693793 23.594674560001692 0.6393790440086842
6476.067746013554 26.019985926033065 0.6637576670709465
6479.663639149954 24.81532286611474 0.6496591118757842
6483.259864379249 24.152391408261593 0.6387864529044032
6486.856439380528 23.758054449326195 0.6335854750923364
6490.453352123272 24.03406658229543 0.6375144328343421
6494.0505944545375 23.51331336846346 0.6347507523988795
6497.648191643399 25.017527405471597 0.653733420216699
6501.2461107271365 23.593366403983335 0.6394090250320618
6504.844375105325 23.732730398995308 0.6406225882773314
6508.442994343957 24.452032470729137 0.6465147630401671
6512.041935182866 23.242479027827738 0.6313438893913492
6515.641227326196 23.953479710308866 0.6372611244138809
6519.240838860587 23.953056740221246 0.6370427322322184
6522.840785145985 23.571309974293964 0.6351839132777349
6526.4410748568525 24.24637138180542 0.6422383081778018
6530.04168200787 23.505232923264696 0.638280170618992
6533.642641797681 24.048344774721663 0.6427853841096367
6537.243924759085 23.88771161985395 0.6440399643932032
6540.845547341493 24.35901870129894 0.64747601221323
6544.447507533322 23.70973233422538 0.6374768053730195
6548.0497707450795 22.77694619370834 0.6293491110302429
6551.652384829237 23.882005526061217 0.6436332573324698
6555.255306732786 23.442229057942303 0.6354641281867074
6558.85860766427 23.96229366978091 0.6432952453807661
6562.462206860983 22.15543247740035 0.6213979100345298
6566.066132015201 22.887363168723695 0.6254590109980706
6569.670406032061 23.48717625352989 0.633746479691296
6573.274984032586 23.80375295627074 0.6391036414822251
6576.879896327032 23.489364838919943 0.6354236798816616
6580.4851209413855 22.459421252469408 0.6223019617689334
6584.090689474268 22.68119650637898 0.6263231636082222
6587.696575521012 22.525067838188114 0.6216646512820256
6591.3027143153295 24.945806170093338 0.6440100884966814
6594.909336169893 23.086859981312685 0.628048666709321
6598.516188977533 22.073981370946903 0.6171655843038831
6602.12337111552 22.557748770810676 0.6223914866422188
6605.730876915021 22.620740357292476 0.6237861212250432
6609.338700166008 23.148652871659355 0.6303524412950922
6612.946858295321 22.713723619437214 0.6232507746831555
6616.555319781461 22.61553156485002 0.6218911933090844
6620.164116472293 22.763058427918516 0.6222587267486216
6623.773213349821 22.389004050294666 0.619012340973661
6627.382648045101 23.23340474637278 0.6304842118112319
6630.992383127938 22.95629332232476 0.6276256608555989
6634.602441043582 22.00812063614861 0.6166807346179763
6638.212826298774 22.705816320052875 0.6247259573541829
6641.82351963106 22.46084341097084 0.6214057265242467
6645.434541549643 22.672558629423282 0.6219101961779876
6649.045885041069 22.473743958124228 0.6178245418775026
6652.657510194946 23.17652606591748 0.6274075259222219
6656.269478012747 23.460961539370413 0.6309680640211861
6659.881737254146 22.10089650303079 0.6153629459032334
6663.49432641513 22.71957380714326 0.6231387386542038
6667.10722403956 22.579684458229647 0.6211737539667672
6670.720450965056 23.19323984730005 0.626198255614534
6674.333968493584 22.315132052876727 0.6173257842143433
6677.947798992197 22.120399785159762 0.6149867640482963
6681.561944747945 22.187527047347345 0.6158368207816581
6685.176411505522 23.032840391339406 0.6257429704122417
6688.79117552756 22.428724984571357 0.6173735350314956
6692.406256299675 23.189079233928027 0.6264402280555118
6696.021633837196 21.69390643676452 0.6095059270594886
6699.6377279786075 22.72030057140013 0.6183246745611111
6703.253453718098 22.25549659682462 0.6158635745109446
6706.869642096792 23.081748747290487 0.6269372576614705
6710.486271549154 23.130353819239502 0.6273696943362014
6714.103176563257 22.096460820060194 0.6140585519375281
6717.720418905143 22.17168038859869 0.6146293248742685
6721.337947860929 22.632914755542565 0.6213891149013848
6724.955798086557 22.33266659615428 0.6177682693347575
6728.573928497372 21.84135456732294 0.6102462974513342
6732.192394836576 22.54157465247954 0.6182191017522864
6735.811129092339 21.058131472545977 0.5996189002744471
6739.430198204449 22.427480930851196 0.6177690077040491
6743.049554374347 22.53434333451995 0.6189079967966339
6746.669204812627 21.443837599533303 0.607071291805463
6750.289162521683 21.264182625194938 0.6047444558083332
6753.909437134091 21.420307238244163 0.6065397096348607
6757.52998795595 20.42062985185085 0.5930523153334097
6761.150867397834 21.24428477716657 0.602084745899892
6764.77313067337 20.177514833524263 0.5865364972094804
6768.393482384725 20.113453471562327 0.5897017812339802
6772.015240957092 19.837466242769327 0.5872806867097189
6775.637305564803 20.777791938499867 0.5961548006674129
6779.259640173691 20.258292159151853 0.5914188549417225
6782.882307179738 18.480949703095213 0.5698677869993175
6786.505269067573 19.65546598809199 0.5842817686687248
6790.128513257337 19.528529696973365 0.5835368590419028
6793.752058866333 19.497379497424944 0.5829246674056323
6797.375907754712 19.2403464319548 0.5791997749295731
6801.000027503676 18.53822434799888 0.5690061996136181
6804.624470161369 19.369256081507505 0.5798845639212927
6808.249196162213 19.505995331700362 0.5815062817809631
6811.874215047823 19.184941850270064 0.5774316587468634
6815.499531726843 18.35338447401687 0.5664437572767799
6819.1251228776355 17.715606496210384 0.5605503979327741
6822.749639534591 17.69917832763304 0.5593033738647797
6826.376530194716 18.564181121186696 0.5815942237228506
6830.003645117135 17.783477872215066 0.5818250080986048
6833.630408880385 17.569105266908487 0.5823321649652643
6837.25747158362 15.891366583633538 0.5597290127997384
6840.88483826188 16.065460946456703 0.5539813331272488
6844.512504802149 15.931066502830417 0.543096178787399
6848.140439988324 16.584908635682282 0.5474356684887937
6851.768666551334 15.786584231418024 0.5364066256073069
6855.39716890719 16.365293244310188 0.5436230009966828
6859.025953559401 16.22048266070645 0.5555176394032068
6862.655009578119 14.476532634439176 0.5345287018588171
6866.284396125284 13.658616098120499 0.5200659137571885
6869.914015383248 11.846265476283302 0.49818282192402086
6873.543998693028 12.297271680367208 0.49472835114234753
6877.174226595755 11.529438230612028 0.47364615727955767
6880.804771535401 12.451804829244011 0.487658546033433
6884.435573054574 13.604079213866743 0.5072219126827756
6888.066667237981 13.105801409907526 0.5002820030403072
6891.698010304397 11.25789391794941 0.47251963008705467
6895.329686079238 12.317113580502383 0.4872210360547369
6898.961619858738 12.177885047807953 0.48768965873954073
6902.593862289219 12.114277834096612 0.4817371939137776
6906.2263413493165 11.687377738376725 0.4814670327824304
6909.859140414059 12.403462836700001 0.4949318197716958
6913.492228617914 13.02582792390424 0.5009384885850501
6917.125569607088 12.973423711625182 0.5050799414821827
6920.7591808436555 11.958028870349562 0.4968264744827635
6924.39310333238 11.503216080872031 0.48335941562332324
6928.027308027612 12.685330708484008 0.5005795325507865
6931.661801400525 12.135447793547732 0.49264377345608446
6935.296545975891 11.931213463350169 0.48322478833946425
6938.9316051990645 12.642162143558966 0.4951973752921729
6942.566892807096 12.398474079375081 0.4966406420389007
6946.202468940249 11.502196034883243 0.49230554902244217
6949.838351613312 11.758157263678397 0.491573297614553
6953.474507860849 11.89761643127764 0.4902302798088756
6957.110917022454 11.477453231034692 0.48581571650606203
6960.747662212856 11.125636418792427 0.4702019412781146
6964.384620194645 11.769287414276105 0.4821862027110656
6968.021899998664 11.730781587180102 0.4816299326663676
6971.659392701201 10.465800755528264 0.4643323268662395
6975.297220669012 11.598990212095806 0.4872510012774971
6978.9352833628955 11.005608281803555 0.47970371810194523
6982.573663362206 11.798570203168588 0.4870486453826208
6986.212278014392 11.069234816191292 0.4783137298547679
6989.85121661435 10.796081791508344 0.4638883673772791
6993.490375546117 10.138996453789396 0.45320985827876686
6997.129839676296 11.13671086564926 0.4709679573430176
7000.769581007535 10.928718971292657 0.46586574267464376
7004.409571682238 11.01794816093564 0.4687414150543066
7008.049832030108 9.81947619588733 0.4498895870087316
7011.690370710882 10.00482876253246 0.4533157977044674
7015.33231896203 10.197945473492748 0.4528584733259661
7018.972299251378 10.305895557848022 0.45817312786963843
7022.613660477832 9.796948469325976 0.44567464210942903
7026.255278653807 10.650870644480253 0.4584930101819009
7029.89719965143 10.718514092302094 0.4610652230835507
7033.539357450883 10.494513167988256 0.4573648725479608
7037.1817995524925 10.285922749541282 0.45478672461814584
7040.824499535051 10.243775521697353 0.45433430725567475
7044.467474390001 10.317286210714219 0.4609109853867671
7048.1107094536255 9.968979598221248 0.45726183709505386
7051.75424472093 10.52913948661856 0.46610111532235854
7055.398017800818 10.238341625829888 0.4601052673924644
7059.042072191356 10.125957131330765 0.45994161936437544
7062.686396685992 10.68525137023744 0.46429513765037245
7066.330980527343 10.026713760609022 0.4545462823877859
7069.975829769111 10.771846860894492 0.46745913575722753
7073.620765686296 9.585398794440062 0.44537198692153934
7077.266321741991 10.36354892871712 0.46185727671947113
7080.911995315247 9.932516878962243 0.4523669436971396
7084.557890203715 10.079332354545109 0.4553703785360636
7088.20409442696 9.873569689058465 0.4540069655300599
7091.850529712258 10.978778785525853 0.46990745633628833
7095.496708536392 10.370194773202938 0.45814962731509923
7099.14419650576 9.573259888874611 0.4462007613190346
7102.791487981344 10.943060469564603 0.46430259060218015
7106.4389702821 10.514926454752597 0.45778044568405524
7110.086759383744 10.182070752944036 0.45140828636800573
7113.734736497399 9.885524041662848 0.4493682349877179
7117.383067424699 10.553159845057058 0.45706501500047525
7121.031595608078 10.954756866605454 0.4677437994503812
7124.680450755537 10.318561362155608 0.45498008711212184
7128.329483235217 10.299167388672924 0.45573454771315997
7131.978813675731 10.881612459228132 0.4631812307930735
7135.628416041495 10.036604762102494 0.45453042675029576
7139.27832660209 10.224678940079407 0.4592752347112181
7142.928404548618 10.181570464544405 0.45822829784954033
7146.579226922017 9.990894362085278 0.4505892186587062
7150.229416663739 9.618576375263455 0.4481506358363093
7153.880384424198 10.486949812036862 0.4626229851397589
7157.531906220249 9.960268652410349 0.44670438973238813
7161.182908891139 10.051422880411243 0.4527336666961414
7164.835800788925 9.626418862264748 0.44558603949661457
7168.4865947990675 10.341763669419608 0.4567408982712042
7172.1387559195055 10.389338028978651 0.4596619335063018
7175.792454484563 8.948634799402278 0.4312866548262818
7179.4439033476765 8.980860077622712 0.4333986258914087
7183.096959493923 10.695272743665452 0.4602833687558236
7186.75011268577 9.62328611908847 0.4443106542340354
7190.403664168342 9.359841257059001 0.4386082065830529
7194.057343509718 8.976411981272086 0.4304093810361553
7197.711427800665 10.296341013399502 0.45093894657393074
7201.36559174646 7.351127490646389 0.402316527929856
7205.02017986248 9.876490033724572 0.4454264987163822
7208.674898455367 8.73259645552192 0.42708502892450856
7212.329972284732 10.067383285619798 0.4500378287175036
7215.984675133263 9.787619066457962 0.4415363505652547
7219.64079187225 10.359977504718874 0.4543922619903704
7223.296545221471 9.285799557560779 0.4413800320634189
7226.952618483594 10.053844665720014 0.4526188224835226
7230.608894547549 9.309818810789247 0.4428066274046128
7234.265404597518 9.06585593500573 0.46067071862077436
7237.922169421123 9.201819539085042 0.4820448694312087
7241.579233215156 8.872103116116765 0.4967485469819712
7245.236536493731 8.866251425443945 0.5011771607540555
7248.894126092559 9.586312690952857 0.5072597165442769
7252.551974747672 9.627801538159346 0.4873890531467141
7256.209918901307 8.741780407353795 0.446946997623468
7259.868417572267 9.130805124161585 0.4475147486948849
7263.527016554955 9.22387439710469 0.4447205184139263
7267.185832547016 9.067133745132118 0.4432184501207057
7270.844871930726 8.766358179662342 0.46764438283386606
7274.504544313127 9.215366560611601 0.4823095828394534
7278.163794898333 9.500886999056876 0.4947126948218337
7281.82359482335 8.534663033635526 0.4937952609641004
7285.483726259153 8.545795286608877 0.479417885720506
7289.14409286163 9.08637152142298 0.46099217947149845
7292.804706621619 9.65837614676539 0.4675639558944414
7296.465553803615 9.214991515776703 0.45007647798977507
7300.126624427888 8.202016939938941 0.4374863080939246
7303.787987161243 9.516575397715215 0.45936402081150285
7307.449586065011 9.194929590449805 0.45334907332021374
7311.111379377627 9.284650886724144 0.4758954443210966
7314.773480059746 9.012856250258974 0.47125553891462485
7318.4358109530685 8.666598970784305 0.4620023989372908
7322.098412096928 8.748192835972624 0.4688337436043336
7325.7611988943545 8.787561468093172 0.4697372658485125
7329.424377043484 9.201751497387194 0.4569908497749011
7333.087684303876 8.922748796135066 0.45719542328328355
7336.75125170846 8.983585388798861 0.49022972750397537
7340.415075421081 8.794673063300534 0.47744369249141155
7344.079170625695 8.482505496258437 0.4697468313010021
7347.743486136268 9.40743446781611 0.4887637489530329
7351.408117713987 8.628587001363572 0.4544812571750372
7355.072929205578 9.07794257386427 0.45180019470389365
7358.737981006453 9.749556009978471 0.46338612399704077
7362.4032631522705 8.116123421014022 0.4507581695818249
7366.0688626232995 9.407731490855275 0.48770217292892065
7369.734662599043 8.897244716695223 0.4731595701872521
7373.4007506119715 9.26810685012904 0.4714761086436164
7377.067029543312 9.193720925521708 0.4722083922441859
7380.733662957 9.210361658515179 0.44827206413143017
7384.4004236178325 8.586123959266095 0.43166712487319425
7388.067475629634 8.94953869591048 0.4478828798817482
7391.734759560358 8.92263634040866 0.4431660509042729
7395.402297437025 9.867835607531775 0.4703597739318637
7399.070045132913 9.030226752097171 0.46877509178813637
7402.73806974016 8.253594644277157 0.4534144772515662
7406.407488190599 7.648209294499754 0.45086645322397206
7410.074873095751 8.794439938511923 0.4565220549204706
7413.74365152157 8.457945538072158 0.4316785247793633
7417.4126840350245 9.25249646848708 0.44180198128494125
7421.081913246341 8.848258345477603 0.43569900148559626
7424.751405432021 9.027213730488064 0.4421148828121102
7428.421142808921 9.213073142409657 0.44826000338116906
7432.09154803762 9.328529757582324 0.4494852841889794
7435.761304350466 7.60402480718206 0.43334210325182515
7439.431307410763 7.757633527421361 0.43025800601682673
7443.102524477322 8.868701702636116 0.44953907555493366
7446.773481985497 8.575482081514938 0.44198666357586885
7450.444692065668 8.4770484155899 0.4299336106786056
7454.116136175471 8.19837946172472 0.4236207602246371
7457.787814023921 8.180017271077485 0.427107998446638
7461.459246943683 7.411935488421945 0.4117844798771272
7465.131745475134 8.552878765538514 0.4379765414731068
7468.804320500613 8.73962094315053 0.44837152152804605
7472.476959265935 8.119509768983088 0.44171378012905527
7476.14985942336 8.311256557977812 0.4500124449531345
7479.822995940534 7.703089615814961 0.44227711477923576
7483.495922415567 8.241969494122351 0.43987763922372275
7487.169998756885 8.197017934646109 0.4372271032067558
7490.843891754002 7.502950495330206 0.42776340721265194
7494.516824633615 8.72011526761801 0.43474595903402274
7498.1923956929295 8.329786098464105 0.42996226192302506
7501.866998583046 8.516051602851585 0.43077117017738425
7505.541312519076 8.63317833080108 0.42820858276671087
7509.215699279587 8.117675129617528 0.42101665651889975
7512.892237570892 8.314266260389525 0.4273804173479839
7516.567759663502 8.086730096790228 0.4360871891112118
7520.242399711558 8.160644467007861 0.4440359545139622
7523.9195971773515 8.629512586541427 0.46308988003222845
7527.59541559932 7.2583740651535855 0.4377315250604421
7531.2723862024095 7.865640964774841 0.45125079010852903
7534.948024549773 8.085534752963735 0.4455127900831146
7538.626039083658 7.847469376345133 0.42869541947574247
7542.303300982904 8.294769940617838 0.4281359358211231
7545.979739416209 8.177530477685124 0.42249127149495797
7549.658002492357 8.186611905848759 0.4207191549746239
7553.3366570578255 8.57578756332138 0.4394228725251834
7557.014872843207 8.271016974217728 0.43315705235583
7560.693300070122 7.744286445767243 0.4225963733621735
7564.372102156309 7.813882693713794 0.43088061050087473
7568.048884862946 7.211512427780765 0.43204675064981846
7571.729914660515 7.8485376848278 0.4403750885148685
7575.409468085505 7.498424061068476 0.4379119920106699
7579.089132186868 7.216807331684834 0.4317204116455637
7582.768560080164 8.113400134425746 0.43669835386901956
7586.449015933275 7.605131809115449 0.4210195094761161
7590.129377994677 7.449130327259392 0.41659038601208714
7593.810142210358 6.096172883227416 0.3960499461201431
7597.490659440465 4.049651166747237 0.33653154267149965
7601.171630430375 3.388420697398079 0.3250584342430976
7604.855759705635 3.3605635693512346 0.3290550558306914
7608.534419652074 2.596818102159024 0.2998251220209757
7612.216172442629 3.6932904655128493 0.3249635859971086
7615.898815597851 4.661551666328521 0.35858395565872186
7619.579977037292 4.406533487036523 0.35873861661329304
7623.263611338238 4.854335987746046 0.3732441610681739
7626.944845374718 4.394792468589133 0.3568996000226081
7630.629368506485 5.024238359968757 0.37251160616798984
7634.310968959624 3.7549145200520337 0.33864752426581
7637.994461368569 3.7606379145523974 0.3313233788738072
7641.679401853744 3.735983901815626 0.32852047735334106
7645.363748567875 4.84129860936797 0.36114437372462227
7649.047413102257 4.845054411495207 0.3601652361991382
7652.73184708573 4.998984102899593 0.362223303665244
7656.416944734876 5.913554665554432 0.38902746963473717
7660.101588427368 5.742461882133717 0.38778873995005037
7663.787188422246 5.977682577797937 0.39548410704964665
7667.47198827408 6.45407209853843 0.3982477488982873
7671.157725632608 5.843907227329245 0.39055273971527565
7674.842911370464 6.020471451740438 0.39266001824142566
7678.530220864289 6.301339200037324 0.3984214711221505
7682.216101166764 6.7976939514788155 0.40729869022821774
7685.902996064685 6.58486623256435 0.4074451243605152
7689.5895105814725 6.321280865915196 0.4019599774796801
7693.275414290578 6.162661533627377 0.3963246410284851
7696.963201679001 6.812447778384532 0.4158371270265395
7700.650757664509 6.419366826086131 0.4071763756094143
7704.339661529428 6.536799631518798 0.41705343581292137
7708.027236245758 6.446414396634923 0.44778743517384595
7711.714835704457 7.735734312210281 0.5050504717335791
7715.404367745209 7.245639381176757 0.5097894824575683
7719.093074233767 6.3506501475102946 0.5061109292801355
7722.7820771395245 6.66344827962747 0.4974513405486162
7726.471193971867 6.60778231043099 0.4577758358715744
7730.160682517523 6.725408126876905 0.43180986186090187
7733.8500564249225 6.515479431117753 0.4236353617176153
7737.539805049761 6.36478194048778 0.40413498783919544
7741.229464439166 6.191950198256634 0.40629894254435284
7744.920961624943 6.670795271233701 0.4637601422412198
7748.611565816146 5.365923227294802 0.4597397096961512
7752.302093762346 5.365270285620958 0.45537283900325337
7755.9922048160715 5.649753635557927 0.47389242557335
7759.6848567241 6.725483963222104 0.4818432465668232
7763.376187078624 6.8476902278513005 0.4372766371244589
7767.067212747103 6.712253398391958 0.4332496461432507
7770.760518185026 5.83582652709019 0.418085085713211
7774.452682854486 6.172205877993764 0.40601465266713543
7778.143727126814 5.569875772151313 0.41099149794814194
7781.83777197453 6.211972450637278 0.42361765294239745
7785.531223852052 6.064568197190935 0.43136645694302683
7789.224345161309 6.020236000537116 0.4566455263782701
7792.917977955577 6.375466810091958 0.46428669465319317
7796.611724704722 5.70573463478524 0.4469366958404848
7800.305677938819 6.21871488541085 0.4606298707290565
7803.9994448445095 6.80250552295811 0.4572322707827183
7807.694919236385 6.266416084602879 0.4287313137176573
7811.389181613991 7.288018136922784 0.451085411943633
7815.084070915171 6.34266356280927 0.47004243068608476
7818.779250495618 6.243063549917451 0.4798676394792764
7822.474308573179 6.716564486626989 0.47625415261457993
7826.17035221833 6.168077418126482 0.46975434690898743
7829.866282876204 6.79338619726146 0.472960981671431
7833.562471140577 6.6429330652979885 0.4288497673930823
7837.25885035495 6.946728838771567 0.4440638068513945
7840.955455891326 6.501086901276998 0.43844675051735177
7844.652265068597 6.2647647900237065 0.4400566966269441
7848.349368056875 6.29167194392086 0.4874440414016051
7852.046696773222 5.655795195955504 0.47889034430518085
7855.744266683996 5.540055787209149 0.48758500900193014
7859.441153059601 5.245815655515184 0.4768641483800661
7863.140182385154 6.281301984143238 0.4846366439286124
7866.838498018876 6.065870605895147 0.46625675772447833
7870.537043113623 5.654426341538794 0.44579974336217415
7874.235851907555 6.790932022414541 0.472893490869652
7877.93473156605 6.040700695409356 0.4569959748027686
7881.634120283452 5.639280885048945 0.4456088987949838
7885.33361315676 5.870845416751764 0.4676639569358565
7889.033773261925 5.387844990110328 0.45337963352929556
7892.733362649068 6.025024461707467 0.45123656404204904
7896.433605474784 6.012706013959705 0.4501333150848078
7900.134096555279 5.865340922645779 0.42833180922790826
7903.8348214538 5.677183779726656 0.41292994500389374
7907.535706453493 5.801065597376848 0.45466723327137365
7911.236893943133 6.140824764987203 0.4874485771059204
7914.938314400346 6.4020177097764 0.5083077622219071
7918.63998542335 5.890380431235112 0.5124683553873809
7922.3415488502105 5.3849064493843795 0.4810524801028173
7926.04409515299 6.3429637430906265 0.47906491131440887
7929.746486749729 5.61633047054936 0.4542329867004094
7933.449166727595 5.8893889348190145 0.44041729973925053
7937.152017382768 5.745452812744598 0.43315733879678336
7940.855169403966 5.224658390989752 0.4179304573967756
7944.558109435951 5.973896759028055 0.42067633627658324
7948.262172791728 6.13859186418604 0.4346783803788989
7951.965976877502 5.441570141823037 0.41942144720849006
7955.669957750504 5.75167300134457 0.42520872417393546
7959.3743695028625 5.243699732686302 0.44387689562965227
7963.078545799137 5.182739788146988 0.444847637582661
7966.783670397432 6.120590791567907 0.4617264356543814
7970.488865214027 6.126837366462029 0.47756411510069263
7974.1941572301685 5.885816935995879 0.46649986715637565
7977.901200211013 5.93549941095943 0.442638680782859
7981.60552338374 5.811909733371094 0.44010970820160045
7985.311577465295 6.244053388297316 0.459892962412207
7989.018206770753 5.041290838212798 0.4537441464436514
7992.724336058529 5.475849887875871 0.47156841138920147
7996.431102679363 5.574359601618969 0.4685969941978056
8000.138135143847 6.09179448612217 0.48101113430270076
8003.84544744396 6.2201900390989255 0.4463925627277293
8007.552930415788 5.582554048785289 0.42311465135861587
8011.260632148531 5.769525982962556 0.43246239164582573
8014.969190131586 6.525075590100153 0.44484741220433655
8018.676877033343 6.035522810262892 0.45595140187718264
8022.385319352411 5.509836233795302 0.470236357384982
8026.09367637872 5.292174467615687 0.45153596387675005
8029.803038424376 6.138927150377442 0.4719083905064985
8033.513738445791 5.991286251364647 0.4538331750410547
8037.221147265267 5.106702890666332 0.4050369482884407
8040.931481410033 6.104847973008985 0.42157388961076186
8044.640954956027 6.450502837125547 0.43569437417418316
8048.35163159856 6.473208081436697 0.44169550280145375
8052.062067450478 6.809444256156074 0.44782698724792336
8055.772751584747 7.0185521656229595 0.46074302198834816
8059.481604593893 6.203448474164435 0.4562079548132634
8063.194843430844 6.27133540237119 0.44979085637811195
8066.906263192005 5.733159937069519 0.43628973729184767
8070.617965298326 6.4204563388422375 0.4469639199687037
8074.328771301457 5.212784671926576 0.4014733195506006
8078.04206199028 6.118533385312194 0.4230308958158343
8081.754499256016 5.852769954424481 0.4183573794456863
8085.46713086273 5.912780097760856 0.4228264325553765
8089.179921753141 6.04086188653266 0.42671740643468803
8092.893197481914 6.324915878804587 0.43352686695547377
8096.606173394604 6.052637550113285 0.432658683589017
8100.318990972073 5.41372913714625 0.41930771261110206
8104.034190149403 6.152859030671095 0.4379889660294141
8107.747017473574 6.322420889605403 0.43045062903893866
8111.462773127472 6.329747295538404 0.43739835515427444
8115.176900386036 6.660011017937281 0.43098705279627925
8118.892327317966 6.52904460294465 0.4323207248277817
8122.606975589816 5.729296963485573 0.41425791941759316
8126.322859139124 5.903103241272761 0.4217262511676853
8130.038317540977 5.552802006124384 0.41278755482026325
8133.754416281944 7.29408156169082 0.45082622752299495
8137.470086979811 5.391781676171803 0.41402061198737694
8141.1869464374795 6.213273775322819 0.4342219053905243
8144.903527327642 5.010123508784134 0.41032375776259267
8148.620029063533 5.663640231255865 0.41908729010512696
8152.337194253422 6.154292429366112 0.428438847560451
8156.055004492854 5.406320618439474 0.4144486405316245
8159.772715541189 6.322211294791435 0.43136592993269307
8163.490636207605 5.880279472517934 0.4225876581441741
8167.207135936618 4.976486506137066 0.39275723512859
8170.926718014897 5.028274951976394 0.39757590874192955
8174.645390009973 5.417338773464859 0.4072029158306339
8178.363600413173 6.003729038759606 0.4250895013642338
8182.083804218792 5.638118377163987 0.4129975919330908
8185.803346737809 5.058482432694898 0.40648994363488916
8189.523045950038 6.083560274135587 0.4331842026919302
8193.242971771291 6.679733444766655 0.4428649792359046
8196.962679886206 5.965541136293937 0.42772000137786115
8200.682419633878 5.727095405505476 0.4306701701936475
8204.40427443367 5.358491940052055 0.4187115330753631
8208.124761412888 5.119554447194399 0.407446258950325
8211.846417295908 5.538464535251582 0.41980539881118206
8215.56786997637 5.46320144426058 0.4164576225573951
8219.289580185197 4.910836404884981 0.40684436018634074
8223.011087820905 4.869738973596857 0.3997353504967937
8226.733774403943 5.285140067283865 0.4106099970260878
8230.454664309633 4.140184220286862 0.37674804465307515
8234.178812502623 3.8717695231085347 0.3794920274513441
8237.901959127028 4.709799493904592 0.40252234534326403
8241.624077678636 4.592996935224988 0.39689031059164337
8245.348690374538 4.439330366795886 0.39948434451251463
8249.072000371209 3.8365184391537324 0.3807881199642715
8252.796046985546 4.151159423376136 0.3915310504764421
8256.519160456606 4.689085768869174 0.3965928069531939
8260.245138579354 4.350000148173052 0.39501371163171717
8263.972896429088 4.498810272200797 0.40457945018857683
8267.692551051303 2.869844527150393 0.3658111395272971
8271.419338882917 3.5307087150745646 0.38695349701124226
8275.145463244797 2.9158802378947555 0.4025233091867884
8278.871387551235 3.4609668280649695 0.4394311625224943
8282.596860395568 4.193661872963166 0.4854322133906606
8286.323135033357 3.240616930662408 0.48003781053595135
8290.050770442875 3.642411122128897 0.494971516470021
8293.777643468318 4.426481265793715 0.5256215983785957
8297.504760400987 2.802970616699958 0.47443454497299486
8301.232144020085 3.0037132380346128 0.45376462441872456
8304.962505271678 4.398630678460449 0.49829922067038507
8308.68678978336 2.8337033483035996 0.4154117341278639
8312.415589300637 3.431517989715708 0.40037325372226396
8316.144333013091 2.9222745940877717 0.3907573493407339
8319.872079308156 2.472753568093418 0.36851012715267556
8323.601021715787 3.0183163807963496 0.3643323147139161
8327.327942192853 2.3433323555711523 0.35905077722740064
8331.059608783353 2.8780433798529903 0.35599032644546863
8334.789503247162 2.3306165244622465 0.36312425763053857
8338.520443134896 3.189615414691632 0.4819107422904246
8342.249830170153 3.0857692705454403 0.5128264292650224
8345.981253230919 2.588412208220939 0.5335798830030255
8349.712066026357 2.6922938278285122 0.5568340780775927
8353.442861645777 2.8095773729742413 0.5069940025158636
8357.17451447041 2.23809257742455 0.4303685178429381
8360.903705836083 2.4176341773710095 0.42818100075135224
8364.63708645694 2.0401908512193474 0.3779452615690615
8368.36978295458 2.4845335998561673 0.3792891240676644
8372.10261567046 2.478587967021244 0.3848389507976772
8375.834857723697 2.2112359665155448 0.3817856843742977
8379.568209348228 3.1932517570715637 0.42042441231820293
8383.301369055878 2.7570732030621854 0.40964613197848004
8387.034848058416 2.057256879476063 0.3974213436051877
8390.768563273048 2.4965148242469835 0.4148543131225493
8394.50258090139 2.335414633775357 0.4632837016700142
8398.23683374091 2.3800817377358 0.47696975140727504
8401.970504958515 2.639823502519342 0.46645921245239325
8405.706201024597 2.0578863618611454 0.46840146116761006
8409.44125762621 2.1200020192985503 0.43359780001065396
8413.176661506883 1.8070460104860246 0.3978200317126831
8416.912353345673 2.4934026850110658 0.4110263550212927
8420.647297847805 1.0223345987930912 0.38384657108026315
8424.383565719338 2.7343836276905726 0.4834251561749334
8428.120803848828 2.154639765170808 0.4940584717188461
8431.857540119796 2.5824155125558312 0.496292515012
8435.592545701344 1.420816679851764 0.4781223687931595
8439.328703511515 2.007052269913881 0.43079891327674946
8443.06824964235 2.5525491252379773 0.36894949427007473
8446.806221086577 1.7558819434874138 0.37660126951189676
8450.545209953298 1.720557276380113 0.3974264731449422
8454.283620288214 2.4534076161672473 0.4144133486553212
8458.021266173508 2.339407004547614 0.4410108891914109
8461.761111390948 2.390370253474569 0.4807397495904422
8465.500193769456 2.4893035294405492 0.4596002367075756
8469.239723822082 1.915325233404974 0.44957163639657083
8472.979506975997 2.514995824761924 0.4572694990760648
8476.719548733177 2.2496942187233904 0.3855707343407736
8480.459339872645 2.392408816248829 0.3592495297331819
8484.200392962419 2.3590599959691656 0.36990678774640223
8487.94118983328 2.1329243567279694 0.38632155827875875
8491.682237674171 2.9209030474119877 0.409274600289931
8495.426499090929 3.845454451011326 0.4456334620310325
8499.165376669727 2.559764988613391 0.4498856293387302
8502.906376397688 2.7107318118589716 0.44506602365542036
8506.64959472473 2.9795165398444583 0.44105583499452156
8510.392077063982 2.6531363292350325 0.4328191469939708
8514.134908015665 2.754668811789092 0.41587222904796894
8517.877988567807 2.46944414876661 0.3739355201149214
8521.621365684323 3.0831604877935157 0.38709786610163666
8525.364979330385 2.4615153092433744 0.3712935535340121
8529.108902197553 2.862568912731524 0.3805070200215154
8532.851926063726 2.9611356445240222 0.38651719672124746
8536.597573939025 2.8837677079079502 0.400215763724732
8540.342314923382 3.0346388291361848 0.4091526511831371
8544.08737234288 3.076797307796387 0.42546991825645897
8547.832695810455 1.8364122536965561 0.3968137340763389
8551.578286302858 2.615976006828715 0.40949138247384026
8555.32420904101 2.910156834388391 0.41940979136622986
8559.070396019873 2.919150383946818 0.40196800440108627
8562.816890982645 3.034634708656072 0.3922621298257084
8566.563238200295 2.789658180855275 0.3840900949418041
8570.309630740092 2.366823663755779 0.3730365645181094
8574.05793865744 2.4820601884826243 0.3792911831231714
8577.805631381718 3.1606639920333186 0.3977299397887705
8581.55352806735 2.892399981508792 0.3944581693558255
8585.301721184978 3.3697306133348675 0.4114257261743164
8589.04760268121 2.399887022242949 0.38270426023772725
8592.798928616628 2.581432509621051 0.4031826601675094
8596.548009036762 3.1069422799465203 0.4200150823388562
8600.29736036771 3.8065570803900837 0.43052105451673883
8604.046993062371 3.62701912894271 0.4320991417738687
8607.796909032291 4.134988084053374 0.44712209723290797
8611.547090171467 3.427940147986326 0.4530050572764778
8615.297584380582 4.002784208882088 0.5045314768956173
8619.048386570024 4.447276075647858 0.5519717800494687
8622.80093605353 4.1278444236459855 0.5825183655002223
8626.55081407155 4.098377335128412 0.6205451291124416
8630.302481715795 3.997504972299182 0.6261685345931413
8634.054476620493 4.676142766760843 0.6260277404188769
8637.806726988274 3.4056044929847844 0.574236571492517
8641.559301481795 3.8974686491699964 0.5524389053724517
8645.31217021684 4.8628650132054325 0.5631995938921511
8649.065331898799 6.003693092417138 0.5972089436145428
8652.818738062271 5.1917081925043025 0.6113027826032256
8656.57245399788 4.495434785742402 0.6313521929212589
8660.326495869933 4.942614267957627 0.6499337513965959
8664.080826502513 5.006583969307233 0.6505384658291175
8667.835459956847 4.97909113209223 0.6345006195221783
8671.590406647441 5.56948552407559 0.6223132845243531
8675.345658587119 5.595019493713759 0.5999778089950972
8679.101192552278 5.552283476134482 0.5714650141377033
8682.85703467211 5.967452299077814 0.5591243541452915
8686.613169896507 5.475336529674116 0.5267968515201177
8690.369599725334 5.879166421891599 0.5247837746061141
8694.126352748988 6.587165311770815 0.5267653838998243
8697.883370261774 6.022009655412212 0.512676135628639
8701.640707959106 6.4376624816479096 0.5155622675259336
8705.398344054842 6.788076157850475 0.5193993981275548
8709.156271153814 5.933724321740431 0.4993126529035772
8712.914504792312 6.847349950797858 0.513889267256739
8716.675811646863 6.3222749436444845 0.5076021812714271
8720.43188864418 7.146721756186342 0.5196216945270521
8724.19107084986 7.492848082761914 0.5247967473615237
8727.95048681214 7.182558789930768 0.5195082220483858
8731.71028287765 7.535617809875812 0.5276939587007878
8735.47030162862 7.065896523564725 0.5240568773093505
8739.230704358963 7.5521177738268825 0.5291179176701583
8742.991338587533 7.121265759828731 0.5251982426129865
8746.752357020292 7.526116785300202 0.5330922153725415
8750.513601214328 7.391658662761219 0.5419538667226899
8754.27517465026 8.217258432957848 0.603734743083266
8758.03702326049 7.782755167454659 0.6478626301911112
8761.799226429443 8.388020660160512 0.7169786933608958
8765.56173839901 9.150579062078874 0.7605987787901299
8769.324570436265 7.066678491644148 0.7209174038257014
8773.087715680838 9.348387617161361 0.773552997234983
8776.850094912794 8.974236189301832 0.7327028882310295
8780.61498080414 8.775353396017316 0.6900223514880911
8784.379107459594 8.832575696340955 0.6902557348970315
8788.143012902312 9.348034844228156 0.6529164863568673
8791.908297386575 9.000650698112063 0.6107223171303974
8795.673270334517 9.009812765140289 0.6146805132859962
8799.438714702103 11.022910379077146 0.638306710739524
8803.204312789901 9.479132229537997 0.594246122909906
8806.970355585121 9.974723666088092 0.5962397478418275
8810.736571813062 9.968035604091206 0.6012353488238749
8814.503234705295 9.62911211973196 0.5958798940239453
8818.270000985545 8.443080206543252 0.6178322202507202
8822.0372159369 11.473115838232047 0.7958182552816794
8825.804720605787 9.22345801071949 0.8012696695340378
8829.572622644047 12.368371475093817 0.8723310438545853
8833.340797732595 11.21277819124619 0.8906970266456479
8837.109364419235 10.028925081144674 0.7866076486519302
8840.878226597693 10.412308938044507 0.711872680711125
8844.647425120089 10.864003542527824 0.7070294829921803
8848.416901838344 9.363052507683918 0.6403509629709738
8852.186713145808 10.594188112820117 0.6502133549305915
8855.956873539253 11.327402019433835 0.6676346602597063
8859.72731265851 11.588371859635783 0.6737859302007554
8863.498052453535 12.753206730423138 0.7231441470444613
8867.26913116274 10.322643319458958 0.6789103151527559
8871.04052208171 10.255777717511352 0.6776994934863186
8874.812301368807 11.476762055163423 0.698306041529703
8878.584346561598 12.319751418358688 0.7324376097552167
8882.356703861396 12.226562922349833 0.7930316109950193
8886.12941757643 12.164736075302566 0.8011128732156273
8889.902477783713 12.7910238751231 0.8176251779885906
8893.675869799172 13.018793787586155 0.806636743455409
8897.449609658133 12.08723332329576 0.7462189363377664
8901.2236420783 12.563331186139798 0.7426474733228796
8904.998031021398 12.065450136448108 0.7384761445342154
8908.772692328295 12.756681828134084 0.7542650966406135
8912.547703691493 12.534826698048892 0.78760491432359
8916.324781784322 13.110212854051897 0.8434227160121142
8920.09874392478 14.918976312857913 0.8839419645199482
8923.874739283001 13.055421656964315 0.8566654380863461
8927.651132889367 12.49055342523043 0.824126939017602
8931.427875181082 11.765101458406857 0.7235463477432286
8935.204972255175 13.845164583088486 0.7290173220025324
8938.982251148582 11.017425089074019 0.7110218504142808
8942.759973840728 13.89016067280153 0.776701231204523
8946.53799708346 13.148809281808115 0.7588106668303115
8950.316327001658 13.052854971070161 0.7830398016610436
8954.095012865373 13.463620012150619 0.8417133596038682
8957.87405494813 13.054891396891083 0.8279429294249779
8961.653429649828 12.438393789651636 0.8219787683448526
8965.43316527889 11.538564602328895 0.7943607508632085
8969.21331813267 13.051660731807345 0.7540975669504264
8972.993754790383 12.921235167974068 0.7086075362693439
8976.774495061838 13.016952530213233 0.7128634285399366
8980.555633088756 12.414418889140546 0.7109404110492914
8984.336991944614 13.694897177072034 0.7562705474898598
8988.118741594366 12.37014757332043 0.7488442917305033
8991.900816868907 11.387743707884471 0.7380851364712655
8995.683297504926 14.664753321223044 0.8247254922682711
8999.466084277761 12.22342413270762 0.7888314735501382
9003.24922868973 12.5807000327496 0.7901174484766145
9007.032763166253 14.267370140541768 0.8112280554680029
9010.816623993931 13.134278693303285 0.769651111391193
9014.60286502088 13.191264108148648 0.7290338097942166
9018.385400475298 12.47039687778488 0.7094966097526287
9022.170283220872 12.877378554027006 0.7239875466124248
9025.955534729917 13.5799785704244 0.7363084120492499
9029.741138291627 14.923253759728707 0.7651488904728972
9033.527031221374 14.589548097180208 0.7803204259967611
9037.313320197236 14.795315412533451 0.7886712385415101
9041.099954148469 14.43864656962373 0.7869494848158766
9044.88690949414 15.424638225865415 0.8297628411186698
9048.674267832836 15.084043076346303 0.8322241950161804
9052.461952439004 15.138762359389709 0.8250836386886029
9056.250031720449 15.626265635209508 0.8305575797773815
9060.03846809671 14.931906819194023 0.7986649279191809
9063.827231358675 13.985888328333543 0.7704133159951695
9067.616337067007 14.621634913981643 0.7823111111915105
9071.405824536316 13.47903625044121 0.7646270439277604
9075.195645393285 14.468423720973039 0.7803335978983176
9078.98514213229 15.273069559869255 0.783311659205669
9082.776375592006 13.295576433994768 0.7580012019808822
9086.56729310545 14.093250278853427 0.7865936359132353
9090.358555426306 14.443185290825046 0.7927521474026237
9094.150195979308 14.265622529868049 0.8008238248948703
9097.942139270177 13.122276262356163 0.7931453317215195
9101.734509146885 13.419405824282094 0.7986500451522105
9105.52721944439 13.68371299770436 0.7989434987774398
9109.320308513446 12.996839546577112 0.7857177545375755
9113.113753633968 14.252743939638599 0.7994732558568242
9116.907617149513 14.058067357086568 0.7914518160226455
9120.701741232991 11.9019352587854 0.7447409080264055
9124.496307199635 13.865274914098476 0.790051806524195
9128.291230668035 14.036088283103066 0.7928746945226802
9132.086505175743 14.01670850972006 0.7948064034752431
9135.882130926337 13.424940563677161 0.7875024169627056
9139.678119416107 11.694377899590902 0.7591098863625662
9143.474507660492 13.83066077538635 0.8061175316459471
9147.271298316587 13.592104216550105 0.8016261626977662
9151.068374022117 14.04317692470588 0.8230158434373751
9154.865870318796 12.17077161234281 0.7956260213877184
9158.663698586774 11.731547983226895 0.7931547327475146
9162.46199109009 13.338535194561233 0.8243479299721778
9166.260555406823 12.23437358451616 0.796177658846844
9170.05962741603 13.347046313482837 0.8163937046871353
9173.858955200412 13.650619999295955 0.8163211113084637
9177.658723577924 13.093976672029314 0.8085128463480402
9181.458801232055 12.367291773274967 0.7931100593428202
9185.259330811394 13.46323136912762 0.8166691681097537
9189.06017727313 13.012909412904326 0.8084594061955213
9192.861430474004 12.946981055137195 0.8182277325750908
9196.662962180086 12.418946543088108 0.8005821050433459
9200.465103693332 14.611743821562518 0.8500281858741294
9204.265627326417 12.949870629171988 0.8018648760326704
9208.070218306557 12.034793848256571 0.7990199000119463
9211.873352162775 12.704761079006946 0.8279851033434563
9215.676893463524 11.592298438110397 0.8107464712874991
9219.4808217841 12.803655891572015 0.8389776176382412
9223.28515387798 13.33133999177929 0.8592651914631613
9227.089807835284 13.076994665575588 0.852883001222489
9230.894920998422 13.025715559218353 0.8520784370219172
9234.70428305304 12.098144044564917 0.8353411221829307
9238.506237277483 12.837082210794398 0.8407988154043321
9242.312447952636 13.238331256241983 0.8487960441489087
9246.119098473446 12.023954058583058 0.8334142750905992
9249.926091200849 12.442177712944613 0.8437877310183786
9253.733529120862 12.048612116309354 0.8391670714672972
9257.541291089176 12.654140598626448 0.8550772780855816
9261.349519342742 12.167179977783826 0.847104255633021
9265.158039322934 11.044229258768357 0.8229578932055239
9268.96703863341 10.73151887311448 0.8174108982213905
9272.77636193261 10.749020159194226 0.8207155790623211
9276.586206801569 10.751471946334537 0.8215513762175357
9280.396313323008 11.172931703454584 0.8302627556504858
9284.206926424224 12.377636567991617 0.8706110124076987
9288.017791149035 9.161302731024357 0.8023033632275965
9291.829211092409 11.651411428093677 0.8679792682906486
9295.640912738409 10.118362691829704 0.8370382497373237
9299.453046631223 9.291904405095377 0.858450537652154
9303.26550737202 9.516411803207621 0.957418893550905
9307.078449685296 10.199157727683266 1.0711893132710038
9310.891745233232 8.080099336306125 1.1385033013223167
9314.705514512185 8.022069800213519 1.159746006174763
9318.519639293776 6.9839297240384735 1.1462180054561166
9322.334240472146 7.527645121006074 1.1440200786107106
9326.152208040305 4.7475084267596435 1.004203292565189
9329.964624615715 8.154132107522164 1.0016444466287209
9333.780420564466 7.424338416161876 0.9469964943040656
9337.596637750503 7.4360256436733625 0.8836154522444143
9341.413248400115 6.579508641209631 0.8316609735299356
9345.230204977735 6.0052388245068755 0.8174218503647568
9349.047670277158 7.529244370917833 0.8505710290424844
9352.86549394924 7.2440462935460035 0.8194695194041167
9356.683753053221 7.96583544123177 0.8281717042969174
9360.502418086817 9.143080755228617 0.8688264547978216
9364.321446583295 7.477154893954817 0.8297784490744278
9368.140844391126 6.0316499135658805 0.863763859914905
9371.960630614456 7.384890166764937 1.1034356811002257
9375.780958436966 6.7627768112119355 1.204364384917297
9379.601675512971 7.046820132236311 1.216425853495475
9383.422833008071 9.044017810099712 1.2437199605693847
9387.243959040468 8.660281600470475 1.0946321092372595
9391.066480904841 9.549510582347944 0.9415331068739076
9394.888888099287 9.613796187105882 0.9260469750482749
9398.711655961442 9.038470022728115 0.9532443518422771
9402.534886517396 8.58629542690232 0.947027734330453
9406.358475638493 7.381265134763899 0.9230878506402519
9410.182564892622 7.579116679657722 0.9174305387052899
9414.007060242897 8.337211927316678 0.9511818622422598
9417.831961735164 7.197695979597107 0.9673754593261132
9421.657268337438 6.210996433155251 0.9456706066339376
9425.483030528732 5.549857021009846 0.9434397923646379
9429.309261703651 7.2660257901255925 0.9786038263058909
9433.135870329408 5.93370134223784 0.9461508629170261
9436.962858028683 6.255922112806085 1.08578595359662
9440.79039459034 9.15466673705887 1.1901233176787789
9444.618241302996 6.159724131318127 1.1412548847704638
9448.446641913375 7.999228180984411 1.1592346401201226
9452.275423538194 7.397990832417126 1.0607291209196414
9456.10461285516 7.118033064908759 1.0450480166564506
9459.934237462918 6.949788945094875 1.049847135722604
9463.764307444833 6.48782309058704 1.0435262732053987
9467.59496546619 7.774156574570764 1.0544488596420933
9471.425743295415 6.739464750260505 1.0570484455685503
9475.257016167627 6.642461846446163 1.1694721618175792
9479.088912754125 7.9893544534175565 1.2308263073001848
9482.921123351001 6.454061085308863 1.1860981757134068
9486.753848498623 6.064086953754929 1.1434777294431064
9490.586995612117 5.352200117777508 0.9837925332874462
9494.420405023599 6.355185509277501 0.9415284711980259
9498.254601057533 7.867955183571705 1.035442701697398
9502.089032685315 6.733525215617975 1.0635064515007024
9505.923906071394 7.715993293693857 1.097791041667751
9509.759254415265 6.199118000390812 1.0653049896916131
9513.595032940382 8.638395174555729 1.141688177986074
9517.431301019295 8.716785114851303 1.1870682792370117
9521.267886318286 6.286132039476032 1.1229362685368163
9525.105034972541 6.038937335752786 1.1374714575537805
9528.942586993611 5.9112597559366815 1.1151527691346774
9532.780713477672 6.822052325713144 1.0629616225242402
9536.6190983436 6.2717504264264115 0.9976241972835711
9540.458145636614 8.018371535648736 1.033180777257736
9544.29740234187 6.352220717651253 1.006150993728157
9548.137270583073 6.653230812019013 1.0429293260228485
9551.977473472469 5.997528813585561 1.0772042084843607
9555.818246034743 6.082335164620962 1.1113398175272524
9559.65939845642 6.473510504223314 1.1295795937512048
9563.501034209015 5.850277158109064 1.165897293117963
9567.343102781608 4.873263502722598 1.191685793662395
9571.185724283805 7.985159782340058 1.2683883970087928
9575.028692210164 4.566050425794939 1.1773532538949607
9578.872267667151 8.300000143180625 1.2261718387200438
9582.716192184886 7.317147437758901 1.1186605685828759
9586.560591239926 6.599638950356234 1.0528904812137192
9590.403396885651 4.313796225740767 1.033656954569446
9594.250768022735 6.236490913645864 1.0605385630189041
9598.097049673363 5.917737996022431 1.0316538620810638
9601.942804963772 7.271465101418763 1.108310443646064
9605.78955508152 8.210678099635349 1.1634666296555685
9609.636701252319 8.130612680590886 1.1878544602668715
9613.485968297313 6.106704827596743 1.1275913771891828
9617.332269151511 8.607930891788413 1.2422504464709208
9621.181102663599 9.392358693900828 1.2885280969049204
9625.03014625829 7.096168745122112 1.1995008842108963
9628.879691099517 8.188961422629504 1.2570593938457915
9632.729661795567 6.98240884905593 1.2090624629799296
9636.580182513204 7.4861498734706124 1.1903783179955314
9640.431065636958 5.272215556410922 1.123213696611302
9644.281065988873 5.784703855694582 1.1261160337446712
9648.13488935179 5.788915606290808 1.1141367287017319
9651.986785462987 5.937278570880823 1.1626027525704916
9655.839659328301 6.036136830951828 1.175138952833018
9659.693008066664 6.2927577953512825 1.1843531004507997
9663.545360296232 7.1916672575463405 1.216490357783315
9667.401112534912 8.029623709019738 1.292506535812843
9671.255870229668 7.197446926029282 1.3243045578600012
9675.11109464774 5.088317554707038 1.294854490827216
