3400.0 1.862e-16
3401.536014 2.6697e-16
3403.072028 3.3416e-16
3404.608042 3.1445e-16
3406.144056 3.1193e-16
3407.68007 2.1203e-16
3409.216084 2.8659e-16
3410.752098 2.4271e-16
3412.288112 1.7574e-16
3413.824126 2.1146e-16
3415.36014 2.8136e-16
3416.896154 2.8201e-16
3418.432168 2.7291e-16
3419.968182 1.9033e-16
3421.504196 1.509e-16
3423.04021 1.719e-16
3424.576224 1.9246e-16
3426.112238 1.8592e-16
3427.648252 1.9058e-16
3429.184266 1.5855e-16
3430.72028 2.5252e-16
3432.256294 2.45e-16
3433.792308 2.881e-16
3435.328322 2.7907e-16
3436.864336 1.9484e-16
3438.40035 2.6701e-16
3439.936364 3.1418e-16
3441.472378 3.0299e-16
3443.008392 2.753e-16
3444.544406 2.6255e-16
3446.08042 2.1702e-16
3447.616434 2.0487e-16
3449.152448 2.0696e-16
3450.688462 2.4392e-16
3452.224476 2.8869e-16
3453.76049 2.5962e-16
3455.296504 2.6743e-16
3456.832518 2.8253e-16
3458.368532 2.9361e-16
3459.904546 3.1502e-16
3461.44056 2.327e-16
3462.976574 2.1684e-16
3464.512588 2.6737e-16
3466.048602 2.233e-16
3467.584616 2.7872e-16
3469.12063 2.3833e-16
3470.656644 2.3541e-16
3472.192658 2.3772e-16
3473.728672 2.2676e-16
3475.264686 2.0818e-16
3476.8007 1.7638e-16
3478.336714 1.5642e-16
3479.872728 2.2415e-16
3481.408742 3.0595e-16
3482.944756 2.2276e-16
3484.48077 1.5242e-16
3486.016784 2.6375e-16
3487.552798 2.9864e-16
3489.088812 2.8553e-16
3490.624826 2.3929e-16
3492.16084 2.2835e-16
3493.696854 2.7224e-16
3495.232868 3.0119e-16
3496.768882 2.8864e-16
3498.304896 3.7501e-16
3499.84091 3.0628e-16
3501.376924 3.4064e-16
3502.912938 3.2139e-16
3504.448952 2.9349e-16
3505.984966 3.2502e-16
3507.52098 2.753e-16
3509.056994 2.5732e-16
3510.593008 2.44e-16
3512.129022 2.1285e-16
3513.665036 2.564e-16
3515.20105 3.0067e-16
3516.737064 2.0575e-16
3518.273078 1.6248e-16
3519.809092 2.3388e-16
3521.345106 2.0576e-16
3522.88112 2.3419e-16
3524.417134 2.8886e-16
3525.953148 2.2452e-16
3527.489162 2.0162e-16
3529.025176 1.8361e-16
3530.56119 1.7863e-16
3532.097204 2.2736e-16
3533.633218 1.7848e-16
3535.169232 2.3807e-16
3536.705246 2.4501e-16
3538.24126 1.8661e-16
3539.777274 2.1118e-16
3541.313288 2.6127e-16
3542.849302 2.2467e-16
3544.385316 1.559e-16
3545.92133 1.6602e-16
3547.457344 1.9803e-16
3548.993358 2.0888e-16
3550.529372 2.1176e-16
3552.065386 2.1004e-16
3553.6014 2.5652e-16
3555.137414 2.1152e-16
3556.673428 1.7147e-16
3558.209442 2.2e-16
3559.745456 1.9121e-16
3561.28147 1.6279e-16
3562.817484 1.9968e-16
3564.353498 2.0141e-16
3565.889512 2.7285e-16
3567.425526 2.5871e-16
3568.96154 2.892e-16
3570.497554 2.801e-16
3572.033568 2.8331e-16
3573.569582 2.364e-16
3575.105596 2.6413e-16
3576.64161 2.716e-16
3578.177624 2.9774e-16
3579.713638 2.377e-16
3581.249652 3.0334e-16
3582.785666 2.8852e-16
3584.32168 2.3626e-16
3585.857694 2.7979e-16
3587.393708 2.4713e-16
3588.929722 3.3341e-16
3590.465736 2.4089e-16
3592.00175 2.381e-16
3593.537764 2.6832e-16
3595.073778 2.2266e-16
3596.609792 2.3041e-16
3598.145806 2.454e-16
3599.68182 2.1697e-16
3601.217834 2.2636e-16
3602.753848 2.0336e-16
3604.289862 2.4538e-16
3605.825876 2.1688e-16
3607.36189 2.2241e-16
3608.897904 2.4521e-16
3610.433918 2.531e-16
3611.969932 2.1184e-16
3613.505946 1.8991e-16
3615.04196 2.311e-16
3616.577974 2.0895e-16
3618.113988 1.6344e-16
3619.650002 1.7615e-16
3621.186016 2.1936e-16
3622.72203 2.5174e-16
3624.258044 1.9147e-16
3625.794058 1.8198e-16
3627.330072 1.9238e-16
3628.866086 1.6902e-16
3630.4021 1.978e-16
3631.938114 2.0954e-16
3633.474128 2.0967e-16
3635.010142 2.5644e-16
3636.546156 2.3338e-16
3638.08217 2.5491e-16
3639.618184 2.3328e-16
3641.154198 2.2078e-16
3642.690212 2.2645e-16
3644.226226 2.5414e-16
3645.76224 2.6184e-16
3647.298254 2.2743e-16
3648.834268 2.6415e-16
3650.370282 2.9419e-16
3651.906296 2.7061e-16
3653.44231 2.3236e-16
3654.978324 2.1199e-16
3656.514338 2.5172e-16
3658.050352 3.0075e-16
3659.586366 2.626e-16
3661.12238 2.696e-16
3662.658394 2.698e-16
3664.194408 2.5423e-16
3665.730422 2.3451e-16
3667.266436 2.0313e-16
3668.80245 2.3681e-16
3670.338464 2.1708e-16
3671.874478 2.2061e-16
3673.410492 2.3206e-16
3674.946506 2.5543e-16
3676.48252 2.0172e-16
3678.018534 2.0642e-16
3679.554548 2.5124e-16
3681.090562 2.1578e-16
3682.626576 2.6844e-16
3684.16259 2.5305e-16
3685.698604 1.8158e-16
3687.234618 2.342e-16
3688.770632 1.8433e-16
3690.306646 2.0537e-16
3691.84266 1.9007e-16
3693.378674 1.9783e-16
3694.914688 1.5931e-16
3696.450702 1.6482e-16
3697.986716 1.7899e-16
3699.52273 1.8185e-16
3701.058744 1.9556e-16
3702.594758 1.7564e-16
3704.130772 2e-16
3705.666786 2.1764e-16
3707.2028 2.5338e-16
3708.738814 2.2172e-16
3710.274828 1.986e-16
3711.810842 1.7468e-16
3713.346856 1.6661e-16
3714.88287 1.6011e-16
3716.418884 2.1368e-16
3717.954898 2.4381e-16
3719.490912 2.3338e-16
3721.026926 1.7602e-16
3722.56294 1.8132e-16
3724.098954 1.5178e-16
3725.634968 1.8516e-16
3727.170982 2.124e-16
3728.706996 2.1491e-16
3730.24301 2.3257e-16
3731.779024 2.1797e-16
3733.315038 2.3397e-16
3734.851052 2.3735e-16
3736.387066 1.9463e-16
3737.92308 2.1081e-16
3739.459094 2.6296e-16
3740.995108 2.492e-16
3742.531122 2.556e-16
3744.067136 2.693e-16
3745.60315 2.3585e-16
3747.139164 2.1744e-16
3748.675178 2.757e-16
3750.211192 3.0469e-16
3751.747206 2.3506e-16
3753.28322 2.3598e-16
3754.819234 2.1013e-16
3756.355248 2.3135e-16
3757.891262 2.2063e-16
3759.427276 2.1982e-16
3760.96329 2.8966e-16
3762.499304 3.3523e-16
3764.035318 2.9127e-16
3765.571332 2.7322e-16
3767.107346 2.1832e-16
3768.64336 2.1504e-16
3770.179374 2.242e-16
3771.715388 2.5085e-16
3773.251402 2.4656e-16
3774.787416 2.2555e-16
3776.32343 2.7187e-16
3777.859444 2.535e-16
3779.395458 1.7548e-16
3780.931472 2.4292e-16
3782.467486 2.2721e-16
3784.0035 2.5299e-16
3785.539514 2.2814e-16
3787.075528 2.2207e-16
3788.611542 2.2123e-16
3790.147556 1.8356e-16
3791.68357 1.9435e-16
3793.219584 1.9819e-16
3794.755598 2.1294e-16
3796.291612 2.1623e-16
3797.827626 2.2658e-16
3799.36364 2.0933e-16
3800.899654 2.3115e-16
3802.435668 2.7187e-16
3803.971682 2.2172e-16
3805.507696 1.8827e-16
3807.04371 1.8476e-16
3808.579724 2.1363e-16
3810.115738 1.8673e-16
3811.651752 1.888e-16
3813.187766 2.0759e-16
3814.72378 2.2205e-16
3816.259794 2.0955e-16
3817.795808 1.9609e-16
3819.331822 1.8907e-16
3820.867836 1.4788e-16
3822.40385 1.8675e-16
3823.939864 2.2947e-16
3825.475878 2.2592e-16
3827.011892 2.1894e-16
3828.547906 2.0919e-16
3830.08392 2.0519e-16
3831.619934 1.9674e-16
3833.155948 2.1929e-16
3834.691962 2.2288e-16
3836.227976 1.98e-16
3837.76399 2.0411e-16
3839.300004 2.0461e-16
3840.836018 2.2862e-16
3842.372032 1.9003e-16
3843.908046 2.085e-16
3845.44406 2.4367e-16
3846.980074 2.145e-16
3848.516088 1.913e-16
3850.052102 1.8752e-16
3851.588116 1.8917e-16
3853.12413 2.0274e-16
3854.660144 2.0734e-16
3856.196158 2.1829e-16
3857.732172 2.2297e-16
3859.268186 2.2852e-16
3860.8042 2.1092e-16
3862.340214 2.3976e-16
3863.876228 2.4456e-16
3865.412242 2.6156e-16
3866.948256 2.9271e-16
3868.48427 2.6203e-16
3870.020284 2.5706e-16
3871.556298 2.4453e-16
3873.092312 2.5592e-16
3874.628326 2.5519e-16
3876.16434 2.2484e-16
3877.700354 2.158e-16
3879.236368 2.1189e-16
3880.772382 2.4282e-16
3882.308396 2.5179e-16
3883.84441 2.373e-16
3885.380424 2.4811e-16
3886.916438 2.6565e-16
3888.452452 2.6174e-16
3889.988466 2.3253e-16
3891.52448 2.0837e-16
3893.060494 2.1979e-16
3894.596508 2.1244e-16
3896.132522 2.2747e-16
3897.668536 2.4846e-16
3899.20455 2.3672e-16
3900.740564 2.503e-16
3902.276578 2.5786e-16
3903.812592 2.4868e-16
3905.348606 2.7392e-16
3906.88462 2.7903e-16
3908.420634 2.6131e-16
3909.956648 2.5188e-16
3911.492662 2.475e-16
3913.028676 2.5994e-16
3914.56469 2.5535e-16
3916.100704 2.6908e-16
3917.636718 2.3741e-16
3919.172732 1.9123e-16
3920.708746 2.0345e-16
3922.24476 2.3563e-16
3923.780774 2.1514e-16
3925.316788 2.5309e-16
3926.852802 2.8035e-16
3928.388816 2.7041e-16
3929.92483 2.4621e-16
3931.460844 2.3764e-16
3932.996858 2.4475e-16
3934.532872 2.7568e-16
3936.068886 4.2129e-16
3937.6049 7.055e-16
3939.140914 1.0073e-15
3940.676928 1.319e-15
3942.212942 1.287e-15
3943.748956 9.626e-16
3945.28497 6.1778e-16
3946.820984 3.5313e-16
3948.356998 2.224e-16
3949.893012 1.9286e-16
3951.429026 2.0705e-16
3952.96504 2.5812e-16
3954.501054 2.4692e-16
3956.037068 2.4758e-16
3957.573082 2.632e-16
3959.109096 2.6403e-16
3960.64511 2.2285e-16
3962.181124 2.3743e-16
3963.717138 2.4626e-16
3965.253152 2.2611e-16
3966.789166 2.0323e-16
3968.32518 2.3736e-16
3969.861194 2.4601e-16
3971.397208 2.5806e-16
3972.933222 2.6912e-16
3974.469236 2.4779e-16
3976.00525 2.6835e-16
3977.541264 2.7525e-16
3979.077278 2.7265e-16
3980.613292 2.6804e-16
3982.149306 2.4927e-16
3983.68532 2.3892e-16
3985.221334 2.2887e-16
3986.757348 2.164e-16
3988.293362 2.2629e-16
3989.829376 2.3144e-16
3991.36539 2.769e-16
3992.901404 2.5448e-16
3994.437418 2.6971e-16
3995.973432 2.7371e-16
3997.509446 3.1372e-16
3999.04546 3.2801e-16
4000.581474 3.3252e-16
4002.117488 3.3487e-16
4003.653502 3.1679e-16
4005.189516 3.26e-16
4006.72553 3.0044e-16
4008.261544 2.4203e-16
4009.797558 2.2072e-16
4011.333572 2.2848e-16
4012.869586 2.3456e-16
4014.4056 2.3345e-16
4015.941614 2.1614e-16
4017.477628 2.4879e-16
4019.013642 2.7545e-16
4020.549656 2.6981e-16
4022.08567 3.1077e-16
4023.621684 3.194e-16
4025.157698 2.8112e-16
4026.693712 3.063e-16
4028.229726 3.3864e-16
4029.76574 3.2658e-16
4031.301754 3.0938e-16
4032.837768 3.2918e-16
4034.373782 3.4139e-16
4035.909796 3.4833e-16
4037.44581 3.4298e-16
4038.981824 3.4145e-16
4040.517838 3.1773e-16
4042.053852 3.2916e-16
4043.589866 2.9699e-16
4045.12588 3.3442e-16
4046.661894 3.4654e-16
4048.197908 3.3302e-16
4049.733922 2.4897e-16
4051.269936 2.3549e-16
4052.80595 2.2831e-16
4054.341964 2.4345e-16
4055.877978 2.4624e-16
4057.413992 2.3958e-16
4058.950006 2.3898e-16
4060.48602 2.3466e-16
4062.022034 2.476e-16
4063.558048 2.7193e-16
4065.094062 2.9174e-16
4066.630076 3.5414e-16
4068.16609 3.6916e-16
4069.702104 3.4284e-16
4071.238118 3.2553e-16
4072.774132 3.6509e-16
4074.310146 3.5305e-16
4075.84616 3.6611e-16
4077.382174 3.379e-16
4078.918188 3.7356e-16
4080.454202 3.634e-16
4081.990216 3.2551e-16
4083.52623 3.3953e-16
4085.062244 3.2967e-16
4086.598258 3.9644e-16
4088.134272 3.8715e-16
4089.670286 3.863e-16
4091.2063 3.414e-16
4092.742314 3.8772e-16
4094.278328 3.5171e-16
4095.814342 3.2596e-16
4097.350356 3.2894e-16
4098.88637 3.0853e-16
4100.422384 3.0016e-16
4101.958398 3.0455e-16
4103.494412 2.8633e-16
4105.030426 2.9718e-16
4106.56644 3.0836e-16
4108.102454 2.6623e-16
4109.638468 2.4001e-16
4111.174482 2.8109e-16
4112.710496 2.7924e-16
4114.24651 2.6426e-16
4115.782524 2.5491e-16
4117.318538 2.5867e-16
4118.854552 3.0399e-16
4120.390566 2.7976e-16
4121.92658 2.8726e-16
4123.462594 3.4848e-16
4124.998608 3.1992e-16
4126.534622 2.8558e-16
4128.070636 3.3821e-16
4129.60665 3.5054e-16
4131.142664 3.4177e-16
4132.678678 3.4729e-16
4134.214692 3.5609e-16
4135.750706 3.7533e-16
4137.28672 3.2929e-16
4138.822734 3.8132e-16
4140.358748 3.429e-16
4141.894762 3.1389e-16
4143.430776 3.4697e-16
4144.96679 3.6749e-16
4146.502804 3.71e-16
4148.038818 3.3929e-16
4149.574832 3.4803e-16
4151.110846 3.6504e-16
4152.64686 3.5268e-16
4154.182874 3.537e-16
4155.718888 3.1577e-16
4157.254902 2.8371e-16
4158.790916 2.6958e-16
4160.32693 2.2625e-16
4161.862944 2.617e-16
4163.398958 3.0226e-16
4164.934972 3.2084e-16
4166.470986 3.2631e-16
4168.007 3.4814e-16
4169.543014 3.6953e-16
4171.079028 3.177e-16
4172.615042 3.1773e-16
4174.151056 3.3808e-16
4175.68707 3.287e-16
4177.223084 3.4665e-16
4178.759098 3.2865e-16
4180.295112 3.0482e-16
4181.831126 3.0029e-16
4183.36714 3.1635e-16
4184.903154 3.041e-16
4186.439168 2.9032e-16
4187.975182 2.9834e-16
4189.511196 2.9545e-16
4191.04721 2.6097e-16
4192.583224 2.602e-16
4194.119238 2.3202e-16
4195.655252 2.1803e-16
4197.191266 2.1795e-16
4198.72728 2.5256e-16
4200.263294 2.2196e-16
4201.799308 2.0444e-16
4203.335322 2.4591e-16
4204.871336 2.1881e-16
4206.40735 2.2597e-16
4207.943364 2.5611e-16
4209.479378 2.9978e-16
4211.015392 3.2423e-16
4212.551406 2.9346e-16
4214.08742 3.1512e-16
4215.623434 3.3717e-16
4217.159448 3.3748e-16
4218.695462 3.1956e-16
4220.231476 3.169e-16
4221.76749 3.232e-16
4223.303504 3.028e-16
4224.839518 2.8743e-16
4226.375532 3.1542e-16
4227.911546 3.1642e-16
4229.44756 3.1735e-16
4230.983574 3.3259e-16
4232.519588 3.4879e-16
4234.055602 3.4118e-16
4235.591616 3.4731e-16
4237.12763 3.5952e-16
4238.663644 3.5513e-16
4240.199658 3.4386e-16
4241.735672 3.7735e-16
4243.271686 3.6014e-16
4244.8077 3.5534e-16
4246.343714 3.9314e-16
4247.879728 3.7921e-16
4249.415742 3.9635e-16
4250.951756 3.7731e-16
4252.48777 3.6704e-16
4254.023784 3.7611e-16
4255.559798 3.5891e-16
4257.095812 3.7467e-16
4258.631826 3.8057e-16
4260.16784 3.8072e-16
4261.703854 3.7659e-16
4263.239868 3.8367e-16
4264.775882 3.6086e-16
4266.311896 3.4093e-16
4267.84791 3.78e-16
4269.383924 3.989e-16
4270.919938 3.972e-16
4272.455952 3.9065e-16
4273.991966 3.9414e-16
4275.52798 3.8826e-16
4277.063994 3.5309e-16
4278.600008 3.6011e-16
4280.136022 3.6216e-16
4281.672036 3.5882e-16
4283.20805 4.0013e-16
4284.744064 3.9854e-16
4286.280078 3.9873e-16
4287.816092 3.9428e-16
4289.352106 3.6878e-16
4290.88812 3.5894e-16
4292.424134 3.5574e-16
4293.960148 3.7932e-16
4295.496162 3.6276e-16
4297.032176 3.7797e-16
4298.56819 3.5955e-16
4300.104204 3.8252e-16
4301.640218 3.9433e-16
4303.176232 3.8728e-16
4304.712246 3.8217e-16
4306.24826 3.6363e-16
4307.784274 3.6856e-16
4309.320288 3.6071e-16
4310.856302 3.1392e-16
4312.392316 3.2379e-16
4313.92833 3.7061e-16
4315.464344 3.6013e-16
4317.000358 3.5929e-16
4318.536372 3.5292e-16
4320.072386 3.3983e-16
4321.6084 3.5356e-16
4323.144414 3.4915e-16
4324.680428 3.6866e-16
4326.216442 3.5939e-16
4327.752456 3.2637e-16
4329.28847 3.0474e-16
4330.824484 2.9916e-16
4332.360498 2.4761e-16
4333.896512 2.5433e-16
4335.432526 3.197e-16
4336.96854 3.2472e-16
4338.504554 3.0153e-16
4340.040568 2.9508e-16
4341.576582 2.8347e-16
4343.112596 3.1668e-16
4344.64861 2.7486e-16
4346.184624 2.9251e-16
4347.720638 2.9751e-16
4349.256652 3.3116e-16
4350.792666 3.4432e-16
4352.32868 3.2095e-16
4353.864694 3.6169e-16
4355.400708 3.4906e-16
4356.936722 3.5477e-16
4358.472736 3.5758e-16
4360.00875 3.354e-16
4361.544764 3.8991e-16
4363.080778 3.9526e-16
4364.616792 2.7773e-16
4366.152806 2.9731e-16
4367.68882 3.5299e-16
4369.224834 3.5772e-16
4370.760848 3.4397e-16
4372.296862 3.3543e-16
4373.832876 3.5453e-16
4375.36889 3.7774e-16
4376.904904 3.8935e-16
4378.440918 3.6367e-16
4379.976932 3.5869e-16
4381.512946 3.4328e-16
4383.04896 3.3736e-16
4384.584974 3.8213e-16
4386.120988 3.7929e-16
4387.657002 3.3775e-16
4389.193016 3.5596e-16
4390.72903 3.8028e-16
4392.265044 3.8745e-16
4393.801058 3.64e-16
4395.337072 3.8913e-16
4396.873086 3.7126e-16
4398.4091 3.4571e-16
4399.945114 3.4533e-16
4401.481128 3.4569e-16
4403.017142 3.79e-16
4404.553156 3.7407e-16
4406.08917 3.5168e-16
4407.625184 3.3509e-16
4409.161198 3.8133e-16
4410.697212 3.7422e-16
4412.233226 3.4832e-16
4413.76924 3.5453e-16
4415.305254 3.6738e-16
4416.841268 3.3133e-16
4418.377282 3.3285e-16
4419.913296 3.653e-16
4421.44931 3.557e-16
4422.985324 3.3636e-16
4424.521338 3.4549e-16
4426.057352 3.4178e-16
4427.593366 3.6219e-16
4429.12938 3.5652e-16
4430.665394 3.5349e-16
4432.201408 3.6015e-16
4433.737422 4.013e-16
4435.273436 4.1539e-16
4436.80945 3.7348e-16
4438.345464 3.6694e-16
4439.881478 3.6137e-16
4441.417492 3.5943e-16
4442.953506 3.6753e-16
4444.48952 3.7754e-16
4446.025534 3.7324e-16
4447.561548 3.5268e-16
4449.097562 3.8285e-16
4450.633576 3.744e-16
4452.16959 3.3545e-16
4453.705604 3.7223e-16
4455.241618 3.8505e-16
4456.777632 3.6607e-16
4458.313646 3.604e-16
4459.84966 3.369e-16
4461.385674 3.6727e-16
4462.921688 3.6352e-16
4464.457702 3.7374e-16
4465.993716 3.7678e-16
4467.52973 3.2545e-16
4469.065744 3.3265e-16
4470.601758 3.5738e-16
4472.137772 3.3458e-16
4473.673786 3.4652e-16
4475.2098 3.5504e-16
4476.745814 3.5798e-16
4478.281828 3.1367e-16
4479.817842 3.4206e-16
4481.353856 3.5815e-16
4482.88987 3.7014e-16
4484.425884 3.6847e-16
4485.961898 3.5848e-16
4487.497912 3.5026e-16
4489.033926 3.8086e-16
4490.56994 3.5543e-16
4492.105954 3.3957e-16
4493.641968 3.5526e-16
4495.177982 3.3443e-16
4496.713996 3.2434e-16
4498.25001 3.4813e-16
4499.786024 3.2815e-16
4501.322038 3.3956e-16
4502.858052 3.4288e-16
4504.394066 3.1734e-16
4505.93008 3.6341e-16
4507.466094 3.7604e-16
4509.002108 3.5995e-16
4510.538122 3.689e-16
4512.074136 3.5941e-16
4513.61015 4.2476e-16
4515.146164 3.5822e-16
4516.682178 3.3723e-16
4518.218192 3.4415e-16
4519.754206 3.6151e-16
4521.29022 4.0593e-16
4522.826234 3.8502e-16
4524.362248 3.852e-16
4525.898262 3.9436e-16
4527.434276 3.431e-16
4528.97029 3.1473e-16
4530.506304 3.3235e-16
4532.042318 3.4644e-16
4533.578332 3.3965e-16
4535.114346 3.7975e-16
4536.65036 3.5091e-16
4538.186374 3.2176e-16
4539.722388 3.5368e-16
4541.258402 3.313e-16
4542.794416 3.4967e-16
4544.33043 3.4081e-16
4545.866444 3.2175e-16
4547.402458 3.3493e-16
4548.938472 3.1326e-16
4550.474486 2.7447e-16
4552.0105 3.5856e-16
4553.546514 3.5934e-16
4555.082528 3.455e-16
4556.618542 3.2542e-16
4558.154556 2.6637e-16
4559.69057 2.7017e-16
4561.226584 3.3738e-16
4562.762598 3.8522e-16
4564.298612 3.5913e-16
4565.834626 3.57e-16
4567.37064 3.471e-16
4568.906654 3.5421e-16
4570.442668 3.6557e-16
4571.978682 3.1049e-16
4573.514696 3.1117e-16
4575.05071 3.1658e-16
4576.586724 3.541e-16
4578.122738 3.5961e-16
4579.658752 3.2812e-16
4581.194766 3.2049e-16
4582.73078 2.9077e-16
4584.266794 3.0135e-16
4585.802808 3.2713e-16
4587.338822 3.0759e-16
4588.874836 3.7352e-16
4590.41085 4.3145e-16
4591.946864 4.2339e-16
4593.482878 3.4533e-16
4595.018892 3.0239e-16
4596.554906 2.9285e-16
4598.09092 2.6679e-16
4599.626934 2.7112e-16
4601.162948 2.4511e-16
4602.698962 2.9016e-16
4604.234976 3.2389e-16
4605.77099 2.872e-16
4607.307004 3.1343e-16
4608.843018 3.4559e-16
4610.379032 3.344e-16
4611.915046 3.4976e-16
4613.45106 3.9155e-16
4614.987074 3.6018e-16
4616.523088 3.0188e-16
4618.059102 3.2403e-16
4619.595116 3.8124e-16
4621.13113 3.7192e-16
4622.667144 3.0993e-16
4624.203158 3.4706e-16
4625.739172 3.6086e-16
4627.275186 3.1797e-16
4628.8112 3.3594e-16
4630.347214 3.5795e-16
4631.883228 3.3518e-16
4633.419242 3.4506e-16
4634.955256 3.2932e-16
4636.49127 3.1395e-16
4638.027284 3.2819e-16
4639.563298 3.1253e-16
4641.099312 3.0993e-16
4642.635326 3.2492e-16
4644.17134 3.5362e-16
4645.707354 3.4378e-16
4647.243368 3.1149e-16
4648.779382 3.0717e-16
4650.315396 3.0473e-16
4651.85141 3.4352e-16
4653.387424 3.6168e-16
4654.923438 3.4755e-16
4656.459452 3.2079e-16
4657.995466 3.4484e-16
4659.53148 3.1168e-16
4661.067494 3.3889e-16
4662.603508 3.1707e-16
4664.139522 3.3812e-16
4665.675536 3.4273e-16
4667.21155 3.621e-16
4668.747564 3.4035e-16
4670.283578 3.2549e-16
4671.819592 3.4062e-16
4673.355606 3.522e-16
4674.89162 3.5388e-16
4676.427634 3.2017e-16
4677.963648 3.2297e-16
4679.499662 3.2799e-16
4681.035676 3.3787e-16
4682.57169 3.1804e-16
4684.107704 3.474e-16
4685.643718 3.5873e-16
4687.179732 3.291e-16
4688.715746 3.3848e-16
4690.25176 3.5634e-16
4691.787774 3.5473e-16
4693.323788 3.615e-16
4694.859802 3.4742e-16
4696.395816 3.2983e-16
4697.93183 3.3837e-16
4699.467844 3.0439e-16
4701.003858 3.1689e-16
4702.539872 3.0929e-16
4704.075886 3.4395e-16
4705.6119 3.4751e-16
4707.147914 3.3297e-16
4708.683928 3.3582e-16
4710.219942 3.3311e-16
4711.755956 3.2561e-16
4713.29197 3.3483e-16
4714.827984 3.3115e-16
4716.363998 3.1925e-16
4717.900012 3.1927e-16
4719.436026 3.3369e-16
4720.97204 3.2865e-16
4722.508054 3.1429e-16
4724.044068 3.0756e-16
4725.580082 3.0559e-16
4727.116096 3.4845e-16
4728.65211 3.4901e-16
4730.188124 3.4463e-16
4731.724138 3.8611e-16
4733.260152 3.5548e-16
4734.796166 3.6259e-16
4736.33218 3.6123e-16
4737.868194 3.4362e-16
4739.404208 3.214e-16
4740.940222 3.2322e-16
4742.476236 3.5086e-16
4744.01225 3.6955e-16
4745.548264 3.4152e-16
4747.084278 3.4988e-16
4748.620292 3.4807e-16
4750.156306 3.3583e-16
4751.69232 3.5002e-16
4753.228334 3.3543e-16
4754.764348 3.2354e-16
4756.300362 3.0928e-16
4757.836376 3.1895e-16
4759.37239 3.3403e-16
4760.908404 3.2785e-16
4762.444418 3.7078e-16
4763.980432 3.5205e-16
4765.516446 3.4182e-16
4767.05246 3.4233e-16
4768.588474 3.5454e-16
4770.124488 3.4225e-16
4771.660502 3.4967e-16
4773.196516 3.2859e-16
4774.73253 3.1296e-16
4776.268544 3.3207e-16
4777.804558 3.531e-16
4779.340572 3.4469e-16
4780.876586 3.4848e-16
4782.4126 3.3096e-16
4783.948614 3.3713e-16
4785.484628 3.1978e-16
4787.020642 3.0778e-16
4788.556656 3.2192e-16
4790.09267 3.2385e-16
4791.628684 3.1008e-16
4793.164698 3.156e-16
4794.700712 3.2854e-16
4796.236726 3.1145e-16
4797.77274 3.0892e-16
4799.308754 3.1736e-16
4800.844768 3.5445e-16
4802.380782 3.303e-16
4803.916796 3.2959e-16
4805.45281 3.3532e-16
4806.988824 3.4897e-16
4808.524838 3.1062e-16
4810.060852 3.3924e-16
4811.596866 3.313e-16
4813.13288 3.2326e-16
4814.668894 3.3005e-16
4816.204908 3.26e-16
4817.740922 3.1857e-16
4819.276936 3.3329e-16
4820.81295 3.3828e-16
4822.348964 3.4787e-16
4823.884978 3.5101e-16
4825.420992 3.2259e-16
4826.957006 3.1702e-16
4828.49302 3.3047e-16
4830.029034 3.2899e-16
4831.565048 3.25e-16
4833.101062 2.985e-16
4834.637076 3.28e-16
4836.17309 3.3157e-16
4837.709104 3.0206e-16
4839.245118 3.3324e-16
4840.781132 3.6427e-16
4842.317146 3.4703e-16
4843.85316 3.2878e-16
4845.389174 3.0972e-16
4846.925188 3.2313e-16
4848.461202 3.2216e-16
4849.997216 3.1215e-16
4851.53323 3.1045e-16
4853.069244 3.3145e-16
4854.605258 3.3906e-16
4856.141272 3.3309e-16
4857.677286 3.5138e-16
4859.2133 3.3458e-16
4860.749314 3.1458e-16
4862.285328 3.2164e-16
4863.821342 3.8485e-16
4865.357356 3.6464e-16
4866.89337 3.1438e-16
4868.429384 3.5036e-16
4869.965398 3.2685e-16
4871.501412 3.6841e-16
4873.037426 3.8321e-16
4874.57344 3.3966e-16
4876.109454 3.2424e-16
4877.645468 3.0487e-16
4879.181482 3.1952e-16
4880.717496 3.553e-16
4882.25351 3.6231e-16
4883.789524 3.3909e-16
4885.325538 3.5441e-16
4886.861552 3.5122e-16
4888.397566 3.3827e-16
4889.93358 3.3975e-16
4891.469594 3.3702e-16
4893.005608 3.2693e-16
4894.541622 3.0388e-16
4896.077636 3.1792e-16
4897.61365 3.1659e-16
4899.149664 3.2398e-16
4900.685678 3.368e-16
4902.221692 3.049e-16
4903.757706 3.4304e-16
4905.29372 3.3646e-16
4906.829734 3.1501e-16
4908.365748 3.2673e-16
4909.901762 3.323e-16
4911.437776 3.3677e-16
4912.97379 3.3454e-16
4914.509804 3.3035e-16
4916.045818 2.8811e-16
4917.581832 2.8291e-16
4919.117846 2.915e-16
4920.65386 3.3712e-16
4922.189874 3.3585e-16
4923.725888 3.0647e-16
4925.261902 3.573e-16
4926.797916 3.4539e-16
4928.33393 3.2011e-16
4929.869944 3.1852e-16
4931.405958 3.4277e-16
4932.941972 3.4118e-16
4934.477986 3.3011e-16
4936.014 3.0335e-16
4937.550014 3.3909e-16
4939.086028 3.2297e-16
4940.622042 3.0158e-16
4942.158056 3.1707e-16
4943.69407 3.1035e-16
4945.230084 3.2081e-16
4946.766098 3.0169e-16
4948.302112 3.1442e-16
4949.838126 3.3048e-16
4951.37414 3.28e-16
4952.910154 3.2365e-16
4954.446168 3.0747e-16
4955.982182 3.1872e-16
4957.518196 3.2256e-16
4959.05421 3.2636e-16
4960.590224 3.1746e-16
4962.126238 3.1396e-16
4963.662252 3.2782e-16
4965.198266 3.3963e-16
4966.73428 3.4143e-16
4968.270294 3.266e-16
4969.806308 3.3147e-16
4971.342322 3.2961e-16
4972.878336 3.1642e-16
4974.41435 3.2958e-16
4975.950364 3.4722e-16
4977.486378 3.1679e-16
4979.022392 3.2435e-16
4980.558406 3.4345e-16
4982.09442 3.2244e-16
4983.630434 3.0107e-16
4985.166448 3.2096e-16
4986.702462 2.9944e-16
4988.238476 3.0804e-16
4989.77449 3.4129e-16
4991.310504 3.345e-16
4992.846518 3.5592e-16
4994.382532 3.5319e-16
4995.918546 3.3069e-16
4997.45456 3.5016e-16
4998.990574 3.1849e-16
5000.526588 3.1517e-16
5002.062602 3.559e-16
5003.598616 3.3555e-16
5005.13463 3.4843e-16
5006.670644 3.2645e-16
5008.206658 3.0769e-16
5009.742672 3.2882e-16
5011.278686 3.5055e-16
5012.8147 3.1616e-16
5014.350714 3.1448e-16
5015.886728 3.2788e-16
5017.422742 3.1734e-16
5018.958756 3.248e-16
5020.49477 3.516e-16
5022.030784 3.392e-16
5023.566798 3.1152e-16
5025.102812 3.1253e-16
5026.638826 2.879e-16
5028.17484 3.1514e-16
5029.710854 3.2141e-16
5031.246868 3.2957e-16
5032.782882 3.4896e-16
5034.318896 3.2518e-16
5035.85491 3.1383e-16
5037.390924 3.1088e-16
5038.926938 2.9018e-16
5040.462952 3.0594e-16
5041.998966 3.2584e-16
5043.53498 2.973e-16
5045.070994 2.9898e-16
5046.607008 3.151e-16
5048.143022 3.3759e-16
5049.679036 3.3966e-16
5051.21505 3.2046e-16
5052.751064 3.1364e-16
5054.287078 3.2107e-16
5055.823092 3.2485e-16
5057.359106 3.385e-16
5058.89512 3.4239e-16
5060.431134 3.5345e-16
5061.967148 3.3076e-16
5063.503162 3.2483e-16
5065.039176 3.5002e-16
5066.57519 3.5295e-16
5068.111204 3.153e-16
5069.647218 3.1731e-16
5071.183232 3.2439e-16
5072.719246 3.0141e-16
5074.25526 2.8493e-16
5075.791274 3.2459e-16
5077.327288 3.3936e-16
5078.863302 3.4698e-16
5080.399316 3.4116e-16
5081.93533 3.5506e-16
5083.471344 3.5987e-16
5085.007358 3.3027e-16
5086.543372 3.2319e-16
5088.079386 3.2643e-16
5089.6154 3.3138e-16
5091.151414 3.2423e-16
5092.687428 2.8579e-16
5094.223442 2.9655e-16
5095.759456 3.3952e-16
5097.29547 3.5066e-16
5098.831484 3.1856e-16
5100.367498 2.8755e-16
5101.903512 3.1845e-16
5103.439526 3.5771e-16
5104.97554 3.1793e-16
5106.511554 3.3638e-16
5108.047568 3.4333e-16
5109.583582 3.3478e-16
5111.119596 3.0786e-16
5112.65561 3.5053e-16
5114.191624 3.2579e-16
5115.727638 3.1407e-16
5117.263652 3.1274e-16
5118.799666 2.9334e-16
5120.33568 3.2232e-16
5121.871694 3.2554e-16
5123.407708 3.2756e-16
5124.943722 3.0619e-16
5126.479736 3.2005e-16
5128.01575 3.3131e-16
5129.551764 3.1376e-16
5131.087778 3.0425e-16
5132.623792 2.964e-16
5134.159806 3.1531e-16
5135.69582 3.171e-16
5137.231834 3.518e-16
5138.767848 4.9463e-16
5140.303862 5.9161e-16
5141.839876 5.9098e-16
5143.37589 5.257e-16
5144.911904 3.9451e-16
5146.447918 3.2411e-16
5147.983932 3.0806e-16
5149.519946 3.059e-16
5151.05596 2.8698e-16
5152.591974 2.9784e-16
5154.127988 3.0631e-16
5155.664002 2.79e-16
5157.200016 2.827e-16
5158.73603 2.9702e-16
5160.272044 2.9766e-16
5161.808058 3.0944e-16
5163.344072 3.3959e-16
5164.880086 3.1997e-16
5166.4161 3.079e-16
5167.952114 3.2473e-16
5169.488128 3.5016e-16
5171.024142 3.3962e-16
5172.560156 3.0427e-16
5174.09617 2.907e-16
5175.632184 3.0332e-16
5177.168198 3.2559e-16
5178.704212 3.2398e-16
5180.240226 2.9782e-16
5181.77624 3.0882e-16
5183.312254 2.9229e-16
5184.848268 3.2117e-16
5186.384282 3.251e-16
5187.920296 3.3857e-16
5189.45631 2.9532e-16
5190.992324 2.8326e-16
5192.528338 3.0324e-16
5194.064352 2.9228e-16
5195.600366 3.2358e-16
5197.13638 3.3334e-16
5198.672394 3.332e-16
5200.208408 3.1013e-16
5201.744422 2.8058e-16
5203.280436 2.8789e-16
5204.81645 3.1053e-16
5206.352464 3.1127e-16
5207.888478 2.8621e-16
5209.424492 3.3787e-16
5210.960506 3.2648e-16
5212.49652 3.0748e-16
5214.032534 3.0804e-16
5215.568548 3.5664e-16
5217.104562 3.3017e-16
5218.640576 3.0546e-16
5220.17659 3.2819e-16
5221.712604 3.3759e-16
5223.248618 3.0351e-16
5224.784632 3.2731e-16
5226.320646 3.3298e-16
5227.85666 3.3141e-16
5229.392674 3.1537e-16
5230.928688 3.1468e-16
5232.464702 3.5386e-16
5234.000716 3.172e-16
5235.53673 3.1055e-16
5237.072744 3.5371e-16
5238.608758 3.4001e-16
5240.144772 3.4905e-16
5241.680786 4.2427e-16
5243.2168 4.5564e-16
5244.752814 4.6235e-16
5246.288828 4.0846e-16
5247.824842 3.996e-16
5249.360856 3.7199e-16
5250.89687 3.5669e-16
5252.432884 3.6668e-16
5253.968898 3.4698e-16
5255.504912 3.598e-16
5257.040926 3.4401e-16
5258.57694 3.187e-16
5260.112954 3.4007e-16
5261.648968 3.7221e-16
5263.184982 3.6137e-16
5264.720996 3.6979e-16
5266.25701 3.7567e-16
5267.793024 3.2608e-16
5269.329038 2.7406e-16
5270.865052 3.2372e-16
5272.401066 3.43e-16
5273.93708 3.4226e-16
5275.473094 3.245e-16
5277.009108 3.1867e-16
5278.545122 3.4479e-16
5280.081136 3.4064e-16
5281.61715 3.1792e-16
5283.153164 3.1879e-16
5284.689178 2.963e-16
5286.225192 2.9813e-16
5287.761206 3.2074e-16
5289.29722 3.535e-16
5290.833234 4.5459e-16
5292.369248 5.4224e-16
5293.905262 6.836e-16
5295.441276 7.4752e-16
5296.97729 6.4819e-16
5298.513304 4.9537e-16
5300.049318 4.4391e-16
5301.585332 3.4851e-16
5303.121346 3.2934e-16
5304.65736 3.2735e-16
5306.193374 2.9183e-16
5307.729388 3.0654e-16
5309.265402 3.272e-16
5310.801416 2.8642e-16
5312.33743 3.0054e-16
5313.873444 2.8882e-16
5315.409458 3.0156e-16
5316.945472 3.1401e-16
5318.481486 3.0235e-16
5320.0175 2.9163e-16
5321.553514 3.1645e-16
5323.089528 3.2652e-16
5324.625542 2.7822e-16
5326.161556 3.0946e-16
5327.69757 3.3311e-16
5329.233584 3.2678e-16
5330.769598 2.6361e-16
5332.305612 2.4226e-16
5333.841626 2.6661e-16
5335.37764 2.9007e-16
5336.913654 3.1346e-16
5338.449668 3.1608e-16
5339.985682 3.2549e-16
5341.521696 3.0384e-16
5343.05771 2.8719e-16
5344.593724 2.8981e-16
5346.129738 2.8326e-16
5347.665752 3.1033e-16
5349.201766 2.8307e-16
5350.73778 2.5822e-16
5352.273794 2.8844e-16
5353.809808 2.8567e-16
5355.345822 2.6188e-16
5356.881836 2.754e-16
5358.41785 3.0451e-16
5359.953864 3.2233e-16
5361.489878 2.6047e-16
5363.025892 2.4962e-16
5364.561906 2.6306e-16
5366.09792 2.3203e-16
5367.633934 2.4978e-16
5369.169948 2.6522e-16
5370.705962 2.6267e-16
5372.241976 2.9853e-16
5373.77799 2.9301e-16
5375.314004 2.6996e-16
5376.850018 2.6506e-16
5378.386032 2.6237e-16
5379.922046 2.5575e-16
5381.45806 2.2613e-16
5382.994074 2.7153e-16
5384.530088 2.3944e-16
5386.066102 3.1161e-16
5387.602116 3.0466e-16
5389.13813 2.8093e-16
5390.674144 2.8712e-16
5392.210158 2.748e-16
5393.746172 2.6309e-16
5395.282186 2.5283e-16
5396.8182 2.5848e-16
5398.354214 3.0365e-16
5399.890228 2.9549e-16
5401.426242 2.5104e-16
5402.962256 2.8436e-16
5404.49827 2.6458e-16
5406.034284 2.7442e-16
5407.570298 2.8503e-16
5409.106312 3.0114e-16
5410.642326 2.5321e-16
5412.17834 2.7818e-16
5413.714354 2.7156e-16
5415.250368 2.6018e-16
5416.786382 2.6825e-16
5418.322396 2.4882e-16
5419.85841 3.1946e-16
5421.394424 3.1514e-16
5422.930438 2.86e-16
5424.466452 2.7196e-16
5426.002466 2.5966e-16
5427.53848 2.6594e-16
5429.074494 2.8313e-16
5430.610508 2.7995e-16
5432.146522 3.1018e-16
5433.682536 2.6351e-16
5435.21855 2.2294e-16
5436.754564 2.3995e-16
5438.290578 3.1343e-16
5439.826592 3.0271e-16
5441.362606 2.7571e-16
5442.89862 2.9922e-16
5444.434634 3.3441e-16
5445.970648 2.6898e-16
5447.506662 2.626e-16
5449.042676 3.1774e-16
5450.57869 3.0666e-16
5452.114704 2.6919e-16
5453.650718 3.0609e-16
5455.186732 2.8608e-16
5456.722746 3.0915e-16
5458.25876 3.4698e-16
5459.794774 3.6017e-16
5461.330788 4.0436e-16
5462.866802 3.0635e-16
5464.402816 2.6074e-16
5465.93883 2.6252e-16
5467.474844 2.8477e-16
5469.010858 2.2512e-16
5470.546872 2.5637e-16
5472.082886 2.5931e-16
5473.6189 2.9714e-16
5475.154914 3.1772e-16
5476.690928 2.9358e-16
5478.226942 2.8757e-16
5479.762956 2.6701e-16
5481.29897 2.5471e-16
5482.834984 2.734e-16
5484.370998 2.4529e-16
5485.907012 2.3517e-16
5487.443026 3.6452e-16
5488.97904 3.5064e-16
5490.515054 3.2502e-16
5492.051068 2.6902e-16
5493.587082 2.6191e-16
5495.123096 3.1941e-16
5496.65911 3.6695e-16
5498.195124 2.7345e-16
5499.731138 2.2822e-16
5501.267152 2.7461e-16
5502.803166 2.9411e-16
5504.33918 2.7212e-16
5505.875194 2.6009e-16
5507.411208 2.3951e-16
5508.947222 2.5002e-16
5510.483236 2.6454e-16
5512.01925 2.7073e-16
5513.555264 2.5532e-16
5515.091278 2.741e-16
5516.627292 2.7152e-16
5518.163306 2.8598e-16
5519.69932 3.2449e-16
5521.235334 2.8864e-16
5522.771348 2.6083e-16
5524.307362 2.4075e-16
5525.843376 2.7234e-16
5527.37939 2.9035e-16
5528.915404 2.9246e-16
5530.451418 2.6926e-16
5531.987432 2.4528e-16
5533.523446 2.72e-16
5535.05946 2.7121e-16
5536.595474 2.6082e-16
5538.131488 3.0088e-16
5539.667502 2.9253e-16
5541.203516 3.0552e-16
5542.73953 3.087e-16
5544.275544 2.9282e-16
5545.811558 2.4095e-16
5547.347572 2.6838e-16
5548.883586 2.6864e-16
5550.4196 2.4541e-16
5551.955614 2.7775e-16
5553.491628 2.977e-16
5555.027642 3.071e-16
5556.563656 3.3008e-16
5558.09967 3.3469e-16
5559.635684 2.7954e-16
5561.171698 2.6396e-16
5562.707712 2.4695e-16
5564.243726 2.0847e-16
5565.77974 2.1804e-16
5567.315754 3.1297e-16
5568.851768 3.412e-16
5570.387782 2.8367e-16
5571.923796 2.8504e-16
5573.45981 2.6304e-16
5574.995824 2.9606e-16
5576.531838 3.2604e-16
5578.067852 3.1205e-16
5579.603866 3.2726e-16
5581.13988 2.9566e-16
5582.675894 3.049e-16
5584.211908 2.9966e-16
5585.747922 2.9416e-16
5587.283936 3.3379e-16
5588.81995 3.3041e-16
5590.355964 2.98e-16
5591.891978 2.7815e-16
5593.427992 3.0042e-16
5594.964006 3.1929e-16
5596.50002 2.8356e-16
5598.036034 2.9173e-16
5599.572048 3.1584e-16
5601.108062 3.4012e-16
5602.644076 3.4189e-16
5604.18009 3.3525e-16
5605.716104 3.29e-16
5607.252118 2.5786e-16
5608.788132 2.9618e-16
5610.324146 2.8828e-16
5611.86016 2.8706e-16
5613.396174 3.2422e-16
5614.932188 3.081e-16
5616.468202 3.1203e-16
5618.004216 3.1511e-16
5619.54023 2.8045e-16
5621.076244 3.1628e-16
5622.612258 2.9864e-16
5624.148272 2.3301e-16
5625.684286 2.8923e-16
5627.2203 2.9609e-16
5628.756314 2.6664e-16
5630.292328 2.8394e-16
5631.828342 2.988e-16
5633.364356 2.8966e-16
5634.90037 3.0467e-16
5636.436384 3.1181e-16
5637.972398 3.1135e-16
5639.508412 3.0886e-16
5641.044426 3.1546e-16
5642.58044 3.022e-16
5644.116454 2.8575e-16
5645.652468 2.9059e-16
5647.188482 3.6276e-16
5648.724496 3.0543e-16
5650.26051 2.7272e-16
5651.796524 3.2378e-16
5653.332538 3.2244e-16
5654.868552 3.2282e-16
5656.404566 2.9971e-16
5657.94058 3.0171e-16
5659.476594 3.2599e-16
5661.012608 3.3404e-16
5662.548622 3.2641e-16
5664.084636 2.7003e-16
5665.62065 2.7518e-16
5667.156664 2.6004e-16
5668.692678 2.4603e-16
5670.228692 2.4759e-16
5671.764706 2.5269e-16
5673.30072 2.7296e-16
5674.836734 2.7796e-16
5676.372748 2.7371e-16
5677.908762 2.6316e-16
5679.444776 2.9302e-16
5680.98079 3.2196e-16
5682.516804 3.3763e-16
5684.052818 4.0117e-16
5685.588832 3.6578e-16
5687.124846 2.8512e-16
5688.66086 3.4805e-16
5690.196874 3.6153e-16
5691.732888 2.7991e-16
5693.268902 2.3535e-16
5694.804916 2.6176e-16
5696.34093 2.8528e-16
5697.876944 2.4742e-16
5699.412958 2.491e-16
5700.948972 2.6345e-16
5702.484986 2.5034e-16
5704.021 2.8699e-16
5705.557014 2.8862e-16
5707.093028 2.7873e-16
5708.629042 2.8558e-16
5710.165056 2.8903e-16
5711.70107 2.9451e-16
5713.237084 2.916e-16
5714.773098 2.8776e-16
5716.309112 3.1854e-16
5717.845126 2.9195e-16
5719.38114 2.5561e-16
5720.917154 2.8934e-16
5722.453168 2.7378e-16
5723.989182 2.8537e-16
5725.525196 3.0993e-16
5727.06121 3.2237e-16
5728.597224 2.955e-16
5730.133238 2.8995e-16
5731.669252 3.0651e-16
5733.205266 2.8456e-16
5734.74128 2.7666e-16
5736.277294 2.469e-16
5737.813308 2.5068e-16
5739.349322 2.7021e-16
5740.885336 2.7993e-16
5742.42135 2.943e-16
5743.957364 3.0723e-16
5745.493378 3.0299e-16
5747.029392 3.1145e-16
5748.565406 2.8467e-16
5750.10142 2.8664e-16
5751.637434 2.9152e-16
5753.173448 2.9803e-16
5754.709462 2.9256e-16
5756.245476 2.5072e-16
5757.78149 2.4424e-16
5759.317504 2.5921e-16
5760.853518 2.7472e-16
5762.389532 2.8206e-16
5763.925546 2.8854e-16
5765.46156 2.8707e-16
5766.997574 2.8841e-16
5768.533588 2.9563e-16
5770.069602 2.739e-16
5771.605616 2.711e-16
5773.14163 2.8258e-16
5774.677644 3.0188e-16
5776.213658 3.2036e-16
5777.749672 3.4113e-16
5779.285686 3.3924e-16
5780.8217 3.007e-16
5782.357714 2.7253e-16
5783.893728 2.6208e-16
5785.429742 2.6456e-16
5786.965756 2.7392e-16
5788.50177 2.6828e-16
5790.037784 2.5918e-16
5791.573798 2.5563e-16
5793.109812 2.8581e-16
5794.645826 3.0703e-16
5796.18184 2.9022e-16
5797.717854 2.6948e-16
5799.253868 2.5712e-16
5800.789882 2.497e-16
5802.325896 2.3751e-16
5803.86191 2.7563e-16
5805.397924 3.1682e-16
5806.933938 2.9155e-16
5808.469952 2.664e-16
5810.005966 2.723e-16
5811.54198 2.7378e-16
5813.077994 2.6463e-16
5814.614008 2.8258e-16
5816.150022 2.7625e-16
5817.686036 2.5388e-16
5819.22205 2.8948e-16
5820.758064 2.9169e-16
5822.294078 2.5998e-16
5823.830092 2.5986e-16
5825.366106 2.731e-16
5826.90212 2.6388e-16
5828.438134 2.5531e-16
5829.974148 2.9185e-16
5831.510162 3.1136e-16
5833.046176 3.0605e-16
5834.58219 3.2412e-16
5836.118204 3.0475e-16
5837.654218 2.9586e-16
5839.190232 2.8851e-16
5840.726246 2.6579e-16
5842.26226 2.8194e-16
5843.798274 3.0208e-16
5845.334288 2.8893e-16
5846.870302 2.7059e-16
5848.406316 2.6564e-16
5849.94233 2.8539e-16
5851.478344 3.2045e-16
5853.014358 3.5641e-16
5854.550372 3.2338e-16
5856.086386 3.0531e-16
5857.6224 3.0557e-16
5859.158414 2.8239e-16
5860.694428 2.7185e-16
5862.230442 2.6661e-16
5863.766456 2.552e-16
5865.30247 2.6434e-16
5866.838484 2.7601e-16
5868.374498 2.5258e-16
5869.910512 2.7969e-16
5871.446526 2.8112e-16
5872.98254 2.2963e-16
5874.518554 2.194e-16
5876.054568 2.3447e-16
5877.590582 2.7388e-16
5879.126596 2.7144e-16
5880.66261 2.7297e-16
5882.198624 2.8167e-16
5883.734638 3.0151e-16
5885.270652 2.9818e-16
5886.806666 3.2338e-16
5888.34268 2.6428e-16
5889.878694 2.0453e-16
5891.414708 3.5568e-16
5892.950722 3.2371e-16
5894.486736 3.3816e-16
5896.02275 3.0771e-16
5897.558764 3.0269e-16
5899.094778 2.9757e-16
5900.630792 2.4002e-16
5902.166806 2.6622e-16
5903.70282 2.49e-16
5905.238834 2.7547e-16
5906.774848 2.7492e-16
5908.310862 2.4832e-16
5909.846876 2.5791e-16
5911.38289 2.7302e-16
5912.918904 2.8482e-16
5914.454918 2.8981e-16
5915.990932 3.1121e-16
5917.526946 3.091e-16
5919.06296 2.7497e-16
5920.598974 2.4405e-16
5922.134988 2.2545e-16
5923.671002 2.5142e-16
5925.207016 2.8278e-16
5926.74303 2.9233e-16
5928.279044 2.8624e-16
5929.815058 2.9354e-16
5931.351072 2.8577e-16
5932.887086 3.22e-16
5934.4231 3.1105e-16
5935.959114 2.6219e-16
5937.495128 2.5837e-16
5939.031142 2.7832e-16
5940.567156 2.659e-16
5942.10317 2.4174e-16
5943.639184 2.7537e-16
5945.175198 2.7435e-16
5946.711212 2.6748e-16
5948.247226 3.02e-16
5949.78324 2.8259e-16
5951.319254 2.6862e-16
5952.855268 2.6297e-16
5954.391282 2.6487e-16
5955.927296 2.5306e-16
5957.46331 2.522e-16
5958.999324 2.5813e-16
5960.535338 2.3877e-16
5962.071352 2.327e-16
5963.607366 2.5143e-16
5965.14338 2.8272e-16
5966.679394 2.8187e-16
5968.215408 2.4704e-16
5969.751422 2.2678e-16
5971.287436 2.6383e-16
5972.82345 2.7209e-16
5974.359464 2.5469e-16
5975.895478 2.836e-16
5977.431492 2.9373e-16
5978.967506 2.4769e-16
5980.50352 2.3027e-16
5982.039534 2.4663e-16
5983.575548 2.4811e-16
5985.111562 2.4651e-16
5986.647576 2.4969e-16
5988.18359 2.3883e-16
5989.719604 2.368e-16
5991.255618 2.8208e-16
5992.791632 2.9573e-16
5994.327646 2.8683e-16
5995.86366 2.8386e-16
5997.399674 2.6812e-16
5998.935688 2.6521e-16
6000.471702 2.7432e-16
6002.007716 2.5423e-16
6003.54373 2.2053e-16
6005.079744 2.4961e-16
6006.615758 2.7671e-16
6008.151772 2.6594e-16
6009.687786 2.4813e-16
6011.2238 2.4487e-16
6012.759814 2.6186e-16
6014.295828 2.7081e-16
6015.831842 2.6196e-16
6017.367856 2.6868e-16
6018.90387 2.6258e-16
6020.439884 2.7117e-16
6021.975898 2.9573e-16
6023.511912 3.0413e-16
6025.047926 2.4957e-16
6026.58394 2.3398e-16
6028.119954 2.5792e-16
6029.655968 2.5788e-16
6031.191982 2.5368e-16
6032.727996 2.5645e-16
6034.26401 2.5253e-16
6035.800024 2.4343e-16
6037.336038 2.4013e-16
6038.872052 2.6254e-16
6040.408066 2.6692e-16
6041.94408 2.6893e-16
6043.480094 2.5989e-16
6045.016108 2.6554e-16
6046.552122 2.562e-16
6048.088136 2.3195e-16
6049.62415 2.4526e-16
6051.160164 2.6908e-16
6052.696178 2.7797e-16
6054.232192 2.707e-16
6055.768206 2.5909e-16
6057.30422 2.364e-16
6058.840234 2.5631e-16
6060.376248 2.5355e-16
6061.912262 2.5664e-16
6063.448276 2.363e-16
6064.98429 2.2037e-16
6066.520304 2.3178e-16
6068.056318 2.3085e-16
6069.592332 2.5181e-16
6071.128346 2.7015e-16
6072.66436 2.7482e-16
6074.200374 2.4425e-16
6075.736388 2.6304e-16
6077.272402 2.7766e-16
6078.808416 2.6679e-16
6080.34443 2.705e-16
6081.880444 2.7349e-16
6083.416458 2.6453e-16
6084.952472 2.6594e-16
6086.488486 2.4936e-16
6088.0245 2.4878e-16
6089.560514 2.6077e-16
6091.096528 2.619e-16
6092.632542 2.4586e-16
6094.168556 2.322e-16
6095.70457 2.5205e-16
6097.240584 2.7435e-16
6098.776598 2.6948e-16
6100.312612 2.9258e-16
6101.848626 3.0507e-16
6103.38464 2.8802e-16
6104.920654 2.7398e-16
6106.456668 2.9149e-16
6107.992682 2.7232e-16
6109.528696 2.4982e-16
6111.06471 2.407e-16
6112.600724 2.6086e-16
6114.136738 2.793e-16
6115.672752 2.761e-16
6117.208766 2.7255e-16
6118.74478 2.5659e-16
6120.280794 2.4586e-16
6121.816808 2.5307e-16
6123.352822 2.7496e-16
6124.888836 2.6241e-16
6126.42485 2.3098e-16
6127.960864 2.4435e-16
6129.496878 2.7617e-16
6131.032892 2.6051e-16
6132.568906 2.599e-16
6134.10492 2.5142e-16
6135.640934 2.4949e-16
6137.176948 2.763e-16
6138.712962 2.5155e-16
6140.248976 2.3758e-16
6141.78499 2.6597e-16
6143.321004 2.5346e-16
6144.857018 2.5202e-16
6146.393032 2.6938e-16
6147.929046 2.5998e-16
6149.46506 2.5596e-16
6151.001074 2.5075e-16
6152.537088 2.5441e-16
6154.073102 2.995e-16
6155.609116 3.0886e-16
6157.14513 2.3062e-16
6158.681144 2.2492e-16
6160.217158 2.4475e-16
6161.753172 2.4672e-16
6163.289186 2.7822e-16
6164.8252 2.9065e-16
6166.361214 2.9445e-16
6167.897228 2.8894e-16
6169.433242 2.6934e-16
6170.969256 2.6881e-16
6172.50527 2.8996e-16
6174.041284 2.8173e-16
6175.577298 2.6362e-16
6177.113312 2.7133e-16
6178.649326 2.6059e-16
6180.18534 2.3701e-16
6181.721354 2.2778e-16
6183.257368 2.5137e-16
6184.793382 2.7441e-16
6186.329396 2.7674e-16
6187.86541 2.6685e-16
6189.401424 2.6129e-16
6190.937438 2.6507e-16
6192.473452 2.5759e-16
6194.009466 2.5946e-16
6195.54548 2.6096e-16
6197.081494 2.5368e-16
6198.617508 2.6284e-16
6200.153522 2.5966e-16
6201.689536 2.356e-16
6203.22555 2.3738e-16
6204.761564 2.7512e-16
6206.297578 2.971e-16
6207.833592 3.0435e-16
6209.369606 2.9534e-16
6210.90562 2.7308e-16
6212.441634 2.6391e-16
6213.977648 2.7563e-16
6215.513662 2.891e-16
6217.049676 3.062e-16
6218.58569 3.056e-16
6220.121704 2.635e-16
6221.657718 2.2992e-16
6223.193732 2.2508e-16
6224.729746 2.3016e-16
6226.26576 2.2871e-16
6227.801774 2.3139e-16
6229.337788 2.3113e-16
6230.873802 2.194e-16
6232.409816 2.2378e-16
6233.94583 2.3763e-16
6235.481844 2.2899e-16
6237.017858 2.413e-16
6238.553872 2.5985e-16
6240.089886 2.5588e-16
6241.6259 2.3401e-16
6243.161914 2.3079e-16
6244.697928 2.7487e-16
6246.233942 2.8247e-16
6247.769956 2.6039e-16
6249.30597 2.8426e-16
6250.841984 3.0183e-16
6252.377998 2.9304e-16
6253.914012 2.7117e-16
6255.450026 2.422e-16
6256.98604 2.6798e-16
6258.522054 2.7422e-16
6260.058068 2.3544e-16
6261.594082 2.5522e-16
6263.130096 2.6917e-16
6264.66611 2.3512e-16
6266.202124 2.181e-16
6267.738138 2.5168e-16
6269.274152 2.599e-16
6270.810166 2.5485e-16
6272.34618 2.5868e-16
6273.882194 2.6137e-16
6275.418208 2.6596e-16
6276.954222 2.816e-16
6278.490236 2.6289e-16
6280.02625 2.3348e-16
6281.562264 2.6411e-16
6283.098278 3.0083e-16
6284.634292 2.7478e-16
6286.170306 2.6826e-16
6287.70632 2.6678e-16
6289.242334 2.4296e-16
6290.778348 2.4104e-16
6292.314362 2.9779e-16
6293.850376 2.7461e-16
6295.38639 2.5316e-16
6296.922404 2.3347e-16
6298.458418 2.6364e-16
6299.994432 2.6781e-16
6301.530446 2.7542e-16
6303.06646 2.7429e-16
6304.602474 2.7067e-16
6306.138488 2.6284e-16
6307.674502 2.5153e-16
6309.210516 2.4953e-16
6310.74653 2.7751e-16
6312.282544 2.534e-16
6313.818558 2.3079e-16
6315.354572 2.4026e-16
6316.890586 2.3802e-16
6318.4266 2.4776e-16
6319.962614 2.5605e-16
6321.498628 2.528e-16
6323.034642 2.7527e-16
6324.570656 2.6849e-16
6326.10667 2.7525e-16
6327.642684 2.6596e-16
6329.178698 2.47e-16
6330.714712 2.4533e-16
6332.250726 2.6381e-16
6333.78674 2.2632e-16
6335.322754 2.1335e-16
6336.858768 2.5967e-16
6338.394782 2.7437e-16
6339.930796 2.5985e-16
6341.46681 2.4935e-16
6343.002824 2.5788e-16
6344.538838 2.7121e-16
6346.074852 2.5104e-16
6347.610866 2.5936e-16
6349.14688 2.5108e-16
6350.682894 2.6045e-16
6352.218908 2.3908e-16
6353.754922 2.2876e-16
6355.290936 2.2373e-16
6356.82695 2.2391e-16
6358.362964 2.5585e-16
6359.898978 2.8349e-16
6361.434992 2.5306e-16
6362.971006 2.2393e-16
6364.50702 2.1714e-16
6366.043034 2.4313e-16
6367.579048 2.5037e-16
6369.115062 2.5129e-16
6370.651076 2.4697e-16
6372.18709 2.6302e-16
6373.723104 2.5467e-16
6375.259118 2.5221e-16
6376.795132 2.5848e-16
6378.331146 2.4217e-16
6379.86716 2.4573e-16
6381.403174 2.4727e-16
6382.939188 2.1846e-16
6384.475202 2.3202e-16
6386.011216 2.5087e-16
6387.54723 2.6104e-16
6389.083244 2.7184e-16
6390.619258 2.7567e-16
6392.155272 2.5838e-16
6393.691286 2.4721e-16
6395.2273 2.5311e-16
6396.763314 2.6389e-16
6398.299328 2.6629e-16
6399.835342 2.6815e-16
6401.371356 2.611e-16
6402.90737 2.5425e-16
6404.443384 2.4193e-16
6405.979398 2.5479e-16
6407.515412 2.3273e-16
6409.051426 2.2358e-16
6410.58744 2.4225e-16
6412.123454 2.4478e-16
6413.659468 2.4866e-16
6415.195482 2.456e-16
6416.731496 2.5202e-16
6418.26751 2.5326e-16
6419.803524 2.1941e-16
6421.339538 2.2439e-16
6422.875552 2.5435e-16
6424.411566 2.5241e-16
6425.94758 2.5766e-16
6427.483594 2.6891e-16
6429.019608 2.6716e-16
6430.555622 2.5434e-16
6432.091636 2.583e-16
6433.62765 2.3848e-16
6435.163664 2.1057e-16
6436.699678 2.3003e-16
6438.235692 2.4624e-16
6439.771706 2.4161e-16
6441.30772 2.3111e-16
6442.843734 2.6052e-16
6444.379748 2.9004e-16
6445.915762 2.707e-16
6447.451776 2.3632e-16
6448.98779 2.2028e-16
6450.523804 2.1564e-16
6452.059818 2.5461e-16
6453.595832 2.5344e-16
6455.131846 2.2596e-16
6456.66786 2.4804e-16
6458.203874 2.763e-16
6459.739888 2.5214e-16
6461.275902 2.3261e-16
6462.811916 2.6224e-16
6464.34793 2.6623e-16
6465.883944 2.279e-16
6467.419958 2.1458e-16
6468.955972 2.1987e-16
6470.491986 2.2913e-16
6472.028 2.3048e-16
6473.564014 2.3497e-16
6475.100028 2.5755e-16
6476.636042 2.729e-16
6478.172056 2.6069e-16
6479.70807 2.423e-16
6481.244084 2.3724e-16
6482.780098 2.2794e-16
6484.316112 2.3271e-16
6485.852126 2.4777e-16
6487.38814 2.5023e-16
6488.924154 2.5806e-16
6490.460168 2.5839e-16
6491.996182 2.5904e-16
6493.532196 2.7905e-16
6495.06821 2.8555e-16
6496.604224 2.6016e-16
6498.140238 2.4355e-16
6499.676252 2.484e-16
6501.212266 2.5141e-16
6502.74828 2.5399e-16
6504.284294 2.4499e-16
6505.820308 2.3391e-16
6507.356322 2.3184e-16
6508.892336 2.3418e-16
6510.42835 2.3739e-16
6511.964364 2.3915e-16
6513.500378 2.4302e-16
6515.036392 2.4572e-16
6516.572406 2.4084e-16
6518.10842 2.4074e-16
6519.644434 2.3815e-16
6521.180448 2.3312e-16
6522.716462 2.3278e-16
6524.252476 2.2794e-16
6525.78849 2.4104e-16
6527.324504 2.5274e-16
6528.860518 2.4185e-16
6530.396532 2.296e-16
6531.932546 2.3708e-16
6533.46856 2.471e-16
6535.004574 2.3996e-16
6536.540588 2.3623e-16
6538.076602 2.3819e-16
6539.612616 2.3338e-16
6541.14863 2.3443e-16
6542.684644 2.1206e-16
6544.220658 2.0214e-16
6545.756672 2.1756e-16
6547.292686 2.3759e-16
6548.8287 2.4584e-16
6550.364714 2.5014e-16
6551.900728 2.7942e-16
6553.436742 2.8571e-16
6554.972756 2.4628e-16
6556.50877 2.5356e-16
6558.044784 3.0389e-16
6559.580798 3.3157e-16
6561.116812 3.1965e-16
6562.652826 2.7689e-16
6564.18884 2.6879e-16
6565.724854 2.5852e-16
6567.260868 2.4415e-16
6568.796882 2.5986e-16
6570.332896 2.7171e-16
6571.86891 2.5688e-16
6573.404924 2.5208e-16
6574.940938 2.4793e-16
6576.476952 2.5314e-16
6578.012966 2.4427e-16
6579.54898 2.4591e-16
6581.084994 2.4563e-16
6582.621008 2.4908e-16
6584.157022 2.4087e-16
6585.693036 2.3445e-16
6587.22905 2.3248e-16
6588.765064 2.4031e-16
6590.301078 2.5446e-16
6591.837092 2.5535e-16
6593.373106 2.2959e-16
6594.90912 2.2124e-16
6596.445134 2.3407e-16
6597.981148 2.2564e-16
6599.517162 2.2097e-16
6601.053176 2.3549e-16
6602.58919 2.3112e-16
6604.125204 2.2541e-16
6605.661218 2.279e-16
6607.197232 2.3854e-16
6608.733246 2.3118e-16
6610.26926 2.2985e-16
6611.805274 2.2981e-16
6613.341288 2.4129e-16
6614.877302 2.4502e-16
6616.413316 2.3602e-16
6617.94933 2.3925e-16
6619.485344 2.2322e-16
6621.021358 2.2485e-16
6622.557372 2.4567e-16
6624.093386 2.5165e-16
6625.6294 2.4452e-16
6627.165414 2.4608e-16
6628.701428 2.3255e-16
6630.237442 2.0852e-16
6631.773456 2.2055e-16
6633.30947 2.4449e-16
6634.845484 2.6473e-16
6636.381498 2.5889e-16
6637.917512 2.3633e-16
6639.453526 2.4229e-16
6640.98954 2.5244e-16
6642.525554 2.3977e-16
6644.061568 2.4935e-16
6645.597582 2.5085e-16
6647.133596 2.4484e-16
6648.66961 2.5592e-16
6650.205624 2.509e-16
6651.741638 2.2324e-16
6653.277652 2.1922e-16
6654.813666 2.3708e-16
6656.34968 2.5887e-16
6657.885694 2.5671e-16
6659.421708 2.6278e-16
6660.957722 2.7282e-16
6662.493736 2.5978e-16
6664.02975 2.5505e-16
6665.565764 2.5417e-16
6667.101778 2.5803e-16
6668.637792 2.5059e-16
6670.173806 2.4163e-16
6671.70982 2.5323e-16
6673.245834 2.5244e-16
6674.781848 2.6082e-16
6676.317862 2.4842e-16
6677.853876 2.2311e-16
6679.38989 2.1863e-16
6680.925904 2.2638e-16
6682.461918 2.4464e-16
6683.997932 2.4521e-16
6685.533946 2.3799e-16
6687.06996 2.5435e-16
6688.605974 2.5587e-16
6690.141988 2.4061e-16
6691.678002 2.3838e-16
6693.214016 2.4155e-16
6694.75003 2.4575e-16
6696.286044 2.6986e-16
6697.822058 2.663e-16
6699.358072 2.5002e-16
6700.894086 2.3841e-16
6702.4301 2.3675e-16
6703.966114 2.575e-16
6705.502128 2.5428e-16
6707.038142 2.5012e-16
6708.574156 2.5295e-16
6710.11017 2.4732e-16
6711.646184 2.4272e-16
6713.182198 2.4426e-16
6714.718212 2.3287e-16
6716.254226 2.4896e-16
6717.79024 2.3987e-16
6719.326254 2.4059e-16
6720.862268 2.4889e-16
6722.398282 2.5854e-16
6723.934296 2.6136e-16
6725.47031 2.5421e-16
6727.006324 2.535e-16
6728.542338 2.4391e-16
6730.078352 2.4286e-16
6731.614366 2.3413e-16
6733.15038 2.4694e-16
6734.686394 2.61e-16
6736.222408 2.6612e-16
6737.758422 2.4612e-16
6739.294436 2.3557e-16
6740.83045 2.5493e-16
6742.366464 2.4806e-16
6743.902478 2.3006e-16
6745.438492 2.3662e-16
6746.974506 2.5483e-16
6748.51052 2.5654e-16
6750.046534 2.4522e-16
6751.582548 2.2847e-16
6753.118562 2.4666e-16
6754.654576 2.6176e-16
6756.19059 2.4639e-16
6757.726604 2.4941e-16
6759.262618 2.5893e-16
6760.798632 2.5107e-16
6762.334646 2.4673e-16
6763.87066 2.3114e-16
6765.406674 2.3087e-16
6766.942688 2.4185e-16
6768.478702 2.3357e-16
6770.014716 2.3839e-16
6771.55073 2.3637e-16
6773.086744 2.3478e-16
6774.622758 2.4431e-16
6776.158772 2.3338e-16
6777.694786 2.3344e-16
6779.2308 2.3962e-16
6780.766814 2.4044e-16
6782.302828 2.511e-16
6783.838842 2.5203e-16
6785.374856 2.4524e-16
6786.91087 2.4831e-16
6788.446884 2.4902e-16
6789.982898 2.5223e-16
6791.518912 2.5529e-16
6793.054926 2.4308e-16
6794.59094 2.359e-16
6796.126954 2.4134e-16
6797.662968 2.4896e-16
6799.198982 2.7279e-16
6800.734996 2.6865e-16
6802.27101 2.5831e-16
6803.807024 2.4502e-16
6805.343038 2.4323e-16
6806.879052 2.4948e-16
6808.415066 2.5242e-16
6809.95108 2.6238e-16
6811.487094 2.6156e-16
6813.023108 2.2747e-16
6814.559122 2.2952e-16
6816.095136 2.481e-16
6817.63115 2.451e-16
6819.167164 2.539e-16
6820.703178 2.4429e-16
6822.239192 2.4807e-16
6823.775206 2.489e-16
6825.31122 2.5555e-16
6826.847234 2.596e-16
6828.383248 2.7322e-16
6829.919262 2.4869e-16
6831.455276 2.2236e-16
6832.99129 2.4161e-16
6834.527304 2.2442e-16
6836.063318 2.0311e-16
6837.599332 2.1144e-16
6839.135346 2.1192e-16
6840.67136 2.3713e-16
6842.207374 2.4225e-16
6843.743388 2.1562e-16
6845.279402 2.1074e-16
6846.815416 2.4493e-16
6848.35143 2.3585e-16
6849.887444 2.2071e-16
6851.423458 2.0421e-16
6852.959472 2.0528e-16
6854.495486 2.2966e-16
6856.0315 2.4385e-16
6857.567514 2.4892e-16
6859.103528 2.4908e-16
6860.639542 2.4351e-16
6862.175556 2.3616e-16
6863.71157 2.211e-16
6865.247584 2.2038e-16
6866.783598 2.2358e-16
6868.319612 2.0363e-16
6869.855626 1.99e-16
6871.39164 2.2119e-16
6872.927654 2.4253e-16
6874.463668 2.277e-16
6875.999682 2.3282e-16
6877.535696 2.49e-16
6879.07171 2.4009e-16
6880.607724 2.2836e-16
6882.143738 2.3909e-16
6883.679752 2.6219e-16
6885.215766 2.6246e-16
6886.75178 2.6398e-16
6888.287794 2.6683e-16
6889.823808 2.4734e-16
6891.359822 2.3819e-16
6892.895836 2.4568e-16
6894.43185 2.4199e-16
6895.967864 2.2408e-16
6897.503878 2.5227e-16
6899.039892 2.5135e-16
6900.575906 2.3912e-16
6902.11192 2.3333e-16
6903.647934 2.4409e-16
6905.183948 2.5162e-16
6906.719962 2.408e-16
6908.255976 2.1944e-16
6909.79199 2.3542e-16
6911.328004 2.6922e-16
6912.864018 2.3612e-16
6914.400032 2.0862e-16
6915.936046 2.4953e-16
6917.47206 2.8199e-16
6919.008074 2.9021e-16
6920.544088 2.9539e-16
6922.080102 3.0879e-16
6923.616116 2.8761e-16
6925.15213 2.4969e-16
6926.688144 2.2745e-16
6928.224158 2.5065e-16
6929.760172 3.2399e-16
6931.296186 4.4926e-16
6932.8322 6.5212e-16
6934.368214 8.9155e-16
6935.904228 9.9111e-16
6937.440242 9.3285e-16
6938.976256 8.2244e-16
6940.51227 6.3391e-16
6942.048284 4.1776e-16
6943.584298 2.8698e-16
6945.120312 2.5322e-16
6946.656326 2.4042e-16
6948.19234 2.1874e-16
6949.728354 2.1708e-16
6951.264368 2.2707e-16
6952.800382 2.6875e-16
6954.336396 3.3806e-16
6955.87241 3.9902e-16
6957.408424 4.1654e-16
6958.944438 4.0551e-16
6960.480452 3.74e-16
6962.016466 3.2896e-16
6963.55248 2.8018e-16
6965.088494 2.5695e-16
6966.624508 2.4449e-16
6968.160522 2.4517e-16
6969.696536 2.3836e-16
6971.23255 2.316e-16
6972.768564 2.3186e-16
6974.304578 2.3469e-16
6975.840592 2.5118e-16
6977.376606 2.302e-16
6978.91262 2.3552e-16
6980.448634 2.2685e-16
6981.984648 2.2047e-16
6983.520662 2.1848e-16
6985.056676 2.1604e-16
6986.59269 2.4022e-16
6988.128704 2.4581e-16
6989.664718 2.3246e-16
6991.200732 2.2419e-16
6992.736746 2.3198e-16
6994.27276 2.3797e-16
6995.808774 2.2623e-16
6997.344788 2.1424e-16
6998.880802 2.2071e-16
7000.416816 2.3934e-16
7001.95283 2.478e-16
7003.488844 2.3128e-16
7005.024858 2.3127e-16
7006.560872 2.3449e-16
7008.096886 2.1988e-16
7009.6329 2.1783e-16
7011.168914 2.3392e-16
7012.704928 2.4188e-16
7014.240942 2.3058e-16
7015.776956 2.3639e-16
7017.31297 2.4149e-16
7018.848984 2.3404e-16
7020.384998 2.2833e-16
7021.921012 2.2808e-16
7023.457026 2.1455e-16
7024.99304 2.1714e-16
7026.529054 2.2491e-16
7028.065068 2.3629e-16
7029.601082 2.4256e-16
7031.137096 2.4534e-16
7032.67311 2.4494e-16
7034.209124 2.2274e-16
7035.745138 2.2493e-16
7037.281152 2.2352e-16
7038.817166 2.2263e-16
7040.35318 2.2889e-16
7041.889194 2.3911e-16
7043.425208 2.4468e-16
7044.961222 2.307e-16
7046.497236 2.3359e-16
7048.03325 2.4162e-16
7049.569264 2.4605e-16
7051.105278 2.2631e-16
7052.641292 2.0862e-16
7054.177306 2.1856e-16
7055.71332 2.3984e-16
7057.249334 2.2755e-16
7058.785348 2.1323e-16
7060.321362 2.1703e-16
7061.857376 2.1595e-16
7063.39339 2.0835e-16
7064.929404 2.0748e-16
7066.465418 2.2241e-16
7068.001432 2.2575e-16
7069.537446 2.1932e-16
7071.07346 2.1472e-16
7072.609474 2.2839e-16
7074.145488 2.2163e-16
7075.681502 2.1945e-16
7077.217516 2.2273e-16
7078.75353 2.5017e-16
7080.289544 2.3648e-16
7081.825558 2.0853e-16
7083.361572 2.0724e-16
7084.897586 2.1759e-16
7086.4336 2.2276e-16
7087.969614 2.2537e-16
7089.505628 2.0911e-16
7091.041642 2.2269e-16
7092.577656 2.7222e-16
7094.11367 3.0816e-16
7095.649684 3.8012e-16
7097.185698 4.1208e-16
7098.721712 3.976e-16
7100.257726 3.9783e-16
7101.79374 3.668e-16
7103.329754 3.2228e-16
7104.865768 2.6069e-16
7106.401782 2.5302e-16
7107.937796 2.636e-16
7109.47381 3.0927e-16
7111.009824 3.2926e-16
7112.545838 3.5259e-16
7114.081852 3.6912e-16
7115.617866 3.9237e-16
7117.15388 3.4973e-16
7118.689894 2.8755e-16
7120.225908 2.3917e-16
7121.761922 2.2756e-16
7123.297936 2.1799e-16
7124.83395 2.125e-16
7126.369964 2.1037e-16
7127.905978 2.114e-16
7129.441992 2.244e-16
7130.978006 2.1432e-16
7132.51402 2.2612e-16
7134.050034 2.219e-16
7135.586048 2.1065e-16
7137.122062 2.1717e-16
7138.658076 2.1342e-16
7140.19409 1.9964e-16
7141.730104 2.2152e-16
7143.266118 2.2108e-16
7144.802132 2.1199e-16
7146.338146 2.1258e-16
7147.87416 2.2038e-16
7149.410174 2.2523e-16
7150.946188 2.1902e-16
7152.482202 2.2304e-16
7154.018216 2.3179e-16
7155.55423 2.1608e-16
7157.090244 2.2395e-16
7158.626258 2.3451e-16
7160.162272 2.3721e-16
7161.698286 2.3354e-16
7163.2343 2.366e-16
7164.770314 2.2458e-16
7166.306328 2.0592e-16
7167.842342 2.0268e-16
7169.378356 2.0599e-16
7170.91437 2.2104e-16
7172.450384 2.3085e-16
7173.986398 2.2272e-16
7175.522412 2.2045e-16
7177.058426 2.1688e-16
7178.59444 2.173e-16
7180.130454 2.1317e-16
7181.666468 2.0939e-16
7183.202482 2.1915e-16
7184.738496 2.346e-16
7186.27451 2.3139e-16
7187.810524 2.3536e-16
7189.346538 2.2698e-16
7190.882552 2.0953e-16
7192.418566 2.0126e-16
7193.95458 1.9639e-16
7195.490594 2.123e-16
7197.026608 2.3048e-16
7198.562622 2.2729e-16
7200.098636 2.1757e-16
7201.63465 2.1511e-16
7203.170664 2.2267e-16
7204.706678 2.2771e-16
7206.242692 2.1787e-16
7207.778706 2.112e-16
7209.31472 2.2974e-16
7210.850734 2.3595e-16
7212.386748 2.1926e-16
7213.922762 2.2424e-16
7215.458776 2.2663e-16
7216.99479 2.3956e-16
7218.530804 2.2957e-16
7220.066818 2.282e-16
7221.602832 2.232e-16
7223.138846 2.2744e-16
7224.67486 2.3692e-16
7226.210874 2.112e-16
7227.746888 2.1043e-16
7229.282902 2.2208e-16
7230.818916 2.3897e-16
7232.35493 2.3179e-16
7233.890944 2.4063e-16
7235.426958 2.3282e-16
7236.962972 2.0572e-16
7238.498986 2.4162e-16
7240.035 2.4639e-16
7241.571014 2.0525e-16
7243.107028 1.9214e-16
7244.643042 2.0632e-16
7246.179056 2.4855e-16
7247.71507 2.4279e-16
7249.251084 2.1919e-16
7250.787098 2.235e-16
7252.323112 2.4077e-16
7253.859126 2.3424e-16
7255.39514 2.2649e-16
7256.931154 2.0304e-16
7258.467168 2.1647e-16
7260.003182 2.3739e-16
7261.539196 2.2921e-16
7263.07521 2.0033e-16
7264.611224 2.0607e-16
7266.147238 2.1541e-16
7267.683252 2.1967e-16
7269.219266 2.5573e-16
7270.75528 2.3821e-16
7272.291294 2.4169e-16
7273.827308 2.5316e-16
7275.363322 2.5661e-16
7276.899336 2.3609e-16
7278.43535 2.2999e-16
7279.971364 2.029e-16
7281.507378 2.2425e-16
7283.043392 2.0986e-16
7284.579406 2.3597e-16
7286.11542 2.6529e-16
7287.651434 2.4263e-16
7289.187448 2.2981e-16
7290.723462 2.2349e-16
7292.259476 2.182e-16
7293.79549 2.2896e-16
7295.331504 2.3426e-16
7296.867518 2.32e-16
7298.403532 2.434e-16
7299.939546 2.3529e-16
7301.47556 2.3093e-16
7303.011574 2.2367e-16
7304.547588 2.3343e-16
7306.083602 2.3514e-16
7307.619616 2.3232e-16
7309.15563 2.3579e-16
7310.691644 2.207e-16
7312.227658 2.42e-16
7313.763672 2.5774e-16
7315.299686 2.2403e-16
7316.8357 2.2722e-16
7318.371714 2.2318e-16
7319.907728 2.0091e-16
7321.443742 2.1631e-16
7322.979756 2.238e-16
7324.51577 2.2546e-16
7326.051784 2.2118e-16
7327.587798 2.377e-16
7329.123812 2.4279e-16
7330.659826 2.3998e-16
7332.19584 2.2135e-16
7333.731854 2.0825e-16
7335.267868 2.3264e-16
7336.803882 2.4812e-16
7338.339896 2.5274e-16
7339.87591 2.5513e-16
7341.411924 2.368e-16
7342.947938 2.0963e-16
7344.483952 1.9964e-16
7346.019966 2.3156e-16
7347.55598 2.4659e-16
7349.091994 2.3511e-16
7350.628008 2.4e-16
7352.164022 2.2581e-16
7353.700036 2.2486e-16
7355.23605 2.3716e-16
7356.772064 2.4875e-16
7358.308078 2.4802e-16
7359.844092 2.497e-16
7361.380106 2.5375e-16
7362.91612 2.23e-16
7364.452134 2.0698e-16
7365.988148 2.2352e-16
7367.524162 2.4153e-16
7369.060176 2.2171e-16
7370.59619 1.9998e-16
7372.132204 2.1239e-16
7373.668218 2.2781e-16
7375.204232 2.305e-16
7376.740246 2.2476e-16
7378.27626 2.1086e-16
7379.812274 1.9429e-16
7381.348288 2.0132e-16
7382.884302 2.0648e-16
7384.420316 2.1834e-16
7385.95633 2.2307e-16
7387.492344 2.2891e-16
7389.028358 2.3493e-16
7390.564372 2.2491e-16
7392.100386 2.0846e-16
7393.6364 2.0194e-16
7395.172414 2.1123e-16
7396.708428 2.1566e-16
7398.244442 2.3738e-16
7399.780456 2.3165e-16
7401.31647 2.1298e-16
7402.852484 2.1356e-16
7404.388498 2.283e-16
7405.924512 2.3485e-16
7407.460526 2.3076e-16
7408.99654 2.3288e-16
7410.532554 2.2385e-16
7412.068568 2.1932e-16
7413.604582 2.1443e-16
7415.140596 2.0947e-16
7416.67661 2.0264e-16
7418.212624 1.9823e-16
7419.748638 2.1153e-16
7421.284652 2.2127e-16
7422.820666 2.2944e-16
7424.35668 2.1953e-16
7425.892694 2.0061e-16
7427.428708 1.9883e-16
7428.964722 2.0514e-16
7430.500736 2.2077e-16
7432.03675 2.0802e-16
7433.572764 1.8955e-16
7435.108778 2.0576e-16
7436.644792 2.3061e-16
7438.180806 2.4673e-16
7439.71682 2.2603e-16
7441.252834 1.963e-16
7442.788848 2.0634e-16
7444.324862 2.1423e-16
7445.860876 2.124e-16
7447.39689 2.1205e-16
7448.932904 2.076e-16
7450.468918 2.0742e-16
7452.004932 2.1147e-16
7453.540946 2.1384e-16
7455.07696 2.0473e-16
7456.612974 2.0552e-16
7458.148988 2.1481e-16
7459.685002 2.1334e-16
7461.221016 2.1454e-16
7462.75703 2.1905e-16
7464.293044 2.222e-16
7465.829058 2.2141e-16
7467.365072 2.1331e-16
7468.901086 2.091e-16
7470.4371 2.1852e-16
7471.973114 2.3584e-16
7473.509128 2.4053e-16
7475.045142 2.1542e-16
7476.581156 1.934e-16
7478.11717 2.0325e-16
7479.653184 2.09e-16
7481.189198 2.106e-16
7482.725212 2.1478e-16
7484.261226 2.0727e-16
7485.79724 2.1315e-16
7487.333254 2.1342e-16
7488.869268 2.0747e-16
7490.405282 2.1755e-16
7491.941296 2.1609e-16
7493.47731 2.0648e-16
7495.013324 2.0091e-16
7496.549338 1.9791e-16
7498.085352 1.9577e-16
7499.621366 1.9839e-16
7501.15738 2.0416e-16
7502.693394 2.2157e-16
7504.229408 2.2287e-16
7505.765422 2.0397e-16
7507.301436 2.078e-16
7508.83745 2.1577e-16
7510.373464 2.1069e-16
7511.909478 2.1163e-16
7513.445492 2.1591e-16
7514.981506 2.2017e-16
7516.51752 2.1383e-16
7518.053534 2.1145e-16
7519.589548 2.3189e-16
7521.125562 2.3575e-16
7522.661576 2.011e-16
7524.19759 1.9544e-16
7525.733604 2.1517e-16
7527.269618 2.2741e-16
7528.805632 2.2472e-16
7530.341646 2.047e-16
7531.87766 1.7678e-16
7533.413674 1.8537e-16
7534.949688 1.9823e-16
7536.485702 1.9852e-16
7538.021716 2.0101e-16
7539.55773 2.2019e-16
7541.093744 2.4792e-16
7542.629758 2.3474e-16
7544.165772 2.0383e-16
7545.701786 1.9055e-16
7547.2378 1.9971e-16
7548.773814 2.1197e-16
7550.309828 2.092e-16
7551.845842 1.9746e-16
7553.381856 1.9598e-16
7554.91787 2.0248e-16
7556.453884 2.1403e-16
7557.989898 2.1541e-16
7559.525912 2.028e-16
7561.061926 2.0268e-16
7562.59794 2.0609e-16
7564.133954 1.9221e-16
7565.669968 1.8417e-16
7567.205982 1.9688e-16
7568.741996 1.9047e-16
7570.27801 2.0632e-16
7571.814024 2.2933e-16
7573.350038 2.3231e-16
7574.886052 2.281e-16
7576.422066 2.2025e-16
7577.95808 1.9738e-16
7579.494094 1.9349e-16
7581.030108 1.8672e-16
7582.566122 1.9345e-16
7584.102136 2.0694e-16
7585.63815 2.0667e-16
7587.174164 1.9982e-16
7588.710178 2.0807e-16
7590.246192 2.0222e-16
7591.782206 1.9811e-16
7593.31822 2.165e-16
7594.854234 2.4519e-16
7596.390248 2.6062e-16
7597.926262 2.1942e-16
7599.462276 1.7041e-16
7600.99829 1.931e-16
7602.534304 2.2875e-16
7604.070318 2.678e-16
7605.606332 2.3816e-16
7607.142346 2.0893e-16
7608.67836 2.1635e-16
7610.214374 2.3414e-16
7611.750388 2.1874e-16
7613.286402 2.0501e-16
7614.822416 2.0838e-16
7616.35843 2.087e-16
7617.894444 2.0654e-16
7619.430458 2.1266e-16
7620.966472 1.9582e-16
7622.502486 1.7782e-16
7624.0385 1.5645e-16
7625.574514 1.7703e-16
7627.110528 2.1405e-16
7628.646542 2.3065e-16
7630.182556 2.246e-16
7631.71857 2.2854e-16
7633.254584 2.0013e-16
7634.790598 1.9849e-16
7636.326612 2.143e-16
7637.862626 2.1997e-16
7639.39864 2.2492e-16
7640.934654 2.211e-16
7642.470668 1.9372e-16
7644.006682 1.8578e-16
7645.542696 1.9938e-16
7647.07871 1.9493e-16
7648.614724 2.0115e-16
7650.150738 2.1507e-16
7651.686752 2.1443e-16
7653.222766 2.1491e-16
7654.75878 2.0798e-16
7656.294794 2.0701e-16
7657.830808 2.2286e-16
7659.366822 2.217e-16
7660.902836 2.3166e-16
7662.43885 2.3305e-16
7663.974864 2.1054e-16
7665.510878 2.1924e-16
7667.046892 2.2588e-16
7668.582906 2.1484e-16
7670.11892 2.0582e-16
7671.654934 2.0867e-16
7673.190948 2.0937e-16
7674.726962 2.2444e-16
7676.262976 2.289e-16
7677.79899 2.1105e-16
7679.335004 2.1653e-16
7680.871018 2.0626e-16
7682.407032 2.0686e-16
7683.943046 2.1547e-16
7685.47906 2.1901e-16
7687.015074 2.2134e-16
7688.551088 2.2211e-16
7690.087102 2.0914e-16
7691.623116 1.8234e-16
7693.15913 1.9396e-16
7694.695144 2.2522e-16
7696.231158 2.2362e-16
7697.767172 2.1464e-16
7699.303186 2.2017e-16
7700.8392 2.1258e-16
7702.375214 1.9342e-16
7703.911228 1.9156e-16
7705.447242 2.2604e-16
7706.983256 2.403e-16
7708.51927 2.1962e-16
7710.055284 2.1041e-16
7711.591298 2.0952e-16
7713.127312 2.1799e-16
7714.663326 1.9899e-16
7716.19934 1.805e-16
7717.735354 2.1852e-16
7719.271368 2.2983e-16
7720.807382 1.9942e-16
7722.343396 2.0504e-16
7723.87941 2.1319e-16
7725.415424 2.0674e-16
7726.951438 2.2398e-16
7728.487452 2.2566e-16
7730.023466 2.2019e-16
7731.55948 2.1342e-16
7733.095494 2.0207e-16
7734.631508 2.12e-16
7736.167522 2.2791e-16
7737.703536 2.3423e-16
7739.23955 2.4009e-16
7740.775564 2.2147e-16
7742.311578 2.2578e-16
7743.847592 2.2366e-16
7745.383606 2.0899e-16
7746.91962 1.8929e-16
7748.455634 2.21e-16
7749.991648 2.7444e-16
7751.527662 2.581e-16
7753.063676 2.1566e-16
7754.59969 2.1169e-16
7756.135704 2.2777e-16
7757.671718 2.1915e-16
7759.207732 2.1537e-16
7760.743746 2.2725e-16
7762.27976 2.2425e-16
7763.815774 2.0941e-16
7765.351788 2.1834e-16
7766.887802 2.1312e-16
7768.423816 2.0755e-16
7769.95983 2.053e-16
7771.495844 2.0762e-16
7773.031858 2.2287e-16
7774.567872 2.4547e-16
7776.103886 2.3015e-16
7777.6399 2.0792e-16
7779.175914 1.8705e-16
7780.711928 1.9038e-16
7782.247942 2.1205e-16
7783.783956 2.0195e-16
7785.31997 2.0817e-16
7786.855984 2.1303e-16
7788.391998 2.1674e-16
7789.928012 2.2194e-16
7791.464026 2.1277e-16
7793.00004 2.12e-16
7794.536054 2.1832e-16
7796.072068 2.16e-16
7797.608082 2.0258e-16
7799.144096 2.0583e-16
7800.68011 2.0464e-16
7802.216124 2.0965e-16
7803.752138 2.0976e-16
7805.288152 1.8601e-16
7806.824166 1.9122e-16
7808.36018 2.137e-16
7809.896194 2.1574e-16
7811.432208 1.9713e-16
7812.968222 2.0308e-16
7814.504236 2.1947e-16
7816.04025 1.9799e-16
7817.576264 1.9606e-16
7819.112278 2.4367e-16
7820.648292 2.3968e-16
7822.184306 1.9219e-16
7823.72032 1.8511e-16
7825.256334 1.9607e-16
7826.792348 2.0232e-16
7828.328362 2.0727e-16
7829.864376 2.052e-16
7831.40039 2.0416e-16
7832.936404 2.002e-16
7834.472418 2.0008e-16
7836.008432 1.9666e-16
7837.544446 2.0797e-16
7839.08046 2.2596e-16
7840.616474 2.2874e-16
7842.152488 2.2563e-16
7843.688502 2.2205e-16
7845.224516 2.072e-16
7846.76053 2.0237e-16
7848.296544 2.5188e-16
7849.832558 2.6466e-16
7851.368572 2.3507e-16
7852.904586 2.1549e-16
7854.4406 1.9968e-16
7855.976614 1.8739e-16
7857.512628 1.845e-16
7859.048642 1.9991e-16
7860.584656 2.0652e-16
7862.12067 2.2145e-16
7863.656684 2.1e-16
7865.192698 1.6867e-16
7866.728712 1.8746e-16
7868.264726 2.2498e-16
7869.80074 2.1271e-16
7871.336754 2.1408e-16
7872.872768 2.1303e-16
7874.408782 2.0118e-16
7875.944796 2.2398e-16
7877.48081 2.3267e-16
7879.016824 2.1733e-16
7880.552838 1.8826e-16
7882.088852 1.9905e-16
7883.624866 2.3436e-16
7885.16088 2.2616e-16
7886.696894 2.1302e-16
7888.232908 2.2612e-16
7889.768922 2.3811e-16
7891.304936 2.0626e-16
7892.84095 1.9089e-16
7894.376964 2.101e-16
7895.912978 2.1865e-16
7897.448992 2.1253e-16
7898.985006 2.1935e-16
7900.52102 2.2347e-16
7902.057034 2.034e-16
7903.593048 1.8368e-16
7905.129062 1.9946e-16
7906.665076 2.4228e-16
7908.20109 2.2887e-16
7909.737104 2.0821e-16
7911.273118 2.1477e-16
7912.809132 2.0653e-16
7914.345146 1.9618e-16
7915.88116 1.9653e-16
7917.417174 1.9332e-16
7918.953188 1.8618e-16
7920.489202 2.0109e-16
7922.025216 2.1573e-16
7923.56123 2.0084e-16
7925.097244 2.2327e-16
7926.633258 2.5768e-16
7928.169272 2.5409e-16
7929.705286 2.451e-16
7931.2413 2.2433e-16
7932.777314 1.9674e-16
7934.313328 2.0214e-16
7935.849342 2.0861e-16
7937.385356 2.0362e-16
7938.92137 2.0334e-16
7940.457384 1.9217e-16
7941.993398 1.9494e-16
7943.529412 2.2923e-16
7945.065426 2.3473e-16
7946.60144 2.1819e-16
7948.137454 2.2146e-16
7949.673468 2.1936e-16
7951.209482 2.0782e-16
7952.745496 1.9909e-16
7954.28151 1.9893e-16
7955.817524 2.0963e-16
7957.353538 2.4166e-16
7958.889552 2.3427e-16
7960.425566 2.1567e-16
7961.96158 2.3538e-16
7963.497594 2.3443e-16
7965.033608 1.8494e-16
7966.569622 1.9605e-16
7968.105636 2.3339e-16
7969.64165 2.2638e-16
7971.177664 2.188e-16
7972.713678 2.1708e-16
7974.249692 2e-16
7975.785706 2.0168e-16
7977.32172 2.0508e-16
7978.857734 2.1105e-16
7980.393748 2.2769e-16
7981.929762 2.3783e-16
7983.465776 2.3399e-16
7985.00179 2.2948e-16
7986.537804 2.2999e-16
7988.073818 2.1739e-16
7989.609832 2.1765e-16
7991.145846 2.2305e-16
7992.68186 2.3672e-16
7994.217874 2.3633e-16
7995.753888 2.1359e-16
7997.289902 2.2718e-16
7998.825916 2.2179e-16
8000.36193 1.9773e-16
8001.897944 1.8868e-16
8003.433958 2.0411e-16
8004.969972 2.0422e-16
8006.505986 2.0698e-16
8008.042 2.2121e-16
8009.578014 2.3453e-16
8011.114028 2.0636e-16
8012.650042 1.8483e-16
8014.186056 2.0178e-16
8015.72207 2.1664e-16
8017.258084 2.1926e-16
8018.794098 2.2017e-16
8020.330112 2.0932e-16
8021.866126 1.783e-16
8023.40214 2.0834e-16
8024.938154 2.3775e-16
8026.474168 2.2333e-16
8028.010182 2.1084e-16
8029.546196 2.0555e-16
8031.08221 1.998e-16
8032.618224 2.096e-16
8034.154238 2.0434e-16
8035.690252 1.9779e-16
8037.226266 1.9133e-16
8038.76228 1.9116e-16
8040.298294 2.0415e-16
8041.834308 2.1107e-16
8043.370322 2.0143e-16
8044.906336 2.0342e-16
8046.44235 2.1147e-16
8047.978364 2.0242e-16
8049.514378 1.9551e-16
8051.050392 2.0424e-16
8052.586406 1.8617e-16
8054.12242 1.8963e-16
8055.658434 2.0187e-16
8057.194448 1.9907e-16
8058.730462 1.9393e-16
8060.266476 2.0403e-16
8061.80249 2.0149e-16
8063.338504 1.9528e-16
8064.874518 2.0548e-16
8066.410532 2.1369e-16
8067.946546 2.2033e-16
8069.48256 2.19e-16
8071.018574 2.0887e-16
8072.554588 2.0791e-16
8074.090602 2.0845e-16
8075.626616 2.0855e-16
8077.16263 2.0868e-16
8078.698644 1.9787e-16
8080.234658 2.002e-16
8081.770672 2.104e-16
8083.306686 1.9349e-16
8084.8427 1.84e-16
8086.378714 1.983e-16
8087.914728 2.0682e-16
8089.450742 1.9724e-16
8090.986756 1.8466e-16
8092.52277 1.7742e-16
8094.058784 1.881e-16
8095.594798 2.0358e-16
8097.130812 1.9768e-16
8098.666826 2.0283e-16
8100.20284 2.0749e-16
8101.738854 1.8817e-16
8103.274868 1.7598e-16
8104.810882 1.9369e-16
8106.346896 2.0347e-16
8107.88291 1.934e-16
8109.418924 1.8113e-16
8110.954938 1.8526e-16
8112.490952 2.0276e-16
8114.026966 2.085e-16
8115.56298 2.0273e-16
8117.098994 1.9733e-16
8118.635008 1.9939e-16
8120.171022 1.9757e-16
8121.707036 1.8671e-16
8123.24305 1.8823e-16
8124.779064 1.976e-16
8126.315078 1.9601e-16
8127.851092 1.9667e-16
8129.387106 1.9428e-16
8130.92312 1.8243e-16
8132.459134 1.8947e-16
8133.995148 2.0721e-16
8135.531162 2.0303e-16
8137.067176 1.8059e-16
8138.60319 1.7349e-16
8140.139204 1.8996e-16
8141.675218 1.9836e-16
8143.211232 2.0088e-16
8144.747246 1.9866e-16
8146.28326 1.9451e-16
8147.819274 1.8553e-16
8149.355288 1.9874e-16
8150.891302 2.1467e-16
8152.427316 1.9502e-16
8153.96333 1.7625e-16
8155.499344 1.805e-16
8157.035358 1.8119e-16
8158.571372 1.8166e-16
8160.107386 1.8174e-16
8161.6434 1.7e-16
8163.179414 1.6939e-16
8164.715428 1.8426e-16
8166.251442 1.8153e-16
8167.787456 1.7789e-16
8169.32347 1.8768e-16
8170.859484 1.891e-16
8172.395498 1.8231e-16
8173.931512 1.8287e-16
8175.467526 1.8243e-16
8177.00354 1.9004e-16
8178.539554 2.0905e-16
8180.075568 2.2151e-16
8181.611582 2.0831e-16
8183.147596 2.0437e-16
8184.68361 2.0731e-16
8186.219624 2.0023e-16
8187.755638 2.0031e-16
8189.291652 2.1107e-16
8190.827666 1.9158e-16
8192.36368 1.8962e-16
8193.899694 2.0143e-16
8195.435708 2.0956e-16
8196.971722 2.1052e-16
8198.507736 1.8366e-16
8200.04375 1.8386e-16
8201.579764 1.9222e-16
8203.115778 1.9475e-16
8204.651792 1.8156e-16
8206.187806 1.8282e-16
8207.72382 1.8796e-16
8209.259834 1.8995e-16
8210.795848 1.8627e-16
8212.331862 1.7153e-16
8213.867876 1.6024e-16
8215.40389 1.7489e-16
8216.939904 1.8616e-16
8218.475918 1.7397e-16
8220.011932 1.7963e-16
8221.547946 1.9376e-16
8223.08396 2.0048e-16
8224.619974 1.9407e-16
8226.155988 1.8905e-16
8227.692002 1.8954e-16
8229.228016 2.0512e-16
8230.76403 2.0967e-16
8232.300044 2.1531e-16
8233.836058 1.8824e-16
8235.372072 1.8016e-16
8236.908086 1.9195e-16
8238.4441 1.8894e-16
8239.980114 1.9562e-16
8241.516128 1.8722e-16
8243.052142 1.8612e-16
8244.588156 1.9035e-16
8246.12417 2.0605e-16
8247.660184 2.1839e-16
8249.196198 2.0136e-16
8250.732212 1.8231e-16
8252.268226 1.9244e-16
8253.80424 2.0826e-16
8255.340254 2.0029e-16
8256.876268 1.9263e-16
8258.412282 1.8677e-16
8259.948296 1.8849e-16
8261.48431 1.9922e-16
8263.020324 1.9024e-16
8264.556338 1.812e-16
8266.092352 1.935e-16
8267.628366 2.1721e-16
8269.16438 2.0845e-16
8270.700394 2.1143e-16
8272.236408 2.1021e-16
8273.772422 2.0999e-16
8275.308436 1.9328e-16
8276.84445 1.6144e-16
8278.380464 1.6247e-16
8279.916478 2.2831e-16
8281.452492 2.5016e-16
8282.988506 2.4492e-16
8284.52452 2.5742e-16
8286.060534 2.5038e-16
8287.596548 2.1893e-16
8289.132562 2.0258e-16
8290.668576 1.9394e-16
8292.20459 1.9467e-16
8293.740604 2.3729e-16
8295.276618 2.599e-16
8296.812632 2.2349e-16
8298.348646 2.0887e-16
8299.88466 1.9275e-16
8301.420674 1.7356e-16
8302.956688 1.7155e-16
8304.492702 1.85e-16
8306.028716 1.9851e-16
8307.56473 1.9746e-16
8309.100744 1.9134e-16
8310.636758 1.9473e-16
8312.172772 1.9768e-16
8313.708786 1.8286e-16
8315.2448 1.8676e-16
8316.780814 1.9514e-16
8318.316828 1.9127e-16
8319.852842 1.9148e-16
8321.388856 2.002e-16
8322.92487 1.9296e-16
8324.460884 1.9299e-16
8325.996898 2.0528e-16
8327.532912 1.9823e-16
8329.068926 1.8569e-16
8330.60494 1.8984e-16
8332.140954 1.8571e-16
8333.676968 1.783e-16
8335.212982 1.8687e-16
8336.748996 2.2052e-16
8338.28501 2.2696e-16
8339.821024 2.0787e-16
8341.357038 2.0301e-16
8342.893052 2.1341e-16
8344.429066 2.2399e-16
8345.96508 2.1348e-16
8347.501094 2.2632e-16
8349.037108 2.562e-16
8350.573122 2.1786e-16
8352.109136 1.7324e-16
8353.64515 1.9561e-16
8355.181164 2.2077e-16
8356.717178 2.154e-16
8358.253192 2.0198e-16
8359.789206 2.0353e-16
8361.32522 1.938e-16
8362.861234 1.7771e-16
8364.397248 1.7814e-16
8365.933262 1.8368e-16
8367.469276 1.8776e-16
8369.00529 1.8803e-16
8370.541304 2.04e-16
8372.077318 2.0862e-16
8373.613332 1.7967e-16
8375.149346 1.8537e-16
8376.68536 2.3937e-16
8378.221374 2.4305e-16
8379.757388 1.9004e-16
8381.293402 1.6726e-16
8382.829416 2.0706e-16
8384.36543 2.1191e-16
8385.901444 1.8149e-16
8387.437458 1.9433e-16
8388.973472 2.0207e-16
8390.509486 1.8308e-16
8392.0455 1.5981e-16
8393.581514 1.692e-16
8395.117528 2.2239e-16
8396.653542 2.4672e-16
8398.189556 2.582e-16
8399.72557 2.4122e-16
8401.261584 2.2953e-16
8402.797598 2.2167e-16
8404.333612 2.1007e-16
8405.869626 2.1607e-16
8407.40564 2.3915e-16
8408.941654 2.5154e-16
8410.477668 2.3066e-16
8412.013682 1.8967e-16
8413.549696 1.7423e-16
8415.08571 1.9879e-16
8416.621724 2.0986e-16
8418.157738 1.7205e-16
8419.693752 1.8286e-16
8421.229766 1.9366e-16
8422.76578 1.9903e-16
8424.301794 2.1541e-16
8425.837808 2.104e-16
8427.373822 1.8125e-16
8428.909836 1.8112e-16
8430.44585 1.9168e-16
8431.981864 2.0277e-16
8433.517878 1.9964e-16
8435.053892 1.8796e-16
8436.589906 1.9476e-16
8438.12592 2.027e-16
8439.661934 1.8693e-16
8441.197948 1.8938e-16
8442.733962 1.9668e-16
8444.269976 2.0867e-16
8445.80599 2.1468e-16
8447.342004 2.0514e-16
8448.878018 2.055e-16
8450.414032 1.8232e-16
8451.950046 1.7828e-16
8453.48606 1.8388e-16
8455.022074 1.7591e-16
8456.558088 1.7712e-16
8458.094102 2.1172e-16
8459.630116 2.3672e-16
8461.16613 2.0554e-16
8462.702144 1.8614e-16
8464.238158 2.0108e-16
8465.774172 2.1688e-16
8467.310186 2.09e-16
8468.8462 2.0629e-16
8470.382214 2.1027e-16
8471.918228 1.9332e-16
8473.454242 1.8942e-16
8474.990256 2.0496e-16
8476.52627 1.9621e-16
8478.062284 2.0092e-16
8479.598298 1.9731e-16
8481.134312 1.8983e-16
8482.670326 1.7076e-16
8484.20634 1.7352e-16
8485.742354 1.9074e-16
8487.278368 2.0335e-16
8488.814382 2.198e-16
8490.350396 2.3181e-16
8491.88641 2.0554e-16
8493.422424 1.8789e-16
8494.958438 2.0872e-16
8496.494452 2.2444e-16
8498.030466 2.2506e-16
8499.56648 2.0913e-16
8501.102494 1.9226e-16
8502.638508 1.832e-16
8504.174522 1.9606e-16
8505.710536 1.9314e-16
8507.24655 1.8627e-16
8508.782564 1.9322e-16
8510.318578 1.9395e-16
8511.854592 2.1789e-16
8513.390606 2.2159e-16
8514.92662 1.9884e-16
8516.462634 1.8838e-16
8517.998648 1.8744e-16
8519.534662 1.7848e-16
8521.070676 1.8739e-16
8522.60669 2.09e-16
8524.142704 2.0632e-16
8525.678718 1.8103e-16
8527.214732 1.8739e-16
8528.750746 1.9442e-16
8530.28676 1.9266e-16
8531.822774 2.0422e-16
8533.358788 2.1264e-16
8534.894802 1.963e-16
8536.430816 1.9671e-16
8537.96683 1.987e-16
8539.502844 1.9654e-16
8541.038858 1.9691e-16
8542.574872 1.9887e-16
8544.110886 1.9452e-16
8545.6469 1.8962e-16
8547.182914 1.8788e-16
8548.718928 1.9169e-16
8550.254942 1.9522e-16
8551.790956 1.918e-16
8553.32697 1.8534e-16
8554.862984 1.8859e-16
8556.398998 1.8374e-16
8557.935012 1.8106e-16
8559.471026 1.81e-16
8561.00704 1.8341e-16
8562.543054 1.8976e-16
8564.079068 2.0123e-16
8565.615082 2.1374e-16
8567.151096 2.085e-16
8568.68711 1.9791e-16
8570.223124 1.8186e-16
8571.759138 1.7226e-16
8573.295152 1.8507e-16
8574.831166 2.0136e-16
8576.36718 1.914e-16
8577.903194 1.6832e-16
8579.439208 1.676e-16
8580.975222 1.7237e-16
8582.511236 1.8109e-16
8584.04725 1.8314e-16
8585.583264 1.8872e-16
8587.119278 1.9659e-16
8588.655292 1.8702e-16
8590.191306 2.1026e-16
8591.72732 2.1735e-16
8593.263334 1.8769e-16
8594.799348 1.8486e-16
8596.335362 1.895e-16
8597.871376 1.8556e-16
8599.40739 1.8717e-16
8600.943404 1.9485e-16
8602.479418 1.9701e-16
8604.015432 1.8804e-16
8605.551446 1.8139e-16
8607.08746 1.8495e-16
8608.623474 1.9035e-16
8610.159488 2.0061e-16
8611.695502 2.0329e-16
8613.231516 1.8825e-16
8614.76753 1.9989e-16
8616.303544 2.1463e-16
8617.839558 2.0202e-16
8619.375572 1.8816e-16
8620.911586 1.7542e-16
8622.4476 1.8545e-16
8623.983614 2.1641e-16
8625.519628 2.0448e-16
8627.055642 1.6311e-16
8628.591656 1.5967e-16
8630.12767 1.9174e-16
8631.663684 1.8433e-16
8633.199698 1.6903e-16
8634.735712 1.8228e-16
8636.271726 1.9826e-16
8637.80774 2.0149e-16
8639.343754 1.9591e-16
8640.879768 1.87e-16
8642.415782 1.9208e-16
8643.951796 2.0502e-16
8645.48781 2.0732e-16
8647.023824 1.8715e-16
8648.559838 1.9e-16
8650.095852 2.0905e-16
8651.631866 2.1728e-16
8653.16788 1.7618e-16
8654.703894 1.5111e-16
8656.239908 1.7141e-16
8657.775922 1.6438e-16
8659.311936 1.6708e-16
8660.84795 1.7181e-16
8662.383964 1.8609e-16
8663.919978 1.8654e-16
8665.455992 2.0105e-16
8666.992006 1.9913e-16
8668.52802 1.8384e-16
8670.064034 1.6886e-16
8671.600048 1.858e-16
8673.136062 1.8198e-16
8674.672076 1.7603e-16
8676.20809 1.9246e-16
8677.744104 1.7074e-16
8679.280118 1.7516e-16
8680.816132 1.8497e-16
8682.352146 1.9834e-16
8683.88816 1.902e-16
8685.424174 1.8464e-16
8686.960188 1.8742e-16
8688.496202 1.8132e-16
8690.032216 1.7949e-16
8691.56823 1.8912e-16
8693.104244 2.0741e-16
8694.640258 1.9188e-16
8696.176272 1.9526e-16
8697.712286 2.0003e-16
8699.2483 1.9957e-16
8700.784314 1.7576e-16
8702.320328 1.8299e-16
8703.856342 1.816e-16
8705.392356 1.7722e-16
8706.92837 1.7642e-16
8708.464384 1.834e-16
8710.000398 1.7445e-16
8711.536412 1.6801e-16
8713.072426 1.8662e-16
8714.60844 2.0778e-16
8716.144454 2.0687e-16
8717.680468 1.9336e-16
8719.216482 2.1205e-16
8720.752496 2.0692e-16
8722.28851 2.0262e-16
8723.824524 1.7509e-16
8725.360538 1.8934e-16
8726.896552 1.9555e-16
8728.432566 1.7842e-16
8729.96858 1.906e-16
8731.504594 1.963e-16
8733.040608 1.8514e-16
8734.576622 1.8133e-16
8736.112636 1.9117e-16
8737.64865 2e-16
8739.184664 2.0018e-16
8740.720678 2.078e-16
8742.256692 2.0311e-16
8743.792706 1.9684e-16
8745.32872 1.7689e-16
8746.864734 1.6844e-16
8748.400748 1.8095e-16
8749.936762 1.8751e-16
8751.472776 1.9719e-16
8753.00879 1.9211e-16
8754.544804 2.1641e-16
8756.080818 2.0262e-16
8757.616832 2.0175e-16
8759.152846 2.4267e-16
8760.68886 2.2855e-16
8762.224874 2.1268e-16
8763.760888 2.1463e-16
8765.296902 1.7671e-16
8766.832916 1.7517e-16
8768.36893 1.8146e-16
8769.904944 1.788e-16
8771.440958 2.0212e-16
8772.976972 1.6428e-16
8774.512986 1.3212e-16
8776.049 1.8055e-16
8777.585014 2.3531e-16
8779.121028 2.4031e-16
8780.657042 1.9469e-16
8782.193056 1.7195e-16
8783.72907 1.7491e-16
8785.265084 1.804e-16
8786.801098 1.8353e-16
8788.337112 1.8229e-16
8789.873126 1.9854e-16
8791.40914 1.9631e-16
8792.945154 1.8102e-16
8794.481168 1.681e-16
8796.017182 1.6409e-16
8797.553196 1.6065e-16
8799.08921 1.512e-16
8800.625224 1.6852e-16
8802.161238 1.6885e-16
8803.697252 1.7305e-16
8805.233266 1.9804e-16
8806.76928 1.96e-16
8808.305294 1.9171e-16
8809.841308 1.9312e-16
8811.377322 1.871e-16
8812.913336 1.9296e-16
8814.44935 2.0455e-16
8815.985364 1.9254e-16
8817.521378 1.9062e-16
8819.057392 2.1494e-16
8820.593406 1.8009e-16
8822.12942 1.5695e-16
8823.665434 2.2724e-16
8825.201448 2.118e-16
8826.737462 2.167e-16
8828.273476 2.1667e-16
8829.80949 1.8571e-16
8831.345504 1.673e-16
8832.881518 1.9375e-16
8834.417532 2.2346e-16
8835.953546 1.9418e-16
8837.48956 1.7861e-16
8839.025574 1.7127e-16
8840.561588 1.8176e-16
8842.097602 1.9489e-16
8843.633616 2.0772e-16
8845.16963 1.9428e-16
8846.705644 1.7231e-16
8848.241658 1.6804e-16
8849.777672 1.7294e-16
8851.313686 1.6318e-16
8852.8497 1.6521e-16
8854.385714 1.801e-16
8855.921728 1.8905e-16
8857.457742 1.9307e-16
8858.993756 1.7392e-16
8860.52977 1.4374e-16
8862.065784 1.5085e-16
8863.601798 1.9789e-16
8865.137812 1.8407e-16
8866.673826 1.6776e-16
8868.20984 2.0474e-16
8869.745854 1.6834e-16
8871.281868 1.6741e-16
8872.817882 1.805e-16
8874.353896 1.9032e-16
8875.88991 1.7573e-16
8877.425924 1.679e-16
8878.961938 1.8059e-16
8880.497952 2.0329e-16
8882.033966 2.2252e-16
8883.56998 2.7078e-16
8885.105994 1.7787e-16
8886.642008 1.3407e-16
8888.178022 1.7193e-16
8889.714036 1.731e-16
8891.25005 1.8796e-16
8892.786064 2.0798e-16
8894.322078 2.241e-16
8895.858092 2.2306e-16
8897.394106 2.0303e-16
8898.93012 1.9668e-16
8900.466134 2.2264e-16
8902.002148 1.8145e-16
8903.538162 1.5774e-16
8905.074176 2.1314e-16
8906.61019 2.1616e-16
8908.146204 2.0122e-16
8909.682218 1.9568e-16
8911.218232 2.0692e-16
8912.754246 2.1832e-16
8914.29026 1.782e-16
8915.826274 1.6372e-16
8917.362288 1.8731e-16
8918.898302 2.1355e-16
8920.434316 1.5423e-16
8921.97033 1.2703e-16
8923.506344 1.3732e-16
8925.042358 1.807e-16
8926.578372 1.9545e-16
8928.114386 1.9533e-16
8929.6504 1.9539e-16
8931.186414 1.9545e-16
8932.722428 1.7487e-16
8934.258442 1.6458e-16
8935.794456 1.939e-16
8937.33047 1.7537e-16
8938.866484 1.3806e-16
8940.402498 1.655e-16
8941.938512 2.0619e-16
8943.474526 1.6028e-16
8945.01054 1.5296e-16
8946.546554 1.5909e-16
8948.082568 1.7177e-16
8949.618582 2.0495e-16
8951.154596 1.8576e-16
8952.69061 1.5307e-16
8954.226624 1.7728e-16
8955.762638 2.0932e-16
8957.298652 1.7904e-16
8958.834666 1.7211e-16
8960.37068 1.9105e-16
8961.906694 1.8296e-16
8963.442708 1.8246e-16
8964.978722 1.6881e-16
8966.514736 1.5834e-16
8968.05075 1.6651e-16
8969.586764 1.7975e-16
8971.122778 1.7814e-16
8972.658792 1.6578e-16
8974.194806 1.6729e-16
8975.73082 1.6204e-16
8977.266834 1.5902e-16
8978.802848 1.7253e-16
8980.338862 1.6753e-16
8981.874876 1.7168e-16
8983.41089 1.8294e-16
8984.946904 1.7618e-16
8986.482918 1.9223e-16
8988.018932 2.0059e-16
8989.554946 1.934e-16
8991.09096 1.9792e-16
8992.626974 1.9339e-16
8994.162988 2.1118e-16
8995.699002 2.0104e-16
8997.235016 1.6905e-16
8998.77103 1.6948e-16
9000.307044 1.7928e-16
9001.843058 2.1325e-16
9003.379072 2.0798e-16
9004.915086 1.7788e-16
9006.4511 1.6197e-16
9007.987114 1.6081e-16
9009.523128 1.6373e-16
9011.059142 1.6481e-16
9012.595156 1.8181e-16
9014.13117 1.8546e-16
9015.667184 1.7565e-16
9017.203198 1.5375e-16
9018.739212 1.6416e-16
9020.275226 1.8346e-16
9021.81124 1.6908e-16
9023.347254 1.5427e-16
9024.883268 1.5587e-16
9026.419282 1.3038e-16
9027.955296 1.2224e-16
9029.49131 1.2771e-16
9031.027324 1.4644e-16
9032.563338 1.7379e-16
9034.099352 1.476e-16
9035.635366 1.4562e-16
9037.17138 1.4128e-16
9038.707394 1.5852e-16
9040.243408 1.5882e-16
9041.779422 1.4261e-16
9043.315436 1.4203e-16
9044.85145 1.4772e-16
9046.387464 1.5308e-16
9047.923478 1.4246e-16
9049.459492 1.3656e-16
9050.995506 1.6006e-16
9052.53152 1.4195e-16
9054.067534 1.5586e-16
9055.603548 1.613e-16
9057.139562 1.578e-16
9058.675576 1.4751e-16
9060.21159 1.3966e-16
9061.747604 1.7139e-16
9063.283618 1.7778e-16
9064.819632 1.6437e-16
9066.355646 1.5666e-16
9067.89166 1.8168e-16
9069.427674 1.9516e-16
9070.963688 1.7691e-16
9072.499702 1.662e-16
9074.035716 1.6877e-16
9075.57173 1.6304e-16
9077.107744 1.6363e-16
9078.643758 1.7612e-16
9080.179772 1.8101e-16
9081.715786 1.5708e-16
9083.2518 1.5931e-16
9084.787814 1.55e-16
9086.323828 1.5065e-16
9087.859842 1.7021e-16
9089.395856 1.9554e-16
9090.93187 1.655e-16
9092.467884 1.4873e-16
9094.003898 1.7696e-16
9095.539912 1.8726e-16
9097.075926 1.6084e-16
9098.61194 1.5407e-16
9100.147954 1.6055e-16
9101.683968 1.3957e-16
9103.219982 1.4741e-16
9104.755996 1.6892e-16
9106.29201 1.7359e-16
9107.828024 1.6577e-16
9109.364038 1.5628e-16
9110.900052 1.6616e-16
9112.436066 1.588e-16
9113.97208 1.8531e-16
9115.508094 1.8881e-16
9117.044108 1.7772e-16
9118.580122 1.7496e-16
9120.116136 1.6751e-16
9121.65215 1.6405e-16
9123.188164 1.6143e-16
9124.724178 1.5371e-16
9126.260192 1.6426e-16
9127.796206 1.7042e-16
9129.33222 1.5861e-16
9130.868234 1.6196e-16
9132.404248 1.7426e-16
9133.940262 1.7781e-16
9135.476276 1.7418e-16
9137.01229 1.8605e-16
9138.548304 1.7535e-16
9140.084318 1.6153e-16
9141.620332 1.6216e-16
9143.156346 1.6643e-16
9144.69236 1.6203e-16
9146.228374 1.4969e-16
9147.764388 1.634e-16
9149.300402 1.8069e-16
9150.836416 1.5062e-16
9152.37243 1.4455e-16
9153.908444 1.5796e-16
9155.444458 1.3668e-16
9156.980472 1.2121e-16
9158.516486 1.4178e-16
9160.0525 1.5659e-16
9161.588514 1.6925e-16
9163.124528 1.7479e-16
9164.660542 1.666e-16
9166.196556 1.7703e-16
9167.73257 1.8443e-16
9169.268584 1.7901e-16
9170.804598 1.7385e-16
9172.340612 1.6644e-16
9173.876626 1.6923e-16
9175.41264 1.6525e-16
9176.948654 1.616e-16
9178.484668 1.7551e-16
9180.020682 1.877e-16
9181.556696 1.8557e-16
9183.09271 1.6903e-16
9184.628724 1.62e-16
9186.164738 1.7841e-16
9187.700752 1.7624e-16
9189.236766 1.6092e-16
9190.77278 1.5967e-16
9192.308794 1.6641e-16
9193.844808 1.7845e-16
9195.380822 1.7765e-16
9196.916836 1.6966e-16
9198.45285 1.7696e-16
9199.988864 1.8386e-16
9201.524878 1.7389e-16
9203.060892 1.6936e-16
9204.596906 1.7021e-16
9206.13292 1.7981e-16
9207.668934 1.8731e-16
9209.204948 1.798e-16
9210.740962 1.7551e-16
9212.276976 1.7174e-16
9213.81299 1.7047e-16
9215.349004 1.8418e-16
9216.885018 1.9155e-16
9218.421032 1.7928e-16
9219.957046 1.6874e-16
9221.49306 1.7235e-16
9223.029074 1.8614e-16
9224.565088 1.9993e-16
9226.101102 1.9668e-16
9227.637116 1.834e-16
9229.17313 1.8029e-16
9230.709144 1.616e-16
9232.245158 1.6331e-16
9233.781172 1.8221e-16
9235.317186 1.9041e-16
9236.8532 1.7512e-16
9238.389214 1.6654e-16
9239.925228 1.7042e-16
9241.461242 1.7213e-16
9242.997256 1.7154e-16
9244.53327 1.588e-16
9246.069284 1.7002e-16
9247.605298 1.8475e-16
9249.141312 1.8094e-16
9250.677326 1.8598e-16
9252.21334 1.8745e-16
9253.749354 1.8865e-16
9255.285368 1.9263e-16
9256.821382 1.6491e-16
9258.357396 1.5514e-16
9259.89341 1.9076e-16
9261.429424 1.9852e-16
9262.965438 1.8313e-16
9264.501452 1.745e-16
9266.037466 1.6961e-16
9267.57348 1.7321e-16
9269.109494 1.7524e-16
9270.645508 1.615e-16
9272.181522 1.6322e-16
9273.717536 1.6709e-16
9275.25355 1.8048e-16
9276.789564 1.8917e-16
9278.325578 1.878e-16
9279.861592 1.7917e-16
9281.397606 1.7649e-16
9282.93362 1.7694e-16
9284.469634 1.7759e-16
9286.005648 1.7187e-16
9287.541662 1.5858e-16
9289.077676 1.7755e-16
9290.61369 1.8243e-16
9292.149704 2.1192e-16
9293.685718 2.0917e-16
9295.221732 1.8869e-16
9296.757746 1.8106e-16
9298.29376 1.7509e-16
9299.829774 1.8712e-16
9301.365788 1.9581e-16
9302.901802 2.2087e-16
9304.437816 2.5831e-16
9305.97383 2.4082e-16
9307.509844 2.3664e-16
9309.045858 1.5155e-16
9310.581872 1.5826e-16
9312.117886 1.4593e-16
9313.6539 1.6243e-16
9315.189914 1.4486e-16
9316.725928 1.3898e-16
9318.261942 1.6378e-16
9319.797956 2.4505e-16
9321.33397 2.03e-16
9322.869984 1.9491e-16
9324.405998 1.9695e-16
9325.942012 1.9316e-16
9327.478026 1.932e-16
9329.01404 1.8526e-16
9330.550054 2.1018e-16
9332.086068 2.3258e-16
9333.622082 1.8896e-16
9335.158096 1.802e-16
9336.69411 1.936e-16
9338.230124 1.9557e-16
9339.766138 1.9608e-16
9341.302152 2.2165e-16
9342.838166 2.2079e-16
9344.37418 1.954e-16
9345.910194 1.8032e-16
9347.446208 1.9938e-16
9348.982222 1.9832e-16
9350.518236 1.7643e-16
9352.05425 1.7131e-16
9353.590264 1.8569e-16
9355.126278 1.7858e-16
9356.662292 1.6577e-16
9358.198306 1.5875e-16
9359.73432 1.5217e-16
9361.270334 1.6918e-16
9362.806348 1.7171e-16
9364.342362 1.5305e-16
9365.878376 1.7922e-16
9367.41439 1.872e-16
9368.950404 1.801e-16
9370.486418 1.5397e-16
9372.022432 1.3139e-16
9373.558446 1.4156e-16
9375.09446 4.6698e-17
9376.630474 -4.18e-16
9378.166488 -4.2243e-16
9379.702502 1.0325e-16
9381.238516 2.3558e-16
9382.77453 1.7172e-16
9384.310544 1.4932e-16
9385.846558 1.7274e-16
9387.382572 1.9062e-16
9388.918586 1.7409e-16
9390.4546 1.5937e-16
9391.990614 1.717e-16
9393.526628 1.7646e-16
9395.062642 1.8791e-16
9396.598656 2.3052e-16
9398.13467 2.0775e-16
9399.670684 1.869e-16
9401.206698 1.9695e-16
9402.742712 1.5642e-16
9404.278726 1.4705e-16
9405.81474 1.5998e-16
9407.350754 1.569e-16
9408.886768 1.6323e-16
9410.422782 1.9102e-16
9411.958796 2.0665e-16
9413.49481 1.4134e-16
9415.030824 1.1722e-16
9416.566838 1.5855e-16
9418.102852 1.5762e-16
9419.638866 1.5229e-16
9421.17488 1.714e-16
9422.710894 1.9478e-16
9424.246908 1.6757e-16
9425.782922 1.4745e-16
9427.318936 1.7902e-16
9428.85495 1.8632e-16
9430.390964 1.5867e-16
9431.926978 1.4956e-16
9433.462992 1.5092e-16
9434.999006 1.3809e-16
9436.53502 1.4513e-16
9438.071034 2.3178e-16
9439.607048 2.6045e-16
9441.143062 1.5013e-16
9442.679076 1.3405e-16
9444.21509 1.6612e-16
9445.751104 1.6755e-16
9447.287118 1.7174e-16
9448.823132 1.6417e-16
9450.359146 1.5179e-16
9451.89516 1.6203e-16
9453.431174 2.2104e-16
9454.967188 2.2186e-16
9456.503202 1.7642e-16
9458.039216 1.6724e-16
9459.57523 1.864e-16
9461.111244 1.6324e-16
9462.647258 1.6046e-16
9464.183272 1.6668e-16
9465.719286 1.5383e-16
9467.2553 2.5779e-16
9468.791314 4.2437e-16
9470.327328 1.4249e-16
9471.863342 8.5744e-17
9473.399356 2.1772e-16
9474.93537 2.2311e-16
9476.471384 2.0126e-16
9478.007398 1.6446e-16
9479.543412 1.3765e-16
9481.079426 1.2983e-16
9482.61544 1.5773e-16
9484.151454 1.7298e-16
9485.687468 1.6405e-16
9487.223482 1.6412e-16
9488.759496 1.5413e-16
9490.29551 1.6534e-16
9491.831524 1.7416e-16
9493.367538 1.6344e-16
9494.903552 1.4553e-16
9496.439566 1.2186e-16
9497.97558 1.4333e-16
9499.511594 1.2377e-16
9501.047608 1.5404e-16
9502.583622 1.9909e-16
9504.119636 1.6618e-16
9505.65565 1.4616e-16
9507.191664 1.2929e-16
9508.727678 1.4124e-16
9510.263692 1.7407e-16
9511.799706 1.5316e-16
9513.33572 1.0436e-16
9514.871734 1.3229e-16
9516.407748 1.7025e-16
9517.943762 1.4939e-16
9519.479776 1.5934e-16
9521.01579 1.1728e-16
9522.551804 1.2171e-16
9524.087818 1.3468e-16
9525.623832 1.3412e-16
9527.159846 1.5367e-16
9528.69586 1.6915e-16
9530.231874 1.5732e-16
9531.767888 1.5422e-16
9533.303902 1.7104e-16
9534.839916 1.8673e-16
9536.37593 1.7407e-16
9537.911944 1.4804e-16
9539.447958 1.4574e-16
9540.983972 1.5911e-16
9542.519986 1.5448e-16
9544.056 1.7722e-16
9545.592014 2.0861e-16
9547.128028 1.9524e-16
9548.664042 1.5892e-16
9550.200056 1.2924e-16
9551.73607 2.0479e-16
9553.272084 2.5189e-16
9554.808098 1.98e-16
9556.344112 1.6835e-16
9557.880126 1.647e-16
9559.41614 1.7371e-16
9560.952154 1.9791e-16
9562.488168 2.3522e-16
9564.024182 1.8447e-16
9565.560196 1.1539e-16
9567.09621 1.4441e-16
9568.632224 1.5363e-16
9570.168238 1.4899e-16
9571.704252 1.79e-16
9573.240266 1.8434e-16
9574.77628 1.8268e-16
9576.312294 1.848e-16
9577.848308 1.6682e-16
9579.384322 1.7924e-16
9580.920336 2.0469e-16
9582.45635 2.0059e-16
9583.992364 2.0857e-16
9585.528378 2.3542e-16
9587.064392 2.4555e-16
9588.600406 2.2552e-16
9590.13642 1.8919e-16
9591.672434 1.7603e-16
9593.208448 1.7001e-16
9594.744462 1.5735e-16
9596.280476 1.693e-16
9597.81649 1.6668e-16
9599.352504 1.68e-16
9600.888518 1.8627e-16
9602.424532 1.7874e-16
9603.960546 1.8928e-16
9605.49656 2.037e-16
9607.032574 2.0517e-16
9608.568588 2.0691e-16
9610.104602 1.7795e-16
9611.640616 1.6446e-16
9613.17663 1.799e-16
9614.712644 1.5957e-16
9616.248658 1.329e-16
9617.784672 1.6755e-16
9619.320686 1.9087e-16
9620.8567 2.185e-16
9622.392714 2.0144e-16
9623.928728 1.7504e-16
9625.464742 1.8558e-16
9627.000756 1.8099e-16
9628.53677 1.6735e-16
9630.072784 1.6862e-16
9631.608798 1.6569e-16
9633.144812 1.7624e-16
9634.680826 1.856e-16
9636.21684 1.8616e-16
9637.752854 1.871e-16
9639.288868 1.9188e-16
9640.824882 1.7966e-16
9642.360896 1.7454e-16
9643.89691 1.9401e-16
9645.432924 1.9462e-16
9646.968938 1.836e-16
9648.504952 1.6621e-16
9650.040966 1.6624e-16
9651.57698 1.8876e-16
9653.112994 2.1268e-16
9654.649008 2.2639e-16
9656.185022 2.1674e-16
9657.721036 1.9273e-16
9659.25705 1.9197e-16
9660.793064 1.9986e-16
9662.329078 2.2247e-16
9663.865092 2.1411e-16
9665.401106 1.8895e-16
9666.93712 1.4788e-16
9668.473134 1.6802e-16
9670.009148 1.6724e-16
9671.545162 1.8259e-16
9673.081176 2.2117e-16
9674.61719 2.1205e-16
9676.153204 1.3657e-16
9677.689218 1.2988e-16
9679.225232 1.3424e-16
9680.761246 1.5455e-16
9682.29726 2.103e-16
9683.833274 1.7788e-16
9685.369288 1.5421e-16
9686.905302 1.5288e-16
9688.441316 1.7278e-16
9689.97733 1.9109e-16
9691.513344 2.3147e-16
9693.049358 2.3167e-16
9694.585372 2.0493e-16
9696.121386 2.0625e-16
9697.6574 2.0473e-16
9699.193414 1.5727e-16
9700.729428 1.7419e-16
9702.265442 2.0177e-16
9703.801456 1.9909e-16
9705.33747 1.8455e-16
9706.873484 1.9902e-16
9708.409498 2.0078e-16
9709.945512 1.9837e-16
9711.481526 1.8427e-16
9713.01754 1.5474e-16
9714.553554 1.6654e-16
9716.089568 1.5188e-16
9717.625582 1.6837e-16
9719.161596 2.444e-16
9720.69761 2.2088e-16
9722.233624 1.6499e-16
9723.769638 1.6259e-16
9725.305652 1.6425e-16
9726.841666 1.4801e-16
9728.37768 1.429e-16
9729.913694 1.3832e-16
9731.449708 1.5408e-16
9732.985722 1.7814e-16
9734.521736 1.9115e-16
9736.05775 1.7996e-16
9737.593764 1.6432e-16
9739.129778 1.5103e-16
9740.665792 1.6007e-16
9742.201806 1.5581e-16
9743.73782 1.5778e-16
9745.273834 2.0068e-16
9746.809848 2.0507e-16
9748.345862 1.8596e-16
9749.881876 2.0164e-16
9751.41789 1.8806e-16
9752.953904 1.6164e-16
9754.489918 1.75e-16
9756.025932 1.749e-16
9757.561946 1.7656e-16
9759.09796 1.7135e-16
9760.633974 1.6928e-16
9762.169988 1.8114e-16
9763.706002 1.5409e-16
9765.242016 1.4707e-16
9766.77803 1.6329e-16
9768.314044 1.735e-16
9769.850058 1.8813e-16
9771.386072 1.8236e-16
9772.922086 1.8196e-16
9774.4581 1.9703e-16
9775.994114 2.0024e-16
9777.530128 2.0357e-16
9779.066142 1.9714e-16
9780.602156 1.6717e-16
9782.13817 1.9841e-16
9783.674184 2.2012e-16
9785.210198 1.8846e-16
9786.746212 1.8524e-16
9788.282226 1.7922e-16
9789.81824 1.754e-16
9791.354254 2.1789e-16
9792.890268 2.5299e-16
9794.426282 2.1229e-16
9795.962296 2.0145e-16
9797.49831 2.475e-16
9799.034324 2.2721e-16
9800.570338 1.8638e-16
9802.106352 1.8188e-16
9803.642366 1.7352e-16
9805.17838 1.8211e-16
9806.714394 2.0878e-16
9808.250408 1.8865e-16
9809.786422 1.6537e-16
9811.322436 1.9031e-16
9812.85845 1.9281e-16
9814.394464 1.7882e-16
9815.930478 1.6524e-16
9817.466492 1.7584e-16
9819.002506 2.0287e-16
9820.53852 1.869e-16
9822.074534 1.5826e-16
9823.610548 1.6245e-16
9825.146562 1.8346e-16
9826.682576 1.83e-16
9828.21859 1.7141e-16
9829.754604 1.8202e-16
9831.290618 1.8744e-16
9832.826632 1.7493e-16
9834.362646 1.4846e-16
9835.89866 1.6006e-16
9837.434674 1.7092e-16
9838.970688 1.6847e-16
9840.506702 2.1872e-16
9842.042716 2.3863e-16
9843.57873 2.2193e-16
9845.114744 2.2821e-16
9846.650758 2.053e-16
9848.186772 1.8169e-16
9849.722786 1.8221e-16
9851.2588 2.0002e-16
9852.794814 2.0642e-16
9854.330828 1.733e-16
9855.866842 1.487e-16
9857.402856 1.5856e-16
9858.93887 1.6894e-16
9860.474884 1.8282e-16
9862.010898 1.8653e-16
9863.546912 1.8897e-16
9865.082926 1.6879e-16
9866.61894 9.4183e-17
9868.154954 1.5504e-16
9869.690968 1.8989e-16
9871.226982 1.91e-16
9872.762996 1.5968e-16
9874.29901 1.4383e-16
9875.835024 1.4091e-16
9877.371038 1.6193e-16
9878.907052 1.617e-16
9880.443066 1.6305e-16
9881.97908 1.6396e-16
9883.515094 1.497e-16
9885.051108 1.3786e-16
9886.587122 1.3902e-16
9888.123136 1.271e-16
9889.65915 1.5105e-16
9891.195164 1.4278e-16
9892.731178 1.2501e-16
9894.267192 1.3738e-16
9895.803206 1.5913e-16
9897.33922 1.5327e-16
9898.875234 1.8121e-16
9900.411248 1.8696e-16
9901.947262 1.6434e-16
9903.483276 1.5177e-16
9905.01929 1.4907e-16
9906.555304 1.9826e-16
9908.091318 1.9431e-16
9909.627332 1.5354e-16
9911.163346 1.9817e-16
9912.69936 1.8998e-16
9914.235374 1.4268e-16
9915.771388 1.366e-16
9917.307402 1.7451e-16
9918.843416 1.6206e-16
9920.37943 1.2839e-16
9921.915444 1.4134e-16
9923.451458 1.3309e-16
9924.987472 1.4169e-16
9926.523486 1.5739e-16
9928.0595 1.6309e-16
9929.595514 1.8342e-16
9931.131528 1.8571e-16
9932.667542 1.9544e-16
9934.203556 2.1786e-16
9935.73957 1.9899e-16
9937.275584 1.8862e-16
9938.811598 1.226e-16
9940.347612 8.9258e-17
9941.883626 1.5692e-16
9943.41964 2.0314e-16
9944.955654 1.7703e-16
9946.491668 1.9203e-16
9948.027682 1.9652e-16
9949.563696 1.9403e-16
9951.09971 1.4324e-16
9952.635724 1.3554e-16
9954.171738 1.269e-16
9955.707752 1.5761e-16
9957.243766 2.0129e-16
9958.77978 2.3611e-16
9960.315794 2.2813e-16
9961.851808 1.8433e-16
9963.387822 1.9985e-16
9964.923836 2.1493e-16
9966.45985 1.3347e-16
9967.995864 1.2446e-16
9969.531878 1.6614e-16
9971.067892 1.5952e-16
9972.603906 1.6797e-16
9974.13992 1.9568e-16
9975.675934 1.853e-16
9977.211948 1.5255e-16
9978.747962 1.4778e-16
9980.283976 1.5196e-16
9981.81999 1.4832e-16
9983.356004 1.5212e-16
9984.892018 1.4559e-16
9986.428032 1.2631e-16
9987.964046 1.1982e-16
9989.50006 1.5487e-16
9991.036074 1.8819e-16
9992.572088 1.8327e-16
9994.108102 1.5272e-16
9995.644116 1.3843e-16
9997.18013 1.6027e-16
9998.716144 1.5822e-16
10000.252158 1.4349e-16
