3400.0 6.2648e-17
3401.536014 -6.2724e-17
3403.072028 -7.5112e-17
3404.608042 4.1959e-17
3406.144056 -2.4235e-18
3407.68007 1.5239e-16
3409.216084 9.7402e-17
3410.752098 1.1159e-16
3412.288112 1.3007e-17
3413.824126 1.041e-16
3415.36014 3.3196e-17
3416.896154 1.3681e-16
3418.432168 9.2865e-17
3419.968182 1.4355e-16
3421.504196 1.8899e-16
3423.04021 1.3223e-16
3424.576224 4.1065e-17
3426.112238 1.1635e-16
3427.648252 2.1074e-16
3429.184266 -4.1985e-17
3430.72028 -1.606e-16
3432.256294 3.0862e-17
3433.792308 1.05e-16
3435.328322 7.8228e-17
3436.864336 7.555e-18
3438.40035 6.2386e-17
3439.936364 -8.2232e-18
3441.472378 2.3039e-16
3443.008392 1.1049e-17
3444.544406 1.1226e-16
3446.08042 1.4701e-16
3447.616434 6.25e-17
3449.152448 1.3398e-17
3450.688462 8.005e-17
3452.224476 8.9453e-17
3453.76049 2.1899e-17
3455.296504 9.2516e-17
3456.832518 2.0179e-16
3458.368532 2.7413e-16
3459.904546 8.2323e-17
3461.44056 5.695e-17
3462.976574 1.239e-16
3464.512588 1.3974e-16
3466.048602 2.1962e-16
3467.584616 1.6138e-16
3469.12063 4.9819e-17
3470.656644 1.9864e-16
3472.192658 1.1356e-16
3473.728672 5.0575e-17
3475.264686 1.7026e-16
3476.8007 -5.1932e-17
3478.336714 -1.7451e-16
3479.872728 4.9599e-17
3481.408742 8.5396e-17
3482.944756 -3.7533e-17
3484.48077 -2.2651e-18
3486.016784 1.3935e-17
3487.552798 2.1366e-16
3489.088812 1.4613e-16
3490.624826 3.0071e-17
3492.16084 9.0434e-17
3493.696854 2.2766e-16
3495.232868 2.3383e-16
3496.768882 2.0278e-16
3498.304896 1.5885e-16
3499.84091 2.5537e-16
3501.376924 1.34e-16
3502.912938 5.5817e-17
3504.448952 4.0205e-17
3505.984966 1.441e-16
3507.52098 5.077e-17
3509.056994 -2.8944e-17
3510.593008 6.6597e-17
3512.129022 1.6738e-16
3513.665036 2.8173e-17
3515.20105 2.167e-17
3516.737064 1.9992e-17
3518.273078 -1.1851e-17
3519.809092 6.9831e-17
3521.345106 7.4479e-17
3522.88112 8.9397e-17
3524.417134 1.8211e-16
3525.953148 1.7048e-16
3527.489162 3.0879e-17
3529.025176 3.7129e-18
3530.56119 1.2141e-16
3532.097204 4.1075e-17
3533.633218 6.9724e-18
3535.169232 -7.8641e-17
3536.705246 6.7802e-17
3538.24126 1.15e-16
3539.777274 1.3826e-16
3541.313288 1.5146e-16
3542.849302 1.5649e-16
3544.385316 1.0633e-16
3545.92133 2.0427e-16
3547.457344 1.1014e-16
3548.993358 2.1132e-18
3550.529372 1.2319e-16
3552.065386 4.6837e-17
3553.6014 1.6008e-16
3555.137414 1.902e-16
3556.673428 2.2227e-17
3558.209442 1.2179e-16
3559.745456 1.5892e-16
3561.28147 5.7692e-17
3562.817484 4.1833e-17
3564.353498 4.9592e-17
3565.889512 6.7385e-17
3567.425526 8.84e-17
3568.96154 1.0553e-16
3570.497554 1.0151e-16
3572.033568 1.6579e-16
3573.569582 1.2383e-16
3575.105596 5.8248e-17
3576.64161 1.198e-16
3578.177624 7.5211e-17
3579.713638 1.0751e-16
3581.249652 1.2911e-16
3582.785666 1.8978e-17
3584.32168 7.6652e-17
3585.857694 1.2306e-16
3587.393708 1.1661e-16
3588.929722 2.1924e-17
3590.465736 7.089e-17
3592.00175 7.9864e-17
3593.537764 8.488e-17
3595.073778 3.4655e-17
3596.609792 1.2702e-16
3598.145806 1.7965e-16
3599.68182 1.636e-16
3601.217834 9.6842e-17
3602.753848 4.6628e-17
3604.289862 5.7032e-17
3605.825876 8.6971e-17
3607.36189 5.2652e-17
3608.897904 -2.7847e-17
3610.433918 -7.5183e-17
3611.969932 4.0151e-17
3613.505946 1.104e-16
3615.04196 1.0101e-16
3616.577974 1.0458e-16
3618.113988 8.8944e-17
3619.650002 5.7655e-17
3621.186016 6.214e-17
3622.72203 1.2899e-17
3624.258044 5.3521e-17
3625.794058 1.4973e-17
3627.330072 2.5213e-17
3628.866086 4.1704e-17
3630.4021 8.2494e-17
3631.938114 3.0656e-17
3633.474128 3.266e-17
3635.010142 6.52e-17
3636.546156 7.0718e-17
3638.08217 1.6314e-17
3639.618184 1.0459e-16
3641.154198 1.0729e-16
3642.690212 1.8668e-16
3644.226226 2.6389e-16
3645.76224 2.7672e-16
3647.298254 2.648e-16
3648.834268 5.1103e-17
3650.370282 5.2472e-17
3651.906296 6.1025e-17
3653.44231 6.2305e-17
3654.978324 8.746e-17
3656.514338 4.6936e-17
3658.050352 -8.1162e-17
3659.586366 1.2574e-16
3661.12238 1.7549e-16
3662.658394 1.6266e-17
3664.194408 5.3556e-17
3665.730422 1.1057e-16
3667.266436 1.2182e-16
3668.80245 1.2517e-16
3670.338464 1.174e-17
3671.874478 2.5156e-17
3673.410492 8.7999e-17
3674.946506 6.864e-17
3676.48252 4.7788e-17
3678.018534 6.6432e-17
3679.554548 8.1963e-17
3681.090562 8.2709e-17
3682.626576 7.1373e-17
3684.16259 6.8263e-17
3685.698604 7.3139e-17
3687.234618 3.3826e-17
3688.770632 5.7081e-17
3690.306646 1.2179e-16
3691.84266 8.9913e-17
3693.378674 6.5987e-17
3694.914688 1.257e-16
3696.450702 9.5574e-17
3697.986716 5.8592e-17
3699.52273 3.8775e-17
3701.058744 1.2433e-16
3702.594758 1.0489e-16
3704.130772 9.7204e-17
3705.666786 6.1565e-17
3707.2028 1.0004e-17
3708.738814 -3.8533e-17
3710.274828 1.8188e-17
3711.810842 1.1349e-16
3713.346856 9.3872e-17
3714.88287 1.0179e-16
3716.418884 6.2452e-17
3717.954898 6.3743e-17
3719.490912 7.7534e-17
3721.026926 5.2854e-17
3722.56294 6.5074e-17
3724.098954 3.6913e-18
3725.634968 1.3514e-17
3727.170982 9.9166e-17
3728.706996 1.3884e-16
3730.24301 8.3485e-17
3731.779024 8.3599e-17
3733.315038 1.4021e-16
3734.851052 6.6127e-17
3736.387066 -3.0694e-17
3737.92308 4.0505e-17
3739.459094 2.2122e-17
3740.995108 1.01e-17
3742.531122 5.7592e-17
3744.067136 2.2349e-17
3745.60315 6.9828e-18
3747.139164 6.3594e-17
3748.675178 5.873e-17
3750.211192 -4.8515e-19
3751.747206 9.733e-17
3753.28322 1.1589e-16
3754.819234 9.1274e-17
3756.355248 1.192e-16
3757.891262 1.2731e-16
3759.427276 7.2061e-17
3760.96329 4.2049e-17
3762.499304 1.0127e-16
3764.035318 1.2855e-16
3765.571332 1.5365e-16
3767.107346 1.6999e-16
3768.64336 3.1252e-17
3770.179374 -4.8546e-17
3771.715388 8.7572e-17
3773.251402 5.7654e-17
3774.787416 7.6446e-17
3776.32343 1.1783e-16
3777.859444 1.4053e-16
3779.395458 8.4482e-17
3780.931472 8.8673e-17
3782.467486 4.3128e-17
3784.0035 1.2199e-16
3785.539514 1.045e-16
3787.075528 2.0631e-17
3788.611542 6.3326e-17
3790.147556 1.0653e-16
3791.68357 1.341e-16
3793.219584 6.709e-17
3794.755598 3.0502e-17
3796.291612 8.1601e-17
3797.827626 9.7128e-17
3799.36364 1.0365e-16
3800.899654 1.4801e-16
3802.435668 2.5249e-17
3803.971682 7.8766e-18
3805.507696 5.8923e-17
3807.04371 8.6085e-17
3808.579724 1.2538e-16
3810.115738 7.1537e-17
3811.651752 8.1063e-17
3813.187766 7.1316e-17
3814.72378 9.6908e-17
3816.259794 1.1596e-16
3817.795808 1.2917e-16
3819.331822 7.1521e-17
3820.867836 1.3184e-16
3822.40385 1.7558e-16
3823.939864 5.2839e-17
3825.475878 5.7256e-17
3827.011892 3.8217e-17
3828.547906 1.0039e-17
3830.08392 3.9994e-17
3831.619934 3.7097e-17
3833.155948 6.4077e-17
3834.691962 7.9221e-17
3836.227976 1.1883e-16
3837.76399 1.1824e-16
3839.300004 1.6309e-17
3840.836018 7.094e-17
3842.372032 1.2311e-16
3843.908046 1.1881e-16
3845.44406 1.2591e-16
3846.980074 1.0718e-16
3848.516088 1.0235e-16
3850.052102 1.4021e-17
3851.588116 6.7179e-17
3853.12413 1.0087e-16
3854.660144 5.26e-17
3856.196158 6.4523e-17
3857.732172 4.1215e-17
3859.268186 6.2733e-17
3860.8042 1.5573e-16
3862.340214 1.4647e-16
3863.876228 6.3428e-17
3865.412242 1.5421e-16
3866.948256 1.2975e-16
3868.48427 1.8037e-16
3870.020284 1.4286e-16
3871.556298 1.4333e-16
3873.092312 1.0157e-16
3874.628326 6.7578e-17
3876.16434 6.3298e-17
3877.700354 1.1827e-16
3879.236368 1.1581e-16
3880.772382 1.1431e-16
3882.308396 1.979e-16
3883.84441 1.5063e-16
3885.380424 1.2554e-16
3886.916438 1.0743e-16
3888.452452 6.1719e-17
3889.988466 5.6931e-17
3891.52448 8.4662e-17
3893.060494 1.2255e-16
3894.596508 6.1655e-17
3896.132522 9.2127e-17
3897.668536 1.1212e-16
3899.20455 1.1752e-16
3900.740564 1.2441e-16
3902.276578 1.1144e-16
3903.812592 6.2215e-17
3905.348606 8.0978e-17
3906.88462 7.4763e-17
3908.420634 7.9132e-17
3909.956648 8.4609e-17
3911.492662 7.0085e-17
3913.028676 8.546e-17
3914.56469 7.4565e-17
3916.100704 1.1895e-16
3917.636718 1.1417e-16
3919.172732 5.5775e-17
3920.708746 4.9874e-17
3922.24476 9.2322e-17
3923.780774 7.7683e-17
3925.316788 7.8077e-17
3926.852802 6.3141e-17
3928.388816 3.1326e-17
3929.92483 6.3044e-17
3931.460844 4.0624e-17
3932.996858 1.0686e-16
3934.532872 8.9521e-17
3936.068886 8.6195e-17
3937.6049 7.3476e-17
3939.140914 8.3027e-17
3940.676928 1.2575e-16
3942.212942 1.1557e-16
3943.748956 7.0476e-17
3945.28497 8.7584e-17
3946.820984 1.1776e-16
3948.356998 8.5919e-17
3949.893012 8.6889e-17
3951.429026 7.7154e-17
3952.96504 1.2737e-17
3954.501054 6.4036e-17
3956.037068 1.5236e-16
3957.573082 1.1004e-16
3959.109096 6.9561e-17
3960.64511 7.9286e-17
3962.181124 2.898e-17
3963.717138 7.0135e-17
3965.253152 6.3449e-17
3966.789166 5.7563e-17
3968.32518 3.535e-17
3969.861194 1.4435e-16
3971.397208 1.5465e-16
3972.933222 1.4777e-16
3974.469236 1.5836e-16
3976.00525 1.2876e-16
3977.541264 1.1716e-16
3979.077278 1.045e-16
3980.613292 9.2816e-17
3982.149306 1.037e-16
3983.68532 1.2993e-16
3985.221334 9.9681e-17
3986.757348 9.5094e-17
3988.293362 8.9213e-17
3989.829376 6.7701e-17
3991.36539 9.7e-17
3992.901404 6.6037e-17
3994.437418 6.631e-17
3995.973432 5.3369e-17
3997.509446 8.6905e-17
3999.04546 8.6504e-17
4000.581474 5.6735e-17
4002.117488 7.6753e-17
4003.653502 3.6809e-17
4005.189516 8.3656e-18
4006.72553 6.3353e-17
4008.261544 1.4071e-16
4009.797558 1.1863e-16
4011.333572 9.9955e-17
4012.869586 1.0675e-16
4014.4056 4.6927e-17
4015.941614 6.3419e-17
4017.477628 1.2333e-16
4019.013642 1.4896e-16
4020.549656 1.2659e-16
4022.08567 1.2575e-17
4023.621684 2.5032e-17
4025.157698 8.8612e-17
4026.693712 1.193e-16
4028.229726 9.7293e-17
4029.76574 8.973e-17
4031.301754 1.0471e-16
4032.837768 4.3388e-17
4034.373782 5.3784e-17
4035.909796 2.9494e-17
4037.44581 6.0541e-17
4038.981824 1.1059e-16
4040.517838 1.1244e-16
4042.053852 4.1292e-17
4043.589866 8.2285e-17
4045.12588 7.656e-17
4046.661894 3.6648e-17
4048.197908 5.7306e-17
4049.733922 9.9311e-17
4051.269936 2.7042e-17
4052.80595 9.5972e-17
4054.341964 9.077e-17
4055.877978 8.9272e-17
4057.413992 1.6157e-16
4058.950006 7.468e-17
4060.48602 8.3934e-17
4062.022034 2.1455e-16
4063.558048 2.0579e-16
4065.094062 1.7679e-16
4066.630076 1.5672e-16
4068.16609 1.3239e-16
4069.702104 4.1674e-17
4071.238118 3.5971e-17
4072.774132 1.2585e-16
4074.310146 8.3065e-17
4075.84616 1.0483e-16
4077.382174 1.8058e-16
4078.918188 1.9532e-16
4080.454202 8.541e-17
4081.990216 8.8842e-17
4083.52623 1.3471e-16
4085.062244 9.2583e-17
4086.598258 1.2889e-16
4088.134272 1.4073e-16
4089.670286 1.3052e-16
4091.2063 1.0286e-16
4092.742314 6.9835e-17
4094.278328 1.259e-16
4095.814342 1.0679e-16
4097.350356 9.7334e-17
4098.88637 5.4193e-17
4100.422384 3.7556e-17
4101.958398 6.6118e-17
4103.494412 9.3359e-17
4105.030426 3.9408e-17
4106.56644 -4.482e-18
4108.102454 7.7438e-17
4109.638468 4.6354e-17
4111.174482 7.6102e-17
4112.710496 1.1142e-16
4114.24651 1.1388e-16
4115.782524 1.3062e-16
4117.318538 1.3471e-16
4118.854552 1.0486e-16
4120.390566 6.2236e-17
4121.92658 6.188e-17
4123.462594 5.3236e-17
4124.998608 9.2086e-17
4126.534622 1.2036e-16
4128.070636 7.8611e-17
4129.60665 3.3552e-17
4131.142664 4.0569e-17
4132.678678 9.5984e-17
4134.214692 7.7169e-17
4135.750706 3.0171e-17
4137.28672 5.0559e-17
4138.822734 4.9541e-17
4140.358748 1.3634e-16
4141.894762 7.559e-17
4143.430776 8.0717e-17
4144.96679 9.8404e-17
4146.502804 1.0572e-16
4148.038818 1.1574e-16
4149.574832 1.0463e-16
4151.110846 9.5114e-17
4152.64686 1.4945e-16
4154.182874 8.3434e-17
4155.718888 7.5166e-17
4157.254902 1.1056e-16
4158.790916 1.5398e-16
4160.32693 2.1888e-16
4161.862944 1.2965e-16
4163.398958 9.5356e-17
4164.934972 5.1081e-17
4166.470986 1.126e-16
4168.007 8.5731e-17
4169.543014 8.0438e-17
4171.079028 3.5759e-17
4172.615042 6.998e-17
4174.151056 1.1823e-16
4175.68707 8.0506e-17
4177.223084 7.9327e-17
4178.759098 1.7341e-16
4180.295112 1.5762e-16
4181.831126 7.6061e-17
4183.36714 6.0913e-17
4184.903154 9.1065e-17
4186.439168 1.1018e-16
4187.975182 1.1962e-16
4189.511196 1.2946e-16
4191.04721 1.1143e-16
4192.583224 9.7345e-17
4194.119238 1.3525e-16
4195.655252 9.2829e-17
4197.191266 1.5429e-16
4198.72728 1.3961e-16
4200.263294 2.0747e-16
4201.799308 7.9951e-17
4203.335322 5.976e-17
4204.871336 1.1354e-16
4206.40735 7.575e-17
4207.943364 4.6008e-17
4209.479378 -4.6868e-18
4211.015392 2.0377e-17
4212.551406 5.931e-17
4214.08742 1.0708e-16
4215.623434 1.1565e-16
4217.159448 1.5294e-16
4218.695462 1.0994e-16
4220.231476 5.8788e-17
4221.76749 1.0542e-16
4223.303504 9.9805e-17
4224.839518 4.7468e-17
4226.375532 6.9393e-17
4227.911546 1.2767e-16
4229.44756 4.4685e-17
4230.983574 9.2135e-17
4232.519588 1.3496e-16
4234.055602 9.523e-17
4235.591616 1.1157e-16
4237.12763 1.0016e-16
4238.663644 1.384e-16
4240.199658 1.2475e-16
4241.735672 9.3714e-17
4243.271686 1.1137e-16
4244.8077 1.6059e-16
4246.343714 1.3734e-16
4247.879728 7.5683e-17
4249.415742 6.5491e-17
4250.951756 8.1102e-17
4252.48777 1.7643e-16
4254.023784 1.7227e-16
4255.559798 6.4048e-17
4257.095812 5.5819e-17
4258.631826 9.8981e-17
4260.16784 1.272e-16
4261.703854 1.0409e-16
4263.239868 7.2078e-17
4264.775882 5.7031e-17
4266.311896 1.4729e-16
4267.84791 1.4344e-16
4269.383924 1.2924e-16
4270.919938 1.8008e-17
4272.455952 -5.5271e-18
4273.991966 6.0174e-17
4275.52798 5.9016e-17
4277.063994 9.5126e-17
4278.600008 1.0794e-16
4280.136022 1.5938e-16
4281.672036 7.7994e-17
4283.20805 3.323e-17
4284.744064 9.2356e-17
4286.280078 2.5098e-17
4287.816092 7.9515e-17
4289.352106 1.3703e-16
4290.88812 1.4969e-16
4292.424134 1.166e-16
4293.960148 8.9851e-17
4295.496162 1.2355e-16
4297.032176 7.5064e-17
4298.56819 1.5645e-16
4300.104204 1.2618e-16
4301.640218 6.4053e-17
4303.176232 1.4759e-16
4304.712246 5.3819e-17
4306.24826 6.9596e-17
4307.784274 8.7454e-17
4309.320288 9.6133e-17
4310.856302 1.0129e-16
4312.392316 1.3882e-16
4313.92833 9.501e-17
4315.464344 7.8487e-17
4317.000358 1.4446e-16
4318.536372 8.6464e-17
4320.072386 3.1942e-17
4321.6084 5.0436e-17
4323.144414 1.2608e-16
4324.680428 8.5202e-17
4326.216442 8.6758e-17
4327.752456 8.943e-17
4329.28847 1.1393e-16
4330.824484 7.562e-17
4332.360498 1.1582e-16
4333.896512 9.3668e-17
4335.432526 6.8035e-17
4336.96854 1.0245e-16
4338.504554 8.7382e-17
4340.040568 9.3658e-17
4341.576582 1.4292e-17
4343.112596 3.7765e-17
4344.64861 9.3817e-17
4346.184624 1.2171e-16
4347.720638 1.526e-16
4349.256652 3.4426e-17
4350.792666 1.7149e-16
4352.32868 1.5646e-16
4353.864694 7.4972e-17
4355.400708 8.3223e-17
4356.936722 2.0523e-16
4358.472736 2.7969e-16
4360.00875 1.7009e-16
4361.544764 7.4317e-17
4363.080778 -4.5019e-17
4364.616792 -1.1863e-19
4366.152806 6.1754e-18
4367.68882 9.8837e-17
4369.224834 1.3483e-16
4370.760848 1.224e-16
4372.296862 1.3754e-16
4373.832876 1.0602e-16
4375.36889 4.2913e-17
4376.904904 7.6341e-17
4378.440918 3.3889e-17
4379.976932 1.0788e-16
4381.512946 8.4328e-17
4383.04896 9.767e-17
4384.584974 7.8969e-17
4386.120988 1.0482e-16
4387.657002 1.2619e-16
4389.193016 1.3093e-16
4390.72903 9.6116e-17
4392.265044 1.5184e-16
4393.801058 1.1472e-16
4395.337072 1.2367e-16
4396.873086 7.6702e-17
4398.4091 1.0234e-16
4399.945114 1.7531e-16
4401.481128 8.549e-17
4403.017142 8.7605e-17
4404.553156 1.1337e-16
4406.08917 1.1418e-16
4407.625184 5.9183e-17
4409.161198 9.3205e-17
4410.697212 1.147e-16
4412.233226 3.4389e-17
4413.76924 1.4439e-16
4415.305254 2.0929e-16
4416.841268 1.3166e-16
4418.377282 1.7365e-16
4419.913296 1.374e-16
4421.44931 1.4757e-16
4422.985324 1.3194e-16
4424.521338 7.3819e-17
4426.057352 9.3999e-17
4427.593366 1.6091e-16
4429.12938 1.7075e-16
4430.665394 1.2977e-16
4432.201408 5.3076e-17
4433.737422 1.4282e-16
4435.273436 1.7775e-16
4436.80945 1.6881e-16
4438.345464 1.2937e-16
4439.881478 9.8995e-17
4441.417492 4.1238e-17
4442.953506 6.3381e-17
4444.48952 1.0855e-16
4446.025534 8.8217e-17
4447.561548 1.7596e-16
4449.097562 9.3725e-17
4450.633576 5.0399e-17
4452.16959 3.6551e-17
4453.705604 9.273e-17
4455.241618 9.9723e-17
4456.777632 9.7584e-17
4458.313646 1.1957e-16
4459.84966 2.1546e-16
4461.385674 1.9863e-16
4462.921688 7.2693e-17
4464.457702 2.1514e-16
4465.993716 1.9743e-16
4467.52973 1.3416e-16
4469.065744 1.2344e-16
4470.601758 1.261e-16
4472.137772 8.65e-17
4473.673786 1.1909e-16
4475.2098 -2.3253e-17
4476.745814 4.5399e-17
4478.281828 1.7886e-16
4479.817842 7.9246e-17
4481.353856 1.3048e-16
4482.88987 4.7047e-17
4484.425884 9.0311e-17
4485.961898 1.5349e-16
4487.497912 1.9343e-17
4489.033926 6.5384e-17
4490.56994 1.9344e-16
4492.105954 1.4157e-16
4493.641968 1.2234e-16
4495.177982 1.5988e-16
4496.713996 1.5361e-16
4498.25001 1.1779e-16
4499.786024 1.1902e-16
4501.322038 8.2566e-17
4502.858052 1.1087e-16
4504.394066 1.2903e-16
4505.93008 1.0773e-16
4507.466094 3.2091e-17
4509.002108 2.4871e-17
4510.538122 1.3958e-16
4512.074136 6.383e-17
4513.61015 9.3286e-17
4515.146164 8.5452e-17
4516.682178 3.1858e-17
4518.218192 5.9813e-17
4519.754206 7.2679e-17
4521.29022 5.6668e-17
4522.826234 1.1116e-16
4524.362248 1.5637e-16
4525.898262 1.5791e-16
4527.434276 7.895e-17
4528.97029 1.3469e-16
4530.506304 2.0894e-16
4532.042318 1.5787e-16
4533.578332 1.1595e-16
4535.114346 1.3221e-16
4536.65036 3.4321e-17
4538.186374 1.6264e-16
4539.722388 1.6044e-16
4541.258402 1.0027e-17
4542.794416 8.7957e-17
4544.33043 6.0206e-17
4545.866444 1.2601e-16
4547.402458 1.0553e-16
4548.938472 1.3624e-16
4550.474486 2.0188e-16
4552.0105 1.9399e-16
4553.546514 1.3342e-16
4555.082528 7.4974e-17
4556.618542 5.1064e-17
4558.154556 5.3588e-17
4559.69057 9.7167e-17
4561.226584 1.1357e-16
4562.762598 1.1169e-16
4564.298612 1.0821e-16
4565.834626 9.7498e-17
4567.37064 6.6888e-17
4568.906654 1.2435e-16
4570.442668 1.0076e-16
4571.978682 1.3547e-16
4573.514696 1.3529e-16
4575.05071 1.255e-16
4576.586724 6.3185e-17
4578.122738 8.3737e-17
4579.658752 1.1495e-16
4581.194766 1.4037e-16
4582.73078 2.2622e-16
4584.266794 1.4855e-16
4585.802808 9.7551e-17
4587.338822 -3.139e-18
4588.874836 1.0957e-16
4590.41085 1.2871e-16
4591.946864 1.541e-16
4593.482878 6.2054e-17
4595.018892 8.9562e-17
4596.554906 1.1749e-16
4598.09092 1.0533e-16
4599.626934 1.1544e-16
4601.162948 8.2128e-17
4602.698962 1.3342e-16
4604.234976 1.2259e-16
4605.77099 2.1965e-17
4607.307004 5.5415e-17
4608.843018 1.3021e-16
4610.379032 2.9097e-17
4611.915046 8.7576e-17
4613.45106 1.7103e-16
4614.987074 1.3762e-16
4616.523088 1.5332e-16
4618.059102 1.0249e-16
4619.595116 3.4872e-18
4621.13113 9.0253e-17
4622.667144 1.352e-16
4624.203158 1.3132e-16
4625.739172 2.4656e-16
4627.275186 1.2201e-16
4628.8112 1.2636e-16
4630.347214 1.0345e-16
4631.883228 1.1453e-16
4633.419242 1.4033e-16
4634.955256 1.8204e-16
4636.49127 9.4784e-17
4638.027284 7.9901e-17
4639.563298 1.3711e-16
4641.099312 4.7254e-17
4642.635326 1.1328e-16
4644.17134 1.407e-16
4645.707354 9.9362e-17
4647.243368 1.2813e-16
4648.779382 1.3002e-16
4650.315396 1.0199e-16
4651.85141 7.4128e-17
4653.387424 7.8127e-17
4654.923438 5.7016e-17
4656.459452 7.5623e-17
4657.995466 1.2907e-16
4659.53148 6.9308e-17
4661.067494 1.3994e-16
4662.603508 1.4822e-16
4664.139522 7.8226e-17
4665.675536 6.4184e-17
4667.21155 3.3014e-17
4668.747564 8.4358e-17
4670.283578 1.0332e-16
4671.819592 1.2158e-16
4673.355606 1.0289e-16
4674.89162 5.3169e-17
4676.427634 3.0172e-17
4677.963648 9.3416e-17
4679.499662 9.9561e-17
4681.035676 8.814e-17
4682.57169 1.2394e-16
4684.107704 1.0477e-16
4685.643718 1.0176e-16
4687.179732 2.0342e-16
4688.715746 1.7276e-16
4690.25176 1.2786e-16
4691.787774 1.2032e-16
4693.323788 1.0648e-16
4694.859802 1.1568e-16
4696.395816 8.2389e-17
4697.93183 7.9197e-17
4699.467844 8.7285e-17
4701.003858 1.9965e-17
4702.539872 4.7206e-17
4704.075886 1.7614e-16
4705.6119 1.4266e-16
4707.147914 5.9795e-17
4708.683928 7.3245e-17
4710.219942 1.2635e-16
4711.755956 1.5516e-16
4713.29197 1.308e-16
4714.827984 1.0224e-16
4716.363998 9.2333e-17
4717.900012 7.5381e-17
4719.436026 8.681e-17
4720.97204 8.9844e-17
4722.508054 8.3046e-17
4724.044068 7.7489e-17
4725.580082 9.9278e-17
4727.116096 9.2555e-17
4728.65211 7.6103e-17
4730.188124 1.2678e-16
4731.724138 1.1288e-16
4733.260152 1.0106e-16
4734.796166 1.188e-16
4736.33218 1.5388e-16
4737.868194 1.326e-16
4739.404208 8.775e-17
4740.940222 7.9013e-17
4742.476236 1.2122e-16
4744.01225 1.5492e-16
4745.548264 1.0208e-16
4747.084278 1.1886e-16
4748.620292 7.1007e-17
4750.156306 1.017e-16
4751.69232 1.2698e-16
4753.228334 9.3594e-17
4754.764348 1.1277e-16
4756.300362 1.5475e-16
4757.836376 1.0319e-16
4759.37239 7.9248e-17
4760.908404 5.8165e-17
4762.444418 7.8639e-17
4763.980432 1.3143e-16
4765.516446 1.1087e-16
4767.05246 8.2387e-17
4768.588474 1.5551e-16
4770.124488 8.1927e-17
4771.660502 7.1809e-17
4773.196516 9.4963e-17
4774.73253 8.7889e-17
4776.268544 1.2239e-16
4777.804558 1.2122e-16
4779.340572 1.371e-16
4780.876586 1.1186e-16
4782.4126 3.7597e-17
4783.948614 4.0339e-17
4785.484628 1.3081e-16
4787.020642 1.0746e-16
4788.556656 1.3365e-17
4790.09267 1.0042e-17
4791.628684 9.5327e-17
4793.164698 1.7243e-16
4794.700712 1.488e-16
4796.236726 1.6847e-16
4797.77274 1.1372e-16
4799.308754 8.5865e-17
4800.844768 1.4933e-16
4802.380782 1.0335e-16
4803.916796 1.0914e-16
4805.45281 1.081e-16
4806.988824 1.2725e-16
4808.524838 9.2318e-17
4810.060852 5.6505e-17
4811.596866 6.3643e-17
4813.13288 9.9993e-17
4814.668894 9.7656e-17
4816.204908 7.9256e-17
4817.740922 5.8978e-17
4819.276936 9.1274e-17
4820.81295 1.5082e-16
4822.348964 1.1233e-16
4823.884978 9.053e-17
4825.420992 1.0551e-16
4826.957006 1.2637e-16
4828.49302 1.3162e-16
4830.029034 5.8436e-17
4831.565048 1.3924e-16
4833.101062 1.462e-16
4834.637076 1.1171e-16
4836.17309 6.3193e-17
4837.709104 9.6364e-17
4839.245118 9.1422e-17
4840.781132 1.2278e-16
4842.317146 1.1714e-16
4843.85316 1.2746e-16
4845.389174 1.6686e-16
4846.925188 1.5096e-16
4848.461202 7.6516e-17
4849.997216 1.2014e-16
4851.53323 9.5653e-17
4853.069244 6.7358e-17
4854.605258 1.2592e-16
4856.141272 1.0057e-16
4857.677286 1.275e-16
4859.2133 9.4512e-17
4860.749314 1.266e-16
4862.285328 1.0563e-16
4863.821342 1.0289e-16
4865.357356 1.0064e-16
4866.89337 1.5855e-16
4868.429384 1.4529e-16
4869.965398 9.527e-17
4871.501412 1.2487e-16
4873.037426 1.682e-16
4874.57344 1.7739e-16
4876.109454 9.4352e-17
4877.645468 1.2824e-16
4879.181482 1.212e-16
4880.717496 3.7521e-17
4882.25351 8.8888e-17
4883.789524 1.3491e-16
4885.325538 8.6107e-17
4886.861552 8.9561e-17
4888.397566 8.8054e-17
4889.93358 9.2185e-17
4891.469594 9.9897e-17
4893.005608 1.5849e-16
4894.541622 1.7585e-16
4896.077636 1.1326e-16
4897.61365 5.8727e-17
4899.149664 6.2896e-17
4900.685678 1.2045e-16
4902.221692 1.4658e-16
4903.757706 1.1699e-16
4905.29372 7.7456e-17
4906.829734 1.2895e-16
4908.365748 1.1917e-16
4909.901762 6.6764e-17
4911.437776 -6.5192e-18
4912.97379 5.367e-17
4914.509804 8.6604e-17
4916.045818 6.825e-17
4917.581832 1.8067e-16
4919.117846 1.2979e-16
4920.65386 8.5361e-17
4922.189874 1.1231e-16
4923.725888 1.1652e-16
4925.261902 7.4154e-17
4926.797916 9.1801e-17
4928.33393 9.108e-17
4929.869944 6.0579e-17
4931.405958 1.0911e-16
4932.941972 1.3711e-16
4934.477986 1.1433e-16
4936.014 9.2367e-17
4937.550014 1.1013e-16
4939.086028 1.1819e-16
4940.622042 1.0334e-16
4942.158056 1.4311e-16
4943.69407 1.4193e-16
4945.230084 9.5363e-17
4946.766098 8.6352e-17
4948.302112 1.167e-16
4949.838126 1.1238e-16
4951.37414 1.0167e-16
4952.910154 8.4654e-17
4954.446168 9.9695e-17
4955.982182 1.6407e-16
4957.518196 1.1076e-16
4959.05421 1.367e-16
4960.590224 4.397e-17
4962.126238 9.636e-17
4963.662252 1.2142e-16
4965.198266 1.0318e-16
4966.73428 1.2766e-16
4968.270294 1.4625e-16
4969.806308 9.0958e-17
4971.342322 9.6073e-17
4972.878336 1.1762e-16
4974.41435 1.2409e-16
4975.950364 2.0679e-16
4977.486378 1.0516e-16
4979.022392 1.072e-16
4980.558406 1.1507e-16
4982.09442 1.4488e-16
4983.630434 6.9309e-17
4985.166448 6.0043e-17
4986.702462 -1.4395e-17
4988.238476 3.7916e-17
4989.77449 7.4458e-17
4991.310504 1.6451e-16
4992.846518 1.6718e-16
4994.382532 1.2285e-16
4995.918546 9.1857e-17
4997.45456 8.2383e-17
4998.990574 1.3194e-16
5000.526588 1.2894e-16
5002.062602 4.5788e-17
5003.598616 7.5504e-17
5005.13463 1.2984e-16
5006.670644 1.2525e-16
5008.206658 1.7748e-16
5009.742672 1.7456e-16
5011.278686 1.2264e-16
5012.8147 1.2372e-16
5014.350714 1.149e-16
5015.886728 1.7287e-16
5017.422742 1.9055e-16
5018.958756 1.1485e-16
5020.49477 5.9814e-17
5022.030784 1.5383e-16
5023.566798 9.2984e-17
5025.102812 1.3571e-16
5026.638826 8.8071e-17
5028.17484 1.1063e-16
5029.710854 4.7249e-17
5031.246868 8.156e-17
5032.782882 1.5637e-16
5034.318896 1.7514e-16
5035.85491 1.1492e-16
5037.390924 9.3164e-17
5038.926938 4.718e-17
5040.462952 9.4629e-17
5041.998966 1.2258e-16
5043.53498 1.6212e-16
5045.070994 1.6248e-16
5046.607008 1.1731e-16
5048.143022 7.3096e-17
5049.679036 1.2069e-16
5051.21505 1.4214e-16
5052.751064 6.6736e-17
5054.287078 1.0845e-16
5055.823092 1.1164e-16
5057.359106 9.5018e-17
5058.89512 1.3711e-16
5060.431134 1.7522e-16
5061.967148 1.1448e-16
5063.503162 9.368e-17
5065.039176 1.3889e-16
5066.57519 8.3812e-17
5068.111204 1.4361e-16
5069.647218 1.5232e-16
5071.183232 6.9336e-17
5072.719246 1.4964e-16
5074.25526 1.3768e-16
5075.791274 6.5557e-17
5077.327288 7.7004e-17
5078.863302 1.3592e-16
5080.399316 8.8081e-17
5081.93533 1.2835e-16
5083.471344 1.5854e-16
5085.007358 9.8458e-17
5086.543372 6.58e-17
5088.079386 6.2895e-17
5089.6154 1.246e-16
5091.151414 1.4039e-16
5092.687428 7.1035e-17
5094.223442 1.3294e-16
5095.759456 1.2076e-16
5097.29547 1.1601e-16
5098.831484 1.7548e-16
5100.367498 1.2222e-16
5101.903512 1.2591e-16
5103.439526 3.4494e-19
5104.97554 9.8204e-17
5106.511554 5.7778e-17
5108.047568 2.1861e-17
5109.583582 2.9061e-17
5111.119596 5.8152e-17
5112.65561 1.4154e-16
5114.191624 1.4925e-16
5115.727638 3.8758e-17
5117.263652 9.4583e-17
5118.799666 8.2091e-17
5120.33568 1.1143e-16
5121.871694 1.1967e-16
5123.407708 9.1637e-17
5124.943722 4.2995e-17
5126.479736 7.0283e-17
5128.01575 2.9323e-17
5129.551764 9.4746e-17
5131.087778 1.0796e-16
5132.623792 1.2632e-16
5134.159806 9.2607e-17
5135.69582 1.4325e-16
5137.231834 8.5756e-17
5138.767848 1.2883e-16
5140.303862 9.7266e-17
5141.839876 9.5237e-17
5143.37589 1.5559e-16
5144.911904 1.3641e-16
5146.447918 1.147e-16
5147.983932 9.9214e-17
5149.519946 1.5052e-16
5151.05596 1.4609e-16
5152.591974 7.4436e-17
5154.127988 4.581e-17
5155.664002 6.6983e-17
5157.200016 6.7552e-17
5158.73603 8.5313e-17
5160.272044 8.8375e-17
5161.808058 1.4101e-16
5163.344072 1.3291e-16
5164.880086 6.4481e-17
5166.4161 6.7452e-17
5167.952114 1.0654e-16
5169.488128 9.6073e-17
5171.024142 1.1217e-16
5172.560156 1.134e-16
5174.09617 1.4448e-16
5175.632184 1.5149e-16
5177.168198 1.3341e-16
5178.704212 1.3268e-16
5180.240226 1.3691e-16
5181.77624 1.6136e-16
5183.312254 1.0046e-16
5184.848268 1.3542e-16
5186.384282 1.3948e-16
5187.920296 2.1982e-17
5189.45631 1.1999e-16
5190.992324 1.6855e-16
5192.528338 1.0425e-16
5194.064352 4.776e-18
5195.600366 2.38e-17
5197.13638 6.1258e-17
5198.672394 1.0838e-16
5200.208408 1.9897e-16
5201.744422 1.5366e-16
5203.280436 1.8878e-16
5204.81645 8.8533e-17
5206.352464 6.3796e-17
5207.888478 7.5409e-17
5209.424492 8.384e-17
5210.960506 9.4736e-17
5212.49652 7.5549e-17
5214.032534 5.9503e-17
5215.568548 7.1071e-17
5217.104562 8.6112e-17
5218.640576 1.0278e-16
5220.17659 9.0957e-17
5221.712604 5.7081e-17
5223.248618 1.1729e-16
5224.784632 1.0007e-16
5226.320646 9.9515e-17
5227.85666 1.5191e-16
5229.392674 1.4739e-16
5230.928688 1.0489e-16
5232.464702 2.0188e-16
5234.000716 1.7624e-16
5235.53673 1.4351e-16
5237.072744 1.183e-16
5238.608758 7.3941e-17
5240.144772 1.1773e-16
5241.680786 1.3529e-16
5243.2168 1.0248e-16
5244.752814 9.1846e-17
5246.288828 1.1296e-16
5247.824842 1.3366e-16
5249.360856 3.9915e-17
5250.89687 5.2138e-17
5252.432884 1.1116e-16
5253.968898 1.5365e-16
5255.504912 1.4091e-16
5257.040926 1.5243e-16
5258.57694 1.9867e-16
5260.112954 1.3862e-16
5261.648968 1.1226e-16
5263.184982 1.0485e-16
5264.720996 1.3229e-16
5266.25701 1.9127e-16
5267.793024 1.819e-16
5269.329038 2.1904e-16
5270.865052 1.826e-16
5272.401066 9.1728e-17
5273.93708 2.8692e-17
5275.473094 8.5729e-17
5277.009108 1.2859e-16
5278.545122 1.1544e-16
5280.081136 7.9343e-17
5281.61715 8.9186e-17
5283.153164 8.3063e-17
5284.689178 1.4528e-16
5286.225192 1.3819e-16
5287.761206 1.3797e-16
5289.29722 1.3014e-16
5290.833234 1.163e-16
5292.369248 1.3208e-16
5293.905262 1.3922e-16
5295.441276 1.59e-16
5296.97729 8.5475e-17
5298.513304 5.0427e-17
5300.049318 9.645e-17
5301.585332 8.6176e-17
5303.121346 1.2423e-16
5304.65736 1.4038e-16
5306.193374 1.1545e-16
5307.729388 1.1931e-16
5309.265402 9.4737e-17
5310.801416 8.8441e-17
5312.33743 1.2046e-16
5313.873444 8.7294e-17
5315.409458 1.6003e-17
5316.945472 1.7765e-16
5318.481486 1.4016e-16
5320.0175 1.1378e-16
5321.553514 6.2975e-17
5323.089528 1.0221e-16
5324.625542 1.4162e-16
5326.161556 1.1667e-16
5327.69757 6.1995e-17
5329.233584 1.5198e-16
5330.769598 1.2666e-16
5332.305612 4.4977e-17
5333.841626 8.1972e-17
5335.37764 3.3867e-17
5336.913654 5.7747e-17
5338.449668 8.0527e-17
5339.985682 6.1374e-17
5341.521696 1.1921e-16
5343.05771 4.3148e-17
5344.593724 1.8661e-18
5346.129738 4.1417e-17
5347.665752 1.8243e-17
5349.201766 1.6389e-16
5350.73778 2.2324e-16
5352.273794 1.0305e-16
5353.809808 4.3766e-18
5355.345822 1.0334e-16
5356.881836 2.3726e-16
5358.41785 8.4936e-17
5359.953864 5.1335e-17
5361.489878 1.0176e-16
5363.025892 1.4154e-16
5364.561906 1.054e-16
5366.09792 5.8267e-17
5367.633934 1.0327e-16
5369.169948 1.45e-16
5370.705962 1.3508e-16
5372.241976 1.5236e-16
5373.77799 3.2683e-17
5375.314004 -1.697e-17
5376.850018 4.0618e-17
5378.386032 1.5139e-16
5379.922046 1.177e-16
5381.45806 9.9102e-17
5382.994074 4.6517e-17
5384.530088 1.0547e-16
5386.066102 3.4744e-18
5387.602116 5.1756e-17
5389.13813 6.4025e-17
5390.674144 9.9799e-17
5392.210158 2.4889e-16
5393.746172 4.6862e-17
5395.282186 1.17e-16
5396.8182 9.31e-17
5398.354214 6.5316e-17
5399.890228 1.1496e-16
5401.426242 1.9206e-16
5402.962256 9.7884e-17
5404.49827 7.5019e-17
5406.034284 5.305e-17
5407.570298 6.3321e-17
5409.106312 1.0472e-16
5410.642326 1.4008e-16
5412.17834 1.8045e-16
5413.714354 6.4742e-17
5415.250368 8.2833e-17
5416.786382 1.1281e-16
5418.322396 1.2804e-16
5419.85841 7.1095e-17
5421.394424 3.3142e-17
5422.930438 6.4686e-17
5424.466452 5.5052e-17
5426.002466 1.1172e-16
5427.53848 2.663e-17
5429.074494 1.9838e-17
5430.610508 9.5278e-17
5432.146522 1.1529e-16
5433.682536 2.5478e-16
5435.21855 1.1228e-16
5436.754564 1.0802e-16
5438.290578 1.719e-16
5439.826592 1.2083e-16
5441.362606 2.4592e-16
5442.89862 1.2286e-16
5444.434634 1.4541e-16
5445.970648 1.3167e-16
5447.506662 7.3891e-17
5449.042676 7.5297e-17
5450.57869 4.5542e-17
5452.114704 1.6512e-16
5453.650718 1.0894e-16
5455.186732 3.2064e-17
5456.722746 5.1549e-18
5458.25876 8.5999e-17
5459.794774 -1.0422e-17
5461.330788 -1.0265e-17
5462.866802 2.4484e-16
5464.402816 1.8897e-16
5465.93883 -4.5778e-18
5467.474844 1.6921e-16
5469.010858 1.0947e-16
5470.546872 8.2861e-17
5472.082886 1.0907e-16
5473.6189 1.2324e-16
5475.154914 8.3618e-17
5476.690928 4.9201e-18
5478.226942 7.383e-17
5479.762956 7.193e-17
5481.29897 9.0848e-17
5482.834984 8.0199e-17
5484.370998 7.5941e-17
5485.907012 4.0336e-17
5487.443026 4.8415e-17
5488.97904 1.4793e-16
5490.515054 1.8215e-17
5492.051068 9.4121e-17
5493.587082 8.6057e-17
5495.123096 1.7372e-16
5496.65911 1.5184e-16
5498.195124 2.9742e-17
5499.731138 1.9344e-18
5501.267152 5.6837e-17
5502.803166 1.6163e-16
5504.33918 1.1889e-16
5505.875194 9.7837e-17
5507.411208 1.2711e-16
5508.947222 2.0869e-16
5510.483236 1.8589e-16
5512.01925 3.4989e-17
5513.555264 5.7139e-17
5515.091278 1.0824e-16
5516.627292 2.027e-16
5518.163306 7.5679e-17
5519.69932 1.0399e-16
5521.235334 8.7208e-17
5522.771348 7.9551e-17
5524.307362 1.692e-16
5525.843376 1.868e-16
5527.37939 1.8855e-16
5528.915404 2.1214e-16
5530.451418 1.2388e-16
5531.987432 1.421e-16
5533.523446 1.7723e-16
5535.05946 1.2747e-16
5536.595474 1.4282e-16
5538.131488 1.4059e-16
5539.667502 1.4663e-16
5541.203516 9.3023e-17
5542.73953 1.3388e-16
5544.275544 2.0335e-16
5545.811558 1.5692e-16
5547.347572 1.2598e-16
5548.883586 1.8853e-16
5550.4196 1.6727e-16
5551.955614 1.5784e-16
5553.491628 1.4079e-16
5555.027642 1.0297e-16
5556.563656 1.2039e-16
5558.09967 1.9314e-16
5559.635684 1.4454e-16
5561.171698 4.7816e-17
5562.707712 9.4043e-17
5564.243726 8.9211e-17
5565.77974 9.5075e-17
5567.315754 1.2798e-16
5568.851768 1.4345e-16
5570.387782 1.9005e-16
5571.923796 1.6621e-16
5573.45981 1.9428e-16
5574.995824 7.2775e-17
5576.531838 1.0916e-16
5578.067852 1.56e-16
5579.603866 2.0005e-16
5581.13988 1.5414e-16
5582.675894 1.4299e-16
5584.211908 4.283e-17
5585.747922 1.2275e-16
5587.283936 1.7963e-16
5588.81995 2.1794e-16
5590.355964 8.1509e-17
5591.891978 9.2086e-17
5593.427992 8.9915e-17
5594.964006 1.3496e-16
5596.50002 1.8212e-16
5598.036034 7.8265e-17
5599.572048 1.6067e-16
5601.108062 2.2965e-16
5602.644076 1.3441e-16
5604.18009 1.8082e-16
5605.716104 2.1698e-16
5607.252118 1.6761e-16
5608.788132 2.0797e-16
5610.324146 1.892e-16
5611.86016 1.1632e-16
5613.396174 5.0092e-17
5614.932188 1.0577e-16
5616.468202 1.8425e-16
5618.004216 2.115e-16
5619.54023 2.6537e-16
5621.076244 2.2419e-16
5622.612258 1.6158e-16
5624.148272 1.3801e-16
5625.684286 1.7799e-16
5627.2203 1.48e-16
5628.756314 2.4745e-16
5630.292328 2.9255e-16
5631.828342 1.2012e-16
5633.364356 2.7359e-17
5634.90037 7.5609e-18
5636.436384 7.901e-17
5637.972398 1.2582e-16
5639.508412 8.0229e-17
5641.044426 2.7393e-17
5642.58044 1.714e-16
5644.116454 2.2517e-16
5645.652468 1.5947e-16
5647.188482 1.1384e-16
5648.724496 6.5006e-17
5650.26051 1.0983e-16
5651.796524 9.6638e-17
5653.332538 7.2005e-17
5654.868552 6.3346e-17
5656.404566 6.9919e-17
5657.94058 7.9462e-17
5659.476594 1.0365e-16
5661.012608 1.1367e-16
5662.548622 2.1419e-16
5664.084636 1.5713e-16
5665.62065 9.3139e-17
5667.156664 1.4622e-16
5668.692678 2.0653e-16
5670.228692 2.3225e-16
5671.764706 2.4901e-16
5673.30072 2.1786e-16
5674.836734 1.2317e-16
5676.372748 3.8882e-17
5677.908762 4.5334e-17
5679.444776 8.1602e-17
5680.98079 1.4837e-16
5682.516804 1.614e-16
5684.052818 1.8258e-16
5685.588832 1.4661e-16
5687.124846 1.5789e-16
5688.66086 1.6739e-16
5690.196874 1.0029e-16
5691.732888 9.7758e-17
5693.268902 1.2005e-16
5694.804916 1.3554e-16
5696.34093 1.5324e-16
5697.876944 1.2928e-16
5699.412958 1.5848e-16
5700.948972 1.6295e-16
5702.484986 8.2478e-17
5704.021 1.1712e-16
5705.557014 1.2905e-16
5707.093028 9.7462e-17
5708.629042 1.1022e-16
5710.165056 1.6751e-16
5711.70107 1.8351e-16
5713.237084 1.6715e-16
5714.773098 1.3161e-16
5716.309112 1.1766e-16
5717.845126 1.1382e-16
5719.38114 9.9455e-17
5720.917154 3.6249e-17
5722.453168 3.2751e-17
5723.989182 6.0855e-17
5725.525196 2.2068e-16
5727.06121 1.4849e-16
5728.597224 9.5673e-17
5730.133238 1.9168e-16
5731.669252 1.7797e-16
5733.205266 1.8216e-16
5734.74128 1.7794e-16
5736.277294 1.5606e-16
5737.813308 1.0733e-16
5739.349322 6.3604e-17
5740.885336 1.2145e-16
5742.42135 1.3814e-16
5743.957364 1.0633e-16
5745.493378 7.5489e-17
5747.029392 8.0918e-17
5748.565406 1.1119e-16
5750.10142 1.4657e-16
5751.637434 1.5204e-16
5753.173448 1.3551e-16
5754.709462 1.0795e-16
5756.245476 1.0022e-16
5757.78149 1.5968e-16
5759.317504 1.7825e-16
5760.853518 1.813e-16
5762.389532 1.4915e-16
5763.925546 8.6023e-17
5765.46156 1.1092e-16
5766.997574 1.2861e-16
5768.533588 1.0988e-16
5770.069602 1.2656e-16
5771.605616 1.2987e-16
5773.14163 1.5215e-16
5774.677644 1.3793e-16
5776.213658 1.4177e-16
5777.749672 1.4917e-16
5779.285686 1.4161e-16
5780.8217 1.1929e-16
5782.357714 1.4016e-16
5783.893728 1.4198e-16
5785.429742 1.0757e-16
5786.965756 6.9893e-17
5788.50177 9.8743e-17
5790.037784 1.7442e-16
5791.573798 1.7505e-16
5793.109812 9.1939e-17
5794.645826 5.577e-17
5796.18184 6.0847e-17
5797.717854 1.0569e-16
5799.253868 1.136e-16
5800.789882 1.0292e-16
5802.325896 1.1456e-16
5803.86191 1.4666e-16
5805.397924 1.5652e-16
5806.933938 1.6859e-16
5808.469952 1.3187e-16
5810.005966 9.0308e-17
5811.54198 1.4412e-16
5813.077994 1.6549e-16
5814.614008 1.4373e-16
5816.150022 9.7593e-17
5817.686036 6.1403e-17
5819.22205 9.8964e-17
5820.758064 1.4399e-16
5822.294078 1.5795e-16
5823.830092 1.4835e-16
5825.366106 1.6473e-16
5826.90212 1.7632e-16
5828.438134 1.3103e-16
5829.974148 8.2027e-17
5831.510162 1.2858e-16
5833.046176 1.7811e-16
5834.58219 1.7198e-16
5836.118204 1.2162e-16
5837.654218 1.6288e-16
5839.190232 1.7451e-16
5840.726246 1.3678e-16
5842.26226 1.4678e-16
5843.798274 1.5887e-16
5845.334288 1.4861e-16
5846.870302 8.7707e-17
5848.406316 1.0489e-16
5849.94233 1.5827e-16
5851.478344 1.4167e-16
5853.014358 1.3494e-16
5854.550372 1.36e-16
5856.086386 9.8287e-17
5857.6224 8.0696e-17
5859.158414 1.1244e-16
5860.694428 1.418e-16
5862.230442 1.3822e-16
5863.766456 1.3524e-16
5865.30247 1.2043e-16
5866.838484 9.1425e-17
5868.374498 7.3149e-17
5869.910512 1.0682e-16
5871.446526 1.0775e-16
5872.98254 1.5583e-16
5874.518554 1.7661e-16
5876.054568 1.3026e-16
5877.590582 1.2956e-16
5879.126596 1.4331e-16
5880.66261 1.2349e-16
5882.198624 1.51e-16
5883.734638 1.4738e-16
5885.270652 1.7084e-16
5886.806666 2.3646e-16
5888.34268 2.116e-16
5889.878694 6.1132e-17
5891.414708 4.1316e-17
5892.950722 1.2393e-16
5894.486736 1.718e-16
5896.02275 2.1908e-16
5897.558764 1.8877e-16
5899.094778 1.9646e-16
5900.630792 1.8697e-16
5902.166806 1.3291e-16
5903.70282 1.3703e-16
5905.238834 1.8305e-16
5906.774848 1.6843e-16
5908.310862 2.0166e-16
5909.846876 1.4796e-16
5911.38289 9.3058e-17
5912.918904 1.3631e-16
5914.454918 1.6421e-16
5915.990932 8.166e-17
5917.526946 1.0943e-16
5919.06296 1.5625e-16
5920.598974 1.4204e-16
5922.134988 1.1691e-16
5923.671002 1.3548e-16
5925.207016 1.3894e-16
5926.74303 8.1013e-17
5928.279044 1.0604e-17
5929.815058 2.0192e-17
5931.351072 8.6591e-17
5932.887086 8.7838e-17
5934.4231 1.2153e-16
5935.959114 1.2063e-16
5937.495128 7.0609e-17
5939.031142 9.3697e-17
5940.567156 8.1941e-17
5942.10317 7.7272e-17
5943.639184 1.5243e-16
5945.175198 1.4646e-16
5946.711212 1.019e-16
5948.247226 1.1729e-16
5949.78324 1.3527e-16
5951.319254 1.3937e-16
5952.855268 1.4021e-16
5954.391282 1.2957e-16
5955.927296 9.762e-17
5957.46331 9.6098e-17
5958.999324 1.3974e-16
5960.535338 1.1132e-16
5962.071352 1.2607e-16
5963.607366 1.1707e-16
5965.14338 3.4568e-17
5966.679394 9.5876e-17
5968.215408 1.4754e-16
5969.751422 1.3102e-16
5971.287436 1.0516e-16
5972.82345 1.0238e-16
5974.359464 1.2968e-16
5975.895478 1.4749e-16
5977.431492 1.1753e-16
5978.967506 9.9633e-17
5980.50352 1.3597e-16
5982.039534 1.296e-16
5983.575548 1.0274e-16
5985.111562 1.2937e-16
5986.647576 1.1235e-16
5988.18359 6.8531e-17
5989.719604 6.5845e-17
5991.255618 9.6326e-17
5992.791632 1.6321e-16
5994.327646 1.5298e-16
5995.86366 1.1151e-16
5997.399674 1.6452e-16
5998.935688 1.9665e-16
6000.471702 1.501e-16
6002.007716 8.4095e-17
6003.54373 7.7933e-17
6005.079744 1.291e-16
6006.615758 1.7527e-16
6008.151772 1.7704e-16
6009.687786 1.3578e-16
6011.2238 7.8933e-17
6012.759814 8.5334e-17
6014.295828 1.7918e-16
6015.831842 2.5247e-16
6017.367856 1.4258e-16
6018.90387 3.8256e-17
6020.439884 9.2498e-17
6021.975898 1.4586e-16
6023.511912 1.3241e-16
6025.047926 1.2788e-16
6026.58394 1.2951e-16
6028.119954 1.2589e-16
6029.655968 1.2513e-16
6031.191982 1.3074e-16
6032.727996 1.8482e-16
6034.26401 1.5876e-16
6035.800024 1.1684e-16
6037.336038 8.7715e-17
6038.872052 5.2878e-17
6040.408066 1.1079e-16
6041.94408 1.0332e-16
6043.480094 7.3842e-17
6045.016108 1.2378e-16
6046.552122 1.1865e-16
6048.088136 6.7686e-17
6049.62415 1.1538e-16
6051.160164 1.5929e-16
6052.696178 2.1023e-16
6054.232192 2.2603e-16
6055.768206 1.8971e-16
6057.30422 1.0463e-16
6058.840234 9.8438e-17
6060.376248 1.4931e-16
6061.912262 2.207e-16
6063.448276 2.2213e-16
6064.98429 1.9312e-16
6066.520304 1.7065e-16
6068.056318 1.2332e-16
6069.592332 1.146e-16
6071.128346 9.189e-17
6072.66436 1.1957e-16
6074.200374 1.4871e-16
6075.736388 1.3923e-16
6077.272402 9.1864e-17
6078.808416 1.2606e-16
6080.34443 1.3357e-16
6081.880444 1.2233e-16
6083.416458 1.1617e-16
6084.952472 1.512e-16
6086.488486 1.5762e-16
6088.0245 1.032e-16
6089.560514 8.4428e-17
6091.096528 1.3261e-16
6092.632542 1.7463e-16
6094.168556 1.9787e-16
6095.70457 1.4263e-16
6097.240584 1.1395e-16
6098.776598 1.2875e-16
6100.312612 1.4549e-16
6101.848626 1.6809e-16
6103.38464 1.3434e-16
6104.920654 1.0362e-16
6106.456668 1.6999e-16
6107.992682 1.8658e-16
6109.528696 1.0373e-16
6111.06471 9.2416e-17
6112.600724 1.0815e-16
6114.136738 1.2372e-16
6115.672752 1.3384e-16
6117.208766 1.8171e-16
6118.74478 1.3787e-16
6120.280794 1.3778e-16
6121.816808 1.814e-16
6123.352822 2.0368e-16
6124.888836 1.6358e-16
6126.42485 1.5433e-16
6127.960864 1.6943e-16
6129.496878 1.0651e-16
6131.032892 8.8422e-17
6132.568906 1.2275e-16
6134.10492 1.0982e-16
6135.640934 1.3004e-16
6137.176948 1.3458e-16
6138.712962 1.4574e-16
6140.248976 1.4811e-16
6141.78499 9.8604e-17
6143.321004 1.0996e-16
6144.857018 1.3716e-16
6146.393032 1.3537e-16
6147.929046 1.4493e-16
6149.46506 1.4278e-16
6151.001074 1.2904e-16
6152.537088 1.2745e-16
6154.073102 1.7995e-16
6155.609116 2.459e-16
6157.14513 1.7949e-16
6158.681144 9.7167e-17
6160.217158 1.2201e-16
6161.753172 1.4607e-16
6163.289186 1.4104e-16
6164.8252 1.8724e-16
6166.361214 1.8696e-16
6167.897228 1.2684e-16
6169.433242 8.1429e-17
6170.969256 1.0276e-16
6172.50527 1.1666e-16
6174.041284 8.9574e-17
6175.577298 1.0642e-16
6177.113312 1.01e-16
6178.649326 8.742e-17
6180.18534 1.0077e-16
6181.721354 1.136e-16
6183.257368 1.2499e-16
6184.793382 1.2646e-16
6186.329396 1.2398e-16
6187.86541 1.187e-16
6189.401424 1.2784e-16
6190.937438 1.2977e-16
6192.473452 1.2483e-16
6194.009466 1.1137e-16
6195.54548 1.1917e-16
6197.081494 1.237e-16
6198.617508 1.1506e-16
6200.153522 9.7351e-17
6201.689536 1.0538e-16
6203.22555 1.4169e-16
6204.761564 1.638e-16
6206.297578 1.2424e-16
6207.833592 1.1807e-16
6209.369606 2.0594e-16
6210.90562 1.6827e-16
6212.441634 1.2765e-16
6213.977648 1.7657e-16
6215.513662 1.564e-16
6217.049676 1.1901e-16
6218.58569 1.7927e-16
6220.121704 1.862e-16
6221.657718 1.5598e-16
6223.193732 1.4623e-16
6224.729746 1.315e-16
6226.26576 9.2666e-17
6227.801774 1.273e-16
6229.337788 1.5564e-16
6230.873802 7.6795e-17
6232.409816 6.2104e-17
6233.94583 1.4271e-16
6235.481844 1.3406e-16
6237.017858 6.2712e-17
6238.553872 6.6126e-17
6240.089886 1.2933e-16
6241.6259 1.6049e-16
6243.161914 1.77e-16
6244.697928 1.5301e-16
6246.233942 1.0672e-16
6247.769956 9.1011e-17
6249.30597 8.0746e-17
6250.841984 1.2454e-16
6252.377998 1.3626e-16
6253.914012 1.6715e-16
6255.450026 1.6863e-16
6256.98604 1.16e-16
6258.522054 9.073e-17
6260.058068 9.4653e-17
6261.594082 1.4757e-16
6263.130096 1.5858e-16
6264.66611 1.0729e-16
6266.202124 9.1613e-17
6267.738138 1.0241e-16
6269.274152 1.4144e-16
6270.810166 1.1987e-16
6272.34618 1.0409e-16
6273.882194 1.0046e-16
6275.418208 1.1823e-16
6276.954222 1.7387e-16
6278.490236 1.5958e-16
6280.02625 1.4016e-16
6281.562264 1.4431e-16
6283.098278 1.37e-16
6284.634292 1.0384e-16
6286.170306 1.5352e-16
6287.70632 1.9102e-16
6289.242334 1.4889e-16
6290.778348 1.5648e-16
6292.314362 1.3682e-16
6293.850376 8.0112e-17
6295.38639 9.3167e-17
6296.922404 1.9198e-16
6298.458418 2.2439e-16
6299.994432 1.6424e-16
6301.530446 1.1873e-16
6303.06646 1.3356e-16
6304.602474 1.6539e-16
6306.138488 1.8846e-16
6307.674502 1.4998e-16
6309.210516 1.1246e-16
6310.74653 1.5915e-16
6312.282544 1.5562e-16
6313.818558 1.2056e-16
6315.354572 1.3129e-16
6316.890586 1.8254e-16
6318.4266 1.6998e-16
6319.962614 1.5106e-16
6321.498628 1.8561e-16
6323.034642 2.1455e-16
6324.570656 1.7292e-16
6326.10667 1.1049e-16
6327.642684 1.2355e-16
6329.178698 9.0597e-17
6330.714712 8.7878e-17
6332.250726 1.3831e-16
6333.78674 1.3087e-16
6335.322754 1.1537e-16
6336.858768 8.2741e-17
6338.394782 8.5849e-17
6339.930796 1.0756e-16
6341.46681 9.1213e-17
6343.002824 5.1518e-17
6344.538838 8.766e-17
6346.074852 1.0236e-16
6347.610866 1.3679e-16
6349.14688 1.1827e-16
6350.682894 8.3258e-17
6352.218908 1.317e-16
6353.754922 1.6356e-16
6355.290936 1.7945e-16
6356.82695 1.4102e-16
6358.362964 1.6359e-16
6359.898978 1.9567e-16
6361.434992 1.2827e-16
6362.971006 1.5943e-16
6364.50702 1.6389e-16
6366.043034 1.3985e-16
6367.579048 1.0383e-16
6369.115062 1.3718e-16
6370.651076 1.5352e-16
6372.18709 1.2553e-16
6373.723104 1.2453e-16
6375.259118 1.5037e-16
6376.795132 1.0845e-16
6378.331146 1.1481e-16
6379.86716 1.6842e-16
6381.403174 1.1404e-16
6382.939188 1.3576e-16
6384.475202 1.7655e-16
6386.011216 1.9548e-16
6387.54723 1.2017e-16
6389.083244 1.0724e-16
6390.619258 1.3748e-16
6392.155272 1.399e-16
6393.691286 1.0823e-16
6395.2273 5.5095e-17
6396.763314 8.8086e-17
6398.299328 1.1134e-16
6399.835342 6.4588e-17
6401.371356 9.9707e-17
6402.90737 1.3983e-16
6404.443384 1.603e-16
6405.979398 1.0137e-16
6407.515412 8.8656e-17
6409.051426 8.7357e-17
6410.58744 1.6655e-16
6412.123454 1.7494e-16
6413.659468 1.5018e-16
6415.195482 1.2469e-16
6416.731496 1.423e-16
6418.26751 1.7913e-16
6419.803524 9.8242e-17
6421.339538 7.072e-17
6422.875552 1.3002e-16
6424.411566 1.2541e-16
6425.94758 1.3708e-16
6427.483594 1.4365e-16
6429.019608 1.3595e-16
6430.555622 1.2597e-16
6432.091636 1.3315e-16
6433.62765 1.02e-16
6435.163664 1.392e-16
6436.699678 1.536e-16
6438.235692 1.468e-16
6439.771706 1.729e-16
6441.30772 1.4574e-16
6442.843734 1.5193e-16
6444.379748 1.3299e-16
6445.915762 1.3485e-16
6447.451776 1.1154e-16
6448.98779 1.2934e-16
6450.523804 1.5375e-16
6452.059818 1.3516e-16
6453.595832 1.2883e-16
6455.131846 1.4731e-16
6456.66786 1.4961e-16
6458.203874 1.5099e-16
6459.739888 1.5882e-16
6461.275902 1.8961e-16
6462.811916 1.7209e-16
6464.34793 1.1937e-16
6465.883944 1.0314e-16
6467.419958 1.0757e-16
6468.955972 8.399e-17
6470.491986 7.691e-17
6472.028 1.287e-16
6473.564014 1.1842e-16
6475.100028 9.6486e-17
6476.636042 1.3321e-16
6478.172056 1.2855e-16
6479.70807 1.0095e-16
6481.244084 1.1015e-16
6482.780098 1.5585e-16
6484.316112 1.5907e-16
6485.852126 1.1176e-16
6487.38814 1.2168e-16
6488.924154 1.5374e-16
6490.460168 1.4466e-16
6491.996182 1.1121e-16
6493.532196 1.1172e-16
6495.06821 1.1885e-16
6496.604224 1.3299e-16
6498.140238 1.5485e-16
6499.676252 1.4053e-16
6501.212266 1.2653e-16
6502.74828 1.2383e-16
6504.284294 1.1161e-16
6505.820308 1.5622e-16
6507.356322 1.6648e-16
6508.892336 1.0454e-16
6510.42835 8.6914e-17
6511.964364 9.441e-17
6513.500378 1.1293e-16
6515.036392 1.1481e-16
6516.572406 9.9928e-17
6518.10842 7.6575e-17
6519.644434 8.2561e-17
6521.180448 1.1449e-16
6522.716462 1.3522e-16
6524.252476 1.3919e-16
6525.78849 1.4306e-16
6527.324504 1.1792e-16
6528.860518 1.4745e-16
6530.396532 1.9023e-16
6531.932546 1.7535e-16
6533.46856 1.4886e-16
6535.004574 1.5343e-16
6536.540588 1.6348e-16
6538.076602 1.747e-16
6539.612616 1.714e-16
6541.14863 1.4278e-16
6542.684644 1.4725e-16
6544.220658 1.3516e-16
6545.756672 1.2815e-16
6547.292686 1.5926e-16
6548.8287 1.776e-16
6550.364714 1.5734e-16
6551.900728 1.407e-16
6553.436742 1.5654e-16
6554.972756 1.7729e-16
6556.50877 1.6994e-16
6558.044784 1.5877e-16
6559.580798 1.4136e-16
6561.116812 1.4662e-16
6562.652826 1.4644e-16
6564.18884 1.4307e-16
6565.724854 1.6684e-16
6567.260868 1.359e-16
6568.796882 9.1506e-17
6570.332896 1.0162e-16
6571.86891 1.2344e-16
6573.404924 1.0352e-16
6574.940938 9.325e-17
6576.476952 1.3626e-16
6578.012966 1.5975e-16
6579.54898 1.6718e-16
6581.084994 1.3852e-16
6582.621008 1.092e-16
6584.157022 1.1253e-16
6585.693036 1.3941e-16
6587.22905 1.7664e-16
6588.765064 1.6501e-16
6590.301078 1.1892e-16
6591.837092 9.9863e-17
6593.373106 1.0067e-16
6594.90912 1.0921e-16
6596.445134 1.4939e-16
6597.981148 1.3777e-16
6599.517162 1.1313e-16
6601.053176 1.3565e-16
6602.58919 1.6925e-16
6604.125204 1.3895e-16
6605.661218 1.4001e-16
6607.197232 1.3891e-16
6608.733246 9.7511e-17
6610.26926 8.0405e-17
6611.805274 1.1486e-16
6613.341288 1.5109e-16
6614.877302 1.4638e-16
6616.413316 1.3148e-16
6617.94933 1.178e-16
6619.485344 1.2848e-16
6621.021358 1.5344e-16
6622.557372 1.6057e-16
6624.093386 1.4203e-16
6625.6294 1.3414e-16
6627.165414 1.2114e-16
6628.701428 1.056e-16
6630.237442 1.4016e-16
6631.773456 1.459e-16
6633.30947 1.5392e-16
6634.845484 1.228e-16
6636.381498 1.1795e-16
6637.917512 1.3318e-16
6639.453526 1.466e-16
6640.98954 1.4899e-16
6642.525554 1.5674e-16
6644.061568 1.6097e-16
6645.597582 1.2699e-16
6647.133596 1.1407e-16
6648.66961 1.4643e-16
6650.205624 1.7106e-16
6651.741638 1.9149e-16
6653.277652 1.5689e-16
6654.813666 1.0897e-16
6656.34968 1.0006e-16
6657.885694 1.229e-16
6659.421708 1.5033e-16
6660.957722 1.5685e-16
6662.493736 1.8062e-16
6664.02975 1.6578e-16
6665.565764 1.5656e-16
6667.101778 1.2014e-16
6668.637792 1.1662e-16
6670.173806 1.1104e-16
6671.70982 8.7676e-17
6673.245834 1.1251e-16
6674.781848 1.3058e-16
6676.317862 1.3117e-16
6677.853876 1.6109e-16
6679.38989 1.7518e-16
6680.925904 1.4649e-16
6682.461918 1.1785e-16
6683.997932 1.3614e-16
6685.533946 1.5275e-16
6687.06996 1.6557e-16
6688.605974 1.6548e-16
6690.141988 1.4238e-16
6691.678002 1.2769e-16
6693.214016 1.2147e-16
6694.75003 1.4219e-16
6696.286044 1.7269e-16
6697.822058 1.8226e-16
6699.358072 1.8114e-16
6700.894086 1.8808e-16
6702.4301 1.5891e-16
6703.966114 8.9639e-17
6705.502128 9.8857e-17
6707.038142 1.307e-16
6708.574156 1.1682e-16
6710.11017 1.2742e-16
6711.646184 1.5156e-16
6713.182198 1.3061e-16
6714.718212 1.0348e-16
6716.254226 8.9932e-17
6717.79024 1.0417e-16
6719.326254 1.0419e-16
6720.862268 5.5283e-17
6722.398282 8.4663e-17
6723.934296 1.5467e-16
6725.47031 1.4978e-16
6727.006324 1.0101e-16
6728.542338 1.2165e-16
6730.078352 1.6642e-16
6731.614366 1.1774e-16
6733.15038 1.3031e-16
6734.686394 1.8091e-16
6736.222408 1.5009e-16
6737.758422 1.3634e-16
6739.294436 1.3599e-16
6740.83045 1.7678e-16
6742.366464 1.9031e-16
6743.902478 1.608e-16
6745.438492 1.6109e-16
6746.974506 1.8411e-16
6748.51052 1.4568e-16
6750.046534 9.8729e-17
6751.582548 1.3522e-16
6753.118562 1.3167e-16
6754.654576 1.1882e-16
6756.19059 1.4944e-16
6757.726604 1.4327e-16
6759.262618 1.4785e-16
6760.798632 1.5438e-16
6762.334646 1.4115e-16
6763.87066 1.3051e-16
6765.406674 1.3174e-16
6766.942688 1.4556e-16
6768.478702 1.4197e-16
6770.014716 1.2094e-16
6771.55073 1.2338e-16
6773.086744 1.4052e-16
6774.622758 1.5445e-16
6776.158772 1.5239e-16
6777.694786 1.3946e-16
6779.2308 1.3519e-16
6780.766814 1.4416e-16
6782.302828 1.4966e-16
6783.838842 1.6582e-16
6785.374856 1.861e-16
6786.91087 1.6909e-16
6788.446884 1.4565e-16
6789.982898 1.2994e-16
6791.518912 1.4716e-16
6793.054926 1.5836e-16
6794.59094 1.1899e-16
6796.126954 1.2755e-16
6797.662968 1.6193e-16
6799.198982 1.6366e-16
6800.734996 1.4573e-16
6802.27101 1.2878e-16
6803.807024 1.4226e-16
6805.343038 1.5142e-16
6806.879052 1.6985e-16
6808.415066 1.6715e-16
6809.95108 1.361e-16
6811.487094 1.5369e-16
6813.023108 1.8202e-16
6814.559122 1.7174e-16
6816.095136 1.6929e-16
6817.63115 1.7746e-16
6819.167164 1.3559e-16
6820.703178 1.3391e-16
6822.239192 1.5528e-16
6823.775206 1.7528e-16
6825.31122 1.7004e-16
6826.847234 1.7606e-16
6828.383248 1.2995e-16
6829.919262 1.297e-16
6831.455276 2.1684e-16
6832.99129 2.6439e-16
6834.527304 2.48e-16
6836.063318 2.252e-16
6837.599332 3.0883e-16
6839.135346 2.9161e-16
6840.67136 2.2245e-16
6842.207374 1.8414e-16
6843.743388 1.4219e-16
6845.279402 1.0561e-16
6846.815416 1.4246e-16
6848.35143 1.8792e-16
6849.887444 1.7539e-16
6851.423458 1.7542e-16
6852.959472 2.3925e-16
6854.495486 2.8604e-16
6856.0315 2.5857e-16
6857.567514 2.3654e-16
6859.103528 2.7442e-16
6860.639542 2.9942e-16
6862.175556 2.6455e-16
6863.71157 1.9987e-16
6865.247584 1.5593e-16
6866.783598 1.7507e-16
6868.319612 1.6289e-16
6869.855626 1.534e-16
6871.39164 1.4806e-16
6872.927654 1.8594e-16
6874.463668 1.7035e-16
6875.999682 1.3216e-16
6877.535696 1.2068e-16
6879.07171 1.2853e-16
6880.607724 1.4341e-16
6882.143738 1.2481e-16
6883.679752 1.4169e-16
6885.215766 1.1879e-16
6886.75178 1.2748e-16
6888.287794 1.3169e-16
6889.823808 1.4192e-16
6891.359822 1.075e-16
6892.895836 1.1198e-16
6894.43185 1.2275e-16
6895.967864 1.1901e-16
6897.503878 1.1984e-16
6899.039892 1.3455e-16
6900.575906 1.3905e-16
6902.11192 1.462e-16
6903.647934 1.405e-16
6905.183948 1.0689e-16
6906.719962 8.7246e-17
6908.255976 9.0908e-17
6909.79199 1.2488e-16
6911.328004 1.9075e-16
6912.864018 1.82e-16
6914.400032 1.5031e-16
6915.936046 1.74e-16
6917.47206 1.4752e-16
6919.008074 8.2905e-17
6920.544088 6.2836e-17
6922.080102 1.0392e-16
6923.616116 1.3281e-16
6925.15213 1.3736e-16
6926.688144 1.3128e-16
6928.224158 1.6423e-16
6929.760172 1.6378e-16
6931.296186 1.7124e-16
6932.8322 1.8051e-16
6934.368214 1.4969e-16
6935.904228 1.7231e-16
6937.440242 1.6199e-16
6938.976256 1.4756e-16
6940.51227 1.4819e-16
6942.048284 1.4593e-16
6943.584298 1.485e-16
6945.120312 1.7549e-16
6946.656326 1.4962e-16
6948.19234 1.0963e-16
6949.728354 1.08e-16
6951.264368 9.9501e-17
6952.800382 8.7919e-17
6954.336396 9.6973e-17
6955.87241 1.2809e-16
6957.408424 1.7654e-16
6958.944438 1.8527e-16
6960.480452 1.4481e-16
6962.016466 1.3616e-16
6963.55248 1.2676e-16
6965.088494 1.2288e-16
6966.624508 1.6455e-16
6968.160522 1.6069e-16
6969.696536 1.4711e-16
6971.23255 1.3293e-16
6972.768564 1.1155e-16
6974.304578 1.2074e-16
6975.840592 1.1949e-16
6977.376606 1.0309e-16
6978.91262 1.1812e-16
6980.448634 1.3248e-16
6981.984648 1.4342e-16
6983.520662 1.3633e-16
6985.056676 1.8493e-16
6986.59269 1.9961e-16
6988.128704 1.7837e-16
6989.664718 1.6501e-16
6991.200732 1.7008e-16
6992.736746 2.033e-16
6994.27276 1.8144e-16
6995.808774 1.5803e-16
6997.344788 1.4434e-16
6998.880802 1.4286e-16
7000.416816 1.5129e-16
7001.95283 1.4333e-16
7003.488844 1.4327e-16
7005.024858 1.4941e-16
7006.560872 1.6535e-16
7008.096886 1.5743e-16
7009.6329 1.2379e-16
7011.168914 1.1244e-16
7012.704928 1.512e-16
7014.240942 1.783e-16
7015.776956 1.6033e-16
7017.31297 1.336e-16
7018.848984 1.2214e-16
7020.384998 9.8561e-17
7021.921012 1.2787e-16
7023.457026 1.4434e-16
7024.99304 1.4406e-16
7026.529054 1.5143e-16
7028.065068 1.7515e-16
7029.601082 1.8418e-16
7031.137096 1.5203e-16
7032.67311 1.1989e-16
7034.209124 1.3659e-16
7035.745138 1.5065e-16
7037.281152 1.329e-16
7038.817166 1.2965e-16
7040.35318 1.2824e-16
7041.889194 1.2475e-16
7043.425208 1.3078e-16
7044.961222 1.2525e-16
7046.497236 9.2052e-17
7048.03325 1.0411e-16
7049.569264 1.2777e-16
7051.105278 1.5174e-16
7052.641292 1.5452e-16
7054.177306 1.2775e-16
7055.71332 1.5628e-16
7057.249334 1.2543e-16
7058.785348 1.1042e-16
7060.321362 1.3003e-16
7061.857376 1.653e-16
7063.39339 1.5684e-16
7064.929404 1.5138e-16
7066.465418 1.3187e-16
7068.001432 1.0846e-16
7069.537446 1.1599e-16
7071.07346 1.424e-16
7072.609474 1.7113e-16
7074.145488 1.5514e-16
7075.681502 1.287e-16
7077.217516 1.2621e-16
7078.75353 1.4462e-16
7080.289544 1.8029e-16
7081.825558 1.8057e-16
7083.361572 1.7092e-16
7084.897586 1.5016e-16
7086.4336 1.1581e-16
7087.969614 1.1552e-16
7089.505628 1.2196e-16
7091.041642 1.5581e-16
7092.577656 1.7852e-16
7094.11367 1.4262e-16
7095.649684 1.1842e-16
7097.185698 1.499e-16
7098.721712 1.5882e-16
7100.257726 1.2249e-16
7101.79374 1.2958e-16
7103.329754 1.4084e-16
7104.865768 9.8279e-17
7106.401782 1.0159e-16
7107.937796 9.82e-17
7109.47381 1.2105e-16
7111.009824 1.1477e-16
7112.545838 1.3763e-16
7114.081852 1.2232e-16
7115.617866 1.1437e-16
7117.15388 1.3195e-16
7118.689894 1.3295e-16
7120.225908 1.4776e-16
7121.761922 1.2203e-16
7123.297936 1.229e-16
7124.83395 1.2793e-16
7126.369964 1.4135e-16
7127.905978 1.359e-16
7129.441992 1.1245e-16
7130.978006 1.4545e-16
7132.51402 1.6171e-16
7134.050034 1.6486e-16
7135.586048 1.4777e-16
7137.122062 1.1393e-16
7138.658076 1.3314e-16
7140.19409 9.6124e-17
7141.730104 6.344e-17
7143.266118 1.3572e-16
7144.802132 1.6337e-16
7146.338146 1.4597e-16
7147.87416 1.484e-16
7149.410174 1.253e-16
7150.946188 9.3828e-17
7152.482202 1.3012e-16
7154.018216 1.3489e-16
7155.55423 1.357e-16
7157.090244 1.2946e-16
7158.626258 1.3327e-16
7160.162272 1.5897e-16
7161.698286 1.5919e-16
7163.2343 1.4028e-16
7164.770314 1.5678e-16
7166.306328 1.2544e-16
7167.842342 1.4464e-16
7169.378356 1.4296e-16
7170.91437 1.1301e-16
7172.450384 1.5136e-16
7173.986398 1.6955e-16
7175.522412 1.2926e-16
7177.058426 1.574e-16
7178.59444 1.7639e-16
7180.130454 1.5122e-16
7181.666468 1.2019e-16
7183.202482 1.2494e-16
7184.738496 1.3223e-16
7186.27451 1.3935e-16
7187.810524 1.4103e-16
7189.346538 1.5053e-16
7190.882552 1.6455e-16
7192.418566 1.3485e-16
7193.95458 1.2182e-16
7195.490594 1.1573e-16
7197.026608 1.0487e-16
7198.562622 8.6827e-17
7200.098636 1.3444e-16
7201.63465 1.1591e-16
7203.170664 1.1166e-16
7204.706678 9.5429e-17
7206.242692 1.1208e-16
7207.778706 1.1704e-16
7209.31472 1.2304e-16
7210.850734 1.5157e-16
7212.386748 1.6298e-16
7213.922762 1.3901e-16
7215.458776 1.5346e-16
7216.99479 1.7617e-16
7218.530804 1.6126e-16
7220.066818 1.6171e-16
7221.602832 1.6302e-16
7223.138846 1.4115e-16
7224.67486 1.1514e-16
7226.210874 1.5765e-16
7227.746888 1.7459e-16
7229.282902 1.5864e-16
7230.818916 1.5022e-16
7232.35493 1.3354e-16
7233.890944 1.2551e-16
7235.426958 9.1445e-17
7236.962972 1.8079e-16
7238.498986 1.974e-16
7240.035 1.5642e-16
7241.571014 1.0765e-16
7243.107028 1.5912e-16
7244.643042 1.6674e-16
7246.179056 1.5733e-16
7247.71507 1.5575e-16
7249.251084 1.564e-16
7250.787098 1.1967e-16
7252.323112 1.1819e-16
7253.859126 9.9701e-17
7255.39514 1.5014e-16
7256.931154 2.1079e-16
7258.467168 1.8757e-16
7260.003182 2.2066e-16
7261.539196 1.8737e-16
7263.07521 1.6773e-16
7264.611224 1.6659e-16
7266.147238 1.4199e-16
7267.683252 1.3159e-16
7269.219266 1.5794e-16
7270.75528 1.5799e-16
7272.291294 1.0413e-16
7273.827308 1.0519e-16
7275.363322 1.7825e-16
7276.899336 1.6254e-16
7278.43535 1.1039e-16
7279.971364 1.3217e-16
7281.507378 1.2326e-16
7283.043392 8.4061e-17
7284.579406 1.0429e-16
7286.11542 1.5005e-16
7287.651434 1.8234e-16
7289.187448 1.4486e-16
7290.723462 1.2931e-16
7292.259476 1.5927e-16
7293.79549 1.5861e-16
7295.331504 1.2267e-16
7296.867518 1.328e-16
7298.403532 1.8571e-16
7299.939546 1.831e-16
7301.47556 1.6764e-16
7303.011574 1.9415e-16
7304.547588 2.017e-16
7306.083602 1.7627e-16
7307.619616 1.5011e-16
7309.15563 2.3537e-16
7310.691644 2.0693e-16
7312.227658 1.9195e-16
7313.763672 2.0483e-16
7315.299686 1.5377e-16
7316.8357 1.329e-16
7318.371714 1.3472e-16
7319.907728 1.385e-16
7321.443742 1.1812e-16
7322.979756 1.4097e-16
7324.51577 1.4628e-16
7326.051784 1.7718e-16
7327.587798 1.6946e-16
7329.123812 1.3182e-16
7330.659826 1.6956e-16
7332.19584 1.5258e-16
7333.731854 1.0702e-16
7335.267868 1.2596e-16
7336.803882 1.8392e-16
7338.339896 1.7521e-16
7339.87591 1.2453e-16
7341.411924 1.5459e-16
7342.947938 2.0317e-16
7344.483952 1.7496e-16
7346.019966 1.3789e-16
7347.55598 1.6264e-16
7349.091994 1.6407e-16
7350.628008 1.3532e-16
7352.164022 1.2035e-16
7353.700036 1.4483e-16
7355.23605 1.2492e-16
7356.772064 1.4523e-16
7358.308078 1.7804e-16
7359.844092 1.2117e-16
7361.380106 1.1018e-16
7362.91612 1.5444e-16
7364.452134 1.7558e-16
7365.988148 2.2185e-16
7367.524162 1.9442e-16
7369.060176 1.593e-16
7370.59619 1.9702e-16
7372.132204 1.7693e-16
7373.668218 1.1467e-16
7375.204232 1.047e-16
7376.740246 1.2053e-16
7378.27626 1.2691e-16
7379.812274 1.4855e-16
7381.348288 1.5762e-16
7382.884302 1.3504e-16
7384.420316 1.2142e-16
7385.95633 1.2329e-16
7387.492344 1.1866e-16
7389.028358 1.3378e-16
7390.564372 1.6655e-16
7392.100386 1.3667e-16
7393.6364 1.164e-16
7395.172414 1.4582e-16
7396.708428 1.4094e-16
7398.244442 1.3844e-16
7399.780456 1.222e-16
7401.31647 9.8083e-17
7402.852484 9.3477e-17
7404.388498 8.3109e-17
7405.924512 8.7749e-17
7407.460526 1.393e-16
7408.99654 1.443e-16
7410.532554 1.2218e-16
7412.068568 1.2439e-16
7413.604582 1.1342e-16
7415.140596 1.2446e-16
7416.67661 1.496e-16
7418.212624 1.4592e-16
7419.748638 1.4339e-16
7421.284652 1.5346e-16
7422.820666 1.5058e-16
7424.35668 1.1532e-16
7425.892694 9.7816e-17
7427.428708 1.2026e-16
7428.964722 1.2401e-16
7430.500736 9.281e-17
7432.03675 8.7296e-17
7433.572764 1.2605e-16
7435.108778 1.4597e-16
7436.644792 1.3494e-16
7438.180806 1.4336e-16
7439.71682 1.6343e-16
7441.252834 1.5851e-16
7442.788848 1.3127e-16
7444.324862 1.1292e-16
7445.860876 1.1709e-16
7447.39689 1.2477e-16
7448.932904 1.2441e-16
7450.468918 1.1119e-16
7452.004932 1.045e-16
7453.540946 9.2183e-17
7455.07696 1.066e-16
7456.612974 1.5785e-16
7458.148988 1.5096e-16
7459.685002 1.3679e-16
7461.221016 1.4892e-16
7462.75703 1.1298e-16
7464.293044 9.82e-17
7465.829058 1.6316e-16
7467.365072 1.9663e-16
7468.901086 1.6775e-16
7470.4371 1.4863e-16
7471.973114 1.4532e-16
7473.509128 1.6089e-16
7475.045142 1.6864e-16
7476.581156 2.0115e-16
7478.11717 1.9839e-16
7479.653184 1.3941e-16
7481.189198 1.3665e-16
7482.725212 1.1546e-16
7484.261226 8.6185e-17
7485.79724 8.6906e-17
7487.333254 1.0921e-16
7488.869268 1.3865e-16
7490.405282 1.4381e-16
7491.941296 1.3177e-16
7493.47731 9.9392e-17
7495.013324 9.2757e-17
7496.549338 1.0697e-16
7498.085352 1.0375e-16
7499.621366 1.2282e-16
7501.15738 1.2618e-16
7502.693394 1.3811e-16
7504.229408 1.4829e-16
7505.765422 1.4968e-16
7507.301436 1.3088e-16
7508.83745 1.106e-16
7510.373464 1.2674e-16
7511.909478 1.2137e-16
7513.445492 1.0062e-16
7514.981506 1.2299e-16
7516.51752 1.4641e-16
7518.053534 1.7011e-16
7519.589548 1.1443e-16
7521.125562 5.5051e-17
7522.661576 1.0833e-16
7524.19759 1.9966e-16
7525.733604 1.5307e-16
7527.269618 1.0598e-16
7528.805632 1.0504e-16
7530.341646 1.1197e-16
7531.87766 1.478e-16
7533.413674 1.5336e-16
7534.949688 1.3676e-16
7536.485702 1.2179e-16
7538.021716 1.0648e-16
7539.55773 1.0956e-16
7541.093744 1.2682e-16
7542.629758 1.4661e-16
7544.165772 1.3486e-16
7545.701786 1.0721e-16
7547.2378 9.5898e-17
7548.773814 1.3031e-16
7550.309828 1.6582e-16
7551.845842 1.6179e-16
7553.381856 1.2515e-16
7554.91787 1.0396e-16
7556.453884 1.3736e-16
7557.989898 1.4047e-16
7559.525912 1.4347e-16
7561.061926 1.7066e-16
7562.59794 1.8334e-16
7564.133954 1.8513e-16
7565.669968 1.5869e-16
7567.205982 8.3871e-17
7568.741996 8.5845e-17
7570.27801 1.2748e-16
7571.814024 1.6258e-16
7573.350038 1.4882e-16
7574.886052 1.2232e-16
7576.422066 1.5811e-16
7577.95808 1.4946e-16
7579.494094 1.4148e-16
7581.030108 1.6898e-16
7582.566122 1.2712e-16
7584.102136 5.8972e-17
7585.63815 8.3673e-17
7587.174164 9.9934e-17
7588.710178 6.5714e-17
7590.246192 7.8909e-17
7591.782206 1.2882e-16
7593.31822 1.1745e-16
7594.854234 8.6973e-17
7596.390248 1.0169e-16
7597.926262 1.3486e-16
7599.462276 1.1613e-16
7600.99829 1.2758e-16
7602.534304 1.6057e-16
7604.070318 1.6645e-16
7605.606332 1.3728e-16
7607.142346 1.3001e-16
7608.67836 1.9931e-16
7610.214374 2.1225e-16
7611.750388 1.8002e-16
7613.286402 1.8406e-16
7614.822416 1.4696e-16
7616.35843 8.3155e-17
7617.894444 1.4225e-16
7619.430458 2.229e-16
7620.966472 1.9564e-16
7622.502486 2.0161e-16
7624.0385 2.227e-16
7625.574514 1.6574e-16
7627.110528 1.3831e-16
7628.646542 1.276e-16
7630.182556 1.3277e-16
7631.71857 1.266e-16
7633.254584 1.5118e-16
7634.790598 1.6171e-16
7636.326612 9.9657e-17
7637.862626 6.9337e-17
7639.39864 1.5179e-16
7640.934654 2.0647e-16
7642.470668 1.8129e-16
7644.006682 1.1726e-16
7645.542696 1.3253e-16
7647.07871 2.1657e-16
7648.614724 1.9076e-16
7650.150738 1.185e-16
7651.686752 1.1585e-16
7653.222766 1.0958e-16
7654.75878 1.3739e-16
7656.294794 1.7708e-16
7657.830808 1.7537e-16
7659.366822 1.4947e-16
7660.902836 1.4256e-16
7662.43885 1.5568e-16
7663.974864 1.6055e-16
7665.510878 1.4673e-16
7667.046892 1.1265e-16
7668.582906 9.9299e-17
7670.11892 7.3551e-17
7671.654934 8.3125e-17
7673.190948 9.7015e-17
7674.726962 1.0133e-16
7676.262976 1.2945e-16
7677.79899 1.5146e-16
7679.335004 1.5408e-16
7680.871018 1.2676e-16
7682.407032 1.1707e-16
7683.943046 1.4406e-16
7685.47906 1.5685e-16
7687.015074 1.5206e-16
7688.551088 1.434e-16
7690.087102 1.3183e-16
7691.623116 1.1998e-16
7693.15913 1.2767e-16
7694.695144 9.8923e-17
7696.231158 1.0923e-16
7697.767172 1.0335e-16
7699.303186 1.3766e-16
7700.8392 1.1992e-16
7702.375214 8.1605e-17
7703.911228 1.1799e-16
7705.447242 1.6441e-16
7706.983256 2.033e-16
7708.51927 1.9295e-16
7710.055284 1.4494e-16
7711.591298 1.4913e-16
7713.127312 1.1399e-16
7714.663326 1.2286e-16
7716.19934 1.4729e-16
7717.735354 1.2596e-16
7719.271368 1.0726e-16
7720.807382 1.2853e-16
7722.343396 1.3249e-16
7723.87941 1.2373e-16
7725.415424 1.2713e-16
7726.951438 1.4163e-16
7728.487452 1.275e-16
7730.023466 1.082e-16
7731.55948 8.3394e-17
7733.095494 1.0636e-16
7734.631508 1.3507e-16
7736.167522 1.5246e-16
7737.703536 1.5418e-16
7739.23955 1.3868e-16
7740.775564 9.7585e-17
7742.311578 9.9127e-17
7743.847592 1.3913e-16
7745.383606 1.0877e-16
7746.91962 8.0514e-17
7748.455634 1.3146e-16
7749.991648 1.9242e-16
7751.527662 1.635e-16
7753.063676 1.0024e-16
7754.59969 1.0647e-16
7756.135704 1.1421e-16
7757.671718 8.7207e-17
7759.207732 9.9998e-17
7760.743746 1.5597e-16
7762.27976 1.5964e-16
7763.815774 1.368e-16
7765.351788 1.0488e-16
7766.887802 1.0738e-16
7768.423816 1.2452e-16
7769.95983 1.3302e-16
7771.495844 1.2856e-16
7773.031858 1.3576e-16
7774.567872 1.2421e-16
7776.103886 1.1324e-16
7777.6399 1.2746e-16
7779.175914 1.318e-16
7780.711928 1.2586e-16
7782.247942 1.1184e-16
7783.783956 1.1238e-16
7785.31997 1.2768e-16
7786.855984 1.5892e-16
7788.391998 1.7472e-16
7789.928012 1.408e-16
7791.464026 9.341e-17
7793.00004 1.0019e-16
7794.536054 1.4642e-16
7796.072068 1.2571e-16
7797.608082 1.0772e-16
7799.144096 8.763e-17
7800.68011 7.3214e-17
7802.216124 1.1575e-16
7803.752138 1.6117e-16
7805.288152 1.5316e-16
7806.824166 1.1292e-16
7808.36018 1.4704e-16
7809.896194 1.6765e-16
7811.432208 1.4823e-16
7812.968222 1.5475e-16
7814.504236 1.4226e-16
7816.04025 1.2622e-16
7817.576264 1.3145e-16
7819.112278 1.5393e-16
7820.648292 1.8497e-16
7822.184306 1.7277e-16
7823.72032 1.2492e-16
7825.256334 1.2477e-16
7826.792348 1.4643e-16
7828.328362 1.5492e-16
7829.864376 1.4437e-16
7831.40039 1.2273e-16
7832.936404 1.0747e-16
7834.472418 1.2176e-16
7836.008432 1.4639e-16
7837.544446 1.3836e-16
7839.08046 1.5899e-16
7840.616474 1.831e-16
7842.152488 1.4331e-16
7843.688502 1.2651e-16
7845.224516 1.4682e-16
7846.76053 1.5447e-16
7848.296544 1.6751e-16
7849.832558 1.9708e-16
7851.368572 1.9585e-16
7852.904586 1.2438e-16
7854.4406 1.0332e-16
7855.976614 1.3949e-16
7857.512628 1.3506e-16
7859.048642 1.0888e-16
7860.584656 1.2303e-16
7862.12067 1.6716e-16
7863.656684 1.7058e-16
7865.192698 1.3356e-16
7866.728712 1.0998e-16
7868.264726 1.0155e-16
7869.80074 1.7926e-16
7871.336754 1.9103e-16
7872.872768 1.649e-16
7874.408782 1.1877e-16
7875.944796 1.0048e-16
7877.48081 1.2842e-16
7879.016824 9.8343e-17
7880.552838 1.1294e-16
7882.088852 1.3144e-16
7883.624866 1.4172e-16
7885.16088 1.8619e-16
7886.696894 1.539e-16
7888.232908 1.1941e-16
7889.768922 1.3751e-16
7891.304936 1.5139e-16
7892.84095 1.2521e-16
7894.376964 8.9121e-17
7895.912978 1.1654e-16
7897.448992 1.4526e-16
7898.985006 1.0204e-16
7900.52102 1.102e-16
7902.057034 1.2991e-16
7903.593048 1.2932e-16
7905.129062 1.2174e-16
7906.665076 1.0417e-16
7908.20109 7.7612e-17
7909.737104 1.0994e-16
7911.273118 1.8526e-16
7912.809132 2.037e-16
7914.345146 1.6772e-16
7915.88116 1.1825e-16
7917.417174 7.6514e-17
7918.953188 1.2292e-16
7920.489202 1.4328e-16
7922.025216 9.6484e-17
7923.56123 1.0983e-16
7925.097244 1.2585e-16
7926.633258 9.1377e-17
7928.169272 3.5754e-17
7929.705286 8.9208e-17
7931.2413 1.5125e-16
7932.777314 1.5448e-16
7934.313328 1.2208e-16
7935.849342 1.5033e-16
7937.385356 1.3998e-16
7938.92137 1.0661e-16
7940.457384 9.895e-17
7941.993398 1.2866e-16
7943.529412 1.1819e-16
7945.065426 1.0933e-16
7946.60144 1.1978e-16
7948.137454 1.3728e-16
7949.673468 1.3968e-16
7951.209482 1.3431e-16
7952.745496 9.7276e-17
7954.28151 1.1363e-16
7955.817524 1.7787e-16
7957.353538 1.9956e-16
7958.889552 1.8559e-16
7960.425566 1.188e-16
7961.96158 1.2081e-16
7963.497594 1.316e-16
7965.033608 1.0577e-16
7966.569622 1.0828e-16
7968.105636 8.9792e-17
7969.64165 1.0297e-16
7971.177664 1.3405e-16
7972.713678 1.3769e-16
7974.249692 1.5663e-16
7975.785706 1.8178e-16
7977.32172 1.6765e-16
7978.857734 1.0505e-16
7980.393748 1.1988e-16
7981.929762 2.2027e-16
7983.465776 1.9514e-16
7985.00179 1.281e-16
7986.537804 1.5721e-16
7988.073818 2.1536e-16
7989.609832 2.3304e-16
7991.145846 1.6514e-16
7992.68186 2.2355e-16
7994.217874 2.4509e-16
7995.753888 1.4938e-16
7997.289902 1.2306e-16
7998.825916 1.5075e-16
8000.36193 1.3383e-16
8001.897944 1.3783e-16
8003.433958 1.3549e-16
8004.969972 1.3148e-16
8006.505986 1.116e-16
8008.042 1.0406e-16
8009.578014 1.2594e-16
8011.114028 9.8873e-17
8012.650042 1.1036e-16
8014.186056 1.2153e-16
8015.72207 1.5522e-16
8017.258084 1.6354e-16
8018.794098 1.18e-16
8020.330112 1.4099e-16
8021.866126 1.6629e-16
8023.40214 8.6407e-17
8024.938154 1.6687e-17
8026.474168 6.7393e-17
8028.010182 1.4795e-16
8029.546196 1.38e-16
8031.08221 1.3011e-16
8032.618224 1.3022e-16
8034.154238 1.1452e-16
8035.690252 8.7674e-17
8037.226266 8.6274e-17
8038.76228 8.5328e-17
8040.298294 8.7589e-17
8041.834308 1.1847e-16
8043.370322 1.1282e-16
8044.906336 9.2428e-17
8046.44235 6.6868e-17
8047.978364 3.7136e-17
8049.514378 6.7856e-17
8051.050392 1.309e-16
8052.586406 1.317e-16
8054.12242 1.1307e-16
8055.658434 1.3222e-16
8057.194448 1.3528e-16
8058.730462 1.4533e-16
8060.266476 1.3007e-16
8061.80249 1.1942e-16
8063.338504 1.2651e-16
8064.874518 1.0091e-16
8066.410532 1.4102e-16
8067.946546 1.8539e-16
8069.48256 1.2418e-16
8071.018574 7.8897e-17
8072.554588 7.5111e-17
8074.090602 8.1199e-17
8075.626616 1.0242e-16
8077.16263 1.0732e-16
8078.698644 1.141e-16
8080.234658 1.3349e-16
8081.770672 1.2661e-16
8083.306686 1.0769e-16
8084.8427 1.2987e-16
8086.378714 1.4695e-16
8087.914728 1.1102e-16
8089.450742 8.5017e-17
8090.986756 9.4164e-17
8092.52277 9.0546e-17
8094.058784 1.1781e-16
8095.594798 1.2883e-16
8097.130812 8.939e-17
8098.666826 1.0323e-16
8100.20284 1.6645e-16
8101.738854 1.4874e-16
8103.274868 1.0493e-16
8104.810882 1.3252e-16
8106.346896 1.4818e-16
8107.88291 1.089e-16
8109.418924 9.7377e-17
8110.954938 1.2011e-16
8112.490952 1.3896e-16
8114.026966 1.2788e-16
8115.56298 1.2432e-16
8117.098994 1.4935e-16
8118.635008 1.3512e-16
8120.171022 1.337e-16
8121.707036 1.5737e-16
8123.24305 1.4382e-16
8124.779064 9.8074e-17
8126.315078 8.3169e-17
8127.851092 1.002e-16
8129.387106 1.0547e-16
8130.92312 1.2432e-16
8132.459134 1.3665e-16
8133.995148 1.1957e-16
8135.531162 1.0301e-16
8137.067176 1.0208e-16
8138.60319 1.074e-16
8140.139204 9.0492e-17
8141.675218 9.9154e-17
8143.211232 1.3853e-16
8144.747246 1.5813e-16
8146.28326 1.4145e-16
8147.819274 1.485e-16
8149.355288 1.563e-16
8150.891302 1.0989e-16
8152.427316 7.8468e-17
8153.96333 7.4956e-17
8155.499344 8.1041e-17
8157.035358 7.9471e-17
8158.571372 6.8828e-17
8160.107386 9.208e-17
8161.6434 1.0889e-16
8163.179414 1.238e-16
8164.715428 1.4742e-16
8166.251442 1.1631e-16
8167.787456 8.0807e-17
8169.32347 7.4455e-17
8170.859484 1.0944e-16
8172.395498 1.6006e-16
8173.931512 1.6754e-16
8175.467526 1.2725e-16
8177.00354 9.0142e-17
8178.539554 6.366e-17
8180.075568 6.6431e-17
8181.611582 1.077e-16
8183.147596 1.3475e-16
8184.68361 1.2765e-16
8186.219624 1.5455e-16
8187.755638 1.4595e-16
8189.291652 1.226e-16
8190.827666 1.0153e-16
8192.36368 8.031e-17
8193.899694 7.828e-17
8195.435708 1.0578e-16
8196.971722 6.6892e-17
8198.507736 7.1726e-17
8200.04375 1.0577e-16
8201.579764 1.0417e-16
8203.115778 8.9333e-17
8204.651792 9.6233e-17
8206.187806 1.0014e-16
8207.72382 1.5055e-16
8209.259834 1.4908e-16
8210.795848 1.0449e-16
8212.331862 7.5884e-17
8213.867876 8.8923e-17
8215.40389 1.5359e-16
8216.939904 1.388e-16
8218.475918 9.1421e-17
8220.011932 1.1646e-16
8221.547946 1.3244e-16
8223.08396 1.1369e-16
8224.619974 1.4469e-16
8226.155988 1.2492e-16
8227.692002 1.049e-16
8229.228016 1.1457e-16
8230.76403 1.2174e-16
8232.300044 1.1647e-16
8233.836058 9.8832e-17
8235.372072 8.1049e-17
8236.908086 1.137e-16
8238.4441 1.0492e-16
8239.980114 1.1604e-16
8241.516128 1.5232e-16
8243.052142 1.4176e-16
8244.588156 1.1052e-16
8246.12417 7.5817e-17
8247.660184 9.3634e-17
8249.196198 1.0079e-16
8250.732212 1.1944e-16
8252.268226 1.034e-16
8253.80424 8.9784e-17
8255.340254 7.535e-17
8256.876268 5.307e-17
8258.412282 7.1668e-17
8259.948296 1.08e-16
8261.48431 1.0709e-16
8263.020324 1.1227e-16
8264.556338 1.4816e-16
8266.092352 1.3461e-16
8267.628366 1.1442e-16
8269.16438 1.3761e-16
8270.700394 1.5348e-16
8272.236408 1.311e-16
8273.772422 1.197e-16
8275.308436 1.4875e-16
8276.84445 1.1642e-16
8278.380464 6.3769e-17
8279.916478 6.521e-17
8281.452492 9.9245e-17
8282.988506 1.0498e-16
8284.52452 1.4033e-16
8286.060534 1.0175e-16
8287.596548 1.393e-16
8289.132562 1.6392e-16
8290.668576 1.4128e-16
8292.20459 1.6424e-16
8293.740604 1.537e-16
8295.276618 1.5174e-16
8296.812632 1.5382e-16
8298.348646 1.6874e-16
8299.88466 9.4321e-17
8301.420674 6.5245e-17
8302.956688 9.5261e-17
8304.492702 9.3192e-17
8306.028716 9.5429e-17
8307.56473 1.3476e-16
8309.100744 1.6194e-16
8310.636758 1.3882e-16
8312.172772 1.3495e-16
8313.708786 1.6289e-16
8315.2448 1.4695e-16
8316.780814 1.2103e-16
8318.316828 1.0632e-16
8319.852842 9.399e-17
8321.388856 7.9796e-17
8322.92487 9.1635e-17
8324.460884 1.3395e-16
8325.996898 1.3692e-16
8327.532912 1.0911e-16
8329.068926 1.0744e-16
8330.60494 8.7567e-17
8332.140954 1.2107e-16
8333.676968 1.7568e-16
8335.212982 1.1592e-16
8336.748996 7.4115e-17
8338.28501 1.8261e-16
8339.821024 2.8024e-16
8341.357038 3.0619e-16
8342.893052 2.7789e-16
8344.429066 2.4818e-16
8345.96508 2.5303e-16
8347.501094 1.8318e-16
8349.037108 1.0723e-16
8350.573122 1.5404e-16
8352.109136 1.8949e-16
8353.64515 1.5509e-16
8355.181164 1.0825e-16
8356.717178 1.1873e-16
8358.253192 1.2427e-16
8359.789206 7.5441e-17
8361.32522 8.3848e-17
8362.861234 1.4726e-16
8364.397248 1.6254e-16
8365.933262 1.2717e-16
8367.469276 9.8426e-17
8369.00529 8.3642e-17
8370.541304 1.1286e-16
8372.077318 1.3757e-16
8373.613332 1.4777e-16
8375.149346 1.5633e-16
8376.68536 1.5299e-16
8378.221374 1.4031e-16
8379.757388 1.3899e-16
8381.293402 1.5046e-16
8382.829416 1.5533e-16
8384.36543 1.862e-16
8385.901444 1.4821e-16
8387.437458 1.0859e-16
8388.973472 1.5478e-16
8390.509486 1.799e-16
8392.0455 1.32e-16
8393.581514 1.1261e-16
8395.117528 7.977e-17
8396.653542 6.1825e-17
8398.189556 1.3623e-16
8399.72557 1.9677e-16
8401.261584 1.7619e-16
8402.797598 1.5882e-16
8404.333612 1.3036e-16
8405.869626 1.0712e-16
8407.40564 1.2767e-16
8408.941654 1.7659e-16
8410.477668 1.6548e-16
8412.013682 9.6587e-17
8413.549696 1.2357e-16
8415.08571 1.5659e-16
8416.621724 1.5351e-16
8418.157738 1.3225e-16
8419.693752 1.4365e-16
8421.229766 1.2158e-16
8422.76578 1.0644e-16
8424.301794 8.4515e-17
8425.837808 1.386e-16
8427.373822 1.7285e-16
8428.909836 9.802e-17
8430.44585 1.2745e-16
8431.981864 1.591e-16
8433.517878 1.1286e-16
8435.053892 1.1248e-16
8436.589906 1.5417e-16
8438.12592 1.3029e-16
8439.661934 1.2884e-16
8441.197948 1.4413e-16
8442.733962 1.3748e-16
8444.269976 1.4391e-16
8445.80599 1.3777e-16
8447.342004 8.1965e-17
8448.878018 4.2205e-17
8450.414032 1.0852e-16
8451.950046 1.4401e-16
8453.48606 1.1981e-16
8455.022074 1.2153e-16
8456.558088 1.6044e-16
8458.094102 2.0072e-16
8459.630116 2.2573e-16
8461.16613 1.8161e-16
8462.702144 1.0932e-16
8464.238158 1.8775e-16
8465.774172 1.9789e-16
8467.310186 1.5699e-16
8468.8462 1.6164e-16
8470.382214 1.3675e-16
8471.918228 1.0869e-16
8473.454242 8.9277e-17
8474.990256 1.0737e-16
8476.52627 1.6034e-16
8478.062284 1.7546e-16
8479.598298 1.4023e-16
8481.134312 1.3074e-16
8482.670326 1.3101e-16
8484.20634 1.3711e-16
8485.742354 1.4678e-16
8487.278368 1.4844e-16
8488.814382 1.5511e-16
8490.350396 1.6184e-16
8491.88641 1.5508e-16
8493.422424 1.4223e-16
8494.958438 1.5481e-16
8496.494452 1.677e-16
8498.030466 2.037e-16
8499.56648 2.1896e-16
8501.102494 2.0608e-16
8502.638508 1.4311e-16
8504.174522 1.5841e-16
8505.710536 1.5933e-16
8507.24655 1.3861e-16
8508.782564 8.5952e-17
8510.318578 6.8881e-17
8511.854592 1.1953e-16
8513.390606 1.0843e-16
8514.92662 9.9701e-17
8516.462634 1.5544e-16
8517.998648 1.4741e-16
8519.534662 1.3573e-16
8521.070676 1.1435e-16
8522.60669 1.1803e-16
8524.142704 1.4675e-16
8525.678718 1.1734e-16
8527.214732 9.8842e-17
8528.750746 8.0079e-17
8530.28676 8.7042e-17
8531.822774 9.7401e-17
8533.358788 9.0487e-17
8534.894802 1.2301e-16
8536.430816 1.2243e-16
8537.96683 1.3592e-16
8539.502844 1.2804e-16
8541.038858 1.2573e-16
8542.574872 1.2837e-16
8544.110886 1.1165e-16
8545.6469 1.4693e-16
8547.182914 1.8599e-16
8548.718928 1.8058e-16
8550.254942 1.3045e-16
8551.790956 8.5271e-17
8553.32697 1.0445e-16
8554.862984 1.1384e-16
8556.398998 9.4249e-17
8557.935012 9.3489e-17
8559.471026 1.1482e-16
8561.00704 1.2252e-16
8562.543054 1.0772e-16
8564.079068 1.1636e-16
8565.615082 1.1867e-16
8567.151096 1.1533e-16
8568.68711 1.2603e-16
8570.223124 1.2524e-16
8571.759138 1.1883e-16
8573.295152 1.1419e-16
8574.831166 9.8483e-17
8576.36718 9.4323e-17
8577.903194 1.2519e-16
8579.439208 1.3837e-16
8580.975222 1.3221e-16
8582.511236 1.2902e-16
8584.04725 1.2554e-16
8585.583264 1.176e-16
8587.119278 8.607e-17
8588.655292 7.5784e-17
8590.191306 1.2301e-16
8591.72732 1.4658e-16
8593.263334 1.0868e-16
8594.799348 7.6209e-17
8596.335362 9.2571e-17
8597.871376 1.2999e-16
8599.40739 1.1785e-16
8600.943404 9.5512e-17
8602.479418 9.4194e-17
8604.015432 1.0546e-16
8605.551446 1.1303e-16
8607.08746 8.4649e-17
8608.623474 8.0188e-17
8610.159488 7.5536e-17
8611.695502 5.2668e-17
8613.231516 6.4697e-17
8614.76753 9.1741e-17
8616.303544 1.4482e-16
8617.839558 1.9123e-16
8619.375572 1.6394e-16
8620.911586 1.258e-16
8622.4476 9.2818e-17
8623.983614 7.1405e-17
8625.519628 8.6573e-17
8627.055642 1.5511e-16
8628.591656 1.7754e-16
8630.12767 1.3001e-16
8631.663684 1.2933e-16
8633.199698 1.5348e-16
8634.735712 1.2215e-16
8636.271726 1.1299e-16
8637.80774 1.0356e-16
8639.343754 9.051e-17
8640.879768 9.1755e-17
8642.415782 5.9487e-17
8643.951796 1.0774e-16
8645.48781 1.5384e-16
8647.023824 1.2688e-16
8648.559838 1.4772e-16
8650.095852 8.0821e-17
8651.631866 3.286e-17
8653.16788 7.6209e-17
8654.703894 1.5666e-16
8656.239908 1.7264e-16
8657.775922 8.8859e-17
8659.311936 8.8388e-17
8660.84795 1.1497e-16
8662.383964 1.4519e-16
8663.919978 1.7619e-16
8665.455992 1.9865e-16
8666.992006 1.8127e-16
8668.52802 1.5174e-16
8670.064034 1.9108e-16
8671.600048 1.543e-16
8673.136062 1.2951e-16
8674.672076 6.0237e-17
8676.20809 9.0445e-17
8677.744104 1.2991e-16
8679.280118 9.9459e-17
8680.816132 6.6253e-17
8682.352146 9.7658e-17
8683.88816 1.255e-16
8685.424174 1.0984e-16
8686.960188 8.5554e-17
8688.496202 1.0811e-16
8690.032216 1.0396e-16
8691.56823 1.0496e-16
8693.104244 1.2938e-16
8694.640258 1.2274e-16
8696.176272 1.3066e-16
8697.712286 1.4444e-16
8699.2483 1.3717e-16
8700.784314 8.5584e-17
8702.320328 7.1546e-17
8703.856342 1.1238e-16
8705.392356 1.1442e-16
8706.92837 8.8097e-17
8708.464384 9.9865e-17
8710.000398 1.2401e-16
8711.536412 1.2134e-16
8713.072426 9.7814e-17
8714.60844 1.5605e-16
8716.144454 1.1728e-16
8717.680468 6.5845e-17
8719.216482 4.7322e-17
8720.752496 9.1631e-17
8722.28851 1.3063e-16
8723.824524 1.2227e-16
8725.360538 1.1551e-16
8726.896552 9.2523e-17
8728.432566 6.9752e-17
8729.96858 5.3875e-17
8731.504594 1.2639e-16
8733.040608 1.4538e-16
8734.576622 1.0707e-16
8736.112636 1.4247e-16
8737.64865 1.5e-16
8739.184664 1.1435e-16
8740.720678 1.0226e-16
8742.256692 1.1312e-16
8743.792706 1.1228e-16
8745.32872 1.0652e-16
8746.864734 1.213e-16
8748.400748 1.1058e-16
8749.936762 1.3924e-16
8751.472776 1.1822e-16
8753.00879 1.0229e-16
8754.544804 6.1373e-17
8756.080818 2.6803e-17
8757.616832 8.8303e-17
8759.152846 7.8438e-17
8760.68886 1.0123e-16
8762.224874 1.5501e-16
8763.760888 1.9237e-16
8765.296902 1.6662e-16
8766.832916 1.3694e-16
8768.36893 1.0932e-16
8769.904944 1.704e-16
8771.440958 1.3601e-16
8772.976972 1.0102e-16
8774.512986 2.0216e-16
8776.049 1.9545e-16
8777.585014 1.592e-16
8779.121028 1.1646e-16
8780.657042 1.1856e-16
8782.193056 1.1175e-16
8783.72907 6.7977e-17
8785.265084 1.0282e-16
8786.801098 1.0231e-16
8788.337112 1.1421e-16
8789.873126 1.4508e-16
8791.40914 1.3222e-16
8792.945154 1.3644e-16
8794.481168 1.2388e-16
8796.017182 1.1137e-16
8797.553196 1.3149e-16
8799.08921 1.5354e-16
8800.625224 1.5778e-16
8802.161238 1.2163e-16
8803.697252 1.1131e-16
8805.233266 1.0323e-16
8806.76928 7.1011e-17
8808.305294 6.3982e-17
8809.841308 6.7377e-17
8811.377322 9.6842e-17
8812.913336 1.1789e-16
8814.44935 1.2003e-16
8815.985364 7.9691e-17
8817.521378 1.0965e-16
8819.057392 1.0469e-16
8820.593406 1.0784e-16
8822.12942 2.1368e-16
8823.665434 2.1057e-16
8825.201448 2.7094e-16
8826.737462 3.3048e-16
8828.273476 1.8859e-16
8829.80949 1.5842e-16
8831.345504 1.4578e-16
8832.881518 1.3257e-16
8834.417532 1.2458e-16
8835.953546 8.1043e-17
8837.48956 2.3395e-17
8839.025574 6.9513e-17
8840.561588 1.0129e-16
8842.097602 8.8382e-17
8843.633616 1.0857e-16
8845.16963 8.9657e-17
8846.705644 1.6035e-16
8848.241658 8.5419e-17
8849.777672 2.7981e-17
8851.313686 1.5127e-16
8852.8497 1.2289e-16
8854.385714 3.4064e-17
8855.921728 5.8062e-17
8857.457742 1.216e-16
8858.993756 1.4029e-16
8860.52977 1.3795e-16
8862.065784 1.2218e-16
8863.601798 1.3096e-16
8865.137812 1.3675e-16
8866.673826 1.3229e-16
8868.20984 1.5224e-16
8869.745854 1.201e-16
8871.281868 8.379e-17
8872.817882 9.3582e-17
8874.353896 9.9131e-17
8875.88991 1.1018e-16
8877.425924 8.4075e-17
8878.961938 1.588e-16
8880.497952 2.8333e-16
8882.033966 1.3311e-16
8883.56998 1.6175e-16
8885.105994 1.6764e-16
8886.642008 9.3727e-17
8888.178022 1.053e-16
8889.714036 9.0916e-17
8891.25005 8.4568e-17
8892.786064 1.134e-16
8894.322078 5.7985e-17
8895.858092 6.1164e-17
8897.394106 1.394e-16
8898.93012 1.3821e-16
8900.466134 7.3426e-17
8902.002148 1.1825e-16
8903.538162 2.4052e-16
8905.074176 1.3589e-16
8906.61019 1.2399e-16
8908.146204 1.183e-16
8909.682218 1.0089e-16
8911.218232 1.7018e-16
8912.754246 1.1946e-16
8914.29026 6.3404e-17
8915.826274 9.1617e-17
8917.362288 1.4581e-16
8918.898302 8.4532e-17
8920.434316 1.1296e-16
8921.97033 2.5144e-16
8923.506344 1.8865e-16
8925.042358 1.0394e-16
8926.578372 4.9659e-17
8928.114386 6.6132e-17
8929.6504 8.5085e-17
8931.186414 9.8679e-17
8932.722428 1.0958e-16
8934.258442 9.0855e-17
8935.794456 9.7274e-17
8937.33047 1.1763e-16
8938.866484 7.5924e-17
8940.402498 6.1872e-17
8941.938512 1.9908e-16
8943.474526 2.2098e-16
8945.01054 1.4829e-16
8946.546554 1.1352e-16
8948.082568 1.1893e-16
8949.618582 1.1404e-16
8951.154596 1.1095e-16
8952.69061 1.2023e-16
8954.226624 1.407e-16
8955.762638 2.0736e-16
8957.298652 1.6265e-16
8958.834666 8.2828e-17
8960.37068 8.0944e-17
8961.906694 8.5295e-17
8963.442708 1.1625e-16
8964.978722 1.4322e-16
8966.514736 1.0238e-16
8968.05075 7.7676e-17
8969.586764 9.518e-17
8971.122778 1.2527e-16
8972.658792 1.3347e-16
8974.194806 1.2455e-16
8975.73082 1.084e-16
8977.266834 1.1874e-16
8978.802848 1.1591e-16
8980.338862 7.8224e-17
8981.874876 8.5437e-17
8983.41089 9.8416e-17
8984.946904 1.0311e-16
8986.482918 1.2963e-16
8988.018932 1.2303e-16
8989.554946 1.2545e-16
8991.09096 1.4604e-16
8992.626974 1.4532e-16
8994.162988 1.4033e-16
8995.699002 7.5679e-17
8997.235016 6.5035e-17
8998.77103 1.6948e-16
9000.307044 1.9989e-16
9001.843058 1.3066e-16
9003.379072 7.2634e-17
9004.915086 7.1951e-17
9006.4511 9.1338e-17
9007.987114 9.5488e-17
9009.523128 9.6844e-17
9011.059142 1.1587e-16
9012.595156 9.801e-17
9014.13117 8.3109e-17
9015.667184 9.994e-17
9017.203198 9.3307e-17
9018.739212 8.2812e-17
9020.275226 6.002e-17
9021.81124 5.3733e-17
9023.347254 1.0498e-16
9024.883268 1.2453e-16
9026.419282 1.0081e-16
9027.955296 9.4762e-17
9029.49131 8.1385e-17
9031.027324 8.8759e-17
9032.563338 1.0894e-16
9034.099352 1.2514e-16
9035.635366 1.6058e-16
9037.17138 1.0975e-16
9038.707394 6.4909e-17
9040.243408 7.7616e-17
9041.779422 1.227e-16
9043.315436 1.511e-16
9044.85145 1.2125e-16
9046.387464 1.1478e-16
9047.923478 1.727e-16
9049.459492 1.9274e-16
9050.995506 1.6623e-16
9052.53152 1.4897e-16
9054.067534 1.2469e-16
9055.603548 1.1701e-16
9057.139562 1.4422e-16
9058.675576 1.4317e-16
9060.21159 1.34e-16
9061.747604 1.0451e-16
9063.283618 8.4358e-17
9064.819632 1.2054e-16
9066.355646 1.0667e-16
9067.89166 8.2901e-17
9069.427674 9.6886e-17
9070.963688 9.1912e-17
9072.499702 1.0291e-16
9074.035716 1.2489e-16
9075.57173 1.3305e-16
9077.107744 1.3776e-16
9078.643758 1.2735e-16
9080.179772 9.366e-17
9081.715786 9.1781e-17
9083.2518 1.538e-16
9084.787814 1.3844e-16
9086.323828 1.3063e-16
9087.859842 1.7496e-16
9089.395856 1.5366e-16
9090.93187 1.9556e-16
9092.467884 1.2454e-16
9094.003898 9.1118e-17
9095.539912 5.001e-17
9097.075926 9.7434e-17
9098.61194 1.1213e-16
9100.147954 7.8327e-17
9101.683968 8.3349e-17
9103.219982 1.0404e-16
9104.755996 9.088e-17
9106.29201 7.3768e-17
9107.828024 6.6759e-17
9109.364038 1.2705e-16
9110.900052 1.4723e-16
9112.436066 1.2165e-16
9113.97208 7.9346e-17
9115.508094 6.0043e-17
9117.044108 9.3913e-17
9118.580122 1.257e-16
9120.116136 1.141e-16
9121.65215 9.0746e-17
9123.188164 7.6358e-17
9124.724178 8.4602e-17
9126.260192 7.6179e-17
9127.796206 1.0531e-16
9129.33222 1.2035e-16
9130.868234 1.2161e-16
9132.404248 1.232e-16
9133.940262 1.3983e-16
9135.476276 9.9038e-17
9137.01229 8.5251e-17
9138.548304 9.6739e-17
9140.084318 9.1332e-17
9141.620332 9.3394e-17
9143.156346 1.0657e-16
9144.69236 1.0539e-16
9146.228374 1.3655e-16
9147.764388 1.0206e-16
9149.300402 2.2997e-18
9150.836416 -2.5881e-17
9152.37243 6.2478e-17
9153.908444 8.9422e-17
9155.444458 7.2688e-17
9156.980472 8.208e-17
9158.516486 1.0349e-16
9160.0525 6.5376e-17
9161.588514 6.8745e-17
9163.124528 1.1053e-16
9164.660542 1.0939e-16
9166.196556 1.2169e-16
9167.73257 1.2272e-16
9169.268584 9.5971e-17
9170.804598 7.3295e-17
9172.340612 9.0366e-17
9173.876626 1.036e-16
9175.41264 1.006e-16
9176.948654 1.312e-16
9178.484668 1.681e-16
9180.020682 1.6594e-16
9181.556696 1.1035e-16
9183.09271 9.4139e-17
9184.628724 1.4636e-16
9186.164738 1.5459e-16
9187.700752 1.1076e-16
9189.236766 1.167e-16
9190.77278 1.2635e-16
9192.308794 1.0028e-16
9193.844808 1.4452e-16
9195.380822 1.526e-16
9196.916836 9.8173e-17
9198.45285 8.7571e-17
9199.988864 1.394e-16
9201.524878 1.6266e-16
9203.060892 1.3604e-16
9204.596906 1.4955e-16
9206.13292 1.497e-16
9207.668934 1.2706e-16
9209.204948 1.0946e-16
9210.740962 9.8594e-17
9212.276976 9.7733e-17
9213.81299 8.8527e-17
9215.349004 7.6601e-17
9216.885018 1.0587e-16
9218.421032 1.2098e-16
9219.957046 1.4446e-16
9221.49306 1.2604e-16
9223.029074 7.0043e-17
9224.565088 8.8046e-17
9226.101102 1.131e-16
9227.637116 1.1999e-16
9229.17313 1.4588e-16
9230.709144 1.368e-16
9232.245158 1.0619e-16
9233.781172 1.184e-16
9235.317186 1.4543e-16
9236.8532 1.4454e-16
9238.389214 1.1547e-16
9239.925228 9.8064e-17
9241.461242 1.207e-16
9242.997256 8.6747e-17
9244.53327 1.1927e-16
9246.069284 1.6419e-16
9247.605298 1.2554e-16
9249.141312 8.1033e-17
9250.677326 1.4522e-16
9252.21334 1.2647e-16
9253.749354 7.6664e-17
9255.285368 8.2872e-17
9256.821382 8.3818e-17
9258.357396 7.2436e-17
9259.89341 6.1993e-17
9261.429424 8.2258e-17
9262.965438 6.1546e-17
9264.501452 7.5427e-17
9266.037466 1.0602e-16
9267.57348 1.1969e-16
9269.109494 7.1156e-17
9270.645508 1.2164e-16
9272.181522 1.3442e-16
9273.717536 8.9307e-17
9275.25355 6.7161e-17
9276.789564 1.0393e-16
9278.325578 1.2341e-16
9279.861592 1.2955e-16
9281.397606 9.6868e-17
9282.93362 9.1961e-17
9284.469634 8.841e-17
9286.005648 9.937e-17
9287.541662 1.2746e-16
9289.077676 1.4291e-16
9290.61369 9.0453e-17
9292.149704 1.3263e-16
9293.685718 1.1983e-16
9295.221732 1.3712e-16
9296.757746 1.2815e-16
9298.29376 1.9614e-16
9299.829774 1.4516e-16
9301.365788 6.0217e-17
9302.901802 4.3486e-17
9304.437816 1.6769e-16
9305.97383 2.171e-16
9307.509844 1.0974e-16
9309.045858 1.6853e-16
9310.581872 1.0788e-16
9312.117886 5.403e-17
9313.6539 1.6506e-16
9315.189914 2.5394e-16
9316.725928 2.1845e-16
9318.261942 2.6692e-16
9319.797956 1.9e-16
9321.33397 8.2981e-17
9322.869984 5.2565e-17
9324.405998 8.075e-17
9325.942012 1.3021e-16
9327.478026 1.186e-16
9329.01404 1.2878e-16
9330.550054 2.0863e-16
9332.086068 1.9495e-16
9333.622082 1.3595e-16
9335.158096 1.3234e-16
9336.69411 1.7002e-16
9338.230124 1.0349e-16
9339.766138 -1.1895e-17
9341.302152 1.4216e-17
9342.838166 1.1805e-16
9344.37418 1.3171e-16
9345.910194 1.0824e-16
9347.446208 1.0519e-16
9348.982222 1.6759e-16
9350.518236 1.9167e-16
9352.05425 1.55e-16
9353.590264 1.6533e-16
9355.126278 1.375e-16
9356.662292 5.0803e-17
9358.198306 7.4008e-17
9359.73432 1.6223e-16
9361.270334 1.5773e-16
9362.806348 1.4023e-16
9364.342362 1.8191e-16
9365.878376 1.8157e-16
9367.41439 1.2971e-16
9368.950404 1.9637e-16
9370.486418 3.0451e-16
9372.022432 1.9345e-16
9373.558446 1.2005e-16
9375.09446 1.7105e-16
9376.630474 1.5329e-16
9378.166488 1.6268e-16
9379.702502 1.9626e-16
9381.238516 1.3787e-16
9382.77453 1.1233e-16
9384.310544 1.5329e-16
9385.846558 1.1568e-16
9387.382572 8.9267e-17
9388.918586 1.0109e-16
9390.4546 1.3008e-16
9391.990614 1.753e-16
9393.526628 1.7222e-16
9395.062642 1.5577e-16
9396.598656 7.86e-17
9398.13467 4.9315e-17
9399.670684 1.2339e-16
9401.206698 1.4038e-16
9402.742712 1.0608e-16
9404.278726 9.881e-17
9405.81474 9.0124e-17
9407.350754 8.962e-17
9408.886768 6.8232e-17
9410.422782 6.0679e-17
9411.958796 7.2484e-17
9413.49481 4.3913e-17
9415.030824 6.6585e-17
9416.566838 1.4642e-16
9418.102852 1.1646e-16
9419.638866 1.1553e-16
9421.17488 1.4061e-16
9422.710894 1.025e-16
9424.246908 9.3111e-17
9425.782922 1.3791e-16
9427.318936 1.5447e-16
9428.85495 1.4668e-16
9430.390964 8.9629e-17
9431.926978 1.1644e-16
9433.462992 1.8761e-16
9434.999006 1.8111e-16
9436.53502 9.7181e-17
9438.071034 7.6615e-17
9439.607048 1.4204e-16
9441.143062 1.0423e-16
9442.679076 5.5324e-17
9444.21509 5.9396e-17
9445.751104 1.0087e-16
9447.287118 1.1575e-16
9448.823132 1.276e-16
9450.359146 1.2079e-16
9451.89516 9.7515e-17
9453.431174 1.4846e-16
9454.967188 1.7901e-16
9456.503202 7.2314e-17
9458.039216 2.7864e-17
9459.57523 8.1967e-17
9461.111244 1.1263e-16
9462.647258 1.1206e-16
9464.183272 1.2031e-16
9465.719286 1.6088e-16
9467.2553 1.1217e-16
9468.791314 8.6191e-17
9470.327328 6.3414e-17
9471.863342 6.3016e-17
9473.399356 4.7537e-17
9474.93537 7.3668e-17
9476.471384 1.9396e-16
9478.007398 1.7893e-16
9479.543412 1.0034e-16
9481.079426 1.1234e-16
9482.61544 8.8559e-17
9484.151454 1.041e-16
9485.687468 9.4178e-17
9487.223482 9.1738e-17
9488.759496 1.3485e-16
9490.29551 1.1948e-16
9491.831524 1.2235e-16
9493.367538 1.0865e-16
9494.903552 1.3784e-16
9496.439566 1.688e-16
9497.97558 1.8771e-16
9499.511594 2.3721e-16
9501.047608 2.1391e-16
9502.583622 1.8231e-16
9504.119636 1.3266e-16
9505.65565 6.4143e-17
9507.191664 8.5542e-17
9508.727678 1.4394e-16
9510.263692 1.3554e-16
9511.799706 1.5957e-16
9513.33572 1.8568e-16
9514.871734 2.5592e-16
9516.407748 2.7987e-16
9517.943762 2.1795e-16
9519.479776 8.4402e-17
9521.01579 2.1178e-17
9522.551804 5.9897e-17
9524.087818 8.058e-17
9525.623832 8.9509e-17
9527.159846 1.0792e-16
9528.69586 1.6351e-16
9530.231874 1.5786e-16
9531.767888 1.3368e-16
9533.303902 1.1202e-16
9534.839916 7.136e-17
9536.37593 4.2474e-17
9537.911944 6.3871e-17
9539.447958 9.1799e-17
9540.983972 6.9736e-17
9542.519986 5.9634e-17
9544.056 1.125e-16
9545.592014 1.5821e-16
9547.128028 1.2846e-16
9548.664042 1.1476e-16
9550.200056 1.3749e-16
9551.73607 1.256e-16
9553.272084 1.1396e-16
9554.808098 9.991e-17
9556.344112 1.47e-16
9557.880126 1.6008e-16
9559.41614 1.5632e-17
9560.952154 -4.247e-17
9562.488168 8.884e-17
9564.024182 2.5226e-16
9565.560196 2.5014e-16
9567.09621 1.8325e-16
9568.632224 1.7683e-16
9570.168238 1.6071e-16
9571.704252 1.3246e-16
9573.240266 1.257e-16
9574.77628 8.3737e-17
9576.312294 5.3844e-17
9577.848308 9.8497e-17
9579.384322 1.4487e-16
9580.920336 1.2663e-16
9582.45635 8.3135e-17
9583.992364 8.5888e-17
9585.528378 8.5502e-17
9587.064392 8.0942e-17
9588.600406 8.7864e-17
9590.13642 7.0932e-17
9591.672434 6.0815e-17
9593.208448 7.9616e-17
9594.744462 8.3745e-17
9596.280476 6.4841e-17
9597.81649 5.2894e-17
9599.352504 5.8012e-17
9600.888518 6.1728e-17
9602.424532 4.4826e-17
9603.960546 9.3887e-17
9605.49656 1.4203e-16
9607.032574 9.1476e-17
9608.568588 1.0045e-16
9610.104602 1.4846e-16
9611.640616 1.0141e-16
9613.17663 3.1029e-17
9614.712644 7.5443e-17
9616.248658 1.7981e-16
9617.784672 1.3072e-16
9619.320686 1.2207e-16
9620.8567 1.1551e-16
9622.392714 8.7686e-17
9623.928728 6.885e-17
9625.464742 8.1846e-17
9627.000756 1.1947e-16
9628.53677 1.4642e-16
9630.072784 1.3419e-16
9631.608798 1.1087e-16
9633.144812 1.2496e-16
9634.680826 1.4642e-16
9636.21684 1.4417e-16
9637.752854 1.29e-16
9639.288868 1.3281e-16
9640.824882 9.8776e-17
9642.360896 7.0465e-17
9643.89691 8.09e-17
9645.432924 1.1425e-16
9646.968938 1.4193e-16
9648.504952 1.6774e-16
9650.040966 1.8236e-16
9651.57698 1.5695e-16
9653.112994 1.0322e-16
9654.649008 5.2613e-17
9656.185022 4.6512e-17
9657.721036 1.1798e-16
9659.25705 1.3292e-16
9660.793064 9.0847e-17
9662.329078 1.2309e-16
9663.865092 1.2359e-16
9665.401106 7.4071e-17
9666.93712 1.2035e-16
9668.473134 1.185e-16
9670.009148 2.2969e-17
9671.545162 1.8528e-17
9673.081176 1.1368e-16
9674.61719 1.6979e-16
9676.153204 2.0742e-16
9677.689218 9.8022e-17
9679.225232 4.1471e-18
9680.761246 2.6498e-17
9682.29726 5.5667e-17
9683.833274 4.2239e-17
9685.369288 6.6156e-17
9686.905302 8.4234e-17
9688.441316 5.8511e-17
9689.97733 8.3258e-17
9691.513344 1.5979e-16
9693.049358 1.7819e-16
9694.585372 1.4895e-16
9696.121386 1.56e-16
9697.6574 1.3319e-16
9699.193414 8.6439e-17
9700.729428 8.5518e-17
9702.265442 8.654e-17
9703.801456 7.7745e-17
9705.33747 1.3925e-16
9706.873484 1.4502e-16
9708.409498 1.3572e-16
9709.945512 1.4995e-16
9711.481526 1.4278e-16
9713.01754 1.2569e-16
9714.553554 1.2391e-16
9716.089568 6.9727e-17
9717.625582 1.28e-16
9719.161596 1.0305e-16
9720.69761 8.9649e-17
9722.233624 1.6989e-16
9723.769638 1.8067e-16
9725.305652 1.1173e-16
9726.841666 9.7783e-17
9728.37768 1.3961e-16
9729.913694 1.8046e-16
9731.449708 1.7578e-16
9732.985722 2.574e-16
9734.521736 2.9442e-16
9736.05775 1.0506e-16
9737.593764 8.9711e-18
9739.129778 4.3856e-17
9740.665792 1.2333e-16
9742.201806 1.4894e-16
9743.73782 1.2132e-16
9745.273834 1.018e-16
9746.809848 9.286e-17
9748.345862 6.9552e-17
9749.881876 6.5039e-17
9751.41789 9.5059e-17
9752.953904 1.0388e-16
9754.489918 1.2329e-16
9756.025932 1.2804e-16
9757.561946 8.2159e-17
9759.09796 5.9497e-17
9760.633974 1.2643e-16
9762.169988 1.7973e-16
9763.706002 1.5288e-16
9765.242016 9.8745e-17
9766.77803 1.184e-16
9768.314044 1.6214e-16
9769.850058 1.6084e-16
9771.386072 1.5761e-16
9772.922086 1.1057e-16
9774.4581 4.7541e-17
9775.994114 4.5146e-17
9777.530128 7.3939e-17
9779.066142 1.1156e-16
9780.602156 1.1988e-16
9782.13817 6.44e-17
9783.674184 9.7852e-17
9785.210198 2.4275e-16
9786.746212 1.7926e-16
9788.282226 9.383e-17
9789.81824 2.7817e-16
9791.354254 2.6912e-16
9792.890268 3.187e-17
9794.426282 -4.3028e-17
9795.962296 4.9988e-17
9797.49831 1.0668e-16
9799.034324 8.0356e-17
9800.570338 1.4561e-16
9802.106352 1.9285e-16
9803.642366 1.1761e-16
9805.17838 9.0471e-17
9806.714394 5.0716e-17
9808.250408 5.6344e-17
9809.786422 1.0593e-16
9811.322436 1.545e-16
9812.85845 1.4286e-16
9814.394464 1.2071e-16
9815.930478 1.5661e-16
9817.466492 1.5365e-16
9819.002506 1.3622e-16
9820.53852 1.6081e-16
9822.074534 1.731e-16
9823.610548 1.109e-16
9825.146562 1.1876e-16
9826.682576 1.5153e-16
9828.21859 1.2018e-16
9829.754604 7.1221e-17
9831.290618 6.9333e-17
9832.826632 7.5698e-17
9834.362646 5.9337e-17
9835.89866 8.3984e-17
9837.434674 1.329e-16
9838.970688 1.5397e-16
9840.506702 1.6286e-16
9842.042716 1.5951e-16
9843.57873 1.5821e-16
9845.114744 9.7757e-17
9846.650758 9.6363e-17
9848.186772 1.3921e-16
9849.722786 1.2747e-16
9851.2588 3.9711e-17
9852.794814 4.8848e-17
9854.330828 1.0815e-16
9855.866842 6.3697e-17
9857.402856 8.1884e-17
9858.93887 1.3343e-16
9860.474884 1.193e-16
9862.010898 8.5015e-17
9863.546912 5.2432e-17
9865.082926 1.0523e-16
9866.61894 2.3626e-16
9868.154954 1.807e-16
9869.690968 1.3144e-16
9871.226982 1.4959e-16
9872.762996 2.0782e-16
9874.29901 1.7348e-16
9875.835024 1.4574e-16
9877.371038 7.0995e-17
9878.907052 3.5958e-17
9880.443066 1.0482e-16
9881.97908 1.7219e-16
9883.515094 1.3998e-16
9885.051108 1.3167e-16
9886.587122 7.7628e-17
9888.123136 4.7803e-17
9889.65915 1.7411e-16
9891.195164 2.9176e-16
9892.731178 2.7658e-16
9894.267192 1.8932e-16
9895.803206 1.8324e-16
9897.33922 6.9071e-17
9898.875234 5.5447e-17
9900.411248 1.0564e-16
9901.947262 1.3674e-16
9903.483276 1.7885e-16
9905.01929 1.0739e-16
9906.555304 4.0123e-17
9908.091318 8.8287e-17
9909.627332 6.1813e-17
9911.163346 9.9239e-18
9912.69936 -5.3707e-17
9914.235374 4.6601e-17
9915.771388 1.3037e-16
9917.307402 1.4839e-16
9918.843416 1.4373e-16
9920.37943 5.9859e-17
9921.915444 3.8495e-17
9923.451458 9.2314e-17
9924.987472 9.2027e-17
9926.523486 8.6829e-17
9928.0595 5.9523e-17
9929.595514 9.1282e-17
9931.131528 1.5683e-16
9932.667542 1.4898e-16
9934.203556 5.7759e-17
9935.73957 1.2982e-16
9937.275584 2.77e-16
9938.811598 2.4828e-16
9940.347612 8.2333e-17
9941.883626 2.4592e-16
9943.41964 4.419e-16
9944.955654 5.0546e-16
9946.491668 4.0584e-16
9948.027682 3.844e-16
9949.563696 3.8014e-16
9951.09971 2.4317e-16
9952.635724 1.4725e-16
9954.171738 2.983e-16
9955.707752 1.7095e-16
9957.243766 7.2456e-17
9958.77978 1.1472e-16
9960.315794 2.1391e-16
9961.851808 3.2668e-16
9963.387822 2.8387e-16
9964.923836 1.639e-16
9966.45985 7.2915e-17
9967.995864 7.2029e-17
9969.531878 1.5445e-16
9971.067892 1.3762e-16
9972.603906 1.1529e-16
9974.13992 1.189e-16
9975.675934 1.5065e-16
9977.211948 1.4646e-16
9978.747962 1.0047e-16
9980.283976 1.0847e-16
9981.81999 1.1538e-16
9983.356004 1.1325e-16
9984.892018 1.5014e-16
9986.428032 1.4809e-16
9987.964046 1.46e-16
9989.50006 1.6608e-16
9991.036074 1.8354e-16
9992.572088 1.7538e-16
9994.108102 8.857e-17
9995.644116 1.0348e-16
9997.18013 1.4037e-16
9998.716144 1.0085e-16
10000.252158 1.534e-16
