# SIMPLE = True
# BITPIX = 8
# NAXIS = 0
# EXTEND = True
# VERSPYT = 3.7.6
# VERSNPY = 1.19.5
# VERSSCI = 1.4.1
# VERSAST = 4.0.1.post1
# VERSSKL = 0.23.1
# VERSPYP = 1.3.0
# DATE = 2021-04-21
# RA = 185.461660973211
# DEC = 4.48277524201228
# TARGET = ZTF20aaynrrh
# DISPNAME = Grism_4
# DECKER = Slit_1.0
# BINNING = 1,1
# MJD = 59324.92810091435
# AIRMASS = 1.16620868799321
# EXPTIME = 1500.0
# FILENAME = ALEd200099.fits
# INSTRUME = ALFOSC_FASU
# PYPELINE = MultiSlit
# PYP_SPEC = not_alfosc
# TELESCOP = NOT
# LON-OBS = 17.88432979
# LAT-OBS = 28.7543303
# ALT-OBS = 2465.5
# CHECKSUM = 3NRKAMOI6MOIAMOI
# DATASUM = 0
# JD = 2459325.428100914
# ISOT = 2021-04-20T22:16:27.919
3500.16108924785 0.19465641147736762 1.9092499553314737
3502.9561133872708 4.589135226992278 1.9845660717108609
3505.7527598590227 4.1977954939260655 1.9731654282555722
3509.9558040701872 -3.945807933888058 1.2893597468101434
3514.1535533535657 5.537377827451639 1.8602953665079107
3516.9572574530653 -0.5059013942356679 1.8628642894537484
3519.762666615859 1.9399368887592174 1.7232029270474947
3523.978849406094 -0.22061355168668204 1.1650212913240507
3528.189327509472 4.292692630870699 1.670935279165757
3531.0016291068196 1.9986723298428968 1.6341381330060447
3533.815662176474 -0.04362146505301871 1.61230344833527
3538.0448272083363 -0.43672313879546654 1.1081451871809511
3542.2680526202157 1.2218633027862396 1.52460496011766
3545.0889259893474 2.59713417887839 1.5876701033392537
3547.9114097073175 -1.1321000902444933 1.4685877857968397
3552.153584527043 0.4370741454750447 1.0189859305606526
3556.389433287729 -1.4121591288414543 1.3852178913021347
3559.218800369449 0.5978683395575063 1.3175592513141037
3562.0498748243635 1.339863985191562 1.362029395471763
3566.3048579968663 0.8809587368619193 0.9097315917222225
3570.55315869666 -0.3597322812304502 1.2183806642783743
3573.3909495279167 -3.411452818167587 1.1518550554263995
3576.230439496999 1.1874016994103893 1.223250592487637
3580.4982391704875 1.6514029007610902 0.8538933560769469
3584.7589502318133 2.3856782277988535 1.2048620352115686
3587.6052412788918 -0.7365635458585842 1.0848009370518603
3590.452923504757 2.1821505060609785 1.1667561348566824
3594.7334889069175 0.4748158544186479 0.7938404995078524
3599.0063999336057 1.4036502293210642 1.08913908313293
3601.860816412041 2.7008303176850976 1.0866162788363616
3604.7169012304244 -0.3052326600504607 1.039812830516666
3608.785101442933 -1.7032776401217544 0.721196892053086
3612.6895464173717 -1.9367684740055169 0.9086815026786103
3616.157906664702 -0.25136466187661555 0.9878666339975777
3619.0223796393443 2.1552513358578875 1.0493287112498044
3621.8885634346975 -0.1659325595281949 0.9831954779379322
3626.1965468225912 0.6583956017092965 0.696130268048256
3630.49612109359 -2.6495360592047006 0.9038853025617254
3633.3686875683693 0.40360968216301096 0.9449506727922566
3636.2431215656784 2.0037243976089174 0.975107811417541
3640.2371357807447 0.3520005406100433 0.7381736837875824
3644.8752455148 3.6007512997435285 0.9538042226956712
3647.755670793703 2.7509448738052114 0.9403952013954321
3650.6397159921958 1.2039133185433888 1.249684378324259
3653.521764644698 1.1075825156283587 0.9060800279278522
3658.185275272493 0.8021003877919356 0.71894677218736
3662.1829760039673 0.6514270428189812 0.8603322563711286
3665.073250128432 -0.119312812801961 0.8406813043948311
3667.9651446350717 1.5036821289406286 0.8580680903611412
3672.3131035694073 0.8654558336300386 0.5795007060670414
3676.6502909144724 0.10443561109771793 0.779824822542099
3679.5486930024526 -0.24516007340423734 0.7816960474825589
3682.4483459491435 5.122631873523374 1.0695723607195375
3685.3498512755314 1.671225920261936 0.8096655094153221
3689.7127177658613 1.9729585913091705 0.5774300048783817
3694.0636087866174 3.507124343268213 0.8400742597632571
3696.9713447875065 1.3486406698979454 0.800938682144373
3699.880634969834 1.616550068952325 0.7733343345568172
3702.7915029455226 -0.5860041392607158 0.7539546860187041
3707.1689522683077 0.41669519473153394 0.5277173787765328
3711.5333365233114 1.3212858375791199 0.750256843614832
3714.4506692355744 0.8563871862297072 0.7376263498627492
3717.369366068706 1.0823213900340491 0.7330388379187527
3720.289626731866 2.6071565706291415 0.7281091595199055
3724.681568966499 -0.13857596443676953 0.47505303428816387
3729.0594020600133 0.27396084644683844 0.6861242397859688
3731.9861174913103 3.1087121061688565 0.7316828860144898
3734.914057871095 1.4028192479182438 0.6905860853729779
3737.843618603972 0.04787603319914196 0.6691650011018894
3742.2500996265903 1.7991912324519153 0.48437141060422256
3746.6414335423547 0.23671000216453003 0.6542573441998688
3749.577108382954 1.1886741572894426 0.6707523848111814
3752.5143024768463 0.012046116203991554 0.6417658963281557
3755.453029776787 0.8574728964519179 0.6438880007417669
3759.8738111241973 1.5153456340635592 0.45498526888880825
3764.278350336413 0.596430693829349 0.6283575768025679
3767.223171613939 1.639334242751456 0.6379351926568236
3770.1695038399935 2.328640750943735 0.6452353048858163
3773.117479586653 2.1465898226811255 0.6392918098948093
3777.5522490171415 2.4091498169793577 0.4604659856334453
3781.969947139338 2.3473891310964214 0.6309186363039956
3784.9237884249287 3.237092249676564 0.6293757685663552
3787.8790347550985 1.9930659033662375 0.6096137859464755
3790.83600216829 0.8978837793238548 0.57678061085954
3795.2849057009985 1.3641237673309792 0.40905526537273007
3799.715583988015 2.168569389841777 0.5893325955195537
3802.678422638583 2.1924070045632393 0.58905357015069
3805.642851933867 1.4313876677706285 0.5711356586231776
3808.6085490168944 0.8572657528550761 0.5651028564335421
3811.575897507285 2.702800576581042 0.5719879224490716
3816.0408042706167 0.8528726495054824 0.3742551923561477
3820.4866016982796 1.6794756588220319 0.5391974114295697
3823.4597941077755 1.021597825430069 0.5233869522019278
3826.4344729831414 1.965127338629567 0.5299566978406816
3829.4107362732834 0.7759041475336309 0.5071399307760683
3833.8891110982636 1.2473424531504704 0.36349354826831487
3838.3478105771956 1.4321358978926235 0.5126216248560036
3841.3297969567366 0.9652174697108018 0.5122786408812222
3844.313233137644 0.6336933904074438 0.49913790450971185
3847.298139268427 1.2384021976803763 0.5115825744972446
3850.284518644473 1.2008594649770035 0.49624880963726586
3854.7785235005817 1.3861823324499234 0.3428912509371113
3859.25223990304 0.7437581577736466 0.47286662652656003
3862.2443782672644 1.2850940781092866 0.47351134484518426
3865.237969216624 1.5509362304377377 0.48302241804190504
3868.232987313507 1.351234076572013 0.4717843214049667
3872.7400763554883 1.5184900691842145 0.3323608477680786
3877.2266431948538 0.9650263258250567 0.45573996704958025
3880.22740653927 2.3666964244795556 0.47653519458243476
3883.2294826446678 2.317731490844797 0.4615038511720976
3886.2331692981106 1.7530526454381712 0.4624074157877086
3889.2382129146927 2.8235341916456886 0.4706344736802547
3894.011601037623 1.761185687335459 0.3448590693971403
3898.2617705918506 1.4526365525058744 0.462824784666822
3901.2724626170966 1.1771041215165865 0.45356733488886414
3904.2845612874235 1.0164067037626143 0.4544962649472938
3907.2980734973507 1.4614218381915258 0.4593705132087566
3910.31298663263 1.296958637152358 0.45925799888686386
3914.8497411615813 -0.14879732154491543 0.3035345297843116
3919.3661560334253 1.6133797266276384 0.4447440014851994
3922.386640578228 1.3836626514860413 0.42157177096929077
3925.4084578881884 1.3626772796308988 0.41343796286751167
3928.4317038022405 1.6001059580458383 0.4036331785611279
3931.4565716088014 0.9675994169218776 0.3849309100704109
3936.007885288433 1.5852160723651367 0.2762037571733536
3940.539124362762 1.6761965544851254 0.408298052683675
3943.569238649114 1.8660822006569846 0.42569854372043303
3946.6008542279633 1.9807342806032184 0.43203814923733963
3949.633833461038 1.8019768719192044 0.42505115260411264
3952.6681476318513 1.2774899567760518 0.40958689820028016
3955.7041490778142 1.3225563927854762 0.40478353946654977
3960.2714757766826 1.7942517920824663 0.28023989110180764
3964.819465882018 1.235815847505609 0.37129914851283374
3967.860472996052 1.9710208795045456 0.3769922035843892
3970.9032713591628 1.6352411825512043 0.37562669351743444
3973.947109463122 2.328970706843924 0.3921628026401812
3976.9923822831356 1.4637168660244975 0.39075867207791193
3981.5739721144205 1.384095457222597 0.28351143662515044
3986.136361896139 1.943214494361338 0.4120579828921674
3989.187057506583 2.103540078187348 0.40822201671008596
3992.2390930436163 2.0200948743524334 0.4101511987195241
3995.29247840487 2.291665331513703 0.4107934044851947
3998.3472387381717 1.8666183212584344 0.40511254412902625
4002.6720496904177 2.565627447154105 0.31217345473772845
4006.822681745161 1.9258618610544778 0.37272232092314095
4010.5793735609655 2.34101760900169 0.41534974659109264
4013.6408783584034 2.1818090900157068 0.4163182990076531
4016.703597413921 1.537794054938163 0.40964251134374463
4019.7676705941453 2.714203677684677 0.4199531626048975
4022.8333367748146 1.6710336465659514 0.41186972051394344
4027.4444093212883 1.6271647091459285 0.2844227622335943
4032.037120368479 2.9434497006440417 0.40811398276098454
4035.1077625560233 2.097606583567697 0.40032488062005533
4038.1797409710643 2.8090313570984953 0.40940770784844377
4041.252877564408 2.058919558790451 0.3975551530574608
4044.3275987756306 1.722785597599497 0.39876418554091697
4047.403493288368 1.4887966595113906 0.3916266644825831
4052.0305328972017 1.8531636507299658 0.27653637589731217
4056.638984152484 1.785208815244735 0.38568898805077745
4059.7201062004106 1.354391968228262 0.38239432169846294
4062.8025233473186 3.1493584040560703 0.3986348787748678
4065.886214143331 2.1384488906492356 0.3884882280159087
4068.97120460749 2.64302969807422 0.39311154957205957
4072.0574150352522 2.71466412158353 0.39032104329205686
4076.6999240934415 2.34284385774765 0.27344432898892834
4081.3240210437934 1.9427047396686554 0.3801319105668131
4084.4154310334748 1.7647153092742556 0.38075549261865754
4087.5081558025367 3.085710903864243 0.39109159290177936
4090.6021014523653 2.4666907424030886 0.3835580247435287
4093.6973152680107 2.356130142107154 0.377083756107982
4096.793864275083 2.431987806846603 0.374085452180477
4099.891645743937 1.842999445418543 0.36129021300548414
4104.551539909583 1.2707592882106125 0.2480936945995477
4109.192616405362 1.8394111781329072 0.36194209762048263
4112.295469272676 2.100141982022251 0.36885217036863605
4115.399310779629 1.2891401256060273 0.3597713808639923
4118.504954355624 2.756155734607002 0.3699616530581309
4121.611527217272 1.9185711294307295 0.3586423460285667
4124.719436479961 1.3337739014227186 0.35343726429262773
4129.394562326476 2.1359199076360653 0.2536260346970006
4134.050578258634 1.7683722931873125 0.3580853606561549
4137.16344571667 1.8007217741514083 0.3553732137392017
4140.277569077621 2.584386413878814 0.3620080202761297
4143.392922507576 2.211134678436323 0.36193418733682775
4146.509521055041 2.463766881862943 0.359389520642939
4149.627330083686 1.8610090168218285 0.3518625865582892
4152.746419142497 2.647690240426799 0.36031562113351573
4157.438292467038 1.7504835871487534 0.2515168634291665
4162.1107533288005 2.309870352486349 0.3580257911996895
4165.235014305262 2.1477291341555045 0.35933736540889755
4168.360223435956 1.9753812311644132 0.3539086052574778
4171.486621802739 2.7890531356411947 0.3628797548054779
4174.614273570989 2.5855095572027214 0.35911395795299883
4177.743144388572 2.4949895436775362 0.3537520433315142
4180.873230045033 2.6937941256198474 0.3533027360390994
4185.5813996719735 2.1559801281096465 0.2446137669445784
4190.270757012311 2.453953847551517 0.34502166636283366
4193.405694244157 3.2019652206402665 0.34574930593692166
4196.541687137834 1.8942373877870697 0.33141539633208766
4199.679162959025 2.412980243660336 0.33659714502713584
4202.817704510789 2.275419894243372 0.33304087220465217
4205.957448673417 2.665673115693453 0.33901692337174777
4209.09838881806 3.0074405044612327 0.3450476425858499
4213.822256789332 2.7193082573913654 0.24106513265504792
4218.528367976056 2.756230318919961 0.33871063223865516
4221.674073122542 2.6557263905029247 0.33477941664002486
4224.82096667006 2.493697822219527 0.3288330383298521
4227.969043738741 2.293274800238271 0.3252706017103194
4231.1183109610065 2.317064008302414 0.3249298712439834
4234.268764406784 3.216803941008061 0.3341371611267814
4237.4203803362525 2.6274191978663377 0.3334629425985364
4240.573183841374 3.028543075875383 0.33678385320520554
4245.31375114013 2.902891536886291 0.23743211302425896
4250.0386393026365 3.647000956093753 0.3432219083400344
4253.19612844707 3.5873871158864814 0.3412458132001797
4256.3547839593475 3.6460032421064636 0.34015249685329085
4259.514599431183 3.1118831557417987 0.3375784409308956
4262.675596628783 3.7820114299124024 0.34180774594833047
4265.837696094812 3.596202146875647 0.336516097102399
4269.001152661462 3.724625787738337 0.33475314987121957
4273.756033346421 3.6071759622307034 0.23451878383560498
4278.49789410418 3.334270551183946 0.3282902880198171
4281.665817090933 3.14459853996257 0.3238349392741339
4284.834880726426 2.69510353490941 0.3202365745297335
4288.005105969481 2.972239080367895 0.32033847313089175
4291.176474810115 3.3931842895901307 0.32179698957663494
4294.348990599582 3.6729279094062983 0.32133681540377296
4297.522637988372 3.477588359411755 0.31525191146828235
4300.697422092379 3.2987724063034376 0.31311981953859086
4303.873334063932 3.0002163660524714 0.3034096513245717
4308.645394930724 3.9098740839755908 0.22174707133636745
4313.4079211649705 3.361994163780622 0.3185820858793922
4316.5883762684925 3.149523087980784 0.31915621934237043
4319.769940248828 2.3601331467879945 0.3142233720834503
4322.952649438593 2.367649740866751 0.31425886781900736
4326.13643678538 2.289052595487663 0.31088112780768223
4329.321434640724 2.3077905323331733 0.3106340379448909
4332.507504922143 2.288753792851756 0.30831078381907223
4335.69469920788 2.1589642616920957 0.305988606511247
4340.481983955724 2.461441806394347 0.2168063058599907
4345.26296319872 2.63441919749144 0.3069183400504047
4348.454618268451 3.3388404304165937 0.31240053842092436
4351.647378294384 4.016182565227098 0.3227642256554301
4354.841379191176 4.101145832413978 0.32316481950560094
4358.036181275436 3.3923010994470224 0.31763662295437095
4361.232263344581 4.597018882878483 0.3314831776981476
4364.429410208205 3.6152078044638953 0.3222636852423534
4367.627614085311 5.162469629035575 0.3311282174361063
4370.827041131228 4.5841049933585065 0.3272125928923513
4375.631116596987 4.532664579592646 0.22970644703822055
4380.431669366516 4.59156912423341 0.32296990901806993
4383.635395469073 5.05656941748953 0.3265428251134753
4386.8401923859055 3.783517506757056 0.314424008489503
4390.046007694983 3.530351798514972 0.3106073710147244
4393.253057150655 3.8454497742244675 0.31566640573852733
4396.461114013106 3.6881700440004117 0.3152341988826706
4399.670249855935 3.2583549751185825 0.3120789707098993
4402.880463421189 3.6511608178260593 0.3159804022871768
4406.092418243354 3.9372747848662066 0.32041649785763854
4410.912768548319 3.7411512173848056 0.2250664572499355
4415.732107070957 4.027551562284867 0.320918956745887
4418.947637167725 4.4448657527700535 0.3262671725171464
4422.164269847571 4.159147626738248 0.32299497036899283
4425.381843043917 4.91505586276462 0.329312384949882
4428.6007379324565 4.472746182777123 0.3247127100100877
4431.820558747443 4.420390100963544 0.32258448890845837
4435.041448596825 4.79310417251256 0.3236386706575499
4438.263367557977 3.7298541228110427 0.3149708545207602
4441.486372757913 4.355928256796761 0.3193540725511836
4444.710411974377 3.9533986732144895 0.31508462149468164
4449.5504036792 3.4702781381892343 0.21776627676040033
4454.388828391178 3.824037249362856 0.3052703866205159
4457.6171070178025 3.3883656690488615 0.3012662086335951
4460.846365447045 3.804603497572776 0.3043295473554221
4464.076681548836 3.3627634168694134 0.29763854514807153
4467.308042157855 3.468162659949474 0.3023959879775933
4470.540439172525 3.265996332551532 0.30160374241891397
4473.773875306005 3.615735450650719 0.3050949566725189
4477.008347878402 3.7171280072297868 0.3037090959798514
4480.243846891225 3.8498740077190563 0.30446623510168386
4483.480381700309 4.131293997246387 0.3076759233633463
4488.059223678416 3.8980132942117303 0.23047328081040416
4492.462630066999 4.208231504774011 0.2715165296764192
4496.436773297085 4.77510107313438 0.3083718697217792
4499.6784025212655 3.185816028809325 0.29822730907824296
4502.921086813763 4.187344166813587 0.30699011460977127
4506.16477186804 3.722335882536151 0.3030058877292991
4509.409460002021 2.594879744185423 0.29487631241358964
4512.6551809970915 3.2681534962903314 0.29764251988111484
4515.901918488732 3.4495563959051503 0.2981165468952059
4519.149659621799 3.2802834690296145 0.29535939789425986
4522.398406645246 3.3646329816916745 0.2935629086960152
4525.648160184547 3.0927566227166476 0.2905632003220322
4530.527589049375 3.0857954369662597 0.2042830146742869
4535.4034332301735 2.652366596819002 0.28691666250529474
4538.657195682165 2.8889155346399638 0.28876846299933934
4541.912060323455 2.887136785211712 0.2873709107220346
4545.167711353324 2.685790630161063 0.28453910331830884
4548.424457404149 2.7112526440972307 0.2837460917018253
4551.682121641066 2.508638458534941 0.2794083814638682
4554.940928507829 3.1400305713773227 0.28276278905365954
4558.2006443920245 3.240718277878487 0.28617962280278103
4561.460969001909 3.588319768429541 0.28793044292783215
4564.722999369605 3.050479925387238 0.2811127410200547
4567.985735950321 3.883999944287762 0.2876928957565119
4571.249366446288 3.9374911527538656 0.28670432891525255
4576.149828586675 3.693972256542353 0.2011582761540885
4581.04617818746 3.6125869242262576 0.28293685112889666
4584.313713615511 4.072610702498144 0.2865183214291828
4587.582393430763 4.380421676619725 0.2885641258319214
4590.851751819151 3.6404813342922155 0.28146746659652294
4594.122236233489 4.62060126691324 0.28799187356348704
4597.393654818691 3.7986851605173566 0.2796521141676141
4600.666054216531 3.977470930940716 0.281919218762488
4603.939139173892 4.13992307490146 0.280872538217564
4607.2137368303875 4.163326450284731 0.2817081330357231
4610.489023559508 4.3050920135855 0.2832099618766392
4613.7652371552595 4.1523980778443 0.28089984498736104
4617.042443650929 3.770060287377002 0.2784603158002915
4621.962755999083 3.228166228007213 0.1919648730480643
4626.879746744048 3.7684813124173577 0.27560675731734685
4630.160748781251 3.357202421807093 0.27059486199045424
4633.442697298444 2.600897735744943 0.2643173735540326
4636.725580653254 2.8754704719366475 0.2670016938792877
4640.009411975368 2.627359996958478 0.2615391143980106
4643.294069646389 2.598976755019484 0.2588607656497088
4646.579910901387 2.3598590430003115 0.257341653723991
4649.8665634045055 2.0813808982549786 0.25551434042290094
4653.154160781955 2.398728796186901 0.2580977184300884
4656.442701650945 2.8558636343341264 0.2639004184502769
4659.732162996927 2.585668788101935 0.26033689529535153
4663.022558884982 2.540625294520696 0.25835425073511586
4666.313599937069 3.1642193979323325 0.26403580117208447
4670.481096667981 2.6229790700619566 0.2183805426701235
4674.912641281797 2.5860178206105706 0.2014163456530563
4679.488437589379 2.1287795417013484 0.25350358801987977
4682.784700883692 2.7562917684051227 0.257477032915215
4686.081260282614 2.1965099625811813 0.2523995105034098
4689.379040759898 1.7166759504135547 0.24849342948163133
4692.677690102771 1.5616865411654612 0.24522279756873258
4695.977316162368 1.6934801132332744 0.24356028834770738
4699.277893713283 1.8777448894795923 0.2439971020056662
4702.579348362052 2.3305163046749877 0.24768241858741977
4705.8816696846125 1.138743817140375 0.237336795830203
4709.184926830776 1.3426718797959207 0.23936577766854455
4712.489104081842 1.743637408189364 0.2423977263725401
4715.794164263285 1.6795249351697712 0.24339219193201106
4719.1001399423285 1.3983402284220015 0.2416296963815605
4722.407017857324 2.252065308967729 0.24746306092535025
4727.369886009909 2.325483130343009 0.174128960814012
4732.333019178987 1.946963381325554 0.2412936645143824
4735.643475616085 1.906898943396111 0.23986178143108627
4738.954829507514 2.151403896535269 0.2429502419099886
4742.26692613099 1.8110549404720635 0.23954737873590776
4745.580114348836 2.6579587644382943 0.24796271482319532
4748.894885856902 2.532028156305104 0.2562495015339786
4752.209122494249 2.501821970705168 0.24471213605178793
4755.524903588808 2.536799710604446 0.24503318458630038
4758.841570608855 2.2306069735015526 0.2419177141507063
4762.159109102228 1.8635273124610616 0.2381238071984872
4765.477539467937 1.9702636900838582 0.23815583959009973
4768.796838796915 1.7564644681633412 0.2375086605015642
4772.117021131069 1.7998217878490148 0.23809155575142765
4775.438077344143 2.0374370055106072 0.240188668917616
4778.760007376097 2.0860318441445416 0.24130333592987344
4783.745546066623 2.0999999751450815 0.16935224343905506
4788.7310130601145 2.380428650713604 0.24126592436859517
4792.056408897606 2.099667728813647 0.23846264907750372
4795.382670813393 2.1809915379341644 0.23947729407916646
4798.709786354278 1.6876055963136907 0.23481214111286566
4802.037780157349 2.097578260517013 0.2398163613045261
4805.366642287461 2.6091927147829446 0.24377136088103118
4808.696331304233 2.0612373964247532 0.2385916630454392
4812.026903446756 2.4554464559035787 0.2411599127701237
4815.358546343861 2.4472609020454072 0.2416741583453117
4818.690578864214 2.4095831714352105 0.2429723731403791
4822.0236318920215 2.4493603827035906 0.24311448972232122
4825.357662754041 2.322294757379137 0.2431377648891977
4828.692460454377 1.7713458417179104 0.23689841430055197
4832.028125820526 1.7656736675029583 0.23646455983514775
4835.364620192123 1.9173002756611461 0.23615814023671042
4838.701980377141 1.6647205335986988 0.23447859250820682
4842.040172807674 1.8621721571383292 0.23449599325498285
4847.051812996256 1.5011022792875344 0.16264101264354813
4852.05977622047 1.689595939307683 0.22779027636684251
4855.40141116141 1.1919476108706692 0.22019828670061548
4858.743665484255 1.5097260785678075 0.221160524485776
4862.0868867083545 1.653299503268302 0.22025368617369262
4865.430934734944 1.967873613499844 0.2236583070976654
4868.775820488759 1.9269240422407938 0.22333711739828901
4872.121502886853 2.971046234933863 0.2359528224613185
4875.468001090928 2.338846944356576 0.23132101355448342
4878.815295546384 2.578155544148014 0.23271429888848782
4882.163594148422 3.1718408485788947 0.23973192787941183
4885.512555474609 3.9887078793089317 0.24617905043967994
4888.862277197575 3.4389224703267898 0.24235241954782885
4892.212921493603 3.7418930554476955 0.24470345187238385
4895.564357390373 3.643393869777206 0.24291867620959426
4898.916601566825 3.990657642646073 0.245149575116748
4902.269662132669 3.8931122295712783 0.24671356925808036
4905.623527526283 3.757962200247932 0.24384711377523807
4908.978210629861 4.020481915361425 0.24651449647175455
4912.334111103795 3.934600650502687 0.24376226534168158
4917.373605470204 4.078354814241338 0.17246220949836552
4922.404993606158 4.08826691896504 0.24449450559208238
4925.763693460382 3.7648278398493056 0.24099924110334348
4929.123197528969 3.7792013127546142 0.2423920582411708
4932.483498380893 3.5994465244898692 0.24013355143111523
4935.844597015174 3.6731498683249857 0.24228515004196774
4939.2065046316875 4.307343034497709 0.24751488974621672
4942.569194995458 4.220912794046862 0.24658233126578663
4945.932409517699 3.9231718720620483 0.24241616063492227
4949.296942717448 3.9355097026366272 0.24193255829155527
4952.662013887018 4.393010198014017 0.24690841259998741
4956.027857623972 4.112564457278792 0.2449183555826629
4959.39447660486 3.233981223106867 0.23781956290404746
4962.761914649625 4.058691697967295 0.24378462883648624
4966.130110864887 3.5113286861304283 0.2395188685762728
4969.499079183003 3.4070684851788875 0.23815961488394963
4972.868854118228 3.0355727748799533 0.23661423480439273
4976.2393955404905 2.752535573918214 0.23296094643215734
4979.610725752458 2.9546299958470206 0.2348470050104814
4982.982684524683 2.2599042033770544 0.22759339185136299
4986.355696358205 2.801851854946504 0.23100141558350748
4989.729333037272 2.3456226770507382 0.22632622822392706
4994.797228385626 2.6579774875595628 0.1621699711780182
4999.854892994159 2.1344296681351276 0.2235144670438313
5003.231610864187 2.0191764624497575 0.21958063676682832
5006.60911451499 2.407424321830342 0.22307018294799152
5009.987355043755 2.2298561291675942 0.22144730684622085
5013.366376229558 2.343819611709743 0.22208589886236121
5016.746150613501 2.5019928400610745 0.22292007346751755
5020.126692884046 2.8973108223543727 0.22629106629567391
5023.507986536644 3.1595934653454876 0.2296158675257476
5026.890050448063 3.756009019605086 0.2348340999545597
5030.272846717445 3.643281814090508 0.23480229286708718
5033.65641389587 4.188843439400903 0.2367612891736178
5037.04030265854 4.332289220066594 0.23890729188625265
5040.425784615366 4.475699474741988 0.23663844878825802
5043.811572509539 3.8986607956392083 0.23266117329831856
5047.198127794203 3.9631599342739197 0.2314143872245659
5050.585404297926 3.6841446333445935 0.23098334031713913
5053.973463975336 4.105952456352603 0.2346968932393019
5057.3622331101205 3.6168339965177627 0.23172586854811733
5060.7517692622905 3.920174610984084 0.23286272845366016
5064.142026157397 3.5669656289658636 0.22923380616851702
5067.532716061005 3.2138927272852396 0.2256513434740829
5070.924764309162 3.300365449321644 0.22585948060828367
5074.317660298285 2.447159580596948 0.21897451827354916
5077.7104341122185 2.6647434574609465 0.21849483802512942
5082.804753426181 2.5425624846471346 0.15371026042341523
5087.894457688983 2.557510453487059 0.21809800114868502
5091.290580062091 2.243607967931611 0.2164396725882374
5094.687440865939 2.1547004229863416 0.21453819885363393
5098.085013660808 1.8432707792859033 0.20938029866670615
5101.483338586338 2.211463366350206 0.21212162940324628
5104.882364134547 2.1706446364515117 0.2114766914503482
5108.282116914369 2.186139809290482 0.2122017054004864
5111.682579297292 1.8752925091831951 0.20874966713401596
5115.083771702083 2.0898647721350128 0.21101291868104446
5118.485720140063 2.6148278302871377 0.21468249746573612
5121.888321155581 2.7399327503386393 0.21566599852513543
5125.291653019255 2.210787923207315 0.21000203502875817
5128.695710400337 2.5813380123596823 0.21297091679692653
5132.100463185097 2.8646014760394785 0.21570887899257554
5135.505825456414 3.1281187082617974 0.21600934481219436
5138.9120992597755 2.5112468502743353 0.21284434886989045
5142.318978464678 2.6504318588115003 0.21326233556513377
5145.726574405144 2.703799396089627 0.2129433987184204
5149.134851297901 2.3319671568354425 0.21096581547026025
5152.543435891367 2.606398019274753 0.21230273458234658
5155.953557551598 2.887039965703838 0.2137229405738675
5159.363956994676 3.085106404477687 0.21469593584760563
5162.7750475219145 3.039716185808444 0.21212846425683385
5166.186858440942 3.819611824618388 0.21617992764787994
5169.59935140418 3.8825081018838183 0.21507801308038982
5173.012544659143 4.6670899231631475 0.22022540009758113
5176.426423075872 4.721672315869441 0.22251730467941389
5179.840976338165 4.660098632933702 0.22192064698876376
5183.256242300815 5.222888733612756 0.22730253404970813
5186.6721837068735 5.258015737428047 0.22626945055654618
5191.796605061657 5.888239118502168 0.16399726605488335
5196.924121107453 5.41997289235148 0.22918948546387338
5200.342726144037 5.2239105277361935 0.22668282212534052
5203.762161167532 5.244840590358547 0.22779140431217312
5207.18219100976 4.646963521590279 0.22210678617859275
5210.602877691472 4.948010130176609 0.22305304469921808
5214.02429955781 4.242927819643042 0.21994733152164644
5217.446571591479 4.49685549908029 0.21952846683741653
5220.869117941446 3.786337254188714 0.21571172658205148
5224.292735836801 3.884701404426486 0.21463937188019092
5227.716648597198 4.139526598792599 0.2165114430330693
5231.141421368029 3.8148717908855665 0.21326782300050529
5234.566852036627 4.042542963827635 0.21522873148639218
5237.992930565879 3.1402543843190283 0.20839548001330133
5241.419728398816 3.585903028833489 0.21049445466145675
5244.8472836651645 3.5414228375888146 0.2112026457944153
5248.275259077814 3.7136050618432637 0.21251220804252435
5251.704493526102 3.8955277098783383 0.21339200434931968
5255.133450973387 3.6977502375512388 0.21065728509679654
5258.563525755235 3.489613395821423 0.2076763810326958
5261.994270642276 3.2819463745391424 0.20459236053423735
5265.425682467719 3.8916260171076558 0.20737214628560782
5268.857732940803 3.362414048485108 0.20397437224698933
5272.290461486964 3.984598290794999 0.2077123815926085
5275.723842451607 4.624721568143059 0.2147356585150071
5279.157317699642 4.28579257353036 0.21480195235394323
5282.592520465659 4.481117286925417 0.2152066102360268
5286.027837588718 4.790193318670942 0.21740155739882
5289.463810652843 4.96458549495454 0.21817915820234138
5292.900405265754 4.561121423062273 0.21591540792914102
5296.33769027277 5.418699393034107 0.2221120034424862
5299.7755875444755 4.542378534379442 0.21383742177317722
5303.214121282149 4.9823152760679585 0.21917788194166646
5306.653295644075 4.385550484350325 0.21477019849926654
5310.093123252378 4.35313313386489 0.21270669042094578
5313.533584636129 4.568553629521422 0.2152798990710848
5316.974683167624 4.1138818290704045 0.21223799613823327
5320.4164167296185 3.837472786679686 0.20758737284473788
5323.858787514721 3.6699616245208406 0.20701038925048487
5329.018565869132 3.4984421695081798 0.14441712058555486
5334.189696720877 3.336089515063006 0.20324328303564904
5337.634552067003 3.03970856824552 0.2005684860886244
5341.0801406034 3.690099558775462 0.20457399163998907
5344.526302538416 3.7988610575831365 0.20608330733495608
5347.97307829039 3.9590359435459006 0.20864748278603898
5351.420500441587 4.420188484133956 0.21198105165662975
5354.868431648943 3.8185997339216877 0.2063056119908976
5358.317166041593 3.6434227445991496 0.20378371082462832
5361.766436941611 3.4805851220236046 0.20247665544767332
5365.216325522286 3.3749078697400585 0.20052451340515337
5368.666845160924 3.4193972458913544 0.20117216954096442
5372.117955801316 2.9870439502921298 0.19752832448381766
5375.569684957723 2.4841902925426376 0.19393075810571272
5379.022058401694 2.906557843022986 0.19676018401293793
5382.475035989017 2.9422416279791 0.1968255362997479
5385.92861301477 3.0737762343666803 0.19731143427341372
5389.382820538112 3.1348154838546853 0.19677873715093663
5392.837611910817 2.7176743791862124 0.19231045894332768
5396.293025917424 2.8170846385722887 0.1928589919889331
5399.749054885148 3.1252461786919246 0.19398772868742736
5403.205654914296 2.446752196452446 0.1889914950867211
5406.662903565877 3.0385236550658785 0.19298638151873984
5410.120729919598 2.539781640882751 0.18893333899997214
5413.579152920922 2.438013593137941 0.18843748820298875
5417.038199107869 2.6699299523147975 0.18996181734196654
5420.497819798542 2.4956549156381835 0.18824199471099948
5423.95806912292 2.6408630160030144 0.18914826327591563
5427.4188798680725 2.5245796313936077 0.1891465343489157
5430.880301940098 2.686597177826813 0.18976661087099092
5434.342328858836 2.474529849317732 0.18819187222863304
5437.804943629401 2.344082601984943 0.187073655710392
5441.26775259812 2.4293933229196747 0.18725289057993197
5444.731941621056 2.252167901156612 0.18639603385328202
5448.19631739646 2.118569740988807 0.1850219503250884
5451.661269024723 2.086181973763043 0.1846550597764943
5455.126848975813 2.275502901534182 0.18615688029367122
5458.593013467784 2.12461666893953 0.18344216741906635
5462.059708235362 1.8254429824357188 0.18191910604998593
5465.5270314202635 2.140536821524024 0.18330154036448262
5468.994764718611 2.096199573172871 0.18264615124543185
5472.463153580657 1.8298773370900356 0.1789436313247767
5475.932470921265 1.7854876236364268 0.1807621256551787
5479.402135277488 1.9060197077474073 0.17997314257637748
5482.872317487283 1.5703260091159474 0.1780599389904453
5486.343146312929 1.866715996987177 0.17988047704398047
5489.814476869664 1.638578205696154 0.1781197237510593
5493.286432483953 1.3489702356176827 0.17507884098492535
5496.758922057497 1.3598666908784376 0.1760167017080843
5500.23204262214 1.9116850893793493 0.18043017258268418
5503.7056818891215 1.88829320657033 0.18101582972102948
5507.179953897241 2.1417538222113377 0.1817671116560042
5510.65469692329 1.7882751690257652 0.1793647835106469
5514.130022421338 1.8851579829021474 0.1787941954584938
5517.606101595259 1.305943923685441 0.1757349812204685
5521.082519037241 1.8597952708286276 0.18084083463619008
5524.559384292632 2.212240581002934 0.18217987005257014
5528.037166785167 1.8835255862296592 0.17874962999208746
5531.515344538797 2.3136296571217256 0.1828209722826911
5534.994139550982 2.3182491082374987 0.18152914052099015
5538.473375798165 2.2738056794458084 0.18379925160364322
5541.9532879564495 2.2764392202265826 0.1843931929983365
5545.4336543910995 2.7038912429317685 0.18858293327795345
5550.64994891501 2.5350117680808313 0.13163208671110432
5555.878287260539 2.5388152845619882 0.18445819815182668
5559.360835002407 2.4222683301764305 0.18474953066009273
5562.844097262643 2.648307024012557 0.1845825885749904
5566.327702524286 2.3112502289157777 0.22037817570304566
5569.811990292835 3.9830609638487253 0.38360170722523107
5573.29677991561 0.9639316161415413 0.4622711616655575
5576.782182480477 3.171081676601195 0.4654000777354764
5580.268066607218 0.2388989028992625 0.4601935421543907
5583.754573904354 2.190924479641704 0.4136153889807433
5587.241599390517 1.3312391317164105 0.23256726744472533
5590.729201817284 2.097189882897348 0.17762470995366536
5594.2172142543495 1.5913021804198653 0.17423636922643362
5597.705893197073 1.8268803005366456 0.1744349123933748
5601.194991922132 1.1962572102783988 0.17323946038636504
5604.68457914478 1.9321878192270678 0.17554881789730795
5608.174934383598 1.1864432126666307 0.17286238788236222
5611.665754537192 1.6151661744055246 0.17258722815126581
5615.157011881724 1.332445149462672 0.17223069077686734
5618.648825655263 1.3045790943074647 0.16866283361575532
5622.141221465297 0.9208905790455061 0.16648543692713808
5625.634011283157 1.3506372441839083 0.16911938259207768
5629.1275735055615 1.0470993686607486 0.16718563897256444
5632.621544990891 1.0801536311238018 0.1667534625006855
5636.115713141437 1.2167991775181068 0.1695462059735053
5639.611049169114 1.0313366619517514 0.16680448224900052
5643.106557902107 1.0648018958618044 0.16764717991045586
5646.602659847905 1.2563070611028142 0.1676273227777898
5650.099220062519 1.4177472885137286 0.1694502726239959
5653.596361664243 1.4472426302092674 0.16767654572875512
5657.093950332757 1.2315740050208146 0.16682641273206605
5660.592143476586 1.4227044003221663 0.16784321025678933
5664.090783499571 1.816688148128424 0.17182583310104033
5667.590006783337 1.6046877624173685 0.1692289342136174
5671.089656259107 1.4707713989607094 0.17006224356321797
5674.589920635939 1.4313225528077853 0.1693206644065411
5678.090589908478 1.3369134520477826 0.16845645977751214
5681.591836504315 1.7680501048309298 0.17177776841382375
5685.093489181819 1.262634826983476 0.16726447812881692
5688.595880002674 1.5754171844216824 0.16898824538542032
5692.098607686167 1.4227161773498218 0.1681276644860754
5695.60196331412 1.404212200204423 0.16780728979106124
5699.1057200354635 1.5318227846786947 0.16987065742266866
5702.6101010304665 1.390767827549789 0.1672597333795032
5706.114752354223 1.3972203301195958 0.1658292188712908
5709.620215324113 1.250829667411975 0.16662013751076898
5713.125948245564 1.438116006923192 0.16752597203948708
5716.6323647488625 1.4910723508239205 0.16772726876842145
5720.139087377338 1.655856927544939 0.17033178055959233
5723.646782787658 1.5565888162616128 0.16840274346776732
5727.154813525442 1.7127228644537769 0.1701546238086285
5730.66264459049 1.0396846314926838 0.16352420941089668
5734.170616383806 1.738806881640008 0.16171086213670938
5741.189738004033 1.367185695798933 0.15768378792973262
5744.70080750666 0.9466140978440544 0.16112249928060982
5748.211622536776 1.2430586413644265 0.1637675975239055
5751.722766025601 1.240550254152969 0.16153730165686742
5755.234674998834 1.37758039542537 0.16362483602954425
5758.74696050327 1.1641536762037858 0.16239314255571946
5762.2596847541145 1.1566529621189396 0.16252676543501815
5765.772981387093 1.4311964164819517 0.16548653664282006
5769.286694260267 0.98839444486156 0.16061433879673176
5772.800906169107 0.7893016031852066 0.15880051163257958
5776.315618406651 1.0219514466911654 0.16096923449154693
5779.830790451074 1.1322129546556974 0.1615898387438274
5783.346486550755 1.0460494578055326 0.15998242255447992
5786.8625190943785 1.2736658341979883 0.16175201487946664
5790.379284839712 1.0720624938173715 0.1593807657184236
5793.896408020466 1.2870495235701187 0.16172836424249545
5797.413870706093 1.2021627394470156 0.1615626438430257
5800.932067808848 0.9346756854219208 0.1589124074344833
5804.450607897076 0.8494394896336513 0.15861029190493098
5807.96963622387 0.7749092879031435 0.15801220468482208
5811.48914250338 0.8937864846427436 0.15781776034830297
5815.009115608145 0.8028753701129617 0.15700061913841012
5818.529931859534 0.642950547202868 0.15608691627213178
5822.050488645723 0.6956258812851552 0.15645142263629025
5825.571873470186 0.38566297131018806 0.15333757488695043
5829.093765474255 1.1658479088551996 0.16115740401677234
5832.615815364794 0.750986694099056 0.15622264660098775
5836.13887992166 0.7803588666799719 0.15663747314254653
5839.662148043696 0.5795691185151995 0.15617544764371194
5843.185881006553 0.5188623473364516 0.15349612600111887
5846.7100798679385 0.34671501089849555 0.15101377180115458
5850.234747453559 0.5693600745664329 0.15513422243179023
5853.7599019381205 0.8260118803565393 0.15536537654196828
5857.285471875379 0.5412023230736294 0.15493132127538967
5860.81154862318 0.8398070661215224 0.15879762858356808
5864.338052923474 0.8554138731922319 0.15855424710304636
5867.865035747933 0.8132708056507914 0.15997220578378127
5871.392449724849 0.5126742284156941 0.15825464637950143
5874.920366485078 0.7641019041203648 0.15750536979411614
5878.448700526951 0.7058519191068876 0.15915511191079246
5881.977509758212 1.0388066701416507 0.182871059465852
5885.506744665932 1.1569531668232078 0.20496574016298064
5889.036487267474 1.4242203797196484 0.22316179908440548
5892.566645062803 1.2595429226507722 0.22893133927610437
5896.097287245233 1.7465884302981505 0.22689292522212176
5899.628365711292 1.6869545344308723 0.2034288600000124
5903.159549168898 1.7283732690505966 0.18744905830660719
5906.691922697642 2.6354526737650312 0.17474319713988717
5910.224339847339 2.6833386480604977 0.17523129595921713
5913.75721409206 2.6821381409189438 0.17389542115173753
5917.290524415466 2.5621063762200595 0.1710478731872034
5920.824285742929 2.60096112829099 0.17294237949328764
5924.358495735078 2.806395483929276 0.17357666001117766
5927.893152192873 2.987815810772468 0.1759727882872557
5931.428250291837 3.003375004057211 0.17475430753361545
5934.963796410015 3.370362916340063 0.17864351684754928
5938.499781668639 2.823129817715565 0.17336417317768646
5942.035653289461 2.9792794493414365 0.1745087925428097
5945.573501723966 2.6865446126102235 0.17181790193262317
5949.11030191391 2.2364514209979007 0.16770817277436778
5952.64804453222 2.356437540984875 0.16854474597224098
5956.18620305126 2.2146955809534044 0.16739416631943968
5959.724823288126 2.514777128524177 0.16861075113351104
5963.263844325131 1.9919960150831326 0.16275784338235755
5966.803314810455 1.8756242356065989 0.1619618809076518
5970.3432303880645 2.0536808990778406 0.16280071073919708
5973.883542394765 1.3151102022873324 0.15797910369111315
5977.42487880816 1.2315719361729713 0.15515591648614985
5980.965522682713 1.4677200341393482 0.15547732694111718
5984.507130535841 1.1719342554860421 0.15373379395433132
5988.0491924800735 1.016562799805024 0.1518064189115784
5991.591685648596 1.1683380632646485 0.15281532978714124
5995.134587239189 0.8393847669060598 0.15035081173592457
5998.677931448202 0.9865389893686002 0.15002414614260898
6002.221696223793 0.9254014523867167 0.1498377920575341
6005.76563318235 0.9777801084539814 0.14833854508504457
6009.310498797638 0.8585303619920966 0.14793835626775217
6012.855488150741 1.0102284312303518 0.14769641041657566
6016.401012487641 1.2043033767115414 0.1495990181834007
6019.94687961087 1.0163517782858946 0.14807200534224685
6023.493189967644 1.118308932575709 0.14873105627591968
6027.040173724596 1.3970580001486534 0.15129583293322474
6030.587053177165 1.413546374124895 0.1525905569801478
6034.13458351538 0.9221074932342858 0.1482582518041043
6037.68255773934 0.9646898966235894 0.14737992887383097
6041.2309446491645 1.0395918802745607 0.14868925139456776
6044.7797565304045 1.1120277967375851 0.14812817031610515
6048.328927552773 1.021009432601269 0.1465749694025726
6051.878704457664 0.8828163011599147 0.14451982350198517
6055.428631862025 0.8957993025690351 0.14528412844673874
6058.9790868344435 1.1351772353694707 0.14795799712178462
6062.529940919788 0.7212461712144546 0.14335289696109488
6066.081171203422 0.8761330496403501 0.14491660616821977
6069.632895778473 0.7776470912994856 0.1449159540950361
6073.184968494122 0.43729154069060655 0.13989198259444152
6076.7374813535835 0.6500328030479409 0.1415632384428841
6080.2904096903085 1.1733981828577689 0.14656878682360241
6083.843709267338 0.8604644787475272 0.14414457037821568
6087.397417737911 0.7273948771744779 0.14101190526224633
6090.951537618575 0.737757523059242 0.14168441205261917
6094.506065664756 0.8350983732451883 0.14176420301948592
6098.06100473242 1.0297071659207537 0.1441168260063068
6101.616313687322 0.7897970707422063 0.14092183950778325
6105.1720399409405 0.6400291435014827 0.14120687332548507
6108.728183684498 0.8274162415865809 0.14255310483810427
6112.284611658123 1.041488512062579 0.14334301392756457
6115.841630732561 0.6606332178820169 0.14209164433466867
6119.398967786054 0.8666094641115992 0.14192448076901645
6122.955642069703 0.8943975656268126 0.14077508881797243
6126.513737951417 0.6082573134799465 0.13685951655595976
6130.071564777163 0.9042305735919075 0.14065764947340442
6133.631103996557 0.9373965206787348 0.13878816527325613
6137.192103192724 0.8162757046043734 0.13930149491494842
6140.751188940964 0.9617330415728833 0.1418767153085314
6144.311304393573 0.7520308711200955 0.14101284559803182
6147.871728293711 1.1250403816364496 0.14441809115757737
6151.43270788388 1.2783786780551918 0.14566068599561582
6154.993974867226 1.3103256569912707 0.14598539675235395
6158.555633291412 1.5052950617173395 0.14654300641953116
6162.117820959207 1.3805587982438652 0.14959712593929356
6165.680098289156 1.2740849815998447 0.14537771733711813
6169.242919308166 1.2773195267826096 0.14601272840740176
6172.806125588967 1.3409913336662875 0.14614324516343985
6176.36973238549 1.5971226825109888 0.14756623049320405
6179.933640230577 1.1601174289864702 0.14325902761109266
6183.498031405953 0.8571413034075703 0.14026216141133852
6187.062786612366 1.079853842693334 0.14107959603553677
6190.628015617653 0.8458882712089785 0.13892107211067575
6194.193414355871 1.0232617676048053 0.14019898346416998
6197.759309995736 1.0909678801284974 0.1421949157001426
6201.325677276123 1.0963322374755233 0.14135359447521934
6204.892219226315 1.0172611869187869 0.14146211238730927
6208.459265036493 1.1859758235177529 0.1422366449422859
6212.026674999142 1.3253638751697947 0.1435601765885987
6215.594166358579 0.9779933975429178 0.14009182003485415
6219.162614847594 1.094320337096657 0.14209223924557285
6222.731173957482 1.102728562647703 0.1418439574358262
6226.300142057216 1.0438676486510263 0.14011912484553735
6229.869338167014 0.8041736522961883 0.1419711050398494
6233.43900353108 0.8413453407301955 0.14184845920565223
6237.009047351857 1.1041472940218557 0.14627981353303227
6240.579434981119 0.9007252202991064 0.14410274372983656
6244.150230114035 0.8391737760635378 0.14107679461254172
6247.721386819081 0.9427067750579792 0.1394554708887702
6251.29302693135 1.1000253365966324 0.1418557163668352
6254.8647973221905 0.9906674734770269 0.1421165510469024
6258.437058885262 1.0599965760427617 0.14415239250443374
6262.009700579587 1.2053287151097645 0.1461398280837915
6265.58259483871 1.3946324371126413 0.14551935798111615
6269.1560946191275 1.863717427945359 0.14879741046205713
6272.729795894161 1.2826493648611619 0.14291016455277875
6276.303892980876 1.4225170582502673 0.14304357201649717
6279.878359455561 1.6690959901032247 0.1479743529677839
6283.4530948328775 1.8327157707652744 0.14914446268466394
6287.028405709953 2.1057514792856975 0.1509878348466293
6290.603889572586 2.056661560113645 0.1530277384384479
6294.1798428764705 2.247915872317424 0.15895870454733688
6297.756128625498 2.579751350390239 0.1628893256225959
6301.332774342036 2.9949220251175857 0.16667879151327833
6304.909777288116 3.409393755025472 0.17162308623559247
6308.48716512148 3.9929604451230407 0.1724498815477183
6312.0648769827185 4.02765199942708 0.16936616980433084
6315.642977366233 4.741741815833512 0.17383536751574663
6319.221192051869 4.9733752927886385 0.1754029137644871
6322.800184993384 5.001545833461743 0.17708950067104198
6326.379327801037 5.185228742300764 0.18036670151209122
6329.95879980375 4.565270798884785 0.17558374876805774
6333.538639548393 4.404953752656878 0.17393591851656653
6337.118866882191 4.968285290905211 0.17763874864045634
6340.6994455942395 5.354758602720147 0.17914527377116007
6344.28033671726 5.034145949909892 0.17516274175655056
6347.8615890947585 4.8414972999696175 0.1745390134470079
6351.4431595712085 4.1630564428754235 0.16991149571725828
6355.025124263828 4.158348346605341 0.1701295481683796
6358.607430819654 3.9083664079829576 0.16878853361386972
6362.190125602994 3.6192240082368183 0.16544626604363447
6365.773082842798 3.3279635219556836 0.1612331993863651
6369.356431611249 3.342186924743738 0.16066867242450278
6372.9401351554025 3.167438367897283 0.15877006789281478
6376.524187368394 3.3328503730667567 0.15783462074180568
6380.108569792417 2.926586177771041 0.15660508769218803
6383.693289251335 2.656493796315076 0.15454501013455527
6387.278396176086 3.0066535166849904 0.15766204885004453
6390.863790690127 2.7002057492555576 0.15300007876974783
6394.449595235286 2.821696116025422 0.15403646112574684
6398.035690127587 2.5004862720288865 0.15020008498932397
6401.622149935252 2.380084076342251 0.1499021363121793
6405.208947846428 2.519164291601235 0.15055683251527577
6408.796113684731 2.8108232526142163 0.1524559403091068
6412.383566293735 2.416205634750814 0.14979358056325134
6415.971381785336 2.1674257870924145 0.14751933307687704
6419.56004691755 2.3922231995424315 0.14754865695560385
6423.148022163646 1.7367458128934283 0.1440387561529954
6426.736853661792 1.7423127649303987 0.1421317025372601
6430.3260426164725 1.7818952839924307 0.14231106293637893
6433.915430638769 1.3666872335595137 0.13673934207187816
6437.505393346551 1.7575554367747308 0.14177385546901916
6441.095560274699 1.4521359160619138 0.13894147305794696
6444.686095266949 1.6865872480478876 0.13997565173456242
6448.276929216667 1.403011238657087 0.13862062018746463
6451.868127464664 1.5756752509559957 0.13944927611634012
6455.459636390802 1.6386419631454345 0.14190206045362191
6459.0518784764845 1.8581742871610754 0.1498433821696181
6462.643654945755 1.7421562805714894 0.14455925867276914
6466.236187686903 1.5251971858203306 0.1437023367404151
6469.829036934007 1.5307854115618496 0.14369324608785783
6473.4222109928605 1.4747518326538627 0.14271132411577683
6477.015720883414 1.4579555512348723 0.1413088735030913
6480.609569157277 1.539765861891953 0.1390891168746102
6484.203521605209 1.3731092231685396 0.13605488853614597
6487.798218925894 1.43608574261485 0.1365898440402122
6491.393046502288 1.4958255282358826 0.13925272369205707
6494.988176091781 1.246016447535827 0.13813108001830127
6498.583639300627 0.8955594156557767 0.13502714468085955
6502.179448844083 1.1440264580213286 0.13849798253556989
6505.7755755763055 1.1196305413905754 0.13772820064456928
6509.3720339063175 1.2010928407773145 0.13573675947928204
6512.969400793104 1.1710876615897519 0.13521515792246214
6516.565895058462 0.9976940261297064 0.1322311461987863
6520.163324952647 0.8795479685217874 0.1293947724394088
6523.761070871368 1.1635686116279649 0.1338595286589854
6527.359136048953 1.0080743344352774 0.13458462860262616
6530.957871164147 1.2881350507622615 0.13605711344850677
6534.556267656857 1.5062484368532785 0.13892768232673416
6538.155234546483 1.2043671906778943 0.13668035688080077
6541.755052799409 2.0733460997559554 0.14299951029749838
6545.354387801911 1.9850762552370018 0.14349664828805656
6548.9543457942655 2.5119117968316482 0.150807090562408
6552.554652384147 2.6325381700338153 0.15152651756126595
6556.155328774679 3.5461824832484767 0.15864611531026182
6559.756298684427 4.375502441978376 0.16489014652527703
6563.357592878479 5.30026705051829 0.17133566969389039
6566.959171214651 5.326260116333788 0.17178808124571843
6570.561100361635 6.762437559364588 0.18456866593050625
6574.163334164191 7.743889257066797 0.19282776616984942
6577.765868480976 8.33313217213769 0.19847474324593653
6581.368720214516 8.841744551351615 0.20176266921210934
6584.97189342468 9.468333711733402 0.20478495352222262
6588.5753742210845 10.18552496421792 0.20992268275744982
6592.1791455252005 11.080820856808732 0.22105674705401893
6595.782933737287 10.873762097106573 0.2220792246187422
6599.387655662987 10.377914255492392 0.21853667719487418
6602.992931948076 10.148858185145476 0.21790637979500213
6606.597341734331 9.298330672242487 0.20647593572169606
6610.202683959757 8.617671455884132 0.19765767235671214
6613.808296402821 7.834265835161936 0.19484444993787087
6617.41424109581 7.474628318050461 0.19252474276632675
6621.020960563325 7.229087223330109 0.1891097173267331
6624.626925740638 6.5641174207238215 0.1847210425400711
6628.23392293428 6.237372424521206 0.17989730006392474
6631.841089969568 5.662664367534105 0.173027674959838
6635.448561264149 4.962471140599016 0.16696351886632804
6639.056363279012 5.113596116837828 0.16796778125844944
6642.664434986047 4.208265520807258 0.15926092179426157
6646.272803436342 3.4929659754409697 0.15314282515544633
6649.881523197303 3.4623009567734546 0.15192174990799473
6653.4905336452175 3.3576149656588474 0.15043441620151618
6657.097501018986 2.6531914696032635 0.1702445148746875
6657.105843570521 2.6745619263169798 0.2693489572608126
6660.7094259969035 2.228861255778726 0.1395537544879066
6664.318904468013 2.2903595720395287 0.13889606221952042
6667.929572643956 2.133363926342482 0.1383938479437217
6671.540103538274 1.9675121981571557 0.13596211942718772
6675.150914442458 1.660584744073669 0.13251945432119444
6678.762818637976 2.330136625172361 0.13934137848254977
6682.373201804732 1.8484236941641086 0.13345975191033765
6685.98525187958 2.35183850267059 0.13935846461681353
6689.59729462549 2.3002051748856007 0.13679766932735632
6693.20962353723 2.3177576176236534 0.13789358456789674
6696.822269081255 2.4136148366160164 0.13863193078334374
6700.435184715774 2.1651699449783526 0.13626352619980675
6704.048417455828 2.21370580225967 0.13695991693974346
6707.66194450816 2.057217834587975 0.134885847746316
6711.275742535111 1.529024302902358 0.1291613977860947
6714.889862514862 1.6277441379119224 0.1302895762582229
6718.504291263427 1.6870617620684671 0.1309998694297463
6722.11898863319 1.3172375005048944 0.12630503944432805
6725.733989914007 1.2999341947455594 0.12629093890689394
6729.34930757741 1.2664490042642174 0.12592103280099207
6732.96493509874 1.5880418338604574 0.12888684051223814
6736.580801761805 1.0931235486395716 0.12361583499952708
6740.197464892401 1.25460348697094 0.12450627043225625
6743.813495852992 1.2932064930390101 0.12603911294660067
6747.430264606173 1.2299468375605216 0.12775703906562258
6751.047341894446 1.1971531446081818 0.12868272827346317
6754.664736198752 1.4026177025951476 0.1295202795537086
6758.2823760110805 1.2317307971951201 0.12753594782836525
6761.900337069053 1.3472961909209928 0.12908109705483847
6765.518568498634 1.139861089916515 0.12609948023971007
6769.1369771778645 0.5859154206227285 0.11880444486926237
6772.755925314226 1.0977721282828958 0.12447640102131005
6776.37502634879 0.9065299995147715 0.12094754911693463
6779.994445858074 0.7807862448493912 0.11792033899756363
6783.6141209686475 0.6831189746850662 0.11660028521210707
6787.2341067876405 0.7214577214926113 0.11656088927269401
6790.85438165473 0.7379515211630578 0.11688476783865719
6794.474961076861 0.7840058935630922 0.11759951060485219
6798.095445783402 0.5950545375729526 0.11511411630962606
6801.716950408865 0.6953725685907033 0.11708172655778828
6805.338317648731 0.8535086076365245 0.11748667331511017
6808.960081652773 0.6286580383617894 0.11648857218265041
6812.582056413459 0.48716837595162166 0.1122015496486084
6816.204511083657 0.8152167982008504 0.11637403177635346
6819.826926778754 0.6190824193329021 0.11743925567724048
6823.449598283129 0.7362667696041634 0.12416232682312436
6827.07297057838 1.0756133916294246 0.1310169782913866
6830.69642980874 0.7592940491703134 0.1295158629052099
6834.320091245447 0.5457169072267398 0.1292182010607199
6837.944110525127 0.6821485588106349 0.12582631743915154
6841.56839519618 0.6407329192422754 0.12039304368661376
6845.19296086783 0.8249636678473488 0.11774691318569479
6848.817829577735 0.8738052451421017 0.11871955511403237
6852.4429094391535 0.8388075591068415 0.11627741796558955
6856.067919158847 0.2863499292268672 0.11364365682408248
6859.693862713749 0.41912715169920833 0.12204423822600251
6863.320052857509 0.7310185355270138 0.12317936928663605
6866.946280879722 0.19808279447888624 0.11607883621816387
6870.572844714156 0.5415481168502827 0.11682465903523062
6874.199672361009 0.4920640967264801 0.10852401544422012
6877.826867404621 0.3954346665250921 0.10533669340483728
6881.45423113441 0.738067160001454 0.11369227112086129
6885.081832168417 0.5239551672884187 0.11174630348569338
6888.709769822694 0.4187485669575695 0.11059118818941541
6892.337711820871 0.6169849349132194 0.11282762993601017
6895.966500886463 0.3954085025002175 0.10954778860875615
6899.595300762082 0.7715374653577012 0.11310706065730307
6903.224229942139 0.7248407872915766 0.11306071706764306
6906.853678003457 0.35676734993480463 0.11183362211338313
6910.483433983387 0.4837080236922986 0.11243607887555694
6914.112985479978 0.4235979570888093 0.11170063442268802
6917.743366500648 0.6825379217171267 0.11977647011139214
6921.3738037910525 0.5239085268638953 0.11611866112322368
6925.004520556053 0.58045147013833 0.11630073541101107
6928.635534661686 0.7733043436126961 0.11858690095530001
6932.266785932313 0.5233491908339246 0.11461441732203777
6935.898341086926 0.4720572149178588 0.11209728152333602
6939.530524158231 0.6315297062324164 0.1134810297470511
6943.162269838561 0.6765943448977506 0.12094902807879421
6946.794648417891 0.83117198737568 0.12300296812004145
6950.427284140853 0.5808156718426755 0.11765727017198492
6954.060191439852 0.4048975418420955 0.11540279751058939
6957.693406222387 0.7298338441494656 0.11629819289696479
6961.32687331578 0.7186677280105082 0.11448857611269189
6964.960588524101 0.3592048932047904 0.11079509584599512
6968.594599297744 0.6090291282108464 0.11301148429938099
6972.228762238069 0.7065276648972827 0.11754309828223329
6975.863458847808 0.538531846827956 0.11560802247707684
6979.498278173473 0.5234319092708879 0.11406896283895729
6983.133400586468 0.7393641622537357 0.11659163963293852
6986.768767346775 0.6196265323920904 0.11382558080985584
6990.404423434224 0.6769971992547725 0.11171036266293537
6994.040304369749 0.415939466115101 0.10892689598768071
6997.676500831684 0.4385636058234291 0.11017754775451027
7001.312959776666 0.5671150666586704 0.11012839845645003
7004.949685760805 0.601181697771158 0.11166140498962975
7008.586665890658 0.41908574092296735 0.10924020829092333
7012.224615466196 0.5455373405313126 0.1107987811327281
7015.8614787782435 0.6922115616327634 0.11241096830666537
7019.498981695194 0.7361237936893491 0.11002381022898053
7023.137349519178 0.5542407167520141 0.10838254008396558
7026.775690866453 0.48905174055182365 0.10816564692139728
7030.413828762507 0.43158484015893844 0.10651921574182346
7034.053185096195 0.6831125989675013 0.10986747465536288
7037.692329896076 0.7018060326068846 0.11109835197782544
7041.331736287077 0.5291996664356353 0.10975946765440642
7044.971417556735 0.6916276735777303 0.11361484126033954
7048.61137011044 0.6011901513200372 0.11227897667533646
7052.251586355132 0.7367411340320844 0.11370376183973498
7055.892079389065 0.7320817905438332 0.11410742101807725
7059.532810187489 0.6315503643736681 0.11106008005928433
7063.173846288027 0.6683834200144273 0.11091566096736469
7066.815137672801 1.0350583815876278 0.1156677017842016
7070.456700104952 0.9333836464190213 0.11441429504045318
7074.0984886457645 0.8614024431391926 0.11422526203672136
7077.740599284695 1.428660165933494 0.12034312727475248
7081.38293094855 1.2018752497396967 0.11879225594083233
7085.025569030305 1.252768723785218 0.11816102310895636
7088.668421050228 1.1905817943482784 0.11815359352495608
7092.315617189863 1.7657631309030937 0.1473453048462074
7095.957957276079 1.233708223974607 0.1662643280736933
7099.601594846195 2.4804486117035403 0.17276286561384224
7103.240292550071 1.5085207694289666 0.14433560502303092
7106.8817685483555 1.408278704894242 0.14457175282594137
7110.527498586552 1.519524955558681 0.12509988164518074
7114.172239038165 1.2728849793966022 0.12168401708008289
7117.820978251955 1.1529408305341506 0.11368889980622511
7121.466076544116 1.4363214105870399 0.11734883623173943
7125.111761031358 1.3152179888461042 0.11650060339668201
7128.757708839476 1.3482626899827919 0.11567443519734306
7132.403743678994 1.0433683126940787 0.11228164553456728
7136.050041862894 1.1622291392202124 0.11315480009502937
7139.696486496669 1.1322776608908935 0.11514769508466143
7143.343193659144 1.0502398929499075 0.11379960663152976
7146.990391728448 1.1612370135600676 0.11578797123244083
7150.637741299331 1.1444788069278788 0.1157692990533001
7154.285388329883 1.3407881965952149 0.11615910212230704
7157.933063387 1.4094702234598704 0.115536071174298
7161.581444260617 1.7658792961610081 0.12015795406866348
7165.229863802945 2.065250820265885 0.12314414405985145
7168.878556321861 2.3746893487206124 0.12659450399278174
7172.52751035583 2.8273557668839775 0.13049817443044087
7176.176630053285 3.1398789354080754 0.1329931887732864
7179.826090352327 3.3035509207129614 0.13457385885260137
7183.475930556683 3.9001558641586436 0.13945141296433639
7187.125897938704 3.6772932139839103 0.13670570556286774
7190.776144945334 3.7908494500365375 0.1378026980377781
7194.426610293313 3.3139617627643485 0.13382441056679195
7198.07738138625 3.4203470036178603 0.13447112989773255
7201.7284090881485 3.435656854796621 0.13396896008294004
7205.379652646211 2.9380053234753776 0.12967101915084253
7209.031198262326 2.83811461814713 0.12844099915072987
7212.682980534366 2.821914247328237 0.1289721673770127
7216.335031768967 2.5004808954514925 0.12616262381725987
7219.987324874439 2.485810916244456 0.1260209743668921
7223.639920087787 2.249247761947905 0.12300031826476575
7227.292722457736 1.9093791739093193 0.11964377518029387
7230.945814073453 1.917515697936468 0.12353359102062629
7234.599191713626 1.6440528016797389 0.1309352186389269
7238.2527257389975 1.2475491605473632 0.13561681760607006
7241.906580321434 1.1267770066452227 0.13790656695917236
7245.56073340603 1.3361483883846625 0.14096361164296395
7249.21464313253 1.3270895989226215 0.13560598272469454
7252.869808101041 1.279213120551729 0.12570036294482764
7256.524697155253 0.9188004218601413 0.11198312782501561
7260.179965254029 1.25632403495339 0.11424485660293028
7263.835322698167 1.1906498488211272 0.11170525399816637
7267.490913911393 0.8671480129431465 0.11426501072012192
7271.146895627416 0.6893051931183214 0.12533779327561603
7274.803111241716 0.8405858101934969 0.1289769174705853
7278.45957308574 0.9154699178658778 0.13432431296390301
7282.11629602652 0.705041833573816 0.13051037735813267
7285.773497023765 0.8391348575569374 0.11900682173656345
7289.43055292104 1.1234275500570514 0.11944034930572965
7293.088057324323 1.3403454313373058 0.1191776603495166
7296.745859381773 1.6801165281145456 0.12032181615854015
7300.403854865781 2.310346238259474 0.12905866011358513
7304.0622015222725 3.0669913481524076 0.1352552525970355
7307.720726950657 3.8798027371944284 0.14805723918511515
7311.379555409345 5.187558690099004 0.1641845626243759
7315.038640403286 6.239954562994447 0.1693889128015435
7318.6982990603665 7.176277858476117 0.1760883909095089
7322.357535437108 8.414323266217822 0.1898223903763137
7326.017419882716 8.80604859086621 0.18450768246906316
7329.677485127625 8.903363475197336 0.18372028038693733
7333.337760639952 8.487787130069893 0.18952587132412843
7336.9983260857225 8.076930269744533 0.1883801297898289
7340.659193016535 7.955093107770824 0.18465726527284132
7344.320161076648 7.886638690285223 0.18399024352735285
7347.98167525659 8.277882550551476 0.1851899576313755
7351.643305455287 8.33202258830806 0.17991918080728406
7355.3051989712585 8.496356182049654 0.1809764278245168
7358.967293968942 7.809613160199031 0.17608178172267552
7362.629638715847 7.676475867412779 0.18290373286700248
7366.292256693774 6.675077556234316 0.17555420051622425
7369.955154482694 5.974330631846417 0.16668813515737474
7373.618283778366 5.337753251118534 0.161797242902665
7377.281712472528 4.753234842520112 0.15232521818472608
7380.945370456413 4.618995840135657 0.1439162310858057
7384.609320659629 4.761931592042014 0.1479164029161919
7388.273504818994 4.9650598863069595 0.15025861824739145
7391.937979152937 5.21594669207316 0.1530049380899424
7395.6027442175755 5.678382642265599 0.1618390544109392
7399.267601955209 5.774747920110679 0.16358407118477875
7402.9303765549785 6.045465695655088 0.19422261982956218
7402.93894215868 5.937637021831087 0.29581767646698376
7406.598322881007 6.5899458109975475 0.16640050491760675
7410.264020883058 6.481933061576423 0.16212796718293931
7413.930072131182 6.602173574520354 0.15991765038730665
7417.596289942074 6.236306071480558 0.15730253374645436
7421.262772451158 5.848574276193094 0.15473012641422826
7424.929493160077 5.302752351763104 0.15157432848580196
7428.5964548528 5.104847788343724 0.149893227657161
7432.263673402402 4.754634210431768 0.14948843233662001
7435.931130735251 4.442435961284755 0.14695896023629212
7439.598988078379 4.432866470135306 0.14527742782718828
7443.267054169666 4.2077167515017395 0.1434538345750772
7446.935356636582 4.2588712955199615 0.14110465277976958
7450.603908669141 3.831763417108383 0.13512881805129892
7454.272689946206 3.60601070839209 0.13314545613591977
7457.941770446324 3.8051484571551173 0.13571926072412915
7461.61100983907 3.2939228289175446 0.13262030431560212
7465.280608563476 3.0347698732715327 0.13181880648126704
7468.950433272581 2.9491083664366613 0.1313140945587592
7472.620520769457 2.9073777164969603 0.13319477485043665
7476.290830077235 2.568136735867532 0.13180971007180883
7479.961451651196 2.4316483519454875 0.12859673719909223
7483.632288943409 2.119045560803267 0.12387345933787644
7487.303434805882 2.3105785868680497 0.12435692455315488
7490.974800810611 2.1217077123115544 0.12058194068021429
7494.646444553096 2.0188326725165617 0.11730705238056867
7498.318308860617 1.786034164789164 0.11400715063165387
7501.990462161824 1.5744865064834093 0.11087510071904107
7505.662844192171 1.4858424927331775 0.10905862957429636
7509.335529973527 1.5665798356796716 0.11108042958912191
7513.008409754853 1.279567342422357 0.10941747699748836
7516.681579924071 1.2272334863343073 0.11585233247364733
7520.354981678025 1.137025368497278 0.11781424428030804
7524.028701095084 1.1316151383665418 0.11946781861765475
7527.702645782629 1.128764203172117 0.11926767829687458
7531.376739782545 0.7366432527244844 0.11146248054575118
7535.051343215215 0.8847508914945241 0.1063020012565805
7538.726070255409 0.7826739968189358 0.10231764068284606
7542.400384349032 0.44426879524581225 0.09659643431752889
7546.076301291985 0.7942401710076655 0.10044145911096754
7549.751774966707 0.7110240106653526 0.09903738927252274
7553.427566142077 0.8321344988384571 0.10106076169254999
7557.103553750673 0.6609192699566928 0.09897792997249352
7560.7798662044115 0.9275098606460238 0.10346245470907549
7564.456188064195 0.6356964807071183 0.10620431877879426
7568.133156179318 0.5460161659656426 0.10664422030234769
7571.805068773842 0.8310381772514255 0.175418619047123
7571.8133667435795 0.5259158805066125 0.13522328804963765
7575.487555016391 0.8584558368403764 0.1096967272632516
7579.1650994524925 0.5679970346303898 0.10560310262749421
7582.8428371442915 0.6825571786616643 0.10125675414902167
7586.521018740707 0.42905739773099544 0.0976002436824916
7590.199394755037 0.5863170901483282 0.09828707141534754
7593.878928893461 0.16099132367089888 0.08955216872130242
7597.556680477578 0.4266403750071405 0.08588712281350849
7601.235955870748 0.08910933718928772 0.07565152561910142
7604.915381238884 0.36811156758461877 0.0787960638737672
7608.595002956809 0.11060660652121378 0.07407841271018933
7612.274954297606 0.41123210363553697 0.08303764269540372
7615.955105718462 0.22113449271761215 0.08462428375797479
7619.635530411277 0.48517849098339855 0.09089035741043582
7623.316253399866 0.40801676831549033 0.09353514663422195
7626.997176578289 0.2665984114352453 0.0888616016618968
7630.678542865637 0.5480607133967813 0.09129738581579055
7634.359860409539 0.18925096279291292 0.08489324703854034
7638.041659470153 0.48648143209453554 0.0872939671987306
7641.7236082721 0.27222231864416124 0.08458350924296143
7645.405896108931 0.37581616874366003 0.08911924798027124
7649.088400109668 0.28631478657615755 0.08899692187888578
7652.771198190568 0.3808988538586792 0.09144871066291643
7656.454234513319 0.37615830442409887 0.09373464709257229
7660.1375802783405 0.6096163481933042 0.09800728349693336
7663.821127037906 0.48884986685626775 0.09485777031338889
7667.504971205411 0.5025362657502559 0.0959252363716407
7671.189049339799 0.3605381771349824 0.09323210161244845
7674.873420655409 0.2803521546172766 0.09191720290667438
7678.558045013953 0.5912715589790146 0.09816662958360999
7682.2429317494025 0.499902721438501 0.09823210147344665
7685.928076403208 0.6838986640913902 0.10145921491230314
7689.613509616028 0.6476101213544373 0.1012185336781018
7693.299154243441 0.5168684352339644 0.10151113778823107
7696.985296456789 0.6082782396247974 0.10162869932075275
7700.671198717284 0.44189519158686646 0.09767069859300356
7704.357780334506 0.8219945326980214 0.11337111690612894
7708.044492706257 0.8324511780618629 0.1270033281390578
7711.731486477965 0.7241349999518786 0.1348386494465498
7715.418739591601 0.6930295888573532 0.13617768490708468
7719.1062917259405 0.9314145337174671 0.1396220969922334
7722.794076034068 0.6387780467553484 0.12494329753965473
7726.482158893368 0.8670761391198689 0.11320033955753722
7730.17047210371 0.8057052932498489 0.11008798917970186
7733.859062923319 0.7153271806364834 0.10552707279612407
7737.54792636699 0.7997601312653193 0.103438113669266
7741.237138267171 1.089616289436991 0.11367173498813085
7744.926406253187 0.9529655920357166 0.12814791423938968
7748.6160514337635 0.7446830029558116 0.12649320963904356
7752.305959846848 0.8153076754968822 0.13181935980260726
7755.997131204127 0.6872965173085654 0.1310978110105426
7759.6866276092505 0.788253392900691 0.11499645651493685
7763.37736220487 0.7568515815892407 0.1090470339816672
7767.068312538348 0.5551154032014226 0.10790415792641718
7770.759609417959 0.7808419922908042 0.10523279901821088
7774.4512113504825 0.4803929893018181 0.10481235034014953
7778.142903140781 0.562317993140299 0.10653195282649616
7781.834937004718 0.5994377427824902 0.10652684785819848
7785.527295897082 0.9017420874703975 0.11684112089998067
7789.219853812778 0.6656197271938794 0.12085196351416039
7792.912752992573 0.8596379807967377 0.12041478157360834
7796.605844417965 0.5597655939186078 0.11820413547071475
7800.29928642798 0.8485449935225255 0.12224324337001632
7803.992931744614 0.4428944042565908 0.1077493267221273
7807.686782883572 0.6815154429119247 0.10622057570533402
7811.381097623575 0.7911478411301559 0.11378877510051774
7815.075588100502 0.8922043597493222 0.1295105377225372
7818.770329680774 0.6213789912568147 0.12380047172076847
7822.465359360506 0.6915945025905306 0.12323592574984059
7826.1606229427725 0.752150898708217 0.1234750742242371
7829.856212625779 0.43122952772501094 0.10578907434587814
7833.552066322115 0.792916100523858 0.10663224883057466
7837.248185836195 0.8258710578719973 0.10811938602414442
7840.94454845261 0.7053790486904677 0.10749941823358782
7844.641194507637 0.6598167289881247 0.12053873644924455
7848.338122357436 0.7192358307076854 0.13119512937325578
7852.035320941821 0.6588320753861207 0.13102148867614102
7855.732779506806 0.48206271747792473 0.1330915567019715
7859.430405481847 0.4010788548190408 0.12951012151470737
7863.128547540698 0.35638581519196105 0.12007242429299296
7866.826851907662 0.3559630471870715 0.1165102404357989
7870.525419078995 0.5113045818374401 0.11507432922984512
7874.2242754743265 0.6515049913882364 0.12127083894199847
7877.923389229344 0.5379040346823891 0.11722011703682149
7881.622322256482 0.48509958771633854 0.11774757616955636
7885.3224546510855 0.6637516576919166 0.12401753452465665
7889.0224051202795 0.5377936752146153 0.11705304868776614
7892.722598280367 0.39171450897170207 0.1126665848535416
7896.423121908463 0.4569088166382883 0.10997913061845177
7900.123896567779 0.4721684003942605 0.0985783518649215
7903.824929254373 0.42754379059289793 0.1039189472767443
7907.52623972122 0.4809273058281625 0.12577242895142723
7911.227860692266 0.6366853902463864 0.1313587775035376
7914.929717223089 0.3751837868789747 0.13663454237525155
7918.6319040693625 0.620886355425293 0.1388736632040926
7922.334335216479 0.49524278964975404 0.12393072457374496
7926.036811776166 0.3675702513898446 0.11803334409307394
7929.740046774308 0.3058374264826562 0.10933524311107633
7933.443268763811 0.3641687163671058 0.10397353669526811
7937.146863086443 0.29896365561284655 0.1050883983609367
7940.850788817986 0.44001306978456595 0.10145631380655339
7944.554847922478 0.641073488017568 0.10552814007813226
7948.259336429264 0.43484600510198856 0.10147400115801786
7951.963904458123 0.4697569747923606 0.10315999794912366
7955.6688898833045 0.6112122077641934 0.1121839716273271
7959.374083848414 0.36093604991087547 0.1167795563827661
7963.079660224195 0.7880498303359322 0.12122267687541566
7966.785407691432 0.3984210617579197 0.11858634772768199
7970.49149031764 0.658345293780551 0.12398039128252634
7974.197897555835 0.538183486752918 0.11351291271521381
7977.904542863574 0.33290601798338887 0.106130565598898
7981.611450708935 0.3438500530343488 0.10794885386377348
7985.318700654475 0.6461921971325688 0.1235437449665169
7989.026188919817 0.4946437397346415 0.12260115477977168
7992.733998244116 0.7319410684747583 0.12406932599435594
7996.442043345311 0.3925956763167583 0.12254531274108449
8000.150435260203 0.6003770283727515 0.11739377989360446
8003.859071354619 0.38248738642159036 0.09881131276955861
8007.568021545194 0.7712438201832145 0.1077199296030797
8011.27724347875 0.6580705544481162 0.10745573159965961
8014.986686056754 0.426690133175462 0.10599372718525926
8018.6967980275385 0.6143593298430183 0.12064839425667631
8022.406582929278 0.6983093117796468 0.12150750179716548
8026.116958057106 0.5992176167662056 0.11857467309733996
8029.827602717549 0.7309443639972163 0.11888327962865626
8033.53834322871 0.8703255432005532 0.11344067113437913
8037.249782038912 0.42581819969159856 0.09646153075627571
8040.961521294245 0.8613557724878178 0.10052210808448826
8044.673125698355 0.6304343687943282 0.10183858910019852
8048.3852613945655 0.8044481269633703 0.1039235981596344
8052.097610599332 0.6483325968368652 0.10343955270191803
8055.810293980846 0.6353863205832402 0.11021362192981171
8059.523276311799 0.7498563874098396 0.110660255228812
8063.236538316331 0.630631639077222 0.10686411427889002
8066.950114089939 0.6285335537241348 0.10698210959324947
8070.663974454177 0.6934958170221128 0.10212144602596612
8074.378065941407 0.4425283244190486 0.09590701703709217
8078.092422934698 0.9033744574176004 0.1015518116805835
8081.807188918864 0.40842562445995567 0.0964594869202587
8085.522302576805 0.7987845314878811 0.10287625114338204
8089.237563692346 0.75096974052615 0.10136790260394299
8092.953223982723 0.6032775117332916 0.1004826405065778
8096.668944376173 0.8443282002405187 0.10560764498517425
8100.385324821779 0.5639669864411442 0.10336868607555161
8104.101817352715 0.6165109706176662 0.1025484376507335
8107.818492932802 0.7480548657210409 0.10311971535952558
8111.535047835999 0.48030221853168276 0.0961900747083109
8115.252997448379 0.5334403183076667 0.09444099237741575
8118.970801646003 0.6303386603409398 0.09699334004591777
8122.688796649594 0.6213078221223788 0.09693611134711592
8126.407062063544 0.520441375749222 0.09629756681100102
8130.125675030515 0.625929170657087 0.09752903416579661
8133.8445287969635 0.5223704115431591 0.09740682348850468
8137.563712432053 0.41602601003233475 0.0966709514418242
8141.283217517004 0.6934131378875832 0.10136554151806029
8145.002903921048 0.8240447841768302 0.10176583811180988
8148.72307963107 0.4996623161286507 0.096156667651355
8152.443492518198 0.5385429806111389 0.09652485592085047
8156.164171282832 0.65248012462572 0.09623385190015749
8159.885252274704 0.9203237179550547 0.09924513817086955
8163.60646281122 0.5582042874822359 0.09429329539979561
8167.327820992412 0.660468652558736 0.09442319259194804
8171.049977585508 0.5576824501866968 0.09280917523131026
8174.772194842401 0.7196344713062163 0.09810216206531427
8178.495275444854 0.641898728240146 0.09604559635227816
8182.21751767161 0.666193191486331 0.09806416312049615
8185.940645952023 0.5807666176720567 0.09771861205217684
8189.664051406342 0.42145564136319 0.09642468081795458
8193.387796138697 0.6525565618353407 0.09933591601242134
8197.111846265763 0.4831987972824003 0.09745918797617277
8200.836226170573 0.7278713077177499 0.1006693990680737
8204.560898780443 0.6750708805479588 0.09817419919231918
8208.285591830247 0.5105088012158994 0.09542516259116733
8212.010969188723 0.5458276774716371 0.09546387462505462
8215.736643038636 0.4433880756070564 0.0945598724296281
8219.462652828086 0.8208662095942147 0.09909231104666823
8223.18865649326 0.48333095476212584 0.09219094370345524
8226.91537547296 0.7306991241261901 0.09555302794074591
8230.643203778718 0.4120271074775906 0.09255491157215887
8234.369308446096 0.4122945126277427 0.09194251309328925
8238.096812002459 0.5774214406987858 0.0957385916826742
8241.823870084905 0.5353561090692143 0.09494518903427097
8245.55279287799 0.7132824859465456 0.09812871618559266
8249.280446232107 0.5659071420111333 0.0978246526433562
8253.00964453273 0.9318949506911077 0.10083595781905778
8256.738793559949 0.4497714365724966 0.09405782227395322
8260.46815797262 0.5938819065267726 0.09588348793372645
8264.19785302635 0.7321992636676529 0.09691485197406247
8267.92779802416 0.5962128234074588 0.09559065308671018
8271.658104114844 0.8285815260256191 0.10711569723427573
8275.387801602064 0.9521676851194864 0.11921882967085094
8279.119615839882 0.6979174682584905 0.1256613302375297
8282.85083986868 0.4194560226841303 0.13428621094630605
8286.582460004272 0.5941193289599778 0.13575147414380936
8290.314323771361 0.7912865139472469 0.14047037593808034
8294.046543613149 0.6374297303484775 0.14211999451428528
8297.77909606531 0.8240038266414934 0.1322745487579065
8301.511546795264 0.5195320264570727 0.1264880225790079
8305.245119831936 0.5742765230210788 0.12539469059783073
8308.978663991864 0.8450906495505033 0.11155149185452073
8312.712427623772 0.38598652272423734 0.104352333094462
8316.44572168088 0.8110657251440061 0.10880006845864347
8320.181089541058 0.5622246162902637 0.09861628018726318
8323.91589552229 0.6048127368116448 0.09634603963410365
8327.650922677407 0.5618670261735268 0.09614776882692476
8331.38645936707 0.6462922565050502 0.09887363743576376
8335.122200516602 0.9750869473503594 0.12051790614351053
8338.858290855522 0.8004963116348737 0.14921535922318765
8342.594635189558 0.5283741123689689 0.14995181735256197
8346.331457013153 0.7974962013296067 0.16325273616046934
8350.068567461982 0.8579702944638173 0.16246968433307468
8353.806017327137 0.8384292440596696 0.13381516805954108
8357.543493404228 1.0263435775652316 0.12722730880215732
8361.281849367171 0.8105889313920159 0.11725138369187602
8365.020236858354 0.900564837000258 0.11119738557766512
8368.758955694648 0.5856236129887352 0.11089604541036245
8372.498056054505 0.8012720829162848 0.10948294303384794
8376.237457461168 0.7047648713929339 0.11324229710555596
8379.97715878332 0.5910534109680456 0.11226415949233415
8383.717277870403 0.8977153628898971 0.11721009733101768
8387.457487635042 0.7091884498319756 0.1147650814162968
8391.198383151728 0.7567946742235399 0.128644231282096
8394.939650837376 0.9773936733531488 0.14047436282138656
8398.680887756665 0.9623124621620883 0.14108195220466976
8402.422613471692 0.6782087865107441 0.13924327646579157
8406.165314655294 0.7761217320243454 0.1352822015033539
8409.907166707464 0.8208824297913421 0.1202501515713242
8413.649910747825 0.5356890737670073 0.11452133567788736
8417.393033083385 0.9638674086720818 0.12205454616819687
8421.13644756784 0.7800080284487619 0.132110110721197
8424.880207390539 0.6197824486466655 0.14721224507135205
8428.624362874902 0.710910871589745 0.14413838512871435
8432.3687876351 0.4589837963532802 0.14388332230418605
8436.113658814018 0.8010321479794403 0.14250820569453193
8439.858800348502 0.47098842512448225 0.1098959763665489
8443.604334666643 0.7273336271920317 0.10637792185705798
8447.349899128332 0.48420489926069066 0.11150235234606208
8451.09631979188 0.6374912513589108 0.11401905411526954
8454.84030100256 0.6236976252606411 0.1381966200484802
8454.849390007821 0.3877878295324448 0.2274388540847089
8458.589693930315 0.5632221713727155 0.13844355789680868
8462.336925459887 0.5278607676288694 0.13626740146604144
8466.084256984443 0.6150819941471861 0.13169180095212463
8469.83241199996 0.4560198157998711 0.13370266796952004
8473.58073566593 0.7681766832585899 0.12082569753011277
8477.329424315707 0.7529651935827775 0.10301358817731278
8481.078061119537 0.4259076261969788 0.0961547929638586
8484.827589883233 0.37298963301449783 0.10061218425288088
8488.577256493023 0.4935201677104026 0.10826789257617749
8492.327277869379 0.37825939643855067 0.10804891180008519
8496.077645386893 0.6623769402321983 0.11877380573673417
8499.828744575074 0.7100552041201705 0.12982342983254344
8503.579445719075 0.4770492712382906 0.12113092432540581
8507.330889900493 0.5692116143342971 0.1214842836189758
8511.082672729395 0.4825921305629367 0.11823122786570178
8514.834884500367 0.7256616085842883 0.10673696694314
8518.58733046338 0.4234580286345877 0.09741867742965081
8522.340255967387 1.016007776108612 0.10719749088390816
8526.092853182334 0.8662598721369676 0.1066667390052049
8529.845929573312 0.636423944119128 0.10388023556393473
8533.60094370954 0.7568452393261087 0.10774169873152448
8537.355241148332 0.809717042986382 0.1077836511048836
8541.109868109532 0.7533666466096124 0.11191074690217705
8544.864909825945 1.1052166711225242 0.12052806860356668
8548.62175231301 0.8798768741187356 0.11346377837762758
8552.375985887558 0.7287380985025717 0.1135949327867521
8556.132156126705 1.181780373321665 0.11646983300310948
8559.888612707913 1.001193965892097 0.10724755727656575
8563.644489829712 0.8890372935780368 0.10731798693458718
8567.40264181923 1.1859471095310283 0.11153405170292757
8571.16019586913 1.124504874297454 0.11104649499422861
8574.918117382116 1.212297291128305 0.11288284100042409
8578.676467070207 1.525870534687228 0.11737783178023754
8582.435055305488 1.5244172635502364 0.11799712823088195
8586.19416934303 1.4734854858451258 0.12324769358537735
8589.953533237858 1.6679764678747777 0.12298098027410144
8593.71325762168 1.268073188659059 0.11903099668912283
8597.47339393039 1.3224692438733248 0.11986392894862465
8601.233956663034 1.6063235006014158 0.12390855278581055
8604.994750806289 1.2393564606144727 0.12442765868234767
8608.755718403141 1.4760938887365718 0.13447613227504687
8612.517611006047 1.5548775314131031 0.1517127426018314
8616.27957240766 1.111398024792423 0.16682598863895456
8620.041940813273 1.3718507080552786 0.18770404872392357
8623.804697611458 1.4420721705695663 0.20287691985688439
8627.567211404576 1.1086121884388895 0.2108302308637576
8631.331336364068 1.2769169569713092 0.20544399811563377
8635.0952201882 1.0636613790126153 0.1921061919692862
8638.859495750348 1.0640592315888553 0.17603602731366214
8642.624134119269 0.9429995907310968 0.16485212499019616
8646.389166805377 1.1679730970566138 0.1672157297700239
8650.154565593255 1.3587745118087164 0.17892575125168333
8653.920340901883 1.2644568131837792 0.1927903543363285
8657.686497803115 1.0781202302313027 0.20189931550102064
8661.453069677922 1.404644892562537 0.2075823728852891
8665.219995695483 0.9437720365789861 0.20213557349189643
8668.98731152312 0.824423573931464 0.1954548233946374
8672.755042219893 1.085076424383665 0.18704548286012443
8676.523151618432 1.231393194238604 0.17788793339714049
8680.291644606466 1.1821229406601208 0.1671196562375804
8684.060526479958 1.3884854402985578 0.15855735542078994
8687.829803954106 1.4135944984329174 0.15115254349778942
8691.599440750568 1.2568748406801058 0.1410766259747541
8695.369505677872 1.7248233516631342 0.14138313571537192
8699.139952429327 1.646273237507564 0.13709021663735188
8702.910764164331 1.458682967741761 0.13173498679829454
8706.681993326789 1.6356668959057807 0.1314239859896108
8710.453612399282 1.5052376287658775 0.12513327883744055
8714.225607436427 1.6724544563738029 0.12628796176082746
8717.99727910665 1.5919714613548688 0.12449791184661868
8721.770774266139 1.5277135588568644 0.12395866642053166
8725.543975990797 1.4790985454873091 0.12344687117513864
8729.317488513858 1.2083746999101364 0.11995496529475734
8733.091744631594 1.3686208807902078 0.12130660394263044
8736.865872271695 1.4758490253102898 0.12454179365803941
8740.640690988004 1.5392334074440783 0.1251558418500672
8744.416322411556 1.3822693736038623 0.12444210120079989
8748.191403723262 1.2401741270699365 0.12344095485428223
8751.967304190259 1.182147190768149 0.13160980408547335
8755.74358042974 1.3198163005614292 0.15663772239205748
8759.519907066491 1.200025669120378 0.17399475589401348
8763.297626815947 1.069402420823214 0.19394825032644242
8767.0752011189 0.791030690144591 0.1953247211104956
8770.853232658248 1.3122054369123235 0.20251844562310845
8774.631629325035 0.981340384637209 0.20174546448998387
8778.410474307717 0.8502326078846845 0.1778882583045324
8782.18983641636 0.6853838032750025 0.16799393645556435
8785.969360050121 1.1173931968869202 0.17084008714157795
8789.749391813788 0.7408007730040528 0.14045758925325258
8793.52982023786 1.0032210774853496 0.13528254304007162
8797.310714861453 0.7494102308559855 0.13265026302517
8801.092046208563 0.7288962998217573 0.12164566882180296
8804.873706793767 0.7271600410905145 0.11676842382689354
8808.655901313936 0.8390804412943239 0.11913443789632105
8812.438248964492 0.5451931837228943 0.11623938341995839
8816.221262332649 0.6753223477451532 0.12290119373923002
8820.004551039683 0.8726658439094298 0.16516470357983373
8823.78834786437 0.9702263835709305 0.2060824888515185
8827.572032617276 0.7075652256827575 0.2084152612095334
8831.35712741427 0.5979916759259528 0.22691608013812356
8835.14219338953 0.5873943690856813 0.21796034942439527
8838.927667547881 0.6391302502191236 0.17242050979785953
8842.713510583322 0.4372698747803912 0.15764078645795387
8846.4998742659 0.8317192670417013 0.15014784789756103
8850.286599027972 0.8555747133736223 0.13356754448555938
8854.073701672023 0.4566528695404256 0.128574277505897
8857.86434343074 0.46290760242569895 0.1348502625140153
8861.653092889059 0.8248723649201417 0.14486732904981178
8865.43501373622 1.180707103668203 0.18035501379484406
8869.230366004731 0.747436024149122 0.15564009718642058
8873.015816612267 0.6697608483823089 0.14666075253598845
8876.805564803844 0.8155688283228459 0.14496261182935816
8880.595642962122 0.8969178571900039 0.17467132867928817
8884.386241463546 0.5965076722259661 0.18458347745230624
8888.177201349068 0.5647295087862683 0.184969873520746
8891.968682790999 0.7512621945814513 0.18907184840181002
8895.760551104966 0.6168505451665942 0.17108387468050862
8899.552882498218 0.5847748618956778 0.15402943443143932
8903.345558399105 0.3942334485491198 0.15000755279971975
8907.13879053316 0.8035622279690411 0.15847706759797983
8910.93236811927 0.7737783307576085 0.16187788198660358
8914.726440980834 0.7793267643759001 0.19275834773598918
8918.52092572278 0.8754029773022823 0.20031859148019435
8922.315868619577 0.6344019774604633 0.19796227571119723
8926.111245452601 0.9201155180258743 0.20135392305386854
8929.90714937043 0.9399854614592184 0.17526603377635877
8933.703390515748 1.065836609444256 0.13760123534334173
8937.500118215301 1.1313151349781159 0.14630308069531178
8941.29711493326 0.792336856425545 0.15635381218730293
8945.094864169194 1.2128466678347878 0.15941575156817794
8948.892787133818 0.6097813646840867 0.15619551625915257
8952.691317299936 0.9856229056672959 0.18286476013674413
8956.490209152606 0.3283643207207977 0.1827637445514588
8960.289511359613 0.8836125215228721 0.1839703662571019
8964.089453996825 0.7222582548445724 0.18756611181591806
8967.88980747845 0.7080832127541443 0.16854443240144484
8971.69063511857 0.7892152134900227 0.1317146970321455
8975.49175957319 0.518315154451821 0.12360269374101379
8979.293371505806 0.6574077188801994 0.12895073674501245
8983.095485546146 0.6236492582510802 0.13763112342489153
8986.897622735916 0.511731067022908 0.14443681054699423
8990.701049115682 0.5197601446146203 0.1439393872115223
8994.50448288812 0.6578583433202031 0.15422395043082118
8998.308446518542 0.6663493984388225 0.17274839540787204
9002.112194928211 0.09095768572130554 0.16133142696592387
9005.91767390561 0.5318079273234771 0.16303376186793245
9009.72298959244 0.6405979245392348 0.15923166425724702
9013.528946153154 0.9318407093533144 0.13832578100550477
9017.335043187142 0.4557808196487602 0.12112084966008423
9021.141755731089 0.5444040848428998 0.12179946106330479
9024.94894544832 0.6986185623740446 0.12470332010949466
9028.75641325065 0.19618170328586387 0.1175643304418928
9032.564636487197 0.6682304153138096 0.13244594667311557
9036.373262720084 0.7607333900660941 0.14007699960529146
9040.182247668328 0.4896669043412135 0.13750209722360526
9043.991880979263 0.8925876051388516 0.15345669541302354
9047.80176127732 0.857280846272894 0.16149165584177716
9051.612223448485 0.6402582837174146 0.15301934751455726
9055.423130509615 0.6718198310617696 0.15283674463566804
9059.234563362326 0.5627195724274194 0.1454779769303111
9063.046419367518 0.4630270761317266 0.13176828990046527
9066.858893817129 0.667274221872112 0.13082365699360726
9070.671607242966 0.7367299389273676 0.1304472782082277
9074.48600561825 1.1519160212444886 0.14163362300974267
9078.298747761419 0.7881286556719671 0.1317534002330837
9082.113003638407 0.5547709372339333 0.1274108254772681
9085.927646067092 0.5550883486764339 0.1271564889066643
9089.74297749552 0.6730272184997653 0.1351240974184085
9093.558651489862 0.48687618493718027 0.1335714252974039
9097.37494446523 0.8800218660546544 0.14357376658468354
9101.191564138886 0.6136592601757866 0.14536562913354156
9105.008777188896 0.938465405405486 0.14711139176860316
9108.826394462816 0.6760888812913601 0.14096049583399667
9112.644560961578 0.7433317862812895 0.14044626952021746
9116.463212391704 0.7143329647936025 0.13726164443352917
9120.282136474943 0.5334654182742464 0.13047410337142284
9124.101794167062 0.4885373194015838 0.12831634523627775
9127.922071472236 0.8558396747751401 0.13284894093672228
9131.742659963804 1.0367329184422984 0.13852992542858442
9135.563763801209 0.8188753098643201 0.1350304590613252
9139.38525246631 0.8151837819936679 0.13585166841640176
9143.207456724556 1.1465627803945801 0.14324607054963195
9147.030007707275 1.037824448437071 0.14120775162070887
9150.85313874906 0.7823030737174932 0.1398806945904814
9154.676413087676 0.4372267342906385 0.13892670904128304
9158.499843724283 1.1819200571301542 0.15718526410886377
9162.324222002853 0.8274770008546033 0.15392769393333153
9166.150410055856 0.830319723437338 0.14656362516505628
9169.97592917922 0.8965395451936131 0.1465869138421442
9173.802078788116 0.4487265513830419 0.13687097275999108
9177.627968967636 0.33574816900267523 0.1337006405870635
9181.455795172225 0.8184888553233762 0.13904877137815827
9185.283384780669 0.7640765288129333 0.1381848085530879
9189.111516115327 0.5110905155411571 0.13528178924665366
9192.940120221963 0.7703109966004636 0.13982439383263529
9196.769797947638 0.8302317026659166 0.14048549669851054
9200.59891910353 0.5380938026238394 0.13599675363508865
9204.428928858235 0.785174374758936 0.13974051801971754
9208.259756905818 0.600913281352693 0.13636105665025752
9212.090958413028 0.888184055625204 0.1453575819497517
9215.922710624183 0.6581527895344891 0.1456678225842014
9219.754908312609 0.8663548815504574 0.1482443031143848
9223.587665218447 0.5240606564425367 0.1482386316772784
9227.420069798407 0.8913299414040513 0.15581650088226004
9231.254546395481 0.7702562038963359 0.1518395893459759
9235.089128623627 0.9288976589075552 0.15331781301273897
9238.92385766354 0.3259776211609907 0.14119295669989423
9242.760360923989 0.6977300922457939 0.14347749425813588
9246.595218244896 1.0316991947834284 0.1503221299492419
9250.431642958525 1.1433355776134138 0.15452209720592056
9254.268554178174 1.0551893487186628 0.15462264477536844
9258.106252870642 0.822665604143027 0.15179693941944872
9261.943991917595 0.8963100644052653 0.15235463333486177
9265.782477349983 1.2018670825309616 0.1556355268326743
9269.621575919024 0.6935826676157459 0.14734006589895987
9273.461249907388 1.0337129615879306 0.15069328912844038
9277.300426600807 1.0046217700031346 0.15051549221076616
9281.141734215655 0.779018248229694 0.14453666165165555
9284.983018522722 1.2455265935364226 0.15897967001197147
9288.824929223063 1.0067389348450897 0.15589475433482572
9292.667103919444 0.6750415087188915 0.15516271457463374
9296.509901496858 1.0601934309622947 0.16433234538311242
9300.353335037766 1.2868201358332678 0.17152622305011161
9304.197520643704 1.1339719246657618 0.19236214700064155
9308.04153663837 0.6768361684506651 0.23197825629636643
9311.886844361206 1.0097786808109996 0.2923478113312656
9315.732056843097 0.6988922654170173 0.29996524272916797
9319.578093479528 -0.42989462158718555 0.29373873760668595
9323.424745437685 0.29040402580221963 0.30037148123536633
9327.271964836355 1.0289640629725498 0.2821645168563359
9331.119641706979 0.3310515682070607 0.23794804537509986
9334.967950151407 0.8121986119812852 0.232511212075581
9338.816811040888 0.7035793405280796 0.20747266732893754
9342.66628769848 0.4486075575733642 0.17382922815850993
9346.516098578766 0.5769759709970661 0.17430653022936943
9350.366510316 0.32160025934331865 0.17140102002245525
9354.217626729298 0.3921770479209904 0.15529103152703919
9358.069163077189 0.6244089590714361 0.1578637887034782
9361.921512946406 0.7222310511275374 0.1610810130006877
9365.773993099554 0.7398812884704755 0.16042065225667768
9369.627383562924 0.8751344354961526 0.17679235179007713
9373.481105935032 1.0383855509776072 0.23255203174288386
9377.335541138616 1.3520438029646125 0.31648650116887095
9381.190489755889 0.8322378900929644 0.3199717436394507
9385.04600788183 0.3900870757576623 0.3192749153640779
9388.90213077217 0.22472953877032623 0.2949158397596205
9392.758631032522 0.41309719071140655 0.21568766847219636
9396.616053944634 0.44126725879458123 0.17143211332267938
9400.473861060098 0.6633524345387891 0.1862291340994275
9404.33225868221 0.6880536732852197 0.19738047978197823
9408.1912116008 0.6298988972431838 0.19645790549845407
9412.050665489152 0.3008078158724138 0.1890966938148105
9415.910786552946 0.21667286986162454 0.18503161571949645
9419.771488856572 0.6916758974893327 0.19896496097528368
9423.632679411616 0.011924233037636725 0.208436364173224
9427.494120104644 0.008699446063179028 0.21192112887788717
9431.35698203546 0.27833264364401333 0.20625190362995227
9435.219881457484 0.09956796710973803 0.20024421784780058
9439.083630236823 0.6718267047935188 0.22938179625005325
9442.947960277932 0.9116440666613669 0.27772108845015697
9446.812449640445 0.6394725324118876 0.28178590068827236
9450.678322156931 0.7150943480425217 0.2841624822898061
9454.54374195083 0.5952626635359398 0.264359804436815
9458.410731262538 0.594236943517728 0.22587388492007004
9462.277775780602 0.14730324429501745 0.22747626571236598
9466.145425211094 0.4327595762997121 0.23252548220684627
9470.013759788615 0.16881264878194632 0.22374612491176984
9473.882500580996 -0.041684563343117806 0.21521005832500242
9477.751825851597 0.9202091028322589 0.26316354794524344
9481.621627857876 0.0805871424742826 0.283284335236773
9485.492338194574 0.33916808720246205 0.2846760885041705
9489.363605937031 0.820272227067446 0.2918447506591539
9493.235101844446 0.7935422500607567 0.25824309840230036
9497.106996618677 0.39129216549866586 0.1897740370908782
9500.981007369097 0.7218732822414294 0.18898072945444916
9504.854224815454 0.8331522649399068 0.2278846996317869
9508.728981183365 0.9223437734784627 0.24149829808775566
9512.603560386604 0.4175881529558893 0.23248082699253472
9516.479274382587 0.268399314552141 0.23749576161975508
9520.355264819884 0.19504056445235082 0.24126172286470385
9524.232063992375 0.33210439870475894 0.24984998931902194
9528.108986296604 0.47515337578029326 0.24779699459663895
9531.98733576643 0.5634473433180733 0.25075079532369793
9535.865756775722 -0.14419225450330775 0.2245056098900099
9539.745066512254 0.45610590856976274 0.20238809311063358
9543.624865618141 0.6628449821362609 0.20346779501283918
9547.50514704017 0.0012810031599451645 0.185152612074533
9551.385672782322 0.3429152226292999 0.19245803002154444
9555.267618806693 0.39852872072240014 0.22051816097990373
9559.150259873923 0.2725262218065913 0.2253251934663828
9563.032673235548 0.7668632320643475 0.24247465451018355
9566.916206677319 -0.04738717237094814 0.24046912201155426
9570.800447929612 0.40318810670320715 0.27955756730795994
9574.685710218419 -0.2072474516030623 0.274236399928166
9578.57056355156 0.9465059047103137 0.2823425038633509
9582.456683860539 0.7407455752807721 0.2775574005706298
9586.343217555655 0.4568937664842728 0.2410087727848632
9590.232135488 0.1993577492669004 0.19450156774674549
9594.118361953166 0.9781898687130327 0.20663148804900977
9598.007183468484 0.07180144665967898 0.19420771831533123
9601.896047459111 1.0248690221656696 0.20441362299480523
9605.785702732874 1.105845161686369 0.20730675510500732
9609.676674860337 1.0462287886230217 0.21437423362744448
9613.567203747343 0.5979878852545673 0.22607690407282519
9617.458984141113 0.7524142557322901 0.2320564968071683
9621.35040949655 0.2395879198535577 0.22840507639306815
9625.244193710781 0.45506698964912323 0.25019234011043306
9629.13799188643 -0.024766761817007887 0.2371089823077241
9633.03198190037 0.0921725483889392 0.23321099444007115
9636.919858286636 0.35816463821226396 0.36629506752783664
9636.93327176115 0.010325195726353667 0.30883140800788655
9640.822720750064 0.5693146031987193 0.22702712006953443
9644.71882998269 0.5307349118444256 0.21208540421692573
9648.615800361189 0.22175383940461948 0.21572335061047315
9652.513263398196 0.42031662156050115 0.20962424890808587
9656.411502760564 0.7054514475152414 0.22461558751282157
9660.309929858657 -0.01410087163941874 0.21526653348647187
9664.209661727367 0.7871506248499622 0.2146386542460406
9668.109960576461 0.6508670089729787 0.23250748815680466
9672.010711452014 0.559777885152044 0.24710112334826095
9675.912148817586 1.1273964495203213 0.253675021902082
