3520.38647461 -1.11919e-21
3523.87976861 -1.84665e-21
3527.37306261 -4.493e-21
3530.86635661 -5.9762e-22
3534.35965061 -3.0535e-22
3537.85294461 -3.04689e-21
3541.34623861 -2.71499e-21
3544.83953261 -3.08773e-21
3548.33282661 9.36665e-22
3551.82612062 -2.63557e-21
3555.31941462 -1.67679e-21
3558.81270862 -9.02893e-22
3562.30600262 3.15443e-23
3565.79929662 -2.21832e-21
3569.29259062 -3.33835e-22
3572.78588462 -1.35381e-21
3576.27917862 -7.48364e-22
3579.77247262 -3.13379e-22
3583.26576662 -3.42391e-22
3586.75906062 -1.23706e-21
3590.25235462 -2.77193e-22
3593.74564862 1.04019e-21
3597.23894262 4.00204e-23
3600.73223662 -9.67994e-22
3604.22553062 1.29123e-22
3607.71882463 -1.07661e-22
3611.21211863 -8.92056e-22
3614.70541263 -3.10165e-22
3618.19870663 2.16399e-22
3621.69200063 5.08568e-22
3625.18529463 1.05494e-21
3628.67858863 -3.76357e-22
3632.17188263 2.7462e-22
3635.66517663 -8.18768e-22
3639.15847063 1.05625e-21
3642.65176463 2.89173e-22
3646.14505863 -1.2427e-21
3649.63835263 -4.87132e-22
3653.13164663 8.21492e-22
3656.62494063 -6.17138e-22
3660.11823463 -4.97801e-22
3663.61152864 1.20435e-22
3667.10482264 -3.51401e-22
3670.59811664 -3.76166e-22
3674.09141064 2.52774e-22
3677.58470464 -9.33193e-22
3681.07799864 -8.00932e-22
3684.57129264 -2.95493e-22
3688.06458664 -8.35693e-23
3691.55788064 -3.37323e-22
3695.05117464 -7.71424e-23
3698.54446864 4.73358e-22
3702.03776264 6.40897e-22
3705.53105664 -1.67505e-22
3709.02435064 6.9764e-22
3712.51764464 -1.98951e-22
3716.01093864 3.15435e-22
3719.50423265 -2.74927e-22
3722.99752665 -3.32262e-22
3726.49082065 3.08627e-22
3729.98411465 -3.95353e-22
3733.47740865 2.97458e-22
3736.97070265 8.90499e-22
3740.46399665 3.25456e-22
3743.95729065 -1.15868e-22
3747.45058465 4.78359e-23
3750.94387865 -1.77503e-22
3754.43717265 -3.16342e-22
3757.93046665 -2.24974e-22
3761.42376065 1.83549e-22
3764.91705465 2.32213e-22
3768.41034865 5.69468e-22
3771.90364265 3.09831e-22
3775.39693666 3.79232e-22
3778.89023066 -2.4174e-23
3782.38352466 4.36913e-22
3785.87681866 -9.36036e-25
3789.37011266 -2.52902e-22
3792.86340666 3.953e-22
3796.35670066 2.48325e-22
3799.84999466 1.25975e-22
3803.34328866 1.11321e-22
3806.83658266 7.14747e-23
3810.32987666 1.84641e-22
3813.82317066 4.94017e-22
3817.31646466 1.39851e-22
3820.80975866 7.61166e-23
3824.30305266 6.3429e-23
3827.79634666 -1.75232e-22
3831.28964067 6.92764e-23
3834.78293467 3.71495e-25
3838.27622867 3.816e-22
3841.76952267 2.45668e-22
3845.26281667 2.49504e-22
3848.75611067 9.45687e-23
3852.24940467 1.16587e-22
3855.74269867 5.60503e-22
3859.23599267 1.19863e-22
3862.72928667 5.56909e-22
3866.22258067 3.32556e-22
3869.71587467 -2.23668e-23
3873.20916867 3.98822e-22
3876.70246267 3.44072e-22
3880.19575667 3.51235e-22
3883.68905067 2.67955e-22
3887.18234468 2.79591e-22
3890.67563868 2.20614e-22
3894.16893268 1.30376e-22
3897.66222668 3.0961e-22
3901.15552068 3.41391e-22
3904.64881468 2.43689e-22
3908.14210868 3.13876e-22
3911.63540268 3.81379e-22
3915.12869668 3.18616e-22
3918.62199068 3.46821e-22
3922.11528468 5.83379e-22
3925.60857868 3.01482e-22
3929.10187268 3.24247e-22
3932.59516668 4.64326e-22
3936.08846068 4.52028e-22
3939.58175468 3.47804e-22
3943.07504869 2.61197e-22
3946.56834269 4.56862e-22
3950.06163669 4.64828e-22
3953.55493069 3.05861e-22
3957.04822469 5.10895e-23
3960.54151869 2.48225e-22
3964.03481269 2.07665e-22
3967.52810669 3.50934e-22
3971.02140069 2.31439e-22
3974.51469469 2.57469e-22
3978.00798869 2.75635e-22
3981.50128269 2.75026e-22
3984.99457669 2.19961e-22
3988.48787069 4.05295e-22
3991.98116469 2.46719e-22
3995.47445869 2.07034e-22
3998.9677527 2.37746e-22
4002.4610467 5.39114e-22
4005.9543407 2.8912e-22
4009.4476347 4.00057e-22
4012.9409287 4.06317e-22
4016.4342227 3.12031e-22
4019.9275167 3.90458e-22
4023.4208107 4.0816e-22
4026.9141047 2.22387e-22
4030.4073987 2.45899e-22
4033.9006927 3.21261e-22
4037.3939867 2.34311e-22
4040.8872807 2.71563e-22
4044.3805747 3.41547e-22
4047.8738687 2.74101e-22
4051.3671627 4.18052e-22
4054.86045671 2.98995e-22
4058.35375071 2.95636e-22
4061.84704471 2.20082e-22
4065.34033871 3.02517e-22
4068.83363271 3.11556e-22
4072.32692671 3.31444e-22
4075.82022071 2.95599e-22
4079.31351471 3.58127e-22
4082.80680871 3.73167e-22
4086.30010271 2.03805e-22
4089.79339671 3.54358e-22
4093.28669071 2.80364e-22
4096.77998471 2.78884e-22
4100.27327871 2.94258e-22
4103.76657271 3.15361e-22
4107.25986671 3.41727e-22
4110.75316072 4.15306e-22
4114.24645472 3.35135e-22
4117.73974872 3.21082e-22
4121.23304272 2.88026e-22
4124.72633672 2.12622e-22
4128.21963072 -1.20713e-23
4131.71292472 2.26409e-22
4135.20621872 2.55283e-22
4138.69951272 3.062e-22
4142.19280672 3.13024e-22
4145.68610072 2.40295e-22
4149.17939472 2.25018e-22
4152.67268872 3.19897e-22
4156.16598272 2.86308e-22
4159.65927672 2.50235e-22
4163.15257072 2.81005e-22
4166.64586473 2.23301e-22
4170.13915873 3.53957e-22
4173.63245273 3.31521e-22
4177.12574673 2.79797e-22
4180.61904073 2.42203e-22
4184.11233473 3.39229e-22
4187.60562873 2.45065e-22
4191.09892273 3.29574e-22
4194.59221673 3.47177e-22
4198.08551073 3.45341e-22
4201.57880473 3.00093e-22
4205.07209873 3.68525e-22
4208.56539273 3.01994e-22
4212.05868673 2.75962e-22
4215.55198073 3.51776e-22
4219.04527473 3.21007e-22
4222.53856874 3.29153e-22
4226.03186274 2.59716e-22
4229.52515674 3.2752e-22
4233.01845074 3.54296e-22
4236.51174474 3.11381e-22
4240.00503874 2.82647e-22
4243.49833274 2.98612e-22
4246.99162674 3.80098e-22
4250.48492074 3.56115e-22
4253.97821474 2.45919e-22
4257.47150874 9.76377e-23
4260.96480274 3.67753e-22
4264.45809674 2.91948e-22
4267.95139074 2.63113e-22
4271.44468474 2.90502e-22
4274.93797874 3.59041e-22
4278.43127275 2.57399e-22
4281.92456675 2.13276e-22
4285.41786075 2.84141e-22
4288.91115475 2.8745e-22
4292.40444875 2.74331e-22
4295.89774275 2.55096e-22
4299.39103675 3.17641e-22
4302.88433075 2.66739e-22
4306.37762475 2.63386e-22
4309.87091875 2.51283e-22
4313.36421275 3.04789e-22
4316.85750675 3.10222e-22
4320.35080075 3.09344e-22
4323.84409475 2.33413e-22
4327.33738875 2.54657e-22
4330.83068275 2.46833e-22
4334.32397676 2.75932e-22
4337.81727076 2.08337e-22
4341.31056476 2.57485e-22
4344.80385876 2.36453e-22
4348.29715276 2.57226e-22
4351.79044676 2.97064e-22
4355.28374076 2.51868e-22
4358.77703476 2.85944e-22
4362.27032876 2.26455e-22
4365.76362276 2.80124e-22
4369.25691676 2.71172e-22
4372.75021076 2.77348e-22
4376.24350476 2.8035e-22
4379.73679876 2.51311e-22
4383.23009276 3.62165e-22
4386.72338676 3.15426e-22
4390.21668077 3.36179e-22
4393.70997477 2.848e-22
4397.20326877 2.5122e-22
4400.69656277 3.12275e-22
4404.18985677 2.95061e-22
4407.68315077 2.7551e-22
4411.17644477 2.88237e-22
4414.66973877 2.90777e-22
4418.16303277 2.15298e-22
4421.65632677 2.45555e-22
4425.14962077 2.54261e-22
4428.64291477 2.32062e-22
4432.13620877 2.89522e-22
4435.62950277 2.71223e-22
4439.12279677 2.34593e-22
4442.61609077 2.47261e-22
4446.10938478 2.37441e-22
4449.60267878 2.8317e-22
4453.09597278 2.64848e-22
4456.58926678 3.00261e-22
4460.08256078 2.84117e-22
4463.57585478 2.50454e-22
4467.06914878 2.31944e-22
4470.56244278 2.16102e-22
4474.05573678 2.73763e-22
4477.54903078 2.56118e-22
4481.04232478 2.31129e-22
4484.53561878 2.39668e-22
4488.02891278 2.1206e-22
4491.52220678 2.69347e-22
4495.01550078 2.58203e-22
4498.50879478 3.00952e-22
4502.00208879 2.77642e-22
4505.49538279 2.93805e-22
4508.98867679 2.32817e-22
4512.48197079 2.53313e-22
4515.97526479 2.8884e-22
4519.46855879 2.12782e-22
4522.96185279 2.92408e-22
4526.45514679 2.12341e-22
4529.94844079 2.93348e-22
4533.44173479 2.8336e-22
4536.93502879 2.67226e-22
4540.42832279 2.29141e-22
4543.92161679 2.40697e-22
4547.41491079 2.24043e-22
4550.90820479 2.7534e-22
4554.40149879 2.73444e-22
4557.8947928 2.45478e-22
4561.3880868 2.38347e-22
4564.8813808 2.56867e-22
4568.3746748 2.38337e-22
4571.8679688 2.37728e-22
4575.3612628 3.17615e-22
4578.8545568 2.50071e-22
4582.3478508 2.18217e-22
4585.8411448 2.39529e-22
4589.3344388 2.86172e-22
4592.8277328 2.15684e-22
4596.3210268 1.96861e-22
4599.8143208 2.60713e-22
4603.3076148 2.91999e-22
4606.8009088 2.48498e-22
4610.2942028 2.78003e-22
4613.78749681 2.81469e-22
4617.28079081 2.16987e-22
4620.77408481 2.26623e-22
4624.26737881 2.38898e-22
4627.76067281 2.88932e-22
4631.25396681 2.78896e-22
4634.74726081 2.53282e-22
4638.24055481 3.00769e-22
4641.73384881 2.83298e-22
4645.22714281 2.35373e-22
4648.72043681 2.51277e-22
4652.21373081 2.73533e-22
4655.70702481 2.5745e-22
4659.20031881 2.46729e-22
4662.69361281 2.54602e-22
4666.18690681 2.32468e-22
4669.68020082 2.68657e-22
4673.17349482 2.71423e-22
4676.66678882 2.7712e-22
4680.16008282 2.29082e-22
4683.65337682 2.40842e-22
4687.14667082 2.50958e-22
4690.63996482 2.27844e-22
4694.13325882 2.76238e-22
4697.62655282 2.41707e-22
4701.11984682 2.19849e-22
4704.61314082 2.78257e-22
4708.10643482 2.38059e-22
4711.59972882 2.38267e-22
4715.09302282 2.54943e-22
4718.58631682 2.62115e-22
4722.07961082 2.51092e-22
4725.57290483 2.48566e-22
4729.06619883 2.54825e-22
4732.55949283 2.13175e-22
4736.05278683 2.35089e-22
4739.54608083 2.60368e-22
4743.03937483 2.39255e-22
4746.53266883 2.4646e-22
4750.02596283 2.86584e-22
4753.51925683 2.72202e-22
4757.01255083 2.3516e-22
4760.50584483 2.75684e-22
4763.99913883 2.52107e-22
4767.49243283 2.18305e-22
4770.98572683 2.30403e-22
4774.47902083 2.37232e-22
4777.97231483 2.6019e-22
4781.46560884 2.02493e-22
4784.95890284 2.48646e-22
4788.45219684 2.4357e-22
4791.94549084 2.35583e-22
4795.43878484 2.17499e-22
4798.93207884 2.26017e-22
4802.42537284 2.55512e-22
4805.91866684 2.40368e-22
4809.41196084 1.84887e-22
4812.90525484 2.14995e-22
4816.39854884 2.33976e-22
4819.89184284 1.84841e-22
4823.38513684 2.32344e-22
4826.87843084 1.93608e-22
4830.37172484 2.18729e-22
4833.86501884 1.83534e-22
4837.35831285 2.20444e-22
4840.85160685 2.02487e-22
4844.34490085 1.89419e-22
4847.83819485 1.70952e-22
4851.33148885 2.21958e-22
4854.82478285 2.17619e-22
4858.31807685 1.66463e-22
4861.81137085 1.75363e-22
4865.30466485 2.2122e-22
4868.79795885 2.18223e-22
4872.29125285 2.13098e-22
4875.78454685 2.15916e-22
4879.27784085 1.83212e-22
4882.77113485 2.11953e-22
4886.26442885 2.17027e-22
4889.75772285 2.2397e-22
4893.25101686 2.11738e-22
4896.74431086 2.01224e-22
4900.23760486 2.27365e-22
4903.73089886 1.8672e-22
4907.22419286 2.29425e-22
4910.71748686 1.6655e-22
4914.21078086 1.64567e-22
4917.70407486 2.43062e-22
4921.19736886 2.11576e-22
4924.69066286 1.74229e-22
4928.18395686 1.94532e-22
4931.67725086 2.17785e-22
4935.17054486 1.81221e-22
4938.66383886 1.83556e-22
4942.15713286 2.18504e-22
4945.65042686 2.01691e-22
4949.14372087 2.32928e-22
4952.63701487 1.66607e-22
4956.13030887 2.20726e-22
4959.62360287 2.20225e-22
4963.11689687 2.04347e-22
4966.61019087 2.01299e-22
4970.10348487 2.11844e-22
4973.59677887 2.24731e-22
4977.09007287 2.38005e-22
4980.58336687 2.22063e-22
4984.07666087 1.86917e-22
4987.56995487 2.31746e-22
4991.06324887 2.00844e-22
4994.55654287 2.01375e-22
4998.04983687 1.98931e-22
5001.54313087 1.98712e-22
5005.03642488 2.26812e-22
5008.52971888 1.87651e-22
5012.02301288 2.19543e-22
5015.51630688 2.24903e-22
5019.00960088 2.09111e-22
5022.50289488 2.12302e-22
5025.99618888 1.9648e-22
5029.48948288 2.16255e-22
5032.98277688 1.81968e-22
5036.47607088 2.15139e-22
5039.96936488 2.11538e-22
5043.46265888 1.79272e-22
5046.95595288 1.88578e-22
5050.44924688 2.00675e-22
5053.94254088 2.43904e-22
5057.43583488 2.00977e-22
5060.92912889 2.13377e-22
5064.42242289 2.54827e-22
5067.91571689 2.25996e-22
5071.40901089 2.03874e-22
5074.90230489 1.83483e-22
5078.39559889 1.7574e-22
5081.88889289 1.72609e-22
5085.38218689 1.90298e-22
5088.87548089 1.96569e-22
5092.36877489 1.8306e-22
5095.86206889 1.97385e-22
5099.35536289 1.88964e-22
5102.84865689 2.03512e-22
5106.34195089 1.67598e-22
5109.83524489 1.98883e-22
5113.32853889 2.275e-22
5116.8218329 1.79224e-22
5120.3151269 2.07508e-22
5123.8084209 1.92897e-22
5127.3017149 2.30971e-22
5130.7950089 2.01089e-22
5134.2883029 1.83412e-22
5137.7815969 2.01177e-22
5141.2748909 1.67204e-22
5144.7681849 1.86861e-22
5148.2614789 2.10625e-22
5151.7547729 2.05406e-22
5155.2480669 2.26752e-22
5158.7413609 1.98675e-22
5162.2346549 2.00516e-22
5165.7279489 1.847e-22
5169.2212429 1.72049e-22
5172.71453691 1.82106e-22
5176.20783091 2.08302e-22
5179.70112491 1.82403e-22
5183.19441891 2.14533e-22
5186.68771291 1.96294e-22
5190.18100691 1.81092e-22
5193.67430091 2.06344e-22
5197.16759491 1.85907e-22
5200.66088891 1.76693e-22
5204.15418291 1.8339e-22
5207.64747691 2.09685e-22
5211.14077091 1.8315e-22
5214.63406491 2.00693e-22
5218.12735891 1.76722e-22
5221.62065291 1.78343e-22
5225.11394691 1.57857e-22
5228.60724092 1.70426e-22
5232.10053492 1.5639e-22
5235.59382892 1.56705e-22
5239.08712292 1.59824e-22
5242.58041692 1.43464e-22
5246.07371092 1.71221e-22
5249.56700492 1.80921e-22
5253.06029892 1.93172e-22
5256.55359292 1.6469e-22
5260.04688692 1.42927e-22
5263.54018092 1.43285e-22
5267.03347492 1.93469e-22
5270.52676892 2.05695e-22
5274.02006292 1.99851e-22
5277.51335692 2.24192e-22
5281.00665092 1.87349e-22
5284.49994493 2.1547e-22
5287.99323893 1.61412e-22
5291.48653293 1.67483e-22
5294.97982693 1.96881e-22
5298.47312093 1.7234e-22
5301.96641493 1.94317e-22
5305.45970893 1.98823e-22
5308.95300293 2.12084e-22
5312.44629693 1.66542e-22
5315.93959093 1.77568e-22
5319.43288493 1.57583e-22
5322.92617893 1.94135e-22
5326.41947293 1.71581e-22
5329.91276693 1.81145e-22
5333.40606093 2.00594e-22
5336.89935493 1.99282e-22
5340.39264894 1.88307e-22
5343.88594294 1.71842e-22
5347.37923694 1.78551e-22
5350.87253094 1.54835e-22
5354.36582494 1.66886e-22
5357.85911894 2.06787e-22
5361.35241294 1.50219e-22
5364.84570694 1.53191e-22
5368.33900094 2.24353e-22
5371.83229494 1.89275e-22
5375.32558894 1.82351e-22
5378.81888294 1.60251e-22
5382.31217694 1.62451e-22
5385.80547094 1.83386e-22
5389.29876494 1.56848e-22
5392.79205894 1.30775e-22
5396.28535295 1.99688e-22
5399.77864695 1.54001e-22
5403.27194095 1.73799e-22
5406.76523495 1.92238e-22
5410.25852895 1.64661e-22
5413.75182295 1.75998e-22
5417.24511695 1.58774e-22
5420.73841095 1.554e-22
5424.23170495 1.70133e-22
5427.72499895 1.84241e-22
5431.21829295 1.5133e-22
5434.71158695 1.9399e-22
5438.20488095 1.3591e-22
5441.69817495 1.6275e-22
5445.19146895 1.82454e-22
5448.68476295 1.90951e-22
5452.17805696 1.67797e-22
5455.67135096 1.74164e-22
5459.16464496 1.65063e-22
5462.65793896 1.69575e-22
5466.15123296 1.76208e-22
5469.64452696 1.41747e-22
5473.13782096 1.52326e-22
5476.63111496 1.71673e-22
5480.12440896 1.73559e-22
5483.61770296 1.64825e-22
5487.11099696 1.73014e-22
5490.60429096 1.43222e-22
5494.09758496 1.80033e-22
5497.59087896 1.70417e-22
5501.08417296 1.85006e-22
5504.57746696 1.55019e-22
5508.07076097 1.46468e-22
5511.56405497 1.20447e-22
5515.05734897 1.87967e-22
5518.55064297 1.50234e-22
5522.04393697 1.58048e-22
5525.53723097 1.41669e-22
5529.03052497 1.69586e-22
5532.52381897 1.54891e-22
5536.01711297 1.18941e-22
5539.51040697 1.5742e-22
5543.00370097 1.72461e-22
5546.49699497 1.75558e-22
5549.99028897 1.50152e-22
5553.48358297 1.70401e-22
5556.97687697 1.6961e-22
5560.47017097 1.74971e-22
5563.96346498 1.69437e-22
5567.45675898 1.44359e-22
5570.95005298 1.92378e-22
5574.44334698 1.70905e-22
5577.93664098 1.8042e-22
5581.42993498 1.91898e-22
5584.92322898 1.94437e-22
5588.41652298 1.72709e-22
5591.90981698 1.6831e-22
5595.40311098 1.78193e-22
5598.89640498 1.57839e-22
5602.38969898 1.71049e-22
5605.88299298 1.52487e-22
5609.37628698 1.48147e-22
5612.86958098 1.65745e-22
5616.36287498 1.466e-22
5619.85616899 1.78538e-22
5623.34946299 1.77895e-22
5626.84275699 1.41685e-22
5630.33605099 1.85415e-22
5633.82934499 1.64256e-22
5637.32263899 1.47324e-22
5640.81593299 1.35811e-22
5644.30922699 1.32941e-22
5647.80252099 1.62789e-22
5651.29581499 1.67294e-22
5654.78910899 1.42549e-22
5658.28240299 1.78462e-22
5661.77569699 1.46166e-22
5665.26899099 1.55213e-22
5668.76228499 1.54261e-22
5672.25557899 1.3803e-22
5675.748873 1.53462e-22
5679.242167 1.84981e-22
5682.735461 1.46994e-22
5686.228755 1.85066e-22
5689.722049 1.53457e-22
5693.215343 1.14557e-22
5696.708637 1.12557e-22
5700.201931 1.22028e-22
5703.695225 1.44788e-22
5707.188519 1.83787e-22
5710.681813 1.24353e-22
5714.175107 1.55561e-22
5717.668401 1.63291e-22
5721.161695 1.56102e-22
5724.654989 1.42601e-22
5728.148283 1.39207e-22
5731.64157701 1.52549e-22
5735.13487101 1.41118e-22
5738.62816501 1.60652e-22
5742.12145901 1.42629e-22
5745.61475301 1.3755e-22
5749.10804701 1.63981e-22
5752.60134101 1.17244e-22
5756.09463501 1.652e-22
5759.58792901 1.39412e-22
5763.08122301 1.50729e-22
5766.57451701 1.07697e-22
5770.06781101 1.35031e-22
5773.56110501 1.39901e-22
5777.05439901 1.22362e-22
5780.54769301 1.54827e-22
5784.04098701 1.64829e-22
5787.53428102 1.35117e-22
5791.02757502 1.37788e-22
5794.52086902 1.80482e-22
5798.01416302 1.74242e-22
5801.50745702 1.51191e-22
5805.00075102 1.79856e-22
5808.49404502 1.62614e-22
5811.98733902 1.50919e-22
5815.48063302 1.22199e-22
5818.97392702 1.71754e-22
5822.46722102 1.47446e-22
5825.96051502 1.74563e-22
5829.45380902 1.45153e-22
5832.94710302 1.36956e-22
5836.44039702 1.48965e-22
5839.93369102 9.41582e-23
5843.42698503 1.5198e-22
5846.92027903 1.54969e-22
5850.41357303 1.40321e-22
5853.90686703 1.47115e-22
5857.40016103 1.22903e-22
5860.89345503 1.70368e-22
5864.38674903 1.47011e-22
5867.88004303 1.09296e-22
5871.37333703 1.15203e-22
5874.86663103 1.21837e-22
5878.35992503 1.20674e-22
5881.85321903 1.34728e-22
5885.34651303 1.19705e-22
5888.83980703 1.46787e-22
5892.33310103 1.22218e-22
5895.82639503 1.05296e-22
5899.31968904 1.78274e-22
5902.81298304 1.77181e-22
5906.30627704 1.47171e-22
5909.79957104 1.53038e-22
5913.29286504 1.41328e-22
5916.78615904 1.49031e-22
5920.27945304 1.63502e-22
5923.77274704 1.2817e-22
5927.26604104 1.44295e-22
5930.75933504 1.67644e-22
5934.25262904 1.27449e-22
5937.74592304 1.44869e-22
5941.23921704 1.46085e-22
5944.73251104 1.12912e-22
5948.22580504 1.42785e-22
5951.71909904 1.44722e-22
5955.21239305 1.43271e-22
5958.70568705 1.21559e-22
5962.19898105 1.40447e-22
5965.69227505 1.48724e-22
5969.18556905 1.42521e-22
5972.67886305 1.62282e-22
5976.17215705 1.359e-22
5979.66545105 1.59234e-22
5983.15874505 1.24885e-22
5986.65203905 1.40259e-22
5990.14533305 1.19997e-22
5993.63862705 1.5854e-22
5997.13192105 1.41915e-22
6000.62521505 1.37667e-22
6004.11850905 1.16784e-22
6007.61180305 1.04513e-22
6011.10509706 1.59024e-22
6014.59839106 1.06914e-22
6018.09168506 1.30723e-22
6021.58497906 1.39992e-22
6025.07827306 1.74776e-22
6028.57156706 1.2087e-22
6032.06486106 1.21386e-22
6035.55815506 1.47987e-22
6039.05144906 1.23906e-22
6042.54474306 1.25688e-22
6046.03803706 1.19263e-22
6049.53133106 1.48102e-22
6053.02462506 1.17908e-22
6056.51791906 1.34452e-22
6060.01121306 1.50078e-22
6063.50450706 1.53332e-22
6066.99780107 1.66173e-22
6070.49109507 1.37276e-22
6073.98438907 1.09948e-22
6077.47768307 1.38525e-22
6080.97097707 1.34333e-22
6084.46427107 1.19414e-22
6087.95756507 1.3148e-22
6091.45085907 1.27008e-22
6094.94415307 1.25246e-22
6098.43744707 1.26918e-22
6101.93074107 1.43723e-22
6105.42403507 1.36486e-22
6108.91732907 1.00491e-22
6112.41062307 1.23147e-22
6115.90391707 1.58714e-22
6119.39721107 1.33758e-22
6122.89050508 1.05375e-22
6126.38379908 1.22202e-22
6129.87709308 1.40222e-22
6133.37038708 1.22487e-22
6136.86368108 1.15957e-22
6140.35697508 1.34983e-22
6143.85026908 1.35256e-22
6147.34356308 1.3027e-22
6150.83685708 1.12615e-22
6154.33015108 1.2152e-22
6157.82344508 1.11367e-22
6161.31673908 1.32455e-22
6164.81003308 1.43503e-22
6168.30332708 1.30314e-22
6171.79662108 1.23163e-22
6175.28991508 1.17338e-22
6178.78320909 1.44067e-22
6182.27650309 1.3541e-22
6185.76979709 1.40146e-22
6189.26309109 1.40977e-22
6192.75638509 1.32793e-22
6196.24967909 1.23135e-22
6199.74297309 1.31094e-22
6203.23626709 1.03833e-22
6206.72956109 1.16467e-22
6210.22285509 1.43092e-22
6213.71614909 1.17468e-22
6217.20944309 1.10213e-22
6220.70273709 1.11549e-22
6224.19603109 1.17752e-22
6227.68932509 1.06865e-22
6231.18261909 1.17344e-22
6234.6759131 1.16679e-22
6238.1692071 1.34466e-22
6241.6625011 1.4387e-22
6245.1557951 1.40377e-22
6248.6490891 1.10855e-22
6252.1423831 1.09748e-22
6255.6356771 1.00935e-22
6259.1289711 9.61895e-23
6262.6222651 1.145e-22
6266.1155591 1.00651e-22
6269.6088531 1.14979e-22
6273.1021471 1.32297e-22
6276.5954411 1.11521e-22
6280.0887351 1.02996e-22
6283.5820291 1.22788e-22
6287.0753231 1.27941e-22
6290.56861711 1.01551e-22
6294.06191111 1.16927e-22
6297.55520511 1.06926e-22
6301.04849911 1.00968e-22
6304.54179311 1.16646e-22
6308.03508711 1.41322e-22
6311.52838111 1.62811e-22
6315.02167511 1.06679e-22
6318.51496911 1.47995e-22
6322.00826311 9.59742e-23
6325.50155711 1.03488e-22
6328.99485111 1.26658e-22
6332.48814511 1.25516e-22
6335.98143911 8.67063e-23
6339.47473311 1.40888e-22
6342.96802711 1.17305e-22
6346.46132112 1.07989e-22
6349.95461512 1.26471e-22
6353.44790912 1.21121e-22
6356.94120312 1.31033e-22
6360.43449712 1.12754e-22
6363.92779112 1.01224e-22
6367.42108512 1.17897e-22
6370.91437912 1.10003e-22
6374.40767312 1.38506e-22
6377.90096712 1.04326e-22
6381.39426112 1.11295e-22
6384.88755512 1.24701e-22
6388.38084912 1.08152e-22
6391.87414312 1.12948e-22
6395.36743712 1.18007e-22
6398.86073112 1.06274e-22
6402.35402513 1.11014e-22
6405.84731913 1.43572e-22
6409.34061313 1.51841e-22
6412.83390713 1.15272e-22
6416.32720113 1.29522e-22
6419.82049513 1.28657e-22
6423.31378913 9.65636e-23
6426.80708313 1.19873e-22
6430.30037713 9.16938e-23
6433.79367113 1.04908e-22
6437.28696513 1.09646e-22
6440.78025913 5.88277e-23
6444.27355313 8.13116e-23
6447.76684713 1.10365e-22
6451.26014113 1.13495e-22
6454.75343513 1.04667e-22
6458.24672914 9.7326e-23
6461.74002314 1.18343e-22
6465.23331714 9.5431e-23
6468.72661114 1.6159e-22
6472.21990514 7.90854e-23
6475.71319914 1.06667e-22
6479.20649314 1.27136e-22
6482.69978714 9.97572e-23
6486.19308114 1.04967e-22
6489.68637514 1.25648e-22
6493.17966914 1.2308e-22
6496.67296314 1.22389e-22
6500.16625714 9.2796e-23
6503.65955114 1.01861e-22
6507.15284514 9.96025e-23
6510.64613914 1.00836e-22
6514.13943315 1.03832e-22
6517.63272715 8.86337e-23
6521.12602115 1.19991e-22
6524.61931515 1.27737e-22
6528.11260915 1.03066e-22
6531.60590315 1.07815e-22
6535.09919715 1.08555e-22
6538.59249115 8.30377e-23
6542.08578515 8.62587e-23
6545.57907915 1.03084e-22
6549.07237315 8.82703e-23
6552.56566715 9.15916e-23
6556.05896115 1.14359e-22
6559.55225515 1.18128e-22
6563.04554915 1.03793e-22
6566.53884315 1.17657e-22
6570.03213716 1.01537e-22
6573.52543116 8.73352e-23
6577.01872516 9.2082e-23
6580.51201916 7.06335e-23
6584.00531316 1.04899e-22
6587.49860716 1.07219e-22
6590.99190116 1.20778e-22
6594.48519516 1.09343e-22
6597.97848916 1.10128e-22
6601.47178316 9.20213e-23
6604.96507716 1.0612e-22
6608.45837116 1.32032e-22
6611.95166516 1.03918e-22
6615.44495916 1.30158e-22
6618.93825316 1.16792e-22
6622.43154716 8.37158e-23
6625.92484117 1.04479e-22
6629.41813517 1.34332e-22
6632.91142917 1.06119e-22
6636.40472317 1.19776e-22
6639.89801717 1.29396e-22
6643.39131117 1.30708e-22
6646.88460517 1.01817e-22
6650.37789917 9.31516e-23
6653.87119317 9.62351e-23
6657.36448717 7.16153e-23
6660.85778117 8.55698e-23
6664.35107517 1.15012e-22
6667.84436917 1.13852e-22
6671.33766317 9.88044e-23
6674.83095717 1.05433e-22
6678.32425117 9.12095e-23
6681.81754518 1.01654e-22
6685.31083918 1.0653e-22
6688.80413318 9.77887e-23
6692.29742718 9.74592e-23
6695.79072118 7.39673e-23
6699.28401518 9.23772e-23
6702.77730918 1.15006e-22
6706.27060318 1.14606e-22
6709.76389718 1.18414e-22
6713.25719118 9.31955e-23
6716.75048518 7.16938e-23
6720.24377918 9.67058e-23
6723.73707318 1.22065e-22
6727.23036718 1.14757e-22
6730.72366118 1.33377e-22
6734.21695518 9.87931e-23
6737.71024919 7.46471e-23
6741.20354319 6.53627e-23
6744.69683719 9.25249e-23
6748.19013119 7.13293e-23
6751.68342519 6.4648e-23
6755.17671919 1.00228e-22
6758.67001319 9.23373e-23
6762.16330719 9.19638e-23
6765.65660119 1.20091e-22
6769.14989519 1.01247e-22
6772.64318919 7.50457e-23
6776.13648319 1.12238e-22
6779.62977719 1.39871e-22
6783.12307119 1.19741e-22
6786.61636519 1.00325e-22
6790.10965919 9.05459e-23
6793.6029532 1.03128e-22
6797.0962472 8.62835e-23
6800.5895412 1.02113e-22
6804.0828352 1.03088e-22
6807.5761292 1.17182e-22
6811.0694232 9.96037e-23
6814.5627172 9.41059e-23
6818.0560112 9.09076e-23
6821.5493052 9.76346e-23
6825.0425992 7.46269e-23
6828.5358932 1.07585e-22
6832.0291872 8.71257e-23
6835.5224812 9.03252e-23
6839.0157752 1.13649e-22
6842.5090692 1.29172e-22
6846.0023632 1.05582e-22
6849.49565721 1.05616e-22
6852.98895121 1.08778e-22
6856.48224521 1.36825e-22
6859.97553921 1.34388e-22
6863.46883321 9.07247e-23
6866.96212721 8.20881e-23
6870.45542121 7.25869e-23
6873.94871521 6.54927e-23
6877.44200921 8.7044e-23
6880.93530321 8.80813e-23
6884.42859721 8.29487e-23
6887.92189121 1.01405e-22
6891.41518521 9.9099e-23
6894.90847921 6.0851e-23
6898.40177321 6.07824e-23
6901.89506721 8.68616e-23
6905.38836122 1.0838e-22
6908.88165522 8.91819e-23
6912.37494922 9.81082e-23
6915.86824322 6.63086e-23
6919.36153722 9.3721e-23
6922.85483122 6.56331e-23
6926.34812522 6.69125e-23
6929.84141922 1.09313e-22
6933.33471322 6.7109e-23
6936.82800722 5.44577e-23
6940.32130122 9.57884e-23
6943.81459522 1.35293e-22
6947.30788922 1.1087e-22
6950.80118322 8.06748e-23
6954.29447722 9.58333e-23
6957.78777122 9.32082e-23
6961.28106523 8.22504e-23
6964.77435923 1.0095e-22
6968.26765323 1.03895e-22
6971.76094723 1.09973e-22
6975.25424123 1.00053e-22
6978.74753523 7.92311e-23
6982.24082923 1.08146e-22
6985.73412323 9.89081e-23
6989.22741723 8.83258e-23
6992.72071123 1.17053e-22
6996.21400523 9.74937e-23
6999.70729923 9.95135e-23
7003.20059323 8.72614e-23
7006.69388723 1.00522e-22
7010.18718123 9.94698e-23
7013.68047523 8.0782e-23
7017.17376924 8.45614e-23
7020.66706324 8.183e-23
7024.16035724 8.63431e-23
7027.65365124 1.00204e-22
7031.14694524 9.82985e-23
7034.64023924 7.23256e-23
7038.13353324 9.17816e-23
7041.62682724 9.83325e-23
7045.12012124 9.79295e-23
7048.61341524 7.96166e-23
7052.10670924 8.25572e-23
7055.60000324 9.39347e-23
7059.09329724 1.16789e-22
7062.58659124 9.50786e-23
7066.07988524 8.42181e-23
7069.57317924 1.1554e-22
7073.06647325 8.82496e-23
7076.55976725 5.004e-23
7080.05306125 6.73157e-23
7083.54635525 9.39827e-23
7087.03964925 7.05299e-23
7090.53294325 8.03532e-23
7094.02623725 7.70712e-23
7097.51953125 6.99884e-23
7101.01282525 6.61963e-23
7104.50611925 8.62011e-23
7107.99941325 1.00938e-22
7111.49270725 5.06035e-23
7114.98600125 8.59677e-23
7118.47929525 1.11829e-22
7121.97258925 1.1026e-22
7125.46588326 9.34446e-23
7128.95917726 6.38197e-23
7132.45247126 8.74518e-23
7135.94576526 1.00552e-22
7139.43905926 9.02892e-23
7142.93235326 8.35554e-23
7146.42564726 9.79012e-23
7149.91894126 9.72998e-23
7153.41223526 5.90567e-23
7156.90552926 5.88027e-23
7160.39882326 7.55668e-23
7163.89211726 9.11252e-23
7167.38541126 8.5949e-23
7170.87870526 6.06129e-23
7174.37199926 7.7345e-23
7177.86529326 4.03764e-23
7181.35858727 8.13855e-23
7184.85188127 6.55319e-23
7188.34517527 8.66584e-23
7191.83846927 9.03336e-23
7195.33176327 9.5629e-23
7198.82505727 9.75471e-23
7202.31835127 6.92053e-23
7205.81164527 9.0061e-23
7209.30493927 6.4873e-23
7212.79823327 6.35743e-23
7216.29152727 7.73358e-23
7219.78482127 9.54879e-23
7223.27811527 9.14868e-23
7226.77140927 8.57935e-23
7230.26470327 4.98436e-23
7233.75799727 7.96058e-23
7237.25129128 8.87468e-23
7240.74458528 9.43393e-23
7244.23787928 1.07071e-22
7247.73117328 7.59661e-23
7251.22446728 8.75243e-23
7254.71776128 1.00774e-22
7258.21105528 9.61879e-23
7261.70434928 8.79123e-23
7265.19764328 7.84181e-23
7268.69093728 7.88374e-23
7272.18423128 5.86574e-23
7275.67752528 4.59621e-23
7279.17081928 7.32959e-23
7282.66411328 8.54977e-23
7286.15740728 6.15321e-23
7289.65070128 8.67013e-23
7293.14399529 7.34261e-23
7296.63728929 7.65187e-23
7300.13058329 9.2391e-23
7303.62387729 7.67201e-23
7307.11717129 1.09215e-22
7310.61046529 7.7349e-23
7314.10375929 6.60934e-23
7317.59705329 8.96065e-23
7321.09034729 1.01959e-22
7324.58364129 9.67092e-23
7328.07693529 7.53715e-23
7331.57022929 8.62781e-23
7335.06352329 8.71873e-23
7338.55681729 8.2122e-23
7342.05011129 1.12165e-22
7345.54340529 9.37553e-23
7349.0366993 8.4641e-23
7352.5299933 1.01228e-22
7356.0232873 8.42065e-23
7359.5165813 5.46671e-23
7363.0098753 9.86973e-23
7366.5031693 1.02286e-22
7369.9964633 5.91346e-23
7373.4897573 6.37382e-23
7376.9830513 6.75891e-23
7380.4763453 9.25433e-23
7383.9696393 6.66875e-23
7387.4629333 5.31038e-23
7390.9562273 7.06127e-23
7394.4495213 6.98554e-23
7397.9428153 6.86226e-23
7401.4361093 7.76175e-23
7404.92940331 7.80781e-23
7408.42269731 7.31361e-23
7411.91599131 7.7204e-23
7415.40928531 6.09567e-23
7418.90257931 4.31493e-23
7422.39587331 6.77744e-23
7425.88916731 6.04962e-23
7429.38246131 6.58923e-23
7432.87575531 7.31849e-23
7436.36904931 7.42176e-23
7439.86234331 8.94142e-23
7443.35563731 6.18357e-23
7446.84893131 7.32736e-23
7450.34222531 4.73002e-23
7453.83551931 8.44579e-23
7457.32881331 9.3074e-23
7460.82210732 6.44562e-23
7464.31540132 6.60651e-23
7467.80869532 8.85129e-23
7471.30198932 8.18477e-23
7474.79528332 6.2527e-23
7478.28857732 7.59065e-23
7481.78187132 8.00046e-23
7485.27516532 8.78663e-23
7488.76845932 9.60524e-23
7492.26175332 6.97186e-23
7495.75504732 7.47504e-23
7499.24834132 7.0961e-23
7502.74163532 7.22548e-23
7506.23492932 9.55078e-23
7509.72822332 1.00372e-22
7513.22151732 1.02991e-22
7516.71481133 7.31146e-23
7520.20810533 8.43988e-23
7523.70139933 1.01726e-22
7527.19469333 7.70881e-23
7530.68798733 8.46429e-23
7534.18128133 8.07387e-23
7537.67457533 4.98814e-23
7541.16786933 7.21448e-23
7544.66116333 7.49917e-23
7548.15445733 8.39661e-23
7551.64775133 8.63049e-23
7555.14104533 8.56445e-23
7558.63433933 7.40981e-23
7562.12763333 6.66038e-23
7565.62092733 8.77514e-23
7569.11422133 5.75011e-23
7572.60751534 8.13906e-23
7576.10080934 7.85842e-23
7579.59410334 1.01763e-22
7583.08739734 6.81804e-23
7586.58069134 8.33947e-23
7590.07398534 3.30723e-23
7593.56727934 2.62859e-23
7597.06057334 -1.69291e-23
7600.55386734 1.28825e-23
7604.04716134 2.36116e-23
7607.54045534 -5.2835e-25
7611.03374934 1.83934e-23
7614.52704334 2.72159e-23
7618.02033734 3.17538e-23
7621.51363134 2.12516e-23
7625.00692534 1.4777e-23
7628.50021935 2.7122e-23
7631.99351335 3.85531e-23
7635.48680735 4.09604e-23
7638.98010135 4.97029e-24
7642.47339535 2.64854e-23
7645.96668935 6.55223e-23
7649.45998335 4.93143e-23
7652.95327735 4.84491e-23
7656.44657135 8.1457e-23
7659.93986535 6.24994e-23
7663.43315935 7.91981e-23
7666.92645335 5.67437e-23
7670.41974735 7.16067e-23
7673.91304135 7.22699e-23
7677.40633535 6.26308e-23
7680.89962935 4.66518e-23
7684.39292336 6.54384e-23
7687.88621736 7.85317e-23
7691.37951136 6.44697e-23
7694.87280536 9.21929e-23
7698.36609936 9.32358e-23
7701.85939336 4.91688e-23
7705.35268736 7.93582e-23
7708.84598136 8.96685e-23
7712.33927536 4.50215e-23
7715.83256936 6.16502e-23
7719.32586336 3.75834e-23
7722.81915736 5.68509e-23
7726.31245136 4.71403e-23
7729.80574536 7.88117e-23
7733.29903936 7.41816e-23
7736.79233336 6.40039e-23
7740.28562737 7.2092e-23
7743.77892137 4.65843e-23
7747.27221537 5.62269e-23
7750.76550937 9.13267e-23
7754.25880337 1.00993e-22
7757.75209737 9.43259e-23
7761.24539137 7.35777e-23
7764.73868537 6.33263e-23
7768.23197937 7.13855e-23
7771.72527337 6.62833e-23
7775.21856737 6.41796e-23
7778.71186137 5.4015e-23
7782.20515537 4.8285e-23
7785.69844937 6.54263e-23
7789.19174337 3.46861e-23
7792.68503737 5.39997e-23
7796.17833138 7.20645e-23
7799.67162538 7.77323e-23
7803.16491938 6.17119e-23
7806.65821338 6.30447e-23
7810.15150738 6.40886e-23
7813.64480138 5.21899e-23
7817.13809538 5.75989e-23
7820.63138938 8.47524e-23
7824.12468338 8.10442e-23
7827.61797738 3.96648e-23
7831.11127138 4.68973e-23
7834.60456538 8.22124e-23
7838.09785938 7.10459e-23
7841.59115338 8.30955e-23
7845.08444738 5.2411e-23
7848.57774138 4.70614e-23
7852.07103539 9.59516e-23
7855.56432939 8.2929e-23
7859.05762339 9.66198e-23
7862.55091739 4.9572e-23
7866.04421139 7.28601e-23
7869.53750539 7.30843e-23
7873.03079939 6.96216e-23
7876.52409339 8.99222e-23
7880.01738739 7.62319e-23
7883.51068139 8.50002e-23
7887.00397539 8.30614e-23
7890.49726939 5.5023e-23
7893.99056339 6.73221e-23
7897.48385739 4.54046e-23
7900.97715139 6.97776e-23
7904.47044539 6.57891e-23
7907.9637394 7.06696e-23
7911.4570334 1.00384e-22
7914.9503274 9.61821e-23
7918.4436214 6.15624e-23
7921.9369154 7.15595e-23
7925.4302094 8.08137e-23
7928.9235034 5.56463e-23
7932.4167974 5.45836e-23
7935.9100914 7.3756e-23
7939.4033854 5.18738e-23
7942.8966794 5.86408e-23
7946.3899734 8.15379e-23
7949.8832674 5.69818e-23
7953.3765614 6.34073e-23
7956.8698554 7.37774e-23
7960.3631494 7.7327e-23
7963.85644341 5.18417e-23
7967.34973741 7.10087e-23
7970.84303141 6.63475e-23
7974.33632541 5.98409e-23
7977.82961941 4.92461e-23
7981.32291341 5.29529e-23
7984.81620741 5.88887e-23
7988.30950141 5.81819e-23
7991.80279541 1.06467e-22
7995.29608941 8.58815e-23
7998.78938341 5.85551e-23
8002.28267741 7.90437e-23
8005.77597141 6.68052e-23
8009.26926541 5.1699e-23
8012.76255941 1.74553e-23
8016.25585341 3.71135e-23
8019.74914742 4.61039e-23
8023.24244142 5.10489e-23
8026.73573542 7.42029e-23
8030.22902942 8.63426e-23
8033.72232342 9.0222e-23
8037.21561742 5.11465e-23
8040.70891142 6.72092e-23
8044.20220542 8.10676e-23
8047.69549942 7.03733e-23
8051.18879342 6.33956e-23
8054.68208742 7.03027e-23
8058.17538142 5.46962e-23
8061.66867542 3.28693e-23
8065.16196942 5.66712e-23
8068.65526342 5.71091e-23
8072.14855742 2.70249e-23
8075.64185143 2.79656e-23
8079.13514543 6.66705e-23
8082.62843943 8.03126e-23
8086.12173343 6.26753e-23
8089.61502743 9.02364e-23
8093.10832143 5.21066e-23
8096.60161543 6.06262e-23
8100.09490943 5.67416e-23
8103.58820343 6.064e-23
8107.08149743 8.28825e-23
8110.57479143 7.90631e-23
8114.06808543 6.76376e-23
8117.56137943 6.40163e-23
8121.05467343 7.83574e-23
8124.54796743 8.22308e-23
8128.04126143 4.74997e-23
8131.53455544 5.26202e-23
8135.02784944 6.02159e-23
8138.52114344 8.73978e-23
8142.01443744 4.95796e-23
8145.50773144 4.01715e-23
8149.00102544 4.94909e-23
8152.49431944 2.57601e-23
8155.98761344 5.8621e-23
8159.48090744 6.76044e-23
8162.97420144 2.58156e-23
8166.46749544 3.4667e-23
8169.96078944 6.89218e-23
8173.45408344 5.85144e-23
8176.94737744 2.6866e-23
8180.44067144 3.01038e-23
8183.93396544 5.38223e-23
8187.42725945 6.23913e-23
8190.92055345 5.41208e-23
8194.41384745 3.47158e-23
8197.90714145 5.03849e-23
8201.40043545 4.6375e-23
8204.89372945 4.25416e-23
8208.38702345 4.5122e-23
8211.88031745 6.00415e-23
8215.37361145 4.81546e-23
8218.86690545 4.46065e-23
8222.36019945 6.13055e-23
8225.85349345 5.61574e-23
8229.34678745 5.81011e-23
8232.84008145 3.32358e-23
8236.33337545 3.66149e-23
8239.82666945 5.21772e-23
8243.31996346 5.82801e-23
8246.81325746 4.4606e-23
8250.30655146 3.09798e-23
8253.79984546 5.54032e-23
8257.29313946 -5.65257e-25
8260.78643346 4.23713e-23
8264.27972746 5.72608e-23
8267.77302146 5.38902e-23
8271.26631546 6.22986e-23
8274.75960946 3.27294e-23
8278.25290346 5.19716e-23
8281.74619746 6.27585e-23
8285.23949146 7.9427e-23
8288.73278546 3.81366e-23
8292.22607946 6.64603e-23
8295.71937346 5.79812e-23
8299.21266747 1.00734e-23
8302.70596147 1.01169e-22
8306.19925547 7.57714e-23
8309.69254947 4.63411e-23
8313.18584347 6.84344e-23
8316.67913747 2.83963e-23
8320.17243147 2.76632e-23
8323.66572547 5.06654e-23
8327.15901947 4.35389e-23
8330.65231347 5.82709e-23
8334.14560747 2.43621e-23
8337.63890147 5.73136e-23
8341.13219547 6.5955e-23
8344.62548947 6.92083e-23
8348.11878347 7.89959e-23
8351.61207747 7.49456e-23
8355.10537148 8.65718e-23
8358.59866548 6.18758e-23
8362.09195948 5.0393e-23
8365.58525348 -2.88619e-23
8369.07854748 3.95186e-23
8372.57184148 1.08402e-22
8376.06513548 4.63855e-23
8379.55842948 6.54392e-23
8383.05172348 3.56028e-23
8386.54501748 4.09491e-23
8390.03831148 5.82938e-23
8393.53160548 1.02935e-22
8397.02489948 4.50407e-23
8400.51819348 3.79734e-23
8404.01148748 5.60995e-23
8407.50478148 5.85676e-23
8410.99807549 -9.65947e-24
8414.49136949 8.89659e-24
8417.98466349 9.72533e-23
8421.47795749 8.67557e-23
8424.97125149 5.53099e-23
8428.46454549 8.83518e-23
8431.95783949 8.29279e-23
8435.45113349 6.58895e-23
8438.94442749 7.23508e-23
8442.43772149 1.27516e-24
8445.93101549 2.89905e-23
8449.42430949 5.57748e-23
8452.91760349 3.82729e-23
8456.41089749 3.82363e-23
8459.90419149 2.1395e-23
8463.39748549 5.72891e-23
8466.8907795 4.16155e-23
8470.3840735 3.5172e-23
8473.8773675 4.93607e-23
8477.3706615 4.61482e-23
8480.8639555 6.53413e-23
8484.3572495 1.96971e-23
8487.8505435 6.56902e-23
8491.3438375 3.95946e-23
8494.8371315 4.80572e-23
8498.3304255 2.44922e-23
8501.8237195 6.79173e-23
8505.3170135 6.30519e-23
8508.8103075 1.69655e-23
8512.3036015 3.35909e-23
8515.7968955 4.99804e-23
8519.2901895 5.80152e-23
8522.78348351 3.61376e-23
8526.27677751 1.28952e-23
8529.77007151 1.72582e-23
8533.26336551 -1.46099e-23
8536.75665951 6.97238e-23
8540.24995351 9.71482e-23
8543.74324751 1.116e-23
8547.23654151 5.66203e-23
8550.72983551 3.69654e-23
8554.22312951 6.00161e-23
8557.71642351 8.14769e-23
8561.20971751 4.20329e-23
8564.70301151 2.25127e-23
8568.19630551 5.09898e-23
8571.68959951 4.16532e-23
8575.18289351 1.07299e-23
8578.67618752 3.85436e-23
8582.16948152 3.90912e-23
8585.66277552 -1.03867e-23
8589.15606952 3.35037e-23
8592.64936352 5.51447e-23
8596.14265752 4.75938e-23
8599.63595152 2.43592e-23
8603.12924552 5.38244e-23
8606.62253952 3.95731e-23
8610.11583352 6.43059e-23
8613.60912752 6.58793e-23
8617.10242152 5.1933e-23
8620.59571552 5.60596e-23
8624.08900952 4.59374e-23
8627.58230352 4.5702e-23
8631.07559752 4.90356e-23
8634.56889153 5.92306e-23
8638.06218553 6.00421e-23
8641.55547953 3.72877e-23
8645.04877353 2.82804e-23
8648.54206753 5.5603e-23
8652.03536153 6.59122e-23
8655.52865553 6.13323e-23
8659.02194953 3.10171e-23
8662.51524353 3.74955e-23
8666.00853753 4.3678e-23
8669.50183153 2.25005e-23
8672.99512553 5.01047e-23
8676.48841953 6.60426e-23
8679.98171353 3.79541e-23
8683.47500753 7.24131e-23
8686.96830153 4.88409e-23
8690.46159554 1.91948e-23
8693.95488954 5.65413e-23
8697.44818354 8.63844e-23
8700.94147754 1.33593e-23
8704.43477154 5.11994e-23
8707.92806554 6.76872e-23
8711.42135954 2.28365e-23
8714.91465354 4.43419e-23
8718.40794754 8.41784e-23
8721.90124154 4.52745e-23
8725.39453554 2.57582e-23
8728.88782954 5.79412e-23
8732.38112354 2.59544e-23
8735.87441754 1.21643e-23
8739.36771154 3.22833e-23
8742.86100554 3.92419e-23
8746.35429955 2.75401e-23
8749.84759355 1.43055e-23
8753.34088755 5.34062e-23
8756.83418155 7.5705e-23
8760.32747555 4.9325e-23
8763.82076955 5.51081e-23
8767.31406355 8.81251e-23
8770.80735755 6.66359e-23
8774.30065155 2.84784e-23
8777.79394555 4.39022e-23
8781.28723955 6.14817e-23
8784.78053355 5.60642e-23
8788.27382755 6.13452e-23
8791.76712155 5.43624e-23
8795.26041555 8.24855e-23
8798.75370955 3.55902e-23
8802.24700356 3.83403e-23
8805.74029756 5.30199e-23
8809.23359156 3.44524e-23
8812.72688556 5.11695e-23
8816.22017956 9.25878e-23
8819.71347356 6.09068e-23
8823.20676756 -4.62022e-24
8826.70006156 2.09346e-24
8830.19335556 4.83642e-23
8833.68664956 7.85526e-23
8837.17994356 8.03196e-23
8840.67323756 2.7538e-23
8844.16653156 2.35466e-23
8847.65982556 -9.48642e-25
8851.15311956 5.49348e-23
8854.64641356 6.21104e-23
8858.13970757 -2.65012e-23
8861.63300157 1.50798e-23
8865.12629557 6.19203e-23
8868.61958957 4.17947e-23
8872.11288357 3.79159e-23
8875.60617757 3.36768e-23
8879.09947157 5.40221e-23
8882.59276557 9.95734e-23
8886.08605957 8.47193e-23
8889.57935357 6.66606e-23
8893.07264757 6.17733e-23
8896.56594157 4.04652e-23
8900.05923557 3.79332e-23
8903.55252957 7.04019e-23
8907.04582357 1.11802e-22
8910.53911757 8.25141e-23
8914.03241158 5.5609e-23
8917.52570558 6.07892e-23
8921.01899958 3.84003e-23
8924.51229358 7.6221e-23
8928.00558758 5.91236e-23
8931.49888158 2.08357e-23
8934.99217558 2.23809e-23
8938.48546958 1.83112e-23
8941.97876358 9.52834e-23
8945.47205758 4.83636e-23
8948.96535158 2.9963e-23
8952.45864558 6.61875e-23
8955.95193958 7.70373e-23
8959.44523358 -1.19759e-23
8962.93852758 1.6725e-23
8966.43182158 3.25367e-23
8969.92511559 4.58784e-23
8973.41840959 5.71477e-23
8976.91170359 1.759e-23
8980.40499759 8.67326e-24
8983.89829159 1.67391e-23
8987.39158559 2.98575e-23
8990.88487959 4.98754e-23
8994.37817359 6.27133e-23
8997.87146759 4.60563e-23
9001.36476159 -1.37643e-23
9004.85805559 4.43928e-23
9008.35134959 4.97528e-23
9011.84464359 1.6187e-23
9015.33793759 3.86089e-25
9018.83123159 6.57333e-24
9022.32452559 6.86082e-23
9025.8178196 2.33946e-23
9029.3111136 -1.8095e-23
9032.8044076 5.14854e-23
9036.2977016 4.80708e-23
9039.7909956 1.60174e-25
9043.2842896 2.86702e-23
9046.7775836 2.57728e-23
9050.2708776 2.46506e-23
9053.7641716 6.51099e-23
9057.2574656 4.95263e-23
9060.7507596 2.4189e-23
9064.2440536 -1.30731e-23
9067.7373476 -2.03706e-23
9071.2306416 -1.5866e-23
9074.7239356 -2.47407e-23
9078.2172296 4.58773e-23
9081.71052361 1.7258e-23
9085.20381761 5.56051e-23
9088.69711161 4.60259e-23
9092.19040561 4.919e-23
9095.68369961 -1.21726e-23
9099.17699361 2.53763e-23
9102.67028761 6.32867e-23
9106.16358161 2.83196e-23
9109.65687561 5.93433e-23
9113.15016961 3.05699e-23
9116.64346361 -1.49264e-23
9120.13675761 2.66155e-23
9123.63005161 4.85428e-23
9127.12334561 6.12366e-23
9130.61663961 2.2322e-23
9134.10993361 4.99298e-24
9137.60322762 4.54668e-23
9141.09652162 4.32666e-23
9144.58981562 -6.19284e-23
9148.08310962 4.74025e-23
9151.57640362 -4.53262e-23
9155.06969762 3.94769e-23
9158.56299162 2.87108e-23
9162.05628562 -1.29126e-23
9165.54957962 -5.33191e-23
9169.04287362 -2.47854e-23
9172.53616762 9.40954e-24
9176.02946162 3.54321e-23
9179.52275562 7.64543e-24
9183.01604962 -2.75923e-24
9186.50934362 4.19633e-23
9190.00263762 8.73662e-23
9193.49593163 4.68196e-23
9196.98922563 3.59411e-23
9200.48251963 4.6927e-23
9203.97581363 -5.47865e-25
9207.46910763 3.10954e-23
9210.96240163 1.79755e-23
9214.45569563 1.65595e-24
9217.94898963 -1.67851e-23
9221.44228363 8.31668e-23
9224.93557763 1.03834e-23
9228.42887163 -3.66452e-23
9231.92216563 7.51767e-24
9235.41545963 -3.44076e-23
9238.90875363 -1.47807e-23
9242.40204763 -1.65608e-24
9245.89534163 2.45982e-23
9249.38863564 -2.02668e-23
9252.88192964 4.43117e-23
9256.37522364 3.52077e-23
9259.86851764 3.76815e-23
9263.36181164 1.98867e-23
9266.85510564 4.58565e-23
9270.34839964 -1.28268e-23
9273.84169364 -2.79175e-24
9277.33498764 -3.09793e-23
9280.82828164 5.30723e-23
9284.32157564 3.337e-23
9287.81486964 1.01234e-23
9291.30816364 5.10516e-23
9294.80145764 2.55773e-24
9298.29475164 3.77532e-23
9301.78804564 4.76106e-23
9305.28133965 8.04432e-23
9308.77463365 8.31491e-23
9312.26792765 -5.65782e-23
9315.76122165 -4.44868e-23
9319.25451565 -4.04916e-23
9322.74780965 -5.97112e-23
9326.24110365 4.97252e-23
9329.73439765 7.95848e-23
9333.22769165 4.97899e-23
9336.72098565 -2.45086e-24
9340.21427965 1.58929e-23
9343.70757365 6.76428e-24
9347.20086765 -4.63086e-23
9350.69416165 -1.12527e-22
9354.18745565 -1.93262e-23
9357.68074965 -3.78097e-23
9361.17404366 -2.7396e-23
9364.66733766 5.02214e-24
9368.16063166 -6.76816e-23
9371.65392566 -2.25135e-23
9375.14721966 3.19527e-23
9378.64051366 -6.28229e-23
9382.13380766 -3.95789e-23
9385.62710166 2.58709e-23
9389.12039566 -9.11589e-23
9392.61368966 2.35675e-23
9396.10698366 1.20835e-23
9399.60027766 -6.02474e-23
9403.09357166 -1.67735e-23
9406.58686566 -4.0565e-24
9410.08015966 6.28048e-23
9413.57345366 -4.93915e-23
9417.06674767 -1.19599e-23
9420.56004167 -7.56783e-23
9424.05333567 5.89507e-23
9427.54662967 3.75732e-23
9431.03992367 4.68263e-23
9434.53321767 -4.38567e-23
9438.02651167 1.9697e-23
9441.51980567 4.92446e-24
9445.01309967 -8.24625e-24
9448.50639367 4.35651e-23
9451.99968767 3.6256e-23
9455.49298167 5.99258e-23
